uf20-01 6403 1 2 3 4 -5 6 7 8 9 10 11 12 -13 14 -15 16 17 18 19 20 0 
uf20-02 4747 1 2 3 -4 5 6 -7 8 -9 -10 -11 12 -13 14 15 16 -17 18 19 -20 0 
uf20-03 3118 1 2 3 4 5 6 -7 8 9 10 11 -12 13 14 15 -16 17 -18 19 20 0 
uf20-04 3089 -1 -2 3 4 5 -6 7 8 -9 10 11 -12 13 14 -15 16 17 18 19 20 0 
uf20-05 3186 -1 2 -3 4 5 6 7 8 -9 10 -11 12 13 -14 15 16 -17 18 -19 20 0 
uf20-06 4669 1 2 -3 4 5 -6 7 8 9 10 11 12 13 14 15 16 17 18 19 20 0 
uf20-07 3381 -1 2 3 4 -5 6 7 8 9 -10 11 12 13 14 15 -16 -17 18 19 20 0 
uf20-08 3039 1 2 3 4 -5 6 7 -8 9 10 11 12 13 14 15 16 -17 -18 -19 20 0 
uf20-09 3429 -1 2 3 4 5 6 7 -8 9 10 11 12 13 14 -15 16 17 -18 19 20 0 
uf20-010 7843 -1 2 3 4 5 6 7 8 9 10 11 12 13 14 15 16 -17 -18 19 20 0 
uf20-011 7683 1 2 3 4 5 6 -7 -8 -9 10 -11 12 13 14 15 16 17 18 19 20 0 
uf20-012 5375 1 -2 3 -4 -5 6 7 8 9 -10 -11 12 13 14 15 -16 17 18 19 -20 0 
uf20-013 5570 1 2 3 4 5 6 7 8 9 -10 -11 12 -13 14 15 -16 17 -18 -19 20 0 
uf20-014 7025 1 -2 3 4 5 6 -7 8 -9 10 11 12 13 14 15 16 17 18 19 -20 0 
uf20-015 5046 -1 2 3 4 5 6 7 8 9 10 11 -12 13 14 15 -16 -17 18 19 -20 0 
uf20-016 6936 1 2 -3 4 5 -6 -7 8 9 10 11 12 13 14 15 -16 -17 18 19 20 0 
uf20-017 7948 1 2 3 4 5 6 7 8 9 10 11 12 -13 14 15 16 -17 18 19 20 0 
uf20-018 6538 1 2 3 -4 5 -6 -7 8 9 10 -11 12 13 14 15 16 17 18 19 20 0 
uf20-019 5609 -1 -2 3 4 5 -6 7 8 9 10 11 12 13 14 -15 -16 17 -18 19 -20 0 
uf20-020 6144 1 2 3 4 5 6 7 8 -9 -10 11 -12 13 -14 15 16 17 18 -19 20 0 
uf20-021 6451 1 2 3 -4 -5 6 7 8 9 -10 11 12 13 14 15 16 -17 18 19 -20 0 
uf20-022 6289 -1 2 -3 4 -5 -6 7 8 9 10 11 12 13 14 -15 16 17 18 19 20 0 
uf20-023 5746 1 2 3 4 -5 6 7 8 9 10 -11 12 13 14 -15 16 -17 18 -19 -20 0 
uf20-024 4886 1 -2 3 -4 5 -6 -7 -8 9 10 11 -12 -13 14 15 -16 17 18 19 20 0 
uf20-025 6830 1 2 3 4 5 6 7 -8 9 10 11 12 -13 14 15 -16 17 18 -19 20 0 
uf20-026 6140 1 2 3 4 5 6 7 -8 9 10 -11 -12 13 14 -15 16 17 18 -19 -20 0 
uf20-027 7237 -1 2 3 -4 5 6 7 -8 9 10 11 12 13 -14 15 16 17 18 19 20 0 
uf20-028 5256 1 2 -3 4 5 6 -7 8 9 10 -11 12 13 -14 -15 -16 17 -18 19 20 0 
uf20-029 5613 1 2 3 4 5 -6 -7 -8 9 10 11 12 13 -14 15 16 -17 -18 19 20 0 
uf20-030 3493 1 2 3 4 -5 6 7 8 9 -10 11 -12 13 14 15 16 17 18 -19 20 0 
uf20-031 2390 -1 -2 3 -4 5 6 7 8 9 10 11 -12 -13 14 15 16 17 18 -19 -20 0 
uf20-032 3411 1 2 3 4 5 6 -7 -8 9 -10 11 12 13 14 -15 16 17 18 19 20 0 
uf20-034 3764 1 2 3 4 5 -6 7 8 9 10 11 12 13 -14 15 16 17 18 19 -20 0 
uf20-035 3726 1 2 3 -4 5 6 -7 8 9 10 11 12 -13 14 -15 16 17 18 19 20 0 
uf20-036 3403 -1 2 3 4 5 6 -7 8 9 10 11 -12 13 14 15 16 17 18 19 -20 0 
uf20-037 3183 -1 2 -3 4 5 6 7 8 9 -10 11 12 13 14 -15 -16 17 18 19 20 0 
uf20-038 2684 1 2 3 4 5 -6 7 8 -9 10 -11 12 -13 14 -15 -16 17 18 19 -20 0 
uf20-039 2988 -1 2 -3 -4 5 6 7 8 9 -10 -11 12 13 14 15 16 17 18 -19 20 0 
uf20-040 2616 1 2 3 4 5 6 -7 -8 9 10 -11 12 -13 -14 -15 16 17 -18 19 20 0 
uf20-041 3764 -1 2 -3 -4 5 6 7 8 9 10 11 12 13 14 15 16 17 18 19 20 0 
uf20-042 2986 1 2 3 4 5 6 7 8 -9 10 -11 12 13 -14 -15 16 17 -18 19 20 0 
uf20-043 2536 -1 2 3 -4 5 6 7 8 9 10 11 12 13 -14 -15 -16 17 -18 19 -20 0 
uf20-044 2306 -1 -2 3 4 5 6 7 -8 9 -10 11 12 13 14 15 -16 -17 -18 19 20 0 
uf20-045 2794 1 2 -3 4 -5 6 7 8 -9 10 11 -12 -13 14 15 16 17 18 19 20 0 
uf20-046 3150 1 2 -3 -4 5 6 7 -8 9 10 11 12 13 14 15 -16 17 18 19 20 0 
uf20-047 3121 -1 -2 3 4 -5 6 7 -8 9 -10 11 12 13 -14 15 16 17 18 19 20 0 
uf20-048 3513 1 2 3 -4 5 6 7 8 -9 10 11 12 13 14 15 16 -17 18 19 -20 0 
uf20-049 2909 -1 -2 -3 4 -5 6 7 8 -9 10 11 12 13 14 15 16 -17 18 -19 20 0 
uf20-050 2913 -1 2 3 4 5 6 7 8 9 10 -11 12 -13 14 15 -16 -17 18 -19 20 0 
uf20-051 3469 1 2 -3 4 5 6 -7 8 9 10 11 12 13 -14 15 -16 17 18 19 20 0 
uf20-052 3731 -1 2 3 4 5 6 -7 8 -9 -10 11 12 13 14 15 16 17 18 19 20 0 
uf20-053 4194 1 2 3 -4 5 6 7 8 9 10 11 12 13 14 15 16 17 -18 19 20 0 
uf20-054 2691 -1 -2 3 -4 5 6 -7 8 -9 10 11 12 13 -14 15 16 17 18 19 20 0 
uf20-055 2851 1 -2 3 4 -5 -6 -7 8 9 10 11 -12 13 14 15 16 -17 18 19 20 0 
uf20-056 3271 -1 2 -3 4 5 -6 -7 8 9 10 11 12 13 14 15 16 17 -18 19 20 0 
uf20-057 3806 1 2 3 4 -5 -6 -7 8 9 10 11 -12 13 14 -15 16 17 18 19 20 0 
uf20-058 3261 1 2 3 -4 5 -6 7 -8 -9 10 11 12 13 14 -15 -16 17 18 19 20 0 
uf20-059 4144 1 2 3 4 5 6 7 -8 9 -10 11 12 13 14 15 16 -17 18 19 -20 0 
uf20-060 4389 1 2 3 -4 5 6 7 8 9 -10 11 12 -13 14 15 16 17 18 19 20 0 
uf20-061 3752 1 2 3 4 5 -6 -7 8 -9 10 11 12 13 14 15 16 17 18 -19 20 0 
uf20-062 2436 1 -2 3 -4 5 6 7 8 9 -10 -11 12 13 -14 -15 16 17 18 -19 20 0 
uf20-063 3475 1 2 3 4 5 6 -7 -8 9 10 11 12 -13 14 -15 16 17 -18 19 20 0 
uf20-064 3282 1 2 3 -4 5 -6 -7 8 9 10 11 12 -13 14 15 16 17 -18 19 20 0 
uf20-065 3786 1 2 3 4 -5 6 -7 8 -9 10 11 12 13 14 15 -16 17 18 19 -20 0 
uf20-066 4120 1 2 3 4 5 -6 7 -8 9 -10 11 12 13 14 15 16 17 -18 19 20 0 
uf20-067 3429 1 2 -3 -4 5 6 7 8 9 -10 11 12 -13 -14 15 16 17 18 19 20 0 
uf20-068 3516 1 2 3 4 5 6 7 8 9 -10 -11 12 13 14 15 -16 -17 18 19 20 0 
uf20-069 3669 1 2 3 4 5 6 -7 -8 9 10 11 12 13 -14 15 -16 17 18 19 -20 0 
uf20-070 3551 1 2 3 4 5 6 -7 8 9 10 11 -12 -13 14 -15 16 17 18 19 -20 0 
uf20-071 2947 1 -2 -3 4 -5 6 7 -8 9 10 11 12 13 14 -15 16 -17 -18 19 20 0 
uf20-072 3013 1 -2 -3 4 5 6 7 -8 9 -10 11 12 -13 14 15 -16 -17 18 19 20 0 
uf20-073 4217 1 2 -3 4 5 6 7 8 9 10 -11 12 13 -14 -15 16 17 18 19 20 0 
uf20-074 4192 1 2 3 4 5 6 -7 8 9 10 11 12 -13 14 15 16 17 18 -19 20 0 
uf20-075 3137 1 -2 3 4 5 6 7 -8 9 10 11 12 13 -14 15 16 -17 -18 19 -20 0 
uf20-076 3121 1 -2 3 -4 -5 -6 7 -8 9 10 -11 12 13 14 15 16 17 18 19 -20 0 
uf20-078 3139 1 2 3 4 5 -6 7 -8 9 -10 11 12 -13 14 15 -16 17 18 19 20 0 
uf20-079 2919 1 -2 3 4 5 6 -7 -8 9 10 11 12 -13 -14 15 -16 17 18 -19 20 0 
uf20-080 3694 1 2 3 -4 5 -6 7 8 9 -10 11 12 13 14 15 16 17 -18 19 20 0 
uf20-081 4032 1 2 3 4 5 6 7 8 9 10 11 12 13 -14 15 16 17 18 -19 -20 0 
uf20-082 3540 1 2 3 4 5 -6 -7 -8 9 10 11 12 13 14 -15 16 17 18 -19 20 0 
uf20-083 3049 1 2 3 4 5 -6 -7 8 9 10 11 12 13 14 -15 -16 17 18 -19 20 0 
uf20-084 3532 1 -2 3 4 -5 6 7 8 9 10 11 -12 13 14 15 -16 17 18 19 20 0 
uf20-085 3484 1 2 -3 4 5 6 7 8 -9 10 11 12 13 -14 15 -16 17 18 19 20 0 
uf20-086 2722 1 -2 3 -4 5 6 7 8 9 10 -11 12 13 14 15 16 -17 -18 -19 20 0 
uf20-087 3022 1 -2 3 -4 5 6 -7 8 -9 10 11 12 13 14 15 -16 17 18 19 20 0 
uf20-089 2261 1 2 -3 4 5 6 7 8 -9 10 11 12 -13 -14 -15 -16 17 18 19 20 0 
uf20-090 3863 1 2 3 4 5 6 7 8 -9 10 11 12 13 14 15 16 17 18 19 20 0 
uf20-091 3367 -1 2 3 4 5 6 -7 8 9 10 -11 12 13 14 15 16 17 18 19 -20 0 
uf20-092 4206 1 2 3 4 5 6 7 8 9 -10 11 12 13 14 15 16 17 18 19 20 0 
uf20-093 2432 -1 -2 3 -4 5 6 7 -8 9 -10 -11 12 13 14 15 16 17 -18 19 20 0 
uf20-094 3046 1 2 3 -4 5 6 -7 8 9 10 11 12 13 -14 -15 16 17 -18 19 -20 0 
uf20-095 3391 1 2 3 4 5 -6 -7 8 -9 10 11 12 13 14 15 16 17 18 -19 20 0 
uf20-096 3386 -1 2 3 4 5 6 7 8 9 10 11 -12 13 14 -15 16 17 18 19 20 0 
uf20-097 2615 1 2 3 4 -5 -6 7 -8 9 10 -11 -12 13 14 -15 16 17 18 -19 20 0 
uf20-098 3163 1 2 3 -4 5 -6 7 8 9 10 -11 12 13 14 -15 16 17 18 19 20 0 
uf20-099 2270 1 2 3 -4 -5 -6 7 8 9 10 11 12 -13 14 -15 -16 17 18 -19 20 0 
uf20-0100 6375 1 2 3 4 5 -6 -7 8 9 -10 11 12 13 14 15 16 -17 -18 19 20 0 
uf20-0101 6072 1 2 3 4 -5 6 -7 8 -9 10 11 -12 -13 14 15 16 17 18 19 20 0 
uf20-0102 4525 -1 2 -3 4 -5 6 7 -8 9 10 -11 12 13 14 -15 16 17 -18 -19 -20 0 
uf20-0103 6887 -1 2 3 4 5 6 -7 8 9 10 11 12 13 -14 15 16 -17 18 19 -20 0 
uf20-0104 6132 1 2 3 4 5 -6 7 8 9 -10 11 12 13 -14 15 16 17 -18 -19 20 0 
uf20-0105 6790 -1 2 3 4 5 6 7 -8 9 10 11 12 -13 -14 15 -16 17 18 19 20 0 
uf20-0106 7577 -1 2 3 4 5 6 7 8 9 10 11 12 13 14 15 16 -17 18 -19 20 0 
uf20-0107 6019 1 2 3 4 -5 6 7 -8 9 10 -11 12 13 -14 15 -16 17 18 19 -20 0 
uf20-0108 9424 1 2 3 4 5 6 7 8 9 10 11 -12 13 14 15 16 17 18 19 20 0 
uf20-0109 4259 1 2 3 4 5 -6 7 -8 9 10 11 -12 -13 14 -15 -16 -17 -18 19 -20 0 
uf20-0110 5934 1 -2 3 4 5 6 7 8 9 -10 11 -12 13 14 15 16 17 18 19 -20 0 
uf20-0111 7509 1 2 3 4 5 6 7 8 9 -10 -11 12 -13 14 15 16 17 -18 19 20 0 
uf20-0112 7483 -1 2 3 4 5 6 7 8 -9 10 11 12 13 14 15 16 17 18 -19 20 0 
uf20-0113 6500 1 -2 3 4 -5 6 7 8 9 10 11 -12 -13 14 15 16 17 18 19 -20 0 
uf20-0114 7960 1 2 3 4 5 6 7 -8 9 -10 11 12 13 14 15 16 17 -18 19 20 0 
uf20-0115 5570 1 -2 3 4 5 -6 -7 -8 9 10 11 12 13 14 -15 16 17 18 -19 20 0 
uf20-0116 6192 1 2 3 4 -5 6 7 8 9 -10 11 12 13 14 -15 16 17 -18 -19 -20 0 
uf20-0117 6407 -1 -2 -3 4 5 6 7 8 -9 10 11 12 13 14 15 16 17 18 19 -20 0 
uf20-0118 6605 1 -2 -3 4 5 -6 7 8 -9 10 11 -12 13 14 15 16 17 18 19 20 0 
uf20-0119 7538 1 2 3 4 5 6 7 8 -9 10 11 -12 13 14 15 16 17 -18 19 -20 0 
uf20-0120 6529 1 -2 3 4 5 6 7 8 9 10 11 12 -13 -14 15 16 17 18 -19 -20 0 
uf20-0121 7821 1 -2 3 4 -5 6 7 8 9 10 11 12 13 14 15 16 17 18 -19 20 0 
uf20-0122 7238 1 2 3 4 5 6 7 -8 9 10 11 12 -13 14 -15 16 17 18 19 -20 0 
uf20-0123 8000 1 2 3 4 5 -6 7 8 9 10 -11 12 13 14 15 16 17 18 -19 20 0 
uf20-0124 7200 1 2 3 4 5 6 7 8 9 10 11 12 13 14 -15 -16 17 -18 19 -20 0 
uf20-0125 8727 1 2 3 4 5 6 7 8 -9 10 11 12 13 14 -15 16 17 18 19 20 0 
uf20-0126 8130 1 2 3 4 5 6 7 8 9 10 11 12 -13 14 15 -16 17 18 -19 20 0 
uf20-0127 5643 1 2 3 -4 -5 6 -7 8 9 10 11 12 13 14 15 16 -17 -18 -19 20 0 
uf20-0128 6665 1 -2 3 4 5 6 7 8 9 10 11 12 -13 14 15 -16 -17 18 19 -20 0 
uf20-0129 4382 1 -2 3 4 5 6 7 8 9 10 -11 12 -13 14 -15 -16 17 -18 19 20 0 
uf20-0130 5090 -1 -2 3 4 5 -6 7 8 9 10 11 12 13 -14 -15 16 -17 18 19 -20 0 
uf20-0131 8047 1 2 3 4 5 -6 7 -8 9 10 -11 12 13 14 15 16 17 18 19 20 0 
uf20-0132 6196 1 2 3 4 5 6 7 8 -9 10 -11 12 -13 14 -15 -16 17 18 19 20 0 
uf20-0133 8786 1 -2 3 4 5 6 7 -8 9 10 11 12 13 14 15 16 17 18 19 20 0 
uf20-0134 6323 1 2 -3 -4 5 6 7 8 9 10 11 12 13 14 -15 -16 17 18 -19 20 0 
uf20-0135 5550 1 2 3 4 -5 6 7 -8 -9 10 -11 12 13 -14 -15 16 -17 18 19 20 0 
uf20-0136 8130 1 2 3 -4 5 6 7 -8 9 10 11 12 13 14 15 16 17 -18 19 20 0 
uf20-0137 3707 -1 2 -3 4 5 -6 7 8 9 -10 -11 12 13 -14 -15 16 17 18 -19 -20 0 
uf20-0138 6280 -1 -2 -3 4 5 6 7 8 9 10 -11 12 13 -14 15 16 17 18 -19 20 0 
uf20-0139 5633 -1 -2 3 -4 5 6 7 -8 9 10 11 12 13 -14 15 16 17 18 19 20 0 
uf20-0140 8816 1 2 3 -4 5 6 7 8 9 10 11 12 13 14 15 -16 17 18 19 20 0 
uf20-0141 5866 1 2 3 -4 5 6 7 -8 9 10 11 12 -13 14 15 16 17 -18 -19 20 0 
uf20-0142 6483 1 2 3 -4 -5 -6 7 8 -9 -10 11 12 13 14 15 16 17 18 19 20 0 
uf20-0143 7505 1 2 3 4 5 6 7 8 -9 10 11 12 13 14 15 16 17 18 19 -20 0 
uf20-0144 4605 -1 -2 3 -4 5 6 7 -8 9 10 -11 12 13 -14 -15 16 17 18 -19 20 0 
uf20-0145 6201 1 2 3 -4 5 6 -7 8 9 10 -11 12 13 -14 15 16 17 18 -19 -20 0 
uf20-0146 6179 1 2 -3 -4 5 6 7 8 -9 10 -11 12 13 -14 15 16 -17 18 19 20 0 
uf20-0147 5874 1 2 3 -4 5 -6 7 8 -9 10 11 -12 13 14 -15 16 17 18 19 -20 0 
uf20-0148 7276 1 2 -3 4 5 6 7 -8 -9 10 11 12 13 -14 15 -16 17 18 19 20 0 
uf20-0149 5398 1 2 -3 4 5 6 -7 8 9 -10 -11 12 13 14 15 16 17 18 -19 20 0 
uf20-0150 5595 1 2 3 4 -5 -6 -7 8 -9 10 -11 12 -13 14 15 16 17 18 19 20 0 
uf20-0151 7707 1 2 -3 4 5 6 7 8 9 10 11 12 13 14 15 16 -17 18 -19 20 0 
uf20-0152 4206 1 2 -3 -4 5 6 7 -8 -9 10 -11 12 13 14 -15 16 17 -18 -19 -20 0 
uf20-0153 5528 -1 2 3 -4 5 6 7 8 9 10 -11 -12 13 14 15 -16 17 18 19 -20 0 
uf20-0154 8111 1 -2 3 4 5 6 7 8 9 10 -11 12 13 14 15 -16 17 18 19 20 0 
uf20-0155 7280 1 2 3 4 5 -6 -7 8 9 10 11 12 13 14 15 16 -17 18 -19 20 0 
uf20-0156 5044 1 2 -3 4 5 -6 7 8 9 10 11 -12 13 -14 -15 -16 17 -18 19 20 0 
uf20-0157 5541 -1 2 3 4 -5 6 7 8 9 10 11 12 -13 14 -15 16 17 -18 -19 20 0 
uf20-0158 6179 1 2 3 4 5 6 -7 8 9 10 11 12 13 -14 -15 16 17 -18 19 -20 0 
uf20-0159 7001 1 2 -3 -4 5 6 -7 8 9 10 11 -12 13 14 15 16 17 18 19 20 0 
uf20-0160 8538 1 2 -3 4 5 6 7 8 9 10 11 12 13 14 15 16 17 18 19 20 0 
uf20-0161 7085 1 -2 -3 4 5 6 7 8 9 10 11 12 13 14 15 16 -17 18 -19 20 0 
uf20-0162 7251 1 2 -3 4 5 6 7 -8 9 10 11 12 -13 14 15 16 17 18 19 -20 0 
uf20-0163 8374 -1 2 3 4 5 6 7 8 9 -10 11 12 13 14 15 16 17 18 19 20 0 
uf20-0164 5080 1 -2 3 4 5 6 7 8 9 -10 11 12 13 -14 15 -16 -17 -18 -19 20 0 
uf20-0165 7730 1 2 3 4 5 6 -7 8 9 10 11 -12 13 14 15 16 -17 18 19 -20 0 
uf20-0166 5471 -1 2 3 4 -5 6 7 -8 9 10 11 12 -13 -14 -15 16 17 18 19 -20 0 
uf20-0167 6535 1 -2 3 4 5 6 7 8 9 10 11 12 13 14 -15 16 -17 18 -19 -20 0 
uf20-0168 6303 1 -2 3 -4 5 6 7 8 -9 10 11 12 -13 14 15 16 17 18 -19 -20 0 
uf20-0169 5790 -1 2 3 4 5 6 7 8 9 10 11 -12 13 -14 15 -16 17 18 -19 -20 0 
uf20-0170 6983 1 2 3 4 5 6 7 8 9 -10 11 12 13 14 -15 16 17 -18 19 -20 0 
uf20-0171 8216 1 2 3 4 5 6 7 8 9 10 11 12 13 14 15 16 -17 18 -19 20 0 
uf20-0172 5946 1 2 3 -4 -5 6 -7 -8 -9 10 11 12 13 14 15 16 -17 18 19 20 0 
uf20-0173 7158 1 -2 3 4 5 6 7 8 9 10 -11 -12 13 14 15 -16 -17 18 19 20 0 
uf20-0174 6558 1 -2 3 4 5 6 7 8 -9 10 -11 12 -13 14 -15 -16 17 18 19 20 0 
uf20-0175 6529 1 2 3 -4 -5 6 -7 8 9 10 11 12 13 14 -15 16 -17 18 19 20 0 
uf20-0176 4940 1 -2 -3 4 5 6 -7 -8 9 -10 -11 12 13 14 15 16 -17 18 19 20 0 
uf20-0177 6963 -1 2 3 4 5 6 7 8 9 10 11 12 -13 14 15 16 17 -18 -19 20 0 
uf20-0178 5355 1 -2 3 4 5 -6 7 8 9 10 11 12 -13 14 -15 -16 17 -18 19 20 0 
uf20-0179 8429 1 2 3 4 5 6 7 8 9 10 -11 12 13 -14 15 16 17 18 19 20 0 
uf20-0180 6797 1 2 3 4 -5 6 7 8 -9 10 11 12 13 -14 15 16 17 -18 -19 20 0 
uf20-0181 6702 1 2 3 4 5 6 -7 -8 9 10 -11 12 13 14 15 16 -17 -18 19 20 0 
uf20-0182 6392 -1 2 3 4 5 6 -7 -8 9 10 11 12 13 14 15 16 -17 18 19 20 0 
uf20-0183 5207 1 2 3 -4 5 6 7 8 -9 10 -11 12 -13 14 15 -16 -17 18 -19 -20 0 
uf20-0184 6451 -1 2 3 -4 5 6 7 -8 9 10 11 12 -13 14 15 16 17 -18 19 -20 0 
uf20-0185 6543 1 2 -3 4 5 6 7 8 9 -10 11 -12 -13 14 15 16 17 -18 19 20 0 
uf20-0186 6675 -1 2 3 -4 5 6 7 8 9 -10 11 12 -13 14 15 16 17 18 19 20 0 
uf20-0187 5015 -1 2 3 -4 -5 6 7 8 9 -10 11 12 -13 14 15 16 17 -18 19 20 0 
uf20-0188 5547 1 2 3 4 5 -6 -7 8 9 -10 11 12 13 14 15 -16 17 -18 -19 -20 0 
uf20-0189 6014 1 -2 3 4 -5 -6 7 -8 9 10 11 -12 13 -14 15 16 17 18 19 -20 0 
uf20-0190 7907 1 2 3 4 5 6 7 8 -9 10 11 12 13 14 15 16 17 18 19 -20 0 
uf20-0191 7249 1 2 3 4 -5 6 -7 8 9 10 11 -12 13 14 15 16 17 18 19 20 0 
uf20-0192 5389 -1 2 -3 4 5 -6 7 8 9 10 -11 12 13 14 -15 16 17 18 -19 20 0 
uf20-0193 5675 1 2 3 4 -5 -6 7 8 -9 -10 11 12 -13 14 15 16 17 18 -19 20 0 
uf20-0194 7105 1 2 -3 4 5 6 7 -8 9 -10 -11 -12 13 14 15 16 17 18 19 20 0 
uf20-0195 7280 1 2 3 4 5 -6 7 8 9 10 -11 12 13 -14 15 16 17 18 19 20 0 
uf20-0196 6404 1 2 3 4 5 -6 7 -8 -9 10 11 12 13 14 15 16 -17 -18 19 20 0 
uf20-0197 5212 1 2 3 -4 -5 -6 7 8 -9 10 -11 12 13 14 15 -16 -17 18 19 20 0 
uf20-0198 6246 1 -2 3 4 5 -6 7 8 -9 10 11 12 13 -14 -15 16 17 18 19 -20 0 
uf20-0199 8621 1 2 3 -4 5 6 7 8 9 10 11 12 13 14 15 16 17 -18 19 20 0 
uf20-0200 2931 1 -2 3 -4 5 6 -7 8 -9 10 -11 -12 -13 14 -15 16 -17 -18 19 20 0 
uf20-0201 5876 1 2 3 4 5 6 7 -8 -9 10 -11 12 13 14 15 16 17 -18 -19 20 0 
uf20-0202 7052 1 2 3 4 5 6 -7 -8 9 10 11 12 13 14 -15 16 17 18 19 20 0 
uf20-0203 5589 1 -2 -3 -4 5 6 -7 8 9 10 11 12 13 14 15 -16 -17 18 19 20 0 
uf20-0204 5102 -1 2 3 4 5 6 7 -8 9 10 -11 12 13 -14 15 16 -17 -18 19 -20 0 
uf20-0205 4889 -1 2 3 4 -5 6 -7 -8 9 -10 11 12 13 14 15 16 17 18 -19 -20 0 
uf20-0206 8358 1 2 3 4 5 6 7 8 -9 10 11 12 13 14 15 -16 17 18 19 20 0 
uf20-0207 6560 1 2 3 4 5 -6 7 8 9 -10 11 12 13 14 15 -16 -17 -18 19 20 0 
uf20-0208 7042 1 2 -3 4 5 6 -7 8 9 10 11 12 13 -14 -15 16 17 18 19 20 0 
uf20-0209 8227 1 2 3 4 -5 6 7 8 9 10 11 12 -13 14 15 16 17 -18 19 20 0 
uf20-0210 4136 1 -2 -3 4 5 6 7 8 9 10 11 12 13 14 15 -16 -17 -18 19 -20 0 
uf20-0211 6673 1 2 3 4 5 6 7 8 -9 -10 11 12 13 -14 -15 16 17 18 19 20 0 
uf20-0212 7013 1 2 3 4 -5 6 7 8 -9 10 11 12 13 14 15 16 17 18 -19 -20 0 
uf20-0213 5583 1 2 3 -4 5 6 -7 8 9 -10 11 12 13 -14 15 16 17 18 -19 -20 0 
uf20-0214 7156 1 2 3 -4 5 6 7 8 9 10 11 -12 -13 14 15 -16 17 -18 19 20 0 
uf20-0215 7290 1 2 3 4 5 -6 7 -8 -9 10 11 12 13 14 15 16 17 18 19 20 0 
uf20-0216 4882 1 -2 -3 4 -5 6 -7 8 -9 10 -11 12 -13 14 15 -16 17 18 19 20 0 
uf20-0217 7423 1 -2 -3 4 5 6 7 8 9 -10 11 12 13 14 15 16 17 18 19 20 0 
uf20-0218 5168 1 2 -3 -4 5 -6 7 8 9 10 -11 12 13 14 -15 -16 17 18 19 -20 0 
uf20-0219 6227 1 2 3 4 5 6 -7 -8 9 10 11 -12 -13 14 15 16 17 18 -19 20 0 
uf20-0220 4772 1 -2 3 4 5 6 7 -8 -9 10 -11 -12 13 14 15 -16 17 -18 19 20 0 
uf20-0221 7849 -1 2 3 4 5 -6 7 8 9 -10 11 12 13 14 15 16 17 18 19 20 0 
uf20-0222 8786 1 2 3 4 5 6 7 8 -9 10 11 12 13 14 15 16 17 -18 19 20 0 
uf20-0223 8047 -1 2 3 4 5 6 7 8 9 -10 -11 12 13 14 15 16 17 18 19 20 0 
uf20-0224 5727 1 2 -3 -4 5 6 7 8 9 -10 11 12 13 -14 -15 -16 17 18 19 20 0 
uf20-0225 5366 1 -2 3 4 -5 6 -7 8 9 -10 11 -12 -13 14 15 16 17 18 19 20 0 
uf20-0226 6042 1 2 3 4 5 6 -7 8 9 10 -11 12 13 14 -15 16 17 -18 19 -20 0 
uf20-0227 7986 1 2 3 4 5 6 7 8 9 -10 -11 12 13 14 15 16 17 18 19 20 0 
uf20-0228 6480 1 2 3 4 5 6 -7 8 9 -10 11 12 13 -14 15 -16 17 18 19 -20 0 
uf20-0229 7855 1 2 3 4 5 6 7 8 9 10 -11 12 13 14 15 -16 -17 18 19 20 0 
uf20-0230 5298 1 2 -3 4 5 6 7 8 9 10 -11 -12 13 14 15 16 -17 -18 -19 20 0 
uf20-0231 4198 -1 -2 3 4 5 6 7 -8 9 -10 -11 -12 13 14 15 16 -17 -18 -19 20 0 
uf20-0232 6589 1 2 -3 -4 5 6 7 8 9 10 -11 12 13 -14 15 -16 17 18 19 20 0 
uf20-0233 6697 1 -2 3 4 5 -6 7 8 9 -10 11 -12 13 14 15 16 17 18 19 -20 0 
uf20-0234 6029 1 -2 3 4 5 6 -7 -8 9 10 11 12 -13 14 15 16 17 18 -19 20 0 
uf20-0235 7693 1 2 3 4 5 -6 7 8 9 10 11 12 13 14 15 -16 -17 18 19 20 0 
uf20-0236 8351 1 2 3 4 -5 6 7 8 9 -10 11 12 13 14 -15 16 17 18 19 20 0 
uf20-0237 5677 1 -2 3 4 5 6 -7 8 -9 -10 11 12 13 14 15 -16 -17 18 -19 20 0 
uf20-0238 7534 1 2 3 4 -5 6 -7 8 9 10 11 12 13 -14 15 16 17 18 19 20 0 
uf20-0239 6901 1 2 3 4 5 6 7 8 -9 10 11 12 -13 14 15 16 17 18 -19 20 0 
uf20-0240 6010 1 2 3 4 5 6 -7 8 -9 10 11 -12 -13 14 -15 16 17 18 19 20 0 
uf20-0241 6120 -1 -2 3 4 5 6 -7 8 9 10 11 12 -13 14 15 16 17 18 19 20 0 
uf20-0242 6512 -1 2 3 4 -5 6 7 8 -9 10 -11 12 13 14 15 16 17 18 19 -20 0 
uf20-0243 5992 1 2 -3 -4 -5 6 -7 8 9 10 11 -12 13 14 15 16 17 -18 19 20 0 
uf20-0244 6261 -1 2 3 4 5 6 7 8 9 10 11 12 -13 14 -15 16 17 18 -19 -20 0 
uf20-0245 4017 1 2 3 -4 -5 6 7 8 -9 -10 11 -12 13 14 -15 16 -17 -18 19 -20 0 
uf20-0246 6400 -1 2 3 4 -5 6 7 8 9 10 -11 12 13 -14 -15 16 17 18 19 20 0 
uf20-0247 7910 1 2 -3 4 -5 6 7 8 9 10 11 12 13 14 15 16 17 -18 19 20 0 
uf20-0248 6897 1 2 -3 -4 -5 6 7 8 9 -10 11 12 13 14 15 16 17 18 19 20 0 
uf20-0249 6524 -1 -2 -3 4 -5 6 7 8 9 -10 11 12 13 14 15 16 17 18 19 20 0 
uf20-0250 8373 1 2 3 4 -5 6 7 8 9 10 11 12 13 14 15 16 17 18 -19 20 0 
uf20-0251 7247 1 -2 -3 4 5 6 7 8 9 10 11 12 13 -14 15 16 17 18 19 -20 0 
uf20-0252 6290 1 2 3 -4 5 6 7 8 9 10 11 12 13 -14 -15 16 -17 18 -19 20 0 
uf20-0253 7177 1 2 -3 4 5 6 -7 8 9 -10 11 12 13 14 15 -16 17 18 19 20 0 
uf20-0254 6239 1 -2 3 4 5 6 7 8 9 -10 11 12 -13 14 15 -16 -17 18 19 20 0 
uf20-0255 6484 1 -2 3 4 5 6 -7 8 -9 -10 -11 12 13 14 15 16 17 18 19 -20 0 
uf20-0256 7088 1 -2 3 4 5 6 -7 8 9 10 11 12 13 14 -15 16 17 18 19 20 0 
uf20-0257 7144 1 -2 -3 4 5 6 7 8 9 10 11 12 13 14 15 -16 17 18 -19 20 0 
uf20-0258 6778 1 -2 3 4 5 -6 7 8 9 10 11 12 13 14 -15 16 17 -18 19 20 0 
uf20-0259 6990 1 2 3 -4 5 6 7 8 9 10 11 12 13 -14 15 -16 -17 18 -19 20 0 
uf20-0260 5891 1 2 3 4 5 -6 7 8 9 10 11 12 13 14 15 -16 -17 -18 -19 -20 0 
uf20-0261 6663 -1 2 -3 4 5 6 7 8 9 10 -11 12 13 14 15 16 17 18 -19 20 0 
uf20-0262 6255 1 2 3 4 5 6 -7 -8 -9 10 11 12 13 -14 15 16 17 -18 -19 20 0 
uf20-0263 6913 -1 2 3 -4 5 6 -7 8 9 10 11 12 -13 14 15 16 17 18 19 20 0 
uf20-0264 5786 -1 -2 3 4 5 6 7 8 9 -10 -11 -12 13 14 -15 16 -17 18 19 20 0 
uf20-0265 8388 -1 2 3 4 5 6 7 8 9 -10 11 12 13 14 15 16 17 18 19 20 0 
uf20-0266 6871 1 2 3 4 5 6 7 8 9 -10 11 12 13 -14 15 -16 17 -18 19 20 0 
uf20-0267 6585 1 2 3 -4 5 -6 7 -8 9 -10 11 12 13 14 -15 16 17 18 19 20 0 
uf20-0268 8014 1 2 3 4 5 6 7 8 9 -10 11 12 -13 14 15 16 17 -18 19 20 0 
uf20-0269 5601 1 -2 3 4 5 6 7 8 9 10 -11 12 -13 -14 -15 16 17 18 -19 20 0 
uf20-0270 7661 -1 -2 3 4 5 6 7 8 9 -10 11 -12 13 14 15 16 17 18 19 20 0 
uf20-0271 5870 -1 -2 3 4 -5 -6 7 8 9 10 11 12 13 14 15 -16 17 18 19 20 0 
uf20-0272 5480 1 2 -3 -4 -5 -6 7 8 9 10 -11 12 -13 14 15 16 17 18 -19 20 0 
uf20-0273 6414 1 2 3 -4 5 6 7 8 9 -10 11 12 13 -14 15 -16 17 -18 19 20 0 
uf20-0274 7164 1 -2 3 -4 5 6 7 8 9 -10 11 12 13 14 15 -16 17 18 19 20 0 
uf20-0275 4882 1 -2 3 -4 5 6 -7 8 -9 10 11 12 13 14 15 16 17 18 -19 -20 0 
uf20-0276 6998 -1 -2 3 4 5 6 7 8 9 10 11 12 13 -14 15 -16 17 18 19 20 0 
uf20-0277 6052 1 2 3 4 -5 6 7 -8 -9 10 11 12 -13 -14 15 -16 17 18 19 20 0 
uf20-0278 4867 -1 -2 3 -4 -5 6 -7 8 9 10 11 12 13 -14 15 16 17 18 19 -20 0 
uf20-0279 7425 1 2 3 4 -5 6 7 -8 9 10 11 -12 13 14 15 -16 17 18 19 20 0 
uf20-0280 6995 1 2 3 -4 5 6 7 8 -9 10 -11 12 13 -14 15 16 17 18 19 20 0 
uf20-0281 7099 1 2 3 4 -5 6 7 8 9 10 11 -12 13 14 15 16 17 18 19 -20 0 
uf20-0282 5135 -1 2 3 4 5 6 -7 8 9 -10 -11 12 13 -14 15 -16 17 18 -19 -20 0 
uf20-0283 7832 1 2 3 4 5 6 7 -8 9 10 11 12 13 14 15 16 17 18 -19 20 0 
uf20-0284 6397 1 2 -3 4 5 6 7 8 -9 -10 11 12 13 14 15 -16 17 18 19 -20 0 
uf20-0285 5790 1 -2 3 4 5 -6 7 8 9 10 11 12 -13 14 15 16 -17 -18 19 -20 0 
uf20-0286 6028 -1 -2 3 4 5 6 7 8 9 -10 11 12 -13 14 15 -16 17 -18 19 20 0 
uf20-0287 6089 -1 2 3 -4 5 6 7 8 -9 10 11 12 -13 14 -15 16 -17 18 19 20 0 
uf20-0288 6196 1 2 -3 4 -5 6 -7 8 9 -10 11 12 13 -14 15 16 17 18 19 20 0 
uf20-0289 6005 1 2 -3 4 5 -6 -7 8 -9 10 -11 12 13 14 15 16 17 18 19 20 0 
uf20-0290 5824 1 2 -3 4 -5 6 -7 8 9 10 11 12 -13 -14 15 16 -17 18 19 20 0 
uf20-0291 9295 1 2 3 4 5 6 7 8 9 10 11 12 -13 14 15 16 17 18 19 20 0 
uf20-0292 6992 -1 2 -3 -4 5 6 7 8 9 -10 11 12 13 14 15 16 17 18 19 20 0 
uf20-0293 7442 -1 2 -3 4 5 6 7 8 9 10 11 12 13 14 15 16 17 -18 19 20 0 
uf20-0294 7644 1 2 3 4 5 6 7 8 9 10 -11 12 -13 14 15 16 17 -18 -19 20 0 
uf20-0295 5699 1 2 3 -4 5 -6 7 -8 -9 10 11 12 13 14 15 -16 17 -18 19 -20 0 
uf20-0296 6096 -1 2 3 4 -5 6 7 -8 -9 10 11 12 13 -14 15 16 17 18 19 20 0 
uf20-0297 5327 1 2 3 4 5 -6 7 8 9 -10 11 12 -13 -14 15 -16 17 18 -19 -20 0 
uf20-0298 7361 1 2 -3 4 5 6 7 8 9 10 -11 -12 -13 14 15 16 17 18 19 20 0 
uf20-0299 4862 1 -2 3 4 -5 6 -7 -8 -9 10 -11 12 13 14 15 16 -17 18 -19 20 0 
uf20-0300 6709 1 2 3 4 5 6 7 8 9 10 -11 12 13 14 15 -16 17 -18 19 -20 0 
uf20-0301 7295 1 2 -3 -4 5 6 7 -8 9 10 11 12 -13 14 15 16 17 18 19 20 0 
uf20-0302 7400 1 2 3 4 5 -6 7 8 9 10 11 12 -13 14 -15 16 17 18 19 -20 0 
uf20-0303 5780 1 -2 -3 4 5 -6 -7 -8 9 10 11 12 13 -14 15 -16 17 18 19 20 0 
uf20-0304 5946 1 -2 -3 4 -5 6 7 8 9 10 -11 12 13 14 15 16 17 18 -19 -20 0 
uf20-0305 3420 1 2 3 -4 -5 6 7 8 9 10 11 -12 13 14 15 -16 17 18 19 20 0 
uf20-0306 2134 -1 2 3 4 -5 -6 7 8 9 10 11 -12 -13 -14 -15 16 17 18 19 -20 0 
uf20-0307 3442 1 2 3 -4 5 -6 7 -8 9 10 11 12 13 14 15 16 -17 18 -19 20 0 
uf20-0308 3265 1 2 3 4 5 6 -7 -8 9 10 11 12 13 -14 15 16 -17 18 -19 20 0 
uf20-0309 2725 1 2 3 -4 5 6 7 8 9 -10 11 12 13 -14 15 16 17 -18 -19 -20 0 
uf20-0310 3231 1 2 3 4 5 6 7 -8 9 -10 11 12 13 14 15 16 17 -18 -19 -20 0 
uf20-0311 3524 1 2 3 4 5 6 7 -8 9 -10 11 12 13 14 15 -16 17 -18 19 20 0 
uf20-0312 2502 1 2 3 -4 5 6 -7 8 9 10 11 -12 13 -14 -15 -16 -17 -18 19 20 0 
uf20-0313 2502 1 2 3 -4 5 -6 7 -8 -9 -10 11 -12 13 14 15 16 17 18 19 -20 0 
uf20-0314 3700 1 2 3 4 5 6 -7 8 9 10 11 -12 13 14 15 16 17 18 -19 20 0 
uf20-0315 3709 1 2 3 4 5 6 7 8 -9 -10 11 12 13 14 15 16 17 18 -19 20 0 
uf20-0316 2413 1 2 -3 -4 -5 -6 -7 8 9 10 -11 12 13 14 -15 16 17 -18 19 20 0 
uf20-0317 2640 1 -2 3 -4 5 -6 7 -8 9 10 11 -12 13 14 15 -16 17 18 19 -20 0 
uf20-0318 3829 1 2 3 4 5 6 -7 8 9 10 11 12 13 14 -15 16 17 -18 19 20 0 
uf20-0319 4034 1 2 3 4 5 6 7 8 -9 10 -11 12 13 14 15 16 17 18 19 20 0 
uf20-0320 3568 1 2 -3 4 5 6 7 -8 9 10 11 -12 -13 14 15 16 17 18 19 20 0 
uf20-0321 2984 1 2 3 4 5 6 -7 -8 9 10 11 12 13 -14 15 16 -17 18 19 -20 0 
uf20-0322 3439 1 -2 3 -4 5 6 7 8 9 10 11 12 13 -14 -15 16 17 18 19 -20 0 
uf20-0323 2002 -1 -2 -3 4 5 6 -7 -8 9 10 11 12 -13 14 -15 16 17 18 -19 20 0 
uf20-0324 3199 1 2 3 4 5 -6 7 8 9 10 11 -12 13 -14 15 16 -17 18 19 -20 0 
uf20-0325 4098 1 2 -3 4 5 6 7 8 9 -10 11 12 13 14 15 16 17 18 19 20 0 
uf20-0326 2731 -1 2 3 4 5 -6 7 8 9 -10 -11 12 -13 14 -15 -16 17 18 19 20 0 
uf20-0327 3070 1 2 3 4 5 6 7 8 9 10 -11 -12 13 14 15 16 -17 18 19 20 0 
uf20-0328 2915 -1 2 3 4 5 6 -7 -8 -9 -10 11 12 13 14 15 16 17 -18 19 20 0 
uf20-0329 2544 -1 2 3 4 5 6 7 -8 9 -10 11 12 -13 14 15 16 -17 -18 19 -20 0 
uf20-0330 1970 1 2 -3 4 -5 -6 7 -8 9 10 11 12 13 14 -15 16 -17 -18 -19 20 0 
uf20-0331 2938 1 2 -3 4 5 6 7 8 9 10 11 -12 13 -14 15 -16 17 -18 19 -20 0 
uf20-0332 2447 1 -2 -3 -4 5 6 -7 -8 9 10 11 12 -13 14 15 16 -17 18 -19 20 0 
uf20-0333 3508 1 -2 3 4 5 6 7 -8 9 10 11 12 -13 14 15 16 17 18 -19 20 0 
uf20-0334 2277 -1 -2 -3 4 5 6 7 -8 9 -10 11 12 -13 14 -15 16 17 18 19 20 0 
uf20-0335 3038 -1 2 3 4 5 6 7 8 9 10 -11 -12 13 -14 15 16 17 -18 19 20 0 
uf20-0336 1818 1 -2 3 -4 -5 -6 7 -8 -9 10 -11 -12 13 -14 15 16 17 -18 19 20 0 
uf20-0337 3091 1 2 3 -4 5 6 7 8 9 -10 -11 12 13 14 15 16 17 -18 19 20 0 
uf20-0338 2545 1 2 3 4 5 -6 7 -8 9 10 11 12 -13 -14 -15 16 17 18 -19 -20 0 
uf20-0339 3995 -1 2 3 4 5 6 7 8 9 -10 11 12 13 14 15 16 17 18 19 20 0 
uf20-0342 3145 1 2 -3 4 5 -6 -7 8 9 10 11 12 -13 14 -15 16 17 18 19 20 0 
uf20-0343 2593 -1 -2 -3 4 5 6 -7 8 9 -10 -11 12 13 14 15 -16 17 18 19 20 0 
uf20-0344 2969 1 2 -3 4 5 6 7 -8 9 10 11 -12 13 -14 15 -16 17 18 19 -20 0 
uf20-0345 3584 1 2 3 4 -5 -6 7 8 9 10 11 -12 13 14 -15 16 17 18 19 20 0 
uf20-0346 2593 1 2 -3 4 5 6 -7 -8 9 -10 -11 12 13 -14 15 16 17 18 -19 20 0 
uf20-0347 3682 1 2 3 4 -5 6 7 8 9 10 11 12 13 14 15 16 -17 18 -19 20 0 
uf20-0348 3997 1 2 3 4 5 6 7 8 9 10 -11 12 13 -14 15 16 17 18 19 20 0 
uf20-0349 2352 1 -2 -3 4 -5 6 -7 -8 9 10 11 12 13 -14 15 -16 -17 18 19 20 0 
uf20-0350 1814 1 2 -3 4 -5 -6 -7 8 9 -10 -11 -12 13 14 -15 -16 17 18 -19 20 0 
uf20-0351 3682 1 2 3 4 5 6 7 8 9 -10 -11 12 13 14 15 16 -17 18 19 20 0 
uf20-0352 3229 1 2 3 4 5 6 -7 8 9 -10 -11 -12 13 14 15 16 17 18 19 20 0 
uf20-0353 4119 1 2 3 4 5 -6 7 8 9 10 11 12 -13 14 15 16 17 18 19 20 0 
uf20-0354 2928 -1 2 3 -4 -5 6 7 8 9 -10 11 12 -13 14 -15 16 17 18 19 20 0 
uf20-0355 4057 1 2 3 4 5 6 7 8 9 10 11 12 13 -14 15 16 17 -18 19 20 0 
uf20-0356 3983 1 2 3 4 5 6 7 8 9 10 -11 -12 13 14 15 16 17 18 -19 20 0 
uf20-0357 2990 1 2 3 4 5 -6 -7 -8 -9 10 11 12 13 14 15 -16 17 -18 19 20 0 
uf20-0358 3481 1 2 3 4 5 6 -7 -8 9 10 11 -12 13 14 -15 16 17 18 19 20 0 
uf20-0359 2405 -1 2 -3 4 5 -6 7 8 9 10 -11 12 13 -14 -15 16 -17 18 19 20 0 
uf20-0360 3197 1 2 3 4 -5 6 7 -8 9 10 11 12 -13 14 15 16 -17 -18 19 20 0 
uf20-0361 3362 1 2 3 4 5 6 7 8 9 -10 11 12 13 14 15 -16 -17 18 19 20 0 
uf20-0362 2559 1 2 3 -4 5 6 7 -8 9 10 -11 12 13 14 -15 -16 17 -18 19 20 0 
uf20-0363 3670 1 2 -3 4 5 -6 7 8 9 10 11 12 13 14 15 16 17 -18 19 20 0 
uf20-0364 3115 1 2 3 4 5 6 7 8 9 10 -11 -12 13 -14 15 16 17 -18 19 -20 0 
uf20-0365 2697 -1 2 -3 -4 5 6 7 8 -9 10 11 12 13 14 15 -16 -17 18 19 20 0 
uf20-0366 3177 1 2 3 4 -5 6 7 8 9 10 -11 -12 -13 14 15 16 17 18 19 -20 0 
uf20-0367 2511 1 -2 3 4 -5 -6 7 8 9 -10 11 12 -13 14 15 16 17 18 -19 -20 0 
uf20-0368 3626 -1 -2 3 -4 5 6 7 8 9 10 11 12 13 14 15 16 17 18 19 20 0 
uf20-0369 3138 -1 2 3 4 -5 -6 7 8 9 10 -11 12 13 14 15 16 17 18 -19 20 0 
uf20-0370 2177 1 -2 3 4 -5 6 7 -8 9 10 -11 12 -13 14 15 16 17 18 -19 -20 0 
uf20-0371 3384 -1 2 3 4 5 6 7 -8 9 10 -11 12 13 14 15 16 -17 -18 19 20 0 
uf20-0372 2907 1 -2 -3 4 5 6 7 -8 9 -10 11 12 13 14 15 -16 17 18 19 20 0 
uf20-0373 2344 1 2 3 4 -5 -6 7 8 9 10 -11 12 13 14 -15 -16 -17 -18 19 20 0 
uf20-0374 2320 -1 -2 3 -4 5 6 7 8 -9 10 11 -12 -13 -14 -15 16 -17 18 19 20 0 
uf20-0375 2303 1 2 3 4 5 -6 7 -8 9 -10 11 12 13 -14 15 16 -17 18 -19 -20 0 
uf20-0376 3208 1 2 -3 -4 5 6 7 8 9 10 11 12 13 -14 15 16 17 -18 19 -20 0 
uf20-0377 4077 1 2 3 4 5 6 7 -8 9 10 11 12 13 14 15 16 17 18 -19 20 0 
uf20-0378 3437 1 2 3 4 5 6 7 -8 -9 10 11 12 -13 14 -15 -16 17 18 19 20 0 
uf20-0379 3444 1 2 3 4 -5 6 7 8 9 10 -11 12 13 14 -15 16 17 -18 19 20 0 
uf20-0380 2937 1 2 3 4 5 6 -7 8 9 10 11 12 13 -14 15 16 -17 18 -19 -20 0 
uf20-0381 3542 1 2 -3 4 5 -6 7 8 9 10 11 12 13 14 15 16 17 -18 19 20 0 
uf20-0382 2542 -1 2 -3 4 5 6 7 -8 9 -10 -11 12 -13 14 15 16 17 18 19 20 0 
uf20-0383 2550 -1 -2 3 4 5 6 7 -8 9 -10 11 -12 13 14 15 -16 17 18 -19 20 0 
uf20-0384 3051 1 2 -3 4 5 6 7 8 9 -10 11 -12 13 14 -15 16 17 -18 19 -20 0 
uf20-0385 3132 1 -2 3 4 5 6 7 8 9 10 -11 -12 13 -14 -15 16 17 18 19 20 0 
uf20-0386 3847 1 -2 3 4 5 -6 7 8 9 10 11 12 13 14 15 16 17 -18 19 20 0 
uf20-0387 2676 -1 2 -3 4 5 6 -7 8 9 -10 11 -12 13 14 15 16 17 18 -19 20 0 
uf20-0388 3148 1 -2 3 4 5 6 -7 8 9 10 -11 12 13 14 15 -16 -17 18 19 20 0 
uf20-0389 2661 1 -2 3 4 5 6 -7 -8 -9 -10 11 12 -13 14 15 16 17 18 -19 20 0 
uf20-0390 3530 1 2 3 4 5 6 7 8 9 10 -11 -12 13 14 -15 16 17 18 -19 20 0 
uf20-0391 3213 1 -2 3 4 5 -6 7 -8 9 10 11 12 13 -14 -15 16 17 18 19 20 0 
uf20-0392 3018 1 2 -3 4 5 6 7 -8 9 10 11 -12 13 14 -15 -16 17 18 19 20 0 
uf20-0393 3488 1 2 3 4 5 6 7 8 9 10 11 12 13 14 15 16 -17 18 -19 -20 0 
uf20-0394 2705 1 -2 -3 4 -5 6 7 8 9 -10 11 12 13 14 15 -16 -17 18 -19 20 0 
uf20-0395 4023 1 2 3 4 5 -6 7 8 9 10 -11 12 13 14 15 16 17 18 19 20 0 
uf20-0396 2595 1 2 3 4 5 6 7 -8 9 10 11 12 -13 14 -15 16 -17 -18 19 20 0 
uf20-0397 2734 1 -2 3 -4 5 6 -7 8 9 10 11 12 -13 -14 15 -16 17 18 19 20 0 
uf20-0398 3668 1 2 3 4 -5 6 7 8 9 10 11 12 13 -14 15 -16 17 18 19 20 0 
uf20-0399 2669 1 2 -3 -4 -5 6 7 8 -9 -10 11 12 -13 14 15 16 -17 18 19 20 0 
uf20-0400 3194 -1 2 3 4 5 6 7 -8 9 10 -11 12 13 14 15 16 17 18 -19 20 0 
uf20-0401 3910 1 2 -3 4 5 -6 7 8 9 10 11 12 13 14 15 16 17 18 19 20 0 
uf20-0402 2407 1 -2 3 -4 5 -6 7 8 9 -10 -11 12 13 14 -15 16 -17 -18 19 20 0 
uf20-0403 3681 1 2 3 4 5 -6 7 -8 9 10 11 12 13 14 15 16 17 -18 19 20 0 
uf20-0404 2813 1 -2 -3 -4 5 6 7 8 -9 10 11 12 13 14 -15 -16 17 18 19 20 0 
uf20-0405 2484 -1 2 3 4 5 6 7 -8 9 10 -11 -12 -13 14 15 16 17 18 19 -20 0 
uf20-0406 -1 0 
uf20-0407 -1 0 
uf20-0408 -1 0 
uf20-0409 -1 0 
uf20-0410 -1 0 
uf20-0411 -1 0 
uf20-0412 -1 0 
uf20-0413 -1 0 
uf20-0414 -1 0 
uf20-0415 -1 0 
uf20-0416 -1 0 
uf20-0417 -1 0 
uf20-0418 -1 0 
uf20-0419 -1 0 
uf20-0420 -1 0 
uf20-0421 -1 0 
uf20-0422 -1 0 
uf20-0423 -1 0 
uf20-0424 -1 0 
uf20-0425 -1 0 
uf20-0426 -1 0 
uf20-0427 -1 0 
uf20-0428 -1 0 
uf20-0429 -1 0 
uf20-0430 -1 0 
uf20-0431 -1 0 
uf20-0432 -1 0 
uf20-0433 -1 0 
uf20-0434 -1 0 
uf20-0435 -1 0 
uf20-0436 -1 0 
uf20-0437 -1 0 
uf20-0438 -1 0 
uf20-0439 -1 0 
uf20-0440 -1 0 
uf20-0441 -1 0 
uf20-0442 -1 0 
uf20-0443 -1 0 
uf20-0444 -1 0 
uf20-0445 -1 0 
uf20-0446 -1 0 
uf20-0447 -1 0 
uf20-0448 -1 0 
uf20-0449 -1 0 
uf20-0450 -1 0 
uf20-0451 -1 0 
uf20-0452 -1 0 
uf20-0453 -1 0 
uf20-0454 -1 0 
uf20-0455 -1 0 
uf20-0456 -1 0 
uf20-0457 -1 0 
uf20-0458 -1 0 
uf20-0459 -1 0 
uf20-0460 -1 0 
uf20-0461 -1 0 
uf20-0462 -1 0 
uf20-0463 -1 0 
uf20-0464 -1 0 
uf20-0465 -1 0 
uf20-0466 -1 0 
uf20-0467 -1 0 
uf20-0468 -1 0 
uf20-0469 -1 0 
uf20-0470 -1 0 
uf20-0471 -1 0 
uf20-0472 -1 0 
uf20-0473 -1 0 
uf20-0474 -1 0 
uf20-0475 -1 0 
uf20-0476 -1 0 
uf20-0477 -1 0 
uf20-0478 -1 0 
uf20-0479 -1 0 
uf20-0480 -1 0 
uf20-0481 -1 0 
uf20-0482 -1 0 
uf20-0483 -1 0 
uf20-0484 -1 0 
uf20-0485 -1 0 
uf20-0486 -1 0 
uf20-0487 -1 0 
uf20-0488 -1 0 
uf20-0489 -1 0 
uf20-0490 -1 0 
uf20-0491 -1 0 
uf20-0492 -1 0 
uf20-0493 -1 0 
uf20-0494 -1 0 
uf20-0495 -1 0 
uf20-0496 -1 0 
uf20-0497 -1 0 
uf20-0498 -1 0 
uf20-0499 -1 0 
uf20-0500 -1 0 
uf20-0501 -1 0 
uf20-0502 -1 0 
uf20-0503 -1 0 
uf20-0504 -1 0 
uf20-0505 -1 0 
uf20-0506 -1 0 
uf20-0507 -1 0 
uf20-0508 -1 0 
uf20-0509 -1 0 
uf20-0510 -1 0 
uf20-0511 -1 0 
uf20-0512 -1 0 
uf20-0513 -1 0 
uf20-0514 -1 0 
uf20-0515 -1 0 
uf20-0516 -1 0 
uf20-0517 -1 0 
uf20-0518 -1 0 
uf20-0519 -1 0 
uf20-0520 -1 0 
uf20-0521 -1 0 
uf20-0522 -1 0 
uf20-0523 -1 0 
uf20-0524 -1 0 
uf20-0525 -1 0 
uf20-0526 -1 0 
uf20-0527 -1 0 
uf20-0528 -1 0 
uf20-0529 -1 0 
uf20-0530 -1 0 
uf20-0531 -1 0 
uf20-0532 -1 0 
uf20-0533 -1 0 
uf20-0534 -1 0 
uf20-0535 -1 0 
uf20-0536 -1 0 
uf20-0537 -1 0 
uf20-0538 -1 0 
uf20-0539 -1 0 
uf20-0540 -1 0 
uf20-0541 -1 0 
uf20-0542 -1 0 
uf20-0543 -1 0 
uf20-0544 -1 0 
uf20-0545 -1 0 
uf20-0546 -1 0 
uf20-0547 -1 0 
uf20-0548 -1 0 
uf20-0549 -1 0 
uf20-0550 -1 0 
uf20-0551 -1 0 
uf20-0552 -1 0 
uf20-0553 -1 0 
uf20-0554 -1 0 
uf20-0555 -1 0 
uf20-0556 -1 0 
uf20-0557 -1 0 
uf20-0558 -1 0 
uf20-0559 -1 0 
uf20-0560 -1 0 
uf20-0561 -1 0 
uf20-0562 -1 0 
uf20-0563 -1 0 
uf20-0564 -1 0 
uf20-0565 -1 0 
uf20-0566 -1 0 
uf20-0567 -1 0 
uf20-0568 -1 0 
uf20-0569 -1 0 
uf20-0570 -1 0 
uf20-0571 -1 0 
uf20-0572 -1 0 
uf20-0573 -1 0 
uf20-0574 -1 0 
uf20-0575 -1 0 
uf20-0576 -1 0 
uf20-0577 -1 0 
uf20-0578 -1 0 
uf20-0579 -1 0 
uf20-0580 -1 0 
uf20-0581 -1 0 
uf20-0582 -1 0 
uf20-0583 -1 0 
uf20-0584 -1 0 
uf20-0585 -1 0 
uf20-0586 -1 0 
uf20-0587 -1 0 
uf20-0588 -1 0 
uf20-0589 -1 0 
uf20-0590 -1 0 
uf20-0591 -1 0 
uf20-0592 -1 0 
uf20-0593 -1 0 
uf20-0594 -1 0 
uf20-0595 -1 0 
uf20-0596 -1 0 
uf20-0597 -1 0 
uf20-0598 -1 0 
uf20-0599 -1 0 
uf20-0600 -1 0 
uf20-0601 -1 0 
uf20-0602 -1 0 
uf20-0603 -1 0 
uf20-0604 -1 0 
uf20-0605 -1 0 
uf20-0606 -1 0 
uf20-0607 -1 0 
uf20-0608 -1 0 
uf20-0609 -1 0 
uf20-0610 -1 0 
uf20-0611 -1 0 
uf20-0612 -1 0 
uf20-0613 -1 0 
uf20-0614 -1 0 
uf20-0615 -1 0 
uf20-0616 -1 0 
uf20-0617 -1 0 
uf20-0618 -1 0 
uf20-0619 -1 0 
uf20-0620 -1 0 
uf20-0621 -1 0 
uf20-0622 -1 0 
uf20-0623 -1 0 
uf20-0624 -1 0 
uf20-0625 -1 0 
uf20-0626 -1 0 
uf20-0627 -1 0 
uf20-0628 -1 0 
uf20-0629 -1 0 
uf20-0630 -1 0 
uf20-0631 -1 0 
uf20-0632 -1 0 
uf20-0633 -1 0 
uf20-0634 -1 0 
uf20-0635 -1 0 
uf20-0636 -1 0 
uf20-0637 -1 0 
uf20-0638 -1 0 
uf20-0639 -1 0 
uf20-0640 -1 0 
uf20-0641 -1 0 
uf20-0642 -1 0 
uf20-0643 -1 0 
uf20-0644 -1 0 
uf20-0645 -1 0 
uf20-0646 -1 0 
uf20-0647 -1 0 
uf20-0648 -1 0 
uf20-0649 -1 0 
uf20-0650 -1 0 
uf20-0651 -1 0 
uf20-0652 -1 0 
uf20-0653 -1 0 
uf20-0654 -1 0 
uf20-0655 -1 0 
uf20-0656 -1 0 
uf20-0657 -1 0 
uf20-0658 -1 0 
uf20-0659 -1 0 
uf20-0660 -1 0 
uf20-0661 -1 0 
uf20-0662 -1 0 
uf20-0663 -1 0 
uf20-0664 -1 0 
uf20-0665 -1 0 
uf20-0666 -1 0 
uf20-0667 -1 0 
uf20-0668 -1 0 
uf20-0669 -1 0 
uf20-0670 -1 0 
uf20-0671 -1 0 
uf20-0672 -1 0 
uf20-0673 -1 0 
uf20-0674 -1 0 
uf20-0675 -1 0 
uf20-0676 -1 0 
uf20-0677 -1 0 
uf20-0678 -1 0 
uf20-0679 -1 0 
uf20-0680 -1 0 
uf20-0681 -1 0 
uf20-0682 -1 0 
uf20-0683 -1 0 
uf20-0684 -1 0 
uf20-0685 -1 0 
uf20-0686 -1 0 
uf20-0687 -1 0 
uf20-0688 -1 0 
uf20-0689 -1 0 
uf20-0690 -1 0 
uf20-0691 -1 0 
uf20-0692 -1 0 
uf20-0693 -1 0 
uf20-0694 -1 0 
uf20-0695 -1 0 
uf20-0696 -1 0 
uf20-0697 -1 0 
uf20-0698 -1 0 
uf20-0699 -1 0 
uf20-0700 -1 0 
uf20-0701 -1 0 
uf20-0702 -1 0 
uf20-0703 -1 0 
uf20-0704 -1 0 
uf20-0705 -1 0 
uf20-0706 -1 0 
uf20-0707 -1 0 
uf20-0708 -1 0 
uf20-0709 -1 0 
uf20-0710 -1 0 
uf20-0711 -1 0 
uf20-0712 -1 0 
uf20-0713 -1 0 
uf20-0714 -1 0 
uf20-0715 -1 0 
uf20-0716 -1 0 
uf20-0717 -1 0 
uf20-0718 -1 0 
uf20-0719 -1 0 
uf20-0720 -1 0 
uf20-0721 -1 0 
uf20-0722 -1 0 
uf20-0723 -1 0 
uf20-0724 -1 0 
uf20-0725 -1 0 
uf20-0726 -1 0 
uf20-0727 -1 0 
uf20-0728 -1 0 
uf20-0729 -1 0 
uf20-0730 -1 0 
uf20-0731 -1 0 
uf20-0732 -1 0 
uf20-0733 -1 0 
uf20-0734 -1 0 
uf20-0735 -1 0 
uf20-0736 -1 0 
uf20-0737 -1 0 
uf20-0738 -1 0 
uf20-0739 -1 0 
uf20-0740 -1 0 
uf20-0741 -1 0 
uf20-0742 -1 0 
uf20-0743 -1 0 
uf20-0744 -1 0 
uf20-0745 -1 0 
uf20-0746 -1 0 
uf20-0747 -1 0 
uf20-0748 -1 0 
uf20-0749 -1 0 
uf20-0750 -1 0 
uf20-0751 -1 0 
uf20-0752 -1 0 
uf20-0753 -1 0 
uf20-0754 -1 0 
uf20-0755 -1 0 
uf20-0756 -1 0 
uf20-0757 -1 0 
uf20-0758 -1 0 
uf20-0759 -1 0 
uf20-0760 -1 0 
uf20-0761 -1 0 
uf20-0762 -1 0 
uf20-0763 -1 0 
uf20-0764 -1 0 
uf20-0765 -1 0 
uf20-0766 -1 0 
uf20-0767 -1 0 
uf20-0768 -1 0 
uf20-0769 -1 0 
uf20-0770 -1 0 
uf20-0771 -1 0 
uf20-0772 -1 0 
uf20-0773 -1 0 
uf20-0774 -1 0 
uf20-0775 -1 0 
uf20-0776 -1 0 
uf20-0777 -1 0 
uf20-0778 -1 0 
uf20-0779 -1 0 
uf20-0781 -1 0 
uf20-0782 -1 0 
uf20-0783 -1 0 
uf20-0784 -1 0 
uf20-0785 -1 0 
uf20-0786 -1 0 
uf20-0787 -1 0 
uf20-0788 -1 0 
uf20-0789 -1 0 
uf20-0790 -1 0 
uf20-0791 -1 0 
uf20-0792 -1 0 
uf20-0793 -1 0 
uf20-0794 -1 0 
uf20-0795 -1 0 
uf20-0796 -1 0 
uf20-0797 -1 0 
uf20-0798 -1 0 
uf20-0799 -1 0 
uf20-0800 -1 0 
uf20-0801 -1 0 
uf20-0802 -1 0 
uf20-0803 -1 0 
uf20-0804 -1 0 
uf20-0805 -1 0 
uf20-0806 -1 0 
uf20-0807 -1 0 
uf20-0808 -1 0 
uf20-0809 -1 0 
uf20-0810 -1 0 
uf20-0811 -1 0 
uf20-0812 -1 0 
uf20-0813 -1 0 
uf20-0814 -1 0 
uf20-0815 -1 0 
uf20-0816 -1 0 
uf20-0817 -1 0 
uf20-0818 -1 0 
uf20-0819 -1 0 
uf20-0820 -1 0 
uf20-0821 -1 0 
uf20-0822 -1 0 
uf20-0823 -1 0 
uf20-0824 -1 0 
uf20-0825 -1 0 
uf20-0826 -1 0 
uf20-0827 -1 0 
uf20-0828 -1 0 
uf20-0829 -1 0 
uf20-0830 -1 0 
uf20-0831 -1 0 
uf20-0832 -1 0 
uf20-0833 -1 0 
uf20-0834 -1 0 
uf20-0835 -1 0 
uf20-0836 -1 0 
uf20-0837 -1 0 
uf20-0838 -1 0 
uf20-0839 -1 0 
uf20-0840 -1 0 
uf20-0841 -1 0 
uf20-0842 -1 0 
uf20-0843 -1 0 
uf20-0844 -1 0 
uf20-0845 -1 0 
uf20-0846 -1 0 
uf20-0847 -1 0 
uf20-0848 -1 0 
uf20-0849 -1 0 
uf20-0850 -1 0 
uf20-0851 -1 0 
uf20-0852 -1 0 
uf20-0853 -1 0 
uf20-0854 -1 0 
uf20-0855 -1 0 
uf20-0856 -1 0 
uf20-0857 -1 0 
uf20-0858 -1 0 
uf20-0859 -1 0 
uf20-0860 -1 0 
uf20-0861 -1 0 
uf20-0862 -1 0 
uf20-0863 -1 0 
uf20-0864 -1 0 
uf20-0865 -1 0 
uf20-0866 -1 0 
uf20-0867 -1 0 
uf20-0868 -1 0 
uf20-0869 -1 0 
uf20-0870 -1 0 
uf20-0871 -1 0 
uf20-0872 -1 0 
uf20-0873 -1 0 
uf20-0874 -1 0 
uf20-0875 -1 0 
uf20-0876 -1 0 
uf20-0877 -1 0 
uf20-0878 -1 0 
uf20-0879 -1 0 
uf20-0880 -1 0 
uf20-0881 -1 0 
uf20-0882 -1 0 
uf20-0883 -1 0 
uf20-0884 -1 0 
uf20-0885 -1 0 
uf20-0886 -1 0 
uf20-0887 -1 0 
uf20-0888 -1 0 
uf20-0889 -1 0 
uf20-0891 -1 0 
uf20-0892 -1 0 
uf20-0893 -1 0 
uf20-0894 -1 0 
uf20-0895 -1 0 
uf20-0896 -1 0 
uf20-0897 -1 0 
uf20-0898 -1 0 
uf20-0899 -1 0 
uf20-0900 -1 0 
uf20-0901 -1 0 
uf20-0902 -1 0 
uf20-0903 -1 0 
uf20-0904 -1 0 
uf20-0905 -1 0 
uf20-0906 -1 0 
uf20-0907 -1 0 
uf20-0910 -1 0 
uf20-0911 -1 0 
uf20-0912 -1 0 
uf20-0913 -1 0 
uf20-0914 -1 0 
uf20-0915 -1 0 
uf20-0916 -1 0 
uf20-0917 -1 0 
uf20-0918 -1 0 
uf20-0919 -1 0 
uf20-0920 -1 0 
uf20-0921 -1 0 
uf20-0922 -1 0 
uf20-0923 -1 0 
uf20-0924 -1 0 
uf20-0925 -1 0 
uf20-0926 -1 0 
uf20-0927 -1 0 
uf20-0928 -1 0 
uf20-0929 -1 0 
uf20-0930 -1 0 
uf20-0931 -1 0 
uf20-0932 -1 0 
uf20-0933 -1 0 
uf20-0934 -1 0 
uf20-0935 -1 0 
uf20-0936 -1 0 
uf20-0937 -1 0 
uf20-0938 -1 0 
uf20-0939 -1 0 
uf20-0940 -1 0 
uf20-0941 -1 0 
uf20-0942 -1 0 
uf20-0943 -1 0 
uf20-0944 -1 0 
uf20-0945 -1 0 
uf20-0946 -1 0 
uf20-0947 -1 0 
uf20-0948 -1 0 
uf20-0949 -1 0 
uf20-0950 -1 0 
uf20-0951 -1 0 
uf20-0952 -1 0 
uf20-0953 -1 0 
uf20-0954 -1 0 
uf20-0955 -1 0 
uf20-0956 -1 0 
uf20-0957 -1 0 
uf20-0958 -1 0 
uf20-0959 -1 0 
uf20-0960 -1 0 
uf20-0961 -1 0 
uf20-0962 -1 0 
uf20-0963 -1 0 
uf20-0964 -1 0 
uf20-0965 -1 0 
uf20-0966 -1 0 
uf20-0967 -1 0 
uf20-0968 -1 0 
uf20-0969 -1 0 
uf20-0970 -1 0 
uf20-0971 -1 0 
uf20-0972 -1 0 
uf20-0973 -1 0 
uf20-0974 -1 0 
uf20-0975 -1 0 
uf20-0976 -1 0 
uf20-0977 -1 0 
uf20-0978 -1 0 
uf20-0979 -1 0 
uf20-0980 -1 0 
uf20-0981 -1 0 
uf20-0982 -1 0 
uf20-0983 -1 0 
uf20-0984 -1 0 
uf20-0985 -1 0 
uf20-0986 -1 0 
uf20-0987 -1 0 
uf20-0988 -1 0 
uf20-0989 -1 0 
uf20-0990 -1 0 
uf20-0991 -1 0 
uf20-0992 -1 0 
uf20-0993 -1 0 
uf20-0994 -1 0 
uf20-0995 -1 0 
uf20-0996 -1 0 
uf20-0997 -1 0 
uf20-0998 -1 0 
uf20-0999 -1 0 
uf20-01000 -1 0 
