1923
2261
2641
2641
3077
3078
2681
3078
2536
2100
1703
1704
1324
1324
1324
986
1231
1342
1969
2483
2821
2307
2307
1969
2267
1943
2187
1943
1943
1844
1843
1942
2378
1976
2518
2359
2364
2364
2265
2154
2668
2912
2912
2907
3006
2708
2713
2708
2713
3051
2806
3186
2942
3101
3101
2665
2666
2990
3288
3399
3399
3398
3239
2859
2886
2775
2775
3155
3552
3010
3255
2741
2740
3142
3386
3545
3207
3318
3313
3313
3069
3074
2750
3292
3292
3265
3260
3504
3393
3907
3365
3370
3370
3126
3174
3174
2876
2777
2888
2888
2883
2503
2504
2748
2351
2675
2161
2541
2493
2498
2796
2685
2387
2435
2773
2614
2369
2125
2284
1960
2284
1904
2301
2328
2572
2573
2572
2567
2678
2683
2928
2301
2400
2076
2374
2754
2456
2118
2456
2345
2345
2345
2318
2754
2749
2749
2369
2031
2369
2031
2030
1871
1872
1773
1772
1772
2286
2828
2431
2436
2437
2735
2193
2517
2003
2030
2368
2070
2071
1733
1844
1843
1795
1393
1441
1393
1691
1686
1785
2327
2326
2326
2082
2130
2757
3001
3001
2677
3191
3196
3197
2952
3197
3521
3223
3625
3526
3478
3875
3478
3473
3472
3869
3869
3869
3874
3629
3728
3728
3701
3946
3947
3947
4327
4327
4486
4784
4784
4540
4540
4540
4567
4025
4025
4363
4065
3954
3953
3948
3953
3439
3280
3275
2937
2692
2740
2745
2989
3503
3179
3080
3179
3179
3424
3424
3583
3578
3689
3689
3530
3531
3151
3150
2905
2878
2879
2884
2883
2772
3152
3476
3477
3775
3676
3676
3921
3921
3524
3551
3948
3551
3550
3947
3947
4106
4217
4218
3894
3894
3895
3736
3735
3437
3432
3770
3770
3770
3770
4068
3824
4148
3903
3903
4445
4418
4418
4662
4663
4339
4339
4339
4339
4584
4589
4589
4588
4074
3736
3625
3963
4122
3784
3348
2721
2179
2206
2179
2179
2517
2841
3468
3982
3982
3823
3922
3922
3598
4034
4576
4687
4307
4308
4303
4204
3959
3959
4283
4283
4282
4527
4527
4527
4527
4527
4130
4527
4282
4309
4314
4694
4646
4210
4646
4646
4646
4322
3984
3957
3952
4000
4324
4324
4000
3756
3320
3320
3565
3724
3344
3668
3767
3608
3613
3613
3565
3565
4001
4002
3566
3566
3566
3946
3946
3404
3293
3293
3729
3293
3835
3208
3207
3108
3156
3783
3538
3214
3241
2727
2726
2970
2943
2943
2943
2699
2302
2302
1922
2081
2081
2108
1810
2324
2276
2117
2117
2165
2503
2503
2827
3071
3071
3468
3469
3580
3960
4396
3960
3563
3722
4020
4015
4015
4015
3771
3744
3744
3342
3343
3232
3073
3025
3461
2947
3192
3191
2853
3012
3111
3112
2676
3014
2472
2499
2499
2119
2516
2521
2901
3145
3145
3145
3144
3144
3144
2747
2648
2696
3132
2888
2887
2260
2260
2504
2260
2359
1979
2359
2360
2360
2312
2285
2912
3023
3537
3438
3438
3980
3979
3599
3599
4001
4001
4001
3663
3418
3445
3783
3783
4180
3666
3667
3667
3666
3666
3714
3087
3087
2976
2976
3603
3604
4118
3820
3772
3434
3678
3726
3099
3099
3099
3099
3437
3193
3820
4064
4064
4064
3550
3795
3794
3767
4065
4164
4065
3906
3906
4005
3957
3952
3325
3325
2783
2788
2836
3216
3211
2775
3211
3211
3370
3271
3026
3031
3545
4087
4114
4359
4360
4022
4021
3507
3209
3308
3260
3101
3101
3096
3096
3610
3096
3097
3724
3835
3438
3439
3195
3096
3255
3769
3742
3790
3410
3410
3410
3509
3398
3696
4076
4187
4187
4187
4186
4185
4582
4583
4424
4424
4100
3473
3474
3501
3501
3099
3104
3104
3099
2801
2801
3045
2648
2600
2997
3321
3321
2779
2779
2382
2382
2382
2271
2319
2319
2617
3019
3357
3357
3357
3113
2775
2775
2477
1963
2207
2206
2206
2504
3046
3046
2610
2609
2614
2609
2610
2511
2511
2670
2670
2426
2431
2431
2051
2487
2487
2460
2487
2486
2438
2776
2374
2050
2374
2375
2051
2453
3080
3080
3324
3297
3292
3292
3672
3334
3334
3433
3433
3460
3460
3361
2819
2383
2383
2383
2707
2680
2680
2779
2806
2404
2404
2404
2106
2508
2481
2819
2818
2719
2719
2719
3233
3775
3437
3438
3443
3470
3470
3768
3763
3762
3735
3834
4231
4236
4237
4575
4195
4036
4036
3698
3453
3889
3889
4227
4386
4381
4386
3984
3984
3885
3880
3979
3979
3979
3979
4224
4251
4251
4251
4007
4012
4256
4256
4256
4658
4706
4461
4460
4840
4460
4162
3918
3819
3820
4118
4362
4362
4357
4456
4429
4381
4429
4270
4297
4302
4203
4314
3917
4162
4321
4321
4321
3694
3694
3793
3682
3683
3683
3794
3470
2956
3280
3907
3471
3423
3820
3522
3521
3520
3568
3244
3244
3244
3245
3245
3197
3196
3037
3335
3336
3335
3336
3335
3224
3224
3224
3224
3225
3605
3605
3653
3315
3426
3425
3425
3425
2798
2957
2555
2550
3064
3064
3065
2906
2795
3133
3034
3034
3035
3034
3034
2790
2789
2741
2789
2789
2762
2248
2249
2651
3165
3166
3166
3602
3357
2960
2987
2987
3232
3232
3184
3183
3580
3824
3526
3499
3610
3658
3659
3664
3122
3446
3202
3201
3200
3152
3152
3152
3179
3338
3333
3338
3000
3000
3244
3582
3244
3292
3292
3292
3630
3385
3141
3768
3769
3769
3431
3431
3431
3530
3530
3530
3503
3123
3124
3123
3118
3498
3499
3743
4041
4041
4040
4040
3881
3881
4126
3729
3405
3802
3802
3366
3366
3704
3704
3302
3004
3440
3982
3982
3883
4042
4340
4340
4340
3713
4115
4114
4066
3630
3678
3678
4114
4114
4213
3671
3291
3671
3671
3676
4000
3564
3565
4107
4059
4059
4086
3927
3547
3520
3275
3274
2877
2878
2926
2878
2873
2873
2873
2874
3033
2934
2934
2934
2961
3341
3340
3439
2925
3552
3254
3552
3949
3838
3540
3545
3545
3545
3165
3165
3410
3410
3165
2827
2800
2556
2556
2604
2599
2599
2604
2631
2631
3011
3011
3011
3011
2984
3095
3339
3015
3015
3260
3696
3696
3696
3994
3994
3696
3695
4209
3773
3773
3773
4209
4204
4204
4209
4050
4388
4388
4388
4383
4335
4336
4092
4091
3980
3980
3980
3544
3544
3544
3703
3730
3735
3730
3730
3350
3594
3918
3923
3923
3824
3824
3824
4204
3880
3880
4204
4045
4045
4481
4481
4592
4691
4664
4712
4388
4143
4143
3763
4087
4467
4462
4462
4467
4467
4626
4246
4147
4174
3836
3512
3513
3612
3453
3698
3698
3698
3454
3792
3792
4090
3548
3500
3064
3064
3064
3063
3222
3222
2977
2972
3514
3514
3514
3216
3460
3460
3460
3460
3460
3465
3845
3734
4032
3518
3518
3518
3519
3955
3954
3656
3656
3954
3656
3656
3497
3545
3869
3869
3467
3223
3223
3223
3223
3223
3218
3170
2734
3170
3415
3415
3077
3375
3376
3131
3131
3375
3375
3375
3620
3779
3237
3242
3353
3352
3028
3028
3001
2621
2959
3473
3228
3228
3228
2930
2978
3358
3247
3247
3247
3199
3247
3571
3572
3192
3191
3733
3634
3634
3092
3191
3191
3302
3329
3324
3324
3325
3166
3067
3019
3019
3024
3024
3024
2588
2588
2588
2589
2589
2748
3046
3046
3041
3583
3583
3582
3582
3582
3583
4019
4067
4166
4166
4067
4019
3775
3451
3451
3451
3831
3879
3884
3370
3072
3071
3071
3023
3537
3378
3378
3702
3703
3703
4001
4160
4405
4504
4393
4148
4392
4392
4392
4392
4391
3849
3849
3850
3845
3845
3845
3844
3955
3955
3955
4357
4358
4358
4358
4358
4358
4331
4033
4331
4330
4335
4334
4334
4334
4334
4334
4334
4382
4382
4382
4382
3980
3975
4517
4517
4517
4517
4518
4121
4121
4121
4121
4366
4122
4121
4518
4920
5164
5165
5170
5171
5171
4769
4142
4094
3995
3995
3995
3995
4397
4073
4397
4424
4423
4099
3940
3940
4567
4567
4269
4269
4269
4158
4482
4780
4879
4880
4928
5087
4685
4387
4228
4227
4227
4222
4222
4123
4123
4282
4684
4684
4689
4800
5098
5093
5093
4696
5093
5098
5093
5045
5046
5051
4671
4044
4039
3701
3706
4044
4017
3772
3375
3375
3375
3755
3782
3830
3782
4027
3689
3737
3710
3466
3804
3799
3461
3560
3512
3413
3302
3329
3328
3328
3725
4063
4063
4063
4062
4062
4161
4272
3974
4218
4218
3838
4465
4470
4470
4471
4312
4692
4990
4990
4990
4990
4990
4990
4554
4555
4550
4550
4550
4550
4550
4549
4548
4548
4548
4548
4596
5032
5005
5005
4906
4933
4689
4690
4663
4663
4663
4552
4711
4169
4268
4268
4169
4169
4121
4126
4174
4174
4174
4174
4716
4378
4378
4489
4489
4378
4378
4330
4330
4330
3950
3950
3950
3950
4049
4429
4424
4429
4429
4540
4540
4784
4784
4784
4673
4574
4622
4649
4649
4649
4490
4166
4139
4139
4139
4139
4139
4139
4166
3922
3922
4260
4260
3880
3880
3879
4259
4232
4476
4800
4556
4583
4583
4181
4154
4106
4217
4217
3879
3927
3927
4026
4053
4455
4455
4455
4455
4428
4429
4429
4429
4429
4429
4429
4330
4330
3950
3977
4136
4136
4136
4025
3977
3950
3950
3950
3998
3998
3950
3514
3514
3541
3541
3589
3589
3589
3291
3243
3243
3238
3337
3675
3674
3675
3973
4409
4409
4410
4410
4410
4410
4013
3854
3854
3854
4098
4257
4262
4659
4659
4415
4526
4499
4494
4738
4738
4738
4738
4738
4738
4738
4494
4494
4738
4743
4738
4738
4738
4336
4336
4336
4738
4738
4737
4785
4674
4674
4160
3836
3498
3498
3503
3503
3503
3502
3503
3883
3910
4248
4762
4762
4763
4763
4763
4763
4763
4763
4664
4664
4664
4664
4775
4775
4530
4503
4455
4455
4779
4265
4292
4291
4180
4180
4279
4279
4279
3955
4279
4279
4035
4035
4035
4036
4280
4391
4391
4391
4391
4391
4386
4386
4386
4386
4900
4801
4801
4849
4849
4605
4446
4446
4446
4445
4334
4339
4339
4339
4450
4450
4450
4112
4211
4456
4455
4428
4672
4672
4672
4672
4673
4429
4673
4700
4695
4668
4669
4674
4674
4701
4653
4653
4626
4515
4514
4514
4514
4514
4514
4562
4463
4463
4463
4415
4117
4165
4324
4324
4324
4435
4435
4435
4191
4290
4588
4540
4143
4191
4529
4529
4529
4529
4530
4525
4525
4280
3878
3883
3835
3835
3835
3835
3497
3742
4144
3517
3517
3517
4144
4144
4144
4171
4171
4171
4170
4170
4169
4169
4169
4170
4171
4171
4166
4563
4563
4563
4452
4500
4176
4175
4176
4176
4176
4176
4128
4029
4140
4384
4357
3977
3977
3818
4198
4198
4198
4198
4198
4203
4092
4087
4087
4087
3842
4166
4166
3842
3869
3869
4114
4162
4162
3782
4162
4161
4160
4160
4160
4161
4166
4167
4278
4616
4568
4457
4568
4568
4568
4541
4640
4342
4341
4639
4798
4798
4825
4820
4820
4661
4661
4661
4662
4661
4661
4661
4662
4662
4986
4991
4555
4603
4576
4576
4576
4179
4179
4174
4173
3793
4173
3928
3928
3928
3928
3928
3933
3933
3960
3960
3933
3933
3933
3960
3446
3419
3420
3309
3309
3309
3304
3304
3701
3701
4137
4136
4135
4036
4195
4306
4306
4311
4311
4311
4311
4311
4311
4306
4195
4195
4147
4147
4148
3850
3949
3997
3898
3897
3897
3897
3849
3876
3987
3987
4285
4290
4290
3992
4091
4091
4336
4336
4336
4337
4093
4092
4092
4087
4331
4331
4331
4331
4845
4409
4414
4415
4415
4316
4316
4316
4317
4317
4416
4411
4411
3897
3897
3897
3897
3897
3902
4416
4416
4411
4411
4411
4411
4411
4411
4411
4411
4411
4459
4464
4762
4762
4663
4283
4283
4283
4282
4282
4662
4662
4662
4662
4282
4282
4255
4255
4255
4254
4254
4254
4254
4254
4254
4254
4249
4629
4384
4389
4390
4390
4390
4390
4390
4390
4342
4342
4390
4385
3871
3871
3871
3712
3717
3669
3668
3827
3827
3827
3827
3828
4264
4259
4358
3956
3956
3956
3956
3983
3983
3983
3983
3983
3983
3983
4385
4899
4947
4947
4947
4946
4946
4946
4898
4899
4899
4899
4872
5117
5165
5117
5117
5018
5018
5045
5045
4747
4588
4687
4846
4846
4845
4845
4845
4845
4746
4587
4587
4342
4390
3876
4121
4121
4121
4280
4280
4280
4232
4746
4746
4845
4845
4818
4382
4382
4383
4383
4681
4680
4680
4569
4569
4569
5005
5010
5058
5059
5058
5059
5059
5059
5059
5086
5086
4788
4788
4689
4689
4689
4689
4690
4690
4685
4685
4983
4983
4983
4983
4983
4983
4983
4983
5082
4784
4784
4784
4784
4784
4783
4684
4684
4982
4982
4982
4981
4981
4982
4934
4934
4934
4939
4940
5039
5038
5038
5038
4939
4934
5033
5033
5033
5033
5034
5033
5038
5038
5038
4879
4927
4927
4927
4928
4928
5039
4603
4603
4602
4602
4601
4601
4502
4454
4454
4553
4548
4548
4549
4708
4708
4708
4708
4709
4709
4714
4714
4714
4615
4615
4610
4499
4504
4477
4477
4477
4477
4477
4477
4588
4588
4588
4477
4576
4576
4576
4603
4603
4602
4602
4602
4597
4597
4597
4597
4597
4645
4645
4645
4645
4650
4650
4650
4650
4491
4491
4486
4486
4597
4597
4597
4217
4217
4217
4218
4218
4218
4218
4377
4376
4376
4349
4349
4350
4350
4350
4350
4377
4377
4350
4350
4350
4786
4786
4785
4785
4785
4785
4785
4737
4764
4764
4764
4812
4812
4812
4812
4812
4811
4811
4811
4811
4811
4812
4812
4812
4713
4713
4713
5093
5093
5192
5192
5192
5081
5081
5081
5081
5081
5086
4927
4927
4927
5086
5086
4927
4927
4927
4927
4928
4928
4684
4684
4684
4684
4684
4684
4684
4683
4683
4683
4684
4683
4584
4695
4854
4853
4853
4853
4853
4848
4848
4848
4848
4848
4821
4821
4821
4821
4826
4826
4821
4821
4821
4821
4821
5065
5065
5065
5065
5065
5065
5092
5092
5092
5092
5092
4933
4933
4933
5032
5032
5032
5037
5038
5038
5197
5098
5093
5093
5093
5098
5098
5071
5071
5071
5071
5023
5023
5023
5023
5122
5149
5197
5149
5149
5122
5117
5122
4725
4614
4614
4614
4515
4626
4626
5023
5023
5023
5023
5023
5023
5024
5024
5024
5024
5024
5072
4913
4913
4913
4940
4940
4935
4934
4939
4939
4939
4939
4939
4939
4939
4938
4938
4938
4938
4911
4911
4911
4911
4938
4938
4938
4938
4694
4938
4938
5037
5032
5033
5033
5192
5192
5193
5193
5094
5046
5046
5046
5046
5051
5150
5150
5150
5150
5150
5150
5149
4851
4851
4850
4850
4850
4851
4852
4852
4852
4825
4825
4825
4852
4825
4825
4852
4852
4851
4851
4851
4899
4899
4900
4900
4900
4900
4900
4900
4789
4789
4789
4762
4762
4762
4762
4761
4761
4788
4899
4899
4899
4899
4800
4800
4801
4801
4801
4801
4801
4900
4900
4900
4852
4852
4852
4852
4852
4900
4873
4825
4825
4825
4825
4824
4824
4824
4851
4851
4851
5149
5197
5197
5197
5197
5197
5197
5086
5086
5086
5086
4987
4987
4987
4987
4987
4987
4982
4982
4982
4982
4982
4982
4982
5093
5093
5066
5066
5066
5065
5065
5092
5092
4847
4847
4847
4848
4848
4853
4853
4848
5093
5093
4982
4982
4982
5093
5093
5192
5144
5144
5144
5192
5191
5191
5192
5197
5197
5197
5197
5197
5197
5197
5149
5149
5149
5050
5050
5050
5050
5098
5093
5093
5066
5165
5165
5165
5165
5165
5165
5165
5006
5006
5011
5006
4668
4668
4668
4668
4668
4668
4668
5006
5006
5006
5033
5033
5033
5033
5033
5033
5033
5033
5033
4709
4709
4709
4708
4272
4272
4272
4272
4272
4272
4272
4272
4708
4867
4867
5191
5192
5192
5192
5192
5093
5092
5093
5093
5093
5093
5093
5098
5098
5098
5098
5098
5071
5023
5023
5023
5018
5018
5066
4955
4955
4956
4956
4961
5060
5060
5087
5087
5087
5086
5086
5086
5086
5086
5197
5197
5192
5192
5081
4922
4922
5033
5033
5006
5006
5006
5006
5033
5033
5033
5038
5038
5038
5038
5038
5033
5033
5033
4922
4923
4928
4923
4923
4922
4895
4895
4895
4895
4895
5054
5054
5054
5006
4907
4934
4934
4934
4934
4907
4906
4906
4954
4955
4955
4955
4982
4982
4982
4983
4739
4739
4739
4359
4359
4470
4359
4359
4470
4470
4470
4714
5094
5094
5093
5093
5093
5093
5093
5094
5094
4796
4796
4795
4795
4795
4795
4795
4795
4795
4795
4795
4795
4795
4795
4795
4795
4795
4795
4795
4795
4795
4795
4894
4894
4893
4898
4898
4899
4899
4899
4899
4899
4899
4899
4899
5197
5196
5196
5196
5196
5196
5196
5097
5097
5097
5097
5092
5093
5094
5094
5094
5094
5099
5099
5098
5098
5050
5050
5050
5050
5050
5050
5050
5050
5023
5023
5023
5071
5071
5071
5071
5071
5072
5171
5171
5171
5171
5171
5171
5171
5171
5170
5170
5170
5170
5071
5098
5098
5097
5097
5097
5097
5097
5097
5097
5098
5093
5093
5093
5093
5093
5093
5094
5099
5099
5099
5099
5099
5099
5099
5099
5099
5072
5072
5072
5072
5071
5071
5071
5071
5071
5071
5071
5071
5071
4912
4907
4907
4907
4907
4907
5006
4958
4958
4958
4957
4957
4957
4957
4958
4957
4957
4957
4957
4962
4963
4963
4963
4990
4990
4990
4990
4990
4990
4990
4990
4990
4990
4990
4991
4986
4986
4986
4986
4959
4959
4959
4986
5034
5193
5192
5192
5165
5165
5165
5166
5166
5166
5166
5166
5166
5166
5166
5166
5166
5193
5193
5193
5193
5193
5198
5198
5193
5193
5193
5193
5193
5193
5192
5192
5165
5165
5165
5165
5165
5165
5165
5165
5165
5165
5165
5164
5164
5164
5165
5066
5066
5066
5066
5066
5066
5066
5065
5065
5065
5070
5022
5022
5022
5049
5049
5049
5049
5049
5049
4938
4938
4939
4939
4939
4939
4939
5050
5050
5050
5023
5023
5024
5051
5051
5051
5051
5051
5099
5094
5094
5099
5099
5099
5099
5099
5099
5099
5099
5099
5099
5099
5099
5099
5098
5099
5099
5099
5099
5099
5098
5098
5071
5071
5072
5071
5071
5071
5071
5071
5071
5071
5170
5170
5169
5169
5169
5164
5065
5065
5066
5066
5065
5066
5066
5066
5066
5066
5066
5066
5093
5093
5093
5093
5093
5093
4982
4982
4982
4982
4982
4955
4955
4955
4982
4934
4934
5045
5046
5046
5046
5046
5045
5045
5045
5045
5018
5066
5066
5066
5066
5066
5066
5066
5066
5066
5066
5066
5066
5066
5066
5071
5071
5070
5070
5071
5071
5071
5071
5071
5071
5072
5071
5071
5071
5071
5071
5071
5071
5071
5071
5071
5098
5098
5050
5050
5050
5050
5050
5050
5050
5050
4806
5050
5050
5050
5050
5050
5050
5050
5050
5050
5098
5098
5197
5197
5196
5196
5148
5121
5121
5121
5121
5121
5121
5122
5122
5149
5197
5198
5198
5198
5197
5197
5197
5197
5197
5170
5170
5170
5170
5169
5169
5169
5169
5169
5169
5164
5005
5005
4957
4957
4957
5116
5116
5117
5117
5117
5118
5118
5118
5118
5118
5118
5118
5166
5166
5166
5165
5165
5165
5165
5164
5165
5165
5165
5117
5117
5165
5165
5165
5165
5165
5164
5164
5164
5164
5164
5164
5164
5164
5164
5164
5164
5164
5165
5165
5165
5165
5165
5165
5165
5165
5170
5170
5170
5170
5170
5170
5170
5170
5165
5170
5170
5165
5165
5165
5165
5165
5165
5165
5165
5165
5165
5165
5165
5164
5164
5164
5164
5164
5164
5116
5116
5121
5121
5122
5023
5071
5072
5072
5072
5072
5072
5071
5071
5098
5093
5093
5093
5093
5093
5093
5093
5093
5098
5071
5071
5071
5071
5071
5071
5071
5071
5071
5071
5070
5070
5070
5070
5169
5169
5169
5169
5169
5196
5191
5191
5191
5164
5164
5164
5169
5169
5169
5169
5169
5169
5169
5169
5164
5164
5164
5164
5164
5169
5169
5169
5169
5169
5169
5169
5169
5169
5070
5071
5066
5066
5066
5066
5018
5018
5018
5018
5045
5045
5045
5045
5045
5045
5045
5045
5045
5045
5045
5144
5192
5192
5192
5192
5193
5193
5193
5193
5193
5192
5197
5197
5192
5192
5192
5192
5192
5192
5192
5192
5192
5192
5192
5192
5192
5191
5164
5164
5164
5164
5164
5164
5169
5170
5197
5197
5198
5198
5087
5039
5039
5039
5039
5038
5038
5038
5039
5039
4940
4940
4988
4988
4988
5099
5099
5098
5098
5099
5099
5099
5099
5099
5099
5099
5094
5093
5093
5093
5093
5094
5094
5094
5094
5094
5094
4935
4935
4908
4908
4908
4935
4934
4935
4935
4935
4935
4935
4935
4935
4935
4935
5094
5094
5046
5046
5046
5046
5046
5051
5051
5051
5051
5051
5051
5051
5051
5046
5045
5093
5093
5092
5092
5065
5065
5065
5065
5065
5164
5164
5164
5164
5164
5164
5164
5169
5169
5169
5170
5171
5170
5170
5170
5170
5165
5165
5165
5165
5165
5165
5165
5165
5165
5165
5165
5165
5192
5191
5191
5191
5191
5191
5191
5191
5191
5192
5191
5164
5116
5116
5116
5116
5116
5116
5116
5116
5116
5116
5116
5116
5143
5143
5143
5143
5143
5191
5196
5196
5196
5196
5196
5196
5169
5169
5169
5170
5170
5170
5165
5166
5171
5171
5171
5170
5170
5170
5170
5170
5169
5169
5070
5070
5070
5097
5196
5196
5196
5196
5196
5197
5197
5197
5197
5197
5192
5165
5165
5165
5165
5165
5166
5166
5166
5166
5193
5193
5193
5193
5193
5193
5193
5193
5193
5193
5193
5193
5193
5193
5193
5193
5193
5192
5192
5192
5192
5192
5144
5149
5149
5149
5149
5149
5149
5149
5149
5149
5122
5122
5122
5122
5170
5170
5169
5169
5169
5169
5169
5196
5196
5196
5196
5196
5196
5197
5197
5197
5197
5197
5197
5197
5197
5197
5197
5197
5196
5196
5196
5196
5196
5196
5196
5196
5196
5196
5197
5197
5197
5197
5197
5197
5197
5197
5197
5197
5197
5197
5197
5197
5197
5197
5197
5197
5197
5197
5198
5198
5198
5198
5197
5197
5196
5196
5196
5196
5196
5196
5196
5169
5169
5169
5169
5169
5169
5169
5169
5169
5170
5170
5170
5170
5170
5170
5170
5169
5164
5164
5164
5116
5116
5116
5116
5116
5116
5116
5121
5121
5121
5122
5122
5122
5122
5122
5122
5122
5122
5149
5149
5149
5122
5122
5123
5123
5123
5123
5123
5150
5150
5150
5150
4905
4905
4905
4905
4905
4953
4953
4952
4952
4952
4952
4952
4952
4853
4853
4853
4853
4853
4853
4853
4853
4853
4854
5099
5099
5098
5093
5093
5093
5093
5093
5093
5093
5093
5093
5093
5093
5093
5093
5094
5094
5094
5094
5094
5094
5094
5094
5094
5094
5094
5093
5093
5094
5094
5094
5094
5094
5094
5093
5066
5066
5066
5066
5066
5066
5066
5066
5067
5067
5067
5072
5072
5072
5099
5099
5099
5099
5099
5099
5099
5099
5099
5099
5099
5099
5099
5099
5099
5099
5099
5099
5099
5099
5099
5098
5098
5097
5097
5092
5092
5093
5192
5192
5192
5192
5192
5193
5192
5192
5192
5192
5193
5094
5093
5093
5093
5092
5092
5092
5092
5093
5045
5045
5045
5045
5045
5046
5046
5046
5046
5046
5046
5046
5046
5046
5046
5094
5099
5099
5198
5198
5198
5198
5198
5198
5198
5198
5198
5198
5197
5197
5197
5197
5170
5197
5197
5197
5197
5197
5197
5198
5197
5197
5197
5197
5197
5198
5198
5193
5193
5193
5192
5191
5191
5191
5191
5191
5191
5191
5191
5191
5191
5191
5192
5192
5192
5192
5192
5192
5191
5191
5192
5192
5193
5193
5193
5193
5192
5192
5192
5192
5192
5191
5191
5191
5192
5192
5192
5192
5192
5191
5191
5191
5191
5191
5192
5197
5197
5197
5149
5149
5150
5198
5198
5198
5193
5193
5198
5198
5198
5198
5198
5197
5197
5197
5196
5196
5196
5196
5191
5191
5191
5192
5192
5192
5192
5192
5192
5192
5192
5192
5192
5192
5192
5192
5192
5192
5165
5165
5165
5165
5166
5166
5166
5166
5166
5166
5166
5166
5166
5166
5166
5166
5165
5165
5165
5165
5165
5166
5166
5193
5193
5193
5198
5198
5198
5198
5198
5198
5198
5198
5197
5197
5197
5197
5197
5197
5197
5197
5197
5197
5197
5197
5197
5197
5197
5170
5170
5170
5170
5170
5171
5170
5170
5170
5170
5170
5170
5170
5170
5170
5170
5170
5170
5170
5170
5197
5197
5197
5197
5197
5197
5197
5197
5197
5198
5198
5198
5198
5198
5198
5198
5198
5198
5198
5193
5193
5193
5193
5193
5198
5198
5198
5193
5193
5193
5145
5145
5145
5145
5145
5145
5145
5144
5117
5117
5117
5117
5165
5165
5165
5165
5165
5166
5166
5193
5193
5193
5193
5193
5193
5192
5192
5192
5192
5192
5192
5192
5192
5192
5192
5192
5192
5191
5191
5192
5191
5191
5191
5191
5191
5164
5164
5164
5164
5164
5164
5164
5164
5164
5164
5164
5165
5165
5165
5164
5165
5165
5165
5192
5192
5192
5192
5165
5165
5165
5165
5164
5164
5169
5169
5169
5169
5169
5169
5169
5196
5196
5196
5196
5196
5196
5196
5196
5196
5196
5196
5196
5196
5196
5191
5191
5191
5191
5191
5191
5196
5196
5196
5196
5196
5191
5191
5191
5192
5192
5192
5192
5192
5193
5193
5193
5193
5193
5193
5193
5198
5198
5198
5198
5198
5198
5198
5198
5198
5193
5193
5193
5193
5193
5193
5193
5193
5193
5193
5193
5193
5193
5193
5193
5193
5193
5193
5193
5193
5193
5193
5192
5193
5193
5193
5193
5193
5193
5192
5192
5192
5192
5192
5192
5192
5192
5192
5192
5192
5192
5192
5192
5192
5192
5191
5191
5191
5192
5192
5192
5192
5192
5192
5192
5192
5192
5191
5191
5196
5197
5197
5198
5198
5198
5198
5198
5198
5198
5198
5198
5198
5198
5198
5198
5198
5198
5198
5197
5197
5196
5196
5196
5196
5196
5196
5196
5196
5196
5196
5196
5196
5197
5197
5192
5192
5192
5192
5192
5192
5192
5192
5192
5192
5192
5192
5192
5192
5192
5192
5192
5192
5192
5192
5192
5192
5192
5192
5192
5192
5192
5197
5197
5197
5197
5192
5192
5192
5192
5192
5192
5192
5192
5192
5192
5192
5191
5191
5191
5191
5191
5191
5191
5191
5192
5192
5192
5192
5192
5192
5192
5192
5192
5192
5192
5192
5192
5192
5192
5191
5191
5191
5191
5191
5191
5191
5191
5191
5191
5191
5191
5191
5192
5192
5192
5192
5192
5193
5193
5193
5193
5193
5193
5198
5198
5198
5198
5198
5198
5198
5198
5198
5198
5150
5149
5149
5149
5150
5150
5150
5150
5150
5150
5150
5150
5150
5150
5150
5150
5150
5150
5145
5145
5145
5145
5150
5149
5149
5149
5149
5149
5149
5149
5149
5150
5150
5150
5150
5198
5198
5198
5198
5198
5198
5197
5196
5196
5196
5196
5196
5197
5197
5197
5196
5196
5191
5191
5191
5191
5191
5191
5191
5191
5191
5191
5191
5191
5196
5196
5196
5196
5196
5196
5196
5196
5196
5196
5191
5191
5191
5191
5191
5191
5191
5191
5191
5191
5164
5169
5169
5169
5169
5164
5164
5164
5164
5169
5169
5164
5164
5164
5164
5164
5164
5165
5165
5165
5165
5165
5165
5165
5165
5165
5165
5170
5170
5170
5170
5171
5171
5166
5165
5165
5165
5165
5166
5166
5165
5165
5165
5165
5165
5165
5166
5165
5165
5165
5165
5165
5165
5165
5165
5165
5165
5170
5170
5170
5170
5171
5171
5171
5171
5171
5170
5170
5170
5170
5170
5170
5170
5169
5169
5164
5164
5164
5164
5165
5165
5192
5192
5191
5191
5191
5191
5191
5191
5191
5191
5191
5191
5191
5191
5191
5191
5191
5191
5191
5192
5192
5192
5192
5192
5192
5192
5192
5192
5192
5192
5192
5192
5197
5197
5197
5197
5196
5196
5196
5191
5191
5191
5191
5191
5191
5191
5191
5191
5196
5196
5196
5196
5196
5197
5197
5197
5197
5197
5197
5197
5197
5196
5196
5196
5196
5191
5191
5191
5191
5191
5192
5192
5192
5192
5192
5197
5197
5198
5198
5198
5198
5197
5197
5197
5197
5197
5197
5197
5198
5198
5198
5197
5197
5197
5197
5197
5197
5197
5197
5197
5197
5197
5197
5197
5197
5197
5197
5197
5197
5198
5198
5198
5198
5197
5192
5197
5197
5197
5197
5197
5197
5197
5197
5197
5197
5197
5196
5196
5196
5196
5197
5197
5197
5197
5197
5170
5171
5171
5170
5170
5170
5170
5170
5170
5170
5170
5171
5171
5171
5171
5171
5171
5171
5171
5171
5171
5171
5171
5171
5171
5198
5198
5198
5198
5198
5198
5197
5197
5197
5197
5197
5197
5197
5197
5196
5197
5197
5197
5197
5197
5197
5197
5197
5197
5192
5192
5192
5197
5198
5198
5197
5197
5198
5193
5193
5192
5192
5192
5193
5193
5198
5198
5198
5198
5197
5197
5197
5192
5192
5192
5192
5192
5193
5198
5198
5198
5198
5198
5198
5198
5198
5198
5198
5198
5198
5198
5198
5198
5198
5197
5197
5197
5197
5197
5197
5197
5197
5197
5197
5197
5197
5197
5198
5198
5198
5198
5198
5198
5198
5198
5197
5197
5197
5197
5197
5197
5197
5197
5197
5197
5197
5197
5197
5197
5197
5197
5197
5197
5197
5197
5197
5197
5197
5192
5193
5198
5198
5198
5197
5197
5197
5197
5197
5192
5192
5192
5192
5192
5192
5192
5193
5193
5193
5193
5193
5198
5198
5197
5197
5197
5197
5197
5197
5197
5197
5197
5197
5192
5192
5192
5192
5192
5192
5192
5192
5192
5192
5192
5192
5192
5192
5192
5192
5192
5192
5192
5192
5191
5191
5191
5191
5191
5191
5191
5191
5192
5192
5192
5192
5192
5192
5192
5192
5192
5192
5192
5192
5192
5192
5192
5192
5192
5192
5192
5192
5192
5193
5193
5193
5193
5192
5193
5193
5193
5193
5193
5192
5192
5192
5192
5193
5192
5197
5197
5197
5197
5197
5197
5197
5197
5198
5198
5198
5198
5198
5198
5198
5197
5197
5197
5197
5197
5197
5197
5197
5197
5197
5197
5197
5198
5198
5198
5198
5198
5198
5197
5197
5197
5197
5192
5192
5192
5192
5192
5192
5192
5192
5192
5192
5192
5192
5191
5191
5192
5193
5193
5193
5193
5193
5193
5193
5193
5193
5193
5193
5193
5193
5193
5193
5193
5193
5193
5193
5193
5193
5193
5193
5193
5193
5193
5193
5193
5193
5193
5192
5192
5192
5192
5192
5192
5192
5192
5192
5191
5191
5191
5191
5191
5196
5196
5196
5197
5197
5197
5197
5197
5197
5197
5197
5197
5197
5197
5197
5197
5197
5197
5196
5197
5197
5197
5197
5197
5197
5197
5197
5197
5197
5192
5192
5191
5191
5164
5164
5164
5164
5164
5165
5165
5192
5192
5192
5192
5192
5192
5165
5165
5165
5165
5165
5165
5165
5192
5192
5192
5192
5192
5192
5192
5192
5192
5192
5192
5192
5192
5192
5192
5192
5192
5192
5192
5192
5192
5192
5192
5192
5192
5192
5197
5197
5197
5197
5197
5197
5196
5197
5196
5197
5197
5197
5197
5197
5192
5192
5193
5193
5193
5193
5193
5193
5193
5193
5193
5193
5193
5193
5192
5192
5192
5192
5192
5192
5192
5192
5192
5192
5192
5192
5193
5193
5193
5193
5193
5193
5193
5193
5193
5193
5193
5193
5193
5193
5192
5192
5192
5197
5197
5197
5197
5196
5196
5196
5196
5196
5196
5196
5196
5196
5197
5197
5197
5197
5197
5197
5197
5196
5196
5197
5197
5197
5197
5196
5196
5196
5196
5196
5196
5196
5196
5196
5196
5197
5197
5197
5197
5197
5197
5197
5197
5197
5197
5197
5197
5197
5197
5197
5197
5197
5197
5197
5197
5197
5197
5197
5197
5197
5197
5197
5197
5192
5192
5192
5192
5192
5192
5192
5192
5192
5192
5192
5192
5192
5192
5192
5192
5192
5192
5192
5192
5192
5192
5192
5192
5192
5192
5192
5192
5192
5192
5192
5192
5192
5192
5192
5192
5192
5192
5193
5192
5192
5192
5192
5192
5197
5197
5197
5197
5197
5197
5197
5197
5197
5198
5198
5198
5198
5198
5198
5198
5198
5198
5197
5197
5197
5197
5196
5196
5196
5196
5196
5196
5196
5196
5196
5196
5196
5196
5196
5196
5196
5196
5196
5196
5196
5196
5196
5196
5196
5196
5196
5196
5196
5196
5196
5196
5196
5196
5196
5196
5196
5196
5196
5196
5196
5196
5196
5196
5196
5196
5196
5196
5197
5197
5196
5196
5196
5196
5196
5196
5197
5197
5198
5198
5198
5197
5197
5197
5197
5197
5197
5197
5197
5197
5197
5197
5197
5197
5197
5197
5197
5197
5197
5197
5197
5197
5197
5197
5197
5197
5197
5197
5197
5197
5197
5197
5197
5197
5197
5197
5197
5197
5197
5197
5197
5197
5197
5197
5197
5197
5197
5197
5197
5197
5197
5197
5197
5197
5196
5196
5196
5196
5196
5196
5196
5196
5196
5191
5192
5192
5192
5192
5192
5197
5197
5197
5197
5197
5198
5197
5197
5197
5197
5197
5197
5197
5197
5197
5197
5197
5197
5197
5197
5197
5197
5197
5197
5197
5197
5197
5197
5197
5197
5197
5197
5197
5198
5198
5198
5198
5198
5193
5193
5198
5198
5198
5198
5198
5198
5198
5198
5198
5198
5198
5198
5198
5198
5198
5198
5198
5198
5198
5198
5197
5197
5197
5196
5196
5196
5196
5196
5196
5197
5197
5197
5197
5197
5197
5197
5197
5197
5197
5197
5197
5197
5197
5197
5197
5196
5197
5197
5197
5197
5197
5197
5197
5196
5196
5196
5196
5196
5196
5196
5196
5196
5196
5196
5196
5196
5196
5196
5196
5196
5196
5197
5197
5197
5197
5197
5197
5197
5198
5198
5198
5198
5198
5198
5198
5198
5198
5198
5198
5198
5198
5198
5198
5198
5198
5198
5198
5198
5198
5198
5197
5197
5197
5197
5197
5197
5197
5198
5198
5198
5198
5198
5198
5198
5198
5193
5193
5193
5193
5193
5193
5193
5193
5193
5193
5198
5198
5198
5198
5198
5198
5198
5198
5198
5198
5198
5198
5198
5198
5198
5198
5193
5193
5198
5198
5198
5198
5198
5198
5198
5198
5198
5198
5198
5197
5197
5197
5197
5197
5197
5197
5197
5197
5197
5197
5197
5198
5198
5198
5198
5198
5198
5198
5197
5196
5196
5196
5196
5196
5196
5196
5197
5197
5197
5197
5197
5196
5196
5196
5196
5196
5196
5196
5197
5197
5197
5197
5197
5197
5196
5196
5196
5191
5191
5196
5196
5196
5196
5196
5196
5197
5197
5197
5197
5197
5197
5197
5197
5197
5196
5196
5197
5197
5198
5198
5198
5198
5197
5197
5197
5197
5197
5197
5197
5197
5197
5197
5197
5197
5197
5197
5197
5197
5197
5197
5197
5197
5198
5198
5198
5198
5198
5198
5198
5198
5198
5197
5197
5197
5197
5197
5197
5197
5197
5197
5196
5196
5196
5196
5196
5196
5196
5196
5196
5196
5196
5196
5196
5196
5196
5197
5197
5197
5197
5197
5197
5197
5197
5197
5198
5198
5198
5198
5198
5193
5193
5198
5198
5198
5198
5198
5198
5198
5198
5198
5198
5198
5198
5198
5198
5198
5198
5198
5197
5197
5197
5197
5197
5197
5197
5198
5198
5198
5198
5198
5198
5198
5198
5198
5198
5198
5198
5198
5198
5198
5198
5198
5198
5198
5197
5197
5197
5197
5197
5197
5197
5197
5197
5197
5197
5197
5196
5196
5196
5196
5197
5197
5197
5197
5197
5196
5191
5191
5191
5191
5191
5191
5191
5191
5191
5191
5191
5191
5196
5196
5196
5196
5196
5196
5196
5196
5196
5196
5196
5196
5196
5196
5196
5196
5191
5191
5191
5192
5192
5192
5192
5192
5191
5192
5192
5192
5192
5192
5192
5193
5193
5193
5193
5193
5192
5192
5192
5192
5192
5192
5192
5192
5192
5192
5197
5197
5197
5198
5198
5198
5198
5198
5198
5198
5198
5198
5198
5198
5198
5198
5198
5198
5198
5198
5198
5198
5198
5198
5198
5198
5198
5198
5198
5198
5198
5198
5198
5198
5198
5198
5198
5198
5198
5198
5198
5198
5198
5198
5198
5198
5198
5198
5198
5198
5198
5198
5198
5198
5198
5198
5198
5198
5198
5198
5198
5198
5198
5198
5198
5198
5198
5198
5198
5197
5197
5197
5197
5197
5197
5196
5196
5196
5196
5196
5196
5196
5196
5196
5196
5196
5197
5197
5197
5197
5192
5193
5193
5193
5193
5193
5193
5193
5193
5193
5193
5193
5193
5193
5193
5193
5193
5192
5192
5192
5192
5192
5192
5192
5192
5192
5192
5192
5192
5192
5191
5191
5191
5191
5191
5191
5191
5191
5191
5192
5192
5192
5192
5192
5192
5192
5192
5192
5192
5192
5191
5192
5192
5192
5192
5192
5192
5192
5191
5191
5192
5192
5192
5192
5192
5192
5191
5191
5192
5192
5197
5197
5197
5197
5197
5192
5192
5192
5192
5192
5197
5197
5197
5197
5197
5197
5197
5197
5197
5197
5197
5197
5196
5196
5196
5196
5197
5196
5196
5196
5196
5196
5196
5196
5196
5196
5196
5196
5196
5196
5196
5196
5196
5191
5191
5191
5191
5191
5191
5191
5191
5191
5191
5191
5191
5191
5191
5191
5191
5192
5192
5192
5191
5191
5191
5191
5191
5191
5191
5191
5191
5191
5191
5191
5191
5191
5191
5191
5191
5191
5191
5191
5191
5191
5191
5191
5191
5191
5191
5191
5191
5191
5191
5191
5192
5192
5193
5198
5198
5198
5197
5197
5198
5197
5192
5191
5191
5191
5191
5191
5191
5191
5191
5191
5191
5191
5191
5191
5191
5191
5191
5191
5191
5191
5191
5192
5192
5192
5193
5198
5198
5198
5198
5197
5197
5196
5196
5196
5196
5196
5196
5196
5196
5196
5196
5196
5196
5196
5196
5196
5196
5196
5196
5196
5196
5196
5196
5196
5196
5196
5196
5196
5196
5196
5196
5196
5196
5197
5197
5197
5197
5198
5198
5198
5198
5198
5198
5198
5198
5198
5198
5198
5198
5197
5197
5197
5197
5197
5197
5197
5197
5196
5196
5196
5196
5196
5196
5197
5197
5197
5197
5192
5192
5192
5193
5193
5193
5198
5198
5198
5198
5198
5198
5198
5198
5198
5197
5197
5198
5198
5198
5198
5198
5198
5198
5198
5198
5198
5198
5198
5198
5198
5198
5198
5198
5198
5198
5198
5198
5198
5198
5198
5198
5198
5198
5198
5198
5198
5198
5198
5198
5197
5197
5197
5197
5197
5197
5197
5197
5198
5198
5198
5198
5198
5198
5198
5198
5198
5198
5198
5198
5198
5198
5197
5197
5197
5197
5197
5197
5197
5197
5197
5197
5197
5196
5196
5196
5196
5197
5197
5197
5197
5197
5197
5197
5197
5197
5197
5197
5197
5197
5197
5197
5198
5198
5198
5198
5198
5198
5198
5198
5198
5198
5197
5196
5196
5197
5197
5197
5197
5197
5197
5197
5197
5197
5197
5198
5198
5198
5198
5198
5198
5198
5198
5198
5198
5198
5198
5198
5198
5198
5198
5198
5198
5198
5198
5198
5198
5198
5198
5198
5198
5198
5198
5198
5198
5198
5198
5198
5198
5198
5198
5198
5198
5197
5197
5197
5197
5197
5197
5197
5197
5197
5197
5197
5197
5197
5197
5197
5192
5192
5192
5192
5192
5192
5192
5192
5192
5192
5193
5193
5193
5193
5193
5193
5193
5198
5198
5198
5198
5198
5198
5198
5198
5198
5198
5198
5198
5198
5198
5198
5198
5198
5198
5198
5198
5198
5198
5198
5198
5198
5198
5198
5198
5198
5198
5198
5198
5198
5198
5198
5198
5198
5198
5198
5198
5198
5198
5198
5198
5198
5198
5198
5198
5198
5198
5198
5198
5198
5198
5198
5198
5198
5198
5198
5198
5198
5198
5198
5198
5198
5198
5198
5198
5198
5198
5198
5198
5198
5198
5198
5197
5197
5197
5197
5197
5197
5197
5198
5198
5198
5198
5198
5198
5198
5198
5198
5198
5198
5198
5198
5198
5198
5198
5198
5198
5198
5198
5198
5198
5198
5198
5198
5198
5198
5198
5198
5198
5198
5198
5198
5198
5198
5198
5198
5198
5198
5198
5198
5198
5198
5198
5198
5198
5198
5198
5198
5198
5198
5198
5197
5197
5197
5198
5198
5197
5198
5198
5198
5198
5198
5198
5198
5198
5198
5198
5198
5198
5198
5198
5198
5197
5197
5197
5197
5197
5197
5197
5198
5198
5198
5198
5198
5198
5197
5198
5198
5198
5198
5198
5198
5198
5198
5197
5197
5197
5197
5197
5197
5197
5197
5197
5197
5197
5196
5196
5196
5196
5196
5196
5196
5196
5196
5196
5197
5197
5198
5198
5197
5197
5197
5198
5198
5198
5198
5198
5198
5198
5198
5198
5198
5198
5197
5197
5197
5196
5196
5196
5196
5196
5196
5196
5196
5196
5196
5196
5196
5196
5196
5196
5196
5196
5196
5196
5196
5196
5196
5197
5197
5197
5197
5197
5197
5197
5197
5198
5198
5198
5198
5198
5198
5198
5198
5197
5197
5197
5196
5196
5197
5197
5197
5197
5197
5197
5197
5197
5197
5197
5197
5197
5197
5196
5197
5197
5197
5197
5197
5197
5197
5197
5197
5197
5197
5197
5197
5197
5197
5196
5196
5196
5196
5196
5196
5196
5196
5196
5196
5196
5196
5196
5196
5196
5196
5196
5196
5196
5196
5196
5197
5197
5197
5197
5197
5197
5197
5197
5197
5197
5197
5197
5197
5197
5197
5197
5197
5197
5197
5197
5197
5197
5197
5197
5197
5197
5197
5197
5197
5197
5197
5197
5198
5198
5198
5198
5198
5198
5198
5198
5198
5198
5198
5198
5198
5198
5198
5198
5197
5197
5197
5197
5197
5197
5197
5197
5197
5197
5197
5197
5197
5197
5197
5197
5197
5196
5196
5196
5196
5196
5196
5196
5196
5197
5197
5197
5197
5197
5197
5197
5197
5197
5197
5197
5197
5197
5197
5197
5197
5197
5197
5196
5196
5196
5196
5196
5197
5197
5197
5197
5197
5197
5197
5197
5197
5197
5197
5197
5197
5197
5197
5197
5197
5197
5197
5197
5197
5197
5197
5197
5197
5197
5196
5196
5196
5196
5197
5197
5197
5197
5197
5197
5197
5197
5196
5196
5196
5196
5196
5196
5196
5196
5196
5196
5196
5196
5196
5196
5196
5196
5196
5196
5197
5197
5197
5197
5197
5197
5197
5197
5197
5197
5197
5197
5197
5197
5197
5197
5197
5197
5197
5197
5197
5197
5197
5197
5197
5197
5197
5197
5197
5197
5197
5197
5197
5197
5197
5197
5197
5197
5197
5197
5197
5197
5197
5197
5197
5197
5197
5197
5197
5197
5197
5197
5197
5197
5197
5197
5197
5197
5197
5197
5196
5196
5196
5196
5196
5196
5196
5196
5196
5196
5196
5196
5196
5196
5197
5197
5197
5197
5197
5197
5198
5198
5198
5198
5198
5198
5198
5198
5198
5198
5198
5198
5198
5198
5198
5198
5198
5198
5198
5198
5198
5198
5198
5198
5198
5198
5198
5198
5198
5198
5198
5197
5197
5197
5197
5197
5197
5197
5197
5197
5197
5197
5197
5197
5197
5197
5197
5197
5197
5197
5197
5198
5198
5198
5198
5198
5198
5197
5196
5196
5196
5196
5196
5197
5197
5197
5197
5197
5197
5197
5198
5198
5198
5198
5198
5198
5198
5198
5198
5198
5198
5197
5197
5197
5197
5197
5197
5197
5197
5197
5197
5197
5197
5198
5198
5198
5198
5198
5198
5198
5198
5198
5198
5198
5198
5198
5198
5198
5198
5198
5198
5198
5198
5198
5198
5198
5198
5198
5198
5198
5198
5198
5198
5198
5198
5198
5198
5198
5198
5198
5198
5198
5198
5198
5198
5198
5198
5198
5197
5197
5197
5197
5197
5197
5197
5197
5197
5197
5197
5198
5198
5198
5198
5198
5198
5198
5198
5198
5198
5198
5198
5198
5197
5197
5197
5197
5197
5197
5197
5197
5197
5197
5197
5197
5197
5197
5198
5198
5198
5198
5198
5198
5198
5198
5198
5198
5198
5198
5198
5198
5198
5198
5198
5198
5198
5198
5198
5198
5198
5197
5197
5197
5197
5197
5197
5197
5197
5197
5197
5197
5197
5197
5196
5197
5197
5197
5197
5197
5197
5197
5197
5197
5198
5198
5198
5198
5198
5198
5198
5198
5198
5198
5198
5198
5198
5198
5198
5198
5198
5198
5198
5198
5198
5198
5198
5198
5198
5198
5198
5198
5198
5198
5198
5198
5198
5198
5198
5197
5197
5197
5197
5197
5197
5197
5197
5197
5197
5197
5197
5197
5197
5197
5197
5197
5197
5197
5197
5197
5196
5196
5196
5196
5196
5196
5196
5196
5196
5196
5196
5196
5196
5197
5197
5197
5197
5197
5197
5197
5197
5197
5197
5197
5197
5197
5197
5197
5197
5197
5197
5197
5197
5197
5197
5197
5197
5197
5197
5197
5197
5197
5197
5197
5197
5197
5197
5197
5197
5197
5197
5196
5196
5196
5196
5196
5196
5196
5197
5197
5197
5197
5197
5197
5197
5198
5198
5198
5198
5198
5198
5198
5198
5198
5198
5198
5198
5198
5198
5198
5198
5198
5198
5198
5198
5198
5198
5198
5198
5198
5198
5198
5198
5198
5198
5198
5198
5198
5198
5198
5198
5198
5198
5198
5198
5198
5198
5198
5198
5198
5198
5198
5198
5198
5198
5198
5198
5198
5198
5198
5198
5198
5198
5198
5198
5198
5198
5198
5198
5198
5198
5198
5198
5198
5198
5198
5198
5198
5198
5198
5198
5198
5198
5198
5198
5198
5198
5198
5197
5197
5197
5197
5197
5198
5198
5198
5198
5198
5198
5198
5198
5198
5198
5198
5198
5198
5198
5198
5198
5198
5198
5198
5198
5198
5198
5198
5198
5198
5198
5198
5198
5198
5198
5198
5198
5198
5198
5198
5198
5198
5198
5198
5198
5198
5198
5198
5198
5198
5198
5198
5198
5198
5198
5198
5198
5197
5197
5197
5197
5197
5197
5197
5197
5197
5197
5197
5197
5197
5197
5197
5197
5197
5197
5197
5197
5197
5197
5197
5197
5198
5198
5198
5198
5198
5198
5198
5198
5198
5198
5198
5198
5198
5197
5197
5197
5197
5197
5197
5197
5197
5198
5198
5198
5198
5198
5198
5198
5198
5198
5198
5198
5198
5198
5198
5198
5198
5198
5198
5198
5198
5198
5198
5198
5198
5198
5198
5198
5198
5198
5197
5197
5197
5197
5197
5197
5197
5197
5197
5197
5197
5197
5197
5197
5198
5198
5198
5198
5198
5198
5198
5198
5198
5198
5198
5198
5198
5198
5198
5198
5198
5198
5198
5198
5198
5198
5198
5198
5198
5198
5198
5198
5198
5198
5198
5198
5198
5198
5198
5198
5198
5198
5198
5198
5198
5198
5198
5198
5198
5198
5198
5198
5198
5198
5198
5198
5198
5198
5198
5198
5198
5198
5198
5198
5198
5198
5198
5198
5198
5198
5198
5198
5198
5198
5198
5198
5198
5198
5198
5198
5198
5198
5198
5198
5198
5198
5198
5198
5198
5198
5198
5198
5198
5198
5198
5198
5198
5198
5198
5198
5198
5198
5198
5198
5198
5198
5198
5198
5198
5198
5198
5198
5198
5198
5198
5198
5198
5198
5198
5198
5198
5198
5198
5198
5198
5198
5198
5198
5198
5198
5198
5198
5198
5198
5198
5198
5198
5198
5198
5198
5198
5198
5198
5198
5198
5198
5198
5198
5198
5198
5198
5198
5198
5198
5198
5198
5198
5198
5198
5198
5198
5198
5198
5197
5197
5197
5197
5198
5198
5198
5198
5198
5198
5198
5197
5197
5197
5197
5197
5197
5198
5198
5198
5198
5198
5198
5198
5198
5198
5198
5198
5198
5198
5198
5197
5197
5197
5197
5197
5197
5197
5197
5197
5197
5197
5197
5197
5197
5198
5198
5198
5198
5198
5198
5198
5198
5198
5198
5198
5197
5197
5197
5197
5197
5197
5197
5197
5198
5198
5198
5198
5198
5198
5198
5198
5198
5198
5198
5198
5198
5198
5198
5198
5198
5198
5198
5198
5198
5198
5198
5198
5198
5198
5198
5198
5198
5198
5198
5198
5198
5198
5198
5198
5198
5198
5198
5198
5198
5198
5198
5198
5198
5198
5198
5198
5198
5198
5198
5198
5198
5198
5198
5198
5198
5198
5198
5198
5198
5198
5198
5198
5198
5198
5198
5198
5198
5198
5198
5198
5198
5198
5198
5198
5198
5198
5198
5198
5198
5198
5198
5198
5198
5198
5198
5197
5197
5197
5197
5197
5197
5197
5197
5197
5198
5198
5198
5198
5198
5198
5198
5198
5198
5198
5198
5198
5198
5198
5198
5198
5198
5198
5198
5198
5198
5198
5198
5198
5198
5198
5197
5197
5197
5197
5197
5197
5197
5197
5197
5197
5197
5197
5197
5197
5197
5197
5197
5197
5197
5197
5197
5197
5197
5198
5198
5198
5198
5198
5198
5198
5198
5198
5198
5198
5198
5198
5198
5198
5198
5198
5198
5198
5198
5198
5198
5198
5198
5198
5198
5198
5198
5198
5198
5198
5198
5198
5198
5198
5198
5198
5198
5198
5198
5198
5198
5198
5198
5198
5198
5198
5198
5197
5197
5197
5197
5197
5197
5197
5197
5197
5197
5197
5197
5197
5197
5197
5197
5197
5197
5197
5197
5197
5197
5197
5197
5197
5197
5197
5197
5197
5197
5197
5197
5197
5197
5197
5197
5198
5198
5197
5197
5197
5197
5197
5197
5197
5197
5197
5197
5197
5197
5197
5197
5197
5197
5197
5197
5197
5197
5197
5197
5198
5198
5198
5198
5198
5198
5198
5198
5198
5198
5198
5198
5198
5198
5198
5198
5198
5198
5198
5198
5198
5198
5198
5198
5198
5198
5198
5198
5198
5198
5198
5198
5198
5198
5198
5198
5198
5198
5198
5198
5198
5198
5198
5198
5198
5198
5198
5198
5198
5198
5198
5198
5198
5198
5198
5198
5198
5198
5198
5198
5198
5198
5198
5198
5198
5198
5198
5198
5198
5198
5198
5198
5198
5198
5198
5198
5198
5198
5198
5198
5198
5198
5198
5198
5198
5198
5198
5198
5198
5198
5198
5198
5198
5198
5198
5198
5198
5198
5198
5198
5198
5198
5198
5198
5198
5198
5198
5198
5198
5198
5198
5197
5197
5197
5197
5197
5197
5197
5197
5197
5197
5197
5197
5197
5197
5197
5197
5197
5197
5197
5197
5197
5197
5197
5197
5197
5197
5197
5197
5198
5198
5198
5198
5198
5198
5198
5198
5198
5198
5198
5198
5198
5198
5198
5198
5198
5198
5198
5198
5198
5198
5198
5198
5198
5198
5198
5198
5198
5198
5198
5198
5198
5198
5198
5198
5198
5198
5198
5198
5198
5198
5198
5198
5198
5198
5198
5198
5198
5198
5198
5198
5198
5198
5198
5198
5198
5198
5198
5198
5198
5198
5198
5198
5198
5198
5198
5198
5198
5198
5198
5198
5198
5198
5198
5198
5198
5198
5198
5198
5198
5198
5198
5198
5198
5198
5198
5198
5198
5198
5198
5198
5198
5198
5198
5198
5198
5198
5198
5198
5198
5198
5198
5198
5198
5198
5198
5198
5198
5198
5198
5198
5198
5198
5198
5198
5198
5198
5198
5198
5198
5198
5198
5198
5198
5198
5198
5198
5198
5198
5198
5198
5198
5198
5198
5198
5198
5198
5198
5198
5198
5198
5198
5198
5198
5198
5198
5198
5198
5198
5198
5198
5198
5198
5198
5198
5198
5198
5198
5198
5198
5198
5198
5198
5198
5198
5198
5198
5198
5198
5198
5198
5198
5198
5198
5198
5198
5198
5198
5198
5198
5198
5198
5198
5198
5198
5198
5198
5198
5198
5198
5198
5198
5198
5198
5198
5198
5198
5198
5198
5198
5198
5198
5198
5198
5198
5198
5198
5198
5198
5198
5198
5198
5198
5198
5198
5198
5198
5198
5198
5198
5198
5198
5198
5198
5198
5198
5198
5198
5198
5198
5198
5198
5198
5198
5198
5198
5198
5198
5198
5198
5198
5198
5198
5198
5198
5198
5198
5198
5198
5198
5198
5198
5198
5198
5198
5198
5198
5198
5198
5198
5198
5198
5198
5198
5198
5198
5198
5198
5198
5198
5198
5198
5198
5198
5198
5198
5198
5198
5198
5198
5198
5198
5198
5198
5198
5198
5198
5198
5198
5198
5198
5198
5198
5198
5198
5197
5197
5197
5197
5197
5197
5197
5197
5197
5197
5197
5197
5197
5197
5197
5197
5197
5197
5197
5197
5197
5197
5197
5197
5197
5197
5197
5197
5197
5197
5197
5197
5197
5197
5197
5197
5197
5197
5197
5197
5197
5198
5198
5198
5198
5198
5198
5198
5198
5198
5198
5198
5198
5198
5198
5198
5198
5198
5198
5198
5198
5198
5198
5198
5198
5198
5198
5198
5198
5198
5198
5198
5198
5198
5198
5198
5198
5198
5198
5198
5198
5198
5198
5198
5198
5198
5198
5198
5198
5198
5198
5198
5198
5198
5198
5198
5198
5198
5198
5198
5198
5198
5198
5198
5198
5198
5198
5198
5198
5198
5198
5198
5198
5198
5198
5198
5198
5198
5198
5198
5198
5198
5198
5198
5198
5198
5198
5198
5198
5198
5198
5198
5198
5198
5198
5198
5198
5198
5198
5198
5198
5198
5198
5198
5198
5198
5198
5198
5198
5198
5198
5198
5198
5198
5198
5198
5198
5198
5198
5198
5198
5198
5198
5198
5198
5197
5197
5197
5197
5197
5197
5197
5197
5197
5197
5197
5197
5197
5197
5197
5197
5197
5197
5197
5197
5197
5197
5197
5197
5197
5197
5197
5197
5197
5198
5198
5198
5198
5198
5198
5198
5198
5198
5198
5198
5198
5198
5198
5198
5198
5198
5198
5198
5198
5198
5198
5198
5198
5198
5198
5198
5198
5198
5198
5198
5198
5198
5198
5198
5198
5198
5198
5198
5198
5198
5198
5198
5198
5198
5198
5198
5198
5198
5198
5198
5198
5198
5198
5198
5198
5198
5198
5198
5198
5198
5198
5198
5198
5198
5198
5198
5198
5198
5198
5198
5198
5198
5198
5198
5198
5198
5198
5198
5198
5198
5198
5198
5198
5198
5198
5198
5198
5198
5198
5198
5198
5198
5198
5198
5198
5198
5198
5198
5198
5198
5198
5198
5198
5198
5198
5198
5198
5198
5198
5198
5198
5198
5198
5198
5198
5198
5198
5198
5198
5198
5198
5198
5198
5198
5198
5198
5198
5198
5198
5198
5198
5198
5198
5198
5198
5198
5198
5198
5198
5198
5198
5198
5198
5198
5198
5198
5198
5198
5198
5198
5198
5198
5198
5198
5198
5198
5198
5198
5198
5198
5198
5198
5198
5198
5198
5198
5198
5198
5198
5198
5198
5198
5198
5198
5198
5198
5198
5198
5198
5198
5198
5198
5198
5198
5198
5198
5198
5198
5198
5198
5198
5198
5198
5198
5198
5198
5198
5198
5198
5198
5198
5198
5198
5198
5198
5198
5198
5198
5198
5198
5198
5198
5198
5198
5198
5198
5198
5198
5198
5198
5198
5198
5198
5198
5198
5198
5198
5198
5198
5198
5198
5198
5198
5198
5198
5198
5198
5198
5198
5198
5198
5198
5198
5198
5198
5198
5198
5198
5198
5198
5198
5198
5198
5198
5198
5198
5198
5198
5198
5198
5198
5198
5198
5198
5198
5198
5198
5198
5198
5198
5198
5198
5198
5198
5198
5198
5198
5198
5198
5198
5198
5198
5198
5198
5198
5198
5198
5198
5198
5198
5198
5198
5198
5198
5198
5198
5198
5198
5198
5198
5198
5198
5198
5198
