4324
4424
4684
4966
4315
4315
4215
4215
4266
4266
4650
5008
5247
5196
5196
5246
4684
4275
4036
4036
4136
4698
4136
4545
5000
5051
5000
4545
4445
5096
5196
4841
4509
4151
4051
3791
3792
3792
3791
3791
3792
4031
4486
4841
4841
4841
4602
4602
4602
4934
4933
4524
4763
4764
4763
4371
4039
3584
3684
3684
3684
4016
4016
3333
3333
3725
3725
3341
3341
3102
3102
3102
3102
3102
3460
3410
3460
3869
4253
4708
4708
4376
3885
3885
3476
4159
4159
4568
4568
4568
4828
4828
5160
5176
5126
5026
4671
4339
4389
4389
4389
4390
4490
4541
4525
4525
4070
4086
3728
3728
4083
4538
4154
4154
4645
4545
4545
4545
3894
4252
3992
3992
3976
3925
3976
3976
3976
3694
3694
4078
4178
4178
4178
3687
3686
3635
3635
3635
3874
4156
4156
4207
4207
4207
4207
4207
4207
4207
4207
4208
4157
4157
4489
4080
4340
4340
3891
3890
3506
3151
3560
3278
3278
2886
2886
2902
2852
3343
3792
3792
3792
4147
4147
3464
3015
3399
3399
3399
3139
3701
3701
3346
3346
3346
3628
3628
3628
3629
3613
3612
3872
3922
3467
3859
4510
4561
5010
5010
5010
4618
4618
4234
4626
5081
4981
4931
5286
5235
5235
5235
4786
4886
4531
4886
4886
4528
4912
4912
4673
4391
4441
4057
4441
4109
3754
3754
3754
4112
4112
4112
4394
4633
4634
4179
4230
3579
3578
3528
3528
3983
3983
3999
3999
3999
3590
3591
3590
3330
3330
3662
3922
3972
3972
3972
3921
3922
4573
4573
4557
4557
4557
4557
4507
4507
4523
4139
3879
3878
4138
4138
4122
4138
4189
4189
3538
4189
3950
3950
4189
4189
4189
4638
4587
4348
4348
4348
4399
4399
4754
5163
5163
5163
5164
5164
5064
5013
5013
4655
4655
4654
4705
4445
4445
4705
4705
5388
5388
5488
4805
4805
4805
4805
4754
4738
5122
4862
4413
4131
4182
4442
4050
4050
4332
4781
4426
4818
4718
4734
4734
4734
4683
4683
4274
4274
4629
4729
4729
5138
5821
5259
5259
5260
4905
4573
4905
5260
5618
5336
5387
5387
5387
5387
5669
5214
5214
5214
5214
5163
5147
5146
5385
5385
5103
5103
5119
5119
5019
5474
5475
5215
5215
5777
5538
5538
5537
5537
5537
4886
4431
4431
4886
4886
4886
4886
5146
4584
4568
4618
4718
4718
4957
4957
4973
4973
4524
5086
5087
5087
5071
5071
5722
5773
5773
5364
5646
5155
4771
4771
4720
5169
5169
5069
5069
5085
5085
5085
5185
5569
5469
5469
5453
5453
5453
5214
5214
5265
4873
4873
4872
4821
4821
4822
4822
4838
4837
4453
4944
5328
5328
5328
5379
5788
5888
5888
5439
5439
5423
5662
5663
5403
5402
5402
5402
5402
5402
5662
5011
5011
5011
4911
5562
5662
5330
5662
5663
6055
6071
5739
5177
5077
4722
4722
4706
4706
4348
4347
4347
4679
4679
4419
4519
4419
4419
4419
4419
4435
4435
4435
4419
4419
4419
4419
4368
4368
4369
4319
4579
4934
4674
5236
5236
5235
5235
5285
5285
5046
5046
5097
5097
5097
5097
4642
4642
5091
5091
5091
5091
5546
5546
5546
5546
5546
5546
5546
5806
5806
5756
5995
5995
5995
5995
5995
5995
5995
5995
5944
5944
5944
5944
5944
5944
5382
4990
5382
5382
5433
5433
5194
4862
4470
4470
4709
4709
4260
4652
4652
4652
4652
5101
5201
5201
5201
5201
5202
5202
5560
5559
5204
5536
5536
5536
5536
4885
4885
4885
4625
4386
5037
5276
5276
5536
5536
5536
5436
5998
6048
5997
5997
5997
5997
5639
5148
5248
5603
5603
5271
5271
5762
5778
5778
5778
5762
5762
5762
5762
5762
5662
5307
5307
4858
4858
4858
5216
5216
5216
4807
4352
4352
4353
4353
4303
3945
4045
4454
4454
4454
4454
4470
4470
4520
4852
4852
4520
4520
4238
4687
4686
5018
5018
4918
5273
5631
5615
5631
5631
5631
5581
5581
6036
6036
6036
6036
6036
6020
5781
5781
5881
5932
5932
5933
5933
6215
5857
5857
5857
6096
6096
6095
5740
5741
5741
5741
5741
5741
5741
5741
5741
5641
5641
5402
5402
5351
5351
5451
5451
5451
5059
5414
5464
5109
5109
4700
4700
4600
4216
4267
4283
4283
4383
4775
5014
5014
5014
4565
4565
4565
4565
4565
4173
4565
4565
4565
4974
4974
4735
5119
5358
5807
5807
5568
5518
5518
5757
5365
5415
5031
5031
4980
4980
4531
4915
4865
4865
4605
4655
4706
5064
5064
5456
5456
4805
4805
4705
4689
4689
4638
4588
4588
4230
3898
3659
3919
3970
4302
3910
3910
3960
3960
4315
4315
4966
4966
5358
4903
4903
4903
4903
4903
4903
4903
4902
4902
4570
4809
4809
4810
4810
5168
4908
5008
5008
4624
4573
5028
5360
5360
5360
5360
4798
4798
4798
5058
4798
4115
4115
4115
4115
4114
4115
4065
3783
3783
3783
4345
4396
4678
4678
4678
5361
5361
5360
5028
5029
4747
5131
5181
5131
5131
5131
5130
4891
4891
4891
4482
4482
4482
4482
4482
4532
4771
4772
5221
5221
4772
4210
4210
4772
4721
5053
5104
5104
5104
5364
5125
5075
5074
5124
5124
5124
4669
4669
4685
5094
5094
5094
5094
5094
5044
5044
5044
4712
4150
3792
3741
3741
4303
4303
4303
4635
4635
4993
4601
4601
4652
4652
4297
4297
4752
4420
4775
4775
4775
4775
4724
4724
4624
4364
4464
4464
4514
4514
4514
4774
4775
4775
4775
4515
4160
4442
4441
4391
4391
4783
4783
4783
5043
5043
5094
5095
5094
5095
5079
5079
5028
5028
5028
5028
5028
5383
5383
5383
5383
5383
5434
5434
5434
5434
5434
5383
5383
5399
5638
5638
5076
5060
5060
5076
5408
5408
5408
5408
5408
5407
5168
5407
5407
5856
5857
5857
5857
5857
5856
5756
5806
5756
5806
5806
5806
5806
5806
5806
5790
5790
5890
5498
5498
5498
5498
5498
5498
5498
5216
5216
5217
5167
5167
5167
5167
5167
5167
5218
5780
5780
5780
5780
5780
6172
6172
6121
5630
5630
5630
5630
5630
5630
5630
5630
5630
6121
6121
5882
6121
6403
6453
6453
6453
6453
6453
6453
6214
6214
5759
5759
5759
5759
5499
5738
5789
5789
5689
5689
5639
5639
5639
5639
5655
5655
5655
5639
5639
5639
5639
5639
5639
5639
5639
5639
5638
5638
5654
5754
5754
5754
5754
5754
5754
5754
5754
5755
5397
5397
5397
4988
4972
4972
4972
4972
5330
5590
5590
5590
5590
5590
5999
5999
6454
6454
6454
6122
6172
6172
6172
6122
6122
6122
6172
6172
5521
5521
5521
5521
5521
5471
5471
5471
5471
5470
5470
5470
5470
5419
5419
5470
5470
5802
5802
5802
5802
5802
5311
5802
5802
5803
5803
5803
5803
5803
6454
6454
6454
6454
6454
6504
6504
6095
5412
5412
5412
5412
5362
5412
5312
5312
5261
5670
5670
5669
5220
5220
5220
5220
5220
4828
5220
5220
5220
5220
5220
5220
5220
5170
5220
5236
5336
5785
6468
6468
6229
6229
6229
6280
6280
6280
6281
6281
6281
6281
5872
5871
6110
6060
5960
5960
5721
5721
5705
5054
5705
5705
5705
5705
5705
6114
6114
6114
6114
6063
6063
6114
6114
6114
6114
6114
6114
6114
6114
6114
6114
6353
6403
6503
6503
6503
6503
6503
6503
6119
6503
6503
6503
6094
6094
5834
5834
5784
5784
6193
6193
6193
5954
6004
6004
6004
6004
6004
6004
6004
6004
6004
6243
6243
6243
6244
5860
5860
5528
5478
5478
5427
5811
5811
5811
5862
5862
5862
5861
5579
5579
5580
5912
5912
5528
5528
5528
5528
5810
6070
6070
5712
5711
5611
5611
5611
5611
5611
5611
5611
5202
5202
5203
5202
5202
5202
5611
5612
5612
5612
5970
5970
5970
6070
6070
6120
6136
6136
6136
6136
6136
6036
6036
6036
6036
6036
6036
6036
6036
6036
5986
5935
5935
5935
5935
5935
5986
5986
5986
5986
5986
5986
5986
5986
5986
5986
5970
5970
5919
5919
5919
6303
6303
6319
6419
6137
6419
6419
5736
5636
5252
5352
4861
4912
4812
4912
4557
4457
4457
4457
4456
4098
4098
4082
4098
4099
4199
4199
4199
4199
4199
4583
4583
4583
4567
4925
4925
4925
4925
4925
4874
4874
4874
4890
4890
4890
4790
4841
4841
4841
4825
5316
5316
5316
5332
5332
5332
5332
5332
5687
5687
5332
5687
5687
5687
5687
5687
6370
6370
6420
6420
6420
6420
6370
6370
6370
6470
6470
6188
6172
6172
6172
6171
6171
6171
6171
5932
5523
5523
5523
5523
5932
6214
6214
6214
6214
6214
6214
6214
6214
6214
6214
6214
6214
6453
6453
6069
6069
6119
6120
5762
5762
5762
5430
5430
5170
5554
5554
5554
5554
5554
5554
5554
5553
5553
5553
5503
5503
5503
5503
5504
5453
5811
5811
5811
5811
5811
5811
6143
6193
6192
6452
6452
6452
6452
6468
6076
6076
6026
6026
6026
6418
6418
6418
6402
6402
6402
6453
6402
6453
6453
6453
6453
6453
6453
6453
6453
6453
6453
6061
5822
5822
5822
5822
5822
5722
5772
5872
5872
5772
5772
5772
5772
5772
5773
5773
6165
6181
6180
6180
6164
5806
6164
6164
5832
6071
6071
6071
6071
6071
6171
6503
6503
6503
6503
6503
6503
6403
6045
6045
6045
6045
6045
6045
6045
6045
6045
6045
5806
5906
5855
5855
5855
5855
5855
5855
5906
5907
5907
5907
5575
5575
5575
5525
5525
5525
5525
5525
5525
5541
5541
5541
5541
5541
5541
5541
5541
5541
5899
5899
5899
5899
5898
5898
5898
5898
5898
5898
5898
5898
5847
5847
6086
6086
6070
6070
6121
6137
6137
6187
5738
5687
5687
5687
5687
5687
5687
5687
6019
6019
6019
6019
6070
6519
6110
6060
6060
6060
5728
5728
5728
5728
5728
5237
5237
5237
5238
5238
5729
5729
5729
5374
5424
5424
5424
5424
5142
5091
5500
5500
5855
5855
6187
6187
6187
6238
6238
6238
6238
6238
6238
6138
6138
6138
6137
6137
6086
6368
6368
6368
6318
6302
6302
6302
6302
6302
6302
6353
6353
6353
6353
6353
6353
5995
5995
6011
6011
6061
6010
6010
6010
5960
5960
5551
5909
5909
5893
5893
5894
5894
5944
5944
6353
6353
6369
6369
6369
6353
6353
6353
6352
6352
6352
6352
6352
6352
6352
6352
6352
6352
6352
6452
6452
6452
6452
6452
6452
6452
6452
6452
6452
6452
6452
6503
6503
6519
6519
6419
6419
6420
6420
6404
6404
6404
6404
6404
6404
6404
6404
6404
6404
6404
6404
6404
6404
6404
6404
6404
6404
6404
6404
6404
6420
6420
6419
6419
6419
6419
6419
6419
6419
6419
6419
6419
6419
6419
6419
6419
6419
6087
6187
6136
6136
6136
6136
6136
5897
6229
6280
6280
6280
6519
6419
6419
6087
6087
6088
6088
6088
6088
6088
6088
6087
6087
6187
6187
5905
5905
5906
5906
5906
5551
5551
5906
6188
6188
6188
6188
6188
6520
6520
6520
6470
6470
6470
6470
6470
6470
6470
6470
6470
6419
6419
6419
6137
6137
6136
6136
6136
6136
6136
6136
6136
6136
6136
6136
6136
6136
5781
5781
5781
5781
5423
5323
5323
5323
5063
5063
5063
5063
5063
5063
5063
5163
5521
5521
5876
5876
5876
6158
6158
6158
6158
6159
6159
6210
6194
6210
6470
6520
6520
6520
6520
6520
6520
6520
6520
6520
6469
6469
6469
6469
6469
6469
6419
6419
6419
6470
6470
6469
6519
6519
6519
6519
6519
6519
6519
6519
6519
6419
6419
6419
5970
5970
5970
5970
5970
5970
5970
5954
5954
5970
5970
5970
5710
5694
5694
5694
5694
5694
5694
5643
5643
6092
6192
6192
6192
6208
6209
6209
6209
6209
6209
6209
6209
5854
5854
5854
5905
5905
5521
5521
5905
6260
6260
5902
5852
5902
5902
5902
5901
5901
5901
6161
6161
6161
6519
6519
6187
6188
6137
5898
5898
5949
5949
6188
6188
6188
6188
6188
6188
6188
5949
5949
5849
5849
5849
6088
6188
5804
5804
5754
5754
5754
5754
5754
5754
5754
5754
5754
5754
5753
5753
5753
5753
5653
5985
5969
5970
5970
5970
5970
5919
5935
5935
5935
5696
5696
5696
5747
5747
5747
5986
5986
5986
5986
6370
6370
6370
6470
6112
6112
6112
5852
5852
6210
6210
6194
6193
6193
6193
6193
6193
6193
6193
6193
6193
6193
6193
6193
6193
6193
6453
6469
6469
6469
6469
6469
6469
6469
6469
6469
6469
6519
6519
6519
6187
5948
5949
5949
5949
6281
6281
6281
6021
6021
6021
6281
6265
6504
6504
6503
6403
6143
6159
6159
6159
6159
6419
6419
6419
6419
6419
6519
6519
6519
6519
6161
6161
6161
6519
6468
6468
6519
6519
6519
6519
6519
6503
6503
6503
6503
6503
6503
6503
6452
6452
6452
6452
6452
6452
6452
6452
6452
6452
6452
6468
6519
6519
6519
6519
6519
6519
6469
6469
6469
6418
6418
6419
6419
6419
6419
6470
6470
6078
5818
5868
5868
5817
5817
5817
5817
6209
6209
6209
6193
6193
6193
6193
6143
6143
6143
6143
6143
6143
6142
6142
6402
6452
6468
6468
6468
6468
6468
6468
6468
6469
6469
6469
6469
6469
6419
6419
6419
6403
6402
6453
6453
6453
6503
6503
6503
6503
6519
6519
6519
6519
6519
6280
6280
6280
6280
6180
6180
6180
6419
6419
6061
6061
6061
6061
6161
6161
6161
6161
6111
6111
6469
6469
6469
6469
6469
6469
6469
6470
6370
6370
6370
6370
6370
6370
6370
6370
6370
6370
6370
6370
6370
6370
6370
6370
6370
6370
6370
6370
6370
6370
6370
6370
6370
6370
6370
6370
6370
6470
6470
6470
6470
6470
6470
6078
5978
5978
5978
6370
6370
6370
6370
6370
6370
6370
6370
6370
6370
6370
6370
6369
6369
6369
6369
6369
6369
6369
6318
6302
6302
6303
6303
6303
6353
6353
6353
6352
6352
6353
6353
6404
6404
6404
6404
6404
6504
6504
6504
6504
6504
6453
6353
6353
6353
6404
6404
6403
6403
6403
6403
6403
6353
6353
6353
6353
6353
6353
6403
6403
6403
6403
6403
6403
6403
6503
6503
6503
6503
6503
6503
6503
6503
6503
6503
6503
6453
6453
6453
6453
6098
6098
6098
6098
6098
6098
6098
6098
6148
6148
6048
6048
6048
6048
6403
6403
6403
6403
6403
6403
6403
6403
6403
6403
6403
6403
6403
6403
6403
6403
6403
6352
6352
6352
6352
6352
6352
6352
6352
6352
6352
6302
6302
6318
6318
6318
6318
6318
6319
6319
6319
6319
6319
6318
6318
6318
6318
6318
6318
6302
6302
6302
6302
6302
6302
6302
6302
6302
6302
6302
6302
6303
6303
6303
6303
6303
6303
5854
5854
5854
5854
5854
5854
5854
5854
5854
5853
5853
5614
5665
5665
5665
5665
5665
5665
5665
5665
5665
5765
5765
6214
5856
5906
5907
5907
5907
5907
5256
5256
5907
5906
5906
5906
5922
5922
5922
5922
5922
5922
5922
6161
6161
6161
6145
6045
6045
6045
6045
6045
6045
6045
6045
6045
6045
6045
6045
6045
6045
6045
6045
6045
6045
6145
6503
6503
6519
6519
6419
6419
6419
6419
6419
6403
6403
6403
6404
6404
6404
6404
6404
6404
6165
6265
6265
6265
6264
6213
6452
6468
6468
6468
6468
6468
6452
6120
6452
6503
6503
6503
6503
6452
6452
6452
6503
6111
6111
6111
6111
5753
5703
6095
6095
6095
6095
6095
6145
6503
6403
6403
6403
6403
6352
6352
6352
6352
6352
6352
6352
6352
6452
6452
6453
6403
6403
6419
6419
6403
6403
6454
6454
6453
6453
6469
6469
6469
6469
6469
6470
6188
6188
6188
6188
6188
6188
6188
6188
6188
6188
6188
6188
6188
6188
6172
6172
6172
6172
6172
6188
6238
6238
6238
6238
6238
6520
6520
6520
6520
6519
6419
6519
6519
6519
6519
6519
6519
6503
6503
6503
6503
6452
6453
6504
6504
6504
6504
6504
6520
6520
6520
6520
6520
6520
6520
6520
6520
6520
6520
6520
6504
6504
6504
6504
6504
6265
6264
6264
6264
6213
6213
6213
5804
5820
5820
5820
5820
5820
5821
5872
5872
5872
5871
5871
6280
6280
6280
6280
6280
6280
6280
6280
6180
6180
6180
6164
6114
6114
6114
6114
6130
6130
6369
6369
6369
6369
6369
6369
6353
6353
6353
6369
6369
6369
6369
6369
6369
6369
6369
6369
6370
6370
6370
6369
6369
6353
6353
6354
6404
6404
6404
6404
6353
6369
6369
6369
6469
6468
6468
6468
6468
6468
6452
6452
6452
6452
6452
6452
6452
6452
6503
6504
6504
6504
6504
6504
6504
6503
6503
6503
6503
6503
6519
6519
6519
6519
6519
6519
6519
6280
6519
6519
6520
6520
6520
6519
6520
6520
6520
6520
6520
6520
6520
6520
6520
6520
6520
6520
6520
6520
6470
6469
6469
6470
6470
6470
6470
6470
6470
6470
6470
6470
6470
6470
6470
6470
6470
6469
6469
6469
6469
6470
6470
6470
6470
6470
6470
6188
6188
6188
6088
6087
6087
6088
6072
6088
6088
6088
6088
6088
6088
6088
6072
6072
6072
6072
6072
6354
6354
6354
6454
6454
6454
6454
6454
6454
6454
6454
6454
6454
6454
6454
6454
6454
6454
6454
6454
6454
6470
6470
6470
6470
6470
6470
6470
6520
6520
6520
6520
6520
6520
6520
6520
6504
6504
6453
6453
6453
6403
6403
6403
6403
6403
6403
6303
6302
6302
6302
6302
6302
6302
6302
6302
6402
6452
6452
6452
6468
6468
6468
6468
6468
6468
6468
6468
6468
6468
6519
6519
6519
6519
6519
6519
6519
6519
6519
6519
6468
6468
6468
6468
6468
6452
6452
6213
6213
6213
6214
6214
5932
5932
5932
5932
5932
5932
5931
5931
5931
5931
5931
5881
5881
5881
5881
5881
5881
5881
5882
5882
5882
6121
6121
6121
6121
6120
6120
6121
6121
6121
6121
6121
6137
6188
6188
6188
6470
6470
6470
6470
6470
6469
6469
6469
6469
6453
6453
6453
6453
6453
6453
6402
6302
6302
5947
5963
5963
5947
5997
5997
5997
5998
5998
5998
5998
6098
6098
6098
6098
6098
6453
6453
6453
6453
6453
6453
6453
6453
6453
6453
6453
6453
6469
6469
6469
6469
6469
6520
6520
6504
6504
6504
6520
6520
6520
6520
6520
6520
6520
6520
6520
6504
6504
6504
6504
6503
6503
6503
6503
6503
6503
6503
6519
6519
6519
6519
6519
6519
6519
6520
6520
6520
6520
6504
6504
6504
6504
6504
6504
6504
6504
6504
6520
6520
6520
6520
6520
6520
6520
6520
6520
6520
6520
6520
6520
6520
6520
6520
6520
6520
6520
6520
6520
6520
6520
6520
6520
6520
6520
6520
6520
6520
6520
6504
6504
6504
6504
6504
6504
6504
6504
6504
6504
6504
6504
6504
6504
6504
6504
6504
6454
6454
6454
6454
6454
6454
6454
6454
6453
6453
6453
6453
6453
6469
6469
6469
6469
6469
6469
6453
6453
6453
6453
6453
6453
6454
6454
6454
6454
6454
6454
6454
6454
6454
6504
6504
6504
6504
6504
6504
6503
6503
6403
6403
6403
6403
6403
6403
6403
6403
6403
6403
6403
6403
6403
6403
6403
6403
6403
6403
6403
6403
6403
6403
6503
6503
6403
6403
6353
6353
6354
6354
6354
6354
6354
6354
6354
6303
6302
6302
6302
6302
6302
6302
6302
6302
6352
6452
6503
6503
6503
6452
6452
6452
6452
6452
6452
6352
6352
6352
6352
6452
6452
6452
6452
6402
6402
6402
6402
6402
6402
6402
6402
6402
6402
6302
6302
6302
6302
6302
6302
6302
6302
6402
6402
6402
6452
6402
6402
6402
6452
6452
6452
6452
6452
6452
6452
6452
6452
6452
6452
6452
6503
6503
6503
6503
6504
6504
6454
6454
6454
6454
6454
6504
6504
6504
6504
6504
6504
6504
6520
6520
6520
6520
6520
6520
6420
6420
6420
6420
6420
6420
6420
6420
6420
6420
6420
6420
6420
6420
6420
6420
6420
6420
6420
6420
6419
6419
6419
6419
6419
6369
6369
6369
6369
6369
6370
6370
6370
6370
6370
6370
6370
6354
6354
6370
6470
6470
6454
6454
6454
6454
6504
6504
6504
6504
6504
6504
6504
6504
6504
6504
6504
6504
6453
6504
6504
6504
6504
6504
6504
6504
6504
6504
6504
6504
6504
6504
6504
6504
6504
6504
6504
6504
6503
6503
6503
6503
6503
6503
6503
6503
6503
6503
6504
6504
6504
6520
6520
6470
6470
6470
6470
6470
6470
6370
6370
6420
6420
6419
6419
6419
6419
6419
6419
6419
6419
6419
6419
6403
6403
6403
6403
6403
6403
6404
6404
6504
6504
6504
6504
6504
6504
6504
6504
6503
6503
6503
6452
6452
6452
6453
6453
6453
6453
6453
6453
6453
6453
6452
6468
6468
6468
6469
6469
6469
6453
6453
6453
6453
6453
6453
6453
6403
6403
6453
6453
6403
6419
6419
6419
6419
6419
6419
6419
6419
6419
6419
6469
6469
6469
6469
6469
6469
6469
6469
6469
6469
6520
6519
6519
6519
6469
6469
6470
6520
6520
6520
6520
6520
6520
6520
6470
6470
6470
6470
6470
6470
6470
6470
6470
6520
6520
6520
6520
6520
6520
6520
6520
6520
6520
6520
6520
6520
6520
6520
6520
6520
6520
6519
6419
6419
6419
6519
6519
6519
6519
6519
6519
6519
6519
6469
6469
6469
6469
6469
6469
6469
6469
6469
6469
6469
6469
6469
6469
6469
6469
6469
6469
6469
6469
6469
6453
6453
6353
6302
6302
6302
6302
6402
6402
6418
6418
6418
6418
6419
6469
6469
6469
6469
6469
6469
6469
6468
6468
6468
6468
6468
6468
6519
6519
6519
6520
6520
6520
6520
6520
6520
6520
6520
6520
6520
6519
6519
6519
6519
6419
6369
6419
6420
6420
6420
6520
6470
6470
6470
6454
6453
6453
6453
6453
6453
6453
6453
6453
6503
6503
6503
6503
6519
6519
6519
6519
6519
6503
6503
6503
6519
6519
6519
6519
6469
6519
6519
6519
6519
6519
6519
6519
6519
6469
6469
6469
6469
6469
6469
6469
6469
6469
6469
6469
6469
6453
6453
6453
6453
6453
6453
6453
6453
6453
6469
6469
6469
6469
6469
6469
6469
6519
6519
6519
6519
6519
6519
6519
6519
6519
6519
6519
6519
6519
6519
6519
6519
6520
6520
6520
6520
6520
6520
6520
6520
6520
6520
6520
6519
6519
6519
6519
6519
6519
6519
6519
6519
6519
6519
6519
6519
6519
6519
6519
6519
6519
6520
6520
6520
6520
6520
6520
6520
6520
6420
6420
6420
6420
6420
6420
6420
6404
6404
6404
6404
6404
6404
6420
6420
6404
6404
6404
6404
6404
6404
6404
6404
6404
6404
6404
6404
6404
6404
6404
6403
6403
6419
6419
6403
6403
6403
6404
6504
6504
6454
6454
6454
6403
6403
6419
6419
6419
6419
6419
6419
6469
6469
6469
6469
6469
6469
6469
6469
6469
6469
6469
6520
6520
6520
6520
6520
6519
6519
6520
6520
6520
6520
6520
6519
6503
6519
6519
6519
6519
6519
6519
6519
6519
6519
6519
6519
6503
6503
6503
6503
6503
6503
6503
6503
6503
6504
6504
6504
6503
6503
6504
6504
6453
6453
6453
6453
6452
6452
6503
6503
6503
6503
6503
6503
6504
6504
6504
6504
6504
6504
6504
6504
6504
6504
6504
6504
6503
6503
6503
6503
6503
6503
6503
6503
6503
6503
6503
6503
6503
6503
6503
6504
6504
6520
6520
6520
6504
6504
6504
6504
6504
6504
6504
6504
6503
6503
6503
6503
6503
6503
6503
6503
6519
6519
6519
6519
6519
6519
6519
6519
6519
6519
6519
6519
6520
6520
6519
6519
6519
6519
6519
6519
6519
6519
6519
6519
6519
6519
6519
6519
6519
6519
6519
6519
6519
6519
6519
6519
6519
6519
6519
6519
6519
6519
6519
6503
6503
6503
6504
6504
6504
6504
6504
6504
6504
6504
6504
6504
6504
6504
6504
6504
6504
6504
6504
6504
6520
6520
6520
6520
6520
6520
6520
6520
6520
6504
6504
6504
6504
6504
6504
6504
6504
6504
6504
6504
6503
6519
6519
6520
6520
6520
6520
6519
6519
6519
6519
6519
6519
6503
6504
6504
6520
6520
6520
6504
6504
6504
6503
6503
6503
6504
6504
6504
6504
6504
6504
6504
6504
6504
6503
6503
6503
6503
6503
6503
6503
6503
6503
6503
6503
6503
6503
6503
6503
6503
6503
6503
6503
6503
6503
6403
6404
6403
6404
6353
6353
6353
6353
6353
6404
6404
6404
6404
6504
6504
6504
6504
6504
6504
6504
6504
6520
6520
6520
6520
6520
6520
6520
6520
6520
6520
6520
6520
6520
6520
6520
6520
6520
6520
6520
6520
6520
6520
6520
6520
6520
6520
6520
6520
6520
6520
6520
6520
6520
6519
6519
6519
6519
6519
6519
6519
6519
6519
6519
6519
6519
6519
6519
6519
6519
6519
6519
6519
6519
6519
6520
6520
6520
6520
6520
6520
6520
6520
6520
6520
6520
6520
6504
6504
6504
6504
6504
6504
6504
6504
6520
6520
6520
6504
6504
6504
6520
6520
6519
6519
6519
6519
6519
6519
6519
6519
6519
6519
6519
6519
6519
6519
6519
6519
6519
6519
6519
6519
6468
6468
6468
6468
6468
6468
6468
6469
6469
6468
6468
6468
6468
6468
6519
6519
6519
6519
6469
6469
6469
6469
6453
6453
6453
6453
6453
6453
6453
6453
6453
6453
6453
6453
6453
6453
6454
6454
6454
6470
6470
6470
6520
6520
6520
6520
6520
6520
6520
6520
6520
6519
6520
6520
6520
6520
6520
6520
6520
6520
6519
6519
6519
6519
6519
6519
6519
6519
6519
6519
6519
6519
6519
6519
6519
6519
6519
6519
6519
6519
6519
6519
6519
6519
6519
6519
6519
6519
6519
6519
6519
6519
6519
6519
6519
6519
6519
6519
6519
6519
6519
6519
6503
6504
6504
6520
6520
6520
6520
6520
6520
6520
6520
6520
6520
6520
6519
6519
6519
6520
6520
6520
6520
6469
6469
6469
6469
6469
6419
6419
6419
6419
6419
6419
6419
6419
6419
6419
6419
6418
6418
6418
6418
6418
6418
6418
6418
6418
6418
6418
6418
6418
6418
6418
6418
6418
6418
6418
6419
6419
6419
6419
6419
6418
6418
6418
6418
6468
6468
6468
6468
6468
6468
6468
6468
6468
6468
6468
6468
6469
6469
6469
6469
6468
6468
6452
6452
6452
6452
6452
6452
6452
6452
6452
6452
6452
6452
6452
6468
6468
6468
6468
6468
6469
6469
6469
6469
6469
6469
6469
6468
6468
6468
6468
6468
6468
6468
6468
6468
6468
6468
6468
6468
6468
6469
6469
6520
6520
6520
6520
6520
6520
6519
6519
6519
6519
6519
6519
6519
6520
6520
6520
6520
6520
6504
6504
6520
6520
6520
6520
6520
6520
6520
6470
6470
6470
6470
6470
6470
6470
6470
6470
6470
6470
6470
6470
6470
6470
6470
6470
6470
6470
6470
6470
6470
6469
6469
6469
6519
6519
6519
6519
6520
6520
6520
6520
6520
6520
6520
6520
6520
6520
6520
6520
6520
6520
6520
6520
6520
6520
6520
6520
6520
6520
6520
6520
6520
6520
6520
6520
6520
6469
6469
6469
6469
6469
6469
6469
6469
6469
6468
6468
6519
6519
6519
6519
6519
6519
6519
6519
6519
6519
6519
6519
6519
6519
6519
6519
6519
6519
6519
6520
6520
6520
6520
6520
6520
6520
6520
6520
6520
6520
6520
6520
6520
6520
6520
6520
6520
6520
6520
6520
6520
6520
6520
6519
6519
6468
6418
6469
6469
6469
6469
6469
6469
6469
6469
6469
6469
6469
6470
6470
6520
6520
6520
6520
6520
6520
6520
6520
6520
6520
6520
6520
6520
6520
6504
6504
6504
6504
6504
6504
6504
6504
6504
6520
6520
6520
6520
6520
6520
6520
6520
6520
6520
6520
6520
6520
6520
6520
6520
6520
6520
6520
6520
6520
6520
6520
6520
6520
6520
6520
6520
6520
6520
6520
6520
6520
6519
6519
6519
6519
6519
6519
6519
6519
6519
6519
6519
6519
6519
6520
6520
6520
6520
6520
6520
6520
6520
6520
6520
6520
6520
6520
6520
6520
6520
6520
6520
6520
6520
6520
6520
6520
6504
6504
6504
6504
6504
6504
6503
6503
6403
6403
6403
6403
6403
6403
6419
6419
6419
6419
6419
6419
6419
6419
6419
6419
6419
6419
6419
6419
6419
6403
6503
6503
6503
6503
6503
6503
6503
6503
6519
6519
6519
6519
6519
6519
6519
6519
6519
6519
6519
6519
6519
6519
6519
6519
6519
6519
6519
6519
6520
6520
6520
6520
6520
6520
6520
6520
6520
6520
6520
6520
6520
6520
6520
6519
6519
6519
6519
6519
6519
6519
6520
6520
6520
6520
6520
6520
6520
6520
6520
6520
6520
6520
6520
6520
6520
6520
6520
6520
6520
6520
6520
6520
6520
6520
6520
6520
6520
6520
6520
6520
6520
6520
6504
6504
6503
6503
6503
6503
6503
6503
6503
6503
6503
6503
6504
6504
6504
6504
6504
6504
6504
6504
6504
6504
6504
6504
6504
6504
6504
6504
6503
6503
6519
6519
6519
6519
6519
6519
6519
6519
6520
6520
6520
6520
6520
6520
6520
6520
6520
6520
6520
6520
6520
6520
6520
6520
6520
6520
6520
6520
6520
6520
6520
6520
6520
6520
6520
6520
6520
6520
6520
6520
6520
6520
6520
6520
6520
6520
6520
6520
6520
6520
6520
6520
6520
6520
6520
6520
6520
6520
6520
6520
6520
6520
6520
6520
6504
6504
6504
6504
6504
6504
6504
6503
6503
6503
6503
6503
6503
6503
6503
6503
6403
6403
6403
6403
6403
6403
6403
6403
6403
6403
6403
6403
6403
6403
6403
6403
6403
6419
6419
6419
6419
6419
6419
6419
6419
6419
6419
6419
6419
6403
6403
6403
6403
6403
6403
6403
6403
6403
6403
6403
6403
6403
6403
6403
6403
6403
6419
6419
6419
6419
6419
6419
6403
6403
6403
6503
6503
6503
6503
6503
6503
6503
6503
6503
6504
6504
6504
6504
6504
6520
6520
6520
6520
6520
6519
6519
6519
6519
6519
6519
6519
6519
6519
6519
6519
6519
6519
6519
6519
6519
6519
6520
6520
6520
6520
6520
6520
6520
6520
6520
6520
6520
6520
6520
6520
6520
6520
6520
6520
6520
6520
6520
6520
6520
6520
6520
6520
6520
6520
6520
6520
6520
6520
6520
6520
6520
6520
6504
6504
6504
6504
6504
6504
6504
6504
6504
6504
6504
6504
6504
6520
6520
6520
6520
6520
6520
6520
6520
6519
6519
6519
6519
6519
6519
6519
6519
6519
6519
6519
6519
6519
6520
6520
6520
6520
6520
6520
6520
6520
6520
6520
6520
6520
6520
6520
6520
6520
6504
6504
6504
6504
6504
6504
6504
6504
6504
6504
6504
6504
6504
6504
6504
6504
6504
6504
6504
6504
6504
6520
6520
6520
6520
6520
6520
6520
6520
6520
6520
6520
6519
6520
6520
6520
6520
6520
6520
6520
6520
6520
6520
6520
6520
6520
6520
6520
6520
6520
6520
6519
6519
6519
6519
6519
6519
6519
6519
6519
6519
6519
6519
6519
6519
6519
6519
6519
6519
6519
6519
6519
6519
6519
6519
6519
6519
6519
6519
6519
6519
6519
6519
6519
6519
6519
6519
6519
6520
6520
6520
6520
6520
6520
6520
6520
6519
6519
6519
6519
6519
6519
6519
6519
6519
6519
6519
6519
6519
6519
6519
6519
6519
6519
6519
6519
6519
6519
6519
6519
6519
6519
6519
6519
6519
6519
6519
6519
6519
6519
6519
6519
6519
6519
6519
6519
6519
6519
6519
6519
6519
6519
6519
6519
6519
6519
6519
6519
6519
6519
6519
6519
6519
6519
6519
6520
6520
6520
6520
6520
6520
6519
6519
6519
6519
6519
6519
6519
6519
6519
6519
6519
6520
6520
6520
6520
6520
6520
6520
6520
6520
6520
6520
6519
6519
6519
6519
6503
6503
6504
6503
6503
6519
6519
6519
6519
6519
6519
6519
6519
6519
6519
6519
6519
6519
6519
6519
6520
6520
6520
6520
6520
6520
6520
6520
6520
6520
6520
6520
6520
6520
6520
6520
6520
6520
6520
6520
6520
6520
6520
6520
6520
6520
6520
6520
6520
6520
6520
6520
6520
6504
6504
6504
6504
6504
6504
6504
6520
6520
6520
6520
6520
6520
6520
6520
6504
6504
6504
6504
6520
6520
6520
6520
6520
6520
6520
6520
6520
6520
6520
6520
6520
6520
6520
6520
6520
6520
6520
6520
6520
6520
6520
6520
6520
6520
6520
6520
6520
6520
6520
6520
6520
6520
6520
6520
6520
6520
6520
6520
6520
6519
6519
6519
6519
6519
6519
6519
6519
6519
6519
6519
6519
6520
6520
6520
6520
6520
6520
6520
6520
6520
6520
6520
6520
6520
6520
6520
6520
6520
6520
6520
6504
6504
6504
6520
6520
6520
6520
6520
6520
6520
6520
6520
6520
6520
6520
6519
6519
6519
6519
6519
6519
6519
6519
6519
6519
6519
6519
6519
6519
6519
6503
6503
6503
6503
6503
6504
6504
6503
6503
6504
6504
6504
6504
6504
6504
6504
6504
6504
6504
6504
6504
6504
6504
6504
6504
6520
6520
6520
6520
6520
6520
6520
6520
6519
6520
6520
6520
6520
6504
6504
6504
6504
6504
6504
6504
6503
6503
6403
6403
6403
6419
6519
6519
6519
6519
6519
6519
6519
6519
6519
6519
6519
6519
6520
6520
6520
6520
6520
6520
6520
6520
6520
6520
6520
6520
6520
6520
6520
6520
6520
6520
6519
6519
6519
6519
6519
6519
6519
6519
6519
6519
6519
6519
6519
6519
6519
6519
6520
6520
6520
6520
6520
6520
6520
6520
6520
6520
6520
6520
6520
6520
6520
6520
6520
6520
6520
6520
6520
6520
6520
6520
6520
6520
6520
6520
6520
6520
6520
6520
6520
6520
6520
6520
6520
6520
6520
6520
6520
6520
6519
6519
6519
6520
6520
6520
6520
6520
6520
6520
6520
6520
6520
6520
6520
6520
6520
6520
6520
6520
6520
6520
6520
6520
6519
6519
6519
6520
6520
6520
6520
6520
6520
6520
6520
6520
6520
6520
6520
6520
6520
6520
6520
6520
6520
6520
6520
6520
6520
6520
6520
6520
6520
6520
6520
6520
6520
6520
6520
6520
6520
6520
6520
6520
6520
6520
6520
6520
6520
6520
6520
6520
6520
6520
6520
6520
6520
6520
6519
6519
6519
6519
6519
6519
6519
6519
6519
6519
6519
6519
6519
6519
6519
6519
6519
6519
6519
6519
6519
6519
6519
6519
6519
6520
6520
6504
6504
6504
6504
6504
6504
6504
6504
6504
6504
6504
6504
6503
6503
6503
6503
6503
6503
6503
6503
6503
6503
6503
6503
6503
6503
6504
6504
6520
6520
6520
6519
6519
6519
6520
6520
6520
6520
6520
6520
6520
6520
6520
6520
6520
6520
6520
6520
6520
6520
6520
6520
6519
6519
6519
6519
6519
6520
6520
6519
6520
6520
6520
6520
6520
6520
6520
6520
6520
6520
6520
6520
6519
6519
6519
6519
6519
6519
6519
6519
6520
6520
6520
6520
6520
6520
6520
6520
6520
6520
6520
6520
6520
6520
6520
6520
6520
6520
6520
6520
6520
6520
6520
6520
6520
6520
6520
6520
6520
6519
6519
6519
6519
6519
6519
6519
6519
6519
6519
6519
6519
6519
6519
6519
6519
6519
6519
6519
6519
6519
6519
6519
6519
6519
6519
6519
6519
6519
6519
6519
6519
6519
6519
6520
6520
6520
6520
6520
6520
6520
6520
6520
6520
6520
6520
6520
6520
6520
6520
6520
6520
6520
6520
6520
6520
6519
6519
6519
6503
6503
6519
6519
6503
6503
6503
6503
6503
6503
6503
6403
6403
6403
6403
6403
6503
6503
6503
6503
6503
6504
6504
6504
6504
6504
6504
6504
6504
6504
6504
6504
6504
6504
6504
6504
6504
6504
6504
6504
6504
6504
6504
6504
6504
6504
6504
6504
6504
6504
6503
6503
6503
6503
6503
6503
6519
6519
6519
6520
6520
6520
6520
6520
6520
6519
6519
6519
6520
6520
6520
6520
6520
6520
6520
6520
6520
6520
6520
6520
6520
6520
6520
6520
6520
6520
6520
6520
6520
6520
6520
6520
6520
6520
6520
6520
6520
6520
6520
6520
6520
6520
6520
6520
6520
6504
6504
6504
6504
6503
6403
6403
6403
6403
6403
6403
6404
6404
6404
6404
6420
6420
6420
6420
6420
6420
6420
6420
6420
6420
6420
6420
6420
6420
6420
6420
6420
6420
6404
6404
6404
6404
6404
6404
6404
6404
6404
6404
6404
6404
6420
6420
6420
6420
6420
6420
6420
6420
6420
6420
6420
6420
6520
6520
6520
6520
6520
6520
6520
6520
6520
6520
6520
6520
6520
6520
6519
6519
6519
6520
6520
6520
6520
6520
6520
6520
6520
6520
6519
6519
6519
6519
6519
6519
6519
6519
6503
6503
6504
6504
6504
6504
6504
6503
6503
6503
6403
6403
6503
6503
6503
6503
6503
6503
6503
6503
6503
6503
6503
6403
6403
6419
6419
6519
6519
6519
6519
6520
6520
6520
6520
6520
6520
6520
6520
6519
6519
6519
6519
6519
6519
6519
6519
6519
6519
6519
6519
6519
6519
6519
6519
6519
6520
6520
6520
6520
6520
6520
6520
6520
6520
6520
6520
6520
6520
6520
6520
6520
6520
6520
6520
6520
6520
6520
6520
6520
6520
6520
6520
6520
6520
6520
6520
6520
6520
6520
6520
6520
6520
6520
6520
6520
6520
6520
6520
6520
6520
6520
6520
6520
6520
6520
6520
6520
6520
6520
6520
6520
6520
6520
6520
6520
6520
6520
6520
6520
6520
6520
6520
6520
6520
6520
6520
6520
6520
6520
6520
6520
6520
6520
6520
6520
6519
6519
6519
6519
6519
6519
6519
6519
6519
6519
6519
6519
6519
6519
6519
6519
6519
6519
6519
6519
6519
6519
6519
6519
6519
6519
6519
6519
6519
6519
6519
6519
6519
6519
6519
6519
6519
6519
6519
6519
6519
6519
6519
6519
6519
6519
6520
6520
6520
6520
6520
6520
6520
6520
6520
6520
6520
6520
6520
6520
6520
6520
6520
6520
6519
6519
6519
6519
6519
6519
6519
6519
6519
6519
6519
6520
6520
6520
6520
6520
6520
6520
6519
6520
6520
6520
6520
6520
6520
6520
6519
6519
6519
6519
6519
6519
6519
6519
6519
6519
6520
6520
6520
6520
6520
6520
6520
6520
6520
6520
6520
6520
6520
6520
6520
6520
6520
6520
6519
6519
6519
6519
6519
6519
6519
6519
6519
6519
6519
6519
6519
6519
6519
6520
6520
6520
6520
6520
6520
6520
6520
6520
6520
6520
6520
6520
6520
6520
6520
6520
6520
6520
6520
6520
6519
6519
6519
6519
6519
6519
6519
6519
6519
6519
6519
6519
6519
6519
6519
6519
6519
6519
6519
6519
6519
6519
6519
6519
6519
6519
6519
6519
6520
6520
6520
6520
6520
6520
6520
6519
6519
6519
6519
6519
6519
6519
6519
6519
6519
6519
6519
6519
6519
6519
6519
6519
6519
6519
6519
6519
6519
6519
6519
6519
6519
6519
6519
6519
6519
6519
6519
6519
6519
6519
6519
6519
6519
6519
6519
6519
6519
6519
6519
6519
6519
6519
6519
6519
6519
6519
6519
6519
6519
6519
6519
6519
6519
6519
6520
6520
6520
6520
6520
6520
6520
6520
6520
6520
6520
6520
6520
6520
6519
6519
6519
6519
6519
6519
6519
6519
6519
6519
6519
6519
6519
6519
6519
6519
6519
6519
6519
6519
6519
6519
6519
6519
6519
6519
6519
6519
6519
6519
6519
6519
6519
6519
6519
6519
6519
6519
6519
6519
6519
6519
6519
6519
6519
6519
6519
6519
6519
6519
6519
6519
6519
6520
6520
6520
6520
6520
6520
6520
6520
6520
6520
6520
6520
6520
6520
6520
6520
6520
6520
6520
6520
6520
6520
6520
6520
6520
6520
6520
6520
6519
6520
6520
6520
6520
6520
6520
6520
6520
6520
6520
6520
6520
6520
6520
6520
6520
6520
6520
6520
6520
6520
6520
6520
6520
6520
6520
6520
6520
6520
6520
6520
6520
6520
6519
6519
6519
6519
6519
6519
6519
6519
6519
6519
6519
6519
6519
6519
6519
6519
6520
6520
6520
6520
6520
6520
6520
6520
6520
6520
6520
6520
6520
6520
6520
6520
6520
6520
6520
6519
6519
6519
6519
6519
6519
6519
6519
6519
6519
6519
6519
6519
6519
6519
6519
6519
6519
6519
6519
6519
6519
6520
6520
6520
6520
6520
6520
6520
6520
6520
6520
6520
6520
6520
6520
6520
6520
6520
6520
6520
6520
6520
6520
6520
6520
6520
6520
6520
6519
6519
6519
6519
6519
6519
6519
6519
6519
6519
6519
6519
6519
6519
6519
6519
6519
6519
6520
6520
6520
6520
6520
6520
6520
6520
6520
6520
6520
6520
6520
6520
6520
6520
6520
6520
6520
6520
6520
6520
6520
6520
6520
6520
6520
6520
6520
6520
6520
6520
6520
6520
6520
6520
6520
6519
6519
6519
6519
6519
6519
6519
6519
6519
6519
6519
6519
6519
6519
6519
6519
6519
6519
6519
6520
6520
6520
6520
6520
6520
6520
6520
6520
6520
6520
6520
6520
6520
6520
6520
6520
6520
6520
6520
6520
6520
6520
6520
6520
6520
6520
6520
6520
6520
6520
6520
6520
6520
6520
6520
6520
6520
6520
6520
6520
6520
6520
6520
6520
6520
6520
6520
6520
6520
6520
6519
6519
6519
6519
6519
6519
6519
6519
6519
6519
6519
6519
6519
6519
6519
6519
6519
6519
6519
6519
6519
6519
6519
6519
6519
6519
6519
6519
6519
6520
6520
6520
6520
6520
6520
6520
6520
6520
6520
6520
6520
6520
6520
6520
6520
6520
6520
6520
6520
6520
6520
6520
6520
6520
6520
6520
6520
6520
6520
6520
6520
6520
6520
6520
6520
6520
6520
6520
6520
6520
6520
6520
6520
6520
6520
6520
6520
6520
6520
6520
6520
6520
6520
6520
6520
6520
6520
6520
6520
6520
6520
6520
6520
6520
6520
6520
6520
6520
6520
6520
6520
6520
6520
6520
6520
6520
6520
6520
6520
6520
6520
6520
6520
6520
6519
6519
6519
6519
6519
6519
6519
6519
6519
6519
6519
6519
6519
6519
6519
6519
6519
6519
6519
6519
6519
6519
6520
6520
6520
6520
6520
6520
6520
6520
6520
6520
6520
6520
6520
6520
6520
6520
6520
6520
6520
6520
6520
6520
6520
6520
6520
6520
6520
6520
6520
6519
6519
6519
6519
6519
6519
6519
6519
6519
6519
6519
6519
6519
6519
6519
6519
6519
6519
6519
6519
6519
6519
6519
6519
6519
6519
6519
6520
6520
6520
6520
6520
6520
6520
6520
6520
6520
6520
6520
6520
6520
6520
6520
6520
6520
6520
6520
6520
6520
6520
6520
6519
6519
6519
6519
6519
6519
6519
6519
6519
6519
6519
6519
6519
6519
6519
6519
6519
6519
6519
6519
6519
6519
6519
6519
6519
6520
6520
6520
6520
6520
6520
6520
6520
6520
6520
6520
6520
6520
6520
6520
6520
6520
6520
6520
6520
6519
6519
6519
6519
6519
6519
6519
6519
6519
6519
6519
6519
6519
6519
6519
6519
6519
6519
6519
6519
6519
6519
6519
6519
6519
6519
6519
6519
6519
6519
6519
6519
6519
6519
6519
6519
6519
6519
6519
6519
6519
6519
6519
6519
6519
6519
6519
6519
6519
6519
6519
6519
6519
6519
6519
6519
6519
6519
6520
6520
6520
6520
6520
6520
6520
6520
6520
6520
6520
6520
6520
6520
6520
6520
6520
6520
6520
6520
6520
6520
6520
6520
6520
6520
6520
6520
6520
6520
6520
6520
6520
6520
6520
6520
6520
6520
6520
6520
6520
6520
6520
6520
6520
6520
6520
6520
6520
6520
6520
6520
6520
6520
6520
6520
6520
6519
6519
6519
6519
6519
6519
6519
6519
6519
6519
6519
6519
6519
6519
6519
6519
6519
6519
6519
6519
6519
6519
6519
6519
6519
6519
6519
6519
6519
6519
6519
6519
6519
6519
6519
6519
6519
6519
6519
6519
6519
6519
6519
6519
6519
6519
6519
6519
6519
6519
6519
6519
6519
6519
6519
6519
6519
6519
6519
6519
6519
6519
6519
6519
6519
6519
6519
6519
6519
6519
6519
6519
6519
6519
6519
6519
6519
6519
6519
6519
6519
6519
6519
6519
6519
6519
6519
6519
6519
6519
6519
6519
6519
6519
6519
6519
6519
6519
6519
6519
6519
6519
6519
6519
6519
6519
6519
6519
6519
6519
6519
6519
6519
6519
6519
6519
6519
6520
6520
6520
6520
6520
6520
6520
6520
6520
6520
6520
6520
6520
6520
6520
6520
6520
6520
6520
6520
6520
6520
6520
6520
6520
6520
6520
6520
6520
6520
6520
6520
6520
6520
6520
6520
6520
6520
6520
6520
6520
6520
6520
6520
6520
6520
6520
6520
6520
6520
6520
6520
6520
6520
6520
6520
6520
6520
6520
6520
6520
6520
6520
6520
6520
6520
6520
6520
6520
6520
6520
6520
6520
6520
6520
6520
6520
6520
6520
6520
6520
6520
6520
6520
6520
6520
6520
6520
6520
6520
6520
6520
6520
6520
6520
6520
6520
6520
6520
6520
6520
6520
6520
6520
6520
6520
6520
6520
6520
6520
6520
6519
6519
6519
6519
6519
6519
6519
6519
6519
6519
6519
6519
6519
6519
6519
6519
6519
6519
6519
6519
6519
6519
6519
6519
6519
6519
6519
6519
6519
6519
6519
6519
6519
6519
6519
6519
6519
6519
6519
6519
6519
6519
6519
6519
6519
6519
6519
6519
6519
6519
6519
6519
6519
6519
6519
6520
6520
6520
6520
6520
6520
6520
6520
6520
6520
6520
6520
6520
6519
6519
6519
6519
6519
6519
6519
6519
6519
6519
6519
6520
6520
6520
6520
6520
6520
6519
6519
6519
6519
6519
6519
6519
6519
6520
6520
6520
6520
6520
6520
6520
6520
6520
6520
6520
6520
6520
6520
6520
6520
6520
6520
6520
6520
6520
6520
6520
6520
6520
6520
6519
6519
6519
6519
6519
6519
6519
6519
6519
6519
6519
6519
6519
6519
6519
6519
6519
6519
6519
6519
6519
6519
6519
6519
6519
6519
6519
6519
6519
6519
6520
6520
6520
6520
6520
6520
6520
6520
6520
6520
6520
6520
6520
6520
6520
6520
6520
6520
6520
6520
6520
6520
6520
6519
6519
6519
6519
6519
6519
6519
6519
6519
6519
6519
6519
6519
6519
6519
6519
6519
6519
6519
6519
6519
6519
6520
6520
6520
6520
6520
6520
6520
6520
6520
6520
6520
6520
6520
6520
6519
6519
6519
6519
6519
6519
6519
6519
6519
6519
6519
6519
6519
6519
6519
6519
6519
6519
6519
6519
6519
6519
6519
6519
6519
6519
6519
6519
6519
6520
6520
6520
6520
6520
6520
6520
6520
6520
6520
6520
6520
6520
6520
6520
6520
6520
6520
6520
6520
6520
6520
6520
6520
6520
6520
6520
6520
6520
6520
6520
6520
6520
6520
6520
6520
6520
6520
6520
6520
6520
6520
6520
6520
6520
6520
6520
6520
6520
6520
6520
6520
6520
6520
6520
6520
6519
6519
6519
6519
6519
6519
6519
6519
6519
6519
6519
6519
6519
6520
6520
6520
6520
6520
6520
6520
6520
6520
6519
6519
6519
6519
6519
6519
6519
6519
6519
6519
6519
6519
6519
6519
6519
6519
6519
6520
6520
6520
6520
6520
6520
6520
6520
6520
6520
6520
6520
6520
6520
6520
6520
6520
6520
6520
6520
6520
6520
6520
6520
6520
6520
6520
6520
6520
6520
6520
6520
6520
6520
6520
6520
6520
6520
6520
6520
6520
6520
6520
6520
6520
6520
6520
6520
6520
6520
6520
6520
6520
6520
6520
6520
6520
6520
6520
6520
6520
6520
6520
6520
6520
6520
6520
6520
6520
6520
6520
6520
6520
6520
6520
6520
6520
6520
6519
6519
6519
6519
6519
6519
6519
6519
6519
6519
6519
6519
6519
6519
6519
6519
6519
6519
6519
6519
6519
6519
6519
6519
6519
6519
6519
6520
6520
6520
6520
6520
6520
6520
6520
6520
6520
6520
6520
6520
6520
6520
6520
6520
6520
6520
6520
6520
6520
6520
6520
6520
6520
6520
6520
6519
6520
6520
6520
6520
6520
6520
6520
6520
6520
6520
6520
6520
6520
6520
6520
6520
6520
6520
6520
6520
6520
6520
6520
6520
6520
6520
6520
6520
6520
6520
6520
6520
6520
6520
6520
6520
6520
6520
6520
6520
6520
6520
6520
6520
6520
6520
6519
6519
6520
6520
6520
6520
6520
6520
6520
6520
6520
6520
6520
6520
6520
6520
6520
6520
6520
6520
6520
6520
6520
6520
6520
6520
6520
6520
6520
6520
6520
6520
6520
6520
6520
6520
6520
6520
6520
6520
6520
6520
6520
6520
6520
6520
6520
6520
6520
6520
6520
6520
6520
6520
6520
6520
6520
6520
6520
6520
6520
6520
6520
6520
6520
6520
6520
6520
6520
6520
6520
6520
6520
6520
6520
6520
6520
6520
6520
6520
6520
6520
6520
6520
6520
6520
6520
6520
6520
6520
6520
6520
6520
6520
6520
6520
6520
6520
6520
6520
6520
6520
6520
6520
6520
6520
6520
6520
6520
6520
6520
6520
6520
6519
6519
6519
6519
6519
6519
6519
6519
6519
6519
6519
6519
6520
6520
6520
6520
6520
6520
6520
6520
6520
6520
6520
6520
6520
6520
6520
6520
6520
6520
6520
6520
6520
6520
6519
6519
6519
6519
6519
6519
6519
6519
6519
6519
6519
6519
6519
6520
6520
6520
6520
6520
6520
6520
6520
6520
6520
6520
6520
6520
6520
6520
6520
6520
6520
6520
6519
6519
6519
6519
6519
6519
6519
6519
6519
6519
6519
6519
6519
6519
6519
6519
6519
6519
6519
6519
6519
6519
6519
6519
6520
6520
6520
6519
6519
6519
6519
6519
6519
6519
6519
6519
6519
6519
6519
6519
6519
6519
6519
6519
6519
6519
6519
6519
6519
6519
6520
6520
6520
6520
6520
6520
6520
6520
6520
6520
6520
6520
6520
6520
6520
6520
6520
6520
6520
6520
6520
6520
6520
6520
6520
6520
6520
6520
6520
6520
6520
6520
6520
6520
6520
6520
6520
6520
6520
6520
6520
6520
6520
6520
6520
6520
6520
6520
6520
6520
6520
6520
6520
6520
6520
6520
6520
6520
6520
6520
6520
6520
6520
6520
6520
6520
6520
6520
6520
6520
6520
6520
6520
6520
6520
6520
6520
6520
6520
6520
6520
6520
6520
6520
6520
6519
6519
6519
6519
6519
6519
6519
6519
6519
6519
6519
6519
6520
6520
6520
6520
6520
6520
6520
6520
6520
6520
6520
6520
6520
6520
6520
6520
6520
6520
6520
6520
6520
6520
6520
6520
6520
6520
6520
6520
6520
6520
6520
6520
6520
6520
6520
6520
6520
6520
6520
6520
6520
6520
6520
6520
6520
6520
6520
6520
6520
6520
6520
6520
6520
6520
6520
6520
6520
6520
6520
6520
6520
6520
6520
6520
6520
6520
6520
6520
6520
6520
6520
6520
6520
6520
6519
6519
6519
6519
6519
6519
6519
6519
6519
6519
6519
6519
6519
6519
6519
6520
6520
6519
6519
6519
6519
6519
6519
6519
6519
6519
6519
6519
6519
6519
6519
6519
6519
6519
6519
6519
6519
6519
6519
6519
6519
6519
6519
6520
6520
6520
6520
6520
6520
6520
6520
6520
6519
6519
6520
6520
6520
6520
6520
6520
6520
6520
6520
6520
6520
6520
6520
6520
6520
6519
6519
6519
6519
6519
6519
6519
6519
6519
6519
6519
6519
6519
6519
6519
6519
6519
6519
6519
6519
6519
6519
6519
6519
6519
6519
6519
6519
6519
6519
6519
6519
6519
6519
6519
6519
6519
6519
6519
6519
6519
6519
6519
6520
6520
6520
6520
6520
6519
6519
6519
6519
6519
6519
6519
6519
6519
6519
6520
6520
6520
6520
6520
6520
6520
6520
6520
6520
6520
6520
6520
6520
6520
6520
6520
6520
6520
6520
6520
6520
6520
6520
6520
6520
6520
6520
6520
6520
6520
6520
6520
6519
6519
6519
6519
6519
6520
6520
6520
6520
6520
6520
6520
6520
6520
6520
6520
6520
6520
6520
6520
6520
6520
6520
6520
6520
6520
6520
6520
6520
6520
6519
6519
6519
6519
6519
6519
6520
6520
6520
6520
6520
6520
6520
6520
6520
6520
6520
6520
6520
6520
6520
6520
6520
6520
6520
6520
6520
6520
6520
6520
6520
6520
6520
6520
6520
6520
6520
6520
6520
6520
6520
6520
6520
6520
6520
6520
6520
6520
6520
6520
6520
6520
6520
6520
6520
6520
6520
6520
6520
6520
6520
6520
6520
6520
6520
6520
6520
6520
6520
6520
6520
6520
6520
6520
6520
6520
6520
6520
6520
6520
6520
6520
6520
6520
6520
6520
6520
6520
6520
6520
6520
6520
6520
6520
6520
6520
6520
6520
6520
6520
6520
6520
6520
6520
6520
6520
6520
6520
6520
6520
6520
6520
6520
6520
6520
6520
6520
6520
6520
6520
6520
6520
6520
6520
6520
6520
6520
6520
6520
6520
6520
6520
6520
6520
6520
6520
6520
6520
6520
6520
6520
6520
6520
6520
6520
6520
6520
6520
6520
6520
6520
6520
6520
6520
6520
6520
6520
6520
6520
6520
6520
6520
6520
6520
6520
6520
6520
6520
6520
6520
6520
6520
6520
6520
6520
6520
6520
6520
6520
6520
6520
6520
6520
6519
6519
6519
6519
6519
6519
6519
6520
6520
6520
6520
6520
6520
6520
6520
6520
6520
6520
6520
6520
6520
6520
6520
6520
6520
6520
6520
6520
6520
6520
6520
6520
6520
6520
6520
6520
6520
6520
6520
6520
6520
6520
6520
6520
6520
6520
6520
6520
6520
6520
6520
6520
6520
6520
6520
6520
6520
6520
6520
6520
6520
6520
6520
6520
6520
6520
6520
6520
6520
6520
6520
6520
6520
6520
6520
6520
6520
6520
6520
6520
6520
6520
6520
6520
6520
6520
6520
6520
6520
6520
6520
6520
6520
6520
6520
6520
6520
6520
6520
6520
6520
6520
6520
6520
6520
6520
6520
6520
6520
6520
6520
6520
6520
6520
6520
6520
6520
6520
6520
6520
6520
6520
6520
6520
6520
6520
6520
6520
6520
6520
6520
6520
6520
6520
6520
6520
6520
6520
6520
6520
6520
6520
6520
6520
6520
6520
6520
6520
6520
6520
6520
6520
6520
6520
6520
6520
6520
6519
6519
6519
6520
6520
6520
6520
6520
6520
6520
6520
6520
6520
6520
6520
6520
6520
6520
6520
6520
6520
6520
6520
6520
6520
6520
6520
6520
6520
6520
6520
6520
6520
6520
6520
6520
6520
6520
6520
6520
6520
6520
6520
6520
6520
6520
6520
6520
6520
6520
6520
6520
6520
6520
6520
6520
6520
6520
6520
6520
6520
6520
6520
6520
6520
6520
6520
6520
6520
6520
6520
6520
6520
6520
6520
6520
6520
6520
6520
6520
6520
6520
6520
6520
6520
6520
6520
6520
6520
6520
6520
6520
6520
6520
6520
6520
6520
6520
6520
6520
6520
6520
6520
6520
6520
6520
6520
6520
6520
6520
6520
6520
6520
6520
6520
6520
6520
6520
6520
6520
6520
6520
6520
6520
6520
6520
6520
6520
6520
6520
6520
6520
6520
6520
6520
6520
6520
6520
6520
6520
6520
6520
6520
6520
6520
6520
6520
6520
6520
6520
6520
6520
6520
6520
6520
6520
6520
6520
6520
6520
6520
6520
6520
6520
6520
6520
6520
6520
6520
6520
6520
6520
6520
6520
6520
6520
6520
6520
6520
6520
6520
6520
6520
6520
6520
6520
6520
6520
6520
6520
6520
6520
6520
6520
6520
6520
6520
6520
6520
6520
6520
6520
6520
6519
6519
6519
6519
6519
6520
6520
6520
6520
6520
6520
6519
6519
6519
6519
6519
6519
6519
6519
6519
6520
6520
6520
6520
6520
6520
6520
6520
6520
6520
6520
6520
6520
6520
6520
6520
6520
6520
6520
6520
6520
6520
6520
6520
6520
6520
6520
6520
6520
6520
6520
6520
6520
6520
6520
6520
6520
6520
6520
6520
6520
6520
6520
6520
6520
6520
6520
6520
6520
6520
6520
6520
6520
6520
6520
6520
6520
6520
6520
6520
6520
6520
6520
6520
6520
6519
6519
6519
6519
6520
6520
6520
6520
6520
6520
6520
6520
6520
6520
6520
6520
6520
6520
6520
6520
6520
6520
6520
6520
6520
6520
6520
6520
6520
6520
6520
6520
6520
6520
6520
6520
6520
6520
6520
6520
6520
6520
6520
6520
6520
6520
6520
6520
6520
6520
6520
6520
6520
6520
6520
6520
6520
6520
6520
6520
6520
6520
6520
6520
6520
6520
6520
6520
6520
6520
6520
6520
6520
6520
6520
6520
6520
6520
6520
6520
6520
6520
6520
6520
6520
6520
6520
6520
6520
6520
6520
6520
6520
6520
6520
6520
6520
6520
6520
6520
6520
6520
6520
6520
6520
6520
6520
6520
6520
6520
6520
6520
6520
6520
6520
6520
6520
