2610
2272
2273
2815
2914
2616
2996
3320
2806
2917
2965
2970
3214
2587
2586
2613
2565
2566
2864
3491
3491
3055
3457
3430
3944
3845
3448
3448
3449
2907
2955
2711
2711
2810
2296
2248
2586
2475
2989
2362
2904
2566
2566
3193
3188
3299
2975
2433
2432
2676
3073
3073
2676
2675
2702
2707
2952
2952
2438
2438
2597
1970
2406
2307
2307
2302
2275
2599
2440
2954
3113
3113
3002
2757
2784
3326
3082
3082
2758
2758
2759
2732
2731
3069
3074
3074
3075
3076
3703
3301
3300
3295
3296
3541
3161
3166
3161
3166
3193
3188
3590
3834
3590
3589
3589
3913
4293
4292
3954
4065
4462
4060
4304
4305
4310
4358
4359
4359
4359
4359
4061
4056
4155
3996
4294
3752
3725
3725
4127
3829
3730
4028
3592
3347
2720
3262
3600
3627
3085
2761
2734
3058
3157
3184
3189
3348
3975
3876
3249
3138
3249
2925
3249
2911
2910
2883
3128
3017
3644
4080
3921
3921
3921
3921
3922
3598
3597
3597
3708
3735
3894
3894
3783
3782
3385
3723
3564
3961
3564
3266
3425
3181
3176
3275
3817
3790
3790
3790
3817
4061
3816
3816
3816
3816
4114
3870
4194
4035
4035
4194
4194
4194
4167
4411
4167
4172
4172
4172
3792
3903
3804
3831
3826
4070
3772
4070
4071
4071
4071
3635
3391
3490
2863
2539
2539
2201
2446
2419
2260
2260
1746
2373
1746
2260
2161
2320
2161
2558
2585
2584
2070
2408
1866
1965
1627
1965
2345
1965
1965
2479
2479
2380
2380
2353
2353
2353
1951
2387
2767
2387
2486
2645
2534
2486
2486
2491
2492
1978
1973
1973
2000
2324
2372
2273
2900
2900
2562
2317
2859
2858
3260
2962
2335
2011
2391
2391
2343
1941
1946
1919
2030
2275
2275
2276
2375
2264
2291
1894
1894
2005
2005
1906
1879
1768
1879
1879
1978
2316
2217
2216
2315
1773
1674
1515
1614
1614
1662
1657
1319
1208
1319
1319
1563
1319
1320
1644
2041
2040
2041
2068
2068
2227
2769
2524
2413
2089
2089
2089
1709
2033
2547
2223
2468
2766
2766
3104
3105
3732
3732
3394
3718
3176
3287
3287
3292
3694
4236
4077
3641
3636
4016
4016
3389
3389
3727
3732
3621
3621
3297
3456
3429
4056
3758
4002
4002
3664
3691
3686
3059
2960
2563
2404
2503
2827
2986
2606
2944
3571
3571
3570
3471
3470
3068
3448
3449
3125
3125
3124
3124
2744
2749
2749
3185
3185
3185
3186
3566
2939
3237
3348
3348
3103
3098
2584
2683
2682
2682
2683
2584
2683
2682
2682
2523
2925
3552
4066
4390
3988
3446
3848
3800
3502
3503
3900
3873
3549
3169
3328
3328
3328
3626
3626
3653
3653
3026
3026
3025
2914
2887
3267
3294
2956
2957
3584
3425
3023
2924
2925
2627
2738
3280
3169
3414
3419
3518
3518
3677
3676
3671
3670
3670
3043
3043
3154
3202
3103
3103
3103
3103
2944
2547
2303
2308
2303
1867
1756
1756
1756
1756
2080
2032
2370
2370
2668
2767
2522
2633
2634
3070
3070
3070
3043
2705
2732
3359
3061
3399
3019
2505
2902
2505
2750
3048
3207
2771
2819
2819
3333
3333
3088
3332
3729
3729
3215
3188
3188
3077
3077
3591
3347
3783
3347
3749
3749
3993
3993
4104
3702
3702
3404
3404
3160
3159
3160
3160
2822
2823
2822
3067
3469
2842
2869
3113
3112
2953
3389
3394
3367
2970
2428
2428
2455
2455
2450
2450
2402
2450
2206
2158
2158
2158
2402
2403
2376
2381
2778
2667
2668
2668
2668
2668
2695
2450
2695
2695
2993
3535
3138
3297
3052
3051
2952
2947
2947
2946
3326
3437
3437
2923
2381
2381
2429
2270
2270
2270
2515
2515
2113
2515
3142
3115
3214
3219
2921
2922
3260
3261
3803
3803
3803
3465
3465
3624
3962
3989
3745
3718
4016
3718
3670
3669
3670
3290
3179
3178
3178
3178
2776
2776
2776
2776
2776
2340
2341
2341
2452
2479
2141
2140
2188
2140
2537
3051
3051
2940
3376
3714
3687
4067
4311
4152
4152
3525
3187
3187
3346
3457
3484
3239
3239
3240
3235
3136
2700
2699
2588
3024
2510
2510
2510
2558
3072
3699
3672
3970
3573
3600
3441
3143
2819
2819
3216
3216
2836
3174
3173
3173
3272
3273
3571
3544
2917
2403
2408
2788
2740
3142
3387
3288
3387
3711
3822
3822
3711
3413
3413
3413
3572
3175
3170
3197
3170
3170
3170
3170
3169
2831
2732
3070
3071
2733
2844
2845
2872
2872
2877
2877
3274
3322
3620
3615
3567
3165
3164
3678
4080
3836
3591
3211
2887
2888
2888
3226
3225
3198
3199
3523
3364
3363
3065
3164
3169
3169
2733
2977
3136
3136
3135
3183
2786
2813
2813
3193
3194
3194
3821
3722
3563
3536
3425
2883
3181
3176
3176
3176
3177
3336
3435
3033
2653
3089
2751
2703
2814
3059
3397
3396
3297
3296
3052
3594
3642
3642
3015
3259
3264
3020
3647
3020
3020
2861
2813
2808
2808
2808
2470
2470
1928
2087
1763
1327
1665
1713
1957
1957
1957
1713
2115
1870
1822
1827
1489
1869
1869
2193
2531
2532
2234
2233
2228
1826
1827
1854
2251
2140
2145
2193
2193
1813
1813
2111
2111
2738
2837
2513
2513
3055
2757
2130
2566
2518
2518
2419
3046
2504
2749
3291
3291
3046
3046
3291
3132
3456
3754
3754
3430
3430
3430
2994
3153
3397
3397
3398
3509
3509
3608
3607
3580
3982
3982
3738
3738
3765
3765
3765
3765
3765
3363
3411
3384
3139
3134
3134
3023
2509
2514
2176
2176
2690
2935
2887
2886
2887
3131
3567
3678
3579
3579
3578
3626
3626
3725
3211
3212
3212
3101
3615
3615
3615
3615
3516
3918
3918
3291
3291
3615
3616
3615
3642
3637
3637
3339
3677
3432
3531
3483
3145
2901
2901
2949
2950
2626
2599
3226
3178
3289
3288
3287
3176
3181
3425
3425
3420
2984
2582
2582
2962
2963
2421
2823
3147
3048
3346
3102
3201
3249
2869
3113
3358
3469
3225
2901
2802
2901
2901
2603
2603
2603
2492
2872
2872
2877
3215
3210
3321
3322
3322
3758
3420
3419
3424
3376
3918
3945
3548
3112
2953
2411
2411
2749
2722
2717
3153
2717
2717
2717
3041
3042
3042
3584
3485
3729
3728
3728
3728
3727
3616
3074
3075
3186
3622
4019
3775
3775
3775
3934
4033
4575
4580
4256
4283
3656
3656
3254
3254
3155
2996
2997
3399
3723
3321
3321
3321
2885
2884
3128
3101
3503
3502
3601
3760
3808
3563
3558
3559
3511
3511
3511
3809
3809
3412
3253
2851
2899
2904
3149
3176
3175
3127
3175
2795
2768
2430
2768
2769
2721
3123
3503
3498
3498
3498
3498
3174
3174
3498
3498
3497
3894
3497
3497
3497
3497
3497
3497
4124
3800
3800
4236
4237
4561
4720
4561
4561
4237
4237
4237
4561
4566
4186
4186
4181
4181
3937
3395
3296
3838
3838
3838
3514
3514
3514
3514
3541
3546
3435
3832
3931
4311
4311
4311
4555
4556
4880
4879
4879
4879
4635
4635
4634
4878
4878
4879
4879
4879
4878
4989
4878
4476
4152
3772
3931
4255
3957
3957
3957
3957
4005
3491
3491
3246
3246
3246
2810
2811
2487
2923
3247
3248
2812
2764
2759
3004
3004
2462
2462
2462
2461
2461
3003
3439
3438
3114
3162
3003
3405
3405
3378
3537
2995
3106
3106
2479
2480
2432
2437
2193
2517
2517
2517
3031
3058
2899
3058
3685
3684
3684
3573
3573
3414
3462
3065
3065
3065
3065
3066
3364
3364
3359
3360
3604
3604
4146
4257
4012
3901
3901
3387
3498
3200
3597
3570
3232
3231
3569
3568
3727
3727
3754
4052
4057
4058
3516
3516
3218
3598
3599
3599
3599
3599
3844
3843
3843
3407
3162
3162
3162
3157
3157
3058
2899
3197
3633
3638
3638
3236
3235
3334
3307
3466
3307
2969
2996
2560
2561
2720
3156
3156
3155
2719
2719
2719
2714
2714
2317
2859
3295
3268
3268
3295
3809
3698
3262
2882
3262
3373
3378
3279
2955
3391
3391
3391
3391
3343
3344
3589
3344
3046
3384
3273
3273
3273
3670
3670
3670
3915
3401
3725
4239
4240
4339
4338
4449
4422
4422
4421
4421
4421
4469
4871
4772
4613
4211
4613
4071
4071
4071
4023
4071
4023
4565
4560
4236
4236
3839
3839
3844
3871
4030
3594
3595
3595
3893
3893
3894
3942
4378
4330
4303
3901
4000
3889
4213
4212
3832
3832
4229
4277
4679
4434
4434
4434
4434
4434
4110
4434
4461
4217
4218
4218
4217
4216
3819
3192
3572
3683
3684
3684
3928
3548
3945
3846
3444
3444
3439
3439
3412
3412
3814
3814
3814
3841
3841
3940
3939
4319
4075
4075
4076
4076
3778
3783
3783
4410
4409
4085
4329
4329
3949
3950
4330
4654
4654
4627
4528
4014
3903
4014
3634
3733
4247
3811
3184
3211
3211
3100
3052
3100
3099
3100
3073
2914
2914
2914
2914
2914
2909
2909
3207
3207
3452
3128
3128
3508
3832
3833
3833
3832
3832
3832
3943
3895
3895
3896
3896
3901
3901
3802
3405
3294
3405
3294
3293
3690
3738
3690
3690
3689
3690
3789
3545
3545
3221
3848
3603
3602
4038
3700
3700
3700
3811
3812
4056
3542
3543
3543
3542
3569
3814
3378
3379
3134
2836
3174
3419
3419
3320
3293
3048
3048
3096
2716
2314
2313
2340
2229
2388
2902
2902
2903
2903
3148
3247
3242
3242
3566
3566
3566
3571
3571
3566
3566
3677
3677
3677
4079
4031
4079
4052
4052
4079
4079
4515
4177
4177
4150
4102
4102
4003
4051
4056
4083
4056
4056
4056
4056
4083
4421
4176
4474
4474
4473
4473
4446
4446
4108
3949
4108
4108
4108
4108
4109
4104
4442
4442
4442
4442
4442
4442
4442
4447
4447
4109
3567
3812
3812
3410
3509
3509
3410
3812
3812
3811
3763
3763
3763
3763
4143
4481
4183
4282
4309
4309
4304
4059
4059
4304
4304
4305
4305
4278
4278
3764
4306
4207
4207
3827
3827
3489
3489
3494
3494
3383
3410
3708
3306
3708
3708
3819
3867
3819
3918
3521
3521
3520
3276
3276
3249
3249
3763
3762
3762
3810
4207
4208
3884
4264
4019
4018
4018
3970
3971
3872
3872
3867
3868
3471
3519
3857
3862
4107
3948
4272
4299
4299
4294
4299
4294
4393
4393
4055
3956
3956
3956
3908
3881
3367
3366
3414
3414
3419
3419
3933
3932
3932
3634
3635
3635
3734
3635
3311
3306
3195
3147
3258
2822
3066
3364
3364
3702
3707
3462
3462
3859
4295
4295
4619
4864
4863
4863
4890
4779
4343
4779
4774
4779
4399
4061
4062
4221
4220
3818
4198
4198
4199
4199
4601
4303
4303
3923
4022
4022
4022
4023
4403
4701
4701
4701
4700
4700
5038
4700
4700
5038
5038
5038
5149
5149
5149
5148
5196
4952
4904
4745
4740
4402
4646
4249
3951
3951
3951
4348
4353
4401
4401
4004
4004
3893
3457
3893
4004
4004
3760
4058
4455
4157
4157
4152
4152
4152
4152
4152
3907
3907
4066
4066
3552
3796
3685
3685
3685
3658
3658
3663
3690
3690
3691
3802
3802
3703
3459
3973
3974
3974
4218
4059
4397
4496
4495
4468
4467
4356
4601
4601
4357
4384
4357
4357
4357
3843
4087
4087
4087
4114
3717
4231
3689
3689
3689
4086
3841
4086
4087
4087
4087
4087
4087
3690
3689
3689
3689
3445
3200
3201
3201
3102
3347
3320
3272
3814
4112
4211
4211
4238
3802
3802
3802
3504
3505
3505
3500
3548
3548
3168
3466
3466
3466
3466
3466
3846
3846
3846
3851
3846
3846
3845
3845
3845
3600
3844
3844
3844
3843
3744
4141
3843
3843
4279
4252
4252
4550
4555
4550
4550
4661
4662
4689
4309
4309
4314
4315
4071
4230
4230
4610
4605
4605
4307
4307
4605
4704
4704
4704
4948
4704
4948
5193
5094
4756
4597
4597
4597
4596
4352
4351
4240
4240
4399
4399
4400
4400
4400
4644
4264
4375
4375
4375
4474
4475
4475
4151
4151
4151
4151
4150
4155
4155
4155
3528
3528
3528
3528
3528
3528
3908
3664
3908
3860
3458
3458
3458
3160
3159
3159
3457
3458
3458
3457
3457
3430
4057
4057
4057
4052
4100
4100
4100
4052
4079
4079
3537
3537
4079
4403
4158
4403
4404
4404
4404
4405
4246
4405
4404
4404
4404
4160
4208
4208
4208
4208
4181
4181
4133
4138
4027
4027
4022
3395
3296
3297
3635
3734
3978
3654
3702
4026
4053
4005
4004
4406
4406
4406
4082
4406
4247
4252
4300
4459
4459
4214
4209
4836
4592
4190
4190
4195
4168
4279
4279
4120
4120
4021
3973
3576
3624
4026
4185
4074
4173
4173
4200
4445
4445
4689
4689
4689
4689
4689
4590
4590
4585
4584
4585
4287
4042
4042
4041
4041
3703
3459
3079
2920
3079
3079
3459
3459
3459
3460
3460
3705
3706
3706
3705
3705
3706
3705
3710
4048
4048
4021
4021
4132
4132
3887
4185
4185
4185
4429
4428
4090
4335
4335
4287
4287
4287
4684
4711
4309
4310
4311
4306
4305
4305
4304
4304
4304
4304
4145
4547
4520
4409
4409
4568
4054
4102
4054
4054
4054
4054
4054
4568
4616
4643
4742
4228
4228
4228
4228
4566
4407
4407
4380
4380
4380
4281
4281
4392
4906
4907
4907
4912
4907
4907
4907
4912
4510
4510
4669
4669
4425
4425
4425
4266
4265
4265
4265
4265
4364
4364
4364
4365
4524
4519
4139
4140
4140
3743
3742
4144
4541
4540
4429
4429
4429
4809
4295
4295
4295
4295
4050
4055
4055
4055
3896
4140
3738
3983
4010
3962
3962
3962
3962
4073
4074
4074
4075
4589
4589
4589
4291
4339
4339
4228
4387
4386
4386
4386
4386
4385
4385
4385
4386
4684
4585
4585
4537
4537
4538
4538
4538
4637
4637
4685
4796
4169
4058
4058
4058
4058
4010
4121
3823
3823
3823
3823
3823
4121
3877
3441
3330
3231
3231
3231
3230
3230
3666
3665
3420
3531
3532
3505
3505
3553
3580
3580
3580
3579
3981
3976
3976
3976
3981
3981
3954
3954
3954
3954
3954
3954
3954
3954
3954
3954
3843
3843
3843
3843
3844
3843
3843
3505
3505
3505
3604
3604
3631
3875
3551
3551
3115
3115
3016
3016
2718
2829
3153
3398
3834
3829
3834
3834
3723
4021
3973
3729
3702
3702
3702
3300
3327
3729
3729
3730
4357
4357
4356
4351
4352
4357
4456
4455
4699
4699
4699
4694
4694
4694
4694
4694
4694
4694
4450
4351
4399
4737
4737
4742
4743
4742
4404
4404
4404
4404
4648
4648
4648
4747
4747
4588
4588
4588
4344
4345
4345
4345
4345
4345
4345
4246
4219
4463
4464
4459
4459
4411
4411
4438
4776
4775
4774
4933
4933
4933
5044
5045
5045
5046
5046
5045
5045
5045
5045
4643
4644
4643
4742
4743
4743
4201
4200
4200
4200
4201
4201
4206
3809
3809
3698
3697
3692
4094
4205
4747
4747
4747
4748
5145
5150
5150
4906
4905
4953
4953
4953
4794
4789
5033
4653
4652
4625
4625
4626
4626
5006
5006
5165
5165
5165
4841
4841
4868
4868
4868
4873
4873
4873
4873
4873
4873
4872
4330
4330
4330
4331
4331
4304
4304
4006
4006
4006
4006
4006
4006
3907
3902
3902
4444
4444
4444
4449
4449
4338
4338
4290
4389
4437
4437
4437
4437
4437
4761
4662
4662
4661
4662
4689
4662
4662
4662
4662
4662
4662
4662
4662
4662
4663
4663
4662
4662
4662
4761
4761
4760
4760
4760
4760
5058
4813
4813
4569
4813
4814
4814
4814
4814
4814
4655
4655
4650
4650
4649
4650
4650
4650
4650
4650
4655
4331
4331
4576
4576
4735
4735
4735
4736
4736
4736
4736
4847
4846
4798
4699
4699
4698
4699
4798
4798
4798
4798
4798
4284
4284
4284
4284
4284
4284
4284
3887
3887
3914
4238
4238
4238
4238
4238
4238
4752
4725
4183
4183
4183
4183
4024
4024
3644
3692
3692
3692
3692
3692
3692
3851
3852
3852
3607
3607
3607
3607
3607
3607
3602
3847
3847
3846
3735
3734
3735
3735
3762
3762
3762
3762
3762
4304
4256
4256
4256
4012
4256
4367
4366
4366
4763
4763
4736
4736
4736
4784
4784
5164
5164
5005
5006
5006
5006
5165
5165
4920
4872
5117
5117
4958
4859
4859
4859
4479
4479
4527
4554
4554
4713
4665
4554
4553
4526
4526
4526
4637
4637
4637
4642
4642
4642
4642
4642
4690
4690
4789
4789
4789
4789
4741
4741
4630
4630
4630
4630
4631
4631
4631
4532
4532
4532
4532
4532
4532
4631
4532
4135
4135
4135
4135
4515
4515
4515
4217
4217
4217
4217
4316
4316
4217
4217
4515
4542
4537
4537
4538
4538
4586
4586
4591
4189
4189
4189
4288
3964
3964
3963
3915
3915
3915
3910
3883
3883
3931
3931
3936
4047
4047
4449
4449
4449
4449
4444
4345
4345
4345
4345
4345
4345
4669
4669
4674
4773
4773
4772
4772
4767
4767
4794
4794
4799
4794
5191
5191
5143
5143
5148
4989
4989
5148
5148
4768
4768
4768
4523
4571
4566
4567
4567
4812
4812
4812
4567
4947
4947
4947
4948
4900
4900
4899
4947
4947
4947
4947
4948
4948
4948
4900
4900
4900
4905
4905
4900
4905
4905
4904
4805
4805
4805
4904
4877
4877
5122
4877
4877
4553
4553
4552
4552
4553
4553
4553
4553
4553
4552
4552
4876
5121
5122
5122
5122
5121
5121
5121
5121
5122
5123
5123
5123
5123
5123
5123
5171
5171
5170
5170
5170
5170
5170
5170
5059
5059
5059
5170
5170
5171
5171
5171
5170
5171
5170
5170
5170
5122
4784
4784
4540
4535
4535
4535
4873
4873
4900
4602
4602
4607
4607
4607
4607
4607
4580
4481
4481
4476
4477
4476
4476
4481
4481
4508
4508
4184
4184
4184
4179
4179
4179
4068
4068
4366
4366
4366
4366
4366
4366
4366
4477
4477
4477
4801
4801
4774
4774
4773
4774
4774
4774
4774
4873
4921
4922
4922
4922
4823
4823
4823
4823
4850
4850
4849
4849
4690
4690
4690
4663
4663
4662
4662
4662
4821
4821
4822
4822
4827
4828
4504
4504
4345
4589
4913
4913
4913
4913
4589
4688
4688
4688
4683
4572
4572
4572
4572
4572
4683
4683
4683
4683
4683
4682
4682
4682
4682
4682
4682
4683
4572
4599
4598
4571
4895
4895
4896
4896
4896
5007
5007
5006
5006
5007
5007
5012
5012
5039
5039
5038
5038
5038
5039
5038
5038
5038
5038
5038
5038
4927
4927
4927
4879
4878
4878
4879
4879
4852
4852
4852
4900
5011
5011
5011
5010
5010
5010
5010
5010
5010
5010
4899
4899
4899
4926
5085
5085
5085
5085
5085
5085
4747
4748
4748
5086
5081
5081
5082
5082
5081
5081
5081
5033
5033
4709
4710
4710
4710
4710
4821
5145
5145
5145
5145
5145
5193
5193
5193
5193
5192
5197
5197
5197
5170
5170
5170
5170
5170
5169
5070
5071
5071
4635
4635
4630
4630
4630
4630
4657
4657
4609
4614
4614
4614
4455
4450
4609
4609
4609
4609
5045
5045
5045
5045
5045
5045
5045
5045
5045
5045
4800
4800
4800
5045
5046
5046
4748
4748
4748
4748
4748
4748
4847
4852
5150
5198
5198
5198
5198
5198
5198
5099
5099
5094
5094
5067
4729
4729
5067
5067
5019
5019
5019
4681
5019
5019
5019
5018
5018
5018
5019
5019
5019
5019
5024
5024
5024
5024
5024
5024
5024
4622
4298
4298
4346
4670
4670
4670
4769
4768
4768
4768
4768
4768
4767
4767
4767
4668
4668
4668
4424
4424
4424
4425
4425
4524
4768
4768
4768
4768
4768
4769
4670
4697
4697
4696
4696
4795
4795
4795
4795
4696
4695
4695
4695
4695
4695
4695
4794
4470
4872
4872
4872
4761
4761
4872
4872
4872
5196
5196
5196
5196
5196
5196
5196
5196
5148
5148
5049
5022
5023
5071
5170
5170
5170
5170
5170
5170
5170
5170
5170
5071
5070
5070
5070
5022
5017
5017
5017
5017
5017
5017
5017
5065
5066
5071
5071
5071
5071
5071
5071
5071
5071
4827
4827
4827
4827
4854
4854
4855
4696
4696
4696
4696
4696
4695
4695
4695
4695
4695
4854
4827
4779
4779
4779
4774
4529
4529
4529
4529
4529
4577
4576
4465
4465
4465
4466
4466
4710
4710
4710
4711
4711
4810
4809
4809
4809
4809
4809
4710
4710
4710
4710
4662
4662
4710
4809
4809
4809
4809
4809
4809
4809
4809
4809
4809
4809
4920
4920
4920
4921
4921
4948
4948
4849
4849
4849
4849
5094
5093
5093
5093
4982
4982
4982
4982
5093
4849
4849
4849
4848
4849
4849
4849
4849
4849
4854
4854
4854
4854
4827
4827
4827
4828
4828
4828
4530
4371
4366
4365
4365
4365
4609
4609
4609
4610
4609
4609
4614
4614
4614
4912
4912
4912
4614
4773
4773
5071
5071
5071
5071
5071
4960
4960
4960
4960
5071
5071
5071
5023
5023
5023
5023
5023
5050
5050
5050
5050
5049
5049
5049
5050
5050
5149
5149
5149
5149
5149
5149
5149
5149
5148
5149
5149
5197
5197
5197
5197
5197
5196
5196
5196
5196
5097
5196
5196
5196
4799
4799
4799
5196
5196
5097
5097
5097
5097
5097
5097
5097
5196
5097
5049
5049
5050
5051
5046
5046
5046
5046
5045
5018
5066
5066
5066
5066
5066
4768
4768
5066
5066
5066
5066
5066
5165
5165
5165
5166
5166
5171
5171
5171
5171
5171
5166
5166
4868
4867
4867
4867
4867
4866
4818
4818
4818
4818
4818
4818
4818
4818
4818
4866
4867
4872
4867
4868
4867
4867
4872
4872
4872
4872
4872
4872
4872
4873
4873
4868
4868
4868
4868
4867
4867
5165
5165
5165
5165
5117
5117
5117
5165
5165
5170
5170
5170
5170
5197
5197
5197
5149
5149
5150
5150
5150
5150
5150
5150
5150
5150
5150
5150
5150
5150
5150
5150
5150
5150
5150
5149
5149
5149
5150
5150
5150
5150
5150
5150
5051
5050
5050
5050
5050
4805
5050
5050
5050
5050
5050
5023
5023
5023
5024
5024
5123
5122
5122
5122
5122
5170
5170
5170
5170
5170
5170
5170
5165
5165
5165
5165
5165
5192
5081
5081
5086
5086
5059
5059
5060
5060
5060
4961
5060
5060
5059
5086
5086
5086
5085
5085
5085
5086
5086
5086
5085
5085
5085
5085
5058
5058
5059
5059
5059
5059
5059
5059
5059
4662
4662
4689
5086
4927
5086
5086
5197
5149
5149
5149
5149
5144
5144
5144
5144
5144
5149
5122
4963
4963
4852
4608
4608
4608
4607
4607
4607
4607
4766
4766
4766
4766
4766
4814
4516
4511
4511
4511
4511
4511
4511
4516
4516
4516
4814
4814
4925
4925
4920
4920
4920
4809
4810
4810
4430
4430
4457
4457
4457
4457
4456
4456
4429
4429
4381
4381
4381
4382
4382
4762
4762
4762
4762
4763
4790
4790
4790
4790
4790
4790
4790
4790
4790
4790
4789
4762
4762
4762
4762
4810
4811
4816
4843
4843
4838
4838
4838
4838
4838
4811
4811
4922
4949
4949
4949
4948
4948
4948
5192
5192
5192
5192
5193
5145
5145
5144
5117
5117
5117
5117
5117
5117
5117
5117
5117
5116
5116
5116
5116
5117
5117
5117
5117
5117
5117
5117
5117
5117
5117
5165
5165
5165
5165
5165
5165
5192
5192
5192
5192
5193
5192
5192
5192
5192
5192
5192
5033
5033
5033
5033
5192
5192
5193
5193
5193
5193
5193
5193
5193
5193
5193
5193
4949
4949
4949
4949
4949
4948
4948
4948
4948
4948
4921
4921
4948
4948
4948
4948
4948
5192
5191
5191
5164
5164
5065
5065
5017
5017
5017
5017
5044
5044
5044
5049
5049
5049
5148
5148
5143
5143
5143
5143
5148
5148
5148
5148
5149
5148
5143
5143
5144
5149
5149
5197
5197
5197
5197
5197
5197
5197
5197
5197
5197
5197
5197
5192
5193
5193
5193
5192
5193
5192
5192
5192
5144
5143
4805
4805
4805
4805
4805
4806
4806
4806
4806
4811
4811
4811
4811
4811
4811
4811
4811
4810
4810
4858
4858
4858
4858
4858
4858
4858
4858
4859
4859
4811
4811
4811
4811
4811
4811
4811
4811
4811
4810
4810
4810
4810
5148
5149
5149
5149
5149
5150
5149
5149
5144
5145
5118
5145
5118
5118
5123
5123
5171
5171
5171
5171
5123
5150
5150
5150
5150
5150
5145
5150
5150
5149
5149
5150
5150
5039
5039
5039
5039
5039
5039
5039
5039
5087
5087
5087
5087
5082
5055
5054
5054
5054
5054
5054
5054
5059
5059
5059
5059
5059
5059
5058
5058
5058
5058
5058
5059
5059
5059
5059
5060
5060
5060
5171
5171
5171
5171
5171
5171
5171
5171
5170
5170
5071
5071
5071
5071
5071
4912
4912
4912
4912
4864
4864
4912
4912
4913
4913
5072
5072
4734
4733
4733
4733
4733
4733
4733
4733
4733
4832
4832
4832
4832
4832
4832
4784
4685
4685
4686
4785
4785
4785
4785
4785
4784
4784
4784
4784
4832
4832
4859
4859
4859
4859
5197
5197
5197
5170
5170
5170
5170
5197
5197
5197
5197
5197
5197
5197
5192
5193
5166
5166
5166
5193
5193
5193
5193
5193
5193
5193
5193
5198
5198
5198
5087
5087
5087
5087
5087
5087
5087
5087
5060
5060
5060
5060
5055
5055
5055
5054
5054
5054
5059
5086
5086
5086
5086
5086
5086
5086
5086
5087
5087
5087
5087
5198
5193
5193
5193
5193
5193
5193
5193
5193
5193
5193
5193
5193
5193
5192
5192
5197
5197
5197
5197
5197
5197
5197
5197
5197
5197
5197
5197
5198
5198
5198
5198
5198
5197
5197
5197
5197
5197
5197
5196
5196
5197
5197
5197
5197
5149
5148
5148
5148
5148
5148
5148
5148
5148
5148
5143
5144
5145
5144
5145
5150
5150
5150
5150
5150
5150
5150
5150
5150
5150
5145
5145
5145
5145
5145
5145
5150
5150
5150
5150
5150
5150
5145
5145
5144
5144
5144
5117
5116
5116
5116
5117
5117
5117
5165
5165
5170
5170
5170
5170
4925
4925
4925
4925
4925
4924
4924
4924
4924
4924
4924
4924
4924
4924
4924
5169
5169
5164
5164
5164
5164
5164
5116
5116
5116
5116
5143
5143
5191
5191
5191
5191
5191
5164
5164
5164
5164
5164
5169
5169
5169
5169
5169
5169
5169
5170
5170
5170
5197
5197
5197
5198
5198
5198
5198
5198
5193
5193
5193
5193
5193
5193
5166
5166
5165
5165
5165
5165
5165
5165
5165
5165
5165
5165
5165
5192
5165
5165
5165
5165
5165
5165
5165
5165
5165
5165
5170
5122
5117
5117
5117
5117
5117
5117
5117
5117
5117
5165
5165
5166
5166
5166
5166
5166
5193
5193
5193
5193
5193
5193
5193
5193
5193
5193
5193
5193
5193
5193
5193
5082
5081
5033
5033
5006
5007
5007
5006
5006
5006
5006
5006
5117
5117
5117
5116
5116
5116
5116
5117
5117
5117
5117
5144
5144
5117
5117
5117
5116
5116
5116
5116
5116
5116
5116
5164
5164
5164
5164
5164
5164
5191
5191
5191
5192
5192
5192
5192
5192
5192
5192
5192
5192
5192
5192
5192
5192
5192
5165
5192
5192
5144
5144
5144
5149
5149
5148
5148
5148
5148
5148
5148
5148
5148
5148
5148
5148
5149
5149
5149
5149
5149
5149
5050
5023
5018
5018
5018
5066
5066
5066
5066
5071
5170
5170
5170
5170
5165
4920
4925
4952
4952
4952
4952
4952
4952
4952
5197
5197
5197
5197
5196
5197
5197
5197
5197
5197
5197
5197
5197
5197
5197
5197
5197
5197
5197
5197
5197
5197
5197
5197
5197
5197
5197
5192
5192
5197
5197
5197
5197
5197
5197
5197
5197
5197
5197
5197
5197
5197
5198
5198
5198
5171
5171
5171
5171
5171
5170
5170
5170
5170
5170
5170
5170
5170
5170
5170
5170
5170
5170
5170
5122
5122
5122
5170
5170
5170
5170
5170
5170
5170
5170
5170
5170
5170
5170
5170
5170
5170
5170
5170
5170
5170
5122
5123
5123
5123
5123
5123
5123
5123
5150
5123
5123
5123
5123
5123
5122
5122
5122
5122
5122
5122
5122
5122
5122
5121
5121
5121
5121
5116
5164
5164
5164
5116
5116
5143
5143
5143
5143
5148
5148
5148
5148
5148
5049
5050
5050
5050
5098
5098
5197
5197
5197
5198
5197
5197
5197
5197
5197
5197
5197
5197
5197
5197
5197
5197
5170
5170
5170
5165
5165
5165
5165
5165
5192
5191
5191
5191
5191
5191
5191
5191
5191
5191
5192
5193
5192
5192
5192
5192
5192
5192
5192
5197
5197
5197
5197
5197
5197
5197
5197
5197
5197
5192
5192
5192
5193
5193
5193
5193
5192
5165
5165
5165
5066
5066
5066
5071
5170
5171
5171
5170
5170
5170
5170
5165
5165
5165
5165
5165
5165
5166
5166
5166
5166
5166
5166
5171
5171
5171
5171
5171
5171
5123
5123
5123
5123
5123
5123
5123
5123
5123
5123
5123
5123
5118
5118
5118
5166
5166
5166
5166
5166
5166
5166
5171
5171
5171
5171
5171
5166
5166
5166
5166
5166
5166
5166
5165
5165
5117
5117
5117
5117
5117
5117
5117
5117
5118
5118
5118
5118
5118
5123
5123
5123
5123
5123
5123
5123
5123
5150
5150
5150
5150
5149
5144
5144
5149
5148
5148
5148
5196
5196
5196
5197
5197
5197
5197
5197
5197
5170
5170
5170
5170
5170
5170
5170
5170
5169
5196
5196
5196
5191
5191
5191
5196
5169
5169
5170
5170
5197
5197
5197
5197
5197
5197
5170
5170
5170
5170
5170
5170
5197
5192
5193
5192
5192
5144
5144
5144
5149
5149
5149
5148
5148
5196
5191
5191
5191
5191
5191
5191
5191
5191
5196
5169
5196
5196
5197
5197
5197
5197
5197
5197
5197
5197
5197
5197
5197
5197
5197
5192
5192
5192
5192
5193
5193
5193
5193
5193
5193
5193
5193
5166
5166
5171
5166
5166
5165
5165
5165
5165
5165
5165
5165
5165
5166
5166
5166
5166
5166
5166
5166
5166
5166
5166
5166
5165
5165
5165
5165
5165
5165
5165
5165
5165
5165
5165
5165
5165
5165
5165
5192
5192
5192
5192
5193
5193
5193
5198
5198
5198
5198
5198
5198
5193
5193
5192
5192
5197
5197
5197
5196
5196
5196
5196
5196
5196
5197
5197
5197
5197
5197
5197
5197
5197
5197
5197
5197
5197
5197
5197
5170
5170
5171
5170
5170
5170
5170
5170
5170
5170
5170
5170
5170
5170
5170
5169
5169
5164
5191
5191
5191
5192
5192
5192
5192
5192
5192
5192
5165
5165
5164
5164
5164
5164
5165
5165
5165
5165
5165
5165
5165
5165
5170
5170
5170
5170
5170
5197
5197
5196
5196
5196
5197
5197
5198
5193
5192
5192
5192
5192
5192
5192
5192
5192
5165
5165
5165
5165
5165
5165
5165
5165
5166
5166
5166
5193
5166
5166
5166
5166
5166
5165
5165
5165
5165
5165
5165
5165
5165
5165
5170
5170
5169
5169
5169
5169
5169
5169
5170
5170
5170
5170
5170
5170
5170
5170
5170
5170
5170
5170
5170
5170
5170
5170
5170
5170
5170
5170
5171
5171
5171
5171
5171
5171
5171
5171
5171
5171
5198
5198
5198
5198
5198
5198
5198
5198
5198
5198
5198
5198
5197
5198
5198
5198
5198
5198
5198
5197
5197
5198
5198
5198
5198
5198
5198
5198
5198
5198
5198
5198
5198
5197
5197
5197
5192
5192
5192
5192
5192
5192
5192
5192
5192
5192
5192
5192
5192
5192
5192
5192
5197
5197
5197
5197
5098
5098
5098
5098
5071
5071
5071
5066
5066
5066
5067
5067
5067
5067
5067
5067
5066
5066
5066
5066
5066
5066
5018
5019
5024
5024
5051
5051
5051
5051
5051
5051
5051
5051
5050
5050
5050
5050
5050
5050
5149
5149
5050
5050
5049
5049
5049
5049
5049
5049
5050
5098
5098
5098
5093
5093
5093
5093
5093
5093
5093
5093
5098
5098
5098
5098
5098
5197
5197
5197
5197
5170
5170
5170
5170
5170
5170
5170
5170
5170
5170
5170
5170
5170
5170
5170
5170
5170
5165
5170
5170
5170
5170
5170
5170
5170
5171
5171
5170
5170
5169
5196
5196
5191
5191
5191
5191
5196
5196
5169
5170
5170
5170
5170
5170
5170
5170
5170
5170
5170
5170
5170
5170
5170
5170
5170
5169
5196
5196
5196
5196
5196
5196
5196
5196
5197
5197
5198
5197
5197
5197
5098
5098
5098
5071
5071
5071
5071
5071
5071
5071
5071
5170
5170
5170
5170
5170
5170
5170
5170
5169
5121
5121
5121
5121
5121
5148
5149
5149
5149
5149
5149
5122
5122
5122
5122
5122
5122
5170
5170
5170
5170
5170
5170
5170
5170
5170
5171
5171
5060
5060
5087
5060
5059
5059
5059
5059
5060
5060
5060
5060
5012
5012
5012
5012
5012
5012
5012
5012
5011
5011
5011
5038
5038
5038
5038
5038
5038
5086
5086
5086
5086
5086
5086
5059
5059
5054
5054
5054
5081
5081
5081
5081
5081
5081
5081
5192
5192
5192
5192
5192
5192
5192
5191
5191
5191
5192
5193
5193
5166
5166
5166
5171
5171
5171
5171
5171
5171
5171
5198
5198
5197
5197
5197
5149
5144
5144
5144
5144
5144
5144
5143
5143
5143
5143
5143
5143
5144
5144
5144
5117
5117
5117
5117
5117
5117
5144
5144
5149
5149
5149
5149
5149
5148
5148
5148
5148
5149
5149
5197
5197
5197
5197
5197
5197
5196
5196
5196
5196
5196
5196
5196
5196
5196
5196
5196
5196
5196
5196
5196
5191
5191
5191
5191
5191
5191
5191
5191
5191
5191
5191
5191
5191
5191
5192
5192
5192
5192
5192
5192
5192
5197
5197
5170
5170
5170
5170
5170
5197
5197
5197
5197
5197
5197
5197
5197
5198
5197
5197
5149
5197
5197
5197
5197
5197
5197
5197
5197
5197
5192
5192
5192
5192
5192
5192
5192
5192
5192
5192
5192
5192
5192
5192
5192
5197
5197
5197
5197
5197
5197
5197
5197
5197
5197
5197
5170
5170
5170
5197
5198
5198
5198
5198
5198
5198
5198
5198
5193
5193
5193
5193
5193
5193
5193
5193
5193
5193
5193
5198
5197
5196
5196
5196
5196
5196
5196
5196
5196
5196
5196
5196
5196
5196
5196
5196
5196
5196
5196
5196
5196
5196
5169
5196
5196
5196
5196
5196
5197
5197
5197
5197
5196
5196
5196
5196
5197
5197
5197
5198
5198
5197
5197
5197
5197
5197
5197
5198
5198
5198
5198
5198
5198
5198
5197
5197
5197
5198
5198
5198
5197
5198
5198
5198
5198
5198
5198
5198
5171
5166
5166
5166
5166
5165
5170
5170
5170
5170
5170
5197
5197
5197
5197
5197
5196
5196
5196
5196
5196
5196
5196
5196
5196
5169
5170
5170
5169
5169
5169
5169
5169
5169
5169
5169
5169
5169
5196
5196
5196
5197
5197
5197
5197
5197
5197
5197
5197
5197
5197
5197
5192
5192
5192
5192
5192
5193
5193
5192
5192
5192
5192
5192
5192
5144
5144
5144
5144
5149
5149
5122
5122
5122
5149
5149
5197
5197
5197
5197
5197
5197
5197
5197
5197
5197
5197
5197
5197
5197
5197
5197
5197
5197
5197
5197
5170
5170
5170
5170
5170
5169
5169
5169
5169
5169
5169
5169
5169
5169
5169
5164
5191
5191
5191
5191
5191
5191
5191
5191
5191
5192
5192
5192
5192
5192
5192
5192
5192
5192
5192
5192
5197
5197
5197
5197
5197
5197
5197
5197
5197
5197
5197
5197
5197
5197
5197
5197
5197
5197
5197
5197
5198
5198
5198
5198
5198
5198
5198
5198
5198
5198
5198
5198
5198
5198
5198
5198
5198
5197
5197
5197
5197
5198
5198
5198
5198
5198
5198
5198
5197
5197
5197
5197
5196
5196
5196
5196
5196
5196
5196
5196
5197
5196
5196
5169
5169
5169
5196
5196
5197
5197
5197
5197
5198
5198
5193
5193
5192
5192
5192
5192
5192
5197
5197
5197
5170
5170
5169
5169
5169
5169
5169
5170
5197
5197
5197
5197
5198
5198
5198
5197
5197
5197
5197
5197
5197
5197
5197
5197
5197
5197
5197
5197
5197
5197
5197
5197
5197
5197
5197
5197
5197
5192
5192
5192
5192
5192
5192
5192
5192
5191
5191
5192
5192
5192
5192
5192
5192
5192
5192
5192
5192
5192
5192
5192
5192
5192
5192
5192
5192
5192
5193
5193
5193
5193
5166
5166
5165
5165
5165
5166
5166
5166
5166
5166
5166
5166
5166
5166
5166
5166
5166
5166
5165
5165
5170
5170
5171
5171
5171
5198
5198
5198
5198
5198
5198
5193
5193
5193
5193
5193
5193
5193
5193
5193
5193
5193
5193
5193
5193
5193
5193
5193
5193
5193
5193
5193
5193
5193
5193
5193
5193
5193
5193
5193
5193
5198
5198
5198
5198
5198
5198
5198
5198
5198
5197
5197
5197
5197
5196
5196
5196
5196
5148
5149
5149
5149
5149
5149
5149
5148
5148
5148
5148
5148
5149
5149
5197
5197
5197
5197
5197
5197
5197
5197
5197
5192
5192
5192
5192
5192
5081
5082
5082
5082
5082
5082
5193
5193
5192
5192
5192
5192
5192
5192
5192
5192
5192
5192
5192
5193
5193
5192
5192
5192
5144
5144
5143
5143
5144
5192
5192
5192
5192
5192
5192
5192
5192
5191
5191
5191
5191
5191
5192
5192
5192
5192
5192
5192
5192
5192
5192
5192
5192
5192
5192
5193
5193
5193
5193
5193
5192
5192
5192
5192
5197
5197
5192
5192
5192
5192
5197
5197
5197
5196
5196
5191
5196
5196
5196
5196
5196
5196
5191
5191
5191
5192
5192
5197
5197
5197
5197
5197
5192
5192
5192
5193
5193
5193
5193
5193
5192
5192
5192
5192
5192
5192
5192
5192
5192
5192
5192
5192
5192
5192
5192
5192
5192
5192
5192
5192
5192
5192
5192
5192
5192
5192
5192
5192
5192
5192
5192
5193
5193
5193
5193
5193
5166
5166
5166
5166
5166
5166
5166
5166
5166
5171
5171
5171
5171
5171
5171
5171
5171
5171
5171
5171
5171
5171
5170
5170
5170
5170
5170
5170
5170
5170
5170
5170
5170
5170
5197
5197
5197
5197
5197
5197
5197
5197
5198
5198
5198
5193
5193
5193
5192
5192
5192
5192
5192
5192
5191
5192
5192
5192
5191
5196
5196
5196
5196
5196
5197
5197
5197
5196
5196
5196
5196
5196
5196
5196
5196
5196
5196
5196
5196
5196
5196
5196
5197
5197
5197
5197
5197
5197
5197
5197
5197
5197
5196
5197
5197
5197
5197
5197
5197
5197
5197
5197
5197
5197
5198
5198
5197
5197
5197
5197
5197
5198
5198
5198
5198
5198
5198
5198
5198
5198
5198
5197
5196
5196
5196
5196
5196
5196
5196
5196
5196
5196
5196
5196
5196
5196
5196
5196
5196
5197
5197
5196
5196
5191
5191
5191
5191
5191
5196
5196
5196
5196
5197
5197
5198
5198
5197
5197
5196
5196
5196
5196
5197
5197
5197
5198
5193
5166
5166
5166
5166
5166
5166
5166
5166
5171
5170
5170
5170
5170
5171
5171
5171
5171
5171
5171
5171
5171
5171
5170
5170
5170
5170
5197
5197
5197
5197
5197
5198
5198
5198
5198
5198
5198
5198
5198
5198
5198
5198
5198
5198
5198
5197
5197
5197
5197
5198
5197
5197
5197
5197
5198
5198
5198
5198
5198
5198
5198
5198
5198
5198
5198
5198
5198
5198
5198
5193
5192
5192
5192
5192
5192
5192
5192
5191
5196
5196
5196
5196
5196
5196
5196
5196
5196
5196
5196
5196
5196
5196
5196
5196
5196
5196
5196
5196
5196
5196
5197
5197
5197
5197
5197
5197
5192
5192
5192
5192
5192
5192
5192
5197
5197
5197
5197
5197
5197
5197
5197
5197
5197
5197
5196
5196
5169
5169
5169
5170
5170
5170
5170
5170
5171
5171
5171
5171
5171
5171
5171
5171
5170
5170
5170
5170
5170
5170
5170
5170
5169
5169
5169
5169
5169
5169
5169
5169
5169
5170
5170
5170
5170
5170
5170
5170
5170
5170
5170
5170
5170
5170
5170
5170
5170
5170
5170
5170
5165
5165
5165
5165
5165
5165
5165
5165
5164
5164
5164
5164
5164
5164
5164
5164
5164
5164
5164
5164
5164
5164
5165
5165
5165
5165
5166
5166
5165
5165
5165
5165
5192
5192
5192
5192
5192
5192
5192
5192
5192
5192
5193
5193
5193
5193
5193
5193
5193
5193
5193
5198
5198
5198
5198
5193
5192
5192
5192
5192
5192
5192
5192
5192
5192
5197
5197
5197
5197
5197
5197
5197
5197
5197
5197
5170
5170
5170
5170
5170
5170
5170
5165
5165
5164
5164
5164
5164
5164
5164
5191
5191
5191
5192
5192
5192
5197
5197
5197
5197
5197
5197
5196
5196
5196
5197
5197
5197
5197
5197
5196
5196
5196
5196
5197
5197
5197
5197
5197
5197
5198
5198
5198
5198
5198
5198
5198
5198
5193
5193
5193
5193
5193
5193
5193
5193
5193
5192
5192
5193
5193
5198
5197
5197
5197
5197
5197
5197
5192
5192
5192
5192
5192
5192
5192
5192
5192
5192
5192
5192
5197
5197
5197
5197
5197
5198
5198
5197
5197
5197
5197
5197
5197
5197
5192
5192
5192
5192
5192
5192
5192
5192
5192
5192
5192
5193
5193
5193
5193
5193
5193
5193
5193
5193
5192
5192
5192
5192
5192
5192
5192
5192
5192
5192
5193
5193
5198
5198
5198
5198
5198
5198
5198
5198
5198
5198
5198
5198
5198
5198
5198
5198
5198
5198
5198
5198
5198
5198
5198
5198
5198
5198
5198
5198
5198
5198
5198
5198
5198
5198
5193
5193
5193
5193
5193
5193
5193
5193
5193
5192
5192
5192
5192
5192
5192
5197
5197
5196
5196
5196
5196
5197
5197
5197
5197
5197
5197
5197
5192
5192
5192
5192
5192
5192
5192
5192
5192
5197
5197
5197
5197
5197
5197
5197
5197
5197
5197
5197
5197
5197
5197
5197
5197
5197
5197
5197
5197
5197
5197
5197
5197
5197
5197
5197
5197
5197
5197
5197
5197
5197
5197
5196
5196
5196
5196
5196
5196
5196
5196
5196
5196
5196
5196
5196
5196
5196
5197
5192
5192
5197
5197
5197
5197
5197
5197
5197
5197
5197
5197
5197
5197
5197
5197
5197
5197
5197
5197
5197
5197
5198
5198
5193
5193
5193
5193
5193
5193
5192
5191
5192
5192
5192
5192
5192
5192
5192
5192
5192
5192
5192
5192
5192
5192
5192
5192
5193
5193
5192
5192
5192
5192
5192
5192
5192
5192
5192
5192
5192
5191
5191
5191
5191
5191
5191
5191
5191
5192
5192
5192
5192
5192
5192
5192
5192
5193
5193
5192
5192
5192
5192
5192
5165
5165
5165
5170
5170
5170
5165
5165
5165
5165
5165
5165
5165
5165
5165
5165
5166
5171
5171
5171
5171
5171
5171
5171
5171
5171
5171
5171
5171
5171
5171
5171
5171
5171
5171
5198
5198
5198
5198
5198
5198
5198
5198
5198
5197
5198
5197
5197
5197
5197
5197
5197
5197
5197
5197
5196
5196
5196
5196
5196
5196
5196
5196
5196
5196
5196
5196
5196
5197
5197
5197
5197
5197
5192
5192
5192
5192
5191
5192
5193
5193
5193
5192
5197
5197
5197
5197
5197
5197
5197
5197
5197
5197
5197
5197
5197
5197
5197
5197
5197
5198
5198
5198
5198
5198
5198
5198
5198
5197
5197
5197
5197
5197
5197
5197
5197
5197
5197
5197
5197
5197
5197
5197
5197
5197
5197
5196
5196
5196
5196
5196
5197
5197
5197
5197
5197
5197
5197
5197
5197
5197
5197
5197
5198
5198
5198
5198
5198
5198
5198
5198
5198
5198
5197
5197
5197
5197
5197
5192
5192
5192
5192
5192
5192
5193
5193
5193
5193
5193
5193
5193
5193
5193
5193
5193
5193
5193
5193
5193
5193
5193
5193
5193
5193
5192
5192
5192
5193
5193
5192
5192
5192
5192
5192
5192
5192
5192
5192
5192
5193
5192
5192
5192
5192
5193
5193
5193
5193
5193
5193
5193
5193
5193
5193
5193
5193
5193
5192
5192
5192
5197
5197
5197
5197
5197
5197
5197
5197
5197
5192
5192
5192
5192
5192
5197
5196
5196
5196
5196
5196
5196
5196
5196
5196
5196
5196
5196
5196
5196
5196
5196
5196
5196
5197
5197
5197
5197
5197
5197
5197
5197
5197
5197
5197
5197
5197
5197
5197
5197
5197
5197
5197
5197
5197
5198
5198
5198
5198
5198
5198
5198
5193
5193
5193
5193
5193
5193
5193
5193
5193
5193
5193
5193
5193
5193
5193
5193
5193
5193
5198
5198
5198
5198
5198
5198
5198
5198
5198
5198
5198
5198
5198
5198
5198
5198
5198
5197
5197
5197
5197
5197
5197
5197
5197
5197
5197
5197
5197
5197
5197
5192
5192
5192
5193
5193
5193
5192
5192
5197
5196
5196
5196
5196
5196
5196
5196
5196
5196
5197
5197
5197
5197
5197
5197
5197
5197
5197
5197
5197
5197
5197
5170
5170
5170
5170
5170
5170
5170
5170
5170
5170
5170
5170
5170
5170
5170
5170
5197
5197
5198
5198
5198
5198
5198
5198
5198
5198
5198
5198
5198
5198
5197
5197
5197
5197
5197
5198
5197
5197
5192
5192
5192
5192
5193
5193
5193
5193
5198
5198
5198
5198
5198
5198
5198
5197
5198
5198
5198
5198
5198
5198
5197
5197
5198
5198
5198
5198
5198
5198
5198
5198
5198
5198
5197
5197
5197
5197
5197
5197
5197
5197
5196
5196
5197
5197
5197
5197
5196
5196
5196
5196
5196
5191
5192
5192
5192
5192
5192
5192
5192
5197
5197
5197
5197
5197
5197
5196
5196
5196
5197
5196
5196
5196
5196
5196
5196
5196
5196
5196
5196
5196
5197
5197
5197
5197
5197
5197
5197
5197
5197
5197
5197
5197
5198
5198
5198
5198
5198
5198
5198
5198
5198
5197
5197
5197
5197
5197
5192
5192
5192
5192
5192
5193
5193
5193
5192
5192
5192
5191
5191
5191
5191
5196
5196
5196
5196
5197
5197
5197
5197
5197
5197
5197
5197
5197
5197
5197
5197
5192
5191
5191
5192
5192
5192
5192
5192
5192
5192
5192
5192
5192
5192
5192
5192
5192
5192
5192
5192
5192
5192
5192
5192
5192
5192
5192
5192
5192
5197
5197
5197
5197
5197
5197
5197
5197
5197
5197
5197
5197
5197
5197
5197
5198
5197
5197
5197
5196
5196
5196
5196
5196
5196
5196
5196
5196
5196
5197
5197
5197
5192
5192
5192
5192
5192
5193
5193
5193
5193
5193
5193
5198
5198
5198
5197
5197
5197
5197
5197
5197
5196
5196
5197
5196
5196
5196
5196
5196
5196
5196
5196
5196
5196
5196
5196
5196
5197
5197
5197
5197
5197
5197
5197
5197
5197
5197
5197
5197
5197
5197
5197
5197
5197
5198
5198
5198
5193
5193
5193
5193
5193
5193
5193
5193
5193
5193
5193
5193
5193
5193
5193
5193
5193
5193
5193
5192
5192
5193
5193
5198
5198
5198
5197
5197
5197
5197
5197
5197
5197
5198
5198
5197
5197
5197
5197
5197
5196
5196
5196
5196
5196
5196
5196
5197
5197
5197
5197
5197
5197
5197
5198
5198
5198
5198
5198
5198
5198
5198
5198
5198
5198
5198
5198
5198
5198
5197
5197
5197
5196
5196
5197
5197
5197
5196
5197
5197
5197
5197
5197
5197
5197
5197
5197
5197
5198
5198
5198
5198
5197
5196
5196
5196
5196
5196
5196
5196
5196
5196
5196
5196
5196
5196
5196
5196
5196
5196
5196
5196
5196
5196
5196
5196
5196
5196
5197
5197
5197
5197
5197
5198
5198
5198
5198
5198
5198
5198
5198
5198
5198
5198
5198
5198
5198
5198
5198
5197
5197
5197
5197
5197
5197
5197
5197
5197
5192
5192
5192
5192
5192
5192
5192
5192
5193
5193
5193
5193
5193
5193
5193
5193
5193
5193
5193
5193
5193
5193
5192
5192
5192
5192
5192
5192
5192
5197
5197
5197
5198
5198
5198
5198
5198
5198
5198
5198
5198
5198
5198
5198
5198
5197
5197
5197
5197
5197
5197
5197
5197
5197
5197
5197
5197
5197
5197
5198
5198
5198
5198
5198
5198
5198
5198
5198
5198
5198
5198
5197
5197
5197
5197
5197
5198
5198
5198
5198
5198
5198
5198
5198
5198
5198
5198
5198
5198
5198
5193
5193
5193
5193
5193
5193
5193
5193
5193
5193
5193
5193
5193
5193
5193
5193
5193
5193
5193
5193
5193
5193
5193
5198
5198
5198
5198
5198
5198
5198
5198
5198
5197
5197
5197
5197
5197
5192
5197
5197
5197
5197
5198
5198
5198
5198
5198
5198
5198
5198
5198
5198
5198
5198
5198
5198
5198
5198
5198
5198
5198
5198
5197
5197
5197
5197
5197
5197
5197
5197
5197
5197
5197
5197
5197
5197
5197
5197
5197
5197
5197
5197
5197
5197
5197
5197
5198
5198
5198
5198
5198
5198
5198
5198
5198
5198
5197
5196
5196
5196
5196
5196
5196
5196
5196
5197
5197
5197
5197
5197
5198
5198
5198
5198
5198
5193
5198
5198
5198
5197
5197
5192
5193
5193
5198
5197
5197
5197
5197
5197
5197
5197
5197
5197
5197
5197
5197
5197
5197
5197
5197
5197
5196
5196
5196
5196
5196
5196
5197
5197
5197
5197
5197
5197
5197
5197
5197
5197
5197
5197
5197
5197
5197
5198
5198
5198
5198
5198
5198
5198
5198
5198
5198
5193
5193
5192
5192
5192
5191
5191
5191
5191
5191
5191
5191
5196
5196
5196
5196
5196
5196
5196
5196
5196
5196
5196
5196
5196
5196
5196
5196
5196
5196
5197
5197
5197
5197
5197
5192
5193
5193
5193
5193
5193
5193
5193
5193
5192
5192
5192
5192
5197
5197
5197
5197
5197
5197
5197
5197
5197
5197
5197
5197
5197
5197
5196
5196
5196
5196
5196
5196
5197
5197
5197
5197
5197
5197
5196
5196
5196
5196
5196
5196
5197
5197
5197
5196
5196
5197
5197
5197
5197
5197
5197
5197
5197
5197
5197
5196
5196
5197
5197
5197
5197
5197
5197
5197
5197
5196
5196
5196
5196
5196
5196
5196
5197
5197
5197
5197
5197
5197
5197
5197
5197
5197
5197
5197
5197
5197
5197
5197
5197
5197
5197
5198
5198
5198
5198
5197
5197
5197
5198
5198
5198
5197
5197
5197
5198
5198
5198
5198
5198
5197
5197
5197
5197
5197
5197
5197
5198
5198
5198
5198
5198
5198
5197
5197
5197
5197
5197
5197
5197
5197
5197
5197
5197
5197
5197
5196
5196
5197
5197
5198
5197
5197
5197
5197
5197
5197
5197
5197
5197
5196
5196
5197
5197
5197
5197
5197
5196
5196
5196
5197
5197
5197
5197
5197
5197
5197
5197
5197
5198
5198
5197
5197
5196
5191
5191
5191
5191
5191
5191
5191
5191
5191
5191
5191
5191
5191
5192
5192
5192
5192
5192
5192
5192
5192
5197
5197
5197
5197
5196
5196
5197
5197
5197
5197
5197
5197
5197
5197
5197
5197
5197
5197
5197
5198
5198
5198
5198
5198
5198
5198
5198
5198
5198
5198
5197
5197
5197
5196
5196
5196
5196
5196
5197
5197
5197
5197
5197
5197
5197
5197
5197
5197
5197
5197
5197
5197
5197
5197
5197
5197
5197
5197
5197
5197
5197
5192
5192
5192
5192
5191
5191
5191
5191
5191
5191
5191
5191
5191
5191
5191
5191
5191
5191
5191
5191
5191
5191
5191
5191
5191
5191
5191
5191
5191
5191
5191
5191
5191
5191
5191
5196
5196
5196
5196
5196
5196
5196
5197
5197
5197
5197
5197
5197
5197
5197
5197
5197
5198
5198
5198
5198
5198
5198
5198
5198
5198
5198
5198
5198
5198
5198
5198
5198
5198
5198
5198
5198
5198
5198
5198
5198
5198
5198
5198
5198
5198
5198
5197
5197
5197
5197
5196
5196
5196
5197
5197
5197
5197
5197
5197
5197
5197
5197
5197
5197
5197
5197
5197
5197
5197
5197
5197
5197
5197
5197
5197
5197
5197
5197
5197
5197
5197
5197
5197
5196
5196
5196
5196
5196
5196
5196
5196
5197
5197
5197
5197
5197
5197
5197
5197
5197
5197
5197
5197
5197
5198
5198
5198
5198
5198
5198
5198
5198
5198
5198
5198
5198
5198
5198
5198
5198
5198
5198
5198
5198
5198
5198
5198
5198
5198
5198
5197
5197
5197
5197
5197
5198
5198
5198
5198
5198
5198
5198
5198
5198
5198
5198
5198
5198
5198
5197
5197
5196
5196
5196
5196
5197
5197
5197
5197
5197
5197
5197
5197
5197
5197
5197
5196
5196
5196
5196
5196
5196
5196
5196
5196
5196
5196
5196
5196
5196
5196
5196
5196
5196
5197
5197
5197
5197
5197
5197
5197
5197
5197
5197
5197
5197
5197
5197
5197
5197
5197
5197
5197
5197
5197
5197
5197
5197
5198
5198
5193
5193
5192
5192
5192
5192
5191
5196
5196
5196
5196
5196
5196
5196
5197
5197
5197
5197
5197
5197
5197
5198
5197
5196
5196
5196
5196
5196
5196
5197
5197
5197
5197
5197
5197
5197
5196
5196
5196
5196
5196
5196
5196
5197
5197
5197
5197
5197
5197
5197
5197
5197
5197
5197
5197
5197
5197
5197
5197
5197
5197
5197
5197
5197
5197
5197
5197
5197
5197
5197
5197
5197
5197
5197
5197
5197
5197
5197
5197
5197
5197
5197
5197
5197
5197
5197
5197
5197
5197
5197
5197
5197
5197
5198
5198
5198
5198
5198
5198
5198
5198
5198
5198
5198
5198
5198
5198
5198
5198
5197
5196
5196
5197
5197
5197
5197
5197
5197
5197
5197
5197
5196
5196
5196
5197
5196
5196
5196
5196
5196
5196
5196
5196
5196
5196
5196
5196
5196
5196
5196
5196
5196
5196
5196
5196
5196
5196
5196
5196
5196
5196
5196
5196
5196
5196
5196
5196
5196
5196
5196
5196
5196
5197
5197
5197
5197
5197
5197
5197
5197
5197
5197
5197
5197
5197
5198
5198
5198
5198
5198
5198
5197
5197
5197
5197
5197
5197
5197
5197
5197
5197
5197
5197
5197
5197
5197
5197
5197
5197
5197
5197
5197
5197
5197
5197
5192
5197
5197
5197
5197
5197
5197
5196
5196
5196
5196
5196
5196
5196
5196
5196
5196
5196
5196
5196
5196
5196
5196
5196
5196
5196
5196
5196
5196
5197
5197
5197
5197
5197
5197
5197
5197
5197
5197
5197
5197
5197
5197
5197
5197
5197
5198
5198
5198
5198
5197
5197
5197
5197
5197
5197
5197
5197
5197
5197
5197
5196
5196
5196
5196
5196
5196
5196
5196
5196
5196
5196
5196
5196
5196
5196
5196
5196
5196
5197
5197
5197
5197
5197
5197
5197
5197
5196
5196
5196
5196
5196
5196
5196
5196
5196
5196
5196
5196
5196
5197
5197
5197
5197
5197
5197
5197
5197
5196
5196
5196
5196
5197
5197
5197
5197
5197
5197
5197
5197
5196
5196
5196
5196
5196
5196
5196
5196
5196
5196
5196
5196
5196
5196
5196
5197
5197
5197
5197
5197
5197
5197
5197
5197
5197
5197
5197
5196
5196
5196
5196
5196
5196
5196
5196
5197
5197
5197
5198
5198
5198
5198
5198
5198
5198
5198
5198
5198
5198
5198
5198
5198
5198
5198
5198
5198
5198
5198
5197
5197
5197
5197
5197
5197
5197
5197
5197
5197
5197
5197
5197
5197
5197
5197
5197
5197
5197
5197
5197
5197
5197
5197
5197
5197
5197
5197
5197
5197
5197
5197
5197
5197
5197
5197
5198
5198
5198
5197
5197
5197
5197
5197
5197
5197
5197
5197
5197
5197
5197
5197
5197
5197
5197
5197
5197
5197
5197
5197
5197
5198
5198
5198
5198
5198
5198
5198
5198
5198
5198
5198
5198
5197
5197
5197
5197
5197
5197
5197
5198
5198
5198
5198
5198
5198
5198
5198
5198
5198
5198
5198
5198
5198
5198
5198
5198
5198
5198
5198
5198
5198
5198
5198
5198
5198
5198
5198
5198
5198
5198
5198
5198
5198
5198
5198
5198
5198
5198
5198
5198
5198
5198
5198
5198
5198
5198
5198
5198
5198
5198
5198
5198
5198
5198
5198
5198
5198
5198
5198
5198
5198
5198
5198
5198
5198
5198
5198
5198
5198
5198
5198
5198
5198
5198
5198
5197
5197
5197
5197
5197
5197
5197
5197
5197
5197
5197
5197
5197
5197
5197
5197
5197
5197
5197
5197
5197
5197
5197
5197
5197
5197
5197
5197
5197
5197
5197
5197
5197
5197
5198
5198
5197
5197
5197
5197
5197
5197
5197
5197
5197
5197
5198
5198
5198
5198
5198
5198
5198
5198
5198
5198
5198
5198
5198
5198
5198
5198
5198
5198
5198
5198
5198
5198
5198
5198
5198
5198
5198
5198
5198
5198
5198
5198
5198
5198
5198
5197
5197
5197
5197
5197
5197
5196
5196
5196
5196
5196
5196
5196
5196
5197
5197
5197
5197
5197
5197
5198
5198
5198
5198
5198
5198
5198
5198
5198
5198
5198
5198
5198
5197
5197
5197
5197
5197
5197
5197
5197
5197
5198
5198
5198
5198
5198
5198
5198
5198
5198
5198
5198
5198
5198
5198
5198
5198
5198
5198
5198
5198
5198
5198
5198
5198
5198
5198
5198
5198
5198
5198
5198
5198
5198
5198
5197
5197
5197
5197
5197
5197
5197
5198
5198
5198
5198
5198
5198
5198
5198
5198
5197
5198
5198
5198
5198
5198
5198
5198
5198
5198
5197
5197
5197
5197
5197
5197
5197
5197
5197
5197
5197
5197
5197
5197
5197
5197
5197
5197
5198
5198
5198
5198
5198
5198
5198
5198
5198
5198
5198
5198
5198
5198
5198
5198
5198
5198
5198
5198
5198
5198
5198
5198
5198
5198
5198
5198
5198
5198
5198
5198
5198
5197
5197
5197
5197
5197
5197
5197
5197
5197
5197
5198
5198
5198
5198
5198
5198
5198
5198
5198
5198
5198
5198
5198
5198
5198
5198
5198
5198
5198
5198
5198
5198
5198
5198
5198
5198
5198
5198
5198
5198
5198
5198
5198
5198
5198
5198
5198
5198
5198
5198
5198
5198
5198
5198
5198
5198
5198
5198
5198
5198
5198
5198
5198
5198
5198
5198
5198
5198
5198
5198
5198
5198
5198
5198
5198
5198
5197
5197
5197
5197
5197
5197
5197
5197
5197
5197
5197
5197
5198
5198
5193
5193
5193
5193
5193
5193
5193
5193
5193
5193
5193
5193
5198
5198
5198
5198
5198
5198
5198
5198
5198
5198
5198
5197
5197
5198
5198
5198
5198
5198
5198
5198
5197
5197
5197
5197
5197
5197
5197
5196
5196
5196
5196
5196
5196
5196
5196
5196
5196
5196
5196
5196
5196
5196
5196
5196
5196
5196
5196
5196
5196
5196
5196
5196
5196
5196
5197
5197
5197
5197
5197
5197
5197
5197
5197
5197
5197
5197
5197
5198
5198
5198
5198
5198
5198
5198
5198
5198
5198
5198
5198
5198
5197
5197
5197
5197
5197
5197
5197
5197
5197
5197
5197
5197
5197
5197
5197
5197
5197
5197
5197
5197
5197
5198
5198
5198
5198
5198
5198
5198
5198
5198
5198
5198
5198
5198
5198
5198
5198
5197
5197
5197
5197
5197
5197
5197
5197
5197
5197
5197
5197
5197
5197
5197
5197
5197
5197
5197
5197
5197
5197
5197
5197
5197
5197
5197
5197
5197
5197
5197
5197
5197
5197
5198
5198
5198
5198
5198
5198
5197
5197
5197
5198
5197
5197
5197
5197
5197
5197
5197
5197
5197
5197
5197
5197
5197
5197
5197
5197
5197
5197
5197
5197
5197
5197
5197
5198
5198
5198
5198
5198
5198
5198
5198
5198
5198
5198
5198
5197
5197
5197
5197
5197
5197
5197
5197
5197
5197
5197
5197
5197
5197
5197
5197
5197
5197
5197
5197
5197
5197
5197
5198
5198
5198
5198
5198
5198
5198
5198
5198
5198
5198
5198
5198
5198
5198
5198
5198
5198
5198
5197
5197
5197
5197
5197
5197
5197
5197
5197
5197
5197
5197
5197
5197
5197
5197
5197
5197
5197
5197
5197
5197
5197
5198
5198
5198
5198
5198
5198
5197
5197
5197
5197
5197
5197
5197
5197
5197
5197
5197
5197
5197
5197
5197
5197
5197
5197
5197
5197
5198
5198
5197
5197
5197
5198
5197
5196
5196
5196
5196
5196
5196
5196
5196
5196
5196
5196
5196
5196
5196
5196
5196
5196
5196
5196
5196
5196
5196
5196
5196
5196
5191
5191
5191
5191
5191
5191
5191
5191
5191
5191
5191
5191
5191
5191
5191
5191
5191
5191
5191
5191
5191
5191
5191
5191
5191
5191
5191
5191
5191
5192
5192
5192
5192
5192
5197
5197
5197
5197
5197
5197
5197
5197
5197
5197
5198
5198
5198
5198
5198
5198
5198
5198
5198
5198
5198
5198
5198
5198
5198
5198
5198
5198
5197
5197
5197
5197
5197
5197
5197
5197
5197
5197
5197
5197
5197
5197
5197
5197
5197
5197
5197
5197
5198
5198
5198
5198
5198
5198
5198
5198
5198
5198
5197
5197
5197
5197
5197
5197
5197
5197
5197
5197
5197
5197
5197
5197
5197
5197
5197
5197
5197
5197
5198
5198
5198
5198
5198
5198
5198
5198
5198
5198
5198
5198
5198
5198
5198
5198
5198
5198
5198
5198
5198
5198
5198
5198
5198
5198
5198
5197
5197
5197
5197
5197
5197
5197
5197
5197
5197
5197
5197
5197
5197
5197
5197
5198
5198
5198
5198
5198
5198
5198
5198
5198
5198
5198
5198
5198
5198
5198
5198
5198
5198
5198
5198
5198
5198
5198
5198
5198
5198
5198
5198
5198
5198
5198
5198
5198
5198
5198
5198
5198
5198
5198
5198
5198
5198
5198
5198
5198
5198
5198
5197
5197
5197
5197
5197
5197
5198
5198
5198
5198
5198
5198
5198
5198
5198
5198
5198
5198
5198
5198
5198
5198
5198
5198
5197
5197
5197
5197
5197
5197
5197
5197
5197
5197
5197
5198
5198
5198
5198
5198
5198
5198
5198
5198
5198
5198
5198
5198
5198
5198
5198
5198
5198
5198
5198
5198
5198
5198
5198
5198
5198
5198
5198
5198
5198
5198
5198
5198
5198
5198
5198
5198
5198
5198
5198
5198
5198
5198
5198
5198
5198
5198
5198
5198
5198
5198
5198
5198
5198
5198
5198
5198
5198
5198
5198
5198
5198
5198
5198
5198
5198
5198
5198
5198
5198
5198
5198
5198
5198
5198
5198
5198
5198
5198
5198
5198
5198
5198
5198
5198
5198
5198
5198
5198
5198
5198
5198
5198
5198
5198
5198
5198
5198
5198
5198
5198
5198
5198
5198
5198
5198
5198
5198
5198
5198
5198
5198
5198
5198
5198
5198
5198
5198
5198
5198
5198
5198
5198
5198
5198
5198
5198
5198
5198
5198
5198
5198
5198
5198
5198
5198
5198
5198
5198
5198
5198
5198
5198
5198
5198
5198
5198
5198
5198
5198
5198
5198
5198
5198
5198
5198
5198
5198
5198
5198
5198
5198
5198
5198
5198
5198
5198
5198
5198
5198
5198
5198
5198
5198
5198
5198
5198
5198
5198
5198
5198
5198
5198
5198
5198
5198
5198
5198
5198
5198
5198
5198
5198
5198
5198
5198
5198
5198
5198
5198
5198
5198
5198
5198
5198
5198
5198
5198
5198
5198
5198
5198
5198
5198
5198
5198
5198
5198
5198
5198
5197
5197
5197
5197
5197
5197
5197
5197
5197
5197
5197
5197
5196
5196
5196
5196
5196
5196
5196
5196
5196
5197
5197
5197
5197
5197
5197
5197
5197
5197
5197
5197
5197
5197
5197
5197
5197
5197
5197
5197
5197
5197
5197
5197
5197
5197
5197
5197
5197
5197
5197
5197
5197
5197
5197
5197
5197
5197
5197
5197
5197
5197
5198
5198
5198
5198
5198
5198
5198
5198
5198
5198
5198
5198
5198
5198
5198
5198
5198
5198
5198
5198
5198
5198
5198
5198
5198
5198
5198
5198
5198
5198
5198
5198
5198
5198
5198
5198
5198
5197
5197
5197
5197
5197
5197
5197
5198
5198
5198
5198
5198
5198
5198
5198
5198
5198
5198
5198
5198
5198
5198
5198
5198
5198
5198
5198
5198
5198
5198
5198
5198
5198
5198
5198
5198
5198
5198
5198
5198
5198
5198
5198
5198
5198
5198
5198
5198
5198
5198
5198
5198
5198
5198
5198
5198
5198
5198
5198
5198
5198
5198
5198
5198
5198
5198
5198
5198
5198
5198
5198
5198
5198
5198
5198
5198
5198
5198
5198
5198
5198
5198
5198
5198
5198
5198
5198
5198
5198
5198
5198
5198
5198
5198
5198
5198
5198
5198
5198
5198
5198
5198
5198
5198
5198
5198
5198
5198
5198
5197
5197
5197
5197
5197
5197
5197
5197
5197
5197
5197
5197
5197
5197
5197
5197
5198
5198
5198
5198
5198
5198
5198
5198
5198
5198
5198
5198
5198
5198
5198
5197
5197
5197
5197
5197
5197
5197
5197
5197
5197
5197
5197
5197
5197
5197
5197
5197
5197
5197
5197
5197
5197
5197
5197
5197
5197
5197
5197
5197
5197
5197
5197
5197
5197
5197
5197
5197
5196
5196
5196
5196
5197
5197
5197
5197
5197
5197
5197
5197
5197
5197
5197
5197
5197
5198
5198
5198
5198
5198
5198
5198
5198
5198
5198
5198
5198
5198
5198
5198
5198
5198
5198
5198
5198
5198
5198
5198
5198
5198
5198
5198
5198
5198
5198
5198
5198
5198
5198
5198
5198
5198
5198
5198
5198
5198
5198
5198
5198
5198
5198
5198
5198
5198
5198
5198
5198
5198
5198
5198
5198
5198
5198
5198
5198
5198
5198
5198
5198
5198
5198
5198
5198
5198
5198
5198
5198
5198
5198
5198
5198
5198
5198
5198
5198
5198
5198
5198
5198
5198
5198
5198
5198
5198
5198
5198
5198
5198
5198
5198
5198
5198
5198
5198
5198
5198
5198
5198
5198
5198
5198
5198
5198
5198
5198
5198
5198
5198
5198
5198
5198
5198
5198
5198
5198
5198
5198
5198
5198
5198
5198
5197
5197
5197
5197
5197
5198
5198
5198
5198
5198
5198
5198
5198
5198
5198
5198
5198
5198
5198
5198
5198
5198
5198
5198
5198
5198
5198
5198
5198
5198
5198
5198
5198
5198
5198
5198
5198
5198
5198
5198
5198
5198
5198
5198
5198
5198
5198
5198
5198
5198
5198
5198
5198
5198
5198
5198
5198
5198
5198
5198
5198
5198
5198
5198
5198
5198
5198
5198
5198
5198
5198
5198
5198
5198
5198
5198
5198
5198
5198
5198
5198
5198
5198
5198
5198
5198
5198
5198
5198
5198
5198
5198
5198
5198
5198
5198
5198
5198
5198
5198
5198
5198
5198
5198
5198
5198
5198
5198
5198
5198
5198
5198
5198
5198
5198
5198
5198
5198
5198
5198
5198
5198
5198
5198
5198
5198
5198
5198
5198
5198
5198
5198
5198
5198
5198
5198
5198
5198
5198
5198
5198
5198
5198
5198
5198
5198
5198
5198
5198
5198
5198
5198
5198
5198
5198
5198
5198
5198
5197
5197
5197
5197
5197
5197
5197
5197
5197
5197
5197
5197
5197
5197
5197
5197
5197
5197
5197
5197
5197
5197
5197
5197
5197
5197
5197
5197
5197
5197
5197
5197
5197
5197
5197
5197
5197
5197
5197
5197
5197
5197
5197
5198
5198
5198
5198
5198
5198
5198
5198
5198
5198
5198
5198
5198
5198
5198
5198
5198
5198
5198
5198
5198
5198
5198
5198
5198
5198
5198
5198
5198
5198
5198
5198
5198
5198
5198
5198
5198
5198
5198
5198
5198
5198
5198
5198
5198
5198
5198
5198
5198
5198
5198
5198
5198
5197
5197
5197
5198
5198
5198
5198
5198
5198
5198
5198
5198
5198
5198
5198
5198
5198
5198
5198
5198
5198
5198
5198
5198
5198
5198
5198
5198
5198
5198
5198
5198
5198
5198
5198
5198
5198
5198
5198
5198
5198
5198
5198
5198
5198
5198
5198
5198
5198
5198
5198
5198
5198
5198
5198
5198
5198
5198
5198
5198
5198
5198
5198
5198
5198
5198
5198
5198
5198
5198
5198
5198
5198
5198
5198
5198
5198
5198
5198
5198
5198
5198
5198
5198
5198
5198
5198
5198
5198
5198
5198
5198
5198
5198
5198
5198
5198
5198
5198
5198
5198
5198
5198
5198
5198
5198
5198
5198
5198
5198
5198
5198
5198
5198
5198
5198
5198
5198
5198
5198
5198
5198
5198
5198
5198
5198
5198
5198
5198
5198
5198
5198
5198
5198
5198
5198
5198
5198
5198
5198
5198
5198
5198
5198
5198
5198
5198
5198
5198
5198
5198
5198
5198
5198
5198
5198
5198
5198
5198
5198
5198
5198
5198
5198
5198
5198
5198
5198
5198
5198
5198
5198
5198
5198
5198
5198
5198
5198
5198
5198
5197
5197
5197
5197
5197
5197
5197
5197
5197
5197
5197
5197
5197
5197
5197
5197
5197
5197
5197
5197
5197
5197
5197
5197
5197
5197
5197
5197
5197
5197
5197
5198
5197
5197
5197
5197
5197
5197
5197
5197
5197
5197
5197
5197
5197
5197
5197
5197
5197
5197
5197
5197
5197
5197
5197
5197
5197
5197
5197
5197
5197
5197
5197
5197
5197
5197
5197
5197
5197
5197
5197
5197
5197
5197
5197
5197
5197
5197
5197
5197
5197
5197
5197
5197
5197
5197
5197
5197
5197
5197
5197
5197
5197
5197
5197
5197
5197
5197
5197
5197
5197
5197
5197
5197
5197
5197
5197
5197
5198
5198
5198
5198
5198
5198
5198
5198
5198
5198
5198
5198
5198
5198
5198
5198
5198
5198
5198
5198
5198
5198
5198
5198
5198
5198
5198
5198
5198
5198
5198
5198
5198
5198
5198
5198
5198
5198
5198
5198
5198
5198
5198
5198
5198
5198
5198
5198
5198
5198
5198
5198
5198
5198
5198
5198
5198
5198
5198
5198
5198
5198
5198
5198
5198
5198
5198
5198
5198
5198
5198
5198
5198
5198
5198
5198
5198
5198
5198
5198
5198
5198
5198
5198
5198
5198
5198
5198
5198
5198
5198
5198
5198
5198
5198
5198
5198
5198
5198
5198
5198
5198
5198
5198
5198
5198
5198
5198
5198
5198
5198
5198
5198
5198
5198
5198
5198
5198
5198
5198
5198
5198
5198
5198
5198
5198
5198
5198
5198
5198
5198
5198
5198
5198
5198
5198
5198
5198
5198
5198
5198
5198
5198
5198
5198
5198
5198
5198
5198
5198
5198
5198
5198
5198
5198
5198
5198
5198
5198
5198
5198
5198
5198
5198
5198
5198
5198
5198
5198
5198
5198
5198
5198
5198
5198
5198
5198
5198
5198
5198
5198
5198
5198
5198
5198
5198
5198
5198
5198
5198
5198
5198
5198
5198
5198
5198
5198
5198
5198
5198
5198
5198
5198
5198
5198
5198
5198
5198
5198
5198
5198
5198
5198
5198
5198
5198
5198
5198
5198
5198
5198
5198
5198
5198
5198
5198
5198
5198
5198
5198
5198
5198
5198
5198
5198
5198
5198
5198
5198
5198
5198
5198
5198
5198
5198
5198
5198
5198
5198
5198
5198
5198
5198
5198
5198
5198
5198
5198
5198
5198
5198
5198
5198
5198
5198
5198
5198
5198
5198
5198
5198
5198
5198
5198
5198
5198
5198
5198
5198
5198
5198
5198
5198
5198
5198
5198
5198
5198
5198
5198
5198
5198
5198
5198
5198
5198
5198
5198
5198
5198
5198
5198
5198
5198
5198
5198
5198
5198
5198
5198
5198
5198
5198
5198
5198
5198
5198
5198
5198
5198
5198
5198
5198
5198
5198
5198
5198
5198
5198
5198
5198
