1748
1859
2104
1724
1883
2397
2695
3033
3033
3357
3198
3634
3634
3523
3225
3225
3198
3225
3384
3385
3765
3764
3519
3618
3280
3328
2892
2733
2978
3414
3315
3070
3071
3316
3427
2885
2858
2885
2984
2983
2581
2554
2559
2162
2789
3191
3191
2867
2867
3409
3164
3165
3066
3018
2907
2906
3204
3449
3497
3821
3932
3933
3635
3630
3928
3927
3928
3817
3817
3928
3526
3478
3478
3180
3582
3146
3484
3881
3543
3642
3980
3578
3876
3924
3626
4028
3783
3783
4081
4033
4033
3519
3567
3025
2926
2588
2588
3024
3025
3363
3607
3607
3606
3268
2866
2755
2756
2756
2755
3093
3092
2794
2470
2226
2471
2630
2630
2292
2292
2536
2860
2860
3198
3198
3225
3177
3178
3178
3178
3178
2854
2902
3200
3041
3041
2644
2017
2341
2346
2022
2564
2022
2022
2649
2973
2973
3132
3132
3529
3191
2755
2750
2750
3088
3630
3629
3232
3184
3157
3268
3024
3460
3122
3122
3170
3122
2495
3009
3009
3009
2898
3009
2898
2739
2740
2360
2408
2788
3185
2671
2670
3297
2917
3016
3016
2619
2730
3127
3507
3512
3512
2885
2505
2505
2406
3033
2636
2338
2497
2061
2056
2083
2597
2999
2972
2973
3311
2684
2142
2539
2975
2974
3354
2957
2633
2585
3212
2967
2994
2999
3243
3488
3329
3218
3615
3726
4024
4566
4567
4567
4726
4726
4099
4094
4142
3983
3872
3436
3436
3760
4196
4823
4828
4801
4912
4285
3849
3738
3849
4285
3961
3961
3581
3039
2795
3175
3127
3154
3154
3313
3202
2864
2859
2457
2021
2021
2648
2648
3084
3084
3084
3057
2759
2764
2328
2439
2434
2976
3378
3379
3384
3383
3410
3410
3405
3378
3378
3377
3377
3218
3516
3517
3518
3004
3328
3327
3665
3268
3268
3295
3692
3581
3740
3788
3793
3413
2786
3300
2962
3398
3398
2962
3073
3411
3412
3656
4283
4719
4671
4426
3990
3448
3448
3204
3252
3251
3687
4229
3827
3828
3314
3559
3939
4341
4043
4557
4398
4642
4100
4259
4254
4143
3899
3740
3984
3984
4095
4637
4526
4478
4477
4482
4102
3857
3519
3519
3567
3666
3667
3423
3099
3479
3479
3724
3676
3835
3808
4146
3766
3766
3521
3520
3631
3520
3421
3469
3793
3892
4136
4516
4761
4761
4761
4662
4663
4663
4283
4278
4377
4377
3975
3975
3975
3433
2806
3186
3185
3185
3185
3483
3185
3026
2629
2193
2193
2193
2193
2094
2491
2590
3132
3430
4057
4493
4493
4445
4201
4201
4202
3688
3932
4446
4148
4550
4451
4049
4347
4347
4023
4022
4346
4346
4346
4351
3954
3949
3704
3949
4060
4060
4060
3815
3815
3815
3863
3863
3890
3263
2827
2926
2927
2927
2413
2810
3212
3164
3163
3136
3025
2687
2846
2851
2527
2575
3202
3447
2820
2931
2633
2632
2533
2533
2969
2969
2969
2969
2996
2991
2991
2991
2991
2964
3302
3329
3428
3329
3329
3653
3494
4008
4167
4167
4140
4141
4093
3849
3848
3848
3412
3848
3510
3558
3896
3572
3170
2773
2778
2778
3175
3274
3274
3269
3513
3513
3513
3465
3466
3514
3916
4543
4146
3710
3372
3372
3372
3696
3723
4120
4119
4008
3909
3909
3909
4008
3764
3764
3769
3769
3769
3770
3256
2932
3230
3666
3661
3985
3986
3584
3828
3828
3584
3286
3530
3094
3046
3384
2757
3055
3103
3103
3108
2784
2242
2784
2895
2894
2783
2783
2894
2895
2597
3033
3033
2597
2438
2433
2433
2835
2591
2750
2723
2967
3403
3430
3092
3606
3361
3606
3605
3610
3605
3063
2818
2382
2387
2382
2382
2387
1990
2328
2229
2229
2553
2215
1891
2327
2216
2540
2216
2216
2211
2184
2189
2586
2587
2832
2452
2563
2861
2860
2562
2661
2661
2613
2614
2614
2952
3250
3630
4172
4172
4172
4172
3928
4252
3914
3803
3401
3512
3512
3914
3815
3815
3814
3814
3569
3569
3564
3453
3051
3389
4016
4115
4115
4016
4064
4163
4407
4652
5054
5053
5054
5165
5006
5005
5010
4765
4765
4654
4654
4899
5010
5037
4989
4592
4268
4665
4666
4039
3940
3695
3743
3743
3744
3446
3446
3445
3334
3445
3604
3577
3418
3716
4040
4035
3924
4035
4035
3493
3091
3091
3091
3043
3043
2705
2705
2594
2996
3023
3134
2698
2943
2916
3015
3015
3015
3015
3174
3063
3605
3632
3632
3090
3063
3063
3063
3401
3302
3302
3302
3302
3307
3334
3334
3433
3432
3333
3306
3333
3334
3445
3445
3445
3444
4071
4044
3799
3799
3799
4044
4071
4071
4507
4507
4508
4508
4508
5050
4614
4614
4614
4217
4614
4614
3987
3986
3987
3743
3743
4370
4370
4365
4365
4366
4366
4121
4121
3579
3584
4020
4019
4019
4067
4067
4019
4118
4113
4357
4059
4059
4059
4107
4649
4252
4141
4140
4385
4358
4359
4359
4756
4783
4403
4783
4756
4376
4376
4376
4375
4375
4402
4303
4304
4304
4403
4158
4158
3999
4000
4245
3907
3907
4287
4446
4419
4371
4371
4371
4370
4126
4126
4126
4237
4238
4238
4079
4079
3677
3677
3682
3437
3464
3762
3761
3761
3437
3761
3761
3650
3108
3267
3262
3163
3565
3163
3163
3004
3248
3248
3248
3253
2873
2984
3364
3609
3609
3609
4151
3524
3523
3523
3523
3496
3496
3099
3099
2988
2988
3036
2738
2897
2897
3524
3524
3623
3623
3623
3921
3921
3379
3781
3892
3893
3845
3840
3681
3682
3682
3730
3730
3294
2970
2871
2870
3306
3258
3258
3357
3405
3405
3161
3161
3161
3405
3306
3258
3417
3015
3114
3114
3162
2726
3268
3220
3220
3268
3157
3184
3522
3184
3522
3142
3141
2896
3141
3538
3538
3511
3511
3511
3947
3947
4271
3874
3901
3853
3694
3694
3180
3181
3154
3154
2909
2810
2486
2810
2810
2810
2969
3371
3751
3124
3369
3369
3031
2733
2832
2832
2880
2885
2912
2911
3249
3250
3647
3309
3261
3599
3202
3202
3313
3611
4125
4125
3880
3880
3880
3781
3781
3780
3780
3344
3780
3536
4163
3865
3865
3429
3865
3527
3865
4262
3865
3866
4263
4263
4561
4806
4854
4854
4854
4953
4953
4953
4573
4953
4615
4235
4235
4230
4229
4229
4230
4203
4230
3985
3986
3875
3478
3816
3717
3961
3663
3339
3339
3584
3584
3964
3422
3964
4063
4063
3818
3574
3138
3249
3646
3891
3489
3489
3925
3587
3587
3587
3587
3587
3342
3342
3640
3884
3883
3888
4226
4226
4127
4127
4372
4372
4696
4316
4316
4268
4268
4268
4648
4648
4648
4643
4129
4129
4129
3693
3741
3741
3443
3957
3957
3930
3771
3771
3144
2820
2821
2821
3119
3119
3119
2874
2874
2874
3119
2875
2875
3311
3200
3152
3251
3251
3362
3263
3262
2748
2748
2410
2748
2748
3150
3150
3150
3150
3150
3149
3149
3150
3394
3393
3717
3337
3496
3876
3903
4002
3566
3539
3294
2956
3583
3610
4124
4124
4013
4124
4369
4125
4125
3745
3989
3990
3963
3963
3990
3990
3995
3995
3995
3750
3750
3750
3750
3750
4130
4130
4131
4020
3993
4331
3929
3956
4004
4004
4003
4003
4439
4438
4438
4390
4052
4163
3621
3462
3457
3505
3510
3511
3511
3484
3822
3578
3467
3467
3467
3368
3395
3640
3613
4015
4015
4126
4015
3717
3876
3876
3876
3828
3823
3824
3872
3871
3870
3871
4169
4170
4712
4276
3879
3978
4005
4402
4402
4354
4353
4789
4789
5033
5033
5032
5143
5116
5116
4680
4300
4300
3758
3659
3414
3414
3415
3414
3414
3441
3877
3877
3877
3976
3976
3877
3882
3771
3771
3612
3612
3612
3660
4040
4040
3526
3090
3090
3189
3090
3091
3250
3250
3250
3202
3201
3196
3738
3786
3791
3791
3792
3765
3765
3792
3793
3792
3548
3500
3341
3341
3440
3440
3440
3440
3142
3440
3439
3875
3986
3986
3987
3888
4133
4128
4129
4129
4129
4129
4134
4134
4134
4134
4134
4133
4133
4134
4378
4377
4536
4536
4291
4286
4175
4175
4175
4286
4291
4291
4286
4175
4175
3931
3932
3905
3910
4009
4008
4056
4056
4056
4083
4082
3784
4298
4298
4298
4299
4597
4055
3956
3956
3908
3908
3908
3907
3510
3510
3755
3755
3866
3839
3541
3640
3316
3343
3338
3338
3735
3708
3709
3709
3709
3709
3714
3741
4283
4283
4283
4283
4607
4607
4606
4606
4606
4607
4905
4581
4581
4825
4798
4362
4357
3843
3844
3849
3848
3848
3875
3875
3875
3630
3386
3287
3723
3723
3967
3967
3967
3967
4212
4212
4212
4185
4184
3846
3687
3682
3781
3940
3988
4312
4650
4650
4551
4307
4308
4822
4822
4663
4762
4761
4761
4134
3732
3684
3684
3573
3975
3975
3975
4023
4023
3621
3622
3108
3510
3510
3510
3669
4296
4197
4224
4224
4197
4441
4441
4441
4540
4545
4545
4544
3917
4431
4272
4272
4272
4173
3929
4040
3660
3660
3655
3754
4134
4134
4134
3737
3981
3986
3986
4383
4383
4542
4537
4293
4194
4195
4195
4200
4200
4200
4041
4200
4227
4227
3713
3713
3713
3554
3549
3501
4128
4127
4226
4385
4140
4140
4140
3802
4316
4560
4449
4787
4835
4835
4835
4497
4497
4497
4497
4398
4398
3996
4001
4001
4112
4112
4514
4514
4270
4111
4210
3813
3808
3808
3813
4210
4210
4211
4100
4100
3703
3604
3848
4007
4006
4006
3604
3599
3599
4001
4001
3953
4291
4291
4402
4243
3729
3618
3618
3666
3667
3778
3778
3779
3938
3911
3911
4010
4010
4010
4010
4010
4255
4255
4255
4255
4255
4652
5166
5166
5166
5007
4493
4492
4168
4057
4057
4057
4057
4062
4173
4173
4173
4172
4173
4173
4173
4173
4173
4173
4173
4174
4174
4498
4399
4399
4399
4399
3857
3746
3745
3745
3365
3365
3120
3500
3500
3611
3367
3319
3478
3042
3556
3992
4237
4285
4312
4312
4307
4307
4308
4308
4308
4308
4308
4313
4313
4313
4313
4312
4264
3750
3750
4264
4806
4779
4534
4534
4534
4154
4154
4154
4399
4643
4643
4643
4643
4643
4642
4643
4644
4644
4533
4533
4644
4533
4533
4533
4533
4528
4284
3742
3497
3502
3550
3550
3550
3550
3550
3661
3760
4302
4302
4302
4302
4301
4202
4202
4202
4202
4202
4202
4197
4196
4197
4197
3800
4045
4045
4050
4050
4050
3939
3891
4288
4288
4129
4129
4509
4753
4864
4963
4718
4718
4619
4614
4614
4859
4859
4859
4859
4958
4958
5006
5033
4934
4939
4559
4559
4559
4658
4658
5038
5038
4602
4597
4195
4194
4194
4194
4195
4195
4195
3871
3871
3871
3871
3872
3871
3871
3871
3876
3876
3876
3479
3380
3380
3777
4179
4503
4503
4662
4662
4662
4614
4614
4614
4503
4614
4369
4369
4370
4615
4615
4615
4610
4312
4312
4312
4153
4152
4152
4152
4152
4152
4152
4200
4636
4637
4637
4637
4526
4499
4658
4658
4658
4658
4769
4768
4768
4609
4907
4908
4908
5067
5067
5072
5072
5072
5072
5071
5071
5070
5169
5169
5169
5169
5169
5169
5170
5170
5071
5071
5066
5066
5071
5072
5072
4961
4956
4955
4955
4955
4955
4955
4955
5054
5054
5054
5054
5054
5059
5059
5059
4761
4872
4872
4899
4800
4800
4556
4445
4445
4048
4049
4148
4148
4147
4147
4120
4120
4364
4364
4364
4265
4265
4217
4218
4218
4245
4218
4218
4245
3921
4032
4032
4027
4027
3868
3868
3868
4265
4264
4264
4588
4477
4525
4525
4525
4624
4735
4735
4735
4735
4735
4687
4687
4846
4846
4846
4851
4851
4851
4851
4824
4824
4824
4197
4196
4196
4196
4197
4197
4197
4197
4824
4824
4665
4963
4852
4963
4963
4963
4963
4719
4714
4714
4741
4741
4443
4443
4443
4448
4448
4448
4496
4496
4496
4496
4655
4953
5197
5197
5197
5197
5197
5197
5196
5196
5196
5196
5197
5197
5197
5197
5197
5149
5149
5038
5038
5033
5033
5033
5034
5034
5034
5034
5034
5034
5034
4935
4934
4933
4933
4933
4933
5044
4647
4648
4621
4621
4621
4621
4621
4621
4241
4638
4638
4638
4638
4638
4638
4527
4527
4527
4527
4638
4638
4638
4638
4479
4479
4479
4638
4638
4638
4639
4395
4395
4395
4395
4395
3959
3959
3661
3550
3549
3847
4091
4527
4528
4639
4644
4644
5024
5024
5024
5024
5019
5019
5019
4908
4913
4912
5023
5023
5024
5051
5051
5051
4615
4615
4615
4615
4615
4663
4662
4662
4662
4662
4661
4662
4662
4662
5098
5050
5050
4939
5038
4793
4793
4841
4841
4841
4840
4813
4808
4808
4808
4510
4510
4510
4510
4462
4467
4467
4468
4516
4119
4119
4119
4020
4020
4020
3696
4093
4093
4093
4204
4231
4230
4230
4475
4475
4475
4574
4575
4575
4575
4575
4575
4575
4575
4476
4476
4575
4575
4575
4575
4575
4575
4575
4873
4873
4868
4868
4868
4623
4623
4868
4868
5192
4650
4405
4405
4405
4378
4378
4377
3941
3941
3941
3946
3973
3925
4170
4170
4170
4165
4601
4601
4602
4602
4602
4607
4607
5149
5149
5150
5150
5150
5149
5148
5148
5148
5121
5121
5121
5121
5121
5121
5169
5058
5085
5085
5086
5086
5059
5059
5059
5059
5059
5059
5059
5059
5059
5059
5054
5054
5006
5117
5116
5116
5116
4714
4714
4714
4714
4714
4714
4714
4278
4279
4279
4279
4279
4280
4121
4121
4557
4177
4177
4177
4177
4225
4224
4224
4225
4225
4252
4632
4631
4386
4545
4545
4546
4546
4546
4546
4546
4551
4440
4440
4842
4841
4793
4793
4793
4794
4789
4789
4900
4905
4905
4904
4904
4904
4805
4805
4853
4848
4848
4848
4848
4848
4848
4689
4689
4689
4689
4662
4662
4661
4688
4689
4689
4689
4689
4689
4689
4788
4788
4788
4788
4788
4787
4788
4689
4689
4689
4689
4688
4688
4787
4787
4739
4984
4984
4957
4957
4957
4957
4957
4443
4444
4443
4443
4602
4602
4602
4602
4603
4603
4603
4608
4608
4608
4608
4608
4449
4449
4476
4476
4476
4476
4377
4372
4372
4345
4345
4393
4148
4148
4307
4312
4826
4826
4826
4821
4821
4821
4821
4821
4821
4577
4577
4577
4577
4577
4577
4577
4576
4675
4337
4238
4127
4128
4373
4373
4378
4477
4477
4815
4926
4927
4927
4927
4927
4879
4879
4477
4366
4610
4610
4637
4637
4637
4637
4637
4637
4636
4637
4637
4637
4610
4609
4609
4609
4609
4609
4609
4610
4609
4609
4609
4609
4610
4610
4610
5012
5012
5012
5012
5039
5039
5039
5039
5039
5039
5039
5039
5012
5039
5034
5039
5087
5086
5086
5086
5086
5086
5086
5087
5087
5087
5087
5087
5198
5198
5171
5171
5171
5171
5171
5171
5171
5171
5171
5072
5072
5072
5072
5072
5072
5072
5024
5024
5024
5024
5072
5072
5071
5071
5072
5171
5171
5171
5171
5171
5171
5012
4632
4632
4791
4791
4791
4791
4791
4791
4790
4790
4790
4679
4706
4706
4706
4706
4701
4701
4812
4812
4811
4811
4811
4811
4811
4811
4811
5191
5192
5192
5197
5197
5197
5197
5197
5192
5192
5192
5192
5191
5191
5191
5032
5032
5032
5032
5032
5033
4985
4985
4984
4984
5032
5032
4984
4985
4985
4985
4985
4985
4958
4957
4958
4985
4985
4985
4985
5033
5033
4934
4934
4934
4934
4934
4934
4934
4939
4939
4939
4939
4695
4584
4579
4584
4557
4716
4716
4668
4695
4695
4794
4794
4793
4788
4899
4899
4899
5143
5143
5143
5143
5143
5143
5143
5143
5116
5116
5116
5116
5116
5116
5116
5116
5116
5117
5117
4873
4873
4873
4873
4878
4873
4874
4874
5118
5166
5165
5165
4827
4728
4727
4568
4568
4568
4568
4171
4171
4171
4176
4176
4176
4573
4574
4673
4673
4832
4832
4833
4860
4860
4860
4860
4860
4860
4860
4855
4855
4855
4855
4855
4855
4854
4806
4806
4806
4806
4806
5144
5033
5033
4874
4494
4494
4494
4467
4467
4467
4626
4626
4626
4631
4631
4631
4631
4631
4631
4631
4626
4626
4626
4626
4626
4626
4626
4626
4653
4653
4653
4653
4653
4653
4653
4652
4652
4652
4652
4652
4652
4652
4652
4652
4652
4652
4652
4657
5037
5037
4739
4712
4707
4707
4707
4707
4707
4707
5005
5005
5005
5005
5010
5121
5121
5121
5122
5122
5122
4963
4852
4852
4963
4639
4639
4798
4798
4798
4798
4798
4798
4846
4846
4846
4846
4846
4846
4841
4841
4841
4841
4841
4841
4841
4841
4841
4444
4444
4445
4444
4841
5165
5170
5170
5169
5169
5169
5169
5169
5164
5164
5164
5164
5164
5164
5164
5164
5164
5164
5164
5165
5165
5164
5164
5191
5191
5092
5093
5098
5098
5098
5098
5197
5197
5197
5197
5149
5149
5149
5050
5050
5050
5050
5045
5045
5045
5045
5144
5145
5145
5144
5144
5144
5144
5144
5117
5118
5118
5118
5118
5118
5118
5118
5117
5117
5117
5117
5144
5144
5117
5117
5117
5117
5117
5118
5118
5166
5166
5166
5166
5171
5171
5171
5170
5170
5170
5011
5170
5170
5170
5170
5170
5197
5038
5038
5038
4939
4939
5098
5098
5098
5098
5098
5099
5072
5071
5071
5071
5066
5066
5018
5017
5017
5017
5017
5018
5018
5017
5017
5017
5044
4799
4799
4799
4688
4688
4689
4737
4737
4737
4737
4836
4836
4841
4841
4814
4814
4814
4813
4813
4814
5059
5059
5059
5059
5059
5059
5054
5054
5054
5053
5053
5053
5053
5053
5053
5053
5005
5005
5005
5005
5006
4847
4847
4874
4874
4874
5033
5033
5033
5033
5033
5033
5033
5033
5081
5081
5081
5081
5081
5081
5086
5087
5087
5087
5087
5082
5082
5082
5087
5087
5087
5086
5086
5086
5086
5059
5059
5059
5059
5059
5059
5170
5197
5197
5197
5197
5197
5197
5198
5198
5197
5170
5170
5170
5170
5170
5170
5170
5170
5170
5170
5169
5169
5121
5122
5122
5122
5122
5117
5117
5117
5117
4737
4785
4785
4785
4784
4784
4784
5164
5164
5164
5165
5165
5165
5164
5164
5164
5164
5164
5164
5164
5164
5164
5005
5005
5005
5005
5005
5005
5005
5005
5005
5005
5005
5005
5010
5010
5010
5010
5010
5010
5010
5010
5010
5010
5037
5032
5032
5032
5032
5032
5191
5191
5192
5193
5193
5193
5193
5193
5193
5193
5198
5150
5150
5150
5149
5149
5149
5149
5149
5149
5149
5149
5149
5149
5149
5149
5150
5150
5149
5149
5149
5149
5149
5144
5144
5144
5144
5144
5145
5145
5145
5193
5193
5192
5192
5191
5191
5191
5191
5092
5092
5093
5045
5045
5045
5045
5046
5046
5051
5051
5050
5050
5050
5098
5098
5098
5097
5097
5097
5196
5196
5097
5097
5097
5097
5097
5097
5097
5097
5097
5097
5098
5099
5099
5099
5099
5099
5094
5094
5094
5094
5094
5094
5094
5093
5093
5093
5092
5092
5092
5093
5092
5092
5092
5092
5092
5191
5191
5191
5191
5191
5191
5143
5143
5143
5143
5143
5143
5143
5143
5143
5148
5149
5149
5149
5149
5149
5149
5149
5149
5149
5149
5149
5149
5149
5050
5050
5049
5097
5196
5197
5197
5197
5192
5197
5197
5197
5197
5197
5197
5197
5197
5197
5197
5197
5197
5196
5196
5196
5148
5149
5149
5149
5150
5150
5150
5150
5150
5150
5150
5123
5123
5122
5122
5122
5170
5197
5198
5198
5198
5198
5198
5198
5150
5149
5149
5197
5197
5197
5197
5197
5196
5196
5196
5196
5197
5197
5197
5197
5149
5149
5148
5148
5121
5148
5149
5149
5149
5149
5197
5197
5197
5170
5170
5170
5170
5170
5170
5170
5170
5170
5170
5171
5171
5171
5171
5171
5171
5166
5193
5193
5193
5193
5193
5193
5193
5193
5193
5192
5192
5192
5192
5192
5192
5192
5192
5165
5165
5165
5192
5192
5192
5192
5192
5192
5192
5165
5192
5192
5192
5192
5192
5192
5192
5192
5192
5197
5098
5098
5099
5099
5094
5094
5093
5093
5093
5192
5192
5192
4948
4948
4948
4948
4948
4948
4948
4948
4953
4953
4953
4953
4953
4953
4953
4953
4953
4948
4948
4948
4949
4949
4949
4949
4949
4949
4954
4954
4954
4954
4949
4949
4949
4949
4949
4949
4949
4948
4948
4948
4948
4949
4949
4949
4949
4949
4949
4948
4948
4948
4948
4953
4953
4953
4953
4953
4953
4926
4926
4926
4926
4926
4921
4921
4921
4920
4921
4921
5165
5165
5165
5165
5165
5165
5165
5165
5165
5165
5165
5165
5165
4921
4926
4926
5170
5170
5169
5169
5169
5170
5170
5170
5165
5165
5165
5165
5170
5122
5121
5121
5122
5122
5122
5122
5122
5117
5117
5117
5144
5144
5144
5144
5144
5192
5192
5197
5197
5197
5198
5198
5197
5197
5197
5197
5197
5192
5192
5192
5192
5165
5165
5166
5166
5166
5118
5117
5144
5149
5149
5149
5149
5149
5122
5122
5122
5122
5122
5122
5121
5121
5148
5148
5148
5148
5148
5148
5148
5148
5148
5149
5149
5149
5149
5149
5149
5149
5149
5197
5038
5037
5038
5038
5038
5038
5038
5039
5038
5038
5038
5038
5038
5038
5038
4990
4891
4939
4939
4940
4940
4940
4940
4939
4939
4939
4939
4939
4939
4939
4939
4939
4939
4939
4939
5098
5098
5071
5071
5071
5071
5070
5070
5070
5070
5070
5071
5066
5067
5067
5067
5066
5066
5018
5018
5018
5018
5018
5018
5018
5018
5018
5018
5018
5018
5066
5066
5066
5066
5066
5066
5093
5098
5098
5098
5098
5197
5197
5196
5196
5196
5196
5196
5196
5196
5191
5192
5192
5191
5191
5196
5196
5196
5196
5196
5196
5196
5196
5196
5197
5197
5197
5197
5197
5197
5197
5197
5197
5197
5197
5197
5197
5197
5196
5196
5196
5196
5196
5196
5196
5196
5196
5196
5196
5197
5197
5197
5197
5197
5170
5197
5197
5197
5197
5197
5198
5198
5198
5150
5145
5046
5046
5046
5046
5046
5046
5046
5046
5046
5046
5046
5046
5046
5045
5144
5144
5192
5192
5192
5192
5192
5192
5192
5192
5191
5191
5191
5191
5191
5191
5191
5191
5191
5191
5191
5191
5191
5191
5191
5191
5192
5191
5191
5192
5192
5192
5197
5197
5197
5197
5197
5197
5197
5197
5149
5149
5197
5197
5197
5197
5197
5197
5197
5197
5192
5192
5197
5197
5197
5197
5196
5197
5197
5197
5197
5197
5197
5197
5197
5197
5197
5197
5197
5197
5197
5197
5197
5170
5170
5170
5170
5170
5170
5170
5170
5170
5170
5170
5170
5170
5170
5171
5171
5171
5072
5024
5123
5123
5150
5150
5150
5145
5145
5144
5144
5144
5144
5144
5144
5144
5144
5144
5144
5144
5143
5143
5143
5143
5144
5144
5144
5145
5145
5145
5145
5145
5145
5145
5145
5145
5144
5144
5144
5144
5144
5144
5144
5144
5145
5145
5145
5145
5145
5144
5144
5144
5144
5143
5143
5143
5143
5143
5143
5143
5143
5143
5143
5143
5143
5148
5121
5121
5121
5121
5121
5121
5121
5121
5121
5121
5121
5121
5121
5010
5010
5010
5121
5121
5121
5121
5121
5121
5121
5121
5121
5121
5121
5121
5122
5122
5122
5122
5122
5122
5122
5122
5122
5122
5122
5149
5144
5144
5192
5192
5191
5191
5191
5191
5192
5192
5192
5192
5192
5191
5191
5191
5191
5191
5191
5191
5191
5191
5191
5191
5191
5191
5191
5191
5191
5191
5191
5164
5164
5164
5164
5165
5165
5165
5165
5165
5165
5165
5170
5170
5169
5169
5196
5196
5196
5196
5196
5196
5196
5196
5196
5197
5196
5196
5197
5197
5098
5097
5097
5097
5097
5097
5097
5097
5092
5092
5092
5092
5093
5093
5093
5093
5093
5093
5093
5066
5066
5066
5066
5066
5066
5066
5066
5066
5093
5093
5093
5093
5093
5093
5093
5093
5093
5094
5094
5094
5094
5094
5094
5094
5094
5093
5093
5093
5093
5093
5093
5192
5197
5192
5192
5165
5165
5165
5166
5166
5166
5165
5165
5165
5166
5166
5166
5166
5166
5166
5166
5166
5166
5166
5166
5166
5166
5166
5166
5166
5166
5166
5166
5166
5166
5166
5166
5166
5166
5171
5170
5170
5170
5165
5165
5165
5165
5165
5165
5192
5192
5192
5192
5192
5191
5191
5191
5191
5191
5191
5191
5191
5191
5191
5191
5191
5191
5191
5191
5191
5191
5191
5191
5191
5191
5191
5192
5192
5192
5191
5191
5191
5191
5191
5196
5196
5196
5196
5196
5196
5196
5196
5196
5197
5197
5197
5197
5196
5196
5196
5197
5197
5197
5197
5197
5197
5197
5192
5192
5192
5192
5192
5192
5192
5165
5165
5165
5165
5165
5165
5170
5170
5171
5123
5123
5123
5123
5118
5118
5118
5118
5123
5123
5171
5171
5171
5166
5165
5165
5165
5165
5165
5165
5192
5192
5191
5191
5192
5192
5192
5192
5193
5193
5193
5193
5193
5193
5193
5193
5193
5193
5193
5193
5193
5193
5193
5193
5193
5193
5193
5192
5192
5192
5191
5191
5191
5191
5191
5191
5191
5191
5192
5192
5191
5192
5192
5192
5192
5192
5192
5192
5192
5191
5191
5191
5191
5191
5191
5191
5191
5191
5191
5196
5196
5196
5196
5196
5196
5196
5196
5196
5196
5196
5196
5196
5197
5197
5197
5197
5197
5197
5197
5197
5197
5197
5197
5197
5197
5197
5197
5197
5197
5197
5197
5197
5197
5197
5197
5197
5197
5196
5191
5191
5191
5191
5191
5191
5191
5191
5191
5191
5191
5191
5196
5196
5196
5196
5196
5196
5196
5196
5196
5196
5196
5196
5196
5197
5196
5197
5197
5197
5197
5197
5197
5197
5197
5197
5197
5170
5171
5171
5171
5171
5171
5171
5198
5198
5198
5198
5198
5197
5197
5197
5197
5197
5192
5192
5192
5192
5192
5192
5197
5192
5197
5197
5197
5197
5196
5197
5197
5197
5170
5197
5197
5197
5197
5197
5197
5198
5198
5198
5198
5198
5198
5193
5192
5192
5192
5192
5192
5192
5192
5192
5192
5192
5192
5192
5193
5193
5193
5193
5193
5193
5193
5193
5192
5192
5197
5197
5197
5197
5197
5197
5197
5197
5197
5197
5197
5197
5196
5196
5196
5197
5197
5197
5197
5197
5198
5198
5198
5193
5192
5165
5165
5192
5192
5191
5191
5191
5191
5191
5191
5191
5196
5196
5196
5196
5197
5197
5197
5197
5197
5197
5197
5197
5197
5197
5197
5197
5197
5197
5197
5197
5197
5197
5197
5197
5197
5197
5197
5197
5197
5197
5197
5197
5197
5197
5196
5196
5196
5196
5197
5197
5197
5197
5197
5197
5192
5192
5192
5192
5192
5192
5192
5191
5191
5191
5191
5191
5191
5191
5191
5191
5191
5191
5191
5191
5191
5192
5192
5192
5192
5192
5193
5193
5193
5193
5193
5193
5193
5193
5193
5193
5193
5198
5198
5198
5198
5198
5193
5193
5192
5197
5197
5197
5197
5196
5197
5197
5197
5197
5197
5197
5197
5197
5197
5197
5197
5197
5197
5197
5197
5197
5197
5197
5197
5198
5197
5197
5197
5192
5192
5192
5191
5191
5191
5191
5191
5196
5196
5196
5196
5196
5197
5197
5197
5197
5197
5197
5197
5197
5197
5197
5197
5197
5196
5196
5196
5196
5196
5196
5196
5196
5196
5197
5197
5197
5197
5197
5197
5197
5197
5197
5192
5193
5193
5193
5193
5193
5193
5192
5192
5192
5192
5192
5192
5193
5193
5193
5193
5193
5193
5193
5193
5193
5192
5193
5193
5193
5198
5198
5197
5197
5197
5197
5197
5196
5197
5197
5197
5197
5197
5197
5197
5197
5197
5197
5197
5197
5197
5197
5197
5197
5197
5197
5197
5197
5197
5197
5197
5197
5197
5197
5197
5197
5197
5197
5197
5197
5192
5192
5192
5192
5192
5192
5192
5192
5192
5192
5192
5192
5192
5192
5192
5192
5192
5192
5192
5192
5192
5192
5192
5192
5192
5192
5192
5192
5192
5192
5192
5192
5192
5192
5192
5191
5191
5191
5191
5191
5191
5191
5191
5191
5191
5191
5191
5191
5191
5191
5191
5191
5191
5191
5191
5191
5191
5191
5191
5191
5191
5192
5192
5192
5192
5192
5192
5192
5193
5193
5193
5193
5193
5193
5193
5193
5192
5192
5165
5165
5192
5197
5197
5197
5196
5196
5196
5196
5197
5197
5197
5197
5197
5197
5197
5197
5197
5197
5197
5197
5197
5197
5197
5197
5197
5197
5197
5197
5192
5192
5192
5193
5192
5192
5193
5198
5198
5198
5198
5198
5198
5198
5198
5198
5197
5197
5197
5197
5196
5196
5196
5196
5196
5196
5148
5148
5149
5149
5149
5149
5149
5197
5197
5197
5197
5197
5196
5196
5196
5196
5196
5196
5196
5196
5196
5196
5196
5196
5196
5196
5196
5196
5196
5197
5197
5197
5197
5197
5197
5197
5197
5197
5197
5197
5197
5197
5197
5197
5197
5197
5197
5197
5197
5197
5197
5197
5197
5197
5197
5197
5197
5197
5197
5197
5197
5098
5098
5097
5098
5197
5197
5197
5170
5170
5170
5170
5197
5197
5197
5197
5197
5197
5197
5197
5197
5197
5196
5196
5196
5197
5197
5196
5196
5196
5196
5197
5197
5196
5196
5196
5196
5196
5196
5197
5197
5197
5197
5197
5197
5197
5197
5197
5197
5197
5192
5193
5193
5193
5193
5193
5193
5193
5193
5193
5193
5193
5193
5193
5193
5192
5192
5192
5191
5192
5192
5192
5192
5191
5191
5191
5191
5191
5191
5196
5196
5196
5197
5197
5197
5197
5197
5197
5197
5197
5197
5197
5197
5192
5192
5192
5192
5192
5192
5192
5192
5192
5192
5192
5192
5192
5191
5191
5191
5191
5191
5191
5192
5197
5197
5196
5196
5196
5196
5196
5196
5196
5196
5196
5196
5196
5196
5196
5196
5196
5196
5196
5196
5196
5196
5196
5196
5196
5196
5196
5197
5196
5196
5196
5196
5196
5196
5197
5197
5197
5198
5198
5198
5198
5197
5197
5197
5197
5198
5198
5198
5198
5198
5198
5198
5198
5198
5197
5197
5197
5197
5192
5192
5192
5192
5192
5192
5192
5193
5193
5193
5193
5192
5192
5191
5192
5192
5192
5192
5193
5192
5192
5192
5197
5197
5197
5197
5197
5198
5198
5198
5198
5198
5197
5197
5197
5197
5192
5192
5192
5192
5192
5192
5191
5191
5196
5196
5196
5196
5196
5196
5196
5196
5196
5196
5196
5196
5196
5196
5196
5196
5196
5196
5197
5149
5149
5149
5149
5149
5149
5150
5150
5150
5150
5149
5149
5149
5149
5149
5149
5149
5149
5149
5149
5149
5149
5149
5150
5198
5198
5198
5198
5198
5198
5198
5198
5198
5197
5197
5197
5197
5198
5198
5198
5198
5198
5198
5198
5198
5198
5198
5193
5193
5193
5198
5198
5198
5198
5198
5198
5198
5198
5198
5198
5198
5198
5198
5197
5197
5197
5197
5197
5197
5197
5198
5198
5198
5198
5198
5193
5193
5193
5193
5193
5193
5193
5193
5193
5193
5193
5193
5193
5192
5192
5192
5192
5192
5192
5192
5192
5192
5192
5192
5192
5192
5192
5192
5192
5192
5192
5192
5192
5192
5192
5192
5192
5192
5191
5191
5191
5191
5192
5192
5193
5193
5193
5193
5193
5193
5193
5193
5193
5193
5193
5193
5193
5193
5193
5193
5193
5193
5193
5193
5193
5193
5193
5193
5193
5193
5193
5193
5193
5193
5193
5193
5193
5193
5193
5193
5193
5193
5193
5192
5192
5192
5192
5192
5197
5197
5197
5197
5197
5197
5198
5197
5197
5197
5197
5198
5198
5198
5198
5198
5193
5193
5193
5193
5193
5198
5198
5198
5198
5197
5197
5192
5192
5192
5193
5193
5193
5193
5193
5193
5193
5193
5193
5193
5193
5193
5193
5192
5192
5192
5192
5192
5192
5192
5192
5192
5192
5192
5192
5192
5192
5192
5192
5192
5192
5192
5192
5192
5192
5192
5192
5192
5192
5191
5191
5191
5191
5191
5191
5191
5192
5192
5192
5192
5192
5193
5193
5193
5193
5193
5193
5193
5193
5193
5193
5193
5193
5193
5193
5193
5193
5193
5193
5193
5193
5193
5193
5192
5192
5192
5192
5192
5192
5191
5191
5191
5191
5191
5191
5191
5191
5191
5191
5191
5191
5191
5191
5191
5191
5191
5191
5191
5191
5191
5191
5191
5191
5191
5191
5191
5191
5191
5191
5196
5196
5196
5197
5197
5197
5197
5197
5197
5192
5192
5192
5192
5192
5192
5197
5197
5197
5197
5197
5197
5192
5192
5192
5192
5192
5192
5192
5193
5193
5193
5193
5198
5198
5198
5198
5198
5198
5198
5198
5198
5198
5198
5198
5198
5197
5197
5197
5197
5197
5197
5197
5197
5197
5197
5198
5198
5197
5197
5197
5197
5197
5197
5197
5197
5197
5197
5197
5197
5197
5197
5198
5198
5198
5198
5198
5198
5198
5198
5198
5198
5198
5198
5198
5198
5197
5197
5197
5197
5197
5198
5198
5198
5198
5198
5198
5198
5193
5193
5193
5193
5193
5193
5193
5192
5197
5197
5197
5197
5197
5197
5197
5197
5197
5197
5197
5197
5197
5196
5196
5196
5196
5196
5197
5197
5197
5197
5197
5197
5197
5197
5197
5197
5197
5197
5196
5196
5196
5196
5196
5196
5197
5197
5197
5198
5197
5196
5196
5196
5196
5196
5196
5196
5196
5196
5191
5191
5191
5191
5191
5191
5191
5191
5191
5191
5191
5191
5191
5191
5192
5192
5192
5192
5192
5192
5192
5191
5192
5192
5192
5192
5192
5192
5192
5192
5192
5192
5192
5192
5192
5192
5192
5192
5191
5191
5192
5192
5192
5192
5192
5192
5192
5192
5192
5192
5192
5193
5193
5193
5193
5198
5197
5197
5197
5197
5197
5197
5197
5197
5197
5197
5197
5197
5197
5197
5196
5196
5196
5196
5196
5197
5197
5197
5197
5197
5192
5192
5192
5192
5192
5193
5193
5193
5192
5192
5192
5192
5192
5192
5192
5192
5192
5191
5196
5196
5196
5196
5196
5196
5196
5196
5196
5196
5196
5196
5196
5196
5196
5196
5196
5196
5197
5197
5197
5197
5197
5197
5197
5197
5197
5197
5197
5197
5197
5197
5197
5197
5197
5197
5197
5197
5197
5197
5197
5197
5197
5197
5197
5197
5197
5197
5197
5197
5197
5197
5197
5197
5197
5197
5196
5196
5196
5196
5197
5197
5197
5197
5197
5197
5197
5197
5196
5196
5196
5196
5197
5197
5197
5197
5197
5196
5196
5196
5196
5196
5196
5196
5197
5197
5197
5197
5197
5197
5196
5196
5196
5196
5196
5196
5196
5196
5196
5196
5196
5197
5197
5197
5196
5196
5196
5196
5196
5196
5196
5196
5196
5196
5196
5196
5196
5196
5196
5196
5196
5196
5196
5196
5196
5196
5196
5196
5196
5196
5196
5196
5196
5196
5196
5196
5196
5196
5196
5196
5196
5196
5196
5196
5196
5196
5196
5196
5196
5196
5196
5191
5191
5191
5191
5191
5191
5191
5191
5192
5192
5192
5192
5192
5192
5192
5192
5192
5191
5191
5191
5191
5191
5191
5191
5191
5191
5192
5192
5191
5191
5191
5192
5197
5197
5197
5197
5192
5192
5192
5192
5191
5191
5191
5191
5191
5191
5191
5192
5192
5192
5191
5196
5196
5196
5196
5196
5196
5196
5196
5196
5196
5196
5196
5196
5196
5196
5196
5196
5196
5196
5196
5197
5197
5197
5197
5197
5197
5197
5197
5196
5196
5196
5196
5196
5196
5191
5192
5197
5197
5197
5197
5197
5197
5197
5197
5197
5197
5197
5197
5198
5198
5198
5198
5198
5198
5198
5198
5198
5197
5197
5197
5197
5197
5197
5197
5197
5197
5197
5192
5192
5193
5193
5193
5193
5193
5193
5193
5193
5193
5193
5193
5193
5193
5193
5193
5193
5193
5193
5193
5192
5192
5192
5192
5192
5192
5192
5192
5192
5193
5193
5192
5192
5192
5192
5192
5192
5197
5197
5197
5197
5197
5197
5197
5197
5197
5197
5197
5197
5197
5197
5197
5197
5197
5197
5197
5197
5197
5197
5197
5197
5197
5197
5197
5197
5197
5197
5197
5197
5197
5197
5197
5197
5197
5196
5196
5196
5197
5197
5197
5196
5196
5196
5196
5196
5196
5196
5196
5196
5196
5196
5196
5196
5196
5196
5196
5197
5197
5197
5197
5197
5197
5197
5197
5197
5197
5197
5197
5197
5197
5197
5197
5197
5197
5197
5197
5197
5197
5197
5197
5197
5197
5197
5197
5197
5197
5197
5197
5198
5198
5198
5198
5197
5198
5197
5197
5197
5197
5197
5198
5198
5197
5197
5197
5197
5197
5197
5197
5197
5196
5196
5196
5196
5196
5196
5196
5196
5196
5196
5196
5196
5196
5196
5196
5196
5196
5196
5196
5196
5196
5196
5196
5196
5196
5196
5196
5196
5196
5196
5196
5196
5196
5196
5197
5197
5197
5198
5198
5198
5197
5197
5197
5196
5197
5197
5197
5197
5197
5197
5197
5197
5197
5197
5197
5197
5198
5198
5198
5198
5198
5198
5198
5198
5198
5198
5198
5198
5198
5198
5198
5198
5198
5198
5197
5197
5197
5197
5198
5198
5198
5198
5198
5198
5198
5198
5198
5198
5198
5198
5198
5198
5198
5198
5198
5198
5198
5198
5198
5198
5198
5198
5198
5198
5198
5197
5197
5197
5197
5197
5197
5197
5197
5197
5197
5197
5197
5197
5197
5197
5197
5197
5197
5197
5197
5197
5197
5197
5197
5197
5197
5197
5198
5198
5198
5198
5197
5197
5197
5197
5197
5197
5198
5198
5198
5198
5198
5198
5198
5198
5198
5198
5198
5198
5198
5197
5197
5197
5197
5197
5197
5197
5197
5197
5197
5197
5197
5197
5197
5197
5197
5197
5197
5197
5197
5197
5192
5192
5192
5192
5192
5192
5192
5191
5191
5191
5191
5191
5191
5192
5192
5192
5192
5192
5192
5192
5192
5192
5193
5193
5193
5193
5193
5193
5193
5193
5193
5192
5192
5192
5192
5192
5192
5192
5192
5192
5192
5192
5192
5192
5192
5192
5197
5197
5197
5197
5197
5197
5197
5197
5197
5197
5197
5197
5197
5197
5196
5196
5196
5196
5196
5197
5197
5197
5192
5192
5197
5197
5197
5197
5198
5198
5198
5198
5198
5198
5198
5198
5198
5198
5198
5198
5198
5198
5198
5197
5197
5192
5192
5192
5192
5192
5192
5192
5192
5192
5192
5192
5192
5197
5197
5197
5198
5198
5198
5198
5198
5198
5198
5198
5198
5198
5198
5198
5198
5197
5197
5197
5197
5197
5197
5197
5196
5196
5196
5196
5196
5196
5196
5196
5196
5196
5196
5196
5196
5196
5196
5197
5197
5197
5197
5197
5197
5197
5197
5197
5197
5197
5197
5197
5197
5198
5198
5198
5198
5198
5198
5198
5198
5198
5198
5198
5198
5198
5198
5198
5198
5198
5198
5197
5197
5196
5196
5196
5196
5196
5196
5196
5196
5196
5196
5196
5196
5196
5196
5196
5196
5196
5196
5196
5196
5196
5196
5196
5196
5196
5196
5196
5196
5196
5196
5196
5196
5196
5196
5197
5197
5197
5197
5197
5197
5197
5197
5197
5197
5197
5197
5197
5197
5198
5198
5198
5197
5197
5197
5197
5197
5197
5197
5192
5192
5192
5192
5192
5193
5193
5193
5193
5193
5193
5198
5197
5197
5197
5197
5196
5196
5196
5196
5196
5196
5196
5196
5196
5196
5196
5196
5196
5197
5197
5197
5197
5197
5197
5197
5197
5197
5197
5197
5197
5197
5196
5196
5197
5197
5198
5198
5198
5198
5197
5197
5197
5197
5197
5197
5197
5197
5197
5197
5197
5197
5197
5196
5196
5196
5196
5196
5197
5196
5196
5196
5196
5196
5196
5196
5196
5196
5196
5196
5196
5196
5196
5196
5196
5196
5196
5196
5196
5196
5196
5196
5197
5197
5197
5197
5197
5197
5197
5197
5196
5196
5197
5197
5197
5197
5198
5198
5197
5197
5197
5197
5197
5197
5197
5197
5196
5196
5197
5197
5197
5197
5197
5197
5197
5197
5197
5197
5197
5197
5197
5197
5197
5197
5197
5197
5197
5197
5197
5197
5197
5197
5197
5197
5197
5197
5197
5197
5197
5197
5197
5197
5198
5198
5198
5198
5198
5198
5198
5198
5198
5198
5198
5198
5198
5198
5198
5198
5198
5198
5198
5198
5198
5198
5198
5198
5198
5198
5197
5197
5197
5197
5197
5197
5197
5197
5197
5197
5197
5197
5197
5197
5197
5197
5197
5196
5196
5196
5196
5196
5196
5196
5197
5197
5197
5197
5197
5196
5196
5196
5196
5196
5196
5196
5196
5196
5196
5196
5197
5197
5197
5197
5197
5197
5197
5197
5197
5197
5197
5198
5198
5198
5198
5198
5198
5198
5198
5198
5198
5198
5198
5198
5198
5198
5198
5198
5198
5198
5198
5198
5198
5198
5198
5197
5197
5197
5197
5197
5197
5197
5197
5197
5197
5197
5197
5197
5198
5198
5198
5198
5198
5198
5198
5198
5198
5198
5198
5198
5198
5193
5193
5193
5193
5193
5193
5193
5193
5193
5193
5193
5193
5193
5193
5193
5193
5193
5193
5193
5193
5193
5193
5193
5193
5193
5198
5198
5198
5198
5198
5198
5198
5198
5198
5198
5198
5198
5198
5198
5198
5198
5198
5197
5197
5197
5197
5197
5197
5197
5197
5196
5196
5196
5196
5196
5196
5196
5196
5196
5196
5196
5196
5196
5196
5196
5197
5197
5197
5197
5197
5197
5197
5197
5197
5197
5197
5197
5197
5197
5197
5197
5197
5197
5197
5197
5197
5197
5197
5197
5196
5196
5196
5196
5196
5196
5196
5196
5191
5191
5192
5192
5192
5192
5192
5192
5192
5192
5192
5192
5192
5192
5192
5192
5192
5192
5197
5197
5197
5197
5197
5197
5197
5197
5197
5198
5198
5198
5197
5197
5197
5197
5198
5198
5198
5198
5198
5198
5198
5198
5198
5198
5198
5198
5198
5198
5198
5198
5198
5198
5197
5197
5197
5197
5197
5197
5197
5197
5197
5197
5197
5197
5197
5197
5198
5198
5198
5198
5198
5198
5197
5197
5197
5197
5197
5197
5197
5197
5197
5197
5197
5197
5196
5196
5196
5196
5196
5196
5196
5196
5197
5197
5197
5197
5197
5197
5197
5197
5197
5197
5197
5197
5197
5197
5197
5197
5197
5197
5198
5198
5198
5198
5198
5198
5198
5198
5198
5198
5198
5198
5198
5198
5198
5198
5198
5198
5198
5198
5198
5198
5198
5198
5198
5198
5198
5198
5197
5197
5197
5197
5197
5197
5197
5197
5197
5197
5197
5198
5198
5198
5198
5198
5198
5198
5198
5197
5197
5197
5197
5198
5198
5198
5198
5198
5198
5198
5198
5198
5198
5197
5198
5197
5197
5197
5197
5197
5197
5197
5197
5197
5197
5197
5197
5197
5197
5197
5197
5197
5197
5197
5197
5197
5197
5196
5196
5196
5196
5197
5197
5197
5197
5197
5197
5197
5197
5197
5197
5197
5197
5198
5198
5198
5198
5198
5198
5198
5197
5196
5196
5196
5196
5196
5196
5196
5196
5196
5196
5196
5196
5196
5196
5196
5196
5196
5196
5196
5196
5196
5196
5196
5196
5196
5196
5196
5196
5196
5196
5197
5197
5197
5197
5197
5197
5197
5197
5197
5197
5197
5197
5197
5197
5197
5197
5197
5197
5197
5197
5197
5197
5196
5196
5196
5196
5196
5196
5196
5196
5196
5196
5196
5197
5197
5197
5197
5197
5197
5197
5197
5196
5196
5196
5196
5196
5196
5196
5196
5196
5196
5196
5196
5196
5196
5196
5196
5196
5196
5196
5196
5196
5196
5196
5196
5196
5196
5196
5196
5196
5196
5196
5196
5196
5196
5196
5196
5196
5196
5196
5196
5196
5196
5196
5196
5196
5196
5196
5197
5197
5197
5197
5197
5197
5197
5197
5197
5197
5197
5197
5197
5197
5197
5198
5198
5198
5198
5198
5198
5198
5198
5198
5198
5198
5198
5198
5198
5198
5198
5198
5198
5198
5198
5198
5198
5198
5198
5198
5198
5198
5197
5197
5197
5197
5197
5197
5197
5197
5197
5197
5198
5198
5198
5198
5198
5197
5198
5198
5198
5198
5198
5198
5198
5198
5197
5197
5197
5198
5198
5198
5198
5198
5198
5198
5198
5198
5198
5198
5198
5198
5198
5198
5198
5198
5198
5198
5198
5198
5198
5198
5198
5198
5198
5198
5198
5198
5198
5198
5198
5198
5198
5198
5198
5198
5197
5197
5197
5197
5198
5198
5198
5198
5198
5198
5198
5198
5198
5197
5197
5197
5197
5197
5197
5197
5197
5197
5197
5197
5197
5197
5197
5197
5197
5197
5197
5197
5197
5196
5196
5196
5196
5196
5196
5196
5196
5196
5196
5196
5196
5196
5196
5196
5196
5196
5196
5196
5196
5197
5197
5197
5197
5197
5197
5197
5197
5197
5197
5197
5197
5197
5197
5197
5197
5197
5197
5197
5198
5198
5198
5198
5198
5198
5198
5198
5198
5198
5198
5198
5198
5198
5198
5198
5198
5198
5198
5198
5198
5198
5198
5198
5198
5198
5198
5198
5198
5198
5198
5198
5198
5198
5198
5198
5198
5198
5198
5198
5198
5198
5198
5198
5198
5198
5198
5198
5198
5198
5198
5198
5198
5198
5198
5198
5198
5198
5198
5197
5198
5197
5197
5197
5197
5197
5197
5197
5197
5197
5197
5197
5197
5197
5197
5197
5198
5198
5198
5198
5198
5198
5198
5198
5197
5197
5197
5197
5197
5197
5198
5198
5198
5198
5198
5198
5198
5198
5198
5198
5198
5198
5198
5198
5198
5198
5198
5198
5198
5197
5197
5197
5197
5197
5197
5197
5197
5197
5197
5197
5197
5197
5197
5197
5197
5197
5197
5197
5197
5197
5197
5198
5198
5198
5198
5198
5198
5198
5198
5198
5198
5198
5198
5198
5198
5198
5198
5198
5198
5198
5198
5198
5198
5198
5198
5198
5198
5198
5198
5198
5198
5198
5198
5198
5198
5198
5198
5198
5198
5198
5198
5198
5198
5198
5198
5198
5198
5198
5198
5198
5198
5198
5198
5198
5198
5197
5198
5198
5198
5198
5198
5198
5198
5198
5198
5198
5198
5198
5198
5198
5198
5198
5198
5198
5198
5198
5198
5198
5198
5198
5198
5198
5197
5197
5197
5197
5197
5197
5197
5197
5197
5197
5197
5197
5197
5197
5197
5197
5197
5197
5197
5198
5198
5198
5198
5198
5198
5198
5198
5198
5198
5198
5198
5198
5198
5198
5198
5197
5197
5197
5197
5197
5197
5197
5197
5197
5197
5197
5197
5197
5197
5197
5197
5198
5198
5198
5198
5198
5198
5198
5198
5198
5198
5198
5198
5198
5198
5198
5198
5198
5198
5198
5198
5198
5198
5198
5198
5198
5198
5197
5197
5197
5197
5197
5197
5197
5197
5197
5197
5197
5197
5197
5197
5197
5197
5197
5197
5197
5197
5197
5197
5197
5196
5196
5196
5196
5197
5197
5197
5197
5197
5197
5197
5197
5197
5197
5197
5197
5197
5197
5197
5197
5197
5197
5197
5197
5197
5197
5197
5197
5197
5197
5197
5197
5197
5197
5197
5197
5197
5197
5197
5197
5197
5196
5196
5196
5196
5197
5197
5198
5198
5198
5198
5198
5198
5198
5198
5198
5198
5198
5198
5198
5198
5198
5198
5198
5198
5198
5198
5198
5198
5198
5198
5198
5198
5198
5198
5198
5198
5198
5198
5198
5198
5198
5198
5198
5198
5198
5198
5198
5198
5198
5198
5198
5198
5198
5198
5198
5198
5198
5198
5198
5198
5198
5198
5198
5198
5198
5198
5198
5198
5198
5198
5198
5198
5198
5198
5198
5198
5198
5198
5198
5198
5197
5197
5198
5198
5198
5198
5198
5198
5198
5198
5198
5198
5198
5198
5198
5198
5198
5198
5198
5198
5198
5198
5198
5198
5198
5198
5198
5198
5198
5198
5198
5198
5198
5198
5198
5198
5198
5198
5198
5198
5198
5198
5198
5198
5198
5198
5198
5198
5198
5198
5198
5198
5198
5198
5198
5198
5198
5198
5198
5198
5198
5198
5198
5198
5198
5198
5198
5198
5198
5198
5198
5198
5198
5198
5198
5198
5198
5198
5198
5198
5198
5198
5198
5198
5198
5198
5198
5198
5198
5198
5198
5198
5198
5198
5198
5198
5198
5198
5198
5198
5198
5198
5198
5198
5198
5198
5198
5198
5198
5198
5198
5198
5198
5198
5198
5198
5198
5198
5198
5198
5198
5198
5198
5198
5198
5198
5198
5198
5198
5198
5198
5198
5198
5198
5198
5198
5198
5198
5198
5198
5198
5198
5198
5198
5198
5198
5198
5197
5197
5197
5197
5197
5197
5197
5197
5197
5197
5197
5197
5197
5197
5197
5197
5197
5197
5197
5197
5197
5198
5198
5198
5198
5198
5198
5198
5198
5198
5198
5198
5198
5198
5198
5198
5198
5198
5198
5198
5198
5198
5198
5198
5198
5198
5198
5198
5198
5198
5198
5198
5198
5198
5197
5197
5197
5197
5197
5197
5197
5197
5197
5197
5197
5197
5197
5197
5196
5196
5196
5196
5196
5196
5196
5196
5196
5196
5196
5196
5196
5196
5197
5197
5197
5197
5197
5197
5197
5197
5197
5197
5197
5197
5197
5197
5197
5197
5197
5197
5197
5197
5197
5197
5197
5197
5197
5197
5197
5197
5197
5197
5197
5197
5197
5197
5197
5198
5198
5197
5197
5197
5197
5197
5197
5197
5197
5197
5197
5197
5197
5197
5197
5197
5197
5197
5197
5197
5197
5197
5197
5197
5197
5197
5197
5197
5196
5196
5197
5197
5197
5197
5198
5198
5198
5198
5198
5198
5198
5198
5198
5198
5198
5198
5198
5198
5198
5198
5198
5198
5198
5198
5198
5198
5198
5198
5198
5198
5198
5198
5198
5198
5198
5198
5198
5198
5198
5198
5198
5198
5198
5198
5198
5198
5198
5198
5198
5198
5198
5198
5198
5198
5198
5198
5198
5198
5198
5198
5198
5198
5198
5198
5198
5198
5198
5198
5198
5198
5198
5198
5198
5198
5198
5198
5198
5198
5198
5198
5198
5198
5198
5198
5198
5198
5198
5198
5198
5198
5198
5198
5198
5198
5198
5198
5198
5198
5198
5198
5198
5198
5198
5198
5198
5198
5198
5198
5198
5198
5198
5198
5198
5198
5198
5198
5198
5198
5198
5198
5198
5198
5198
5198
5198
5198
5198
5198
5198
5198
5198
5198
5198
5198
5198
5198
5198
5198
5198
5198
5198
5198
5198
5198
5198
5198
5198
5198
5198
5198
5198
5198
5198
5198
5198
5198
5198
5198
5198
5198
5198
5198
5198
5198
5198
5198
5198
5198
5198
5198
5198
5198
5198
5198
5198
5198
5198
5198
5198
5198
5198
5198
5198
5198
5198
5198
5198
5198
5198
5198
5198
5198
5198
5198
5198
5198
5198
5198
5198
5198
5198
5198
5197
5197
5197
5197
5197
5197
5197
5197
5197
5197
5197
5197
5198
5198
5198
5198
5198
5198
5198
5198
5198
5198
5198
5198
5198
5198
5198
5198
5198
5198
5198
5198
5198
5198
5198
5198
5198
5197
5197
5197
5197
5197
5197
5197
5197
5197
5197
5197
5197
5197
5197
5197
5197
5197
5197
5197
5197
5197
5197
5197
5197
5197
5197
5197
5197
5197
5197
5197
5197
5197
5197
5197
5197
5197
5197
5197
5197
5197
5197
5197
5197
5197
5197
5197
5197
5197
5197
5197
5197
5197
5197
5197
5197
5197
5197
5197
5197
5197
5197
5197
5197
5197
5197
5197
5197
5197
5197
5197
5197
5197
5197
5197
5197
5198
5198
5198
5198
5198
5198
5198
5198
5198
5198
5198
5198
5198
5198
5198
5198
5198
5198
5198
5198
5198
5198
5198
5198
5198
5198
5198
5198
5197
5197
5197
5197
5197
5197
5197
5197
5197
5197
5197
5197
5197
5197
5197
5197
5198
5198
5198
5198
5198
5198
5198
5198
5198
5197
5198
5198
5198
5198
5198
5198
5198
5198
5198
5198
5198
5198
5198
5198
5198
5198
5198
5198
5198
5198
5198
5198
5198
5198
5198
5198
5198
5198
5198
5198
5198
5198
5198
5198
5198
5198
5198
5198
5198
5198
5198
5198
5198
5198
5198
5198
5198
5198
5198
5198
5198
5198
5198
5198
5198
5198
5198
5198
5198
5198
5198
5198
5198
5198
5198
5198
5198
5198
5198
5198
5198
5198
5198
5198
5198
5198
5198
5198
5198
5198
5198
5198
5198
5198
5198
5198
5198
5198
5198
5198
5198
5198
5198
5198
5198
5198
5198
5198
5198
5198
5198
5198
5198
5198
5198
5198
5198
5198
5198
5198
5198
5198
5198
5198
5198
5198
5198
5198
5198
5198
5198
5198
5198
5198
5198
5198
5198
5198
5198
5198
5198
5198
5198
5198
5198
5198
5198
5198
5198
5198
5198
5198
5198
5198
5198
5198
5198
5198
5198
5198
5198
5198
5198
5198
5198
5198
5198
5198
5198
5198
5198
5198
5198
5198
5198
5198
5198
5198
5198
5198
5198
5198
5198
5198
5198
5198
5198
5198
5198
5198
5198
5198
5198
5198
5198
5198
5198
5198
5198
5198
5198
5198
5198
5198
5198
5198
5198
5198
5198
5198
5198
5198
5198
5198
5198
5198
5198
5198
5198
5198
5198
5198
5198
5198
5198
5198
5198
5198
5198
5198
5198
5198
5198
5198
5198
5198
5198
5198
5198
5198
5198
5198
5198
5198
5198
5198
5198
5198
5198
5198
5198
5198
5198
5198
5198
5198
5198
5198
5198
5198
5198
5198
5198
5198
5198
5198
5198
5198
5198
5198
5198
5198
5198
5198
5198
5198
5198
5198
5198
5198
5198
5198
5198
5198
5198
5198
5198
5198
5198
5198
5198
5198
5198
5198
5198
5198
5198
5198
5198
5198
5198
5198
5198
5198
5198
5198
5198
5198
5198
5198
5198
5198
