3999
3457
3781
4026
4364
4120
4121
4120
4168
4009
4010
3574
3329
3871
3898
3574
3236
3481
3592
3565
3570
3571
3326
2812
3057
2655
2654
2655
2655
2650
2650
3052
3052
2941
3265
2868
3382
3084
2704
2731
2704
2709
2868
2868
2895
3139
3437
2810
2565
2676
2676
2675
3013
2965
2854
2556
3183
3481
3322
2984
3083
3083
2984
2979
2979
3224
3323
3661
3259
2745
2793
2792
2792
2793
2495
2897
3294
3294
3246
2849
2222
2333
2088
2093
2473
2446
2066
2067
2094
1995
2043
2440
2539
2539
2491
2871
3030
2488
3115
3110
3109
3623
3109
3407
3406
3407
3407
3308
3309
3282
3282
2880
3125
2801
3343
3343
3343
3348
2721
2769
2768
2371
2807
3209
2807
2906
3308
3149
3149
2713
2375
2811
2763
2790
2838
3176
3177
3574
4088
3977
4136
3734
3734
3298
3622
3621
3376
3376
3375
3051
2671
2672
3108
3108
3081
3081
3076
3456
3461
3488
3487
3051
3003
3439
3101
3212
3207
3207
3207
3531
4158
4496
4501
4501
4203
4198
3954
3795
3795
4039
4198
4246
3908
3913
3886
3838
3739
3342
3587
3588
3588
3152
3151
3151
3548
3168
3548
3549
3648
3549
3549
3597
3696
3696
3696
3597
3895
4233
4332
3935
3776
3776
3234
3123
3234
2936
2935
2935
2935
2611
2770
3167
3056
3056
3056
3056
3056
3057
2719
2475
2427
2475
2475
2316
2427
2427
2328
2323
2078
2322
2323
2647
2892
2892
3230
3230
3772
3799
3798
3799
3804
4102
4054
4053
4054
4054
3716
3716
3716
3711
3413
3461
3460
3461
3799
3257
3262
3664
3663
3663
3261
3420
2793
2634
3036
2792
2791
2890
2376
2918
2516
3143
3143
3143
3095
3090
3090
3526
3531
3134
3536
3537
3537
3585
3580
4094
3692
3665
3420
3420
3421
3665
3664
3909
3909
3395
3347
3347
3023
2778
3076
2449
3076
2965
2964
3012
3013
3172
3172
3177
2797
2797
2361
2685
2685
2685
3082
3083
3519
4033
4032
3734
3396
3641
3014
3014
3312
3311
3311
2797
2908
3310
3151
3178
2880
2832
2832
3459
3459
3460
3508
3806
3806
3806
3695
3696
3696
4076
3778
3381
3354
3652
3811
3431
3458
3855
3756
3867
4205
4204
4156
4155
4155
4535
4536
4156
3720
4156
4536
4212
3810
4212
4726
4726
4774
4873
4575
4139
4134
4035
4034
4007
4008
4008
3628
3384
3764
3863
3466
3493
3493
3334
3089
3525
3145
2603
2848
2848
2849
3147
2520
3147
3152
3147
2849
3391
3635
3587
3476
3635
3608
4005
3906
3661
3661
3660
3771
3870
3870
3918
3376
3376
3132
2618
1991
2236
1834
2461
2841
3165
3006
2895
3139
3653
4195
4354
4354
4359
4386
4227
3830
3316
3427
3428
3401
3157
3058
2720
3117
3112
2867
3112
3626
3653
3653
3653
3652
3541
3700
3320
3320
3321
3565
3168
2923
3261
3261
3360
3036
3438
3437
3001
2487
2388
2785
2790
2889
2645
2756
2755
2728
3052
3566
3567
3519
3519
3519
3763
3763
3763
3519
3955
3955
4200
3862
4242
4237
4238
4238
3802
3801
3642
3669
4007
4251
4252
4153
3639
3242
3756
4054
4490
4490
4489
4489
4488
3946
3702
3946
4343
4045
4046
4019
4019
3908
3907
3662
3960
4008
4008
4009
4008
4550
4550
4252
4257
3743
4041
4286
4238
4239
4287
4398
4399
4399
4399
4913
4477
4139
3841
3793
3469
3224
3113
3411
3411
3411
3411
3510
3510
2968
2588
2833
2431
2769
2471
2372
2372
2372
2367
2367
1740
2142
2578
2677
2339
2677
2975
3355
3382
3044
2608
2608
2581
2740
2740
2767
2772
2528
2528
3070
3069
3407
3380
3375
3375
3077
3078
3078
3077
2978
2978
3222
3333
3174
3174
2794
3118
3118
3123
3123
3421
3421
3421
3520
3956
4115
4115
3601
3602
3629
3232
3232
3133
3132
2973
3370
3529
3529
3529
3231
2834
2723
2564
2537
2199
2826
3206
3206
3305
2678
2789
2789
2544
2539
2539
2103
2441
2739
3136
3141
2761
3141
3141
3655
3655
3655
3703
3306
3306
3207
3208
3235
3230
2986
2648
2653
2991
2611
2273
2273
1871
2251
1871
1823
2220
2600
3227
3471
3471
3147
3147
2520
2519
2519
2520
2276
2271
1891
1896
1499
1499
1823
2225
2470
2629
2967
2643
2967
2808
3205
3205
2960
2636
2636
2094
2474
2573
2573
3200
3200
2686
2686
2686
3228
3473
3093
2691
3093
3066
3066
3446
3066
3114
3494
3383
3383
3542
3145
3389
3388
3389
3389
3903
3902
3902
3902
3902
4338
3824
3526
3427
3428
3269
3593
3593
3704
3704
3162
3162
3162
2838
2937
3334
3632
4146
4145
4034
4145
4145
4140
4299
4299
4055
4379
4379
4268
4810
4810
4268
4169
4711
4466
4064
3726
3725
3726
3837
4239
3803
3803
3692
3719
3395
3394
3718
3718
3723
3718
3963
3963
3336
3580
3580
3580
3532
3532
3532
3532
3288
3289
3130
3131
2807
3051
3050
3051
3487
4114
4273
4272
4113
4113
3711
3711
3810
3374
2747
2752
2752
3090
3492
3816
3571
3619
3619
4055
4007
4118
4277
4118
4091
3793
3391
3439
3115
3517
3517
3517
3815
3810
4134
3810
3296
3620
3509
4136
4088
4088
4088
4136
4163
4322
3780
3780
4294
4294
4294
4836
4836
4836
4837
4440
4060
4171
4012
4012
4012
4012
4011
4011
4011
4010
4390
4390
4390
4395
4792
5037
5038
4658
4222
4217
4376
4376
3834
3437
2810
2810
2699
2401
2401
2401
2943
2943
2943
3379
3759
4057
4057
3719
3830
3585
3586
3586
3586
3586
3585
3590
3479
3876
3876
3876
4503
4101
4101
4101
4101
4102
4097
3700
3700
3073
3073
3411
2869
2868
2873
2825
2501
2501
2612
2612
3014
3013
2715
2716
2711
2711
3009
2711
2600
2599
2197
2198
2198
2496
2496
2496
2741
2642
2643
2643
2616
3013
2769
2868
2867
3269
3896
3944
4188
4029
4034
3790
4332
4332
4332
3818
3818
4142
3740
3739
3691
3692
3295
3196
3195
3195
3709
3736
3895
3896
4007
3627
3085
3133
2809
2650
2894
2893
3052
3052
3449
3444
3449
3851
3851
4393
4393
4393
3851
3852
4176
4149
4149
4149
4149
4176
3932
3932
3927
3491
3491
3496
3491
3089
3333
3333
3174
3716
3174
3174
3174
3554
3653
4055
4055
3658
3658
3658
4200
4205
4206
4205
4200
4200
4205
4364
4265
4265
4265
3941
3696
3696
3696
3696
3398
3398
3399
3835
3497
3496
3496
3469
2927
2954
2954
3252
3225
3225
3225
3225
3470
3569
3907
3902
3902
4444
4445
4065
3906
3906
3906
3906
3807
3834
4214
3778
3777
3777
3532
3537
3538
3158
3157
3256
3256
2854
3234
3234
3636
3960
3955
3955
3844
3442
3118
3442
3687
4084
3687
3687
3307
3307
3418
3391
3788
3161
3563
3319
3208
3208
3208
3209
3161
3161
3597
3977
4004
4004
4631
4790
4393
4393
4393
4294
4393
4637
4610
4286
4187
4187
4187
4298
4298
4695
4450
4450
4455
4454
4343
3801
3801
3912
3912
3939
4184
4025
4124
4124
4123
4171
4171
4495
4495
4495
4495
4251
4252
3954
3954
4252
4247
4789
4794
5038
4939
4542
4542
4537
4510
3883
3883
3447
4074
4074
3532
3531
3532
3152
3179
2552
2553
2215
2104
2104
2646
2402
2402
2401
2402
2561
3188
3193
3629
3629
3624
3597
3935
3935
3962
4073
4073
4073
4073
4073
3749
3848
3848
3749
3749
4146
4146
4146
4146
4245
4245
3618
3623
3618
3618
4245
4569
4245
4625
4949
4625
4466
4471
4715
4874
4873
4873
4874
4630
4874
5198
5198
4818
4818
4574
4574
4574
4236
4236
4480
4480
4860
4701
4700
4700
4298
4250
4005
3978
3978
3879
3874
3875
3923
3922
3923
3679
4017
3637
3636
4038
4197
4038
4038
3524
3413
3793
4038
4043
3705
3460
3412
3412
3460
3619
3619
3646
3891
3567
3567
3567
3567
3891
3890
4134
4135
4136
3700
3811
3811
3810
3810
3811
3784
3783
3784
3779
3779
3878
3878
3554
3554
3559
3558
3559
4073
4073
4073
3828
3426
3426
3327
3572
3572
3974
4073
4072
4072
4099
4535
4873
5197
5196
4858
4831
4831
4832
4508
4264
3828
3780
4118
4117
4118
3576
4012
4012
4012
3674
3673
4215
4263
4263
4164
4164
4164
4164
4164
4053
4053
4053
4053
4053
4297
4053
4048
4000
4001
4002
4001
4001
4245
4272
3875
3875
3333
3333
3334
3334
3090
3090
3632
3090
2710
2715
2715
2715
2826
3223
3547
3547
3791
3786
3759
3759
3759
3357
3356
3356
3758
4300
4300
4399
3857
3905
3905
3905
3746
3745
3646
3322
3702
4026
4568
4026
4185
4074
4173
3737
3737
3737
3737
3110
2865
2865
2865
2541
2493
2493
2817
2519
2520
2956
2956
3294
3294
3836
3512
4139
3980
3980
3980
3980
3980
3438
3443
3438
3438
3438
3762
3382
3382
3680
3356
3356
3736
3735
3740
3741
3741
3986
3986
3472
3499
3499
3499
3255
3499
3494
3058
3494
3494
3493
3394
3394
3399
3399
3002
3002
3002
2975
3002
2622
2623
2623
1996
1969
2293
1969
1969
1969
2366
2366
2477
2478
2477
3019
3014
3394
3718
3817
3415
3415
3415
3420
3420
3420
3468
3468
3469
3469
3131
3131
3290
3804
3407
3163
3190
3185
3812
3811
3375
3375
3264
3263
3104
3540
3295
3295
3295
3633
3634
3633
3638
4040
4040
4040
4040
4040
3702
3697
3598
3842
4180
4577
4578
4578
4579
4690
4690
4690
4689
4689
4662
4662
4265
4662
4551
4307
4307
4307
4306
4306
4465
4564
4564
4809
4809
4412
4412
4439
4439
4439
4141
4141
4114
4066
4067
4067
3743
3363
3368
3666
3714
3709
3709
3953
3953
3953
3953
3953
4277
4657
4684
4248
4247
4247
3867
3867
4264
4264
4269
4269
3931
3931
3931
3932
3932
4270
4222
4333
4332
3818
4332
4008
4009
4389
4278
4602
4602
4601
4649
4649
4490
4490
4093
3849
4246
4246
4357
4358
3956
3956
4358
4358
4358
4331
4331
4331
4331
4331
4283
4283
4282
4037
4037
4037
4038
4283
3959
3579
3579
3579
3579
3580
4016
3502
3497
3497
3497
3877
3904
4148
4049
4049
4049
4049
4049
4049
4049
4049
4563
4562
4561
4562
4562
4661
4264
4661
4323
4323
4296
4296
4296
4634
4007
3763
3763
3763
4390
4634
4092
3848
3875
3875
3923
3923
3923
3923
4167
4167
4119
3683
3572
3473
3474
3798
3803
4239
4239
4287
4260
4016
4043
4043
4043
4043
4042
3797
3798
3957
3957
4202
4175
4016
4016
4043
4042
4015
4174
4174
3794
3905
3857
3559
3559
3314
3856
3856
3745
3203
3251
3793
4091
4091
4190
4217
4217
4217
4118
4119
4363
4363
4363
4363
4363
4363
4743
4346
4743
4743
4743
4743
4854
4806
4264
4264
4264
3828
3828
4264
4264
4237
4237
4237
4779
4827
4827
5072
5099
4775
4775
4748
4748
4748
4748
4748
4747
4449
4548
4548
4548
4548
4543
4570
4570
4570
4190
4190
4189
4078
3919
3920
3920
3378
3378
3378
3377
3377
3377
3377
3377
3133
2697
2670
2670
2670
3106
3486
3730
3841
3327
3228
3228
3228
3526
3527
4069
4583
4682
5006
5006
4895
5054
4730
4350
4350
4106
4106
4486
4486
4730
4730
4730
4730
4730
4730
4571
4571
4571
4570
4570
4570
4570
4681
4682
4682
4437
4437
4326
4327
4228
4228
4227
4386
4485
4485
4484
4082
3983
3983
4228
4327
4279
4279
4120
4121
4121
4280
3982
4280
4279
4034
4034
4034
4034
4358
4358
4469
4225
4252
4654
4543
4591
4591
4591
4591
4596
4707
4952
4853
4854
4854
4827
4926
4926
4925
4545
4143
4144
3985
3874
4118
4498
4497
4497
4497
3983
4010
4011
3984
3984
3984
3984
4386
4338
4386
4386
4386
4386
3950
4061
4497
4498
4498
4497
5011
5011
5170
5197
4953
4953
4953
4954
4795
4684
4684
4585
4584
4584
4584
4584
4584
4584
4148
4148
4307
3969
3969
3969
3970
3965
3965
3970
3646
3645
3644
3982
3982
3977
4413
4512
4214
4214
3700
3700
3700
3700
3944
3945
3786
3791
4115
4114
4066
4066
4066
4066
4580
4580
4739
4787
4390
4787
4542
4542
4542
4443
4554
4554
4799
4475
4137
4137
4137
4137
4137
4236
4209
4209
4210
4210
4205
4205
3691
3446
3446
3446
3347
3347
3374
2938
3452
3452
3451
3749
4185
3788
3789
4113
4112
4112
4450
4450
4451
4452
4457
4457
4457
4854
4227
4222
4222
4227
4227
3791
3786
3785
3388
3388
3388
3388
3340
3096
3096
3096
3101
3345
3345
3345
3345
2943
3345
3345
3318
3715
3715
3335
3335
3334
3175
3611
3611
3991
3986
4013
4112
4112
4112
4112
4357
3955
4582
4583
4339
4339
4741
4741
4714
4714
4714
4714
4172
4199
4199
4247
4247
4247
4136
4136
4141
4300
4300
4300
4300
4300
3976
3976
3976
3976
4300
4273
3893
3457
3456
3408
3844
3871
3872
3872
3872
4414
4658
4334
4036
4031
4355
4017
4397
4397
4402
4402
4513
4513
4508
4481
4481
4486
4327
4327
4328
4328
4328
4328
4328
4328
4083
4083
4083
3839
3998
4025
4025
4025
4363
4362
4607
4655
4655
4496
4496
4496
4495
4384
4384
4543
4543
4543
4543
4543
4444
4444
4444
4444
4555
4555
4555
4550
4551
4556
4556
4556
4555
4555
4507
4507
4507
4507
4502
4391
4396
4444
4106
3947
3947
4046
4041
4041
4042
4041
4046
4046
4047
4047
4047
4047
4047
4291
4292
4630
4630
4603
4504
4107
4107
4106
4106
4106
4101
4101
4101
3699
3699
3699
3704
3704
3703
3703
3379
3374
3473
3473
3797
3798
3256
3256
3415
3415
3415
3415
3415
3414
3415
3957
3798
3553
3950
3950
3570
3570
3815
3767
3926
3827
3832
3931
3958
3799
3794
3794
3695
3695
3695
3695
4097
4097
4097
4097
4097
4098
4098
4098
4098
4098
4071
4071
4230
4229
3602
3602
3713
3713
3714
4012
3767
3866
3866
4493
4492
4333
4360
4360
4249
4005
4006
4165
4276
4276
4520
4520
4520
4520
4520
4520
4525
4281
4281
4280
4280
4280
4525
4769
4769
4769
4769
4610
4610
4499
4610
4286
4286
4286
4281
4281
4281
4440
4445
4445
4769
4769
4770
4770
4659
4658
4658
4631
4631
4630
4630
4630
4306
4301
3963
3964
4288
4287
4314
4362
4362
4473
4473
4474
4474
4447
4474
4474
4812
4713
4469
4421
4421
4421
4801
4801
4421
4421
4421
4310
4310
4310
4310
4310
4315
4315
4315
4315
4310
4311
3914
4025
4030
4030
4030
4030
4029
4029
4029
3870
3843
3838
3838
3838
3838
3838
4235
4124
4223
4467
4467
4467
4472
4472
4373
4373
4373
4400
4156
3911
4010
3983
3983
3983
4142
4522
4521
4521
4197
4441
4103
4441
4441
4552
4553
4554
4554
4554
4256
4255
4255
4255
4579
4579
4468
4579
4580
4421
4719
4719
4719
4719
4719
4092
4092
4091
4139
4766
4766
4925
5170
5171
5171
5171
5171
4774
4774
4450
4450
4450
4351
4351
4351
4675
4774
4774
4769
4142
4142
4142
4142
4539
4539
4440
4539
5166
5165
5165
5165
5165
5165
5165
5165
5165
5166
4828
4828
4828
4717
4722
4478
4478
4478
4477
4815
4716
4716
4743
4842
4842
4842
4842
4445
4440
4281
4280
4281
3943
3895
3895
3895
3868
3868
3868
4265
4264
4602
4602
4602
4761
4662
4906
4911
4938
4933
4933
4906
4906
4911
4514
4514
4515
4515
4515
4542
4541
4541
4541
4541
4541
4541
4541
4541
4541
4542
4542
4542
4542
4542
4542
4515
4356
4357
4352
4463
4463
4463
4462
4462
4621
4621
4621
4621
4621
4462
4462
4462
4489
4489
4489
4488
4108
4113
4493
4493
4493
4493
4493
4493
4493
4493
4592
4592
4587
4588
4588
4588
4589
4265
4154
4478
4478
4478
4478
4637
4636
4636
4537
4537
4636
4256
3918
3918
3918
4298
4695
4700
4320
4320
4221
4601
4601
4712
4707
4707
4707
4707
4707
4707
4707
4707
4707
4707
4680
4680
4680
4680
4728
5066
5067
5067
5067
5066
5065
4954
4954
4954
4954
4954
4954
4955
4955
4955
4955
4955
4955
4907
4907
4663
4711
4169
4169
4169
4169
4711
4716
4960
4960
4960
4801
4801
4828
4823
4309
4823
4309
4309
4309
4309
4309
4308
4822
4822
4921
4921
4922
4922
5033
4491
4392
4393
4393
4392
4392
4392
4934
4934
4934
4596
4596
4597
4597
4597
4696
4696
4648
4648
4647
4620
4668
4673
4625
4625
4673
4672
4672
4428
4031
4031
3932
3932
3530
3927
3927
3927
3816
3816
3816
3927
3927
4265
4265
4265
4266
4265
4260
4504
4393
4393
4393
4393
4393
4393
4055
3811
3811
3816
3816
3975
4002
4002
4404
4405
4378
4378
4622
4622
4733
4832
4832
4832
4832
4832
4832
4832
4733
4832
4784
4784
4685
4685
4685
4686
4713
4713
4712
4711
4711
4712
4712
4712
4712
4276
4276
4324
4324
4324
4319
4319
4319
4075
4075
4174
4174
4174
3929
3929
3902
3854
4099
4147
4583
4583
4921
4921
4921
4948
4948
4948
4953
4948
4789
4789
4678
4789
4789
4789
4789
4678
4678
4683
4683
4635
4635
4635
4635
4536
4531
4531
4286
4286
4287
4531
4530
4530
4530
4530
4530
4530
4530
4530
4689
4689
4737
4742
4743
4743
4738
4743
4738
4737
4439
4438
4438
4438
4736
4736
4737
4737
4736
4736
4736
4736
4492
4736
4981
4981
4981
4981
4981
4981
4981
4981
4981
4954
4955
4955
4955
4955
4960
5071
5071
5071
5072
5072
4827
4827
4716
4716
4716
4716
4716
4716
4815
4842
4953
4953
4655
4655
4655
4654
4654
4899
4899
4851
4850
4823
4823
4823
4823
4823
4871
4871
4871
4898
4898
4898
4799
4799
5097
5097
5098
5098
5050
5050
4891
4891
4891
4891
4780
4828
4823
4823
4823
4934
4934
4933
4885
4547
4548
4548
4548
4548
4707
4707
4707
4707
4707
4707
4707
4707
4680
4728
4728
4728
4728
4728
4728
4728
4728
4680
4728
4728
4755
4755
4755
4756
4756
4242
4242
4242
4194
4035
4194
4532
4631
4631
4630
4635
4635
4635
5149
5149
5149
4811
5149
5149
4905
4953
4905
5149
5038
5038
5038
5038
5086
5086
5086
5087
5087
5087
5087
5087
4545
4545
4497
4545
4545
4545
4545
4545
4545
4545
4247
4246
4357
4309
4309
4150
4150
4149
4149
4149
4149
4122
4123
4123
4123
4282
4309
4357
4357
4357
4655
4655
4655
4655
4141
4136
4088
4088
4088
4087
4087
4087
4088
4089
4089
4089
4137
4137
4136
4136
4678
4678
4678
4678
4683
4656
5170
5071
5071
4733
4733
4733
4760
4760
4755
4754
4706
5044
5044
5045
5050
5050
5050
5050
5050
5050
5045
5045
4643
4616
5018
5018
5018
5023
5023
5071
5071
5066
4907
4908
4664
4664
4664
4664
4664
4908
4908
4907
4908
5067
5072
5071
5071
4773
4773
4772
4772
4772
4799
4799
4799
5097
5097
5049
5049
5049
5148
4712
4601
4596
4596
4596
4644
4644
4644
4644
4644
4644
4644
4320
4320
4320
4161
4062
4062
4161
4161
4161
4134
4570
4570
4570
4570
4570
4729
4729
4630
4630
4630
4635
4630
4630
4630
4657
4657
4657
4662
4986
4986
5097
5049
5044
5044
5044
5143
5143
5143
5032
5032
5032
5032
5032
5032
5032
5032
5032
5032
5032
5032
5032
5032
5143
5143
5191
5191
4853
4853
4853
4853
4853
4853
4853
4853
4853
4853
4858
4853
5191
5191
4893
4491
4496
4469
4469
4470
4470
4471
4471
4471
4423
4423
4423
4418
4418
4418
4418
4418
4418
4418
4418
4418
4466
4466
4465
4465
4465
4306
4465
4465
4465
4464
4464
4464
4464
4365
4464
4465
4465
4465
4465
4867
4867
4868
4868
4868
4868
4895
4895
4895
4895
4894
4846
4846
4846
4846
4851
4752
4751
4724
4725
4725
4725
4725
4725
4401
4401
4401
4428
4427
4428
4726
4726
4726
4726
4699
4699
4698
4698
4698
4698
5022
5121
5121
5121
5121
5121
4724
4724
4724
4724
4724
4724
4725
4614
4725
4725
4725
4752
4753
4753
4753
4726
4725
4725
4725
4725
4725
4725
4725
4725
4725
4725
4725
4773
4773
4725
4725
4725
4725
4724
4719
4719
4720
4719
4719
4719
4746
4746
4746
4746
5143
5143
5148
5148
5148
5148
5148
5148
5148
5148
5148
5148
5148
5121
5169
5169
5169
5169
5169
5169
5121
5148
5148
5148
5148
5037
5037
5037
5037
5037
5148
4746
4746
4747
4747
4747
4742
4742
4742
4742
4742
4742
4742
4742
4742
4643
4643
4643
4643
4643
4643
4691
4691
4691
4691
4691
4692
4644
4649
4649
4649
4648
4648
4648
4648
4648
4648
4648
4696
4696
4696
4696
4696
4696
4695
4695
4695
4584
4584
4584
4557
4584
4584
4584
4585
4696
4696
4697
4453
4452
4404
4404
4403
4403
4403
4647
5049
5022
5022
5022
5022
5022
5022
5023
5122
5122
5122
5122
5122
5121
5148
5148
5148
5143
5143
5143
5116
5116
5164
5164
5191
5191
5191
5191
5191
5191
5191
5191
5191
5191
5191
5191
5191
5191
5196
5197
5197
5170
5170
5165
5117
5117
5118
5118
5118
5118
5118
5123
5123
5123
5024
5024
5024
5019
5019
5019
5019
5019
5019
5019
5019
5024
5024
5123
5150
5150
5149
5149
5149
5149
5149
5050
5050
5050
5049
5049
5148
5149
5149
5149
5149
5150
5149
5148
5148
5148
5148
5148
4824
4824
5148
5196
5097
5070
5070
4772
4613
4608
4497
4497
4524
4524
4529
4529
4481
4454
4454
4502
4257
4502
4502
4800
4800
4827
4822
4933
4938
4938
4938
4938
4938
4938
4938
5037
5037
4938
4938
4911
5010
5010
5010
5010
4962
5010
5010
5010
5011
4912
4285
4285
4284
4236
4236
4236
4231
4231
4330
4330
4330
4489
4489
4489
4537
4538
4538
4490
4490
4490
4517
4517
4516
4516
4521
4569
4569
4570
4543
4543
4543
4544
4544
4544
4544
4539
4539
5166
5166
5171
5171
5171
5171
5171
5060
4961
4960
5059
5059
5059
5059
5086
5197
5197
5197
5197
5197
5197
5197
5196
5196
5196
5196
5196
5196
5196
5196
5196
5196
5196
5196
5196
5196
5196
5196
5196
5191
5196
5097
5097
5097
5097
5097
5098
5050
5149
5148
5148
5148
5196
5196
5196
5196
5197
5038
5038
5038
5038
5038
5038
5038
5039
5198
5198
5197
5196
5196
5196
5196
5196
5191
5191
5191
5192
5193
5193
5193
5193
5193
5193
5192
5192
5192
5192
5192
5192
5192
5192
5192
5192
5197
5197
5197
5196
5196
5196
5196
5196
5148
5148
5148
5149
5149
5149
5149
5149
5149
5149
5149
5149
5038
5038
5038
5038
5038
4939
4939
4939
4939
4939
5038
5038
5038
5038
5038
5038
5033
5033
5033
5033
4653
5033
5081
5054
5054
5054
5054
5054
5054
5054
5006
5006
5005
5005
5005
5005
5005
5005
5005
5005
5005
5005
5010
5010
5010
5011
5011
5011
5011
5011
5038
5038
5149
5149
5144
5144
5144
5144
5144
5144
5144
5144
5144
5149
5149
5197
5197
5197
5197
5197
5197
5198
5198
5198
5198
5198
5198
5198
5198
5198
5150
5150
5150
4905
4900
4900
4900
4900
4900
4900
4900
4899
4898
4898
4898
4898
4898
4898
4898
4898
5143
5143
5144
5143
5143
5143
5143
5144
5192
5093
5093
5093
5093
5093
5093
5093
5093
5093
5093
5093
5093
5098
5098
5098
5098
5098
4987
4987
4828
4828
4828
4828
4828
4828
4828
4828
4939
4939
5038
5038
5038
5038
5033
5033
5038
5038
5033
5033
5038
5038
5038
5038
5033
5033
5033
5033
5038
5033
5038
5033
5006
5006
5006
5007
5007
5007
5007
5007
5007
5007
4896
4896
4923
4923
4923
4928
5039
5039
5039
5039
5039
5039
5038
5038
4990
4990
4990
4990
5038
5197
5197
5197
5197
5197
5196
5196
5197
5197
5197
5198
5198
5198
5198
5198
4953
4905
4904
4904
4904
4904
4904
4904
4793
4793
4793
4495
4495
4468
4463
4463
4463
4463
4464
4464
4469
4469
4469
4496
4496
4495
4494
4494
4495
4336
4336
4336
4336
4336
4336
4336
4336
4336
4336
4336
4336
4336
4331
4331
4331
4331
4331
4629
4628
4628
4628
4873
4873
4873
4846
4847
4847
4847
4847
4847
4958
4958
4957
4957
4957
4957
4858
4885
4885
4858
4859
4614
4614
4662
4662
4662
4662
4662
4662
4662
4662
4761
4761
4761
4761
4761
4761
4761
4761
4761
4761
4761
4761
4760
4919
4920
4920
4920
4920
4920
4920
4925
4925
4925
4924
4924
4925
4925
4924
4876
4877
4872
4872
4872
4872
4872
4872
4872
4872
4872
5117
5165
5165
5165
5165
5165
5170
5170
5170
5170
5170
5170
5170
5170
5165
4920
4920
4920
4919
4919
4760
4760
4760
4760
4760
4760
4760
4760
4760
4760
4760
4760
5005
5005
5005
5032
5032
5032
5032
4921
5032
4984
4984
4984
5143
5044
5044
5044
4933
4981
4981
4981
4981
4981
4981
4982
4982
4982
4982
4982
4982
5081
5081
5081
5081
5082
5055
5055
5054
5054
5054
5054
5081
5081
5081
5081
5081
5081
5033
5033
5081
5081
5054
5054
5054
5165
5165
5165
5165
5165
5165
5165
5164
5164
5164
5165
5192
5192
5192
5192
5192
5192
5192
5192
5192
5192
5192
5192
5192
5192
5192
5093
5092
5092
5092
5092
5092
5092
5065
5164
5164
5164
5164
5164
5165
5165
5164
5164
5165
5165
5165
5166
5166
5166
5166
5166
5166
5166
5166
5165
5165
5165
5165
5165
5165
5165
5170
5165
5165
5170
5170
5170
5170
5011
5011
5011
5010
5010
5010
5010
5010
5169
5169
5169
5169
5169
5170
5170
5071
5170
5122
5121
5121
5121
5121
5122
5122
5122
5122
5122
5122
5117
5117
5144
5145
5145
5144
5045
4934
4934
4933
4933
4933
5032
5032
5032
5032
5032
5032
5143
5143
5143
5143
5143
5143
5143
5148
5148
5143
5191
5191
5191
5191
5192
5192
5192
5192
5192
5192
5192
5192
5192
5192
5192
5192
4947
5192
5192
5192
5192
5192
5192
5192
5191
5191
5191
5191
5191
5191
5191
5191
5191
5191
5191
5191
5191
5191
5191
5191
5164
5164
5164
5164
5164
5191
5191
5192
5192
5192
5192
5192
5192
5192
5192
5191
5191
5191
5191
5032
5037
5196
5196
5196
5169
5164
5164
5165
5165
5165
5006
5033
5033
5038
5038
5038
5039
5039
5039
5039
5039
5039
5039
5039
5038
5011
5011
5011
5011
5011
5011
5011
5011
5170
5170
5170
5169
5196
5197
5197
5197
5197
5197
5197
5197
5197
5197
5197
5197
5196
5196
5196
5196
5196
5196
5196
5196
5196
5196
5197
5197
5197
5197
5197
5197
5197
5197
5197
5196
5196
5196
5197
5197
5197
5197
5198
5198
5198
5198
5198
5198
5198
5198
5171
5171
5171
5171
5171
5171
5171
5171
5171
5171
5198
5198
5198
5198
5198
5198
5198
5198
5198
5198
5198
5198
5198
5198
5198
5198
5198
5193
5193
5198
5198
5198
5198
5198
5198
5198
5198
5198
5198
5198
5193
5193
5193
5193
5193
5192
5192
5192
5192
5192
5193
5193
5193
5145
5145
5046
5046
5145
5145
5144
5149
5149
5144
5144
5144
5144
5144
5143
5191
5191
5191
5191
5191
5191
5191
5191
5080
5080
5191
5191
5191
5191
5143
5143
5143
5143
5143
5143
5143
5143
5143
5143
5143
5143
5143
5143
5148
5148
5121
5121
5121
5122
5149
5149
5150
5145
5144
5144
5144
5144
5143
5143
5143
5143
5143
5143
5143
5143
5143
5143
5143
5143
5191
5191
5191
5191
5192
5192
5192
5192
5192
5192
5192
5192
5192
5192
5191
5191
5191
5191
5191
5143
5143
5143
5143
5143
5143
5143
5143
5143
5143
5143
5143
5143
5143
5143
5143
5143
5143
5143
5143
5143
5143
5143
5143
5143
5143
5143
5143
5143
5143
5148
5148
5148
5148
5149
5149
5149
5149
5149
5149
5148
5148
5196
5196
5196
5196
5196
5196
5196
5196
5196
5196
5196
5196
5196
5196
5196
5196
5196
5196
5196
5196
5196
5196
5196
5196
5196
5196
5196
5191
5196
5097
5097
5097
5097
5097
5097
5196
5196
5196
5196
5196
5196
5196
5196
5196
5196
5197
5197
5197
5197
5197
5197
5197
5170
5170
5170
5170
5170
5170
5170
5197
5197
5196
5197
5197
5197
5197
5197
5192
5192
5191
5192
5192
5165
5165
5170
5170
5170
5170
5170
5170
5197
5197
5197
5197
5197
5197
5197
5197
5197
5170
5169
5169
5169
5169
5169
5169
5169
5169
5170
5170
5170
5170
5170
5170
5170
5170
5170
5170
5169
5169
5169
5169
5169
5169
5169
5121
5121
5116
5116
5116
5117
5117
5117
5117
5165
5165
5165
5165
5165
5165
5170
5170
5170
5171
5166
5166
5166
5166
5166
5166
5166
5166
5166
5166
5166
5166
5193
5193
5193
5193
5193
5193
5193
5193
5193
5192
5192
5192
5192
5197
5197
5197
5197
5197
5197
5197
5197
5197
5197
5197
5197
5192
5192
5192
5192
5192
5191
5191
5191
5191
5191
5191
5191
5191
5191
5191
5191
5191
5191
5191
5191
5191
5191
5191
5191
5192
5192
5192
5192
5192
5191
5191
5191
5191
5191
5191
5191
5191
5191
5191
5080
5081
5081
5080
5080
5081
5081
5081
5081
5081
5081
5081
5081
5081
5033
5033
5033
5032
5033
5033
5144
5149
5197
5197
5197
5198
5198
5198
5198
5198
5198
5198
5198
5198
5198
5198
5198
5193
5145
5118
5118
5118
5118
5166
5166
5166
5165
5165
5166
5166
5166
5166
5165
5166
5166
5165
5165
5165
5164
5164
5165
5165
5165
5165
5165
5165
5165
5165
5165
5164
5164
5164
5164
5164
5164
5164
5169
5170
5170
5170
5197
5197
5197
5197
5197
5197
5197
5196
5196
5196
5197
5192
5192
5192
5192
5192
5192
5192
5192
5192
5192
5192
5192
5192
5192
5192
5192
5192
5144
5144
5143
5143
5143
5148
5148
5148
5148
5148
5148
5149
5144
5144
5144
5144
5143
5144
5144
5144
5144
5144
5144
5144
5144
5145
5144
5144
5144
5144
5143
5143
5143
5143
5143
5148
5149
5197
5197
5192
5192
5192
5192
5192
5193
5192
5191
5191
5191
5191
5164
5164
5164
5164
5164
5164
5165
5165
5117
5117
5117
5117
5117
5117
5117
5118
5145
5144
5144
5144
5144
5144
5144
5144
5149
5149
5149
5144
5144
5144
5144
5144
5144
5144
5144
5144
5144
5192
5165
5164
5164
5165
5164
5164
5164
5164
5164
5164
5164
5191
5191
5192
5192
5192
5192
5192
5192
5192
5192
5192
5192
5192
5192
5192
5144
5144
5144
5149
5149
5149
5149
5149
5149
5149
5150
5150
5150
5150
5150
5150
5150
5145
5145
5144
5144
5144
5144
5144
5144
5149
5149
5148
5148
5148
5149
5149
5149
5149
5149
5149
5149
5149
5149
5149
5149
5149
5122
5122
5122
5121
5121
5121
5121
5121
5121
5121
5121
5121
5121
5121
5121
5121
5121
5121
5121
5121
5121
5121
5169
5169
5169
5169
5169
5196
5197
5197
5197
5196
5196
5196
5196
5196
5197
5197
5197
5196
5196
5197
5192
5192
5192
5192
5192
5192
5192
5192
5192
5192
5192
5192
5192
5192
5192
5197
5192
5192
5193
5193
5198
5198
5198
5198
5198
5198
5198
5171
5170
5170
5171
5170
5169
5121
5169
5169
5169
5169
5169
5169
5196
5148
5148
5149
5149
5149
5149
5144
5144
5192
5192
5192
5192
5192
5192
5192
5192
5192
5192
5192
5197
5197
5197
5197
5197
5197
5197
5197
5197
5197
5197
5192
5192
5192
5192
5192
5192
5192
5197
5198
5198
5198
5197
5197
5196
5196
5196
5196
5196
5196
5196
5196
5191
5191
5191
5191
5191
5191
5192
5192
5193
5193
5193
5192
5192
5192
5192
5192
5192
5192
5192
5192
5191
5191
5191
5191
5191
5196
5196
5197
5197
5198
5198
5198
5198
5198
5099
5198
5198
5198
5197
5197
5197
5197
5197
5196
5196
5196
5196
5196
5196
5191
5164
5164
5164
5053
5080
5080
5085
5085
5085
5085
5086
5086
5086
5086
5086
5086
5086
5087
5087
5087
5087
5087
5087
5087
5087
5086
5086
5086
5086
5086
5086
5086
5086
5086
5086
5086
5086
5086
5086
5086
5086
5086
5086
5086
5086
5086
5086
5086
5086
5086
5086
5197
5197
5197
5197
5197
5192
5193
5193
5193
5193
5193
5193
5193
5193
5192
5192
5192
5192
5192
5192
5192
5192
5192
5191
5191
5191
5191
5191
5191
5191
5191
5191
5191
5191
5191
5191
5191
5191
5191
5191
5191
5191
5164
5164
5164
5164
5164
5191
5192
5191
5191
5192
5192
5192
5192
5192
5192
5192
5192
5191
5191
5191
5191
5191
5191
5191
5191
5191
5191
5191
5191
5191
5191
5191
5192
5192
5192
5192
5192
5192
5191
5191
5191
5191
5164
5164
5164
5164
5164
5164
5164
5164
5164
5191
5191
5192
5192
5192
5192
5197
5197
5197
5197
5198
5198
5198
5197
5197
5197
5197
5197
5197
5197
5197
5197
5197
5197
5197
5196
5196
5196
5196
5169
5169
5170
5197
5197
5197
5197
5197
5197
5197
5197
5197
5197
5197
5197
5197
5197
5196
5196
5196
5196
5196
5196
5196
5196
5196
5196
5196
5196
5196
5196
5196
5196
5196
5196
5196
5196
5196
5197
5197
5197
5197
5197
5197
5197
5197
5197
5197
5197
5197
5197
5197
5197
5196
5196
5196
5196
5196
5196
5196
5196
5197
5197
5197
5197
5197
5197
5197
5197
5197
5198
5198
5198
5198
5150
5150
5150
5150
5123
5171
5171
5171
5171
5171
5171
5166
5166
5165
5165
5165
5165
5165
5192
5192
5193
5193
5193
5193
5193
5198
5198
5197
5197
5192
5192
5192
5192
5193
5193
5193
5193
5193
5193
5193
5193
5193
5193
5198
5198
5198
5198
5198
5198
5198
5198
5198
5198
5198
5198
5198
5198
5197
5198
5197
5197
5197
5197
5197
5197
5197
5197
5197
5196
5196
5196
5197
5197
5197
5197
5197
5197
5197
5196
5196
5196
5197
5198
5198
5198
5198
5198
5198
5198
5198
5198
5197
5197
5197
5197
5197
5149
5150
5150
5150
5150
5150
5149
5149
5149
5149
5149
5149
5144
5192
5192
5197
5196
5196
5196
5196
5196
5196
5196
5196
5196
5196
5196
5196
5196
5196
5196
5169
5169
5170
5171
5171
5171
5171
5171
5171
5171
5171
5171
5198
5198
5198
5198
5193
5192
5192
5192
5192
5192
5192
5192
5192
5192
5192
5191
5191
5191
5191
5191
5191
5191
5191
5191
5191
5191
5191
5191
5191
5191
5191
5191
5191
5191
5191
5191
5191
5191
5191
5191
5191
5191
5191
5191
5191
5191
5191
5191
5191
5191
5191
5191
5191
5191
5191
5191
5191
5191
5191
5192
5192
5192
5192
5192
5192
5165
5165
5165
5170
5170
5170
5170
5169
5169
5169
5169
5169
5169
5169
5169
5170
5169
5169
5169
5169
5170
5170
5170
5170
5170
5170
5170
5170
5170
5170
5170
5170
5170
5170
5170
5170
5170
5170
5170
5170
5170
5170
5170
5170
5170
5165
5165
5165
5192
5192
5192
5193
5193
5192
5192
5192
5192
5192
5192
5192
5192
5192
5197
5197
5197
5197
5197
5196
5196
5196
5196
5196
5196
5196
5196
5196
5197
5197
5197
5197
5197
5197
5197
5197
5170
5170
5165
5165
5170
5170
5171
5171
5171
5171
5171
5171
5166
5165
5165
5164
5164
5191
5191
5191
5191
5191
5191
5191
5191
5191
5191
5191
5191
5191
5191
5191
5192
5192
5192
5192
5192
5193
5193
5193
5193
5192
5192
5192
5192
5197
5197
5197
5197
5197
5197
5192
5192
5192
5192
5197
5197
5198
5171
5171
5170
5197
5196
5196
5169
5169
5169
5169
5169
5169
5196
5196
5196
5196
5196
5196
5196
5196
5196
5196
5196
5196
5196
5196
5196
5196
5196
5196
5196
5196
5196
5196
5196
5197
5197
5197
5197
5197
5197
5197
5197
5197
5198
5198
5197
5197
5197
5198
5198
5198
5198
5197
5197
5197
5197
5197
5197
5192
5192
5192
5192
5192
5192
5192
5192
5193
5193
5193
5192
5144
5144
5144
5144
5144
5143
5143
5143
5143
5144
5143
5143
5148
5148
5148
5148
5148
5148
5143
5143
5148
5148
5148
5148
5148
5149
5149
5149
5149
5197
5197
5197
5197
5197
5197
5197
5197
5198
5198
5197
5197
5198
5198
5198
5198
5198
5193
5192
5192
5192
5192
5192
5197
5197
5197
5196
5196
5196
5197
5197
5197
5197
5197
5197
5197
5197
5197
5197
5198
5198
5198
5198
5198
5198
5198
5197
5197
5197
5197
5197
5197
5197
5197
5197
5197
5198
5198
5198
5198
5198
5198
5198
5198
5198
5198
5198
5198
5193
5193
5193
5193
5192
5192
5192
5192
5192
5192
5192
5193
5192
5192
5192
5192
5192
5192
5197
5197
5197
5192
5192
5192
5192
5192
5192
5193
5193
5193
5193
5192
5192
5192
5192
5192
5192
5192
5191
5191
5191
5191
5191
5191
5191
5191
5191
5191
5191
5192
5144
5144
5117
5117
5117
5117
5117
5117
5117
5117
5117
5117
5117
5116
5116
5116
5117
5117
5117
5117
5122
5122
5122
5122
5122
5122
5122
5122
5149
5149
5149
5149
5149
5149
5149
5149
5149
5149
5149
5149
5149
5149
5150
5150
5150
5150
5150
5150
5150
5150
5150
5150
5150
5149
5122
5122
5122
5117
5117
5144
5144
5149
5149
5149
5197
5192
5191
5191
5191
5191
5192
5193
5193
5193
5193
5193
5193
5193
5198
5198
5198
5198
5198
5198
5198
5198
5197
5197
5197
5197
5197
5197
5197
5192
5192
5192
5192
5192
5192
5192
5192
5192
5165
5165
5165
5165
5165
5165
5165
5165
5165
5165
5165
5165
5165
5166
5166
5166
5166
5166
5166
5165
5166
5166
5166
5166
5166
5166
5166
5166
5166
5166
5166
5165
5165
5164
5164
5164
5164
5165
5165
5165
5165
5165
5165
5165
5192
5192
5191
5191
5196
5196
5196
5196
5196
5196
5196
5196
5196
5196
5196
5196
5196
5196
5196
5196
5196
5196
5196
5196
5196
5196
5196
5196
5196
5196
5196
5196
5196
5196
5196
5196
5196
5196
5197
5197
5197
5197
5197
5197
5197
5197
5196
5196
5196
5191
5191
5191
5191
5192
5192
5192
5192
5193
5193
5193
5193
5193
5193
5193
5193
5193
5193
5193
5193
5193
5193
5145
5145
5145
5150
5150
5150
5150
5150
5150
5150
5150
5149
5150
5150
5150
5150
5150
5150
5150
5150
5150
5150
5150
5150
5150
5150
5150
5150
5150
5150
5150
5150
5150
5150
5150
5150
5150
5150
5149
5149
5149
5149
5149
5149
5149
5149
5149
5149
5149
5149
5149
5149
5149
5149
5149
5149
5149
5149
5149
5150
5150
5150
5150
5150
5150
5149
5149
5149
5149
5149
5149
5149
5149
5149
5149
5149
5149
5149
5149
5148
5148
5148
5148
5149
5149
5149
5149
5149
5150
5150
5150
5150
5150
5198
5198
5198
5198
5198
5198
5198
5198
5198
5198
5198
5198
5193
5193
5193
5193
5193
5166
5171
5171
5171
5171
5171
5171
5171
5170
5170
5169
5196
5197
5198
5198
5198
5198
5198
5197
5197
5196
5196
5196
5196
5197
5197
5197
5197
5197
5197
5197
5197
5197
5197
5197
5197
5192
5192
5192
5192
5192
5192
5192
5192
5192
5192
5192
5192
5192
5192
5192
5192
5192
5192
5192
5192
5192
5193
5193
5193
5192
5192
5192
5165
5165
5166
5166
5166
5166
5166
5166
5193
5193
5193
5193
5193
5193
5193
5193
5193
5192
5192
5193
5193
5193
5193
5198
5198
5198
5198
5198
5198
5193
5193
5193
5193
5193
5193
5192
5192
5192
5192
5192
5192
5193
5193
5193
5193
5193
5192
5192
5197
5197
5197
5197
5197
5197
5197
5196
5196
5196
5196
5196
5196
5196
5191
5191
5191
5191
5191
5191
5191
5192
5192
5192
5192
5192
5192
5192
5192
5191
5191
5191
5191
5191
5191
5191
5192
5192
5192
5192
5192
5192
5192
5197
5197
5197
5197
5196
5196
5196
5196
5197
5196
5196
5197
5197
5197
5197
5197
5197
5197
5197
5198
5198
5198
5198
5198
5198
5198
5198
5198
5198
5198
5198
5198
5198
5198
5197
5197
5197
5197
5198
5197
5196
5196
5196
5196
5196
5191
5191
5196
5196
5196
5196
5196
5196
5196
5196
5196
5196
5196
5196
5196
5196
5196
5196
5196
5191
5191
5191
5191
5191
5191
5191
5191
5191
5191
5191
5196
5196
5196
5196
5197
5192
5197
5197
5197
5197
5197
5197
5197
5197
5197
5197
5197
5197
5197
5196
5196
5196
5196
5196
5196
5196
5196
5197
5197
5197
5196
5196
5196
5196
5196
5196
5196
5196
5196
5196
5196
5196
5197
5197
5198
5198
5198
5198
5198
5198
5198
5198
5198
5197
5197
5197
5197
5198
5197
5197
5197
5197
5197
5197
5192
5197
5197
5197
5197
5197
5197
5197
5197
5198
5193
5193
5192
5192
5192
5192
5192
5192
5192
5192
5192
5192
5192
5192
5192
5192
5192
5192
5192
5192
5192
5192
5191
5164
5164
5164
5164
5164
5164
5164
5169
5196
5196
5196
5196
5196
5196
5196
5196
5196
5196
5196
5196
5196
5196
5196
5196
5196
5197
5197
5197
5197
5197
5197
5197
5197
5198
5198
5198
5198
5198
5198
5197
5197
5197
5197
5197
5197
5198
5198
5198
5197
5197
5197
5197
5197
5197
5197
5197
5197
5197
5197
5197
5197
5197
5197
5198
5198
5198
5198
5198
5197
5197
5197
5197
5197
5197
5197
5197
5197
5198
5198
5198
5198
5198
5198
5198
5198
5198
5197
5197
5197
5196
5191
5191
5191
5192
5197
5197
5197
5197
5197
5197
5197
5198
5198
5198
5198
5198
5198
5197
5197
5197
5197
5197
5197
5197
5197
5197
5196
5196
5196
5196
5196
5196
5196
5196
5191
5191
5191
5191
5191
5191
5191
5191
5191
5191
5191
5191
5191
5192
5192
5192
5165
5166
5193
5193
5193
5193
5192
5192
5192
5192
5192
5192
5192
5192
5197
5197
5197
5197
5198
5198
5197
5197
5197
5197
5192
5192
5192
5192
5192
5192
5192
5192
5192
5192
5192
5192
5192
5192
5192
5192
5192
5192
5192
5192
5192
5191
5192
5192
5192
5192
5192
5192
5192
5192
5192
5165
5165
5165
5165
5170
5171
5198
5198
5198
5198
5198
5198
5197
5197
5197
5197
5197
5197
5197
5197
5197
5196
5197
5197
5197
5197
5197
5197
5197
5197
5197
5197
5196
5197
5197
5197
5197
5197
5197
5197
5197
5198
5198
5198
5198
5198
5198
5198
5198
5198
5198
5198
5198
5198
5198
5198
5198
5198
5197
5196
5196
5196
5196
5196
5196
5196
5197
5197
5197
5197
5197
5197
5197
5198
5197
5197
5197
5197
5197
5197
5197
5198
5198
5197
5197
5197
5197
5197
5197
5197
5197
5197
5197
5198
5198
5198
5198
5198
5198
5198
5198
5197
5197
5197
5197
5197
5197
5192
5192
5197
5197
5197
5197
5197
5198
5198
5198
5198
5197
5197
5197
5197
5197
5197
5197
5197
5197
5197
5197
5197
5197
5197
5197
5197
5197
5197
5197
5197
5197
5197
5196
5196
5196
5197
5197
5198
5198
5198
5197
5197
5197
5197
5198
5198
5198
5198
5197
5197
5197
5197
5196
5196
5197
5197
5197
5197
5197
5197
5197
5197
5197
5197
5197
5197
5197
5197
5197
5197
5197
5197
5197
5197
5197
5197
5197
5197
5197
5197
5197
5197
5197
5197
5197
5197
5197
5198
5198
5198
5198
5198
5198
5197
5197
5197
5197
5197
5197
5197
5197
5197
5197
5197
5197
5197
5197
5197
5192
5192
5192
5191
5191
5191
5191
5191
5192
5192
5192
5192
5192
5192
5192
5192
5192
5192
5192
5197
5197
5197
5198
5198
5198
5198
5198
5198
5198
5198
5198
5198
5198
5198
5198
5198
5197
5197
5197
5197
5197
5197
5197
5197
5197
5197
5197
5197
5197
5197
5197
5197
5197
5197
5197
5197
5197
5197
5197
5197
5197
5197
5197
5197
5197
5197
5197
5197
5197
5197
5197
5197
5197
5197
5197
5197
5197
5197
5197
5197
5197
5197
5197
5196
5196
5191
5191
5196
5196
5196
5196
5196
5196
5196
5196
5196
5196
5196
5196
5196
5196
5196
5196
5196
5196
5196
5196
5196
5196
5196
5196
5196
5196
5196
5196
5197
5198
5198
5198
5198
5197
5197
5197
5197
5197
5197
5197
5197
5197
5197
5197
5196
5196
5196
5196
5197
5197
5197
5197
5197
5197
5197
5192
5192
5192
5192
5192
5193
5193
5193
5193
5193
5193
5193
5193
5193
5193
5193
5193
5193
5198
5198
5198
5197
5197
5197
5197
5197
5197
5197
5197
5197
5197
5197
5197
5197
5197
5197
5197
5197
5197
5197
5197
5197
5196
5196
5196
5196
5196
5196
5196
5196
5196
5196
5196
5196
5196
5196
5196
5197
5197
5197
5198
5198
5198
5198
5198
5198
5198
5197
5197
5197
5192
5192
5192
5192
5192
5192
5192
5192
5192
5192
5192
5192
5192
5192
5191
5191
5191
5191
5191
5191
5191
5192
5192
5192
5192
5192
5192
5192
5192
5192
5192
5192
5193
5193
5193
5193
5193
5193
5193
5193
5193
5193
5193
5193
5193
5193
5193
5193
5193
5193
5193
5193
5193
5198
5198
5198
5198
5198
5198
5198
5198
5197
5197
5197
5197
5197
5198
5198
5198
5198
5198
5197
5197
5197
5197
5197
5197
5197
5197
5197
5197
5198
5198
5198
5198
5198
5198
5198
5197
5197
5197
5197
5197
5197
5197
5197
5197
5197
5197
5197
5197
5197
5197
5197
5197
5197
5196
5196
5196
5196
5196
5196
5197
5197
5197
5197
5197
5197
5197
5197
5197
5197
5197
5197
5197
5197
5197
5197
5197
5196
5196
5191
5191
5191
5191
5191
5191
5191
5191
5191
5191
5191
5191
5196
5196
5196
5196
5196
5196
5196
5196
5197
5197
5197
5197
5197
5197
5197
5197
5197
5197
5197
5197
5197
5197
5197
5197
5197
5197
5197
5197
5197
5197
5197
5197
5197
5197
5197
5198
5198
5198
5198
5198
5198
5198
5197
5197
5197
5197
5197
5197
5197
5197
5197
5197
5197
5197
5197
5197
5197
5197
5197
5197
5197
5197
5197
5197
5197
5197
5197
5197
5197
5192
5192
5192
5193
5193
5193
5193
5198
5198
5198
5198
5198
5198
5198
5198
5198
5198
5193
5193
5193
5192
5192
5193
5193
5193
5193
5193
5193
5193
5193
5193
5193
5193
5192
5192
5192
5192
5192
5191
5191
5191
5191
5191
5191
5192
5192
5192
5192
5192
5192
5192
5192
5192
5192
5192
5192
5192
5192
5192
5192
5192
5192
5192
5192
5197
5197
5197
5197
5197
5197
5197
5197
5198
5198
5198
5198
5198
5198
5198
5198
5198
5198
5198
5198
5198
5198
5198
5198
5198
5198
5198
5198
5198
5198
5198
5198
5197
5197
5197
5197
5198
5198
5198
5198
5198
5198
5198
5198
5198
5198
5198
5198
5198
5198
5198
5198
5198
5198
5198
5198
5198
5198
5198
5198
5198
5198
5198
5198
5198
5198
5198
5197
5197
5197
5197
5197
5197
5198
5198
5198
5197
5198
5197
5197
5197
5197
5196
5196
5196
5196
5196
5196
5196
5196
5196
5196
5196
5196
5196
5196
5196
5196
5196
5196
5196
5196
5196
5196
5196
5196
5197
5197
5197
5197
5198
5197
5197
5197
5197
5197
5198
5198
5198
5198
5198
5198
5198
5198
5197
5197
5197
5197
5198
5198
5198
5198
5198
5198
5198
5198
5198
5198
5198
5198
5198
5198
5198
5198
5198
5197
5197
5197
5197
5196
5196
5196
5196
5196
5196
5196
5196
5196
5196
5196
5196
5196
5197
5197
5197
5192
5192
5192
5192
5192
5192
5192
5192
5192
5192
5192
5192
5191
5191
5191
5191
5191
5191
5191
5191
5191
5191
5191
5191
5191
5191
5192
5192
5192
5197
5196
5191
5191
5191
5191
5191
5191
5191
5191
5196
5196
5196
5196
5197
5197
5197
5197
5197
5197
5197
5197
5197
5197
5197
5197
5197
5197
5197
5197
5197
5197
5197
5197
5197
5197
5197
5197
5197
5197
5197
5197
5197
5197
5197
5198
5198
5198
5198
5198
5198
5198
5198
5198
5198
5198
5198
5198
5198
5198
5198
5197
5197
5197
5197
5197
5197
5198
5197
5197
5197
5197
5198
5198
5198
5198
5198
5198
5198
5198
5198
5198
5198
5198
5198
5198
5198
5198
5198
5197
5197
5197
5197
5198
5198
5197
5197
5197
5197
5197
5197
5192
5192
5192
5192
5192
5192
5192
5192
5192
5197
5197
5198
5198
5198
5198
5193
5193
5193
5193
5193
5193
5193
5193
5193
5193
5193
5193
5193
5193
5198
5198
5197
5197
5197
5197
5197
5197
5197
5197
5197
5197
5197
5197
5197
5197
5197
5197
5197
5197
5197
5197
5196
5196
5197
5197
5198
5198
5198
5198
5198
5198
5198
5198
5198
5198
5198
5198
5198
5198
5198
5197
5197
5197
5197
5197
5197
5197
5197
5197
5197
5197
5197
5197
5197
5197
5197
5198
5198
5198
5198
5198
5198
5198
5198
5198
5198
5198
5198
5198
5198
5198
5198
5198
5198
5198
5198
5198
5198
5197
5197
5197
5197
5197
5197
5197
5197
5197
5197
5197
5197
5197
5197
5197
5197
5197
5197
5197
5197
5197
5198
5198
5198
5198
5198
5198
5198
5198
5198
5198
5198
5198
5198
5198
5197
5197
5197
5197
5197
5197
5197
5197
5197
5197
5197
5197
5197
5197
5197
5197
5197
5197
5197
5197
5197
5197
5197
5197
5192
5192
5192
5192
5193
5193
5193
5193
5193
5193
5193
5193
5192
5192
5192
5192
5192
5192
5192
5192
5192
5192
5192
5192
5192
5192
5192
5192
5193
5193
5193
5193
5193
5193
5193
5192
5192
5192
5193
5192
5192
5192
5192
5192
5193
5193
5192
5192
5192
5193
5193
5193
5193
5193
5193
5193
5192
5192
5192
5192
5192
5192
5192
5193
5193
5198
5198
5198
5198
5198
5198
5198
5198
5198
5198
5198
5198
5198
5198
5198
5198
5198
5198
5198
5198
5198
5198
5198
5198
5198
5198
5198
5198
5198
5198
5198
5198
5198
5198
5198
5198
5198
5198
5198
5198
5198
5198
5198
5198
5198
5198
5198
5198
5198
5198
5198
5198
5198
5198
5197
5197
5197
5197
5197
5197
5197
5197
5197
5197
5197
5197
5197
5197
5198
5198
5198
5198
5198
5198
5198
5198
5198
5198
5198
5198
5198
5198
5198
5198
5198
5197
5197
5197
5197
5197
5197
5197
5197
5197
5197
5197
5197
5197
5197
5197
5198
5198
5198
5197
5197
5197
5197
5197
5197
5197
5197
5197
5197
5197
5197
5197
5192
5192
5192
5192
5192
5192
5192
5192
5192
5192
5192
5192
5192
5192
5193
5192
5192
5192
5192
5192
5192
5197
5197
5196
5196
5196
5196
5197
5197
5197
5197
5197
5197
5197
5197
5197
5197
5197
5197
5197
5197
5197
5197
5197
5197
5197
5197
5192
5192
5192
5192
5192
5192
5192
5192
5192
5192
5192
5192
5192
5192
5192
5192
5192
5192
5192
5192
5192
5193
5193
5192
5192
5192
5192
5192
5192
5191
5191
5191
5191
5191
5192
5192
5192
5197
5197
5197
5197
5197
5197
5197
5197
5196
5196
5196
5196
5196
5196
5196
5196
5196
5196
5197
5197
5198
5197
5197
5197
5197
5198
5198
5198
5198
5198
5198
5198
5198
5198
5198
5198
5198
5197
5197
5197
5197
5197
5197
5197
5197
5197
5197
5197
5197
5197
5196
5196
5196
5196
5196
5196
5196
5196
5196
5196
5196
5196
5196
5196
5196
5197
5197
5197
5197
5197
5197
5197
5197
5198
5198
5198
5198
5198
5198
5198
5198
5198
5198
5198
5198
5198
5198
5198
5198
5198
5198
5197
5197
5197
5197
5197
5197
5196
5196
5196
5196
5196
5197
5197
5197
5197
5197
5197
5197
5197
5197
5196
5196
5196
5196
5197
5197
5197
5197
5197
5197
5197
5197
5197
5197
5197
5197
5197
5197
5197
5197
5197
5197
5197
5197
5196
5196
5196
5196
5196
5196
5196
5197
5197
5197
5197
5197
5197
5197
5197
5198
5198
5198
5198
5198
5198
5198
5198
5198
5197
5197
5197
5197
5197
5197
5197
5197
5197
5197
5197
5197
5196
5196
5196
5196
5196
5196
5196
5196
5196
5196
5196
5196
5196
5196
5196
5196
5196
5196
5197
5197
5197
5197
5197
5197
5198
5198
5198
5198
5197
5197
5197
5198
5198
5198
5198
5198
5198
5198
5198
5198
5198
5198
5198
5198
5198
5198
5198
5198
5198
5198
5197
5196
5196
5196
5197
5197
5197
5198
5198
5198
5198
5198
5198
5198
5197
5197
5198
5198
5198
5198
5198
5198
5198
5198
5198
5198
5198
5198
5198
5198
5198
5198
5198
5198
5198
5198
5198
5198
5198
5198
5197
5197
5197
5197
5197
5197
5197
5197
5197
5197
5197
5197
5197
5197
5197
5197
5197
5197
5197
5197
5197
5197
5197
5198
5198
5198
5198
5197
5197
5197
5197
5197
5197
5197
5197
5197
5197
5197
5197
5197
5197
5197
5197
5197
5197
5197
5197
5197
5197
5197
5197
5197
5197
5197
5197
5197
5197
5196
5196
5196
5196
5196
5196
5196
5197
5197
5197
5197
5197
5197
5197
5197
5197
5197
5197
5197
5197
5197
5197
5197
5197
5197
5197
5197
5197
5197
5197
5197
5197
5197
5197
5197
5197
5197
5197
5197
5197
5197
5197
5197
5197
5197
5197
5197
5197
5198
5198
5198
5198
5198
5198
5198
5198
5198
5198
5198
5198
5198
5198
5198
5198
5198
5198
5198
5198
5197
5197
5197
5197
5197
5197
5197
5197
5197
5197
5197
5197
5197
5197
5197
5197
5197
5197
5197
5197
5197
5197
5197
5197
5197
5197
5197
5197
5197
5197
5197
5197
5197
5197
5197
5197
5198
5198
5198
5198
5198
5198
5198
5198
5198
5198
5198
5198
5197
5197
5197
5197
5197
5197
5197
5197
5197
5197
5197
5197
5197
5197
5197
5197
5197
5197
5197
5197
5197
5197
5197
5197
5197
5197
5197
5197
5197
5197
5197
5197
5197
5197
5197
5197
5197
5197
5198
5198
5198
5198
5198
5198
5198
5197
5197
5197
5197
5197
5197
5197
5197
5197
5197
5197
5197
5197
5197
5197
5197
5197
5197
5198
5198
5197
5197
5197
5197
5198
5198
5198
5198
5198
5198
5198
5198
5198
5198
5198
5197
5197
5197
5197
5197
5197
5197
5197
5197
5196
5196
5196
5196
5196
5196
5196
5196
5196
5197
5197
5197
5197
5197
5198
5198
5197
5197
5197
5197
5197
5197
5197
5197
5197
5197
5197
5196
5196
5196
5196
5196
5197
5197
5197
5197
5197
5197
5197
5198
5198
5198
5198
5198
5198
5198
5198
5197
5197
5197
5197
5197
5197
5197
5198
5198
5198
5198
5198
5198
5198
5198
5198
5198
5198
5198
5198
5198
5198
5198
5198
5197
5197
5198
5198
5198
5198
5193
5192
5192
5193
5192
5192
5192
5192
5192
5192
5192
5192
5192
5193
5193
5193
5193
5193
5198
5198
5198
5198
5198
5198
5198
5198
5198
5198
5198
5198
5198
5198
5198
5198
5197
5198
5198
5198
5197
5197
5197
5197
5196
5196
5196
5196
5197
5197
5197
5197
5197
5197
5197
5197
5197
5197
5197
5197
5197
5192
5192
5192
5192
5192
5192
5192
5192
5192
5192
5192
5192
5192
5192
5192
5192
5191
5191
5191
5191
5191
5191
5191
5191
5191
5191
5191
5191
5196
5196
5196
5196
5196
5196
5196
5196
5197
5197
5197
5197
5197
5197
5197
5197
5197
5197
5197
5197
5197
5197
5197
5197
5198
5198
5198
5198
5198
5198
5198
5198
5198
5198
5198
5198
5197
5197
5197
5197
5197
5197
5198
5198
5197
5197
5197
5197
5197
5197
5197
5197
5197
5197
5197
5197
5197
5197
5197
5197
5197
5197
5197
5197
5197
5197
5197
5197
5197
5197
5197
5197
5197
5197
5197
5197
5197
5197
5197
5196
5196
5196
5196
5196
5196
5196
5196
5196
5196
5196
5196
5196
5196
5197
5197
5197
5197
5197
5197
5197
5197
5197
5197
5197
5197
5198
5198
5198
5197
5197
5197
5197
5197
5197
5197
5197
5197
5197
5197
5197
5197
5197
5197
5197
5197
5197
5198
5198
5198
5198
5198
5198
5198
5198
5198
5198
5198
5198
5198
5198
5198
5198
5198
5198
5198
5198
5198
5198
5198
5198
5198
5198
5198
5198
5198
5198
5198
5198
5198
5198
5198
5198
5198
5198
5198
5198
5198
5198
5198
5198
5197
5197
5197
5197
5197
5197
5197
5197
5197
5197
5197
5197
5197
5197
5197
5197
5197
5197
5197
5197
5197
5197
5197
5198
5198
5198
5198
5198
5198
5198
5198
5198
5198
5198
5198
5198
5198
5198
5198
5198
5198
5198
5198
5198
5198
5198
5197
5197
5197
5197
5197
5197
5197
5197
5197
5197
5197
5198
5198
5198
5198
5198
5198
5197
5197
5196
5196
5196
5196
5196
5196
5196
5196
5196
5196
5196
5196
5196
5196
5196
5196
5196
5196
5196
5196
5197
5197
5197
5197
5197
5197
5197
5197
5197
5197
5197
5197
5197
5197
5197
5197
5197
5197
5197
5197
5198
5198
5198
5198
5197
5197
5197
5198
5198
5198
5198
5198
5198
5198
5198
5198
5198
5198
5198
5198
5198
5198
5198
5198
5198
5198
5198
5197
5197
5197
5197
5197
5197
5197
5198
5198
5197
5197
5197
5197
5197
5197
5197
5197
5197
5197
5197
5197
5197
5197
5197
5198
5198
5198
5198
5198
5198
5198
5198
5198
5198
5198
5198
5198
5198
5198
5198
5198
5198
5198
5198
5198
5198
5198
5198
5198
5198
5198
5198
5198
5198
5198
5198
5198
5198
5198
5198
5198
5198
5198
5198
5198
5198
5198
5198
5198
5198
5198
5198
5198
5198
5198
5198
5198
5197
5197
5197
5196
5196
5196
5196
5196
5196
5197
5197
5198
5198
5198
5198
5198
5198
5198
5198
5198
5198
5198
5198
5198
5198
5198
5198
5198
5198
5198
5198
5198
5198
5198
5198
5198
5198
5198
5198
5198
5198
5198
5198
5198
5198
5198
5198
5198
5198
5198
5198
5198
5198
5198
5197
5197
5197
5197
5197
5197
5197
5196
5196
5196
5196
5196
5197
5197
5197
5197
5197
5198
5197
5197
5197
5197
5197
5197
5197
5197
5197
5197
5197
5197
5197
5197
5197
5197
5197
5197
5197
5197
5197
5197
5197
5197
5197
5197
5197
5197
5197
5197
5197
5197
5197
5197
5197
5197
5197
5197
5197
5197
5197
5197
5197
5197
5197
5197
5197
5197
5197
5197
5197
5197
5197
5198
5198
5198
5198
5198
5198
5198
5198
5198
5198
5198
5198
5198
5198
5198
5198
5198
5198
5198
5198
5198
5198
5198
5198
5198
5198
5198
5198
5198
5198
5198
5198
5198
5198
5198
5198
5198
5198
5198
5198
5198
5198
5198
5198
5198
5198
5198
5198
5198
5198
5198
5198
5197
5197
5197
5197
5197
5197
5197
5196
5196
5196
5196
5196
5196
5196
5196
5196
5196
5196
5196
5196
5196
5196
5196
5196
5196
5196
5196
5196
5196
5197
5197
5197
5197
5197
5197
5197
5197
5197
5197
5197
5197
5198
5198
5198
5198
5198
5198
5198
5198
5198
5198
5198
5198
5198
5198
5198
5198
5198
5198
5197
5197
5197
5197
5197
5198
5198
5198
5198
5198
5198
5198
5198
5198
5198
5198
5198
5198
5198
5198
5198
5198
5198
5198
5198
5198
5198
5198
5198
5198
5198
5198
5198
5198
5198
5198
5198
5198
5198
5198
5198
5198
5198
5198
5198
5198
5198
5198
5198
5198
5198
5198
5198
5198
5198
5198
5198
5198
5198
5198
5198
5198
5198
5198
5198
5198
5198
5198
5198
5198
5198
5198
5198
5198
5198
5198
5198
5198
5198
5198
5198
5198
5198
5198
5198
5198
5197
5197
5197
5197
5197
5197
5197
5197
5197
5197
5197
5197
5197
5197
5197
5198
5198
5198
5198
5198
5198
5198
5198
5198
5198
5198
5198
5198
5198
5198
5198
5198
5198
5198
5198
5198
5198
5198
5198
5198
5198
5198
5198
5198
5198
5198
5198
5198
5198
5198
5198
5198
5198
5198
5198
5198
5198
5198
5198
5198
5198
5198
5198
5198
5198
5198
5198
5198
5198
5198
5198
5198
5198
5198
5198
5198
5198
5198
5198
5198
5198
5198
5198
5198
5198
5198
5198
5198
5197
5197
5197
5197
5197
5197
5197
5196
5196
5196
5196
5196
5196
5196
5196
5196
5196
5196
5196
5196
5197
5197
5197
5197
5197
5197
5197
5197
5197
5197
5197
5197
5197
5197
5197
5197
5197
5197
5197
5197
5197
5197
5197
5197
5197
5197
5197
5197
5197
5197
5197
5197
5197
5197
5198
5198
5198
5198
5198
5198
5198
5198
5198
5198
5198
5198
5198
5198
5198
5198
5198
5198
5198
5198
5198
5198
5198
5198
5198
5198
5198
5198
5198
5198
5198
5198
5198
5198
5198
5198
5198
5198
5198
5198
5197
5197
5197
5197
5197
5197
5197
5197
5197
5197
5197
5197
5197
5197
5197
5197
5197
5197
5197
5197
5197
5197
5197
5197
5197
5197
5197
5197
5196
5196
5196
5196
5196
5197
5197
5197
5197
5198
5198
5198
5198
5198
5198
5198
5198
5198
5198
5198
5198
5198
5198
5198
5198
5198
5198
5198
5198
5198
5198
5198
5198
5198
5198
5198
5198
5198
5198
5198
5198
5198
5198
5198
5198
5198
5198
5198
5198
5198
5198
5198
5197
5197
5197
5197
5197
5196
5196
5196
5196
5196
5197
5197
5196
5196
5197
5197
5197
5197
5197
5197
5197
5197
5197
5197
5197
5197
5197
5197
5198
5198
5198
5198
5198
5198
5198
5198
5198
5197
5197
5197
5197
5197
5197
5197
5197
5197
5196
5196
5196
5196
5196
5196
5196
5196
5196
5196
5196
5196
5196
5196
5196
5196
5197
5197
5197
5197
5197
5197
5197
5197
5197
5197
5197
5197
5197
5198
5198
5198
5198
5198
5198
5198
5198
5198
5198
5198
5198
5198
5198
5198
5198
5198
5198
5198
5198
5198
5198
5198
5198
5198
5198
5198
5198
5198
5198
5198
5198
5198
5198
5198
5198
5198
5198
5198
5198
5198
5198
5198
5198
5198
5198
5198
5198
5198
5198
5198
5198
5198
5198
5198
5198
5198
5198
5198
5198
5198
5198
5198
5197
5197
5197
5197
5197
5197
5198
5198
5198
5198
5198
5198
5198
5198
5198
5198
5197
5197
5197
5197
5197
5197
5197
5197
5197
5197
5197
5197
5198
5198
5198
5198
5197
5197
5197
5197
5197
5197
5197
5197
5197
5197
5197
5197
5197
5197
5197
5197
5197
5197
5197
5197
5197
5197
5197
5197
5197
5197
5197
5197
5197
5197
5197
5197
5197
5197
5197
5197
5197
5197
5197
5197
5197
5197
5197
5198
5198
5198
5198
5198
5198
5198
5198
5198
5198
5198
5198
5198
5198
5198
5198
5198
5198
5198
5198
5198
5198
5198
5198
5198
5198
5198
5198
5198
5198
5198
5198
5198
5198
5198
5198
5198
5198
5198
5198
5198
5198
5198
5198
5198
5198
5198
5198
5198
5198
5198
5198
5198
5198
5198
5198
5198
5198
5198
5198
5198
5198
5198
5198
5198
5198
5198
5198
5198
5198
5198
5198
5198
5198
5198
5198
5197
5197
5197
5197
5197
5197
5197
5197
5197
5198
5198
5198
5198
5198
5198
5198
5198
5198
5198
5198
5198
5198
5198
5198
5198
5198
5198
5198
5198
5198
5198
5198
5198
5198
5198
5198
5198
5198
5198
5198
5198
5198
5198
5198
5198
5198
5198
5198
5198
5198
5198
5198
5198
5198
5198
5198
5198
5198
5198
5198
5198
5198
5198
5198
5198
5198
5198
5198
5198
5198
5198
5198
5198
5198
5198
5198
5198
5198
5198
5198
5198
5198
5198
5198
5198
5198
5198
5198
5198
5198
5198
5198
5198
5198
5198
5198
5198
5198
5198
5198
5198
5198
5198
5198
5198
5198
5198
5198
5198
5198
5198
5197
5197
5197
5197
5197
5198
5198
5198
5198
5198
5198
5198
5198
5198
5198
5198
5198
5198
5198
5198
5198
5198
5198
5198
5198
5197
5197
5197
5197
5198
5198
5198
5198
5198
5198
5198
5198
5198
5198
5198
5198
5198
5198
5198
5198
5198
5198
5198
5198
5198
5198
5198
5198
5198
5198
5198
5198
5198
5198
5198
5198
5198
5198
5198
5198
5198
5198
5198
5198
5198
5198
5198
5198
5198
5198
5198
5198
5198
5198
5198
5198
5198
5198
5198
5198
5198
5198
5198
5198
5198
5198
5198
5198
5198
5198
5198
5198
5198
5198
5198
5198
5198
5198
5198
5198
5198
5198
5198
5198
5198
5198
5198
5198
5198
5198
5198
5198
5198
5198
5198
5198
5198
5198
5198
5198
5198
5198
5198
5197
5197
5197
5197
5197
5197
5197
5197
5197
5197
5197
5197
5197
5197
5197
5197
5198
5198
5198
5198
5198
5198
5198
5198
5198
5198
5198
5198
5198
5198
5198
5198
5198
5198
5198
5198
5198
5198
5198
5198
5198
5198
5198
5198
5198
5198
5198
5198
5198
5198
5198
5198
5198
5198
5198
5198
5198
5198
5198
5198
5198
5198
5198
5198
5198
5198
5198
5198
5198
5198
5198
5198
5198
5198
5198
5198
5198
5198
5198
5198
5198
5198
5198
5198
5198
5198
5198
5198
5198
5198
5198
5198
5198
5198
5198
5198
5198
5198
5198
5198
5198
5198
5198
5198
5198
5198
5198
5198
5198
5198
5198
5198
5198
5198
5198
5198
5198
5198
5198
5198
5198
5198
5198
5198
5198
5198
5198
5198
5198
5198
5198
5198
5198
5198
5198
5198
5198
5198
5198
5198
5198
5198
5198
5198
5198
5198
5198
5198
5198
5198
5198
5198
5198
5198
5198
5198
5198
5198
5198
5198
5198
5198
5198
5198
5198
5198
5198
5198
5198
5198
5198
5198
5198
5198
5198
5198
5198
5198
5198
5198
5198
5198
5198
5198
5198
5198
5198
5198
5198
5198
5198
5198
5198
5198
5198
5198
5198
5198
5198
5198
5198
5198
5198
5198
5198
5198
5198
5198
5198
5198
5198
5198
5198
5198
5198
5198
5198
5198
5198
5198
5198
5198
5198
5198
5198
5198
5198
5198
5198
5198
5198
5198
5198
5198
5198
5198
5198
5198
5198
5198
5198
5198
5198
5198
5198
5198
5198
5198
5198
5198
5198
5198
5198
5198
5198
5198
5198
5198
5198
5198
5198
5198
5198
5198
5198
5198
5198
5198
5198
5198
5198
5198
5198
5197
5197
5197
5197
5197
5197
5197
5197
5197
5198
5198
5198
5198
5198
5198
5198
5198
5198
5198
5198
5198
5198
5198
5198
5198
5198
5198
5198
5198
5198
5198
5198
5198
5198
5198
5198
5198
5198
5198
5198
5198
5197
5197
5197
5197
5197
5197
5197
5198
5198
5198
5198
5198
5198
5198
5198
5198
5198
5198
5198
5198
5198
5198
5198
5198
5198
5198
5198
5198
5198
5198
5198
5198
5198
5198
5198
5198
5198
5198
5198
5198
5198
5198
5198
5198
5198
5198
5198
5198
5198
5198
5198
5198
5198
5197
5197
5197
5197
5197
5197
5197
5197
5197
5197
5197
5197
5197
5197
5197
5197
5198
5198
5198
5198
5198
5198
5198
5198
5198
5198
5198
5198
5198
5198
5198
5198
5198
5198
5198
5198
5198
5198
5198
5198
5198
5198
5198
5198
5198
5198
5198
5198
5198
5198
5198
5198
5198
5198
5198
5198
5198
5198
5198
5198
5198
5198
5197
5197
5197
5197
5197
5197
5197
5197
5197
5197
5197
5197
5197
5197
5197
5197
5197
5197
5197
5197
5197
5197
5197
5197
5197
5197
5197
5197
5197
5197
5197
5197
5197
5197
5197
5197
5197
5197
5197
5197
5197
5197
5197
5197
5197
5198
5198
5198
5198
5198
5198
5198
5198
5198
5198
5198
5198
5198
5198
5198
5198
5198
5198
5198
5198
5198
5198
5198
5198
5198
5198
5198
5198
5198
5198
5198
5198
5198
5198
5198
5198
5198
5198
5198
5198
5198
5198
5198
5198
5198
5198
5198
5198
5198
5198
5198
5198
5198
5198
5198
5198
5198
5198
5198
5198
5198
5198
5198
5198
5198
5198
5198
5198
5198
5198
5198
5198
5198
5198
5198
5198
5198
5198
5198
5198
5198
5198
5198
5198
5198
5198
5198
5198
5198
5198
5198
5198
5198
5198
5198
5198
5198
5198
5198
5198
5198
5198
5198
5198
5198
5198
5198
5198
5198
5198
5198
5198
5198
5198
5198
5198
5198
5198
5198
5198
5198
5198
5198
5198
5198
5198
5198
5198
5198
5198
5198
5198
5198
5198
5198
5198
5198
5198
5198
5198
5198
5197
5198
5198
5198
5198
5198
5198
5198
5198
5198
5198
5198
5198
5198
5198
5198
5198
5198
5198
5198
5198
5198
5198
5198
5198
5198
5198
5198
5198
5198
5198
5198
5198
5198
5198
5198
5198
5198
5198
5198
5198
5198
5198
5198
5198
5198
5198
5198
5198
5198
5198
5198
5198
5198
5198
5198
5198
5198
5198
5198
5198
5198
5198
5198
5198
5198
5198
5198
5198
5198
5198
5198
5198
5198
5198
5198
5198
5198
5198
5198
5198
5198
5198
5198
5198
5198
5198
5198
5198
5198
5198
5198
5198
5198
5198
5198
5198
5198
5198
5198
5198
5198
5198
5198
5198
5198
5198
5198
5198
5198
5198
5198
5198
5198
5198
5198
5198
5198
5198
5198
5198
5198
5198
5198
5198
5198
5198
5198
5198
5198
5198
5198
5198
5198
5198
5198
5198
5198
5198
5198
5198
5198
5198
5198
5198
5198
5198
5198
5198
5198
5198
5198
5198
5198
5198
5198
5198
5198
5198
5198
5198
5198
5198
5198
5198
5198
5198
5198
5198
5198
5198
5198
5198
5198
5198
5198
5198
5198
5198
5198
5198
5198
5198
5198
5198
5198
5198
5198
5198
5198
5198
5198
5198
5198
5198
5198
5198
5198
5198
5198
5198
5198
5198
5198
5198
5198
5198
5198
5198
5198
5198
5198
5198
5198
5198
5198
5198
5198
5198
5198
5198
5198
5198
5198
5198
5198
5198
5198
5198
5198
5198
5198
5198
5198
5198
5198
5198
5198
5198
5198
5198
5198
5198
5198
5198
5198
5198
5198
5198
5198
5198
5198
5198
5198
5198
5198
5198
5198
5198
5198
5198
5198
5198
5198
5198
5198
5198
5198
5198
5198
5198
5198
5198
5198
5198
5198
5198
5198
5198
5198
5198
5198
5198
5198
5198
5198
5198
5198
5198
5198
5198
5198
5198
5198
5198
5198
5198
5198
5198
5198
5198
5198
5198
5198
5198
5198
5198
5198
5198
5198
5198
5198
5198
5198
5198
5198
5198
5198
5198
5198
5198
5198
5198
5198
