3934
3934
3532
3777
3876
3876
3496
2982
2982
2983
3363
3362
2982
2983
2547
2005
1906
1905
2285
1888
1893
1992
2506
2208
2319
2721
3045
3046
2666
3046
2722
2623
2867
2487
2243
2640
2635
2634
3070
3394
2992
2654
2655
2953
3112
3514
3269
2872
2872
3269
3110
3209
3589
3490
3517
3193
3082
3326
3571
3174
3175
2931
2686
2685
2844
2546
3088
3089
2653
2752
2210
2534
2533
2538
2586
2538
2511
2849
2876
2876
2987
3529
3524
3144
2820
3064
3064
2905
3150
2906
3065
3113
2868
2709
2953
3333
3631
3631
3229
3228
3664
3228
3229
2931
2389
1875
1876
1496
1893
1892
2434
2407
2434
2732
2684
2689
3203
2959
2959
2417
2661
2709
3145
3547
3548
2921
2921
2873
3253
2955
2928
2548
2596
2595
3222
3174
3175
3555
3555
3554
3174
3201
3202
3201
3201
3200
3173
2835
3133
2619
2864
2428
2428
2476
2856
2454
2481
2084
2085
2086
2081
2405
2404
2409
2568
2520
3034
2654
2702
2702
2675
2431
2867
2708
2735
2490
2828
2201
2153
2533
2533
2692
2937
3181
3082
3484
3457
3212
3457
3854
3854
3474
3474
3315
3414
3415
3414
4041
4042
4041
4036
4416
4036
3712
3315
2688
3085
3712
3276
2649
3191
3571
3895
3650
3326
3353
3352
3108
2810
2408
2381
2679
2684
2287
2531
2151
2587
2343
2391
2053
2297
2298
2325
2722
3349
3322
3724
3480
3804
3705
3949
3651
3989
3587
3249
3249
3651
3651
3652
3679
3282
3282
2768
2867
3247
3003
3517
3081
3419
3308
3606
3579
3579
3976
4003
4003
4002
3605
3091
3335
3330
3282
3330
3086
3330
2992
2997
2673
2625
3139
3187
2673
2646
3160
2618
2619
2778
2778
2619
2943
2541
2541
2161
2113
2451
2562
2610
2990
2989
2990
2942
2937
2423
2820
2979
3224
3223
3064
3091
2464
2978
2979
2979
3521
3183
2803
2558
2994
3239
3619
3624
3624
3619
3618
3104
3506
3182
3182
3071
2674
2429
2429
2767
2767
2469
2442
2766
3011
2609
3011
3638
3393
3055
3055
3060
3108
2728
2727
2972
3486
2972
3352
3690
3801
3365
3317
3317
2915
3351
3352
3650
3809
3804
3831
3832
3837
4351
3971
4368
4367
4340
4742
4631
4229
4070
4070
3825
4205
3867
3915
3914
3915
4253
4253
4009
3685
4087
3789
3948
4246
4245
4240
4240
4081
3783
3894
3921
3524
3524
3497
3095
3254
3254
3255
2875
3199
2875
3255
3652
3553
3797
3400
3645
3645
3650
3214
3166
3166
3265
2885
2884
2546
2302
2203
2541
2541
2921
2969
2921
2922
2380
2379
2921
3357
3384
3385
3358
3682
3571
3566
3566
3810
3183
3188
3815
4212
4311
3684
3142
3143
3142
3043
2529
2524
2365
2663
2774
2450
2449
2454
2553
2554
2310
2311
2359
2359
2359
2354
2896
2895
2557
2881
3219
3246
3648
3268
2930
3310
2768
2669
2289
2669
2424
2424
2397
2017
2262
2262
2361
2313
2312
1910
1665
2067
1670
2212
2113
2493
2382
2383
2780
3025
2623
2081
2419
2095
2100
1720
1719
1719
1878
2122
2122
2170
2122
1824
1824
1824
2366
2028
2408
2922
2923
3034
3035
3062
3464
3437
3775
4099
3775
3616
3615
3614
3503
3602
3060
2680
2675
2675
2676
3056
3380
3380
3428
3587
3263
3290
2888
2887
2860
3184
3811
4353
4194
4195
4195
4222
3898
4057
4057
4009
4307
4355
4057
4062
3903
3855
3228
3223
2978
3605
3653
3812
4214
4512
4513
4215
3588
3699
3698
4022
4023
4022
4022
4027
4027
3703
3703
3592
3592
3703
3676
3676
3676
3565
3466
3577
3466
2952
3250
3249
3763
4390
4390
4417
4369
4342
4004
3568
3616
4052
4052
4004
4005
4006
3604
3445
3445
3493
3895
3493
3113
3112
3357
3309
3711
3759
3759
3217
3218
3213
3212
3239
3239
3239
3239
3563
3662
3821
4201
4539
4539
4512
4464
4463
4574
4601
4601
4601
4221
3977
3818
3416
3417
3390
3390
3792
3840
3840
3867
3868
3868
3841
3439
3439
3466
3418
3798
3687
3442
3553
3156
2720
2720
2719
3261
3261
2719
3261
3261
3262
3664
3326
3723
3696
3696
3695
3696
3744
3342
3501
3745
3348
3050
3447
3447
3745
4147
4146
4173
4178
4614
4515
4515
4191
3677
3297
3297
2670
3297
3297
3297
3270
3222
3222
2595
2484
2998
2997
3321
3701
3321
3659
3758
4385
4061
3817
4061
4061
4061
3902
4013
4008
3611
3659
3257
3158
3159
3164
3488
3190
3142
3142
3143
3143
3142
2898
2574
2575
2873
2900
2900
2900
2386
2385
2384
2385
2484
2532
2533
2533
2235
2394
2393
2234
2235
2533
2533
2533
1991
1990
1363
1336
1225
1336
1581
1581
1978
1867
2111
1813
1416
1958
1620
1572
1731
1731
1730
1731
1486
1810
1810
2190
2528
2925
2826
2582
2582
2826
3340
3016
2857
2858
2885
2996
3155
3203
3092
3044
3044
2800
3124
3119
3218
2782
2782
2787
2760
2755
2755
2999
2998
2899
3144
2764
2222
1898
2278
2283
2284
2039
2666
2039
2066
2061
2034
2332
2874
3501
3937
3557
3259
3258
2744
2585
2696
3098
2471
2471
2795
2894
2942
2943
2699
2698
2587
2045
2072
2072
1734
2072
2183
2182
2182
2562
2562
2563
2536
2536
2536
2537
2537
2782
3026
3653
3951
3840
3792
3792
3951
4062
3818
3494
3521
3521
3362
3686
3691
3664
3663
3662
3662
3338
3365
3524
3425
3420
3420
3664
3553
3308
2928
2531
2579
2959
2960
3059
2679
2631
3173
2631
2631
2532
2929
2928
2933
2928
2933
2531
3073
3397
2770
3172
3013
2986
2662
2710
2710
3090
3189
3190
3435
3546
4060
3949
3569
3569
3596
3054
2955
3279
3278
2842
2842
2518
2629
2629
3065
3065
2629
2602
2597
2352
2597
2598
2598
2598
2599
2626
3168
3604
3493
3493
3493
3445
3445
3604
3207
2909
2909
2909
2914
3212
2670
2643
3270
3381
3381
3381
3429
3270
3269
3428
3428
3429
3318
3313
3312
3423
2796
3423
3179
3179
3423
2987
2939
2938
2939
3263
3264
3264
3264
3263
2965
3013
3013
2499
2499
2935
2940
2892
2490
2491
2332
2874
2438
2437
2536
2563
2563
2536
2972
3352
3650
3214
2890
3049
3373
3372
3372
3420
3082
3082
2838
2679
3115
3116
3518
3470
3090
3090
3090
3091
3118
3456
3456
3456
3456
3429
3943
4102
3991
4371
3829
3505
3505
4047
4047
4095
3936
3931
3931
3931
3389
2953
3350
3674
3575
3574
3673
3625
3784
3486
3486
3922
4464
4464
4219
4517
4518
4629
4629
4227
4128
4128
3501
3500
3527
3416
3515
3514
3216
3327
3300
3301
3306
3354
3195
2857
2858
3103
3505
3843
3838
4082
4241
4241
4268
4024
3925
3924
3876
3875
3875
3875
3875
3875
3551
4178
4179
4179
4278
3898
3739
4119
4278
4179
3841
3842
3683
4021
4021
3624
3922
3927
3900
3999
3999
3372
2858
2858
2853
2853
2853
3012
3526
3770
3775
3775
3261
3309
3150
3150
2748
3375
3375
3534
3423
3179
2934
3448
3448
3448
3772
4016
4011
4010
3766
4168
4169
4414
3787
3786
3244
3871
3772
4169
4169
4280
4280
3883
3883
4425
3883
3447
3448
3448
3448
3453
3697
3696
3398
3940
3781
3776
3776
3777
3777
3375
3811
4109
4506
4208
4610
4068
4068
3671
3560
3124
3124
2879
2635
2587
2249
2249
2646
2984
2984
2984
2582
2681
2680
2356
2515
2813
2813
3249
3250
2870
3115
3114
3114
2816
3114
2776
3114
3656
3557
3959
4058
4106
4105
4485
4187
4188
4189
3851
4149
3851
3850
3961
3962
3582
3582
3582
3185
3190
3189
3078
3078
3322
3078
3078
3376
3375
3375
3375
3713
3311
3713
4093
4093
4337
4338
4338
4365
4120
4444
4689
4688
4689
4445
4444
4444
4555
4153
4153
4153
4153
4550
4550
4550
4550
4523
4524
4476
4475
4095
4497
4497
4338
4497
4386
4497
4741
4741
4741
4789
4353
4733
4760
5196
4799
4475
4448
4448
3906
4230
3603
3279
3280
2982
2981
2982
2546
2546
2387
2276
2600
2552
3179
3290
3588
3615
3101
3002
2975
3489
3378
3814
4211
4322
4322
4349
4105
4264
4237
3835
3676
3676
3775
4177
4177
4177
3879
3879
3927
3927
3954
4496
4655
4656
4318
4562
4562
4463
4352
4347
4346
4347
4299
4398
4397
3995
3671
3427
3432
3730
3730
4132
4105
4349
4348
4686
4687
4798
4846
4798
4553
4255
4254
4095
4340
3826
3853
4177
4177
3550
3545
3518
3407
3163
3677
3432
3459
3459
3121
3169
3280
2878
2879
2879
2443
2119
2555
2853
3098
3097
2717
2876
2876
2877
2778
3116
3116
2719
2560
2560
2719
2692
2936
2888
2888
2887
2776
2887
3211
3259
3015
3114
2790
3187
3139
2841
3165
3066
3067
3067
3066
3066
3066
3071
3066
2821
2821
3223
3223
3467
3712
4339
4180
4180
4180
4181
4280
3956
3414
3303
3351
3107
3112
3112
3113
3113
2716
2716
2617
2617
2915
2867
2866
2866
2866
2914
3158
3158
3158
3153
3533
3533
3533
3289
2662
3204
3231
2893
3052
3390
3363
3990
4234
4345
4007
3380
3135
3140
3135
3380
4007
4006
3570
3894
4232
4237
4237
3939
3939
3966
3967
3962
3935
3308
3407
3407
3843
3843
4141
3982
4379
4379
4331
3789
4331
3895
4054
4102
4538
4538
4200
4201
3821
4159
4164
4544
4206
4206
4205
4204
3807
3708
3708
3549
3550
3888
3887
3914
4013
4172
3848
3849
4173
4146
4146
4146
4035
3936
4333
4432
4108
4060
4055
4166
4166
4067
4067
4067
3687
3786
4110
3568
3166
3708
3735
3740
4367
4415
4304
4706
4706
4707
4707
4680
4680
4680
4680
4680
4632
4235
4235
3990
4101
4101
4100
3856
4101
3763
3327
3375
3264
3508
3264
2966
2339
2334
2361
2758
2659
2997
2997
2998
3296
2782
2787
3223
3196
3196
3196
3191
3196
3148
3392
4019
4019
4399
4398
4154
4154
4398
4398
4100
4100
4099
4613
4613
4608
4363
4608
4609
4610
4615
4371
4047
4095
4206
4206
4206
4047
3533
4047
4146
4141
4140
3802
3829
3730
4054
4298
4298
4397
4349
4350
4350
4355
4355
4350
4350
4350
3970
3573
3871
3772
3772
3527
3527
3772
3771
3771
4168
4169
4169
4168
4168
4168
4173
4173
4221
3824
3388
3768
3657
3756
3729
3729
3349
3301
3300
3411
3808
3563
3999
3999
3999
3999
3563
3901
4060
4061
4306
4742
4742
4742
4306
4306
4306
4354
4354
4306
4307
4302
4307
4687
5123
5171
5166
4842
4842
4842
4504
4504
4504
4504
4405
4404
4404
4404
4404
4728
4728
4727
4429
4727
4728
4728
4680
4707
4707
5045
5045
4707
4707
4806
4807
4780
4779
4377
4404
4806
4806
4695
4695
4694
4694
4694
4449
4449
4560
4560
4560
4560
4533
4581
4581
4586
4586
4586
4487
4439
4439
4439
4439
4328
4323
3999
4000
4005
4005
4005
4006
4006
4006
4006
3762
4100
4148
3810
3837
3936
4274
4274
4269
4593
4566
3939
3939
4183
3669
3233
3238
3238
3752
3752
3863
3863
3858
3858
4103
4103
4103
3944
3971
3633
3792
3744
3744
3744
3744
3743
3743
4081
4708
4708
4708
4464
4465
4438
4438
4140
4140
4140
4167
4215
4215
3813
3813
3433
3813
3813
3433
3813
4215
4104
3780
3779
4023
4023
4321
4321
4222
3977
3977
3435
3387
3387
3823
3823
3823
3922
3970
3971
3971
4513
4513
4354
4354
4465
4624
4624
4629
4628
4517
4517
4841
4793
4469
4225
4198
4197
4521
4183
4428
4429
4270
3972
4216
4375
4376
4371
4127
4154
4492
4492
4492
4492
4492
4492
4247
4358
4247
4247
4492
4790
4545
4544
4788
4787
4787
4787
4898
4899
5144
5144
4985
4985
4985
4984
4985
4985
4740
4740
4745
4745
4745
4718
4718
4321
4321
4566
4614
4614
4773
4774
4774
4394
4096
4493
4493
4873
5171
5012
4901
4900
4656
4655
4331
4331
4332
4233
4233
4233
4234
4558
4558
4220
3706
3706
3706
3706
3706
3733
3732
3976
3976
3732
3190
3301
3301
3301
3301
3301
3301
3274
3274
3274
3518
3518
3513
3512
3517
3517
3469
3469
3807
3807
3807
3807
3807
4349
4376
4376
4376
4376
4475
4470
4034
3923
3923
3924
3600
3924
3924
3924
3297
3298
3298
3346
3247
3761
4197
4149
4149
3769
3769
3880
3880
4260
4260
4308
4308
4308
4308
4197
4197
4197
4308
4313
4069
4069
3672
3672
3831
3831
4458
4431
4828
4827
4828
4828
5072
5072
5072
5099
4854
4854
4854
4474
4230
4230
4230
4230
4230
4329
4709
4704
4704
4380
3753
3753
3726
3725
3328
3328
3328
3217
3244
3871
3871
3871
3871
3872
3871
3871
3823
3823
3871
4116
4121
3579
3480
3481
3481
4023
3864
3837
3435
3435
3435
3594
3621
4023
4122
4095
4094
4094
4094
4338
4735
4221
4221
3977
3977
3818
3818
3845
3846
3747
3350
3350
3323
3323
2985
2583
2583
2583
2610
3012
3171
3171
3171
3170
3122
3095
3095
3095
3339
3094
3608
3853
3853
3853
4250
4245
4245
4245
4344
4455
4455
4455
4455
4482
4482
4482
4482
4806
4806
4695
4397
4398
4398
4371
3991
4018
3773
3778
4076
3977
3977
3977
4222
4222
4221
4601
4601
4356
4329
4170
3656
3656
3767
3767
3767
3767
3365
3464
3464
3491
3490
3538
3538
3538
3538
3539
3295
3454
3968
3967
3967
4212
4614
4614
4614
4614
4615
4953
4953
4954
4954
4954
4954
4927
4768
4444
4333
4333
4332
4332
4233
4477
4588
4588
4747
4747
4502
4454
4116
4143
4143
4032
4032
4032
3518
3629
3232
2934
2933
3032
3005
2894
2942
2942
2698
2698
3036
3280
3232
3233
3260
3260
3505
4019
4019
4019
4018
4018
3859
4256
4256
4229
3984
3984
3985
3985
3985
3985
3985
3985
3986
3985
3985
4309
3985
3980
4304
4304
4309
4336
4336
4336
4331
4331
4490
4601
4601
4846
4687
4687
4443
4602
4357
4357
4362
4362
4607
4602
4900
4900
4899
4788
4788
4788
4689
4530
4530
4530
4535
4535
4536
4584
4828
4801
4801
4900
4655
4655
4655
4766
4224
4469
4469
4370
4370
4370
3968
3968
3968
3968
3963
3964
3964
3964
3964
4123
4122
4122
4221
4221
4226
4226
4226
4226
4225
4627
4303
4144
4144
4145
4304
4299
4251
4251
4251
4278
4278
4251
4299
4299
4299
4304
4060
4087
3842
3794
3842
3842
3837
3810
4054
4059
4059
4304
4304
4304
4059
3948
3948
3949
3949
4060
4060
4059
4304
4304
4304
4145
4145
4145
4140
4141
4146
4146
4146
4305
4305
4332
4332
4332
4332
4332
3935
3935
3935
4332
4874
4874
4826
4284
4257
4257
3855
3903
3903
3903
3903
3605
3506
3804
3756
3855
3854
3854
3854
3853
3853
3853
4395
4395
4395
3959
3986
3986
3986
3986
4388
4436
4034
4034
4007
3709
3709
3709
3465
3127
3127
3122
3149
3149
3149
3447
3447
3785
3786
3786
3786
3738
3579
3903
3903
3903
3908
3903
3903
4305
3981
3882
4206
4207
4255
4207
4206
4206
4205
4205
4304
4305
4310
3986
3986
4310
4310
4283
4282
4282
3958
3847
4006
4330
4330
4231
4232
4232
3934
3929
3930
4029
4029
4029
4029
4034
4034
4034
4034
4029
3930
3930
4029
4029
4029
4077
4082
4193
4193
4437
4193
4192
4192
4192
4192
4219
4108
4109
4010
4009
4120
4119
4119
4417
4417
4306
4306
4306
4301
4301
4400
4301
4301
4301
4301
4301
4301
4302
4057
4301
4306
4742
4694
4667
4667
4667
4667
4668
4668
4668
4668
4767
4767
4608
4608
4608
4608
4608
4608
4608
4656
4655
4655
4682
4140
4299
4544
4544
4496
4497
4497
4497
4497
4492
4492
4492
4492
4492
4492
4492
4492
4492
4154
4696
4537
4536
4541
4541
4541
4879
4852
4852
4852
5011
5011
5010
4851
4851
4851
4851
4851
4878
4878
4442
4442
4490
4166
4167
4167
4167
4167
4167
3922
3922
3921
4357
4357
4352
4511
4463
4464
4575
4548
4872
4872
4899
4800
4800
4420
4420
4096
4096
4095
4068
4069
4069
4069
4074
4069
4074
4074
4074
4074
4454
4454
4699
4699
4699
5023
5023
5023
5023
5071
5071
4773
4773
4773
4614
4614
4614
4713
4713
4713
4602
4602
4602
4713
4713
4713
4713
4713
4713
4713
5011
5011
5011
5012
4964
4964
5123
5123
5024
5024
5024
5024
5024
4913
4913
4913
4913
4913
4913
4913
4940
4940
5039
5039
5038
5038
5038
4740
4740
4713
4614
4725
4725
4725
4725
4725
4566
4566
4566
4565
4565
4565
4565
4613
4772
4772
4772
4772
5070
5070
5070
5071
5071
5071
5071
5071
5066
5066
5066
5066
4907
4907
5006
5033
5033
5033
5033
5033
5033
5034
4935
4935
4935
4935
4935
4935
4824
4823
4796
4796
4254
4259
4259
4259
4260
4802
4797
4908
4908
4908
4908
4908
4908
4913
4913
4913
4913
4913
4913
4940
4939
5038
5038
5038
5039
5039
5039
5039
5039
5039
5039
5039
5039
4715
4710
5034
5034
5034
5034
5039
4659
4659
4335
4308
4308
4308
4308
4063
4222
4222
4221
4110
4011
4335
4335
4335
4335
4336
4336
4336
4331
4331
4442
4442
4442
4442
4394
4774
4774
4774
4774
4773
4773
4774
4779
4620
4620
4619
4718
4713
4761
4761
4713
4469
4496
4469
4468
4713
4713
4713
4713
4713
4602
4607
4766
4766
4766
4766
4521
4521
4522
4523
4523
4768
4768
4768
4767
4768
4768
4816
4815
4767
4767
4768
4763
4425
4430
4457
4457
4457
4212
4211
4259
4259
4370
4614
4952
4953
4926
4926
4926
4953
4953
4953
4842
4841
4841
4841
4841
4742
4715
4715
4960
4960
4960
4960
5071
4960
4960
4987
4986
4986
4986
4986
4741
4741
4714
4959
4959
4579
4579
4579
4606
4607
4607
4448
4448
4828
4828
4828
4828
4828
4828
4829
4829
4940
4892
4892
4892
4781
4781
4776
4775
4775
4775
4775
4776
4776
4776
4776
4776
4776
4776
4775
4775
4775
4775
4780
4891
5050
5050
5050
5049
5049
5049
5049
5049
5050
4891
4647
4891
4891
5050
5051
5050
5098
4987
4828
4828
4939
4939
4939
4939
4939
5098
5098
5093
5066
5066
5066
5066
5066
5066
5067
5066
5066
5066
5066
5066
5066
4524
5066
5165
5166
5166
5166
5166
5166
5165
5166
5193
5166
5166
5166
5165
5165
5165
5165
5170
5170
5197
5197
5197
5197
5197
5197
5197
5197
5197
5196
5196
5196
5196
4760
4761
4219
4219
4761
4756
4756
4756
4756
4756
4756
5192
5193
5193
5193
5193
5193
5193
4869
4869
4869
5193
5193
4796
4769
4670
4670
4559
4586
4427
4426
4431
4431
4542
4542
4542
4542
4701
4701
4701
4701
4653
4648
4648
4648
4648
4648
4648
4404
4404
4404
4648
4648
4648
4696
4696
4696
4697
4796
4796
4796
4796
4796
4796
4769
4769
4769
4769
4769
4768
4768
4768
4768
4768
4768
4768
4768
4768
4768
4366
4366
4393
4393
4393
4393
4790
4795
4747
4747
4747
4502
4502
4502
4502
4502
4502
4503
4502
4550
4550
4795
4796
4796
4796
4796
4796
5198
5198
5198
5198
5198
5198
5198
5198
5198
5198
5171
5170
5170
5170
5170
5170
5170
5170
4872
4872
4872
4872
4867
4867
4867
4867
4867
5165
5166
5166
5165
5166
5166
5166
5166
5166
5166
5166
5166
5166
5166
5166
5166
5166
5165
5165
5165
5165
5165
5165
5165
5165
5066
5066
5066
5071
5071
5071
5071
5071
5071
5071
5072
5071
5071
5071
5072
5071
5071
5071
5071
5070
5070
5022
4911
5022
4777
4777
4777
4777
4825
4825
4825
4820
4820
4820
4820
4820
4821
4821
4920
4920
4921
4948
4948
4948
4948
4921
4921
4920
4920
4920
4920
4920
4920
4920
4947
4899
4899
4899
4899
4872
4872
4872
4877
4925
4925
4814
4809
4809
4407
4408
4408
4408
4408
4408
4408
4408
4407
4407
4408
4519
4519
4546
4546
4546
4545
4546
4546
4519
4519
4518
4920
4947
4947
5192
5192
5192
5165
5165
5165
5117
5117
5165
5165
5165
5165
5165
5165
5165
5165
5192
5081
5081
5081
5086
5086
5081
5054
5054
5054
5054
5081
5033
5033
5033
5033
5033
4735
4576
4581
4554
4665
4665
4666
4666
4666
4666
4666
4661
4661
4660
4561
4561
4561
4561
4561
4588
4588
4588
4588
4588
4588
4588
4588
4587
4592
4592
4592
4592
4592
4593
4588
4588
4588
4588
4588
4561
4561
4561
4609
4498
4498
4609
4636
4636
4735
4735
4734
4734
4734
4734
4734
4734
4707
4707
4708
4708
4708
4709
4714
4376
4277
4277
4277
4277
4376
4403
4403
4403
4403
4403
4403
4403
4292
4292
4292
4244
4244
4244
4403
4403
4741
4852
4608
4608
4603
4901
4901
4901
4900
4900
4900
4900
4900
4900
4900
4948
4948
4948
4948
4948
4947
4899
4899
4899
4900
4900
4900
4900
4873
4873
4873
4873
4873
4873
4873
4873
4873
4872
4872
4899
4899
4899
4899
4899
4899
4899
4899
4899
5143
5044
5044
5044
5044
5044
5044
5044
5044
5044
5044
5049
5097
5097
4986
4986
4986
5085
5037
5038
5038
5038
5038
5038
5038
5038
5038
5038
5039
5039
5039
5038
5039
5039
5150
5150
5150
5150
5150
5150
5150
5150
5150
5150
5145
5144
5144
5143
5143
5143
5143
5143
4805
4806
4806
4806
4807
4807
4780
4780
4780
4780
4780
4779
4779
4779
5117
5117
5117
5122
5123
5123
5123
4964
4964
4964
4964
4865
4865
4913
4913
4913
4913
4371
4371
4371
4371
4530
4530
4530
4530
4530
4530
4529
4529
4556
4556
4557
4656
4656
4656
4656
4656
4651
4650
4649
4649
4649
4649
4649
4649
4649
5191
5191
5080
5080
4921
4921
4921
4921
4921
5080
5080
5032
5033
5144
5144
5144
5144
5144
5143
5143
5191
5191
5191
5192
5191
5191
5191
5191
5080
5080
5191
5191
5191
5191
5191
5191
5191
5191
5191
5191
5191
5192
5192
5192
5192
5192
5192
5192
5192
5192
5192
5081
5080
5080
5081
5081
5081
5081
5081
5081
5081
5081
5081
5086
5086
5086
5086
5086
5086
5086
5087
5060
5055
5054
5054
5054
5054
5054
5054
5053
5054
5006
5006
5054
5054
5054
5054
5054
5055
5055
5055
5055
5055
5054
5054
5053
5054
5054
5054
5055
5055
5055
5054
5054
5054
5054
5059
5086
5086
5038
5086
5086
5086
5087
5086
5087
5198
5198
5198
5198
5198
5193
5193
5193
5193
5193
5193
5193
5193
5193
5193
5193
5193
5193
5082
5082
5082
5082
5082
5082
5081
5081
5081
5081
5081
5081
5081
5081
5081
5080
5080
5080
5080
5081
5086
4927
4927
4927
4927
4603
4504
4504
4504
4504
4504
4504
4504
4504
4504
4615
4615
4614
4713
5037
5038
5038
5038
5037
5037
5196
5196
5196
5196
5169
5121
5121
5148
5148
5143
5144
5144
5144
5144
5149
5149
5149
5149
5149
5149
5149
5149
5149
5150
5150
5150
5150
5150
5150
5198
5198
5198
5198
5198
5198
5198
5198
5198
5198
5198
5171
5171
5166
5055
5055
5055
5055
5082
5082
5082
5082
5087
5087
5087
5087
5087
5087
5087
5087
5087
5087
5087
5087
5087
5082
5082
5081
5081
5081
5081
5081
5081
5081
5081
5054
5081
5081
5081
5081
5192
5193
4855
4855
4855
4855
4854
4827
4827
4827
4827
4827
4828
4828
4855
4855
4855
4860
4860
4860
4860
4860
4860
4860
4860
4860
4860
4860
5198
5198
5198
5150
5150
5150
5150
5149
5149
5149
5148
5148
5148
5149
5144
5192
5192
5197
5197
5170
5170
5197
5197
5197
5197
5196
5196
5196
5196
5196
5196
5196
5169
5170
5170
5170
5170
5197
5197
5192
5192
5192
5197
5197
5197
5197
5197
5197
5197
5197
5197
5198
5198
5198
5198
5198
5197
5197
5197
5198
5198
5171
5198
5039
5039
5038
5033
5033
5033
5033
5033
5033
5033
5033
5033
5032
5032
5032
5032
5033
5033
5033
5033
5033
5033
4934
4934
4934
4934
4934
4934
4934
4934
4934
4934
4934
4934
4934
4934
4934
4934
4939
4939
4939
4939
4939
4939
5038
5038
5038
5038
5038
5038
5038
5038
5038
4990
4990
4990
4990
4990
4990
4990
4891
4864
4864
4864
4864
4864
4864
4864
4864
4865
4865
4865
4864
4864
4864
4912
4912
4912
4912
4913
4913
5072
5071
5071
5071
5071
5072
5072
5072
5072
5072
5072
5072
5071
5071
5023
5023
5018
5045
5045
5045
5045
5045
5045
5045
5045
5045
5045
5050
5049
5049
5097
5196
5196
5197
5197
5192
5192
5192
5192
5192
5192
5192
5192
5144
5144
5144
5144
5144
5149
5149
5149
5149
5149
5149
5149
5149
5149
5149
5149
5144
5144
5144
5144
5149
5149
5038
5038
5038
5038
5038
5149
5144
5192
5192
5192
5191
5191
5191
5191
5191
5191
5192
5192
5192
5192
5192
5192
5165
5164
5165
5165
5165
5165
5054
5054
5054
5054
5059
5059
5170
5170
5170
5170
5197
5197
5197
5197
5197
5197
5197
5197
5197
5197
5197
5197
5198
5198
5198
5171
5171
5171
5171
5170
5170
5170
5170
5170
5170
5170
5170
5170
5170
5170
5170
5122
5122
5122
5122
5122
5123
5123
5123
5123
5123
5118
5166
5166
5165
5164
5191
5191
5164
5164
5164
5191
5191
5191
5191
5164
5164
5164
5164
5165
5165
5165
5117
5118
5118
5118
5145
5145
5145
5145
5145
5145
5145
5145
5144
5144
5144
5149
5150
5149
5197
5197
5197
5197
5197
5197
5170
5170
5170
5170
5170
5170
5171
5171
5170
5170
5170
5170
5170
5170
5170
5170
5011
5012
5012
5012
5012
5007
5012
5012
5012
5012
5012
5012
5012
5012
5012
5012
5012
5039
5039
5039
5038
5038
5197
5197
5197
5197
5197
5197
5198
5193
5193
5193
5193
5193
5193
5192
5192
5192
5192
5191
5191
5192
5193
5193
5192
5192
5192
5192
5192
5192
5192
5192
5193
5193
5192
5192
5192
5192
5192
5192
5192
5192
5192
5165
5165
5165
5165
5165
5164
5164
5164
5164
5191
5191
5191
5192
5192
5192
5192
5192
5192
5192
5192
5192
5192
5192
5192
5192
5192
5192
5192
5193
5193
5193
5193
5193
5193
5193
5193
5193
5193
5193
5193
5193
5193
5193
5193
5193
5193
5193
5192
5192
5192
5192
5192
5165
5165
5165
5165
5165
5165
5192
5192
5192
5192
5192
5193
5192
5192
5192
5192
5192
5192
5191
5191
5191
5191
5191
5191
5191
5191
5191
5191
5191
5196
5196
5196
5196
5196
5196
5196
5196
5196
5196
5196
5196
5037
5037
5037
5037
5037
5037
5037
5037
5037
5037
5037
5037
5037
5037
5037
5196
5196
5196
5196
5196
5196
5196
5196
5196
5196
5196
5197
5197
5197
5197
5197
5197
5197
5197
5198
5198
5198
5198
5198
5198
5198
5197
5197
5196
5196
5196
5197
5197
5197
5197
5197
5197
5197
5197
5197
5197
5197
5197
5197
5197
5197
5197
5197
5197
5192
5192
5193
5193
5198
5198
5197
5197
5149
5149
5149
5149
5149
5144
5145
5145
5144
5145
5145
5145
5145
5145
5145
5145
5145
5145
5144
5144
5144
5144
5144
5149
5122
5122
5122
5122
5122
5122
5122
5122
5149
5149
5149
5149
5149
5149
5149
5149
5149
5148
5148
5148
5149
5149
5149
5149
5149
5149
5149
5149
5150
5150
5149
5149
5149
5148
5148
5148
5149
5148
5149
5149
5122
5149
5149
5150
5150
5150
5150
5150
5145
5118
5118
5118
5118
5118
5118
5166
5166
5165
5165
5165
5165
5166
5171
5171
5171
5170
5170
5169
5164
5165
5165
5165
5170
5170
5170
5197
5197
5149
5148
5148
5149
5150
5198
5198
5198
5198
5198
5198
5198
5198
5198
5198
5198
5198
5198
5198
5198
5198
5198
5198
5198
5198
5198
5198
5198
5150
5150
5150
5150
5150
5150
5149
5149
5149
5149
5149
5149
5149
5149
5148
5148
5148
5149
5149
5149
5149
5150
5150
5150
5150
5150
5150
5150
5150
5150
5150
5150
5150
5145
5193
5193
5193
5193
5193
5193
5192
5192
5192
5192
5192
5192
5192
5192
5192
5192
5197
5197
5197
5197
5197
5197
5197
5197
5197
5170
5170
5170
5170
5170
5170
5170
5170
5170
5170
5170
5171
5171
5171
5171
5171
5171
5171
5170
5170
5170
5170
5169
5169
5196
5196
5196
5197
5197
5197
5197
5197
5197
5197
5196
5196
5197
5197
5197
5198
5198
5171
5198
5198
5198
5198
5198
5198
5198
5198
5198
5198
5198
5198
5198
5198
5171
5170
5170
5170
5170
5170
5170
5170
5170
5170
5170
5170
5170
5170
5170
5170
5170
5170
5170
5170
5170
5170
5170
5169
5169
5169
5169
5169
5169
5169
5169
5169
5169
5169
5170
5170
5170
5170
5170
5169
5169
5169
5196
5196
5196
5197
5197
5197
5197
5197
5197
5192
5192
5192
5192
5192
5192
5192
5192
5192
5191
5191
5192
5192
5192
5192
5192
5192
5192
5192
5193
5198
5198
5198
5198
5198
5198
5198
5197
5197
5197
5197
5197
5197
5197
5197
5197
5197
5197
5170
5170
5170
5170
5170
5170
5170
5170
5169
5169
5164
5164
5164
5164
5164
5164
5169
5169
5169
5164
5164
5164
5165
5164
5164
5164
5164
5164
5164
5164
5164
5164
5164
5165
5165
5192
5192
5192
5191
5191
5191
5191
5191
5191
5196
5196
5196
5196
5196
5196
5191
5191
5191
5191
5191
5191
5191
5191
5191
5192
5192
5192
5192
5192
5192
5191
5191
5191
5191
5191
5191
5191
5191
5191
5191
5191
5191
5191
5191
5191
5191
5196
5196
5196
5196
5196
5196
5196
5196
5197
5197
5197
5197
5197
5197
5192
5192
5192
5192
5192
5192
5197
5197
5197
5197
5197
5197
5197
5197
5192
5192
5191
5191
5191
5191
5191
5191
5191
5191
5191
5191
5191
5191
5191
5191
5191
5191
5191
5191
5191
5191
5191
5191
5191
5191
5191
5191
5191
5196
5196
5196
5196
5148
5148
5148
5148
5148
5148
5148
5148
5148
5148
5148
5196
5196
5196
5196
5196
5196
5196
5196
5196
5196
5196
5196
5197
5197
5197
5197
5197
5197
5197
5197
5196
5197
5197
5197
5197
5192
5197
5197
5197
5196
5196
5196
5196
5196
5196
5196
5196
5197
5197
5197
5197
5197
5197
5197
5197
5197
5197
5197
5197
5197
5197
5197
5197
5197
5197
5197
5197
5197
5197
5197
5198
5198
5198
5198
5198
5198
5198
5198
5198
5198
5198
5197
5197
5197
5197
5196
5196
5196
5196
5197
5198
5198
5198
5198
5198
5198
5198
5198
5198
5198
5198
5198
5150
5150
5150
5150
5149
5149
5149
5149
5149
5150
5150
5150
5150
5150
5150
5150
5150
5150
5150
5150
5150
5150
5150
5150
5150
5150
5150
5150
5150
5150
5150
5150
5150
5150
5150
5198
5198
5198
5197
5197
5197
5197
5197
5197
5197
5197
5197
5197
5197
5197
5197
5197
5197
5197
5197
5192
5192
5192
5192
5192
5192
5192
5192
5192
5192
5192
5192
5192
5192
5192
5192
5192
5192
5192
5192
5192
5192
5193
5193
5193
5193
5198
5198
5198
5198
5198
5193
5193
5193
5193
5193
5193
5192
5192
5192
5192
5192
5193
5193
5193
5193
5193
5193
5193
5193
5193
5193
5193
5193
5193
5192
5192
5192
5197
5197
5197
5197
5192
5191
5191
5164
5164
5164
5164
5164
5164
5164
5164
5164
5164
5164
5164
5165
5170
5170
5170
5170
5170
5165
5165
5165
5165
5166
5166
5166
5193
5193
5193
5193
5193
5193
5193
5193
5193
5193
5193
5193
5193
5193
5193
5193
5193
5193
5193
5193
5193
5193
5192
5192
5192
5192
5192
5192
5192
5193
5193
5193
5193
5193
5193
5193
5193
5193
5193
5193
5193
5193
5193
5193
5193
5193
5166
5165
5165
5165
5165
5165
5165
5166
5166
5166
5166
5166
5166
5165
5165
5166
5166
5193
5193
5193
5193
5193
5192
5192
5192
5192
5192
5192
5191
5196
5196
5196
5196
5196
5197
5197
5197
5198
5193
5193
5193
5193
5193
5193
5193
5193
5193
5192
5192
5192
5192
5192
5192
5192
5192
5192
5192
5192
5192
5192
5192
5192
5192
5192
5192
5192
5192
5192
5192
5192
5191
5191
5191
5191
5191
5191
5191
5191
5191
5191
5192
5144
5145
5145
5150
5145
5145
5145
5145
5145
5145
5145
5145
5145
5144
5145
5145
5145
5145
5144
5144
5144
5144
5144
5144
5144
5144
5144
5144
5144
5144
5192
5192
5197
5197
5197
5196
5197
5197
5197
5198
5198
5198
5198
5198
5198
5198
5197
5197
5197
5197
5197
5197
5197
5197
5197
5197
5197
5197
5197
5197
5197
5197
5197
5197
5197
5197
5197
5197
5197
5198
5198
5198
5198
5198
5198
5198
5198
5198
5193
5193
5193
5193
5192
5192
5192
5192
5192
5192
5192
5192
5192
5192
5192
5192
5193
5193
5193
5193
5193
5193
5193
5193
5193
5193
5193
5192
5192
5192
5192
5192
5192
5192
5192
5192
5192
5192
5197
5197
5192
5192
5193
5193
5193
5193
5192
5192
5192
5192
5192
5192
5192
5192
5192
5192
5192
5192
5192
5192
5192
5192
5192
5192
5192
5192
5165
5165
5165
5165
5165
5165
5165
5165
5165
5165
5165
5165
5165
5165
5165
5165
5165
5165
5165
5164
5164
5164
5164
5164
5169
5169
5169
5169
5169
5170
5170
5170
5170
5197
5197
5197
5197
5197
5197
5197
5197
5197
5197
5197
5197
5197
5197
5198
5198
5198
5198
5198
5198
5198
5198
5198
5198
5193
5193
5193
5198
5198
5197
5197
5197
5197
5197
5197
5197
5197
5197
5197
5198
5198
5198
5198
5198
5198
5198
5197
5197
5197
5197
5198
5198
5198
5198
5198
5198
5198
5197
5197
5197
5197
5196
5196
5196
5196
5191
5191
5191
5191
5191
5191
5196
5196
5197
5197
5197
5198
5198
5198
5198
5198
5197
5197
5197
5197
5197
5198
5198
5198
5193
5193
5193
5192
5192
5192
5192
5192
5192
5192
5192
5191
5191
5191
5191
5196
5196
5196
5196
5196
5196
5196
5196
5196
5196
5169
5169
5169
5169
5169
5169
5170
5170
5170
5170
5170
5170
5170
5170
5170
5171
5171
5171
5171
5171
5171
5171
5171
5170
5170
5170
5170
5170
5170
5170
5170
5170
5170
5170
5197
5198
5198
5198
5198
5198
5198
5198
5198
5198
5198
5198
5198
5198
5197
5197
5197
5197
5197
5197
5197
5196
5196
5196
5196
5196
5191
5191
5191
5192
5192
5192
5193
5198
5198
5198
5198
5171
5171
5171
5171
5171
5171
5171
5171
5171
5171
5171
5171
5171
5171
5170
5170
5171
5171
5166
5166
5166
5166
5166
5166
5166
5166
5166
5166
5166
5166
5166
5165
5165
5165
5165
5165
5165
5165
5165
5165
5165
5165
5165
5165
5165
5165
5165
5165
5166
5166
5166
5171
5166
5166
5166
5165
5165
5165
5170
5170
5170
5170
5170
5197
5197
5197
5197
5197
5197
5198
5198
5198
5198
5198
5198
5198
5198
5198
5198
5197
5197
5197
5197
5197
5197
5197
5197
5197
5197
5197
5197
5197
5197
5197
5197
5197
5197
5197
5197
5197
5197
5197
5197
5197
5197
5197
5197
5198
5198
5198
5198
5198
5197
5197
5197
5197
5197
5192
5192
5191
5196
5196
5196
5196
5196
5196
5196
5196
5196
5196
5197
5197
5197
5197
5197
5197
5197
5197
5197
5197
5197
5197
5197
5196
5196
5196
5196
5196
5196
5197
5197
5196
5196
5196
5196
5196
5196
5196
5196
5196
5196
5196
5197
5197
5197
5197
5192
5192
5192
5192
5192
5192
5192
5192
5192
5192
5192
5192
5197
5197
5197
5197
5197
5192
5192
5192
5192
5192
5192
5192
5192
5192
5192
5192
5192
5192
5192
5192
5192
5192
5192
5192
5197
5197
5197
5197
5197
5197
5197
5197
5197
5197
5197
5197
5198
5198
5198
5198
5198
5198
5198
5198
5198
5198
5198
5198
5198
5197
5197
5197
5197
5197
5198
5197
5197
5198
5198
5198
5198
5197
5197
5197
5197
5196
5196
5196
5196
5196
5197
5197
5197
5196
5196
5196
5196
5196
5196
5196
5196
5196
5196
5196
5196
5196
5197
5198
5198
5198
5198
5198
5198
5198
5197
5197
5197
5197
5197
5197
5197
5197
5197
5197
5197
5197
5197
5197
5198
5198
5198
5198
5197
5197
5197
5197
5197
5197
5197
5197
5197
5197
5197
5197
5197
5197
5197
5197
5198
5198
5198
5198
5198
5198
5198
5198
5197
5197
5197
5197
5197
5197
5197
5196
5196
5196
5196
5196
5196
5196
5196
5196
5196
5196
5196
5196
5196
5196
5196
5196
5196
5196
5196
5196
5196
5196
5196
5197
5197
5197
5197
5197
5197
5197
5197
5197
5197
5197
5197
5192
5192
5192
5192
5192
5192
5197
5197
5197
5197
5197
5197
5197
5197
5198
5198
5198
5198
5198
5198
5198
5193
5193
5193
5193
5193
5193
5198
5198
5198
5198
5198
5198
5198
5198
5198
5198
5193
5193
5193
5193
5193
5193
5193
5198
5193
5193
5193
5193
5193
5193
5193
5193
5193
5192
5192
5192
5192
5192
5192
5192
5192
5192
5193
5193
5193
5193
5193
5192
5192
5192
5192
5191
5191
5191
5191
5191
5191
5191
5191
5191
5191
5191
5191
5191
5191
5191
5191
5191
5192
5193
5193
5193
5193
5193
5193
5193
5193
5193
5193
5193
5193
5192
5192
5192
5192
5192
5192
5192
5192
5192
5192
5192
5192
5192
5192
5192
5192
5192
5191
5191
5191
5191
5196
5196
5196
5196
5196
5196
5197
5197
5197
5196
5196
5196
5196
5196
5196
5196
5196
5196
5196
5196
5196
5196
5196
5196
5196
5196
5196
5196
5196
5196
5196
5196
5196
5196
5196
5196
5196
5197
5197
5198
5198
5198
5198
5198
5197
5197
5197
5197
5197
5197
5197
5197
5196
5196
5196
5196
5196
5196
5196
5196
5196
5196
5196
5196
5196
5196
5196
5197
5197
5197
5196
5196
5196
5196
5197
5198
5198
5198
5197
5196
5197
5197
5197
5197
5197
5197
5197
5197
5197
5197
5197
5197
5197
5197
5197
5198
5198
5198
5197
5198
5198
5198
5197
5197
5197
5197
5197
5197
5192
5192
5192
5191
5191
5192
5192
5192
5192
5192
5191
5192
5192
5192
5192
5191
5191
5191
5191
5191
5191
5191
5191
5191
5191
5191
5191
5191
5191
5191
5191
5191
5191
5191
5191
5191
5192
5192
5192
5192
5193
5193
5193
5193
5193
5193
5198
5198
5197
5197
5197
5197
5197
5197
5197
5197
5197
5197
5197
5197
5192
5192
5192
5192
5192
5192
5192
5192
5192
5192
5192
5192
5192
5192
5192
5192
5197
5197
5197
5197
5197
5197
5197
5197
5197
5197
5197
5198
5198
5198
5198
5198
5198
5198
5198
5197
5197
5197
5197
5197
5197
5197
5197
5197
5192
5192
5192
5192
5192
5192
5192
5192
5192
5192
5192
5192
5192
5192
5192
5191
5191
5191
5191
5192
5192
5192
5193
5193
5193
5193
5193
5193
5193
5193
5193
5193
5193
5198
5197
5197
5198
5198
5198
5198
5198
5198
5198
5198
5198
5198
5198
5198
5198
5198
5198
5198
5198
5198
5198
5198
5198
5198
5198
5193
5192
5192
5192
5192
5192
5192
5192
5192
5193
5193
5193
5193
5192
5192
5192
5192
5192
5192
5192
5192
5192
5192
5192
5192
5192
5192
5192
5192
5192
5192
5192
5192
5191
5191
5191
5191
5191
5191
5191
5191
5191
5191
5191
5191
5191
5191
5191
5191
5191
5191
5192
5192
5192
5193
5193
5193
5193
5193
5193
5193
5193
5192
5192
5192
5192
5192
5192
5193
5193
5193
5193
5193
5193
5192
5192
5192
5192
5192
5193
5198
5198
5193
5193
5193
5193
5193
5193
5193
5193
5193
5193
5192
5192
5192
5191
5191
5191
5191
5192
5192
5192
5192
5192
5192
5192
5192
5192
5197
5197
5197
5197
5197
5197
5197
5197
5197
5192
5192
5192
5192
5192
5192
5192
5197
5197
5197
5197
5197
5197
5197
5197
5197
5197
5197
5197
5197
5197
5197
5197
5197
5197
5197
5197
5197
5197
5197
5197
5197
5197
5197
5197
5198
5198
5198
5198
5198
5198
5198
5198
5198
5198
5198
5198
5198
5198
5198
5198
5198
5198
5198
5198
5197
5197
5197
5197
5197
5197
5197
5197
5197
5197
5197
5197
5197
5197
5198
5198
5198
5198
5198
5198
5198
5198
5198
5197
5197
5197
5197
5197
5197
5197
5197
5197
5192
5191
5191
5191
5191
5191
5191
5191
5191
5191
5196
5196
5196
5196
5196
5196
5196
5196
5197
5197
5197
5197
5197
5197
5197
5197
5197
5197
5197
5197
5197
5197
5197
5197
5197
5196
5197
5197
5197
5197
5197
5197
5197
5197
5197
5197
5197
5197
5197
5197
5197
5197
5197
5197
5197
5197
5197
5197
5197
5197
5197
5197
5197
5196
5196
5196
5196
5197
5197
5197
5197
5197
5198
5198
5198
5198
5198
5198
5198
5198
5198
5198
5198
5197
5197
5198
5198
5198
5198
5198
5197
5197
5197
5197
5196
5196
5197
5197
5197
5197
5197
5198
5198
5198
5198
5198
5198
5198
5197
5197
5197
5197
5197
5197
5197
5197
5197
5197
5197
5197
5198
5198
5198
5198
5198
5198
5198
5198
5198
5197
5197
5197
5197
5197
5197
5197
5197
5197
5197
5197
5197
5197
5197
5197
5197
5197
5197
5197
5197
5197
5196
5196
5196
5196
5196
5196
5196
5196
5196
5196
5196
5196
5196
5196
5196
5196
5196
5196
5197
5197
5197
5197
5197
5197
5197
5197
5197
5197
5197
5198
5198
5197
5197
5198
5198
5198
5197
5197
5197
5197
5197
5197
5197
5197
5197
5197
5197
5197
5197
5197
5197
5197
5198
5198
5198
5198
5198
5198
5198
5198
5198
5198
5198
5198
5198
5198
5198
5198
5198
5198
5198
5198
5198
5198
5197
5197
5197
5197
5198
5198
5198
5198
5198
5198
5198
5198
5198
5198
5198
5198
5198
5198
5198
5198
5198
5198
5198
5198
5198
5198
5198
5198
5197
5197
5197
5197
5197
5197
5197
5197
5197
5197
5192
5192
5192
5197
5197
5197
5197
5197
5197
5197
5197
5197
5197
5197
5197
5197
5197
5197
5197
5197
5197
5197
5197
5197
5197
5197
5197
5197
5197
5197
5197
5197
5197
5197
5197
5197
5197
5197
5197
5197
5196
5196
5196
5196
5196
5197
5197
5197
5197
5197
5197
5197
5197
5197
5197
5196
5196
5196
5196
5196
5196
5196
5197
5197
5197
5197
5197
5197
5197
5197
5197
5198
5198
5198
5198
5198
5198
5198
5198
5198
5198
5198
5198
5198
5198
5198
5198
5198
5198
5198
5197
5197
5197
5197
5197
5197
5196
5196
5197
5197
5197
5197
5197
5197
5197
5197
5197
5197
5197
5197
5197
5197
5197
5197
5197
5197
5197
5197
5197
5197
5197
5197
5197
5197
5197
5197
5197
5197
5197
5197
5197
5197
5197
5197
5197
5197
5197
5197
5197
5197
5197
5197
5198
5198
5198
5198
5197
5197
5197
5197
5197
5197
5198
5198
5198
5197
5197
5197
5197
5197
5197
5197
5196
5197
5197
5197
5196
5196
5196
5196
5197
5197
5197
5197
5197
5197
5197
5198
5198
5198
5198
5197
5197
5197
5197
5197
5197
5197
5197
5197
5197
5197
5197
5198
5198
5198
5198
5198
5198
5198
5197
5197
5197
5197
5196
5196
5196
5196
5196
5197
5197
5197
5197
5197
5197
5197
5196
5196
5196
5196
5197
5197
5197
5197
5197
5197
5197
5197
5197
5197
5197
5197
5197
5197
5197
5197
5197
5197
5197
5197
5197
5197
5197
5197
5197
5197
5197
5197
5197
5197
5198
5197
5197
5197
5197
5197
5197
5197
5197
5197
5197
5197
5197
5197
5197
5197
5197
5197
5197
5197
5197
5197
5197
5197
5197
5197
5197
5197
5197
5197
5197
5197
5197
5197
5197
5197
5196
5196
5196
5196
5196
5196
5196
5196
5196
5196
5196
5191
5192
5192
5192
5192
5192
5192
5192
5192
5192
5192
5191
5191
5191
5192
5192
5192
5192
5192
5192
5192
5192
5192
5192
5192
5192
5192
5191
5191
5191
5196
5197
5197
5198
5198
5198
5198
5198
5198
5198
5198
5198
5197
5197
5197
5197
5197
5197
5197
5197
5197
5197
5197
5197
5197
5197
5197
5197
5197
5197
5197
5197
5198
5198
5198
5198
5198
5198
5198
5198
5198
5198
5198
5198
5197
5197
5197
5198
5197
5196
5196
5196
5196
5196
5196
5196
5196
5196
5196
5196
5196
5196
5196
5196
5196
5196
5196
5196
5196
5196
5197
5197
5197
5197
5197
5198
5198
5198
5198
5198
5198
5198
5198
5198
5198
5198
5198
5198
5198
5198
5198
5198
5198
5198
5198
5198
5198
5198
5198
5198
5198
5198
5198
5198
5198
5198
5198
5198
5198
5198
5198
5197
5197
5198
5198
5198
5198
5198
5198
5198
5198
5198
5198
5198
5197
5197
5197
5197
5197
5197
5197
5198
5198
5198
5198
5198
5198
5198
5198
5198
5198
5198
5198
5198
5198
5198
5198
5198
5198
5198
5198
5198
5197
5197
5197
5197
5197
5197
5197
5197
5197
5197
5197
5197
5196
5196
5196
5196
5197
5197
5197
5197
5197
5197
5197
5197
5197
5197
5197
5197
5197
5197
5197
5197
5197
5197
5197
5197
5197
5197
5197
5197
5197
5197
5198
5198
5197
5197
5197
5197
5197
5197
5197
5197
5197
5197
5198
5198
5198
5198
5197
5197
5197
5197
5197
5197
5197
5197
5197
5197
5197
5197
5192
5192
5192
5192
5192
5191
5191
5191
5192
5192
5192
5192
5192
5192
5192
5192
5192
5192
5197
5197
5196
5196
5196
5196
5197
5197
5197
5192
5192
5192
5192
5192
5192
5192
5192
5192
5192
5192
5192
5192
5197
5198
5198
5198
5198
5198
5198
5198
5198
5197
5197
5197
5197
5197
5197
5197
5197
5198
5198
5198
5198
5198
5197
5197
5198
5198
5198
5198
5198
5198
5198
5198
5198
5198
5198
5198
5198
5198
5198
5198
5198
5198
5198
5198
5198
5198
5198
5198
5198
5198
5198
5198
5198
5198
5198
5198
5197
5197
5197
5197
5197
5197
5197
5197
5197
5197
5197
5197
5197
5197
5197
5197
5197
5197
5197
5197
5197
5198
5198
5198
5198
5198
5198
5198
5198
5198
5197
5197
5197
5197
5197
5197
5197
5197
5197
5197
5197
5197
5197
5197
5197
5197
5197
5197
5197
5197
5197
5197
5197
5197
5197
5197
5197
5197
5197
5197
5197
5197
5197
5197
5197
5197
5197
5197
5197
5197
5197
5197
5197
5197
5197
5197
5196
5196
5196
5196
5196
5197
5197
5197
5197
5197
5197
5197
5197
5197
5197
5197
5197
5197
5197
5197
5197
5197
5198
5198
5198
5198
5198
5198
5198
5198
5198
5198
5198
5198
5198
5198
5198
5198
5198
5198
5198
5198
5198
5198
5198
5197
5197
5197
5197
5197
5197
5197
5197
5197
5197
5197
5197
5197
5197
5197
5197
5197
5198
5198
5198
5198
5198
5198
5198
5198
5193
5193
5193
5193
5193
5193
5193
5193
5193
5193
5193
5193
5193
5193
5193
5193
5193
5193
5193
5193
5193
5193
5193
5193
5193
5193
5193
5193
5192
5191
5196
5197
5197
5197
5197
5197
5197
5197
5197
5197
5197
5197
5197
5197
5197
5197
5197
5197
5197
5197
5197
5197
5197
5197
5197
5197
5197
5197
5197
5197
5197
5197
5197
5197
5197
5197
5197
5197
5197
5197
5197
5197
5197
5197
5197
5197
5197
5197
5197
5197
5197
5198
5198
5198
5198
5198
5198
5198
5198
5198
5198
5198
5198
5198
5198
5198
5197
5197
5197
5198
5198
5198
5198
5198
5198
5198
5198
5198
5197
5197
5197
5197
5197
5197
5197
5197
5197
5197
5197
5197
5197
5197
5197
5197
5198
5198
5198
5198
5198
5198
5198
5198
5198
5198
5198
5198
5198
5198
5198
5198
5198
5198
5198
5198
5198
5198
5198
5198
5198
5198
5198
5198
5198
5198
5198
5198
5198
5198
5198
5198
5198
5198
5198
5198
5198
5198
5198
5198
5198
5198
5198
5198
5198
5198
5198
5198
5198
5198
5198
5198
5198
5198
5198
5198
5198
5198
5198
5198
5198
5198
5198
5198
5198
5198
5198
5198
5198
5198
5198
5198
5198
5198
5198
5198
5198
5198
5198
5198
5198
5198
5198
5198
5197
5197
5198
5198
5198
5198
5198
5198
5197
5197
5197
5197
5197
5197
5197
5197
5197
5197
5197
5197
5197
5197
5197
5197
5197
5197
5197
5197
5197
5197
5197
5197
5197
5197
5197
5197
5197
5197
5197
5197
5197
5197
5197
5197
5197
5198
5198
5198
5198
5198
5198
5198
5198
5198
5198
5198
5198
5198
5198
5198
5198
5198
5198
5198
5198
5198
5198
5198
5198
5198
5198
5198
5198
5197
5197
5197
5197
5197
5197
5197
5197
5197
5197
5197
5197
5197
5197
5197
5197
5197
5197
5197
5197
5197
5197
5197
5197
5197
5197
5197
5197
5197
5197
5198
5198
5198
5198
5198
5198
5198
5198
5198
5198
5198
5198
5198
5197
5197
5197
5197
5197
5197
5197
5197
5197
5197
5197
5198
5198
5198
5198
5198
5198
5198
5198
5198
5198
5198
5198
5198
5198
5198
5198
5198
5198
5198
5198
5198
5198
5198
5198
5198
5198
5198
5198
5198
5198
5198
5198
5198
5198
5198
5198
5198
5198
5198
5198
5198
5197
5197
5197
5197
5197
5197
5197
5197
5197
5197
5197
5197
5197
5197
5197
5197
5197
5197
5197
5197
5197
5197
5197
5197
5197
5197
5197
5197
5197
5197
5197
5197
5197
5197
5197
5197
5197
5197
5197
5197
5197
5198
5198
5198
5198
5198
5197
5197
5197
5198
5198
5198
5198
5198
5198
5198
5198
5198
5198
5198
5197
5197
5197
5197
5197
5197
5198
5198
5198
5198
5198
5198
5198
5198
5198
5198
5198
5198
5198
5198
5198
5198
5198
5198
5198
5198
5198
5198
5198
5198
5198
5198
5198
5198
5198
5198
5198
5198
5198
5198
5198
5198
5198
5198
5198
5198
5198
5198
5198
5198
5198
5198
5198
5198
5198
5198
5198
5198
5198
5198
5198
5198
5198
5198
5198
5198
5198
5198
5198
5198
5198
5198
5198
5198
5198
5198
5198
5198
5198
5198
5198
5198
5198
5198
5198
5198
5198
5198
5198
5198
5198
5198
5198
5198
5198
5198
5198
5198
5198
5198
5197
5197
5197
5197
5197
5197
5197
5197
5197
5197
5197
5197
5197
5197
5197
5197
5197
5197
5197
5197
5197
5197
5197
5197
5197
5197
5197
5197
5197
5197
5197
5197
5197
5197
5197
5197
5197
5197
5197
5197
5197
5197
5198
5198
5198
5198
5198
5198
5198
5198
5198
5198
5198
5198
5198
5198
5198
5198
5198
5198
5198
5198
5198
5198
5197
5197
5197
5197
5197
5197
5197
5197
5197
5197
5197
5197
5197
5197
5197
5197
5197
5197
5197
5197
5197
5197
5197
5197
5198
5198
5198
5198
5198
5198
5198
5198
5198
5198
5198
5198
5198
5198
5198
5198
5198
5198
5198
5198
5198
5198
5198
5198
5198
5198
5198
5198
5198
5198
5198
5198
5198
5198
5198
5198
5198
5198
5198
5198
5198
5198
5198
5198
5198
5198
5198
5198
5198
5198
5198
5198
5198
5198
5198
5198
5198
5198
5198
5198
5198
5198
5198
5198
5198
5198
5198
5198
5198
5198
5198
5198
5198
5198
5198
5198
5198
5198
5198
5198
5198
5198
5198
5198
5198
5198
5198
5198
5198
5198
5198
5198
5198
5198
5198
5198
5198
5198
5198
5198
5198
5198
5198
5198
5198
5198
5198
5198
5198
5198
5198
5198
5198
5198
5198
5198
5198
5198
5198
5198
5198
5198
5198
5198
5198
5198
5198
5198
5198
5198
5198
5198
5198
5198
5198
5198
5198
5198
5198
5198
5198
5198
5198
5198
5198
5198
5198
5198
5198
5198
5198
5198
5198
5198
5198
5198
5198
5198
5198
5198
5198
5198
5198
5198
5198
5198
5198
5198
5198
5198
5198
5198
5198
5198
5198
5198
5198
5198
5198
5198
5198
5198
5198
5198
5198
5198
5198
5198
5198
5198
5198
5198
5198
5198
5197
5197
5197
5197
5197
5197
5197
5197
5197
5197
5197
5197
5197
5197
5197
5197
5197
5197
5197
5198
5198
5198
5198
5198
5198
5198
5198
5198
5198
5198
5198
5198
5198
5198
5198
5198
5198
5198
5198
5198
5198
5198
5198
5198
5198
5198
5198
5198
5198
5198
5198
5198
5197
5197
5197
5197
5197
5197
5197
5197
5197
5197
5197
5197
5197
5197
5197
5197
5197
5197
5197
5197
5198
5198
5198
5198
5198
5198
5198
5198
5198
5198
5198
5198
5198
5198
5198
5198
5198
5198
5198
5198
5198
5198
5198
5198
5198
5198
5198
5198
5198
5198
5198
5198
5198
5198
5198
5198
5198
5198
5198
5198
5198
5198
5198
5198
5198
5198
5198
5198
5198
5197
5197
5197
5197
5197
5197
5197
5197
5197
5197
5197
5197
5197
5197
5197
5197
5197
5197
5197
5197
5197
5197
5197
5197
5197
5197
5197
5197
5197
5197
5197
5197
5197
5197
5198
5198
5198
5198
5198
5198
5198
5198
5198
5198
5198
5198
5198
5198
5198
5198
5198
5198
5198
5198
5198
5198
5198
5198
5198
5198
5198
5198
5198
5198
5198
5198
5198
5198
5198
5198
5198
5198
5198
5198
5198
5198
5198
5198
5198
5198
5198
5198
5198
5198
5198
5198
5198
5198
5198
5198
5198
5198
5198
5198
5198
5198
5198
5198
5198
5198
5198
5198
5198
5198
5198
5198
5198
5198
5198
5198
5198
5198
5198
5198
5198
5198
5198
5198
5198
5198
5198
5198
5198
5198
5198
5198
5198
5198
5198
5198
5198
5198
5198
5198
5198
5198
5198
5198
5198
5198
5198
5198
5198
5198
5198
5198
5198
5198
5198
5198
5198
5198
5198
5198
5198
5198
5198
5198
5198
5198
5198
5198
5198
5198
5198
5198
5198
5198
5198
5198
5198
5198
5198
5198
5198
5198
5198
5197
5197
5197
5197
5197
5197
5197
5197
5197
5198
5198
5198
5198
5198
5198
5198
5198
5198
5198
5198
5198
5198
5198
5198
5198
5198
5198
5198
5197
5197
5197
5197
5197
5197
5197
5197
5197
5197
5197
5197
5197
5197
5197
5197
5197
5197
5197
5197
5197
5197
5197
5197
5197
5197
5197
5197
5197
5197
5197
5197
5197
5197
5197
5197
5197
5197
5197
5197
5198
5198
5198
5198
5198
5198
5198
5198
5198
5198
5198
5198
5198
5198
5198
5197
5198
5198
5198
5198
5198
5198
5198
5198
5198
5198
5198
5198
5198
5198
5198
5198
5198
5198
5197
5197
5197
5197
5197
5197
5197
5197
5197
5197
5197
5197
5197
5197
5197
5197
5197
5197
5197
5197
5198
5198
5198
5198
5198
5198
5198
5198
5198
5198
5197
5197
5197
5197
5197
5197
5197
5197
5197
5197
5197
5197
5198
5198
5198
5198
5198
5198
5198
5198
5198
5198
5198
5198
5198
5198
5198
5198
5198
5198
5198
5198
5198
5198
5198
5198
5198
5198
5198
5198
5198
5198
5198
5198
5198
5198
5198
5198
5198
5198
5198
5198
5198
5198
5198
5198
5198
5198
5198
5198
5198
5198
5198
5198
5198
5198
5198
5198
5198
5198
5198
5198
5198
5198
5198
5198
5198
5198
5198
5198
5198
5198
5198
5198
5198
5198
5198
5198
5198
5198
5198
5198
5198
5198
5198
5198
5198
5198
5198
5198
5198
5198
5198
5198
5198
5198
5198
5198
5198
5198
5198
5198
5198
5198
5198
5198
5198
5198
5198
5198
5198
5198
5198
5198
5198
5198
5198
5198
5198
5198
5198
5198
5198
5198
5198
5198
5198
5198
5198
5198
5198
5198
5198
5198
5198
5198
5198
5198
5198
5198
5198
5198
5198
5198
5198
5198
5198
5198
5198
5198
5198
5198
5198
5198
5198
5198
5198
5198
5198
5198
5198
5198
5198
5198
5198
5198
5198
5198
5198
5198
5198
5198
5198
5198
5198
5198
5198
5198
5198
5198
5198
5198
5198
5198
5198
5198
5198
5198
5198
5198
5198
5198
5198
5198
5198
5198
5198
5198
5198
5198
5198
5198
5198
5198
5198
5198
5198
5198
5198
5198
5198
5198
5198
5198
5198
5198
5198
5198
5198
5198
5198
5198
5198
5198
5198
5198
5198
5198
5198
5198
5198
5198
5198
5198
5198
5198
5198
5198
5198
5198
5198
5198
5198
5198
5198
5198
5198
5198
5198
5198
5198
5198
5198
5198
5198
5198
5198
5198
5198
5198
5198
5198
5198
5198
5198
5198
5198
5198
5198
5198
5198
5198
5198
5198
5198
5198
5198
5198
5198
5198
5197
5197
5197
5197
5197
5197
5197
5198
5198
5198
5198
5198
5198
5198
5198
5198
5198
5198
5198
5198
5198
5198
5198
5198
5198
5198
5198
5198
5198
5198
5198
5198
5198
5198
5198
5198
5198
5198
5198
5198
5198
5198
5198
5198
5198
5198
5198
5198
5198
5198
5198
5198
5198
5198
5198
5198
5198
5198
5198
5198
5198
5198
5198
5198
5198
5198
5198
5198
5197
5197
5197
5197
5197
5197
5197
5197
5197
5197
5197
5197
5197
5197
5197
5197
5197
5197
5197
5197
5197
5197
5197
5197
5197
5197
5197
5197
5197
5197
5197
5197
5197
5197
5197
5197
5197
5197
5197
5197
5197
5197
5197
5197
5197
5197
5197
5197
5197
5197
5197
5197
5197
5197
5197
5198
5198
5198
5198
5198
5198
5198
5198
5198
5198
5198
5198
5198
5198
5198
5198
5198
5198
5198
5198
5198
5198
5198
5198
5198
5198
5198
5198
5198
5198
5198
5198
5198
5198
5198
5198
5198
5198
5198
5198
5198
5198
5198
5198
5198
5198
5198
5198
5198
5198
5198
5198
5198
5198
5198
5198
5198
5198
5198
5198
5198
5198
5198
5198
5198
5198
5198
5198
5198
5198
5198
5198
5198
5198
5198
5198
5198
5198
5198
5198
5198
5198
5198
5198
5198
5198
5198
5198
5198
5198
5198
5198
5198
5198
5198
5198
5198
5198
5198
5198
5198
5198
5198
5198
5198
5198
5198
5198
5198
5198
5198
5198
5198
5198
5198
5198
5198
5198
5198
5198
5198
5198
5198
5198
5198
5198
5198
5198
5198
5198
5198
5198
5198
5198
5198
5198
5198
5198
5198
5198
5198
5198
5198
5198
5198
5198
5198
5198
5198
5198
5198
5198
5198
5198
5198
5198
5198
5198
5198
5198
5198
5198
5198
5198
5198
5198
5198
5198
5198
5198
5198
5198
5198
5198
5198
5198
5198
5198
5198
5198
5198
5198
5198
5198
5198
5198
5198
5198
5198
5198
5198
5198
5198
5198
5198
5198
5198
5198
5198
5198
5198
5198
5198
5198
5198
5198
5198
5198
5198
5198
5198
5198
5198
5198
5198
5198
5198
5198
5198
5198
5198
5198
5198
5198
5198
5198
5198
5198
5198
5198
5198
5198
5198
5198
5198
5198
5198
5198
5198
5198
5198
5198
5198
5198
5198
5198
5198
5198
5198
5198
5198
5198
5198
5198
5198
5198
5198
5198
5198
5198
5198
5198
5198
5198
5198
5198
5198
5198
5198
5198
5198
5198
5198
5198
5198
5198
5198
5198
5198
5198
5198
5198
5198
5198
5198
5198
5198
5198
5198
5198
5198
5198
5198
5198
5198
5198
5198
5198
5198
5198
5198
5198
5198
5198
5198
5198
5198
5198
5198
5198
5198
5198
5198
5198
5198
5198
5198
5198
5198
5198
5198
5198
5198
5198
5198
5198
