2932
3312
3748
3503
3067
3391
3636
3641
3740
3641
3530
3128
3176
3203
3605
3606
3558
3161
3597
3597
3645
3307
3280
3279
3821
3576
3528
3576
3735
3333
2897
2738
2690
2366
1739
1983
2380
2782
2240
2351
2053
2152
2450
3077
3513
3116
3117
3018
3018
3066
2552
2441
2983
2356
2058
2396
3023
3321
3645
4159
4258
3920
3484
3240
3485
3921
3873
3872
3245
3246
3247
3148
2903
2898
3009
2573
2572
2969
3213
3212
3457
3346
3394
3421
2879
2477
2588
3215
3617
3776
4114
4119
3874
3247
3683
3678
4305
3903
3792
3454
3295
3837
3210
3309
3936
4047
4048
4047
4385
4087
4088
4089
4334
4333
4306
4307
4196
4148
4307
3983
3982
3823
3934
3935
3935
4337
4385
3983
3586
3538
3427
2991
2747
2991
3393
3504
2962
2961
2447
2336
2341
2883
2931
3229
3181
2843
2843
2545
3059
3058
3455
3779
4077
3978
4089
3709
3868
3623
3081
3419
3420
3519
3519
3519
3567
3243
2729
3053
3489
3484
3087
3629
3630
3630
3194
3630
3531
3193
3220
3600
3198
3297
3635
3536
3156
2529
2528
2284
2681
3308
3688
3350
2953
3291
3291
2855
3257
3230
3229
3230
3071
3585
3830
3428
3428
3317
3719
4155
3528
3148
2903
2904
3284
3681
3840
3839
3840
3792
3819
4064
4691
4353
4597
4438
4437
4040
3716
3689
3694
3450
3070
2528
2528
2908
3152
2772
2871
2872
2983
3010
3334
3090
2979
3317
3859
3858
3520
3521
3494
3493
3604
3599
3979
3979
3880
3885
3258
3258
3306
3301
3639
3394
2852
2338
1936
1888
2285
1961
2588
2477
2991
3236
3237
2801
3343
3348
2806
2561
2885
2885
2933
2960
3059
2721
2673
2293
2537
2939
2641
2397
2397
2298
2542
2298
2543
2146
1744
2141
1514
1625
1784
1784
1783
1778
1877
1480
966
642
642
1044
1044
933
1177
933
933
981
982
1609
1933
2271
2271
1644
2041
2041
2339
2966
2918
3162
2917
3162
3542
3515
3356
3467
3356
3356
3111
3138
3039
3038
3038
3283
2881
2484
2457
2119
2230
1986
1987
2146
1766
1442
1441
1540
1545
1789
1788
1161
1162
1704
2218
2119
2746
3143
3191
3032
2635
2121
2116
2116
2552
2308
2260
2261
2663
2663
2662
2689
2578
2737
2742
2986
3310
2768
2768
2763
2327
1925
2361
1734
1733
1488
1244
1292
1694
1699
1699
2241
2621
2219
1783
1784
2411
2749
2369
2766
2877
2850
3230
3231
3667
3287
3286
3530
3482
3862
3889
4134
3796
3360
3355
3693
3313
2916
2916
2592
2593
2566
2946
2787
2786
3222
3222
3546
3573
3235
3573
3329
3328
3730
3350
3747
3423
3312
3317
2881
2980
2953
2953
2551
2546
2546
2546
2248
2249
2297
2408
2567
1940
2184
2183
2697
2724
3126
3015
2988
2743
2748
3072
3317
3073
3317
3073
3371
3366
3267
3366
3366
3367
3367
3478
3430
3033
3660
4040
3638
3882
3637
3339
2797
2797
3095
3122
3095
3096
3493
3929
3830
3506
4048
4075
3777
3776
3149
3447
3203
3208
3307
2910
2911
3538
3533
3930
4254
4253
4497
4545
4221
4545
4301
3963
3566
3566
3571
3135
3024
2644
2617
2616
3018
3018
3045
3425
3536
3156
3157
3593
3594
3932
3931
3930
3388
3388
3785
4327
4228
3601
3574
3250
2736
2736
2577
2572
2599
2572
2817
2275
2434
2758
3138
2702
2591
3105
3110
2786
2813
2813
3440
3982
3585
3586
3830
3532
3929
3930
4254
4009
4008
4008
4008
3960
3622
3595
3595
3436
3774
3260
3308
3260
3505
3504
3663
3283
3039
3337
3338
2941
2941
2989
2989
3425
3180
3175
2548
2575
2251
2350
2595
2496
2820
2793
2469
2469
2849
2511
2266
2590
3217
3169
3168
3168
2870
2871
3209
2773
2800
2641
2740
3038
2939
3184
3295
3295
3296
2972
2345
2504
2124
2504
2102
2102
2499
2161
2675
3302
3057
2515
2135
2380
2624
2672
2624
2624
3166
2652
2976
3075
3589
3562
3998
3899
3654
3218
2920
2523
2925
3361
3360
3361
2734
2761
2761
3006
3304
3403
3001
2756
2597
2273
2670
3072
2636
2122
2502
2938
2938
2938
2911
2475
2720
3347
3346
3782
3385
3544
3445
3445
3445
3446
3843
3891
3455
3407
3407
3109
3109
2707
3005
3005
2894
2735
2734
3136
2594
2599
2626
2950
3464
3802
4344
4392
4392
4387
4142
4142
4115
4115
4116
4215
4374
3832
3832
4268
4513
4268
4024
4029
4024
3644
3485
3485
3147
3146
3526
4068
4406
4307
4259
4503
4123
4171
3833
4213
3816
3492
3194
3194
3353
3305
3404
3702
3603
3608
3603
3702
3160
2533
2857
2857
2858
2906
2807
3349
3105
2807
2293
2293
2690
2988
2987
2590
2542
2786
2885
3512
3757
4154
3612
4126
3802
3703
3802
3829
3393
3731
4167
4167
4008
3909
3909
3909
3473
3473
2959
3070
3506
3262
2865
2870
3267
2887
2887
3267
3266
2968
3127
2691
2353
2354
2353
1956
1957
2005
1603
1941
1936
1935
1935
1824
1486
1597
1895
2437
1895
1847
2244
2133
2133
2133
2377
2701
2457
2795
3231
3745
3793
3279
2955
2710
2711
2955
2796
3120
2723
2096
2096
1716
1668
1668
2048
2053
2053
2455
2614
2455
2117
2117
2112
2739
3136
3136
3678
3242
3241
3241
2861
2617
2716
2716
2716
2961
3120
3125
2966
2642
2966
3480
3481
3640
3640
3688
3683
3056
3300
3056
3061
3305
3146
2901
3337
3289
3289
3627
3225
3225
3225
3126
3371
3751
3427
3182
2668
2767
2768
2524
2523
2768
2430
2944
3188
3187
3088
3412
3413
3413
2871
2871
2844
2839
3466
4008
3466
3030
3189
2865
3189
3731
3433
3189
3237
3078
3189
3348
3592
3348
3349
2722
2674
2673
2673
2349
2349
2350
2355
2454
2890
2890
2493
2493
2895
3193
2895
3233
2719
2474
1932
1980
2224
2224
2766
2428
2380
2704
2699
3037
2878
2905
2905
3419
3308
3467
3368
3479
3077
3479
3141
2761
2437
2035
2035
2040
2139
2138
2383
2356
2245
2245
2356
2112
1570
1950
2492
2247
2649
2648
2696
2537
3164
2784
3108
2706
2707
2707
2706
2701
2701
2187
2584
2986
2987
3501
3402
3501
3177
3515
3895
3896
3896
3848
3853
3515
3542
3786
3406
3730
3103
3441
3103
3098
2701
2860
2859
2859
3157
3537
3239
2859
2832
2859
2907
3245
3001
3001
2459
3086
3331
3220
3331
3711
3612
4009
3612
3711
3712
3332
3630
3531
3286
3828
3828
3780
3785
3780
4024
4029
3402
2888
3515
3404
2862
2862
2460
2508
2507
2459
2023
2022
1698
2078
2402
2022
2017
1858
1969
2128
1969
1969
2349
2349
2322
2724
2725
2323
2323
2323
2323
2720
2720
2340
2742
2769
2928
3442
2815
3060
2722
3264
3237
2723
2822
2870
2870
2897
2897
2798
2798
2256
2355
2244
2000
1676
1649
2191
2143
1845
1600
1711
1711
2049
1652
1553
1553
1215
1215
1651
1656
1657
1756
2080
2325
2166
2504
2503
2662
2661
2662
2657
2558
2585
2585
2585
2982
2955
2553
2553
2442
2442
2447
2849
2948
2789
2789
3416
3464
3416
3019
3533
3581
3825
3852
3853
3853
3853
3311
2987
3367
3367
3367
3340
3241
3240
3637
3589
3887
3935
4046
4046
4046
4045
4040
4199
4741
4497
4100
4424
4451
4424
4523
4121
3741
3742
3742
3742
3643
4040
3413
3512
3512
3214
3616
3517
3081
2679
2706
2707
3109
3114
3066
3364
3744
3744
3406
3406
3108
2566
2566
2665
3207
3207
3255
3499
3400
3400
3155
3155
3400
3399
3737
3492
3492
3492
3492
3492
3168
3604
3928
4027
4000
4245
4244
4196
4197
4197
4824
4824
4823
4578
4334
4329
4377
3941
3782
3385
3337
3338
3239
3483
3531
3536
3535
3133
3530
3557
3509
3504
3124
3283
2959
2960
2960
3059
2517
2841
2889
2730
3166
3546
3545
4087
4092
4494
4494
4058
3678
4114
4115
4115
4360
4360
4360
4658
4116
3778
3381
3381
3761
3756
3708
3707
3708
3708
3708
3384
3432
3384
3385
3384
3385
3385
3723
3882
3723
3728
3728
3887
3451
3775
3775
3664
4061
4060
3901
3902
3564
3564
3723
3478
3816
4358
3956
3797
3796
4041
4443
4879
4878
4873
4331
4304
3902
3564
3565
3724
3288
3287
3288
2964
2964
2963
2990
2610
2610
2365
2366
2366
2371
2773
3209
3209
3257
3257
3209
3208
3588
3588
3561
3806
3807
3918
3759
3759
3362
3064
2953
2953
3064
3223
3223
3547
3303
3303
3302
3844
3520
3361
3361
2925
3223
2709
3033
2709
2598
2599
2758
2599
2057
2105
2100
2614
2725
3049
2535
2535
2237
2264
2263
2777
2782
3026
2999
3000
2952
3111
3111
3111
2952
2708
2709
2868
2757
2868
2868
3112
3139
3139
3139
3139
3681
3279
3168
3570
3411
3808
3807
3918
3919
4078
3754
4078
4078
4077
4415
4415
4018
4415
4415
3788
3386
3387
2845
2845
2818
2818
2817
3115
3116
3116
3164
3164
2840
3242
2845
2845
2840
2845
2845
2845
2331
2845
3169
2924
2924
2924
3360
3116
3361
3037
3037
3064
2684
2928
2829
2829
2928
3470
3465
3366
2964
2626
2190
2592
2592
2544
2882
3279
3906
3905
4285
4285
4285
4290
3910
3283
3172
3172
3799
3285
3285
3286
3259
2862
3376
3131
3511
3756
4080
3566
3566
3566
3322
3719
3339
3334
3770
3769
3769
3880
3879
4123
3721
4123
4124
4129
3732
3733
4113
4140
4140
4537
4636
4298
4187
3863
3321
3321
3863
3461
3362
3410
3734
3575
3575
3574
3569
3568
3568
3906
3906
3906
3906
3858
3863
3565
3566
3186
3484
3484
3240
3213
3372
3048
3562
3964
3964
3959
4203
3865
3238
3239
2697
2538
2538
2862
2426
2525
2524
2122
2023
2134
2182
2618
2623
2379
3006
3005
3005
3249
3250
3202
2904
2904
2904
3202
3361
3763
3652
3653
3026
2702
3082
2685
2387
2435
2434
2386
1984
2322
2349
1969
1725
2352
2451
2450
2450
2450
2450
2992
3103
3104
3402
3450
3450
3847
3799
3847
3748
3503
3498
3497
2983
2685
3199
3040
2643
2941
2941
3321
2779
2878
3280
3604
4146
3808
3781
3786
3687
3688
3688
3688
3687
4084
3570
2943
3102
3102
3097
3435
3435
3436
3950
3839
3840
4084
4083
4110
3786
3786
4110
3866
4110
3812
3410
3415
3416
3389
3389
2875
3502
3502
3178
3277
3277
3033
3060
2680
2680
2675
2919
3217
3619
3619
3321
3294
3294
3246
3357
3602
3200
3602
3602
3205
3204
2960
2961
2850
2751
2209
2589
2833
2832
2833
2932
2932
2937
2932
2773
2800
2911
2911
2911
3235
3235
3533
3131
3673
3673
3131
3528
3930
3550
3212
2968
3348
3103
3102
3102
3347
3102
2991
3236
3235
3235
3236
3778
3777
3825
3825
3428
3428
3429
3826
3199
2819
3199
3204
2768
3395
3831
3830
4074
3830
3831
3395
3347
3506
3479
3320
2693
2594
2192
2291
1911
2022
2402
2401
2021
1776
1478
1816
1816
1843
2002
2002
2516
2918
2819
2918
3216
3217
3217
3217
3217
3212
3457
3457
3212
3101
2699
2810
2810
2810
2651
3053
3298
2784
3220
3600
3600
3355
2958
3202
3829
4343
4343
4343
4342
3962
4010
4010
4390
4146
4146
4035
4194
4035
3987
3888
3889
3509
3753
3239
2995
2657
2657
2816
2657
2656
2220
1678
1651
2193
2531
3045
3045
3045
3045
3045
3045
3290
2952
2952
2952
3388
3785
3944
4324
4324
4662
4906
4906
4906
5005
4603
4444
4444
4444
4444
4492
4168
4173
3776
3935
3962
3582
3555
3507
3408
3519
3360
3762
3762
3762
3762
3762
3517
3518
3915
4295
3668
3827
3854
3902
3902
3875
3875
3478
3479
3724
3723
3675
4072
3774
4401
4725
4725
5023
5050
5023
4685
4143
4481
4236
3856
3857
3857
3857
3884
4129
4128
3830
3825
3824
3824
3310
3315
2879
2879
2874
2763
3061
3061
3066
3066
3446
3988
3989
3989
3989
3989
3990
3990
4089
4062
4173
4173
4173
4014
4014
3903
3903
3565
3466
3465
3466
3221
3220
3656
3656
3994
3995
3995
3697
3697
3995
4022
4070
3772
3931
3495
3793
3788
3629
3629
3629
3628
3601
3606
3765
4201
4042
4153
4153
3756
3855
3475
3177
2635
2635
2635
2630
2635
2587
2832
2832
2991
3289
3288
3288
3685
3680
3680
3707
3708
3713
3713
3708
3708
3609
3582
3185
3184
2846
2548
2553
2553
2553
2601
2981
2981
3495
3892
3781
4079
4074
4173
4173
4173
4511
4512
4517
4358
4259
4418
4418
4960
4716
4715
4715
4279
3652
3652
3652
3679
3282
3526
3499
3598
3995
3995
3896
3995
3990
3991
3611
3611
4238
4618
4570
4570
4618
4618
4216
4216
4216
3836
3737
3764
4166
4171
4171
4171
4171
4171
3833
3833
3291
3291
3291
3292
3672
3624
3962
4398
4154
3995
4239
4338
4337
4013
4124
4013
4172
4496
4496
3982
3823
3934
3934
3835
4377
4377
4378
4054
4054
3657
3319
3314
3652
3811
3811
4325
4080
4080
4179
4576
4576
4576
4477
4722
4325
4324
4026
4027
3647
3945
3944
3508
3508
2881
2881
2770
2869
2917
2818
3198
3634
4261
4261
4102
4102
3764
3328
3439
3439
3059
2948
3286
3722
3722
3721
4118
4119
4071
3773
3774
3147
3527
3851
3850
4148
3904
4531
4775
4339
4775
4775
4531
4532
4532
4234
4478
4776
4452
4208
4181
4181
4181
4505
4505
4553
4308
4553
4553
4117
4122
4122
3608
3635
3635
3794
3794
3893
4407
4402
4157
4157
4268
4267
4512
4512
4517
4137
4110
3772
3474
3501
3501
3501
3501
3501
3496
3740
3740
3581
4017
4017
3693
4031
4030
3919
3919
3924
4304
4304
4628
4601
4628
4086
4197
4170
4170
4071
4072
4072
4072
4071
3669
4211
4212
4212
4164
4566
4725
4726
5024
5123
5123
4609
4450
4206
4095
4095
4095
4095
4095
3757
3752
3752
3428
3130
3130
3178
3337
3342
2945
3459
3459
3486
3784
3784
4108
4108
3784
3736
3731
3842
3890
3890
3890
3890
3890
3863
4201
4525
4011
4525
4525
4922
4921
4921
4541
4243
3807
3834
4214
4458
4213
4114
4119
4119
4218
4218
4654
4654
4410
4410
4410
4708
4953
4655
4317
4269
4607
4496
3982
3982
4093
4141
4142
4115
4115
4110
4354
4354
4359
4358
4358
4872
4872
4867
4867
4867
5165
5192
5192
4854
4854
4854
4452
4128
4466
4439
4466
4465
3951
3951
3951
4465
4789
4790
4742
4418
4418
4417
4417
4418
4418
4418
4423
4312
4312
4153
4312
4307
4307
4709
4610
4610
4365
4366
4366
4122
4221
3841
3840
3840
3326
3571
3571
3472
3472
3583
3682
3683
3286
3530
3530
3530
3530
3419
3799
3910
3910
3910
3910
3530
3285
3285
3174
3222
3222
3619
3864
3816
3864
3863
3863
3863
3815
3815
3815
3815
3570
3894
3899
4144
4144
3846
4144
4192
4303
4255
4255
4255
4144
3806
3805
3805
3916
4430
4271
3874
3629
3385
3385
3385
3723
3968
4348
4348
4103
4004
4004
4103
4103
4347
4506
4126
4126
4126
4126
4126
3788
4185
4185
4185
4185
4185
4158
4158
4059
4060
3546
3547
3574
3250
3764
3764
4144
3985
3985
4323
4212
4371
4616
4616
4278
4277
4277
4277
4277
4277
4278
4278
4273
3871
3871
3871
3844
3943
4281
4683
4688
4715
4470
4581
4576
4575
4576
4576
4179
4424
4424
4424
4423
4423
4423
4423
4085
3986
3986
3742
4080
4324
4213
4213
4324
4423
4424
4424
4022
4022
4022
4021
4418
4417
4119
4119
4120
4120
3493
3493
3493
3492
3493
3791
3796
3769
3769
3769
4396
4396
4396
4237
4237
4237
4237
3801
3801
3801
3801
3802
3802
4238
4238
4238
4238
3993
4041
4041
3942
3937
3557
3562
3562
3562
3561
3963
4062
4062
4221
4601
4165
4165
3921
3922
3922
4167
4008
4035
4035
4359
4359
4359
4035
4034
4034
4034
4470
4629
4628
4623
3996
3885
3885
3885
3885
3371
3371
3371
3371
3371
3371
3885
3885
3726
3727
3727
3727
3700
3700
3705
3732
3891
4215
4842
4597
4708
4703
4703
4655
4655
4628
4469
4469
4469
4469
4469
4469
4470
4497
3955
3955
3954
3954
3954
3959
4203
4448
4124
4283
4278
4277
4277
4278
4278
4602
4503
4503
4258
4257
4098
4257
4257
4257
4799
4475
4475
4475
4475
4476
4178
4019
4019
4019
4024
4024
3510
3609
3609
3365
3609
3609
3933
3934
4232
4477
4525
4280
4280
4280
4232
4232
4232
4231
4231
4231
4231
4231
4745
4718
4718
4394
4395
4640
4640
4799
4799
4799
4847
4847
4688
4688
4847
4688
4715
4604
4604
4202
4103
3858
3858
4017
4128
4128
4128
4128
4452
4854
4854
4854
4854
4953
4905
4508
4508
4556
4397
4396
4396
4396
4793
4766
4766
4766
4655
4682
4682
4927
4927
4922
4927
4927
4927
4927
5038
5038
4641
4800
4752
4316
4317
4317
4317
4290
4290
4687
4714
4376
4376
4376
4376
4376
4078
4078
4051
4078
4077
4125
4125
4125
4125
4124
4422
4417
4417
4418
4038
4038
4038
4038
4038
4038
4038
3990
3990
3963
3964
3640
3645
3645
3983
3982
3684
4064
3905
3900
3900
3900
4224
4113
4112
4410
3896
4410
4437
4596
4437
4057
4168
4548
4548
4548
4984
4984
4984
4984
4984
4984
4984
4984
4985
4647
4647
4548
4647
4985
4985
4985
4985
4985
4985
4985
4985
4874
4874
4847
4467
4468
4579
4579
4468
4467
4466
4466
4846
4846
4957
4957
5116
5116
5143
5143
5143
4984
4984
4604
4604
4604
4763
4764
4222
4221
4122
4011
4011
4011
4011
3497
3877
3633
3633
3633
3633
3633
3638
3638
3737
3737
4279
4120
4093
4093
4093
4252
4253
4253
4253
4253
4767
4767
4768
5012
5012
5012
5007
5007
5118
5117
4793
4793
4793
4793
4792
4792
4840
4867
4867
4867
4622
4867
4867
4867
4487
4487
4811
4811
5191
5192
5192
4854
4854
4859
4858
4747
4858
4858
4316
4157
4157
4046
4205
4205
4106
4107
4218
4760
4324
4324
4324
4324
4324
4080
4080
4080
4080
4053
4053
4053
4053
4053
4052
4151
4146
4146
4146
3987
3987
3987
4423
4582
4582
4920
4920
4582
4423
4324
4324
4662
4662
4663
4325
4424
4424
4425
4424
4425
4425
4584
4589
4478
4081
4080
4418
4418
4419
4418
4529
4529
4529
4529
4556
4529
4556
4551
4551
4392
4392
4281
4182
4183
4282
4255
4156
4108
4108
4108
4108
4108
4207
4212
4371
4371
4482
4726
4726
4726
4726
4725
4725
4725
4725
4725
4724
4565
4565
4560
4560
4560
4560
4560
4560
4262
4017
4017
4315
4315
4315
4315
4320
3996
4044
4044
4289
4289
4241
4241
4241
4142
4142
4142
4539
4539
4539
4539
4540
4540
4540
4864
5023
5024
5023
5023
5023
5023
4587
4586
4685
4685
4685
4361
4356
4356
4357
4357
4019
4357
4357
4357
4362
4362
4362
4362
4362
4362
4798
4798
4825
4825
4826
4826
4826
4826
4874
4874
4874
4874
4874
4775
4775
4770
4769
4769
4431
4431
4432
4431
4530
4431
4431
4432
4432
4384
4384
4389
4389
4389
4278
4616
4589
4589
4589
4688
4799
4640
4640
4541
4700
5024
5024
5024
4913
4754
4754
4754
4753
4864
4864
4891
4891
4891
4891
4780
4891
4891
4886
4886
4886
4886
4886
4886
5045
5045
5045
5045
5046
5046
4802
4802
4801
5045
4800
4800
4641
4641
4641
4740
4741
4789
4789
4789
4690
4288
4690
4690
4849
4849
4801
4900
4948
4624
4465
4438
4443
4438
4683
4688
4308
4308
4308
4308
4308
4308
4308
4308
4688
4443
4443
4442
4469
4442
4442
4687
4714
4714
4666
4667
4666
4666
4666
4666
4666
4825
4825
4820
4820
4820
4820
4820
4820
4820
4821
4820
4820
4820
4709
4709
4550
4709
4411
4522
4522
4522
4522
4522
4363
4363
4661
4662
4667
4667
4715
4715
4715
4313
4313
4313
4312
4068
4068
4068
4068
4068
4068
4392
4392
4551
4546
4546
4546
4546
3919
3919
3919
3919
3919
4546
4208
4208
4208
4209
4209
4209
3964
3964
3964
3964
4208
4208
4208
4213
3816
3768
3768
3763
3811
4208
4181
4181
4583
4583
4610
4610
4615
4615
4610
4855
4696
4696
4696
4294
4632
4631
4631
4631
4790
4790
4631
4632
4632
4632
4632
4521
4521
4526
4685
4680
4680
4653
4653
4605
4605
4604
4604
4605
4605
4605
4605
4605
5007
5007
5118
5118
5123
4964
4964
5012
5012
5012
4913
4865
4913
4913
4913
4802
4801
4960
4961
4956
4983
4956
4955
4955
4796
4551
4503
4503
4503
4503
4503
4662
4662
4667
4667
4778
4454
4454
4454
4454
4553
4798
5122
5122
4963
4625
4673
5011
5011
5011
5011
5011
5011
5010
5011
5011
5010
5010
5010
5010
5005
5005
5032
5032
5032
5032
5037
4713
4713
4872
4872
4872
4867
4868
4868
4873
4873
4873
4873
4873
4629
4953
4953
4953
4905
4905
4900
4900
4562
4562
4806
4806
4806
4806
5144
5144
5144
5144
5144
4900
4789
4789
4900
4901
5145
5046
4748
4747
4747
4747
4747
4747
4747
4747
4747
4748
4748
4796
4637
4637
4637
4636
4636
4635
4734
4734
4734
4734
4735
4735
4735
4735
4708
4867
4867
4867
4867
4756
4756
4708
4708
4707
4462
4462
4462
4489
4489
4489
4489
4600
4600
4648
4648
4648
4648
4648
4649
4648
4648
4648
4648
4648
4649
4649
4649
4648
4648
4946
4946
4946
4787
4787
4787
4787
4792
4792
4693
4938
4938
4938
5097
5097
5097
5097
5097
5097
5097
5097
5196
5196
4858
5196
4816
4811
4811
4712
4712
4664
4664
4637
4526
4527
4526
4526
4526
4527
4527
4527
4532
4532
4532
4532
4532
4532
4532
4532
4532
4533
4532
4532
4532
4532
4532
4532
4532
4643
4643
4643
4643
4670
4670
4670
4670
4670
4665
4764
4764
4737
4737
5117
5122
5122
5122
5122
5122
5123
5123
5123
4879
4879
4879
4879
4879
4879
4879
4927
4927
4927
4927
4927
4926
4926
4926
4926
4815
4815
4815
4815
4842
4842
4842
4842
4842
4842
4518
4842
4842
4842
4842
4842
4842
4841
4842
4953
4905
4905
4905
4905
4905
4905
4905
4878
4719
4719
4719
4719
4719
4719
4719
4719
4963
5011
5011
5011
5006
5006
5006
4895
4895
4895
4895
4895
4651
4651
4651
4651
4651
4678
4677
4677
4677
4677
4678
4677
4682
4841
4841
4742
4743
4743
4743
4743
4854
4854
4609
4609
4854
4806
4806
4806
4806
4806
4806
4779
5023
5023
5018
5018
5018
5018
5018
5018
5018
5018
5018
5023
5023
5050
4806
4806
4805
4805
4805
4694
4694
4694
4695
4695
4695
4806
4806
4806
4806
4806
4806
4805
5049
5022
5022
5022
5022
4911
4911
4938
4938
4938
4938
4911
5022
5022
5022
5022
5022
5022
5022
5070
5071
5071
5071
5071
4773
4773
4773
4872
5170
5170
5059
5059
5059
5059
5059
5054
5054
5054
5054
5054
5054
5054
5165
5165
5165
5164
5164
5164
5164
5164
5164
5164
5164
5164
5164
5164
5164
5164
5169
5169
5170
5165
5192
5191
5191
5191
5191
5191
5191
5191
5191
5191
5164
5164
5164
5164
5165
5165
5170
5170
5170
5170
5170
5170
5170
5197
5197
5197
5197
5192
5192
5081
4922
4922
4823
4823
4823
4823
4823
4823
4824
4923
4923
5034
5034
5033
5033
5033
5033
4934
4886
4886
4934
4934
5033
5033
5033
5033
5033
5033
4788
4788
4788
4788
4677
4677
4677
4650
4650
4809
4809
4809
4809
4809
4809
4809
4809
4809
4809
4809
4809
4809
4809
4485
4485
4485
4485
4485
4512
4512
4512
4512
4836
4836
5081
5081
5081
5081
5081
4567
4567
4567
4567
4567
4567
4567
4567
4678
4678
4678
4678
4678
4678
4678
4683
4524
4524
4524
4524
4524
4524
4524
4525
4525
4524
4524
4524
4524
4524
4279
4279
4252
4252
4252
4252
4252
4766
4767
4766
5011
5038
5038
5038
5038
5038
5037
5037
5037
4635
4635
4635
4635
4635
4608
4609
4608
4608
4608
4608
4608
4609
4609
4609
4609
4609
4768
4767
4768
4768
4768
4768
4768
4768
4768
4657
4657
4684
4684
4684
4684
4795
4795
4795
4795
4795
4747
4747
4747
4748
4748
4796
4796
4796
4796
4795
4795
4795
4796
4796
5198
5198
5198
5198
5198
5198
5197
5197
5197
5149
5144
5144
5144
5143
5144
5144
5117
5122
5122
5122
5122
5122
5122
5122
5122
5122
5122
5122
5149
5149
5149
5149
5149
5150
5039
5039
4940
4913
4913
4913
4913
5012
5012
5012
5012
5039
5039
5039
5039
5039
5039
5039
4940
4940
4939
4939
5050
5050
5050
5098
5099
5099
5099
5099
5099
5099
4988
4988
4983
4983
5082
5082
5082
5082
5082
5082
5082
5082
5082
5081
5081
5081
5081
5080
5032
5032
5032
5037
5037
5037
5038
5038
5149
5149
5144
5145
5046
5046
5046
5046
5046
5094
5094
5094
5094
5093
5098
5098
5099
5099
5072
5072
5071
5072
5072
5072
5171
5171
5171
5171
5171
5171
5171
5171
5171
5166
5055
5055
5055
5007
5055
5082
5082
5081
5080
5080
5032
5143
5143
5143
5144
5144
5144
5149
5197
5197
5197
5197
5197
5197
5198
5198
5198
5198
5198
5198
5198
5198
5193
5193
5192
5192
5192
5165
5165
5192
5192
5192
5192
5192
5192
5192
5192
5165
5165
5165
5165
5165
5165
5165
5165
5165
5165
5165
5165
5165
5164
5164
5164
5164
5165
5165
5165
5166
5166
5165
5170
5170
5170
5170
5170
5165
5165
5165
5165
5165
5165
5192
4948
4948
4948
4948
4948
4947
4947
4952
4947
4920
4809
4710
4711
4711
4738
4738
4690
4801
4801
4801
4806
4807
4780
4780
4779
4779
4779
5023
5023
5023
5023
5024
5024
5024
5024
5024
5024
5024
5024
5024
5024
5024
5023
5023
5023
4685
4686
4785
4785
4785
4785
4785
4785
5123
5123
5123
5123
5123
5123
5123
5122
5122
5122
5149
5149
5149
5149
5149
5149
5149
5197
5192
5191
5143
5143
5143
5143
5143
5143
5143
5143
5143
5143
5143
5143
5143
5143
4899
5143
5148
5148
5148
5148
5148
5148
5148
5149
5149
5050
5050
5050
5050
5051
5051
5051
5051
5050
5050
5098
5050
5050
5023
5023
5023
5023
5023
5022
5023
5023
5024
5024
5024
5024
5024
5024
5024
5072
5072
5072
5072
5072
4961
4956
4955
4955
4907
4907
4912
4912
4912
4912
5023
5023
5022
5022
5070
5022
5017
5017
5017
5017
5017
5017
5017
5017
5017
5065
5065
5065
5065
5065
5065
5065
5070
5070
5070
5070
5070
5070
5070
5070
4959
4959
4959
4959
4959
4959
4954
5053
5053
5053
5080
5032
4873
4878
4878
4878
4878
4878
4779
4779
4779
4779
4779
4780
4779
4779
4938
4938
4986
4986
4987
5086
5086
5086
4927
4927
5086
5086
5086
5086
5086
5059
5059
5059
5059
5059
5059
5059
5059
5059
5059
5059
5059
5059
5059
5059
5059
5059
5059
5059
5059
5054
5054
5054
5053
5053
5053
5053
5053
5053
5053
5053
5053
5053
5053
5053
5053
5164
5191
5192
5192
5192
5192
5192
5192
5197
5197
5197
5198
5198
5198
5198
5197
5197
5197
5197
5197
5197
5197
5197
5197
5197
5197
5197
5197
5192
5192
5197
5198
5198
5198
5197
5197
5197
5197
5197
5197
5197
5197
5197
5197
5196
5196
5196
5196
5196
5196
5196
5197
5149
5149
5149
5149
5122
5122
5122
5122
5122
5122
5149
5149
5149
5150
5150
5150
5039
5038
5039
5039
5039
5039
5150
5150
5150
5149
5144
5144
5143
5143
5143
5143
5143
5143
5143
5143
5143
5143
5143
5143
5143
5143
5191
5191
5191
5191
5191
5191
5191
5191
5191
5191
5092
5092
5092
5092
5092
5092
5092
5092
5092
5092
5092
5092
5092
5092
5092
5092
5093
5098
5098
5093
5093
5093
5093
5093
5093
5093
5093
5093
5093
5066
5066
5066
5067
5067
5067
5067
5067
5067
5094
5099
5099
5099
5099
5198
5198
5197
5197
5197
5197
5098
5098
5098
5098
5093
5093
5093
5093
5093
5045
5093
5093
5066
5066
5066
5066
5066
5066
5065
5065
5066
5093
5093
5093
5093
5092
5092
5093
5093
5093
5093
5093
5093
5093
5093
5093
5093
5093
5192
5192
5192
5192
5192
5192
5192
5192
5192
5192
5192
5197
5197
5197
5149
5149
5149
5149
5150
5150
5150
5150
5150
5150
5150
5150
5150
5149
5149
5148
5148
5148
5149
5149
5149
5144
5144
5144
5149
5149
5149
5149
5149
5149
5149
5149
5149
5149
5149
5149
5149
5144
5149
5149
5149
5149
5149
5149
5149
5149
5149
5149
5149
5149
5144
5144
5149
5149
5149
5149
5150
5123
5123
5123
5123
5123
5123
5122
5122
5122
5122
5122
5122
5122
5122
5122
5122
5122
5122
5122
5122
5117
5117
5117
5117
5144
5144
5144
5144
5149
5149
5149
5148
5148
5148
5148
5148
5148
5148
5148
5149
5149
5149
5197
5197
5197
5197
5197
5197
5197
5197
5197
5197
5197
5197
5198
5198
5198
5198
5198
5150
5149
5149
5149
5149
5149
5149
5149
5149
5149
5149
5149
5149
5149
5149
5149
5050
5098
5098
5098
5098
5098
5098
5098
5050
5050
5098
5098
5098
5098
5098
5197
5197
5197
5192
5191
5164
5164
5164
5164
5164
5164
5164
5164
5164
5165
5165
5165
5165
5165
5165
5165
5066
5066
5066
5066
5066
5018
5066
5066
5066
5066
5066
5165
5165
5165
5165
5164
5164
5164
5164
5164
5191
5191
5191
5191
5191
5191
5191
5191
5191
5191
5196
5197
5197
5197
5197
5196
5196
5196
5196
5196
5196
5196
5197
5197
5197
5197
5197
5197
5197
5170
5170
5170
5170
5170
5170
5170
5170
5165
5165
5165
5165
5165
5165
5165
5165
5165
5165
5165
5165
5170
5170
5197
5197
5197
5197
5197
5197
5197
5197
5197
5197
5170
5171
5171
5171
5171
5171
5198
5198
5198
5198
5198
5197
5197
5197
5197
5198
5198
5197
5197
5192
5192
5192
5192
5192
5193
5193
5192
5192
5192
5197
5197
5197
5198
5198
5198
5198
5198
5198
5198
5198
5193
5193
5193
5193
5193
5192
5192
5144
5144
5144
5192
5192
5192
5192
5197
5170
5197
5197
5197
5197
5197
5197
5197
5197
5197
5197
5198
5198
5198
5198
5198
5198
5198
5197
5197
5197
5197
5197
5197
5197
5197
5197
5197
5197
5197
5197
5197
5197
5197
5197
5196
5197
5197
5198
5198
5198
5198
5198
5198
5198
5198
5198
5198
5198
5197
5197
5197
5197
5197
5197
5197
5197
5197
5197
5192
5192
5192
5192
5192
5192
5192
5192
5192
5192
5192
5192
5192
5192
5192
5192
5192
5192
5192
5144
5144
5144
5192
5192
5165
5165
5165
5165
5165
5165
5165
5165
5165
5165
5165
5165
5164
5164
5164
5165
5165
5165
5165
5165
5165
5165
5164
5164
5164
5164
5164
5164
5164
5164
5164
5164
5164
5165
5165
5192
5192
5192
5192
5193
5193
5193
5192
5192
5192
5192
5192
5192
5193
5193
5192
5192
5192
5193
5198
5198
5198
5198
5198
5198
5198
5198
5198
5198
5198
5197
5197
5197
5197
5197
5197
5197
5197
5198
5198
5198
5198
5198
5198
5198
5193
5193
5193
5193
5192
5192
5192
5192
5192
5192
5192
5192
5192
5192
5192
5192
5192
5192
5192
5192
5093
5093
5093
5093
5093
5093
5093
5093
5093
5093
5093
5093
5093
5093
5093
5093
5093
5093
5093
5093
5093
5093
5093
5093
5098
5098
5098
5098
5098
5098
5197
5197
5197
5197
5197
5197
5192
5165
5165
5170
5170
5170
5170
5170
5170
5170
5170
5171
5171
5171
5171
5171
5170
5165
5165
5165
5165
5165
5165
5165
5165
5165
5165
5164
5164
5164
5164
5165
5166
5166
5193
5192
5192
5193
5193
5193
5193
5192
5192
5197
5197
5197
5197
5197
5197
5197
5197
5192
5192
5192
5192
5192
5192
5192
5192
5193
5193
5193
5193
5193
5198
5198
5198
5198
5198
5198
5198
5198
5193
5193
5193
5193
5193
5193
5193
5193
5166
5193
5198
5198
5198
5198
5197
5197
5197
5197
5197
5170
5170
5170
5169
5169
5169
5169
5169
5169
5164
5169
5164
5164
5164
5164
5191
5191
5191
5191
5191
5191
5191
5191
5192
5192
5192
5192
5192
5192
5197
5197
5197
5197
5197
5197
5196
5196
5196
5196
5196
5196
5196
5196
5197
5197
5198
5198
5198
5198
5197
5197
5198
5197
5197
5197
5197
5197
5197
5197
5197
5198
5198
5197
5197
5197
5197
5170
5170
5170
5165
5165
5165
5165
5165
5165
5165
5165
5164
5164
5164
5165
5165
5165
5164
5164
5191
5143
5143
5143
5143
5143
5143
5143
5143
5143
5143
5143
5143
5143
5191
5191
5191
5191
5191
5191
5191
5191
5191
5192
5192
5191
5191
5191
5191
5192
5192
5192
5192
5197
5197
5197
5197
5197
5197
5198
5198
5198
5198
5198
5198
5198
5198
5198
5198
5198
5198
5198
5198
5198
5198
5198
5193
5193
5193
5193
5193
5193
5193
5193
5193
5193
5192
5192
5192
5192
5192
5193
5193
5198
5198
5198
5198
5198
5198
5198
5198
5198
5198
5198
5198
5198
5198
5198
5198
5198
5198
5198
5198
5198
5198
5198
5198
5198
5193
5193
5193
5193
5193
5193
5193
5193
5193
5193
5193
5193
5193
5193
5193
5193
5193
5193
5193
5193
5193
5192
5192
5192
5192
5192
5192
5192
5192
5192
5192
5192
5192
5192
5192
5192
5192
5197
5197
5197
5197
5192
5193
5193
5193
5193
5192
5192
5192
5192
5192
5192
5144
5117
5117
5117
5117
5117
5117
5117
5117
5117
5116
5116
5116
5116
5116
5121
5121
5121
5169
5164
5164
5164
5164
5164
5169
5169
5169
5169
5169
5169
5169
5169
5169
5169
5170
5170
5170
5170
5170
5170
5169
5169
5164
5164
5164
5164
5164
5164
5164
5165
5165
5165
5165
5165
5165
5165
5165
5165
5170
5170
5170
5170
5170
5170
5170
5170
5170
5170
5170
5169
5169
5169
5169
5170
5170
5170
5170
5170
5170
5170
5170
5169
5169
5164
5164
5164
5164
5191
5191
5191
5191
5191
5191
5191
5191
5191
5191
5191
5191
5191
5191
5191
5196
5196
5197
5197
5197
5196
5196
5196
5191
5191
5191
5191
5191
5191
5191
5191
5191
5191
5191
5191
5191
5191
5191
5191
5191
5191
5191
5191
5191
5192
5192
5192
5192
5192
5192
5192
5192
5192
5192
5192
5192
5192
5192
5192
5193
5193
5192
5192
5193
5193
5193
5193
5198
5197
5197
5197
5197
5197
5197
5197
5197
5197
5197
5197
5198
5198
5198
5198
5198
5197
5197
5197
5192
5193
5193
5192
5192
5192
5192
5191
5191
5191
5191
5191
5191
5191
5191
5192
5192
5192
5192
5193
5193
5193
5193
5193
5193
5193
5193
5193
5193
5193
5193
5193
5193
5193
5192
5193
5193
5193
5193
5193
5193
5193
5193
5193
5193
5193
5198
5198
5198
5198
5198
5198
5193
5193
5193
5193
5193
5192
5192
5197
5197
5197
5197
5197
5197
5197
5192
5192
5192
5192
5192
5192
5193
5193
5193
5192
5192
5192
5192
5192
5191
5191
5192
5192
5192
5192
5192
5192
5192
5192
5192
5192
5192
5192
5192
5192
5192
5192
5192
5192
5192
5192
5197
5197
5197
5197
5197
5197
5197
5197
5197
5197
5197
5197
5196
5196
5196
5196
5196
5196
5191
5191
5191
5191
5191
5191
5191
5192
5192
5192
5191
5191
5191
5191
5191
5191
5191
5196
5196
5197
5197
5197
5196
5197
5197
5197
5197
5197
5197
5197
5192
5192
5192
5192
5192
5192
5192
5192
5192
5192
5192
5192
5192
5197
5197
5197
5197
5197
5197
5192
5192
5192
5192
5192
5192
5192
5193
5193
5193
5198
5198
5198
5198
5198
5198
5198
5193
5193
5193
5192
5193
5193
5193
5193
5193
5193
5193
5193
5198
5198
5198
5197
5197
5197
5197
5197
5197
5197
5197
5197
5197
5197
5197
5196
5196
5196
5196
5196
5196
5196
5196
5196
5196
5196
5196
5196
5196
5196
5197
5197
5197
5197
5197
5197
5197
5197
5197
5197
5196
5196
5196
5196
5196
5196
5196
5196
5196
5197
5197
5197
5197
5197
5197
5197
5196
5196
5196
5196
5196
5196
5196
5196
5197
5197
5197
5197
5197
5192
5192
5192
5192
5192
5197
5197
5197
5197
5197
5197
5197
5197
5197
5197
5196
5196
5196
5196
5196
5196
5196
5196
5196
5196
5196
5196
5196
5196
5196
5196
5196
5196
5196
5196
5196
5196
5196
5196
5197
5197
5197
5197
5197
5197
5197
5198
5198
5198
5198
5198
5197
5197
5198
5198
5198
5198
5193
5193
5193
5193
5193
5193
5193
5193
5192
5191
5192
5192
5192
5192
5192
5192
5192
5192
5192
5191
5191
5192
5197
5197
5197
5197
5196
5196
5196
5196
5197
5192
5192
5192
5192
5191
5191
5191
5191
5191
5191
5191
5191
5191
5191
5191
5191
5191
5191
5191
5191
5191
5191
5191
5191
5192
5191
5191
5191
5192
5192
5192
5192
5191
5191
5191
5191
5191
5191
5191
5191
5191
5191
5191
5196
5196
5196
5196
5196
5196
5196
5196
5196
5196
5197
5197
5197
5197
5197
5197
5197
5197
5197
5197
5197
5197
5192
5197
5197
5197
5197
5197
5197
5197
5197
5197
5197
5197
5197
5192
5192
5192
5192
5192
5192
5192
5191
5191
5191
5191
5191
5191
5191
5191
5192
5191
5192
5197
5197
5197
5197
5197
5197
5197
5197
5197
5197
5197
5197
5197
5197
5197
5197
5197
5197
5197
5197
5198
5198
5198
5198
5197
5197
5197
5197
5197
5197
5197
5197
5192
5192
5192
5191
5192
5192
5192
5192
5192
5192
5192
5192
5192
5192
5192
5192
5192
5192
5192
5192
5192
5192
5192
5192
5192
5192
5192
5192
5192
5192
5192
5192
5192
5192
5192
5192
5192
5192
5192
5192
5192
5192
5192
5193
5193
5193
5193
5193
5193
5193
5193
5193
5193
5193
5193
5193
5192
5192
5191
5191
5191
5191
5192
5192
5192
5192
5192
5192
5192
5192
5192
5191
5191
5191
5191
5191
5191
5191
5191
5191
5191
5191
5191
5191
5191
5191
5191
5191
5192
5197
5197
5197
5197
5197
5197
5198
5197
5197
5197
5197
5197
5197
5198
5198
5198
5198
5198
5198
5198
5198
5198
5198
5198
5198
5198
5198
5198
5198
5197
5197
5197
5197
5197
5197
5197
5198
5197
5197
5198
5198
5198
5198
5198
5198
5198
5198
5198
5197
5197
5197
5197
5197
5197
5192
5192
5192
5192
5192
5192
5192
5192
5192
5192
5192
5197
5197
5197
5197
5197
5197
5197
5197
5197
5197
5197
5197
5197
5197
5197
5197
5197
5197
5197
5197
5197
5197
5197
5197
5197
5197
5197
5197
5197
5197
5197
5197
5198
5198
5198
5198
5193
5193
5192
5192
5192
5192
5192
5192
5192
5193
5198
5198
5198
5198
5198
5198
5198
5198
5198
5198
5198
5198
5198
5198
5198
5197
5192
5192
5192
5193
5193
5193
5193
5193
5193
5192
5192
5192
5192
5192
5192
5192
5192
5192
5192
5192
5192
5192
5192
5192
5191
5191
5191
5191
5191
5191
5192
5192
5192
5192
5192
5192
5192
5192
5192
5192
5192
5192
5193
5193
5193
5193
5193
5193
5193
5193
5193
5193
5193
5193
5193
5193
5192
5192
5192
5192
5192
5192
5192
5192
5192
5192
5192
5192
5192
5197
5197
5197
5197
5197
5197
5197
5197
5197
5192
5197
5197
5198
5197
5196
5197
5197
5197
5197
5197
5197
5197
5197
5197
5197
5197
5196
5196
5196
5197
5197
5197
5197
5197
5197
5197
5197
5197
5197
5197
5192
5192
5192
5192
5192
5192
5192
5192
5192
5192
5192
5192
5192
5192
5192
5192
5192
5192
5192
5192
5192
5192
5192
5192
5192
5192
5192
5192
5192
5192
5192
5192
5192
5192
5192
5192
5192
5192
5192
5192
5192
5192
5192
5197
5197
5197
5197
5197
5197
5197
5197
5197
5196
5196
5196
5196
5196
5196
5196
5197
5197
5197
5192
5192
5192
5192
5192
5197
5197
5197
5197
5197
5198
5198
5197
5197
5197
5197
5197
5197
5197
5197
5197
5197
5197
5197
5197
5197
5198
5198
5198
5193
5193
5198
5197
5197
5197
5197
5197
5197
5197
5197
5197
5197
5197
5197
5197
5197
5197
5192
5192
5192
5192
5192
5192
5192
5192
5192
5197
5196
5196
5196
5196
5196
5196
5196
5196
5196
5196
5191
5191
5191
5192
5192
5192
5192
5192
5165
5165
5165
5165
5165
5165
5166
5166
5166
5166
5166
5166
5166
5166
5171
5171
5171
5171
5171
5198
5198
5198
5198
5198
5198
5197
5197
5197
5197
5197
5197
5197
5197
5197
5197
5197
5197
5197
5197
5197
5197
5197
5197
5197
5198
5198
5198
5198
5198
5198
5198
5198
5198
5197
5197
5197
5197
5197
5192
5192
5192
5192
5192
5192
5192
5192
5191
5191
5191
5191
5191
5191
5191
5191
5192
5192
5192
5192
5192
5192
5192
5192
5197
5197
5197
5197
5197
5197
5197
5197
5197
5197
5197
5197
5197
5197
5197
5197
5197
5197
5197
5197
5197
5197
5197
5197
5197
5197
5197
5197
5197
5196
5196
5196
5196
5196
5196
5196
5196
5196
5196
5196
5196
5196
5196
5196
5196
5196
5196
5196
5196
5196
5196
5196
5191
5191
5191
5191
5192
5192
5192
5192
5192
5197
5197
5197
5197
5197
5197
5198
5198
5198
5198
5198
5197
5197
5197
5197
5197
5197
5197
5197
5197
5197
5197
5197
5197
5198
5197
5197
5197
5197
5197
5197
5197
5197
5197
5197
5197
5197
5197
5197
5198
5198
5198
5198
5198
5198
5198
5198
5197
5197
5197
5196
5196
5196
5196
5196
5196
5196
5196
5197
5197
5197
5197
5197
5197
5197
5197
5197
5197
5198
5198
5198
5198
5198
5198
5198
5198
5198
5198
5198
5198
5198
5198
5198
5198
5198
5198
5198
5198
5198
5198
5198
5198
5198
5198
5198
5197
5197
5197
5197
5197
5197
5197
5197
5197
5197
5197
5197
5198
5198
5198
5198
5198
5197
5197
5197
5197
5197
5197
5197
5197
5192
5192
5192
5192
5192
5192
5197
5197
5197
5197
5197
5197
5197
5197
5197
5197
5197
5197
5197
5197
5197
5197
5197
5197
5197
5197
5197
5197
5197
5197
5197
5197
5198
5198
5198
5198
5197
5197
5197
5197
5197
5197
5197
5198
5198
5198
5198
5198
5198
5198
5198
5198
5198
5198
5198
5198
5198
5198
5198
5198
5198
5198
5198
5198
5197
5198
5198
5198
5198
5198
5198
5198
5198
5198
5197
5197
5197
5197
5198
5197
5197
5197
5197
5197
5197
5197
5197
5197
5196
5191
5191
5191
5191
5191
5191
5192
5192
5192
5192
5192
5193
5193
5193
5193
5193
5193
5193
5198
5198
5198
5198
5198
5198
5198
5198
5198
5198
5198
5198
5198
5198
5198
5197
5197
5197
5197
5196
5196
5196
5196
5191
5191
5192
5191
5192
5192
5192
5193
5192
5192
5192
5192
5192
5192
5192
5192
5192
5192
5191
5196
5196
5196
5196
5196
5196
5196
5196
5196
5196
5196
5197
5197
5197
5197
5196
5196
5196
5196
5196
5196
5197
5197
5197
5197
5198
5198
5193
5193
5193
5193
5193
5193
5193
5193
5193
5192
5192
5192
5192
5192
5192
5192
5192
5191
5191
5191
5191
5191
5191
5191
5191
5191
5191
5191
5191
5191
5191
5192
5192
5192
5192
5192
5192
5192
5192
5192
5192
5192
5192
5192
5192
5192
5192
5192
5192
5192
5192
5192
5192
5192
5193
5193
5193
5192
5192
5192
5192
5192
5192
5192
5192
5192
5197
5197
5197
5197
5197
5198
5198
5197
5197
5197
5197
5197
5196
5196
5196
5196
5196
5196
5196
5196
5197
5197
5197
5197
5197
5197
5197
5197
5197
5197
5197
5197
5197
5197
5197
5197
5197
5197
5197
5197
5197
5198
5198
5198
5198
5197
5197
5197
5197
5197
5197
5197
5197
5197
5197
5198
5198
5198
5198
5198
5197
5197
5197
5197
5197
5197
5197
5197
5197
5197
5197
5198
5197
5197
5197
5197
5198
5198
5198
5198
5198
5198
5198
5197
5197
5197
5197
5197
5197
5197
5197
5198
5198
5193
5193
5193
5193
5193
5193
5192
5192
5192
5192
5192
5192
5192
5192
5192
5191
5191
5191
5191
5191
5192
5192
5192
5192
5192
5192
5192
5192
5197
5197
5197
5197
5192
5192
5192
5192
5192
5192
5192
5193
5193
5193
5193
5193
5198
5198
5198
5198
5198
5193
5193
5193
5193
5193
5192
5192
5192
5192
5192
5192
5192
5197
5197
5197
5197
5197
5197
5197
5197
5197
5197
5197
5197
5197
5197
5197
5197
5197
5197
5197
5197
5197
5198
5193
5192
5197
5197
5197
5197
5197
5198
5198
5198
5198
5198
5198
5198
5198
5198
5197
5197
5197
5197
5197
5196
5196
5196
5196
5197
5197
5197
5197
5197
5197
5197
5197
5197
5197
5192
5192
5192
5192
5192
5197
5197
5197
5197
5197
5197
5197
5197
5198
5197
5197
5197
5197
5197
5197
5197
5197
5197
5197
5197
5197
5197
5197
5196
5196
5196
5191
5191
5191
5191
5191
5191
5191
5191
5191
5191
5191
5191
5191
5192
5192
5192
5192
5192
5192
5192
5192
5192
5192
5192
5192
5192
5192
5192
5193
5192
5192
5192
5192
5192
5192
5192
5192
5192
5192
5192
5191
5196
5196
5196
5196
5196
5196
5196
5196
5196
5197
5197
5197
5197
5197
5198
5198
5198
5198
5198
5198
5198
5198
5198
5198
5198
5198
5198
5198
5198
5198
5198
5198
5197
5197
5197
5197
5197
5198
5198
5198
5198
5198
5198
5198
5198
5198
5198
5198
5198
5198
5198
5198
5198
5198
5198
5198
5198
5197
5197
5197
5197
5197
5197
5197
5197
5197
5198
5198
5198
5198
5198
5198
5198
5198
5198
5198
5198
5198
5198
5198
5197
5197
5197
5197
5197
5197
5197
5197
5197
5197
5197
5197
5197
5197
5197
5197
5197
5197
5197
5197
5197
5197
5197
5197
5197
5197
5197
5197
5197
5197
5197
5197
5197
5197
5197
5197
5197
5197
5197
5196
5197
5197
5197
5197
5197
5197
5196
5196
5196
5196
5196
5196
5197
5197
5198
5198
5198
5197
5197
5197
5197
5197
5197
5197
5197
5197
5197
5197
5197
5197
5197
5197
5197
5197
5197
5197
5197
5197
5197
5197
5197
5197
5197
5197
5197
5197
5197
5197
5197
5197
5197
5197
5197
5197
5197
5198
5198
5198
5198
5198
5198
5198
5198
5198
5198
5198
5198
5197
5197
5197
5197
5196
5196
5196
5196
5196
5196
5196
5196
5196
5196
5196
5196
5196
5196
5196
5196
5196
5196
5197
5197
5197
5197
5197
5197
5197
5197
5197
5197
5197
5197
5197
5197
5197
5197
5197
5197
5197
5197
5197
5197
5197
5197
5197
5197
5197
5197
5197
5197
5197
5197
5197
5197
5197
5197
5197
5197
5196
5196
5196
5196
5196
5196
5197
5197
5197
5197
5197
5197
5197
5197
5197
5197
5196
5196
5196
5196
5196
5196
5196
5196
5196
5196
5196
5196
5196
5196
5196
5197
5197
5197
5197
5197
5197
5197
5197
5197
5198
5198
5198
5198
5198
5198
5198
5198
5198
5198
5198
5198
5198
5198
5197
5197
5197
5197
5197
5197
5197
5197
5198
5198
5198
5198
5198
5198
5198
5198
5198
5198
5198
5198
5198
5198
5198
5198
5198
5198
5197
5198
5198
5198
5198
5198
5198
5198
5198
5197
5197
5197
5192
5192
5191
5191
5191
5191
5191
5191
5191
5191
5191
5191
5191
5191
5191
5191
5191
5191
5191
5191
5191
5191
5191
5191
5191
5191
5191
5191
5191
5191
5191
5196
5196
5196
5196
5196
5196
5196
5196
5196
5196
5197
5197
5197
5197
5197
5197
5197
5197
5197
5197
5197
5197
5197
5197
5197
5197
5197
5197
5197
5197
5197
5197
5197
5197
5197
5197
5197
5197
5197
5197
5197
5197
5198
5197
5197
5197
5197
5198
5198
5198
5198
5197
5197
5197
5197
5197
5197
5197
5197
5198
5198
5198
5197
5197
5197
5197
5197
5196
5196
5196
5196
5197
5198
5197
5197
5197
5197
5197
5197
5197
5197
5197
5197
5197
5197
5197
5197
5197
5197
5197
5197
5197
5197
5196
5196
5196
5196
5196
5196
5196
5196
5196
5196
5196
5196
5197
5196
5196
5196
5196
5196
5197
5197
5197
5197
5198
5198
5198
5198
5197
5197
5197
5197
5197
5197
5198
5198
5198
5198
5198
5198
5198
5198
5198
5198
5198
5198
5198
5198
5198
5198
5198
5198
5198
5198
5198
5198
5198
5198
5198
5198
5198
5198
5198
5198
5198
5198
5198
5198
5198
5197
5197
5197
5197
5197
5197
5197
5197
5197
5197
5197
5197
5197
5197
5197
5197
5197
5197
5197
5197
5197
5197
5197
5197
5197
5197
5197
5197
5197
5198
5198
5198
5198
5197
5197
5197
5197
5197
5197
5197
5197
5197
5197
5197
5197
5197
5197
5197
5197
5197
5197
5197
5197
5197
5197
5197
5198
5198
5198
5198
5198
5198
5198
5198
5198
5198
5197
5197
5197
5197
5197
5198
5198
5198
5198
5198
5198
5198
5198
5198
5198
5198
5198
5198
5198
5198
5198
5198
5198
5197
5197
5197
5197
5197
5197
5197
5197
5197
5198
5198
5198
5198
5198
5198
5198
5198
5198
5198
5198
5198
5198
5198
5198
5198
5198
5198
5198
5198
5198
5197
5197
5197
5197
5197
5197
5197
5197
5197
5197
5197
5197
5197
5197
5197
5197
5197
5197
5197
5197
5197
5197
5197
5197
5197
5197
5197
5197
5197
5197
5197
5197
5197
5197
5197
5197
5197
5197
5197
5197
5197
5198
5198
5198
5197
5197
5197
5197
5197
5197
5197
5197
5197
5198
5198
5198
5198
5198
5198
5198
5198
5198
5198
5197
5197
5197
5197
5197
5197
5197
5197
5197
5197
5197
5197
5197
5197
5197
5197
5197
5197
5197
5198
5198
5198
5198
5198
5198
5198
5198
5197
5197
5197
5197
5197
5197
5197
5197
5197
5197
5197
5197
5197
5197
5197
5197
5197
5197
5197
5197
5197
5197
5197
5197
5197
5197
5197
5197
5197
5197
5197
5197
5197
5197
5197
5197
5197
5197
5197
5197
5197
5197
5197
5197
5197
5197
5197
5197
5197
5197
5197
5197
5197
5197
5197
5197
5197
5197
5197
5197
5197
5197
5197
5197
5197
5197
5197
5197
5197
5197
5197
5196
5196
5196
5197
5197
5197
5197
5197
5197
5197
5197
5197
5197
5197
5196
5196
5196
5196
5196
5197
5197
5197
5197
5198
5198
5198
5197
5197
5197
5197
5197
5198
5198
5198
5198
5198
5198
5198
5198
5198
5197
5197
5197
5197
5196
5197
5197
5197
5197
5198
5198
5198
5198
5198
5198
5198
5198
5198
5198
5198
5198
5198
5198
5198
5198
5198
5198
5198
5198
5198
5198
5198
5198
5198
5198
5198
5198
5198
5198
5197
5197
5197
5198
5198
5198
5198
5198
5198
5198
5198
5198
5198
5198
5198
5198
5198
5198
5198
5198
5198
5198
5198
5198
5198
5198
5198
5198
5198
5198
5198
5198
5198
5198
5198
5198
5198
5198
5198
5198
5198
5198
5198
5198
5198
5198
5198
5198
5198
5198
5198
5198
5198
5198
5198
5198
5198
5198
5198
5198
5198
5198
5198
5198
5198
5198
5198
5198
5198
5198
5198
5198
5198
5198
5198
5198
5198
5198
5198
5198
5198
5198
5198
5198
5198
5198
5198
5198
5198
5198
5198
5198
5198
5198
5198
5198
5198
5198
5198
5198
5198
5198
5198
5198
5198
5198
5198
5198
5198
5198
5198
5198
5198
5198
5198
5197
5197
5197
5197
5197
5197
5197
5197
5197
5197
5197
5197
5197
5197
5197
5198
5197
5197
5197
5197
5197
5197
5197
5197
5197
5197
5197
5197
5197
5197
5197
5197
5197
5197
5197
5197
5197
5197
5197
5197
5197
5197
5196
5196
5196
5196
5196
5196
5196
5197
5197
5197
5197
5197
5197
5197
5197
5197
5197
5197
5197
5196
5196
5196
5196
5196
5196
5196
5196
5197
5197
5197
5197
5197
5197
5197
5197
5197
5197
5197
5198
5198
5198
5198
5198
5198
5198
5198
5198
5198
5198
5198
5198
5198
5198
5198
5198
5198
5198
5198
5198
5198
5197
5197
5197
5197
5197
5197
5197
5197
5197
5197
5197
5197
5197
5197
5197
5197
5197
5197
5197
5197
5197
5197
5197
5197
5197
5197
5197
5197
5197
5197
5197
5197
5197
5197
5197
5197
5197
5197
5197
5197
5197
5197
5197
5197
5197
5197
5197
5197
5197
5197
5197
5197
5197
5197
5197
5197
5197
5197
5197
5197
5197
5197
5197
5197
5197
5197
5197
5197
5197
5197
5197
5197
5197
5197
5197
5197
5197
5197
5197
5197
5197
5197
5197
5197
5197
5197
5197
5197
5197
5197
5197
5197
5197
5197
5198
5198
5198
5198
5198
5198
5198
5198
5198
5198
5198
5198
5198
5198
5198
5198
5198
5198
5198
5198
5198
5198
5198
5198
5198
5198
5198
5198
5198
5198
5198
5198
5197
5197
5197
5197
5197
5197
5197
5197
5197
5197
5197
5197
5197
5197
5197
5197
5197
5197
5197
5197
5197
5197
5198
5198
5198
5197
5197
5197
5197
5197
5197
5197
5197
5197
5197
5197
5198
5198
5198
5198
5198
5198
5198
5198
5198
5198
5198
5198
5198
5198
5198
5198
5198
5198
5198
5198
5198
5198
5198
5198
5198
5198
5198
5198
5198
5198
5197
5197
5197
5197
5197
5197
5197
5197
5197
5197
5197
5197
5197
5197
5197
5197
5197
5197
5197
5197
5197
5197
5197
5197
5197
5197
5197
5197
5197
5197
5197
5197
5197
5197
5197
5197
5197
5197
5198
5198
5198
5198
5198
5198
5198
5198
5198
5198
5198
5198
5198
5198
5198
5198
5198
5198
5198
5198
5197
5197
5197
5197
5197
5196
5196
5196
5196
5196
5196
5197
5197
5197
5197
5197
5197
5197
5197
5197
5197
5197
5197
5197
5198
5198
5198
5198
5198
5198
5198
5198
5198
5198
5198
5198
5198
5198
5198
5198
5198
5198
5198
5198
5198
5198
5198
5198
5198
5198
5198
5198
5198
5198
5198
5198
5198
5198
5198
5198
5198
5198
5198
5198
5198
5198
5198
5198
5198
5198
5198
5198
5198
5198
5198
5198
5198
5198
5198
5198
5198
5198
5198
5197
5197
5197
5197
5197
5197
5197
5197
5197
5197
5197
5197
5196
5196
5196
5196
5196
5196
5196
5196
5196
5196
5196
5196
5196
5196
5196
5196
5196
5196
5196
5196
5196
5196
5196
5196
5196
5196
5196
5196
5196
5196
5196
5196
5197
5197
5197
5197
5197
5197
5197
5197
5197
5197
5197
5197
5197
5197
5197
5197
5197
5197
5197
5197
5197
5197
5197
5197
5197
5197
5197
5197
5197
5197
5197
5197
5197
5197
5197
5197
5197
5197
5197
5197
5197
5197
5197
5197
5197
5197
5197
5197
5197
5197
5197
5197
5197
5197
5197
5197
5197
5197
5197
5197
5197
5197
5198
5198
5198
5198
5198
5198
5198
5198
5198
5198
5198
5198
5198
5198
5198
5198
5198
5197
5197
5197
5197
5197
5197
5197
5197
5197
5197
5197
5197
5197
5197
5197
5197
5197
5198
5198
5198
5198
5198
5198
5198
5198
5198
5198
5198
5198
5198
5198
5198
5198
5198
5198
5198
5198
5198
5198
5198
5198
5198
5198
5198
5198
5198
5198
5198
5198
5198
5198
5198
5198
5198
5198
5198
5198
5198
5198
5198
5198
5198
5198
5198
5198
5198
5198
5198
5198
5198
5198
5198
5198
5198
5198
5198
5198
5198
5198
5198
5198
5198
5198
5198
5198
5198
5198
5198
5198
5198
5198
5198
5198
5198
5198
5198
5198
5198
5198
5198
5198
5198
5198
5198
5198
5198
5198
5198
5198
5198
5198
5198
5198
5198
5198
5198
5198
5198
5198
5198
5198
5198
5198
5198
5198
5198
5198
5198
5198
5198
5198
5198
5198
5198
5198
5198
5198
5198
5198
5198
5198
5198
5198
5198
5198
5198
5198
5198
5198
5198
5198
5198
5198
5198
5198
5198
5198
5198
5198
5198
5198
5198
5198
5198
5198
5198
5198
5198
5198
5198
5198
5198
5198
5198
5198
5198
5198
5198
5198
5198
5198
5198
5198
5198
5198
5198
5198
5198
5198
5198
5198
5198
5198
5198
5198
5198
5198
5198
5198
5198
5198
5198
5198
5198
5198
5198
5198
5198
5198
5198
5198
5198
5198
5198
5198
5198
5198
5198
5198
5198
5198
5198
5198
5198
5198
5198
5198
5198
5198
5198
5198
5198
5198
5198
5198
5198
5198
5198
5198
5198
5198
5198
5198
5198
5198
5198
5198
5198
5198
5198
5198
5198
5198
5198
5198
5198
5198
5198
5198
5198
5198
5198
5198
5198
5198
5198
5198
5198
5198
5198
5197
5197
5197
5197
5196
5196
5196
5196
5197
5197
5197
5197
5198
5198
5198
5198
5198
5198
5198
5198
5198
5198
5198
5198
5198
5198
5198
5198
5198
5198
5198
5198
5198
5198
5198
5198
5198
5198
5198
5198
5198
5198
5198
5198
5198
5198
5198
5198
5198
5198
5198
5198
5198
5198
5198
5198
5198
5198
5198
5198
5198
5198
5198
5198
5198
5198
5198
5198
5198
5198
5198
5198
5198
5198
5198
5198
5198
5198
5198
5198
5198
5198
5198
5198
5198
5198
5198
5198
5198
5198
5198
5198
5198
5198
5198
5198
5198
5198
5198
5198
5198
5198
5198
5198
5198
5198
5198
5198
5198
5198
5198
5198
5198
5198
5198
5198
5198
5198
5198
5198
5198
5198
5198
5198
5198
5198
5198
5198
5198
5198
5198
5198
5198
5198
5198
5198
5198
5198
5198
5198
5198
5198
5198
5198
5198
5198
5198
5198
5198
5198
5198
5198
5198
5198
5198
5198
5198
5198
5198
5198
5198
5198
5198
5198
5198
5198
5198
5198
5198
5198
5198
5198
5198
5198
5198
5198
5198
5198
5198
5198
5198
5198
5198
5198
5198
5198
5198
5198
5198
5198
5198
5198
5198
5198
5198
5198
5198
5198
5198
5198
5198
5198
5198
5198
5198
5198
5198
5198
5198
5198
5198
5198
5198
5198
5198
5198
5198
5198
5198
5198
5198
5198
5198
5198
5198
5198
5198
5198
5198
5198
5198
5198
5198
5198
5198
5198
5198
5198
5198
5198
5198
5198
5198
5198
5198
5198
5198
5198
5198
5198
5198
5198
5198
5198
5198
5198
5198
5198
5198
5198
5198
5198
5198
5198
5198
5198
5198
5198
5198
5198
5198
5198
5198
5198
5198
5198
5198
5198
5198
5198
5198
5198
5198
5198
5198
5198
5198
5198
5198
5198
5198
5198
5198
5198
5198
5198
5198
5198
5198
5198
5198
5198
5198
5198
5198
5198
5198
5198
5198
5198
5198
5198
5198
5198
5198
5198
5198
5198
5198
5198
5198
5198
5198
5198
5198
5198
5198
5198
5198
5198
5198
5198
5198
5198
5198
5198
5198
5198
5198
5198
5198
5198
5198
5198
5198
5198
5198
5198
5198
5198
5198
5198
5198
5198
5198
5198
5198
5198
5198
5198
5198
5198
5198
5198
5198
5198
5198
5198
5198
5198
5198
5198
5198
5198
5198
5198
5198
5198
5198
5198
5198
5198
5198
5198
5198
5198
5198
5198
5198
5198
5198
5198
5198
5198
5198
5198
5198
5198
5198
5198
5198
5198
5198
5198
5198
5198
5198
5198
5198
5198
5198
5198
5198
5198
5198
5198
5198
5198
5198
5198
5198
5198
5198
5198
5198
5198
5198
5198
5198
5198
5198
5198
5198
5198
5198
5198
5198
5198
5198
5198
5198
5198
5198
5198
5198
5198
5198
5198
5198
5198
5198
5198
5198
5198
5198
5198
5198
5198
5198
5198
5198
5198
5198
5198
5198
5198
5198
5198
5198
5198
5198
5198
5198
5198
5198
5198
5198
5198
5198
5198
5198
5198
5198
5198
5198
5198
5198
5198
5198
5198
5198
5198
5198
5198
5198
5198
5198
5198
5198
5198
5198
5198
5198
5198
5198
5198
5198
5198
5198
5198
5198
5198
5198
5198
5198
5198
5198
5198
5198
5198
5198
5198
5198
5198
5198
5198
5198
5198
5198
5198
5198
5198
5198
5198
5198
5198
5198
5198
5198
5198
5198
5198
5198
5198
5198
5198
5198
5198
5198
5198
5198
5198
5198
5198
5198
5198
5198
5198
5198
5198
5198
5198
5198
5198
5198
5198
5198
5198
5198
5198
5198
5198
5198
5198
5198
5198
5198
5198
5198
5198
5198
5198
5198
5198
5198
5198
5198
5198
5198
5198
5198
5198
5198
5198
5198
5198
5198
5198
5198
5198
5198
5198
5198
5198
5198
5198
5198
5198
5198
5198
5198
5198
5198
5198
5198
5198
5198
5198
5198
5198
5198
5198
5198
5198
5198
5198
5198
5198
5198
5198
5198
5198
5198
5198
5198
5198
5198
5198
5198
5198
5198
5198
5198
5198
5198
5198
5198
5198
5198
5198
5198
5198
5198
5198
5198
5198
5198
5198
5198
5198
5198
5198
5198
5198
5198
5198
5198
5198
5198
5198
5198
5198
5198
5198
5198
5198
5198
5198
5198
5198
5198
5198
5198
5198
5198
5198
5198
5198
5198
5197
5197
5197
5197
5197
5197
5197
5197
5197
5197
5197
5197
5197
5197
5197
5197
5197
5197
5197
5197
5197
5197
5197
5198
5198
5198
5198
5198
5198
5198
5198
5198
5198
5198
5198
5198
5198
5198
5198
5198
5198
5198
5198
5198
5198
5198
5198
5198
5198
5198
5198
5198
5198
5198
5198
5198
5198
5198
5198
5198
5198
5198
5198
5198
5198
5198
5198
5198
5198
5198
5198
5198
5198
5198
5198
5198
5198
5198
5198
5198
5198
5198
5198
5198
5198
5198
5198
5198
5198
5198
5198
5198
5198
5198
5198
5198
5198
5198
5198
5198
5198
5198
5198
5198
5198
5198
5198
5198
5198
5198
5198
5198
5198
5198
5198
5198
5198
5198
5198
5198
5198
5198
5198
5198
5198
5198
5198
5198
5198
5198
5198
5198
5198
5198
5198
5198
5198
5198
5198
5198
5198
5198
5198
5198
5198
5198
5198
5198
5198
5198
5198
5198
5198
5198
5198
5198
5198
5198
5198
5198
5198
5198
5198
5198
5198
5198
5198
5198
5198
5198
5198
5198
5198
5198
5198
5198
5198
5198
5198
5198
5198
5198
5198
5198
5198
5198
5198
5198
5198
5198
5198
5198
5198
5198
5198
5198
5198
5198
5198
5198
5198
5198
5198
5198
5198
5198
5198
5198
5198
5198
5198
5198
5198
5198
5198
5198
5198
5198
5198
5198
5198
5198
5198
5198
5198
5198
5198
5198
5198
5198
5198
5198
5198
5198
5198
5198
5198
5198
5198
5198
5198
5198
5198
5198
5198
5198
5198
5198
5198
5198
5198
5198
5198
5198
5198
5198
5198
5198
5198
5198
5198
5198
5198
5198
5198
5198
5198
5198
5198
5198
5198
5198
5198
5198
5198
5198
5198
5198
5198
5198
5198
5198
5198
5198
5198
5198
5198
5198
5198
5198
5198
5198
5198
5198
5198
5198
5198
5198
5198
5198
5198
5198
5198
5198
5198
5198
5198
5198
5198
5198
5198
5198
5198
5198
5198
5198
5198
5198
5198
5198
5198
5198
5198
5198
5198
5198
5198
5198
5198
5198
5198
5198
5198
5198
5198
5198
5198
5198
5198
5198
5198
5198
5198
5198
5198
5198
5198
5198
5198
5198
5198
5198
5198
5198
5198
5198
5198
5198
5198
5198
5198
5198
5198
5198
5198
5198
5198
5198
5198
5198
5198
5198
5198
5198
5198
5198
5198
5198
5198
5198
5198
5198
5198
5198
5198
5198
5198
5198
5198
5198
5198
5198
5198
5198
5198
5198
5198
5198
5198
5198
5198
5198
5198
5198
5198
5198
5198
5198
5198
5198
5198
5198
5198
5198
5198
5198
5198
5198
5198
5198
5198
5198
5198
5198
5198
5198
5198
5198
5198
5198
5198
5198
5198
5198
5198
5198
5198
5198
5198
5198
5198
5198
5198
5198
5198
5198
5198
5198
5198
5198
5198
5198
5198
5198
5198
5198
5198
5198
5198
5198
5198
5198
5198
5198
5198
5198
5198
5198
5198
5198
5198
5198
5198
5198
5198
5198
5198
5198
5198
5198
5198
5198
5198
5198
5198
5198
5198
5198
5198
5198
5198
5198
5198
5198
5198
5198
5198
5198
5198
5198
5198
5198
5198
5198
5198
5198
5198
5198
5198
5198
5198
5198
5198
5198
5198
5198
5198
5198
5198
5198
5198
5198
5198
5198
5198
5198
5198
5198
5198
5198
5198
5198
5198
5198
5198
5198
5198
5198
5198
5198
5198
5198
5198
5198
5198
5198
5198
5198
5198
5198
5198
5198
5198
5198
5198
5198
5198
5198
5198
5198
5198
5198
5198
5198
5198
5198
5198
5198
5198
5198
5198
5198
5198
5198
5198
5198
5198
5198
5198
5198
5198
5198
5198
5198
5198
5198
5198
5198
5198
5198
5198
5198
5198
5198
5198
5198
5198
5198
5198
5198
5198
5198
5198
5198
5198
5198
5198
5198
5198
5198
5198
5198
5198
5198
5198
5198
5198
5198
5198
5198
5198
5198
5198
5198
5198
5198
5198
5198
5198
5198
5198
5198
5198
5198
5198
5198
5198
5198
5198
5198
5198
5198
5198
5198
5198
5198
5198
5198
5198
5198
5198
5198
5198
5198
5198
5198
5198
5198
5198
5198
5198
5198
5198
5198
5198
5198
5198
5198
5198
5198
5198
5198
5198
5198
5198
5198
5198
5198
5198
5198
5198
5198
5198
5198
5198
5198
5198
5198
5198
5198
5198
5198
5198
5198
5198
5198
5198
5198
5198
5198
5198
5198
5198
5198
5198
5198
5198
5198
5198
5198
5198
5198
5198
5198
5198
5198
5198
5198
5198
5198
5198
5198
5198
5198
5198
5198
5198
5198
5198
5198
5198
5198
5198
5198
5198
5198
5198
5198
5198
5198
5198
5198
5198
5198
5198
5198
5198
5198
5198
5198
5198
5198
5198
5198
5198
5198
5198
5198
5198
5198
5198
5198
5198
5198
5198
5198
5198
5198
5198
5198
5198
5198
5198
5198
5198
5198
5198
5198
5198
5198
5198
5198
5198
5198
5198
5198
5198
5198
5198
5198
5198
5198
5198
5198
5198
5198
5198
5198
5198
5198
5198
5198
5198
5198
5198
5198
5198
5198
5198
5198
5198
5198
5198
5198
5198
5198
5198
5198
5198
5198
5198
5198
5198
5198
5198
5198
5198
5198
5198
5198
5198
5198
5198
5198
5198
5198
5198
5198
5198
5198
5198
5198
5198
5198
5198
5198
5198
5198
5198
5198
5198
5198
5198
5198
5198
5198
5198
5198
5198
5198
5198
5198
5198
5198
5198
5198
5198
5198
5198
5198
5198
5198
5198
5198
5198
5198
5198
5198
5198
5198
5198
5198
5198
5198
5198
5198
5198
5198
5198
5198
5198
5198
5198
5198
5198
5198
5198
5198
5198
5198
5198
5198
5198
5198
5198
5198
5198
5198
5198
5198
5198
5198
5198
5198
5198
5198
5198
5198
5198
5198
5198
5198
5198
5198
5198
5198
5198
5198
5198
5198
5198
5198
5198
5198
5198
5198
5198
5198
5198
5198
5198
5198
5198
5198
5198
5198
5198
5198
5198
5198
5198
5198
5198
5198
5198
5198
5198
5198
5198
5198
5198
5198
5198
5198
5198
5198
5198
5198
5198
5198
5198
5198
5198
5198
5198
5198
5198
5198
5198
5198
5198
5198
5198
5198
5198
5198
5198
5198
5198
5198
5198
5198
5198
5198
5198
5198
5198
5198
5198
5198
5198
5198
5198
5198
5198
5198
5198
5198
5198
5198
5198
5198
5198
5198
5198
5198
5198
5198
5198
5198
5198
5198
5198
5198
5198
5198
5198
5198
5198
5198
5198
5198
5198
5198
5198
5198
5198
5198
5198
5198
5198
5198
5198
5198
5198
5198
5198
5198
5198
5198
5198
5198
5198
5198
5198
5198
5198
5198
5198
5198
5198
5198
5198
5198
5198
5198
5198
5198
5198
5198
5198
5198
5198
5198
5198
5198
5198
5198
5198
5198
5198
5198
5198
5198
5198
5198
5198
5198
5198
5198
5198
5198
5198
5198
5198
5198
5198
5198
5198
5198
5198
5198
5198
5198
5198
5198
5198
5198
5198
5198
5198
5198
5198
5198
5198
5198
5198
5198
5198
5198
5198
5198
5198
5198
5198
5198
5198
5198
5198
5198
5198
5198
5198
5198
5198
5198
5198
5198
5198
5198
5198
5198
5198
5198
5198
5198
5198
5198
5198
5198
5198
5198
5198
5198
5198
5198
5198
5198
5198
5198
5198
5198
5198
5198
5198
5198
5198
5198
5198
5198
5198
5198
5198
5198
5198
5198
5198
5198
5198
5198
5198
5198
5198
5198
5198
5198
5198
5198
5198
5198
5198
5198
5198
5198
5198
5198
5198
5198
5198
5198
5198
5198
5198
5198
5198
5198
5198
5198
5198
5198
5198
5198
5198
5198
5198
5198
5198
5198
5198
5198
5198
5198
5198
5198
5198
5198
5198
5198
5198
5198
5198
5198
5198
5198
5198
5198
5198
5198
5198
5198
5198
5198
5198
5198
5198
5198
5198
5198
5198
5198
5198
5198
5198
5198
5198
5198
5198
5198
5198
5198
5198
5198
5198
5198
5198
5198
5198
5198
5198
5198
5198
5198
5198
5198
5198
5198
5198
5198
5198
5198
5198
5198
5198
5198
5198
5198
5198
5198
5198
5198
5198
5198
5198
5198
5198
5198
5198
5198
5198
5198
5198
5198
5198
5198
5198
5198
5198
5198
5198
5198
5198
5198
5198
5198
5198
5198
5198
5198
5198
5198
5198
5198
5198
5198
5198
5198
5198
5198
5198
5198
5198
5198
5198
5198
5198
5198
5198
5198
5198
5198
5198
5198
5198
5198
5198
5198
5198
5198
5198
5198
5198
5198
5198
5198
5198
5198
5198
5198
5198
5198
5198
5198
5198
5198
5198
5198
5198
5198
5198
5198
5198
5198
5198
5198
5198
5198
5198
5198
5198
5198
5198
5198
5198
5198
5198
5198
5198
5198
