4229
3874
3191
3242
3243
3652
3891
3891
4283
4543
4593
4593
4542
4158
4108
4158
4158
4258
3803
3241
3241
3191
2799
2799
3191
2782
2333
2782
3273
3013
3063
3625
3625
3233
3688
3126
3142
3126
3126
3142
3551
3811
3811
3320
3704
3703
3248
3232
2848
3240
3001
3001
2669
2669
3231
3914
4153
4153
3761
3761
3711
3727
4182
4232
3670
3671
2988
3550
3934
4326
3675
4030
4030
3621
3620
3165
2781
2781
3165
3165
3065
3066
3066
3066
3016
2624
2906
3315
2960
3611
3611
3611
4294
4293
4293
4294
4294
4345
3896
3657
4012
4251
4301
4301
4062
4062
4162
4162
4146
4146
4637
5029
4929
4878
5333
5333
5349
5400
5400
5384
5333
5782
5424
5440
4985
5036
5491
5082
5032
5032
5016
5016
5348
5297
5706
5806
5806
5474
5065
5474
5474
5474
5474
5474
5065
5065
4681
4697
4681
4581
4226
4226
4581
4226
4581
4913
4631
4631
4731
4781
5020
4571
4853
4904
4904
4904
4413
4131
4081
3726
4081
4465
4747
4696
4696
4695
4695
4044
3712
3320
3320
3370
3015
3506
3406
3406
3406
3356
3074
3125
2670
2670
2720
2720
3075
3091
3091
3483
3483
3244
2984
3433
3382
3366
3821
4081
3626
3908
4147
3763
3713
4364
4748
4488
4539
4871
4871
4871
4871
4309
4764
4482
4498
4498
4758
4309
4409
4017
4466
4824
4469
4209
4259
3768
3319
3674
4066
4515
4775
4775
4775
4724
4041
4092
4583
4532
4814
4814
4815
4815
5498
5043
5043
4552
5043
5452
5003
5003
4743
4351
3860
3505
3489
3489
3540
3540
3539
3799
4290
4290
4291
3800
4291
4853
4469
4209
4209
4209
4564
4464
4464
4413
4004
4055
4510
4510
4510
3948
3948
3897
3897
3847
3489
3489
3489
3539
4101
3862
3862
3530
3914
4363
4363
4463
4014
3732
4141
4499
4449
4449
4500
4760
4198
4590
4606
4248
4248
4248
4148
4597
4597
4929
4929
4929
4929
4278
4636
4585
4584
4823
4439
4721
4482
4124
3633
3633
3373
3373
3473
3473
3457
3457
3458
3718
3035
2586
2486
2725
2725
2825
2416
2134
2134
2583
2583
2992
2992
2660
3151
3167
3167
3217
3217
3217
3575
3575
3315
3998
3315
3315
3877
3777
3777
3385
3436
3828
3828
3828
4160
4811
4811
4795
4811
4572
4854
4854
4854
4854
4803
4803
5187
4778
4878
4878
4878
4778
4728
4728
4779
4778
4778
5461
5561
5562
5107
5106
4544
4262
4262
4501
4501
4783
4425
4425
4987
5345
5346
5345
5329
5047
5047
4598
4614
4614
4614
4123
4123
4383
4384
4384
4666
4406
4406
3723
3722
3982
4437
4437
4421
4830
4730
4730
4730
4830
4268
3986
3986
3935
3935
3675
3675
3675
4358
4920
4528
4920
5411
5411
5411
5411
5411
5411
5411
4956
5007
5057
5007
5007
5007
4907
4907
4575
4675
4317
3826
3826
3827
4087
4419
4027
4027
4518
4534
4534
4816
4765
4816
5208
5208
5208
4948
5397
5397
5755
5755
5739
5688
5704
6159
6159
5920
5920
5920
5920
5920
5588
5588
5572
5622
5638
5877
5877
6209
5647
5192
5243
5242
5242
5226
5126
4844
4486
4486
4768
4784
4784
4785
4134
4118
4680
4629
4237
4337
4337
4337
4337
4337
4337
4337
4353
4114
4765
5220
5204
4642
4592
4592
5154
4770
4769
5127
5127
5143
4861
4861
4861
4861
4861
4861
4299
4350
4610
4610
4611
4611
4995
4994
4994
4995
4995
4586
4586
5148
5557
5556
5224
5124
5124
4740
5022
4339
4288
4289
4528
4528
4528
4528
4628
4628
4528
4528
4512
4273
4273
4273
3782
3782
3782
4174
4173
4664
4382
4382
4382
4621
4621
4621
4903
4511
4251
4251
4252
4252
4252
3894
4226
3575
3243
3503
3094
3145
3145
3195
3553
3553
3314
3553
3553
3962
3978
4661
4422
4421
4370
4370
4370
4370
4354
4354
4354
4354
4072
4072
4073
4355
5006
5057
5006
5106
4748
4748
4748
4488
4206
4206
4156
4548
4193
3702
3962
4346
4704
5195
5195
5211
5262
5262
4813
4762
4762
4111
4111
4393
4842
4458
4697
4697
5348
5348
5399
5383
5738
6070
5788
5297
5297
5246
4914
4914
4930
4930
5262
5753
5753
5395
5394
4832
4832
4832
4883
4867
4628
4528
4528
4477
4835
4836
4836
4886
5270
5270
5286
5286
5286
5386
5286
5236
5236
5286
5286
5286
5848
6130
5681
5732
5732
5732
5732
5241
4909
4859
5191
5291
5530
5530
5530
5530
5580
5580
5341
5241
4981
4930
4981
4589
4589
4589
4589
3906
4166
4405
4050
4050
4034
3702
4193
4876
4518
4518
4518
4850
4288
4304
4304
4662
4762
4502
4501
4401
4661
5053
5053
5002
5002
5564
5564
5232
4972
5023
4741
4286
4286
4286
4641
4642
4642
3991
4446
4446
4446
3884
3884
3833
3833
4484
4245
3853
3469
3520
3504
3504
3836
3836
3836
3852
3852
3852
4414
4414
4414
4806
4155
4806
4806
5066
5066
5515
5060
5060
5060
5444
5444
5544
5135
5417
4766
5221
5205
5614
5614
5205
5856
5596
5596
5835
5835
5851
5835
5596
5596
5141
4579
4579
4595
4855
4855
5264
5264
4982
4982
4932
4916
4816
5271
5271
5271
4780
4779
4728
4728
4728
4744
4744
4745
4745
4984
5475
5475
5525
5525
5525
5286
5286
5286
5286
5286
5286
5286
5337
5287
5287
4878
5287
5287
4878
4618
4618
4567
4827
4827
5109
5109
4426
4426
4426
4426
4665
4765
4765
4765
4816
4866
4816
4816
4816
4534
4534
4150
4712
4712
4221
4220
4903
4903
4903
4903
4803
4445
4445
4445
4495
4046
4046
3995
3995
3995
3995
4379
4329
4069
4427
4918
4919
5201
5201
4919
5179
5588
5588
5572
6021
6121
6172
6172
6188
6188
6238
6238
6238
5978
5878
6138
5754
5754
5754
5754
5704
5653
5653
5653
5935
5696
5696
5695
5044
5044
4652
5036
5037
5429
5429
5429
6080
5397
5396
5041
4550
4601
5284
4829
5184
4501
4740
4740
5195
5179
4787
4803
4803
4804
4804
5295
4940
4940
4924
4924
5279
5279
4870
4610
4610
4660
4760
4760
4710
5119
5119
5118
5118
4627
5118
5067
5067
5067
4828
4828
4379
4379
3924
3924
3974
3990
3990
3990
4673
4673
5065
5325
5325
5325
5780
5780
5520
5520
5520
5520
5520
4869
4869
4869
4869
4869
5108
5008
5008
5009
5008
4992
5008
5008
4325
4585
4094
4145
4145
4145
4145
4145
4145
4145
4145
3583
3584
3302
3402
3402
3402
3402
4085
4034
4018
4300
3891
3609
4018
4069
3737
3686
3686
3331
3686
3686
3686
4018
4034
4685
4685
4685
4446
4446
4346
4296
4346
4346
4446
4446
4186
4186
4136
4418
4980
4980
4329
4329
4329
4329
4380
3988
4248
4248
4248
4248
4487
4132
4132
4116
4116
3834
3834
3834
4116
4116
4132
4132
4132
4132
4132
4081
4572
4117
4101
4752
4752
4751
5200
4638
4638
4229
4229
4229
4229
4229
4229
4279
4179
4179
4179
4179
3897
3897
4352
4368
4368
4352
3968
4360
4028
4044
4044
4028
4028
4028
4383
4434
4076
4460
4460
4076
4408
4016
4116
3661
3661
4223
4223
4172
4172
4454
4454
4215
4215
4215
4215
4607
4623
4623
4862
4863
4847
5256
5255
5255
5255
5205
5255
5255
5255
5255
5255
5255
5256
5256
5256
5256
5256
4807
4807
4707
4723
4441
4896
4896
4564
4514
4514
4846
5204
5204
5204
4553
5002
5002
5002
5002
5386
5386
5386
5386
5386
5386
5386
5386
5386
5386
5386
5386
5436
5436
5435
5435
5385
5385
6036
5644
5644
6036
6136
5804
5805
5805
5396
5678
5678
5677
5677
5677
6009
6009
6009
6418
6402
6402
6402
6402
6163
6402
5953
5462
5007
5007
5498
5259
4999
4999
5015
5015
5015
5015
4915
4915
4915
4915
5364
5364
4972
4972
4972
4973
4691
4691
4951
4619
5011
5343
5343
5582
5632
4949
4949
4949
4949
4565
4949
4949
4933
4933
5215
5215
5215
5215
5315
5315
5315
5315
5770
5770
5438
5438
5454
5404
5404
5403
5403
5045
5403
5454
5454
5454
5454
5062
5394
5395
4904
5587
5587
5536
5586
6077
5722
5721
5721
5721
5721
5721
5721
6113
6013
6368
6010
5626
5626
5626
5626
5171
5171
4722
4773
4441
4425
4425
4425
4425
4374
4375
4426
4810
5259
5208
5663
5662
5662
5662
6020
6020
6020
6020
6020
6020
6020
5628
5679
5779
5779
5779
6111
6111
6011
5679
5695
5695
5240
5240
5240
5240
5240
5572
5333
5282
5232
5232
4877
4226
4226
4226
4226
4226
4226
4618
4618
3935
3935
3986
4225
4680
5331
5381
5381
5381
5381
5381
5481
5221
4837
4837
4186
4186
4186
4186
4186
4186
4187
4187
4136
4136
4086
4086
4137
4788
4788
4297
4197
4197
4197
4457
4441
4441
5124
5508
5558
5558
5558
5558
5558
5558
5557
5557
5558
5558
5558
5558
5558
5574
5574
5523
5522
5522
5472
5472
5472
5827
5827
5827
5827
5827
5827
5877
5877
5928
5928
5929
5480
5071
5071
4420
4420
4420
4420
4869
4869
5360
5121
5121
5071
5171
5822
5822
5822
5872
5872
5871
5871
5871
5871
5871
5611
5595
5595
5595
5595
5595
5834
5834
5834
5834
5834
5784
6193
6453
5891
5891
5891
5941
5891
5891
5892
5892
5892
5891
5891
5907
5907
6469
6469
6230
6130
6130
6130
6369
6369
6369
6369
6419
6419
6419
6419
6419
6419
6419
6061
6061
6061
6061
6010
6010
5678
5678
5729
5729
6087
6187
5927
5927
5927
5365
5365
5315
5315
5647
5697
5697
5957
5957
5957
5718
5360
5310
5310
5311
5361
5719
5719
5619
4968
4968
4968
5207
5207
4968
4917
4585
4917
4917
4916
4916
4916
4916
4916
4916
4900
4916
4900
4900
4900
5551
5551
5551
5551
5196
5146
5146
5196
5196
5551
5551
5269
5269
5269
5269
5320
5320
5320
5320
5320
5320
5320
5320
5336
5336
5575
5243
4983
4983
4983
4983
4984
4984
4984
4934
4883
4983
4983
4883
4883
4883
5143
5705
5250
5250
5301
5300
5755
5755
6037
6021
6021
5629
5679
5679
5679
5679
5679
5679
5397
5397
5347
5397
5397
5397
5397
5789
6121
6071
5713
5729
5729
5729
6087
6087
6087
6087
6187
6187
6187
5855
5855
5804
5804
5804
5804
5544
5826
5826
5810
5826
5877
5877
6137
6137
5779
5779
5779
5779
6137
6086
6086
6086
6086
6086
6086
5731
5731
5731
5731
5631
5631
5631
5615
5223
5223
5223
5615
5715
5715
5715
5716
5616
5971
5480
5480
5531
5547
5547
5547
5547
5597
5597
5697
5697
5697
5697
5697
5681
5681
5681
5326
5326
5326
5817
5817
5817
5766
5766
5766
6098
6048
6048
6048
6048
6047
6098
6098
6098
6098
6098
5536
5537
5537
5537
5587
5255
5255
5255
5255
5255
5271
5833
5782
5782
5766
5408
5459
5459
5459
5814
5814
5814
5813
6145
6145
6145
5813
5814
5459
5459
5459
5459
5177
5127
5127
5127
5482
5764
5409
5425
5425
5425
5425
5425
5425
5425
5757
5657
5657
5418
5402
5418
5418
5418
5773
5773
5873
5591
5591
5491
5491
5591
5873
5873
5923
5907
5923
5923
5468
5468
5467
5467
5467
5706
5706
6161
6161
6161
6162
6162
6162
6162
6162
6161
5922
5922
5922
5872
5772
5822
5467
5467
5822
5822
5822
5822
5771
5771
5379
5379
5379
5737
5379
5380
5380
5619
5618
5618
5618
5619
5569
5569
5569
5669
5669
5669
5430
5430
5429
5429
5429
5429
5668
5668
6060
6418
6469
6469
6469
6114
6098
6098
6098
6098
6098
6453
6454
6454
6454
6454
6172
6172
6172
6121
6121
6121
6121
6121
6121
6171
6453
6453
6453
5962
5962
5962
5962
6013
6013
6013
6013
6504
6504
6504
6504
6453
6453
6453
6403
6402
6402
6402
6418
6418
6418
6418
6418
6418
6469
6453
6453
6453
6469
6418
6418
6418
6418
6418
6418
6418
6418
6418
6418
6469
6085
5753
5803
5787
5737
6069
6453
6453
6004
5904
5904
5904
5904
5904
5904
5905
6005
6005
6021
5663
5663
5663
6112
6112
6111
6111
6111
6111
6111
6111
6111
6469
6187
5948
5948
5998
5948
5948
5949
5949
5949
5999
5998
5998
5998
5948
6187
6469
6519
6519
6519
6468
6468
6468
6452
6452
6452
6352
6352
6368
6419
6061
6061
6061
6061
6061
6061
6061
6161
6161
6161
6161
6161
6161
5879
5879
5829
5569
5570
5470
5520
5620
5620
5570
5519
5503
5503
5503
5763
5763
5763
5763
6121
6121
6121
6121
6121
6121
6137
6137
6121
6121
6121
5861
5861
5861
5861
5861
5861
5861
5861
5861
5529
5120
4469
4519
5170
5579
5579
5579
5579
5911
5962
5962
5911
5911
5911
6171
6170
6170
5761
6043
6043
6094
6094
6094
6094
6094
6044
6094
5639
5639
5639
5639
5639
5639
5639
5639
5639
5639
5588
5588
5328
5328
5328
5328
5228
5637
5637
5637
5653
5653
5653
6108
6108
6058
6058
6318
5934
5934
6318
6302
6302
6302
6302
6302
6302
6302
6303
6043
6094
6354
6354
6370
5921
5905
5905
5905
5905
5905
5905
6005
6454
6454
6504
6504
6504
6504
6504
6504
6504
6504
6504
6504
6504
6504
6504
6504
6504
6504
6504
6504
6404
6404
6404
6504
6504
6504
6504
6504
6504
6504
6504
6504
6504
6504
6503
6503
6503
6503
6503
6503
6503
6519
6519
6519
6519
6519
6519
6519
6519
6519
6519
6519
6519
6519
6519
6519
6519
6468
6468
6468
6468
6468
6468
6468
6468
6468
6418
6418
6468
6452
6452
6192
6208
6208
6208
6208
6208
6208
6208
6208
6208
6208
6208
6208
6158
6158
6158
6158
6158
6158
6209
6209
6210
6210
6210
6110
6059
6109
6160
6160
6160
6160
6160
6160
6160
5921
5921
5921
5921
5921
5921
5921
5921
5920
5920
5920
5920
5921
5921
6181
6181
6181
6281
6281
6281
6281
6281
6281
6281
6280
6280
6280
6280
6280
6180
6180
6180
6180
6164
6164
6164
5780
5729
5780
5780
5780
5780
5730
5168
5168
5168
5730
5730
5448
5448
5448
5730
5830
5830
5830
5779
5779
5830
5830
5830
5730
5730
5730
5730
5730
5730
5969
5969
5969
5985
5985
6085
6135
6135
6519
6519
6519
6519
6469
6469
6469
6469
6469
6470
6470
6454
6454
6454
6454
6454
6454
6454
6454
6454
6454
6454
6454
6470
6470
6470
6470
6470
6470
6470
6470
6470
6470
6470
6470
6469
6519
6519
5957
5957
5957
5907
5907
5907
5907
5907
5807
5807
5807
5807
5807
5807
5452
5452
5552
5552
5552
5501
5856
5857
5857
5857
5857
5857
5174
5174
5174
5174
5174
5174
5174
5857
5857
6419
6419
6319
6319
6303
6303
6303
6354
6354
6354
6354
6354
6354
6354
6354
6354
6354
6354
6354
6354
6353
6353
6353
6353
6071
6071
6020
6020
6071
6072
6072
6172
6172
6188
6188
6238
6520
6520
6520
6520
6520
6520
6520
6128
6128
6128
6128
6128
6127
6077
6077
6077
5977
5977
5926
5644
5644
5645
5644
5644
5644
5644
5644
5645
5745
5506
5898
5898
5898
5898
5898
5898
5898
5506
5506
5505
5506
5506
5506
5506
5506
5506
5556
5556
5838
5838
5838
5838
5889
5889
5889
5889
5889
5629
5613
5613
5613
5613
5613
5613
5613
5613
5563
5563
5512
5512
5751
5802
5751
5751
5802
5802
6194
6194
6454
6454
6454
6454
6454
6403
6403
6402
6402
6418
6418
5735
5735
5786
5786
5786
5786
5786
5504
5504
5504
5504
5404
5404
5405
5405
5405
5166
5166
5849
5849
5849
5899
6138
6138
6088
6188
6188
6137
6137
6137
6137
6137
5745
5729
5729
5729
5729
6121
6171
6171
6171
6171
6187
6171
6171
6171
6171
6171
6071
6071
6071
5811
5811
5811
5810
5810
5810
5811
5811
5811
5811
5811
5811
5911
5911
5911
5911
5962
6244
6244
6244
6244
6244
6244
6244
6243
6193
6243
6243
6243
6243
6243
6193
6209
6209
6209
6209
6209
6209
6259
6259
6260
6260
6260
6260
6260
6260
6260
6244
6244
6504
6504
6504
6504
6504
6504
6504
6504
6504
6504
6504
6504
6504
6504
6504
6504
6520
6520
6420
6420
6420
6420
6420
6160
6160
6260
6260
6260
6259
6259
6259
6259
6259
6519
6519
6519
6520
6504
6504
6504
6504
6504
6504
6504
6504
6520
6520
6520
6136
6086
6086
6086
6086
6086
5986
5577
5986
5986
5986
5986
6370
6370
6370
6370
6370
6370
6369
6369
6369
6369
6369
6353
6353
6114
6114
6114
6164
6164
6164
6164
6164
6264
6264
6264
6214
6214
6214
6230
6230
6280
6280
6280
6280
6180
6130
6130
6130
6130
6130
6131
6115
6115
5723
5723
5723
5723
5962
5962
5962
5962
5962
5962
5962
5962
5962
5978
5978
5978
5978
5978
6028
6012
6028
6028
6028
6028
6028
6028
6028
6027
6011
6011
5961
6011
6111
6111
6111
6112
6112
6112
6128
6128
6128
6078
6470
6470
6470
6419
6419
6419
6419
6470
6210
6210
6210
6210
6159
6158
6208
6468
6468
6519
6519
6519
6070
6070
6071
6071
6071
6070
6070
6070
6070
6070
6070
6070
6070
6519
6519
6519
6520
6520
6520
6520
6520
6470
6470
6470
6419
6419
6469
6469
6469
6469
6469
6469
6468
6468
6468
6368
6318
6368
6368
6368
6368
6369
6469
6520
6470
6470
6370
6370
6354
6354
6404
6404
6404
6404
6072
6022
6038
6138
6137
6137
6137
6137
6137
6037
6369
6369
6369
6369
6369
6369
6037
6037
6369
6419
6419
6419
6419
6419
6419
6419
6403
6403
6403
6403
6403
6403
6403
6403
6403
6419
6420
6420
6370
6370
6370
6370
6470
6470
6470
6470
6470
6520
6520
6520
6520
6520
6162
6162
6112
6470
6469
6469
6469
6469
6519
6503
6503
6503
6503
6503
6503
6503
6503
6503
6453
6453
6453
6454
6454
6454
6454
6454
6454
6454
6454
6454
6454
6454
6470
6370
6370
6470
6470
6470
6520
6520
6520
6469
6469
6419
6159
6159
6159
6159
6159
6209
6209
5825
5876
5876
6260
6260
6260
6260
6520
6520
6520
6519
6519
6468
6368
6368
6368
6318
6418
6418
6418
6418
6418
6418
6418
6418
6418
6418
6418
6418
6418
6469
6469
6469
6469
6453
6453
6453
6453
6453
6453
6453
6453
6453
6453
6454
6453
6453
6453
6453
6454
6454
6354
6354
6072
6072
6072
6072
6072
6122
6122
6122
6122
6122
6122
6122
6122
6122
6138
6138
6138
6138
6138
6138
6138
6138
6138
6137
6121
6121
6137
6138
6420
6420
6420
6420
6420
6420
6420
6420
6420
6420
6369
6369
6369
6469
6469
6469
6469
6469
6469
6209
6209
6208
6208
6208
6208
6208
5876
6136
6136
6120
6070
6071
6071
6071
6122
6172
6121
6121
6172
6172
6172
6504
6504
6504
6504
6504
6453
6453
6453
6453
6453
6193
6193
6209
6209
6209
6159
6159
6143
6143
6143
6159
6159
6143
6143
6143
6143
6143
6143
6142
6142
6143
6143
6403
6403
6403
6419
6469
6419
6419
6419
6418
6418
6418
6418
6418
6418
6418
6418
6318
6318
6318
6318
6318
6318
6418
6418
6468
6468
6468
6468
6468
6468
6468
6469
6187
6137
6188
6188
6188
6188
6238
6238
6238
6238
6238
6238
6138
6138
6238
6238
6238
5978
5978
5977
5977
6259
6519
6519
6519
6519
6520
6520
6520
6520
6520
6520
6520
6504
6454
6454
6454
6454
6454
6454
6454
6454
6454
6454
6454
6454
6454
6354
6354
6370
6370
6370
6370
6319
6319
6319
6319
6369
6369
6420
6420
6420
6420
6420
6420
6419
6419
6419
6419
6419
6419
6419
6419
6419
6419
6419
6419
6369
6369
6369
6369
6369
6369
6369
6318
6318
6318
6318
6368
6368
6368
6368
6368
6368
6368
6368
6368
6368
6368
6368
6368
6369
6369
6420
6420
6420
6420
6420
6420
6420
6420
6420
6420
6420
6420
6420
6420
6420
6420
6420
6520
6520
6520
6520
6520
6520
6520
6470
6470
6470
6470
6470
6470
6419
6419
6419
6419
6418
6418
6418
6418
6418
6468
6468
6468
6468
6468
6468
6368
6368
6368
6368
6368
6468
6468
6468
6468
6468
6468
6468
6468
6468
6468
6468
6468
6468
6468
6469
6469
6469
6469
6469
6469
6469
6468
6468
6468
6468
6468
6469
6469
6369
6369
6469
6114
6064
6048
6048
6099
6149
6149
6149
6149
6149
6098
6114
6114
6114
6114
6114
6114
6114
6114
6114
6113
6113
6113
6113
6113
6113
6113
6113
6113
6113
6113
6113
6113
6113
6113
6113
6113
6113
6113
6114
6114
6114
6114
6114
6114
6114
6114
6469
6469
6469
6469
6469
6469
6469
6453
6453
6453
6453
6453
6453
6453
6469
6469
6469
6468
6468
6468
6368
6419
6419
6419
6419
6419
6368
6368
6368
6368
6368
6368
6368
6468
6468
6468
6469
6469
6469
6469
6520
6520
6520
6520
6520
6520
6520
6520
6520
6519
6519
6519
6468
6418
6418
6469
6469
6469
6418
6418
6418
6418
6418
6418
6468
6468
6468
6468
6468
6468
6468
6469
6469
6469
6469
6469
6469
6469
6469
6469
6469
6453
6453
6453
6453
6469
6469
6469
6469
6469
6469
6469
6469
6469
6469
6469
6469
6469
6469
6469
6469
6469
6469
6469
6468
6468
6468
6468
6469
6469
6520
6520
6520
6520
6260
6260
6520
6520
6520
6520
6520
6519
6519
6519
6519
6519
6519
6519
6519
6520
6520
6520
6520
6520
6520
6520
6520
6520
6519
6519
6519
6519
6519
6519
6519
6519
6519
6519
6519
6519
6520
6520
6520
6520
6520
6520
6188
6188
6188
6188
6187
6519
6519
6519
6519
6519
6519
6419
6419
6419
6519
6468
6468
6468
6468
6468
6468
6468
6468
6468
6468
6468
6519
6469
6469
6469
6519
6503
6503
6503
6503
6503
6503
6503
6503
6503
6504
6504
6504
6504
6504
6504
6504
6504
6504
6504
6504
6504
6504
6520
6519
6519
6519
6469
6469
6469
6469
6469
6469
6469
6469
6469
6469
6469
6469
6453
6453
6453
6503
6503
6504
6504
6504
6504
6504
6504
6504
6504
6504
6503
6503
6503
6519
6519
6519
6519
6519
6519
6519
6469
6469
6469
6469
6469
6469
6469
6470
6370
6370
6319
6419
6419
6419
6419
6419
6419
6419
6419
6419
6419
6418
6418
6418
6418
6469
6519
6519
6519
6519
6469
6469
6469
6469
6137
6137
6137
6137
6037
6037
6037
6037
5986
6036
6036
6036
6036
6036
6036
6036
6087
6087
6071
6072
6072
6072
6072
6072
6072
6072
6072
6072
6172
6188
6188
6188
6188
6188
6188
6188
6188
6188
6188
6172
6188
6188
6188
6188
6188
6188
6188
6188
6188
6188
6188
6187
6187
6187
6187
6519
6519
6519
6519
6519
6519
6519
6519
6519
6519
6519
6519
6503
6519
6503
6503
6452
6452
6503
6519
6520
6520
6520
6520
6520
6520
6520
6520
6520
6520
6520
6520
6520
6520
6520
6520
6520
6520
6520
6520
6520
6520
6520
6520
6520
6420
6369
6369
6420
6420
6420
6420
6420
6420
6404
6403
6403
6403
6404
6404
6353
6353
6353
6353
6353
6353
6353
6404
6404
6353
6353
6353
6353
6353
6453
6453
6353
6369
6353
6353
6353
6353
6353
6353
6352
6352
6352
6352
6352
6352
6352
6352
6353
6453
6453
6453
6453
6403
6303
6303
6319
6369
6420
6420
6420
6420
6420
6420
6419
6419
6419
6403
6403
6403
6403
6353
6353
6353
6353
6403
6503
6519
6468
6468
6468
6468
6468
6468
6468
6468
6468
6468
6468
6468
6468
6519
6519
6519
6519
6519
6519
6519
6519
6519
6503
6519
6520
6520
6520
6520
6520
6519
6519
6519
6519
6519
6519
6519
6519
6519
6519
6519
6519
6519
6519
6519
6519
6519
6419
6419
6419
6419
6419
6403
6403
6403
6404
6404
6404
6404
6404
6420
6369
6369
6420
6420
6420
6420
6420
6420
6420
6420
6419
6419
6368
6369
6369
6369
6369
6369
6369
6369
6369
6369
6353
6353
6353
6353
6353
6404
6404
6404
6404
6404
6404
6403
6403
6403
6403
6352
6352
6352
6353
6353
6353
6369
6369
6369
6369
6369
6369
6420
6404
6404
6404
6404
6404
6404
6404
6404
6404
6404
6404
6404
6404
6420
6420
6420
6420
6420
6420
6520
6520
6520
6520
6520
6520
6520
6520
6520
6520
6520
6520
6520
6520
6520
6520
6520
6520
6520
6519
6519
6503
6503
6503
6503
6503
6504
6504
6504
6504
6504
6520
6520
6520
6520
6520
6520
6520
6520
6520
6520
6504
6504
6504
6504
6504
6504
6504
6504
6504
6504
6504
6504
6504
6504
6504
6504
6520
6520
6520
6520
6520
6520
6504
6504
6504
6504
6503
6503
6503
6503
6503
6503
6519
6519
6519
6519
6519
6520
6504
6504
6504
6504
6504
6453
6453
6453
6469
6468
6468
6468
6468
6468
6469
6469
6468
6468
6468
6468
6452
6352
6352
6352
6353
6353
6353
6353
6353
6353
6353
6353
6353
6352
6353
6353
6353
6404
6404
6404
6404
6404
6404
6404
6404
6404
6404
6404
6404
6404
6354
6354
6354
6354
6354
6354
6354
6354
6354
6354
6354
6354
6370
6370
6370
6370
6420
6420
6420
6420
6420
6420
6520
6520
6520
6520
6520
6520
6520
6520
6520
6520
6520
6520
6520
6504
6504
6504
6504
6504
6504
6504
6504
6504
6504
6504
6504
6504
6504
6504
6504
6504
6504
6504
6504
6504
6504
6504
6504
6520
6520
6520
6520
6520
6520
6504
6504
6454
6454
6454
6470
6470
6470
6470
6370
6370
6370
6370
6370
6420
6420
6420
6419
6419
6419
6419
6419
6419
6419
6403
6403
6403
6403
6403
6403
6403
6403
6403
6404
6404
6404
6403
6503
6503
6503
6503
6503
6503
6503
6503
6503
6503
6503
6519
6519
6519
6519
6519
6519
6519
6519
6519
6519
6519
6519
6468
6468
6468
6468
6452
6453
6453
6453
6453
6453
6453
6453
6403
6403
6403
6403
6403
6403
6403
6403
6403
6403
6403
6419
6419
6419
6403
6403
6403
6419
6419
6419
6419
6418
6418
6418
6418
6418
6418
6418
6418
6418
6418
6418
6402
6403
6403
6403
6403
6453
6453
6353
6353
6453
6469
6453
6453
6469
6469
6469
6469
6469
6469
6469
6469
6469
6469
6469
6469
6469
6419
6419
6419
6419
6469
6468
6468
6519
6503
6503
6503
6503
6503
6504
6504
6504
6504
6504
6504
6504
6504
6504
6504
6504
6504
6504
6504
6504
6504
6504
6520
6520
6520
6520
6520
6520
6520
6519
6519
6519
6519
6519
6519
6519
6519
6519
6519
6519
6503
6503
6503
6503
6503
6503
6453
6453
6453
6453
6453
6503
6503
6503
6503
6503
6503
6503
6503
6503
6503
6503
6503
6503
6503
6503
6504
6504
6504
6504
6504
6504
6504
6504
6504
6454
6453
6503
6503
6503
6503
6503
6503
6519
6519
6519
6519
6519
6519
6519
6503
6503
6519
6519
6519
6519
6519
6519
6519
6519
6519
6520
6520
6520
6520
6520
6520
6520
6520
6520
6520
6520
6520
6520
6520
6520
6504
6503
6452
6453
6452
6352
6352
6352
6368
6368
6368
6368
6368
6368
6368
6368
6368
6368
6318
6318
6318
6318
6418
6418
6418
6418
6418
6419
6419
6419
6419
6469
6469
6469
6469
6469
6469
6453
6453
6453
6504
6504
6504
6504
6504
6504
6504
6504
6504
6504
6504
6504
6504
6504
6504
6504
6504
6504
6504
6504
6504
6504
6504
6503
6503
6503
6503
6503
6503
6504
6504
6504
6503
6503
6503
6503
6503
6503
6503
6503
6503
6504
6504
6504
6504
6504
6504
6504
6504
6503
6503
6519
6519
6519
6519
6519
6519
6519
6520
6520
6520
6520
6520
6520
6520
6520
6520
6520
6520
6520
6520
6520
6520
6520
6520
6520
6520
6520
6520
6520
6520
6520
6520
6520
6520
6520
6520
6520
6520
6520
6520
6520
6520
6520
6520
6520
6520
6520
6520
6520
6520
6520
6520
6520
6520
6520
6520
6520
6520
6520
6520
6520
6520
6520
6520
6520
6520
6519
6519
6519
6519
6519
6519
6519
6519
6519
6519
6519
6519
6519
6503
6503
6503
6503
6503
6503
6503
6503
6403
6403
6403
6403
6403
6403
6403
6403
6403
6403
6419
6419
6419
6419
6419
6419
6419
6419
6419
6419
6519
6419
6419
6403
6403
6403
6403
6403
6403
6353
6353
6353
6353
6353
6353
6369
6369
6469
6469
6470
6470
6469
6469
6469
6469
6469
6469
6469
6469
6469
6469
6469
6469
6469
6469
6469
6469
6469
6469
6469
6469
6469
6469
6453
6453
6453
6453
6453
6453
6453
6453
6453
6453
6453
6453
6453
6453
6453
6453
6453
6503
6503
6503
6503
6503
6503
6503
6504
6504
6453
6453
6453
6453
6469
6469
6469
6469
6469
6469
6469
6469
6469
6469
6520
6520
6520
6520
6520
6520
6520
6520
6520
6520
6520
6520
6520
6520
6520
6520
6520
6520
6520
6520
6520
6520
6469
6469
6469
6419
6419
6418
6418
6402
6402
6402
6402
6402
6402
6402
6402
6402
6402
6402
6402
6402
6402
6402
6402
6402
6402
6403
6402
6402
6402
6402
6402
6402
6402
6402
6452
6452
6452
6453
6453
6453
6453
6452
6452
6452
6452
6452
6452
6352
6352
6352
6352
6352
6352
6352
6302
6353
6353
6403
6404
6404
6404
6404
6404
6404
6404
6404
6404
6404
6404
6404
6404
6504
6504
6520
6504
6504
6504
6504
6504
6504
6504
6504
6504
6504
6504
6504
6504
6503
6503
6503
6519
6519
6519
6519
6519
6519
6519
6519
6519
6519
6519
6519
6519
6519
6519
6519
6519
6519
6519
6519
6519
6519
6519
6520
6520
6520
6520
6520
6520
6520
6520
6520
6520
6520
6520
6519
6519
6519
6519
6519
6519
6519
6519
6519
6519
6519
6519
6519
6519
6519
6519
6519
6519
6519
6519
6519
6519
6519
6519
6519
6519
6519
6519
6503
6503
6519
6519
6519
6520
6519
6519
6519
6519
6519
6519
6519
6519
6519
6519
6519
6519
6519
6519
6519
6519
6519
6519
6519
6519
6519
6519
6519
6519
6519
6503
6503
6503
6503
6503
6503
6503
6503
6403
6403
6403
6404
6404
6403
6403
6403
6403
6403
6403
6403
6403
6403
6419
6419
6419
6419
6419
6419
6420
6420
6420
6520
6520
6520
6520
6520
6520
6520
6520
6520
6519
6519
6519
6519
6519
6519
6519
6519
6503
6503
6503
6503
6504
6504
6504
6504
6504
6504
6504
6504
6504
6504
6504
6504
6504
6504
6504
6504
6504
6504
6504
6504
6520
6519
6519
6503
6519
6519
6519
6519
6519
6519
6503
6503
6503
6503
6503
6503
6503
6519
6519
6519
6519
6519
6519
6519
6519
6519
6519
6519
6519
6519
6519
6519
6519
6519
6519
6519
6519
6519
6520
6520
6520
6520
6520
6520
6519
6519
6519
6520
6520
6520
6520
6520
6520
6520
6520
6520
6520
6520
6520
6520
6520
6520
6520
6520
6520
6520
6520
6504
6504
6504
6504
6504
6504
6520
6520
6520
6520
6520
6520
6520
6520
6520
6520
6520
6520
6520
6520
6520
6520
6520
6520
6520
6520
6519
6519
6519
6519
6519
6519
6519
6519
6519
6519
6519
6519
6519
6519
6519
6503
6503
6503
6503
6503
6519
6519
6519
6519
6519
6519
6519
6519
6520
6520
6520
6519
6519
6519
6519
6519
6519
6519
6519
6519
6519
6519
6519
6503
6503
6503
6503
6503
6504
6520
6520
6520
6520
6520
6520
6520
6520
6520
6520
6519
6519
6519
6519
6519
6519
6519
6519
6519
6519
6519
6519
6519
6519
6519
6519
6519
6519
6519
6519
6519
6519
6519
6519
6519
6519
6519
6519
6519
6519
6519
6519
6519
6519
6519
6519
6519
6519
6519
6519
6519
6519
6519
6519
6519
6519
6519
6519
6519
6519
6519
6519
6519
6519
6519
6519
6519
6519
6519
6519
6519
6519
6519
6519
6519
6519
6519
6503
6503
6503
6503
6519
6519
6519
6519
6519
6520
6520
6520
6520
6520
6520
6520
6520
6520
6504
6504
6504
6504
6504
6504
6504
6520
6520
6520
6520
6520
6470
6470
6470
6470
6470
6470
6470
6470
6470
6520
6519
6519
6519
6519
6519
6519
6519
6519
6519
6519
6519
6519
6519
6519
6519
6519
6519
6519
6519
6519
6519
6519
6519
6519
6519
6519
6519
6519
6520
6520
6520
6519
6519
6519
6519
6519
6519
6519
6519
6519
6519
6519
6519
6519
6519
6519
6519
6519
6520
6520
6519
6519
6519
6519
6520
6520
6520
6520
6520
6520
6520
6520
6504
6504
6504
6504
6504
6504
6504
6504
6504
6503
6503
6503
6503
6503
6503
6503
6519
6520
6519
6519
6519
6519
6503
6503
6503
6503
6503
6503
6503
6503
6503
6504
6504
6504
6504
6504
6504
6504
6504
6504
6504
6504
6520
6520
6520
6520
6520
6520
6520
6520
6519
6519
6519
6519
6519
6519
6519
6519
6519
6520
6519
6519
6519
6519
6519
6519
6519
6519
6519
6519
6519
6519
6519
6519
6519
6519
6519
6519
6519
6519
6519
6519
6519
6519
6519
6519
6519
6519
6519
6519
6519
6519
6519
6519
6519
6519
6519
6519
6519
6519
6519
6519
6519
6519
6519
6519
6519
6519
6519
6519
6519
6519
6503
6503
6403
6403
6403
6403
6403
6503
6503
6503
6503
6403
6403
6403
6403
6403
6403
6403
6403
6503
6503
6503
6503
6503
6503
6503
6503
6503
6503
6503
6503
6503
6503
6503
6503
6503
6503
6503
6503
6503
6519
6519
6519
6519
6519
6519
6519
6519
6519
6519
6519
6519
6519
6519
6520
6520
6520
6520
6520
6520
6520
6520
6520
6520
6520
6520
6519
6519
6519
6519
6519
6519
6503
6503
6503
6503
6503
6503
6503
6503
6503
6519
6519
6519
6519
6519
6519
6519
6519
6519
6519
6519
6519
6519
6519
6519
6519
6519
6519
6519
6519
6519
6520
6519
6519
6519
6519
6519
6519
6519
6520
6520
6469
6520
6520
6520
6520
6520
6520
6520
6520
6520
6520
6520
6520
6520
6520
6520
6504
6504
6504
6503
6503
6519
6520
6520
6520
6520
6520
6520
6520
6520
6520
6520
6520
6520
6520
6520
6520
6520
6520
6520
6520
6520
6520
6519
6519
6503
6503
6503
6503
6503
6503
6503
6503
6503
6503
6503
6503
6504
6504
6504
6504
6504
6504
6504
6504
6504
6504
6504
6504
6504
6504
6504
6504
6504
6504
6520
6519
6503
6503
6503
6503
6503
6503
6503
6503
6503
6403
6403
6403
6503
6503
6503
6503
6503
6503
6503
6403
6403
6403
6403
6403
6403
6419
6419
6419
6419
6419
6419
6420
6420
6420
6420
6420
6420
6420
6420
6420
6419
6419
6419
6419
6419
6419
6419
6419
6419
6419
6419
6419
6419
6419
6419
6419
6419
6419
6419
6419
6419
6419
6419
6519
6519
6519
6519
6519
6519
6519
6519
6519
6519
6519
6519
6519
6519
6520
6520
6520
6520
6520
6520
6520
6520
6520
6520
6520
6520
6520
6520
6520
6520
6520
6519
6519
6519
6519
6519
6519
6519
6519
6519
6519
6519
6519
6519
6519
6519
6519
6519
6519
6519
6519
6519
6519
6519
6519
6519
6519
6519
6519
6519
6519
6519
6519
6519
6519
6519
6519
6519
6519
6519
6519
6519
6519
6519
6519
6519
6519
6519
6519
6519
6519
6503
6503
6503
6503
6403
6403
6403
6403
6403
6403
6403
6403
6403
6403
6403
6419
6419
6403
6403
6403
6503
6503
6503
6503
6503
6503
6503
6503
6403
6403
6404
6403
6419
6419
6419
6419
6419
6419
6419
6419
6419
6419
6419
6419
6419
6403
6403
6403
6403
6403
6403
6403
6503
6519
6519
6519
6519
6519
6519
6519
6519
6519
6519
6519
6519
6519
6519
6519
6520
6520
6520
6520
6520
6520
6520
6520
6520
6520
6520
6520
6520
6520
6520
6520
6520
6520
6520
6519
6519
6519
6519
6519
6519
6519
6519
6519
6519
6520
6520
6520
6520
6520
6520
6520
6519
6519
6519
6519
6519
6519
6519
6519
6519
6519
6519
6519
6519
6519
6519
6519
6519
6519
6519
6519
6519
6519
6519
6519
6519
6519
6520
6520
6520
6520
6520
6520
6520
6520
6520
6520
6520
6520
6520
6520
6520
6520
6520
6520
6520
6520
6520
6519
6519
6519
6519
6519
6519
6519
6519
6519
6519
6519
6519
6519
6519
6519
6519
6519
6519
6519
6519
6519
6519
6519
6520
6520
6520
6520
6520
6520
6520
6520
6520
6520
6520
6520
6520
6520
6520
6520
6520
6520
6520
6520
6520
6520
6520
6520
6520
6520
6520
6519
6519
6519
6519
6519
6519
6519
6519
6519
6519
6519
6519
6519
6519
6519
6519
6519
6519
6519
6519
6519
6519
6519
6519
6519
6519
6519
6519
6519
6519
6519
6519
6519
6519
6519
6519
6519
6519
6519
6519
6519
6519
6519
6519
6519
6519
6519
6519
6519
6519
6519
6519
6519
6519
6519
6519
6503
6503
6503
6403
6403
6403
6403
6403
6403
6403
6419
6419
6419
6419
6419
6419
6419
6419
6419
6419
6419
6419
6419
6419
6419
6419
6519
6519
6519
6519
6519
6519
6519
6519
6519
6519
6519
6519
6519
6519
6519
6519
6519
6519
6519
6519
6520
6520
6520
6520
6520
6520
6520
6520
6520
6520
6520
6520
6520
6520
6520
6520
6520
6520
6520
6520
6520
6520
6520
6520
6520
6520
6520
6520
6520
6520
6520
6520
6520
6520
6520
6520
6520
6520
6520
6520
6520
6520
6520
6520
6520
6520
6520
6520
6519
6519
6519
6519
6519
6519
6519
6519
6519
6519
6519
6519
6519
6519
6519
6519
6519
6519
6519
6519
6519
6519
6519
6519
6520
6520
6520
6520
6520
6520
6520
6520
6520
6520
6520
6520
6520
6520
6520
6520
6520
6520
6520
6520
6520
6520
6520
6520
6520
6520
6520
6520
6520
6520
6520
6519
6519
6519
6519
6519
6519
6519
6519
6519
6519
6519
6519
6519
6519
6519
6519
6519
6519
6519
6519
6519
6519
6520
6520
6520
6519
6519
6519
6519
6519
6519
6519
6519
6519
6519
6519
6519
6519
6519
6519
6519
6519
6519
6519
6519
6519
6520
6520
6520
6520
6519
6519
6519
6519
6519
6519
6519
6519
6519
6519
6520
6520
6520
6520
6520
6520
6520
6520
6520
6520
6519
6519
6519
6519
6519
6519
6519
6519
6519
6519
6519
6519
6520
6520
6520
6520
6520
6520
6520
6520
6520
6520
6520
6520
6520
6520
6520
6520
6520
6520
6520
6519
6519
6519
6519
6519
6519
6519
6520
6520
6520
6520
6520
6520
6520
6520
6520
6520
6520
6520
6520
6520
6520
6520
6520
6520
6520
6520
6520
6520
6520
6520
6520
6520
6520
6520
6520
6520
6520
6520
6520
6520
6520
6520
6520
6520
6520
6520
6520
6520
6520
6520
6520
6520
6520
6520
6520
6520
6520
6520
6520
6520
6520
6520
6520
6520
6520
6520
6520
6520
6520
6520
6520
6520
6520
6520
6520
6520
6520
6520
6520
6520
6520
6520
6520
6520
6520
6520
6520
6520
6520
6520
6520
6520
6520
6520
6520
6520
6520
6520
6520
6520
6520
6520
6520
6520
6520
6520
6520
6520
6519
6519
6519
6519
6519
6519
6519
6519
6519
6519
6519
6520
6520
6520
6520
6520
6520
6520
6520
6520
6520
6520
6520
6520
6520
6520
6520
6520
6520
6520
6520
6519
6519
6519
6519
6519
6519
6519
6519
6519
6519
6519
6519
6519
6519
6519
6519
6519
6520
6520
6520
6520
6520
6520
6520
6520
6520
6520
6520
6520
6520
6520
6520
6520
6519
6519
6519
6519
6519
6519
6519
6519
6519
6519
6519
6519
6519
6519
6519
6519
6519
6520
6520
6520
6519
6519
6519
6519
6519
6519
6519
6519
6519
6519
6519
6520
6520
6520
6520
6520
6520
6520
6520
6520
6520
6520
6520
6520
6520
6520
6520
6520
6520
6520
6520
6519
6519
6519
6519
6519
6519
6519
6519
6519
6519
6519
6519
6519
6519
6519
6519
6519
6519
6519
6519
6519
6519
6519
6519
6519
6519
6519
6519
6519
6519
6519
6519
6519
6519
6519
6519
6519
6519
6519
6519
6519
6519
6519
6519
6519
6519
6519
6519
6519
6519
6519
6519
6519
6519
6519
6519
6519
6519
6519
6519
6519
6519
6520
6520
6520
6520
6520
6520
6520
6520
6520
6504
6504
6504
6504
6504
6504
6504
6503
6503
6503
6503
6503
6503
6503
6504
6520
6520
6520
6520
6520
6520
6520
6520
6520
6520
6520
6520
6520
6520
6520
6520
6520
6520
6520
6520
6520
6520
6520
6520
6520
6520
6520
6520
6520
6520
6520
6520
6520
6520
6520
6520
6520
6520
6519
6519
6519
6519
6519
6519
6520
6520
6520
6520
6520
6520
6520
6520
6520
6520
6520
6520
6520
6520
6520
6520
6520
6520
6520
6520
6520
6520
6520
6520
6520
6520
6520
6520
6519
6519
6519
6519
6519
6519
6519
6519
6519
6519
6519
6519
6519
6519
6519
6519
6519
6519
6519
6519
6519
6519
6519
6519
6519
6519
6519
6519
6519
6519
6519
6519
6519
6519
6519
6519
6519
6519
6519
6519
6519
6519
6519
6519
6519
6519
6520
6520
6520
6520
6520
6520
6520
6520
6520
6520
6520
6520
6520
6520
6520
6520
6520
6520
6520
6520
6520
6520
6520
6520
6520
6520
6520
6504
6504
6504
6504
6504
6504
6504
6504
6504
6504
6504
6504
6504
6520
6519
6519
6519
6519
6519
6519
6503
6503
6503
6503
6503
6503
6503
6503
6503
6403
6403
6403
6403
6419
6419
6419
6419
6419
6419
6419
6419
6419
6419
6419
6519
6519
6519
6519
6519
6519
6519
6519
6519
6519
6519
6519
6519
6519
6519
6520
6504
6504
6504
6504
6504
6504
6504
6504
6504
6504
6504
6504
6504
6520
6520
6520
6520
6520
6520
6520
6520
6520
6520
6520
6520
6520
6520
6520
6520
6520
6520
6520
6520
6520
6520
6520
6520
6520
6520
6520
6520
6520
6520
6520
6520
6520
6520
6520
6520
6520
6520
6520
6520
6520
6520
6520
6520
6520
6520
6520
6520
6520
6520
6520
6520
6520
6520
6520
6520
6520
6520
6520
6520
6520
6520
6520
6520
6504
6504
6504
6504
6504
6504
6504
6504
6504
6504
6504
6504
6504
6504
6504
6504
6503
6503
6503
6503
6503
6503
6504
6504
6504
6504
6504
6504
6504
6504
6503
6503
6503
6503
6503
6503
6503
6503
6503
6503
6504
6504
6504
6504
6520
6520
6520
6520
6520
6520
6520
6520
6520
6520
6520
6519
6519
6519
6519
6519
6519
6519
6519
6519
6519
6519
6519
6519
6519
6519
6519
6519
6519
6519
6519
6519
6519
6519
6519
6519
6519
6520
6520
6520
6520
6520
6520
6520
6520
6520
6520
6520
6520
6520
6520
6520
6520
6520
6520
6520
6520
6520
6520
6520
6520
6520
6520
6520
6520
6520
6520
6520
6520
6520
6520
6520
6520
6520
6520
6520
6520
6520
6520
6520
6520
6520
6520
6520
6520
6520
6520
6520
6520
6520
6520
6520
6520
6520
6520
6520
6520
6520
6520
6520
6520
6520
6520
6520
6520
6520
6520
6519
6519
6519
6519
6519
6519
6519
6519
6519
6519
6519
6519
6519
6519
6519
6519
6520
6520
6520
6520
6520
6520
6520
6520
6520
6519
6519
6519
6520
6520
6520
6520
6520
6520
6520
6520
6520
6520
6520
6520
6520
6520
6520
6520
6520
6520
6520
6520
6520
6520
6520
6520
6520
6519
6519
6519
6519
6519
6519
6519
6519
6519
6520
6520
6520
6520
6520
6519
6519
6519
6519
6519
6519
6519
6519
6519
6519
6519
6519
6519
6519
6519
6519
6519
6519
6519
6519
6519
6519
6519
6519
6519
6520
6520
6520
6520
6520
6520
6520
6520
6520
6520
6520
6520
6520
6520
6520
6520
6520
6520
6519
6519
6519
6519
6519
6519
6519
6519
6519
6519
6519
6519
6519
6519
6519
6519
6519
6519
6519
6519
6519
6519
6519
6519
6519
6519
6519
6519
6519
6519
6520
6520
6519
6519
6519
6519
6519
6519
6520
6519
6519
6519
6519
6519
6519
6519
6519
6519
6519
6519
6519
6519
6520
6520
6520
6519
6519
6519
6520
6520
6520
6520
6520
6520
6520
6520
6520
6520
6520
6520
6520
6520
6520
6520
6520
6520
6520
6519
6520
6520
6520
6520
6520
6520
6520
6520
6520
6520
6520
6520
6520
6520
6520
6520
6520
6520
6520
6520
6520
6520
6520
6520
6520
6520
6520
6519
6519
6519
6519
6519
6519
6519
6519
6519
6519
6519
6519
6519
6519
6519
6519
6519
6519
6519
6519
6519
6519
6519
6519
6519
6519
6519
6519
6519
6519
6519
6519
6519
6519
6519
6519
6519
6519
6519
6519
6519
6519
6519
6519
6519
6519
6519
6519
6519
6519
6520
6520
6520
6520
6520
6519
6519
6519
6519
6519
6519
6519
6519
6519
6519
6519
6519
6519
6519
6519
6519
6519
6519
6519
6520
6520
6520
6520
6520
6520
6520
6520
6520
6520
6520
6520
6520
6520
6520
6520
6520
6520
6520
6520
6520
6520
6520
6520
6520
6520
6520
6520
6520
6520
6520
6520
6520
6520
6520
6520
6520
6520
6520
6520
6520
6520
6520
6520
6520
6520
6520
6520
6520
6520
6520
6520
6520
6520
6520
6520
6520
6520
6520
6520
6520
6520
6520
6520
6520
6520
6520
6520
6520
6520
6520
6520
6520
6520
6520
6520
6520
6520
6520
6520
6520
6520
6520
6520
6520
6520
6520
6520
6520
6520
6520
6520
6520
6520
6520
6520
6520
6520
6520
6520
6520
6520
6520
6520
6520
6520
6520
6520
6520
6520
6520
6520
6520
6520
6520
6520
6520
6520
6520
6520
6520
6520
6520
6520
6520
6520
6520
6520
6520
6520
6520
6520
6520
6520
6520
6520
6520
6519
6519
6519
6519
6519
6520
6520
6520
6520
6520
6520
6520
6520
6520
6520
6520
6520
6520
6520
6520
6520
6520
6520
6520
6520
6520
6520
6520
6520
6520
6520
6519
6519
6519
6519
6519
6519
6519
6519
6519
6519
6519
6519
6519
6519
6519
6519
6519
6519
6519
6503
6519
6519
6519
6520
6520
6519
6519
6519
6519
6520
6520
6504
6504
6504
6504
6504
6504
6504
6504
6504
6504
6504
6504
6504
6504
6504
6504
6504
6503
6519
6519
6519
6519
6519
6520
6520
6520
6520
6520
6520
6520
6520
6520
6520
6520
6520
6520
6520
6520
6520
6520
6520
6520
6520
6520
6520
6520
6520
6520
6520
6520
6520
6520
6520
6520
6519
6519
6519
6519
6519
6519
6519
6520
6520
6520
6520
6520
6520
6520
6520
6520
6520
6520
6520
6520
6519
6519
6519
6519
6519
6519
6519
6519
6519
6519
6520
6520
6520
6520
6520
6520
6520
6520
6520
6520
6520
6520
6520
6520
6520
6520
6520
6520
6520
6520
6520
6520
6520
6520
6520
6520
6520
6520
6520
6519
6519
6519
6519
6519
6519
6519
6519
6519
6519
6519
6519
6519
6519
6519
6519
6519
6519
6519
6519
6519
6519
6519
6519
6519
6519
6519
6519
6519
6519
6519
6519
6519
6519
6519
6519
6519
6519
6519
6519
6519
6519
6519
6519
6519
6519
6519
6519
6519
6519
6519
6519
6519
6519
6519
6519
6519
6519
6519
6519
6519
6519
6519
6519
6519
6519
6519
6519
6519
6519
6519
6519
6519
6520
6519
6519
6519
6519
6519
6519
6519
6519
6519
6519
6519
6519
6519
6519
6519
6519
6519
6519
6519
6519
6519
6520
6520
6520
6520
6520
6520
6520
6520
6520
6520
6520
6520
6520
6520
6520
6520
6520
6520
6520
6520
6520
6520
6520
6520
6520
6520
6520
6520
6520
6520
6520
6520
6520
6520
6520
6520
6520
6520
6520
6520
6520
6520
6520
6520
6520
6520
6520
6520
6520
6520
6520
6520
6520
6520
6520
6520
6520
6520
6520
6520
6520
6520
6520
6520
6520
6520
6520
6520
6520
6520
6520
6520
6520
6520
6520
6520
6520
6520
6520
6520
6520
6520
6520
6520
6520
6520
6520
6520
6520
6520
6520
6520
6520
6520
6520
6520
6520
6520
6520
6520
6520
6519
6519
6519
6519
6519
6519
6519
6519
6519
6519
6519
6519
6519
6519
6519
6519
6519
6519
6519
6519
6519
6519
6519
6519
6519
6519
6519
6520
6520
6519
6519
6519
6519
6519
6519
6519
6519
6519
6519
6519
6519
6519
6519
6519
6519
6519
6519
6519
6519
6519
6519
6519
6519
6519
6519
6519
6519
6519
6519
6519
6519
6519
6519
6519
6519
6519
6519
6519
6519
6519
6519
6519
6519
6519
6519
6519
6519
6519
6519
6519
6519
6519
6519
6519
6519
6519
6519
6519
6519
6519
6519
6519
6519
6519
6519
6519
6519
6519
6519
6519
6519
6519
6520
6520
6520
6520
6520
6520
6520
6520
6520
6520
6520
6520
6520
6520
6520
6520
6520
6520
6520
6520
6520
6519
6519
6519
6519
6519
6519
6519
6519
6519
6519
6519
6519
6519
6519
6519
6519
6519
6519
6519
6519
6519
6520
6520
6520
6519
6519
6519
6519
6519
6519
6519
6519
6519
6519
6519
6519
6519
6519
6519
6519
6519
6519
6519
6519
6520
6520
6520
6520
6520
6520
6520
6520
6520
6519
6519
6519
6519
6519
6519
6519
6519
6519
6519
6519
6519
6519
6519
6519
6519
6519
6519
6519
6519
6519
6519
6519
6519
6519
6519
6519
6519
6519
6519
6519
6519
6519
6519
6519
6519
6519
6519
6519
6519
6519
6519
6519
6519
6519
6519
6519
6519
6519
6519
6520
6520
6520
6519
6519
6519
6519
6519
6519
6519
6519
6519
6519
6519
6519
6519
6519
6519
6519
6519
6519
6519
6519
6519
6519
6519
6519
6519
6519
6520
6520
6520
6520
6520
6520
6519
6519
6519
6519
6519
6519
6519
6519
6519
6519
6519
6519
6519
6519
6519
6519
6519
6519
6519
6519
6519
6519
6519
6519
6519
6519
6519
6519
6519
6519
6519
6519
6519
6520
6520
6520
6520
6520
6520
6520
6520
6520
6520
6520
6520
6520
6520
6520
6520
6520
6520
6520
6520
6520
6520
6520
6520
6520
6520
6519
6519
6519
6519
6519
6519
6520
6520
6520
6520
6520
6520
6520
6520
6520
6520
6520
6520
6520
6520
6520
6520
6520
6520
6520
6520
6520
6520
6520
6520
6520
6520
6520
6520
6520
6520
6520
6520
6520
6520
6520
6520
6520
6520
6520
6520
6520
6520
6520
6520
6520
6520
6520
6520
6520
6520
6520
6520
6520
6520
6520
6520
6520
6520
6520
6520
6520
6520
6520
6519
6519
6519
6519
6519
6519
6519
6519
6520
6520
6520
6520
6520
6520
6520
6520
6520
6520
6520
6520
6520
6520
6520
6520
6520
6520
6520
6520
6520
6520
6520
6520
6520
6520
6520
6520
6520
6520
6520
6520
6520
6520
6520
6520
6520
6520
6520
6520
6520
6520
6520
6520
6520
6520
6520
6520
6520
6520
6520
6520
6520
6520
6520
6520
6520
6520
6520
6520
6520
6520
6520
6520
6520
6520
6520
6520
6520
6520
6520
6520
6520
6520
6520
6520
6520
6520
6520
6520
6520
6520
6520
6520
6520
6520
6520
6520
6520
6520
6520
6519
6519
6519
6519
6519
6519
6519
6519
6519
6519
6519
6520
6520
6520
6520
6520
6520
6520
6520
6520
6520
6520
6520
6519
6519
6519
6519
6519
6519
6519
6520
6520
6520
6520
6520
6520
6520
6520
6520
6520
6520
6520
6520
6520
6520
6520
6520
6520
6520
6520
6520
6520
6519
6519
6519
6519
6519
6519
6519
6519
6519
6519
6519
6519
6519
6519
6519
6519
6519
6519
6519
6519
6519
6519
6519
6519
6519
6519
6519
6519
6519
6519
6519
6519
6519
6519
6519
6519
6519
6519
6519
6519
6519
6519
6519
6519
6519
6519
6519
6519
6519
6519
6519
6519
6519
6519
6519
6519
6519
6519
6519
6519
6519
6519
6519
6519
6519
6519
6519
6519
6519
6519
6519
6519
6519
6519
6519
6519
6519
6519
6519
6519
6519
6519
6519
6519
6519
6519
6519
6519
6519
6519
6519
6519
6519
6519
6519
6519
6519
6519
6519
6519
6519
6519
6519
6519
6519
6519
6519
6519
6519
6520
6520
6520
6520
6520
6520
6520
6520
6520
6520
6520
6520
6520
6520
6520
6520
6520
6520
6520
6520
6520
6520
6520
6520
6520
6520
6520
6520
6520
6520
6520
6520
6520
6520
6520
6520
6519
6519
6519
6519
6519
6519
6519
6519
6519
6519
6519
6519
6519
6519
6519
6519
6519
6520
6520
6520
6520
6520
6520
6520
6520
6520
6520
6520
6520
6520
6519
6519
6519
6519
6519
6519
6519
6519
6519
6519
6519
6519
6519
6519
6519
6519
6519
6519
6519
6519
6519
6519
6519
6519
6519
6519
6519
6519
6519
6519
6520
6520
6520
6520
6520
6520
6520
6520
6519
6519
6519
6520
6519
6519
6519
6519
6519
6519
6519
6519
6519
6519
6520
6520
6520
6520
6520
6520
6520
6520
6520
6520
6520
6520
6520
6520
6520
6520
6520
6520
6520
6520
6520
6520
6520
6520
6520
6520
6520
6520
6520
6520
6520
6520
6520
6520
6520
6520
6520
6520
6520
6520
6520
6520
6520
6520
6520
6520
6520
6520
6520
6520
6520
6520
6520
6520
6520
6520
6520
6520
6520
6520
6520
6520
6520
6520
6520
6520
6520
6520
6520
6520
6520
6520
6520
6520
6520
6520
6520
6520
6520
6520
6520
6520
6520
6520
6520
6520
6520
6520
6520
6520
6520
6520
6520
6520
6520
6520
6520
6520
6520
6520
6520
6520
6520
6520
6520
6520
6520
6520
6520
6520
6520
6520
6520
6520
6520
6520
6520
6520
6520
6520
6520
6520
6520
6520
6520
6520
6520
6520
6520
6520
6520
6520
6520
6520
6520
6520
6520
6520
6520
6520
6520
6520
6520
6520
6520
6520
6520
6520
6520
6520
6520
6520
6520
6520
6520
6520
6520
6520
6520
6520
6520
6520
6520
6520
6520
6520
6520
6520
6520
6520
6520
6520
6520
6520
6520
6520
6520
6520
6520
6520
6520
6520
6520
6520
6520
6520
6520
6520
6520
6520
6520
6520
6520
6520
6520
6520
6520
6520
6520
6519
6519
6519
6519
6519
6519
6519
6519
6519
6519
6519
6519
6519
6519
6519
6519
6519
6519
6519
6519
6519
6519
6519
6519
6519
6519
6519
6519
6519
6519
6519
6519
6519
6519
6519
6519
6519
6519
6519
6519
6519
6519
6519
6519
6519
6519
6519
6519
6519
6519
6519
6519
6519
6519
6519
6519
6519
6519
6519
6519
6519
6519
6519
6519
6519
6519
6519
6519
6519
6519
6519
6519
6519
6519
6519
6519
6519
6519
6519
6519
6519
6519
6519
6519
6520
6520
6520
6520
6520
6520
6520
6520
6520
6520
6520
6520
6520
6520
6520
6520
6520
6520
6520
6520
6520
6520
6520
6520
6520
6520
6520
6520
6520
6520
6520
6520
6520
6520
6520
6520
6520
6520
6520
6520
6520
6520
6520
6520
6520
6520
6520
6520
6520
6520
6520
6520
6520
6520
6520
6520
6520
6520
6520
6520
6520
6520
6520
6520
6520
6520
6520
6520
6520
6520
6520
6520
6520
6520
6520
6520
6520
6520
6520
6520
6520
6520
6520
6520
6520
6520
6520
6520
6520
6520
6520
6520
6520
6520
6520
6520
6520
6520
6520
6520
6520
6520
6520
6520
6520
6520
6520
6520
6520
6520
6520
6520
6520
6520
6520
6520
6520
6520
6520
6520
6520
6520
6520
6520
6520
6520
6520
6520
6520
6520
6520
6520
6520
6520
6520
6520
6520
6520
6520
6520
6520
6520
6520
6520
6520
6520
6520
6520
6520
6520
6520
6520
6520
6520
6520
6520
6520
6520
6520
6520
6520
6520
6520
6520
6520
6520
6520
6520
6520
6520
6520
6520
6520
6520
6520
6520
6520
6520
6520
6520
6520
6520
6520
6520
6520
6520
6520
6520
6520
6520
6520
6520
6520
6520
6520
6520
6520
6520
6520
6520
6520
6520
6520
6520
6520
6520
6520
6520
6520
6520
6520
6520
6520
6520
6519
6519
6519
6519
6519
6519
6519
6519
6519
6519
6519
6519
6519
6519
6519
6519
6519
6519
6519
6519
6519
6519
6519
6519
6519
6519
6519
6519
6519
6519
6519
6519
6519
6519
6519
6519
6519
6520
6520
6520
6520
6520
6520
6520
6520
6520
6520
6520
6520
6520
6520
6520
6520
6520
6520
6520
6520
6520
6520
6520
6520
6520
6520
6520
6520
6520
6520
6520
6520
6520
6520
6520
6520
6520
6520
6520
6520
6520
6520
6520
6520
6520
6520
6520
6520
6520
6520
6520
6520
6520
6520
6520
6520
6520
6520
6520
6520
6520
6520
6520
6519
6519
6519
6519
6519
6520
6520
6520
6520
6520
6520
6520
6520
6520
6520
6520
6520
6520
6520
6520
6520
6520
6520
6520
6520
6520
6520
6520
6520
6520
6520
6520
6520
6520
6520
6520
6520
6520
6520
6520
6520
6520
6520
6520
6520
6520
6520
6520
6520
6520
6520
6520
6520
6520
6520
6520
6520
6520
6520
6520
6520
6520
6520
6520
6520
6520
6520
6520
6520
6520
6520
6520
6520
6520
6520
6520
6520
6520
6520
6520
6520
6520
6520
6520
6520
6520
6519
6519
6519
6519
6519
6519
6519
6519
6519
6519
6519
6519
6519
6519
6519
6519
6519
6519
6519
6519
6519
6519
6519
6519
6519
6519
6519
6519
6519
6519
6519
6519
6519
6519
6519
6519
6519
6519
6519
6519
6519
6519
6519
6519
6519
6519
6519
6520
6520
6520
6520
6520
6520
6520
6520
6520
6520
6520
6520
6520
6520
6520
6520
6520
6520
6520
6520
6520
6520
6520
6520
6520
6520
6520
6520
6520
6520
6520
6520
6520
6520
6520
6520
6520
6520
6520
6520
6520
6520
6520
6520
6520
6520
6520
6520
6520
6520
6520
6520
6520
6520
6520
6520
6520
6520
6520
6520
6520
6520
6520
6520
6520
6520
6520
6520
6520
6520
6520
6520
6520
6520
6520
6520
6520
6520
6520
6520
6520
6520
6520
6520
6520
6520
6520
6520
6520
6520
6520
6520
6520
6520
6520
6520
6520
6520
6520
6520
6520
6520
6520
6520
6520
6520
6520
6520
6520
6520
6520
6520
6520
6520
6520
6520
6520
6520
6520
6520
6520
6520
6520
6520
6520
6520
6520
6520
6520
6520
6520
6520
6520
6520
6520
6520
6520
6520
6520
6520
6520
6520
6520
6520
6520
6520
6520
6520
6520
6520
6520
6520
6520
6520
6520
6520
6520
6520
6520
6520
6520
6520
6520
6520
6520
6520
6520
6520
6520
6520
6520
6520
6520
6520
6520
6520
6520
6520
6520
6520
6520
6520
6520
6520
6520
6520
6519
6519
6519
6519
6519
6519
6519
6519
6519
6520
6520
6520
6520
6520
6520
6520
6520
6520
6520
6520
6520
6520
6520
6520
6520
6520
6520
6520
6520
6520
6520
6520
6520
6520
6520
6520
6520
6520
6520
6520
6520
6520
6520
6520
6520
6520
6520
6520
6520
6520
6520
6520
6520
6520
6520
6520
6520
6520
6520
6520
6520
6520
6519
6519
6519
6519
6519
6519
6519
6519
6519
6519
6519
6519
6519
6519
6519
6519
6519
6520
6520
6520
6520
6520
6520
6520
6520
6520
6520
6520
6520
6520
6520
6520
6520
6519
6519
6519
6519
6519
6519
6519
6519
6519
6519
6520
6520
6520
6520
6520
6520
6520
6520
6520
6520
6520
6520
6520
6520
6520
6520
6520
6520
6520
6520
6520
6520
6520
6520
6520
6520
6520
6520
6520
6520
6520
6520
6520
6520
6520
6520
6520
6520
6520
6520
6520
6520
6520
6520
6520
6520
6520
6520
6520
6519
6519
6519
6519
6519
6519
6519
6519
6519
6519
6519
6519
6519
6519
6519
6519
6519
6519
6519
6519
6519
6519
6519
6519
6519
6519
6519
6519
6519
