3563
3590
3590
3252
2872
3117
2681
2436
2680
2653
2991
2992
2997
2998
3296
2958
2714
2873
3117
3112
3112
3112
3450
3152
2610
2451
2550
2036
2035
2083
2597
2195
1857
2293
2245
2404
2946
3057
3084
3422
2908
2281
2526
2282
2909
2910
2572
2030
1706
1705
2003
2383
2272
1974
1729
2126
1746
2288
2668
2716
2089
2200
2498
2822
3066
3311
3311
3310
3648
3549
3549
3152
3152
3125
2966
2993
2557
2015
2417
2576
2252
1850
1512
1512
1513
1215
1729
1730
2127
2127
1882
2284
2720
2476
2476
2720
2720
3347
3671
3157
3495
3740
3113
3411
3300
3299
3398
3397
3939
3641
3593
4107
4108
3728
3629
3384
3385
3385
3496
3741
3741
3630
3116
3215
3326
3840
3888
3888
3777
3776
3677
3776
3728
3484
3484
3728
3569
3133
3569
3172
3283
3680
4060
3816
4443
4041
4200
3658
3631
3532
3373
3532
3830
4074
4073
4074
3447
3546
3948
3703
3189
2753
2429
2943
2699
2747
2233
2260
2260
2259
2100
2727
2330
2330
2219
2220
2464
2365
2365
1985
2084
2464
2416
2930
2930
3254
2956
2955
3253
3253
3689
3800
3800
3286
2850
2751
2850
2851
3287
3287
3829
3427
3428
3401
3157
3554
3455
3117
3216
2892
3216
3221
3269
3513
3508
2966
3508
3264
3291
3296
2860
2859
3103
3098
3103
3262
3151
3052
3454
3699
3319
2917
2758
3096
2699
3096
3476
3476
3449
3608
3560
3608
4044
3706
3706
3706
3462
3303
3547
3223
3561
3513
3513
3624
3326
3840
3596
3596
3595
3595
3350
3377
3039
3034
3133
2736
2981
2982
2468
2441
2739
2640
2098
2342
2231
2555
2560
2671
3213
3212
3239
2994
3391
3280
3036
3036
3195
2897
2898
2897
2898
2356
2357
2033
2033
2278
2119
1492
1487
1731
2245
2543
2548
2034
2145
1901
1901
1874
1873
2117
1737
2139
2140
1738
1493
2035
2034
2033
1735
2249
1707
1734
1734
1735
2059
2054
2054
2596
2755
2213
2054
2027
1591
1993
1994
1999
1999
2098
2097
2724
3160
3061
2817
2818
3360
3698
3698
3296
3185
2749
2776
3156
3400
2886
2642
3156
3151
3395
3394
3070
2826
3071
3369
3805
3904
4228
3930
4332
4630
4088
4093
3755
3755
3755
3755
4297
4635
4634
4634
4629
4087
3690
3849
3690
4232
3908
3570
3570
3967
3453
3501
3502
3066
3065
3065
3403
3408
3309
2929
2924
2925
3249
3685
3361
3460
3460
3361
3741
3741
3361
3520
4034
4034
4039
3701
3812
3185
3429
3424
2882
2881
2479
2803
2644
2130
2229
2388
2388
2393
1957
1958
1799
1958
2585
2580
2282
2684
2057
2571
2571
2326
2331
1934
1934
2272
2814
2476
2377
2813
2569
2458
2703
2704
3331
2817
3155
2528
3155
3128
3127
3371
3127
3122
3636
3735
3636
3880
3880
3881
3880
3907
3912
4210
3912
4023
3864
3864
3963
3852
3853
3826
3826
4223
4334
4493
4445
4048
3889
4286
3884
3911
4209
4611
4500
3986
3742
3853
3456
3456
3429
3429
3826
3199
3100
3614
3613
3612
3771
3771
3870
3532
3433
3771
3771
3612
3612
3771
3229
2984
2582
2826
2826
2667
2153
1829
2343
2005
2005
1569
1569
2196
2534
2196
2576
2577
2572
2058
2057
1759
1760
1808
1808
1809
1412
1412
1848
1737
1896
1895
1922
2324
2323
2323
2079
2621
2945
2621
2622
2220
2464
2861
2234
1692
1937
1557
1312
1636
1239
1238
1349
1746
1747
1846
2144
2144
2144
2389
2388
2340
2854
2743
2743
3123
3750
3751
3652
3652
4054
4054
3895
3943
4281
3767
3331
3331
3033
3144
3303
2901
2902
2875
2874
2536
2563
2239
1612
1232
1233
989
1503
1841
1730
1703
1655
2091
2139
2138
2137
2164
2566
2566
3193
3193
3437
3761
3762
3248
3248
3200
3580
3421
3176
3149
2905
2906
3420
3096
3095
2757
2868
2466
2466
2790
2790
3128
3670
3671
3274
3163
3163
3162
3261
3261
3309
3261
3505
3664
3665
3664
3663
4065
4092
4065
4066
4463
4464
3922
3922
3678
3242
2862
2910
2751
2427
2863
2815
3113
2775
2148
2147
2195
2196
2196
2576
2735
2735
2687
2389
2389
2388
2393
2717
2558
2234
2478
2816
2816
2816
2816
2380
2136
2131
2429
2428
1914
1915
1916
1921
1921
1623
1623
1947
2106
1782
2080
2191
2186
2186
1806
2130
2157
2537
2199
2443
2443
2046
2560
2898
3334
3235
3235
3076
2696
2452
2128
1726
1970
1969
1671
1770
2312
2360
2365
2338
1796
1796
2176
2335
2362
2361
2334
2632
2473
2374
2619
2571
2327
1947
1947
1511
1755
1803
1803
1803
1798
1825
1311
1713
1872
2499
3013
2986
2986
3422
3422
3449
3338
3437
3437
3442
3197
3594
3918
3870
3771
4151
4151
3524
3525
3526
3525
3498
3498
3546
3573
3137
2799
2794
2793
2766
2252
2093
2529
3071
2529
3043
3154
3492
4034
4061
4034
3923
4168
4120
4120
3876
3975
3461
3620
4134
3732
3352
3596
3054
2955
2955
3066
3066
3067
2729
3271
2973
2814
2814
2417
2173
2174
2571
2570
2908
2584
2632
3259
3418
3417
2981
3417
3516
3516
3896
3382
3044
3049
2938
3236
3574
3601
3442
3442
3442
3442
3144
3303
3304
3706
4220
4331
4326
3699
3699
3704
4331
3895
3784
3446
3446
3445
3445
3689
3689
3444
3042
2645
2645
2890
2646
3043
3154
2612
2950
2851
2852
2514
2514
2514
2269
2368
2320
2321
2316
2858
2863
3187
3182
2785
3030
3427
3427
3427
3427
3427
3475
3475
3474
3077
3077
3479
3155
2996
3432
3052
3296
3676
3240
3240
3240
3399
3796
4120
4121
3962
3935
3691
3989
3988
3889
3591
4027
4365
4365
4366
4365
3985
3985
4084
4243
3729
3681
3681
3682
3681
3681
3686
3527
3575
3178
3079
3079
2968
3482
3726
3726
3725
3211
3322
3323
3318
2776
2803
2804
2177
2557
3071
2747
2846
3243
3243
3242
3401
3725
3726
4353
4651
4540
4202
4744
4585
4590
3963
3566
3130
3129
3124
3283
3039
2991
2991
2746
2857
2905
2910
2751
2996
3334
2820
2979
3493
3382
3377
3278
2876
2987
2607
2851
2851
2852
2554
2554
2216
1892
2230
2230
2230
2528
2527
2189
2141
2479
2181
1639
1395
1693
1693
1698
2100
2727
2700
2700
2727
2775
2770
2432
2273
2815
2517
2761
2247
2406
2358
2358
2357
2358
2363
2336
2337
2337
2093
2417
2417
2417
2172
2569
2668
2344
2724
2719
2718
2718
2607
2608
2608
2932
2959
3007
2959
2860
2859
2859
3295
3295
3593
3838
3402
3157
2760
2808
2266
2266
2663
2908
2506
2182
2506
2942
2697
2670
2670
2671
2676
2676
2676
2671
2670
2670
3184
3184
3726
3970
4069
4074
3677
3518
2891
3136
3136
3295
3692
4030
4057
4057
4459
3917
3579
3690
3685
3685
3685
3305
3643
3616
3616
3616
3278
3820
3709
3820
3709
3307
3687
4314
4266
4266
4314
4315
3935
3421
3373
3274
3274
3273
3273
3272
3113
3627
3786
4124
3727
3727
3403
3514
3216
3217
3216
3264
3363
3118
3118
3145
2986
2742
2986
3145
2901
3145
3145
3046
3046
3046
3344
3344
3345
2831
2832
2290
1952
1952
2197
1899
2301
2056
2453
2056
2380
2380
2380
2056
2301
2301
2274
2273
2670
2622
2621
2959
2964
2991
2991
2991
3505
3260
3260
3260
2633
2634
2296
2541
2865
3245
3245
3245
2843
2843
2329
2329
2731
2730
2619
2917
2917
2890
2890
2989
2665
2776
2776
3318
3207
3207
3207
3834
3861
4375
4375
4130
3971
3966
3668
3716
3716
3472
3036
3037
3375
2978
3302
3413
3075
3075
3320
2693
2693
2666
2421
2759
3057
3056
3492
3493
3652
3493
3498
3498
3498
3498
3895
3847
4091
3549
3550
4092
3848
4475
4078
4078
4078
4077
4104
4349
4350
4594
4753
4753
5150
5149
5050
5023
5050
5050
5051
5046
4666
4666
4269
3867
3867
3756
3756
3756
4153
3909
3909
3908
3913
4012
3853
3852
3852
3853
3555
3799
3799
4179
4179
4179
4477
4472
4631
4632
4334
4339
4339
4339
4180
4228
4201
4102
4102
4261
4260
4101
3665
3660
3819
3422
3427
3428
3830
3782
3458
3894
3921
4318
3882
4206
4206
3664
3763
3425
3763
3763
3519
3274
3519
3518
3518
4060
3815
3477
3722
3722
3722
4060
3736
3736
3222
2884
3320
3834
3945
3940
3841
4139
3625
3625
4139
4144
4388
4712
4601
4649
4649
4351
4027
4351
4462
4462
4303
4255
4250
4250
4250
4139
4112
3570
3570
3326
3437
2923
2950
3109
3109
3407
3407
3455
3699
3698
4212
4185
3941
3505
3103
3104
3105
3110
3110
3110
3448
3692
3644
3247
2909
3451
3451
3446
3446
3445
3445
3472
3477
3153
3154
3153
3201
2903
2659
2548
2543
2642
2262
2262
2560
2898
2739
2739
2983
2739
3175
3175
3286
3286
2988
2889
2889
2778
2778
3076
3175
3174
3571
3571
3571
3326
3028
3029
3034
3007
2908
2570
2908
3232
3184
3211
2887
2860
2860
3262
3421
3422
3533
3913
3912
3912
3913
4157
4157
4046
4094
4094
4093
4192
4516
4516
4517
4418
4418
4418
4413
4413
4016
4127
3883
3982
3981
3981
3986
4231
4230
4231
3893
3920
3920
4317
4269
3727
3568
3457
3457
3457
3568
3568
3171
3568
3866
3866
3486
3485
3485
3049
3022
3023
3182
3083
3082
3518
3519
3857
4237
4126
4237
4232
3830
3831
4373
3746
3773
3662
3710
3710
3465
3710
3683
4085
3649
3648
3648
4084
3925
3924
3586
3745
3989
3989
3941
3941
3942
3428
3427
3941
4052
4079
4127
4127
3691
3691
3691
3691
3691
3664
3366
3664
4100
4438
4438
4194
4438
4438
4327
4426
4426
4181
4292
4133
4378
4537
4293
3751
3778
3778
3730
3730
3703
3704
3406
3307
3934
3934
3610
3213
3213
3537
3292
3319
3319
3320
3320
3293
3591
3591
3690
3934
3933
3497
3386
3386
3287
3292
3292
3292
3287
3043
3043
3585
3585
3612
4009
4108
4156
4057
4057
3655
3656
3656
3767
3766
3607
3612
3288
3533
3532
3533
3506
2879
3123
3075
3075
2964
2959
2964
2965
2960
2965
3289
3725
3211
2873
2493
2592
2587
2586
2586
2586
2587
2614
2662
3000
3000
3000
3000
2952
2952
2952
2853
3255
3354
3353
3733
3733
3844
3844
3844
3844
3464
3978
4358
4020
3993
3894
3570
3459
3460
3216
3243
3243
3581
3184
3183
2885
2886
2859
2864
2864
3491
3539
3783
3381
3376
3376
3535
3646
3646
4048
4047
4146
4146
3766
3766
3766
3766
3766
3655
3607
3362
3389
3713
3718
3963
4011
4309
4309
3873
3872
3872
3872
3872
3872
3983
4380
4221
4110
4269
4269
4242
4242
3944
3945
4243
4243
4243
3905
3905
3746
3745
4083
4035
4035
4083
4110
4110
4062
3724
3724
3400
3448
3349
3349
3105
3105
3100
3100
3438
3411
3166
3265
3510
3510
3669
3331
2929
3309
3711
4147
4048
3646
3757
3709
3710
3737
4075
4399
4801
4801
4801
4849
4849
4469
4421
4469
4469
4849
5093
4849
4413
4302
4302
4302
3905
3391
3827
3828
3530
3530
3192
3192
3192
2868
2867
3264
3375
2833
2838
2839
2839
2839
2839
2839
2728
2723
2723
2722
2722
2723
2723
2722
2342
2342
2315
2342
2342
2343
2442
2956
2956
2956
2956
3067
3072
3452
3776
3379
2943
3187
3028
2648
2537
2536
2488
2487
2388
2436
2431
2867
2867
2867
2867
2867
2978
2978
3358
3358
2731
2830
2830
2830
2830
2394
2367
2994
3430
3185
2941
2893
2893
3137
3534
3693
3693
3449
3497
4039
4039
4039
4039
3880
3880
4218
4377
4377
4053
4053
4005
3667
3667
3911
3912
4210
3912
3912
3939
3912
3912
3912
4236
4241
4240
4141
4141
4479
4474
4474
4479
4479
4479
4777
4778
4778
4778
4778
4778
4778
4777
4777
4618
4374
4619
4620
4218
4218
4377
4079
3741
3789
4127
4128
4127
4127
4127
3882
4127
4122
4122
4122
3963
4122
4122
4121
4365
3851
3878
3481
3878
3878
3633
3633
3633
3389
3634
3634
3237
3237
3237
3237
3242
3237
3481
3481
3482
3482
3455
3852
3852
3853
3853
3952
4250
3870
3870
3546
3546
3926
3490
3926
4328
3926
3925
3925
4327
4841
4840
4841
4793
4794
4794
4794
4794
4456
4211
4211
4211
4210
4210
4210
4455
4075
4075
4075
4075
3831
3831
3831
3831
4211
4211
4455
4482
4371
4371
4371
4370
4343
4343
4344
4245
4244
4244
4244
4244
4582
4582
4582
4582
4582
4582
4582
4582
4583
4907
4907
4907
4907
4907
4934
4934
4939
4912
4614
4614
4662
4662
4662
4773
4773
4800
4800
4800
4799
4475
4475
4316
4316
3919
3871
3871
4268
4268
3866
4025
4025
4073
4397
4397
4000
4000
4000
4001
3996
3996
4294
4049
4294
4183
4183
4294
4294
4135
4294
4299
4398
4398
4398
4074
4075
4075
4399
4399
4399
4399
4101
4100
4100
4095
4096
4493
4493
4791
5193
5193
5193
5193
4949
4611
4611
4611
4611
4616
4611
4584
4070
4069
4069
3970
3971
3971
3971
3971
3971
3673
3625
3624
3624
3723
3723
3722
3723
3612
3612
3612
3612
3612
3950
3950
3950
3950
3950
3998
4025
3623
3623
3867
3867
3708
4110
4269
4269
4269
3931
3936
3936
4047
4047
4047
4047
4047
3650
3602
3602
3603
3603
4000
3999
4513
4513
4513
4514
4514
4514
4812
4812
4812
4785
5123
5123
5118
5118
5123
5123
5122
5122
5122
4784
4784
4783
4783
4778
4778
4805
4805
4805
4805
4853
4742
4742
4228
4229
4743
4419
4420
4420
3878
3878
3878
3877
3988
3988
3988
3988
3877
3882
4220
4121
4232
4232
4556
4556
4556
4556
4529
4529
4530
4530
4530
5072
5072
4636
4636
4298
4298
4298
4325
4325
4325
4663
5099
4697
4697
4399
4399
4498
4900
4852
4741
4741
4741
4741
4852
5150
5150
5150
5150
5150
5150
5149
5144
4820
4820
4819
4820
4868
4354
4354
4195
3897
3786
3786
3786
4084
3704
4218
3973
3946
3946
3946
3946
4270
4171
4172
4172
3874
3477
3477
3429
3456
3853
3964
3964
3720
3819
3818
3818
3819
4063
4222
4221
4601
4602
4602
4222
4195
4200
4199
4199
4199
4198
3954
4002
3843
4088
4088
4088
4332
4712
4712
4310
4066
4067
4469
4713
4708
4867
4708
4708
4709
4598
4598
4196
4196
4196
4148
4148
4175
4175
4174
4174
4174
4174
4174
4174
4174
4179
4174
4174
4173
4575
4686
4348
4507
4396
4397
4397
4397
3961
3961
3961
3961
4397
4402
4403
4403
4741
4497
4398
4398
4397
4397
4695
4695
4695
4695
4743
4987
4649
4649
4760
4760
4760
4760
4755
4755
4755
4644
4596
4216
4215
4216
4216
4216
4057
4062
4062
4063
4063
4443
4602
4602
4278
4273
4246
4246
4570
4570
4570
4669
5007
5006
4708
4709
4820
4825
4824
4725
4289
4316
4311
4311
4359
4115
4214
4650
4650
4650
4650
4948
4321
4321
4321
3807
3812
4439
4439
4439
4412
4412
4412
4114
4628
4290
4290
4290
4290
4290
4628
4623
4623
4867
4867
4894
4846
4846
4846
4846
4735
4740
4496
4496
4496
4496
4496
4607
4607
4508
4349
4344
4344
4317
4416
4660
4660
4708
4709
4709
4709
4709
4598
4084
4084
4083
4597
4498
4657
4413
4016
4016
4115
4115
4115
4115
4115
3735
3735
3735
3735
3397
3349
3349
3687
3363
3474
3854
3859
3860
3859
3859
3860
3859
3859
3859
3886
3886
3886
3886
3886
3885
3774
3822
3822
3822
4219
4219
4220
4518
4513
4116
4089
4089
4089
3930
3831
3990
3991
3555
3582
3582
3582
3202
3202
3446
3770
3869
4305
4305
4310
4310
4283
4282
4277
4282
4282
4183
3859
3859
3859
3859
4256
4355
4355
4355
3953
3954
3953
3953
3980
3980
3981
3954
4334
4334
4658
4658
4657
4657
4684
5086
4841
4841
4841
4841
4439
4439
4439
4684
4684
4684
4684
4684
5086
5085
4926
5085
5086
5086
5086
5086
5085
5080
5081
5081
5081
4922
4927
4629
4602
4601
4712
4871
4871
4866
4866
4893
4894
4899
4899
4899
4872
4871
4547
4547
4547
4547
4845
4845
4845
4845
4845
4686
4686
4686
4686
4687
4145
4687
4688
4688
4688
4688
4688
4687
4687
4687
4687
4687
4687
4686
4638
4639
4528
4529
4688
4688
4799
4688
4715
4616
4616
4616
4616
4616
4214
4214
4214
4214
3834
4158
3860
3860
3860
4262
3938
4236
4236
4209
4208
4235
4559
4559
4559
4939
4641
4641
4317
4317
4318
4318
4313
4318
4417
3875
4417
4417
4417
4390
4390
4390
4390
4438
4438
4438
4193
4145
4140
4167
4278
4278
4278
4167
4167
4167
4172
4145
4443
4443
4443
4344
4344
4668
4716
4716
4716
4716
4715
4715
4715
4715
4715
4715
4715
4814
4814
4809
4809
4429
4381
4381
4381
4429
4429
4456
4461
4460
4460
4162
4162
4162
4460
4460
4412
4313
4314
4314
4314
4314
4313
4313
4308
4308
4407
4412
4407
4412
4413
4413
4413
4412
4657
4657
4768
4768
4816
4657
4657
4609
4609
4657
4657
4657
4657
4630
4306
4306
4306
4686
4575
4576
4576
4528
4555
4666
4666
4666
4666
4567
4567
4567
4615
4615
4614
4615
4615
4317
4317
4317
4317
4317
4312
4311
4609
4768
5092
5092
5092
5092
5191
5192
5197
4953
4953
4615
4615
4610
4213
4610
4451
4451
4451
4424
4424
4424
4668
4668
4668
4668
4668
4668
4557
4557
4557
4584
4584
4584
4589
4589
4589
4589
4927
4547
4150
4150
4150
4150
4261
4641
4641
4641
4800
4800
4701
4701
4701
4701
4701
4800
4800
4641
4636
4795
4795
4795
4795
4795
4795
4795
4696
4696
4696
4696
4696
4696
4695
4696
4696
4696
4696
4696
4795
4795
4795
4795
4795
4795
4795
4747
4747
4747
4747
4747
4748
4748
4748
4748
4748
4748
4748
4748
4748
4748
5145
5145
5145
5145
5144
5144
5144
5144
5144
5192
5192
5191
5164
5164
4622
4622
4627
5169
5169
5169
5169
5170
5170
5170
5011
5011
5011
5010
5010
5010
5010
5010
5010
5010
5011
5170
5170
5122
5123
5171
5171
5123
5024
5024
5023
5023
5023
5023
4685
4685
4685
4784
4784
4784
4784
4460
4058
4058
4058
4058
3947
3947
3947
3947
3947
3948
3948
3975
3876
3975
3975
4299
4299
4299
4299
4054
4054
4054
3955
3955
3955
3954
3954
4002
4247
4585
4537
4537
4510
4510
4912
4912
4911
4911
4911
4911
4938
4938
4938
4938
4938
4986
4938
4938
4911
4911
4911
4906
4906
4906
4907
4907
5006
5006
5005
5006
5006
5006
5006
5006
5006
5006
5006
5054
5054
5081
5080
5080
5080
5191
5196
5196
5196
5191
5196
5191
5092
5092
5093
5093
5093
5092
5092
5092
5092
5191
5191
5191
5191
5143
5143
5116
5116
5017
5017
5044
5044
5044
5049
5049
5049
5049
5049
5050
5050
5050
4670
4670
4769
4770
4770
5150
5123
5123
5123
5123
5123
4964
4963
4958
5006
5006
5006
5006
5006
5005
5010
5010
4962
5121
5121
5121
5121
5121
4823
4823
4823
4823
4823
4850
4751
4751
4751
4751
4751
4751
4799
4799
4772
4772
4772
4773
4768
5066
5066
5065
5065
4727
4727
4679
4679
4778
4778
4779
4779
4779
4779
4780
4780
4780
4807
4807
5145
5144
5144
5144
5144
5144
5144
5144
5144
5145
5144
5144
5149
5150
5150
5150
5150
5198
5198
5150
5150
5150
4905
4905
4904
4952
4952
4952
4952
4952
4904
4904
4904
4904
4904
4904
4904
4904
4904
4904
4905
4905
4904
5149
4769
4770
4769
4769
4817
4817
4817
4790
4789
4789
4789
4789
4789
5169
5169
5170
5122
5122
5122
5122
5122
5023
4864
4753
4753
4753
4753
4864
4859
4859
4859
4859
4859
4859
4864
4864
4484
4484
4484
4485
4484
4484
4864
4864
4912
4864
4865
4865
4913
4912
4912
4912
4912
4913
4913
4913
4940
4913
4913
4912
4912
4912
4912
5071
5071
5071
5072
5072
5072
4530
5072
5072
5099
4854
4854
5099
5099
5099
5099
5099
5099
5198
5171
5171
5171
5171
5166
5166
5166
5166
5165
5165
5164
5165
5170
5170
5170
5170
5122
5122
5122
5122
5122
5122
5117
5117
5116
5116
5116
5116
5117
5122
5122
5122
5122
5023
5023
5023
5023
5071
5071
5071
5023
5018
5066
5066
5066
5066
5066
5065
5066
5066
5065
5065
5066
5066
5165
5165
5170
5165
5165
5165
5165
4841
4841
4742
4743
4584
4584
4473
4473
4797
4956
4956
4956
4956
4956
4983
4983
4956
4955
4955
4955
4955
5054
5054
5053
5005
4846
4846
4846
4846
4846
4851
4851
4851
4962
5121
5121
5121
4962
4962
4989
4878
5037
5037
5037
5037
5148
5148
5148
5148
5148
5148
5149
5149
5050
5050
5023
5071
5071
5071
5071
5071
5071
5071
5071
5071
5071
5071
5071
5071
5070
5070
5070
5070
5070
5070
5070
5070
5070
5097
5097
5097
5098
5098
5098
5093
5093
5093
5045
5045
5018
5019
5118
5118
5118
4873
4873
4873
4873
5118
5118
5145
5145
5145
5150
5150
5150
5150
4906
4906
4906
4906
4906
4905
4806
4806
4806
4806
4807
4802
4802
4801
4690
4789
4789
5033
5033
5033
5033
5033
5033
5034
5033
5033
5033
5033
5033
5033
5033
5033
5081
5192
5192
5192
5197
5098
5197
5149
5149
5122
5170
5122
5122
5122
5122
5122
5122
5121
5121
5121
5121
5121
4962
4963
4962
4962
4962
4962
4962
4962
4962
4962
4962
4963
4963
4963
4963
4964
5012
5012
5012
5011
5038
5197
5198
5198
5198
5198
5198
5198
5198
5198
5198
5198
5198
5198
5198
5198
4954
4906
4906
4901
4901
4949
4949
4949
4949
4949
4922
4922
4922
5166
5165
5165
5165
5192
5165
5165
5165
5165
5165
5164
5164
5164
5164
5164
5164
5164
5164
5053
5164
5164
5164
5164
5164
5164
5164
5164
5164
5164
5116
5164
5164
5164
5164
5164
5053
5164
5164
5164
5191
5191
5196
5196
5085
5085
5085
5085
5085
5085
5085
5085
5085
5085
5058
4813
4813
4813
4813
5058
5058
5058
5085
5085
5196
5197
5197
5197
5197
5197
5197
5197
5170
5170
5170
5170
5165
5006
5006
5006
5006
5005
5006
5006
5007
5007
5007
5034
5034
5034
5034
5034
5034
5034
5007
5006
5006
5165
5165
5165
5165
5066
5066
5066
5066
5066
5066
5066
5066
5066
5066
5066
5066
5066
5066
4955
4982
4982
4982
4987
4987
4987
5098
5071
5071
5071
5071
5071
5071
5071
5072
5024
5072
5072
5072
5099
5094
5094
5094
5193
5193
5193
5193
5082
5193
5193
5193
5192
5192
5192
5191
5196
5196
5196
5196
5196
5196
5196
5197
5196
5196
5197
5197
5197
5197
5197
5197
5197
5197
5198
5198
5198
5198
4900
4900
4900
4900
4900
4900
4895
4895
4895
4895
4895
4895
4895
4796
4796
4796
4895
4895
4895
4895
4895
4895
4895
4895
5193
5193
5193
5193
5192
5192
5192
5192
5192
5192
5192
5197
5197
5197
5197
5197
5197
5197
5197
5196
5196
5197
5197
5192
5192
5192
5192
5192
5192
5197
5198
5193
5193
5193
5193
5193
5094
5094
5046
5046
5046
5046
5046
5046
5051
5051
5051
5051
5050
5050
5098
5093
5093
5093
5093
5192
5192
5192
5165
5166
5166
5166
5166
5165
5192
5192
5192
5192
5197
5192
5192
5192
5192
5192
5192
5192
5165
5165
5165
5165
5165
5192
5144
5144
5144
5144
5143
5143
5143
5143
5143
5143
5143
5032
5033
5033
5033
5032
5032
5032
5032
5032
5143
5143
5143
5143
5143
5143
5143
5191
5191
5191
5080
5191
5191
5191
5191
5191
5191
5191
5191
5191
5191
5191
5191
5191
5143
5032
5032
5032
5033
5033
5033
5033
5033
5033
5034
5039
5039
5039
5039
5039
5038
5038
5038
5038
5038
5149
5149
5149
5149
5149
5148
5148
5148
5148
5148
5148
5148
5148
5148
5121
5121
5121
5121
5121
5121
5169
5121
5121
5121
5169
5169
5169
5170
5170
5165
5165
5166
5171
5171
5170
5170
5165
5165
5165
5165
5165
5165
5192
5165
5165
5165
5165
5165
5192
5192
5192
5192
5192
5192
5192
5193
5193
5193
5193
5193
5192
5192
5192
5192
5093
4982
4982
4982
4982
4982
5093
5092
5092
5092
5092
5092
5092
5092
5092
5092
5092
5092
5097
5196
5197
5197
5197
5197
5197
5197
5197
5196
5196
5169
5164
5164
5164
5165
5164
5164
5169
5169
5169
5169
5169
5169
5169
5169
5196
5196
5196
5196
5196
5196
5196
5196
5197
5197
5197
5197
5198
5150
5150
5149
5149
5149
5149
5149
5149
5149
5149
5149
5197
5197
5197
5197
5170
5170
5171
5171
5171
5171
5166
5166
5166
5193
5166
5166
5166
5166
5166
5166
5166
5166
5165
5164
4920
4921
4921
4921
4921
4921
4921
4921
4921
4920
4920
4920
4920
4920
4920
4920
4920
4920
4920
4920
4920
4920
4920
4920
4920
4920
4920
4947
4947
4947
4947
4947
4947
4899
4899
4900
4900
4948
4953
4953
4953
4953
4953
4954
4954
4855
4855
4828
4828
4828
4855
4855
4855
5099
5051
5051
5051
5051
5051
5051
5051
5051
5051
5099
5099
5099
5099
5099
5099
5099
5099
5099
5099
5099
5099
5099
5098
5098
5098
5098
5098
5098
5098
5098
5098
5050
5050
5098
5098
5098
5098
5098
5098
5097
5097
5097
5097
5097
5097
5097
5097
5097
5196
5196
5196
5197
5197
5197
5198
5198
5198
5198
5198
5198
5198
5198
5198
5198
5198
5198
5198
5198
5198
5198
5198
5198
5198
5198
5198
5198
5198
5198
5197
5197
5197
5197
5197
5197
5197
5197
5197
5197
5197
5197
5197
5197
5197
5197
5170
5170
5170
5170
5122
5122
5123
5123
5123
5123
5123
5123
5123
5123
5123
5123
5123
5123
5123
5122
5122
5123
5123
5123
5123
5123
5123
5123
5122
5122
5122
5122
5122
5122
5121
5116
5116
5116
5164
5164
5164
5164
5164
5165
5165
5165
5165
5165
5164
5164
5164
5165
5165
5165
5165
5164
5164
5191
5192
5192
5192
5192
5192
5192
5165
5165
5165
5165
5170
5170
5170
5170
5170
5170
5169
5196
5196
5196
5196
5196
5196
5196
5169
5169
5164
5191
5191
5191
5191
5191
5192
5192
5197
5198
5198
5198
5193
5193
5193
5193
5193
5193
5082
5082
5082
5082
5082
5034
5034
5034
5007
5055
5055
5055
5055
5166
5166
5166
5118
5118
5117
5165
5164
5169
5169
5169
5196
5196
5196
5196
5197
5197
5197
5197
5197
5197
5197
5197
5197
5197
5197
5197
5197
5197
5197
5197
5197
5197
5197
5197
5149
5149
5149
5149
5149
5122
5122
5122
5122
5122
5122
5122
5122
5121
5121
5121
5121
5121
5122
5122
5170
5170
5059
5059
5059
5059
5059
5054
5054
5054
5054
5054
5054
5054
5081
5082
5087
5087
5082
5082
5087
5086
5086
5086
5086
5086
5086
5086
5059
5059
5059
5170
5170
5170
5170
5170
5197
5197
5196
5196
5196
5196
5196
5196
5196
5196
5196
5196
5196
5196
5196
5191
5191
5191
5191
5191
5191
5191
5191
5191
5196
5196
5196
5196
5196
5196
5196
5196
5196
5196
5196
5196
5196
5196
5196
5196
5196
5196
5196
5197
5197
5197
5197
5197
5198
5198
5198
5197
5197
5197
5197
5197
5197
5196
5196
5196
5197
5170
5170
5170
5122
5122
5117
5117
5117
5117
5117
5144
5145
5193
5193
5193
5193
5198
5197
5197
5197
5197
5197
5197
5197
5197
5197
5197
5197
5197
5197
5197
5197
5192
5192
5192
5192
5192
5192
5165
5165
5165
5170
5170
5170
5170
5170
5170
5170
5165
5165
5165
5165
5165
5165
5165
5165
5164
5165
5164
5191
5191
5191
5191
5192
5192
5192
5165
5165
5165
5165
5165
5166
5118
5117
5117
5117
5117
5144
5144
5144
5144
5144
5144
5149
5149
5149
5149
5150
5150
5150
5150
5150
5150
5149
5149
5149
5149
5149
5149
5150
5150
5150
5150
5150
5150
5150
5149
5197
5197
5197
5197
5197
5197
5197
5197
5197
5197
5197
5197
5197
5197
5196
5196
5196
5196
5196
5196
5196
5196
5196
5196
5196
5197
5170
5171
5170
5122
5122
5117
5117
5117
5122
5122
5122
5122
5122
5121
5121
5122
5122
5122
5122
5122
5122
5122
5122
5122
5122
5122
5122
5122
5122
5121
5121
5148
5149
5150
5123
5122
5122
5122
5122
5122
5122
5122
5122
5122
5170
5170
5170
5169
5169
5170
5171
5171
5171
5171
5171
5171
5171
5171
5171
5198
5197
5197
5170
5170
5170
5170
5170
5170
5170
5170
5170
5170
5170
5170
5170
5170
5170
5170
5170
5170
5170
5170
5170
5169
5169
5196
5196
5196
5196
5196
5196
5196
5196
5196
5196
5196
5196
5196
5196
5196
5196
5196
5196
5196
5196
5196
5197
5197
5197
5197
5197
5192
5192
5191
5191
5191
5191
5191
5191
5191
5191
5191
5191
5191
5191
5191
5191
5191
5191
5191
5191
5191
5191
5191
5143
5148
5148
5148
5149
5149
5149
5149
5197
5197
5197
5197
5196
5196
5196
5196
5196
5196
5196
5196
5196
5196
5196
5196
5196
5196
5196
5196
5196
5196
5196
5196
5196
5196
5196
5196
5191
5191
5191
5196
5196
5196
5196
5196
5196
5196
5191
5192
5191
5191
5191
5191
5191
5191
5191
5191
5191
5191
5191
5191
5191
5164
5164
5164
5169
5169
5169
5169
5170
5170
5170
5170
5170
5170
5170
5122
5122
5122
5122
5122
5170
5170
5170
5170
5170
5170
5197
5197
5198
5198
5198
5198
5193
5193
5193
5193
5193
5193
5193
5193
5193
5193
5193
5193
5198
5197
5197
5196
5196
5196
5196
5196
5197
5197
5197
5197
5197
5197
5197
5196
5196
5196
5196
5196
5196
5197
5197
5197
5197
5196
5196
5196
5196
5196
5196
5196
5197
5197
5197
5197
5197
5197
5197
5197
5197
5197
5197
5197
5197
5197
5197
5197
5197
5197
5170
5171
5171
5170
5170
5165
5165
5165
5170
5170
5170
5170
5170
5170
5170
5170
5170
5170
5170
5165
5165
5165
5165
5165
5165
5165
5165
5165
5165
5170
5170
5170
5171
5171
5171
5171
5171
5171
5171
5171
5171
5171
5171
5171
5171
5166
5166
5166
5166
5193
5193
5193
5193
5193
5193
5193
5193
5193
5198
5198
5197
5197
5198
5198
5198
5197
5196
5196
5197
5197
5197
5197
5197
5197
5197
5197
5197
5197
5197
5197
5197
5196
5196
5196
5196
5196
5196
5196
5196
5191
5191
5191
5191
5196
5196
5197
5197
5197
5197
5197
5197
5197
5197
5198
5198
5171
5171
5166
5166
5166
5166
5165
5165
5165
5165
5165
5166
5166
5166
5166
5166
5166
5166
5166
5166
5166
5166
5166
5166
5166
5166
5166
5166
5166
5166
5166
5166
5166
5166
5166
5166
5166
5193
5193
5193
5193
5193
5193
5193
5193
5193
5193
5193
5193
5193
5193
5193
5198
5198
5198
5198
5198
5198
5193
5193
5193
5193
5198
5197
5197
5197
5197
5197
5197
5197
5197
5197
5197
5192
5197
5197
5197
5197
5197
5196
5196
5196
5196
5196
5196
5197
5197
5197
5196
5196
5197
5196
5191
5191
5192
5192
5192
5192
5192
5192
5192
5192
5192
5193
5193
5192
5192
5192
5192
5192
5192
5192
5192
5192
5192
5192
5192
5192
5193
5193
5193
5193
5193
5193
5193
5193
5193
5193
5193
5193
5193
5193
5193
5193
5193
5193
5198
5197
5197
5197
5197
5197
5197
5192
5191
5191
5192
5193
5193
5193
5193
5193
5193
5193
5193
5193
5193
5193
5193
5193
5193
5193
5193
5193
5193
5193
5193
5193
5193
5193
5193
5193
5193
5193
5193
5193
5193
5193
5193
5193
5193
5193
5193
5193
5193
5193
5193
5193
5193
5193
5198
5198
5198
5198
5198
5198
5197
5197
5197
5196
5196
5196
5196
5196
5196
5196
5196
5196
5196
5196
5197
5197
5197
5197
5196
5191
5196
5196
5196
5196
5196
5196
5196
5191
5191
5191
5191
5191
5191
5192
5192
5192
5192
5192
5192
5192
5191
5191
5191
5191
5191
5191
5191
5192
5192
5192
5192
5192
5192
5192
5192
5192
5192
5192
5192
5192
5192
5193
5193
5193
5193
5193
5193
5193
5193
5193
5193
5193
5198
5198
5198
5198
5198
5198
5198
5198
5198
5198
5198
5198
5198
5193
5193
5192
5192
5192
5192
5192
5192
5192
5191
5191
5191
5191
5191
5191
5191
5191
5191
5191
5191
5191
5191
5191
5191
5191
5191
5191
5191
5191
5191
5191
5191
5191
5191
5192
5192
5192
5192
5192
5192
5192
5192
5192
5192
5197
5197
5197
5197
5197
5197
5197
5197
5197
5197
5170
5171
5171
5171
5171
5171
5171
5171
5171
5171
5170
5169
5169
5169
5169
5169
5169
5169
5169
5169
5169
5169
5170
5170
5170
5170
5170
5171
5171
5171
5171
5171
5171
5171
5171
5123
5123
5123
5123
5123
5123
5123
5123
5123
5123
5123
5123
5123
5171
5198
5198
5198
5198
5198
5198
5198
5198
5198
5198
5198
5198
5198
5198
5198
5198
5198
5198
5198
5198
5197
5197
5197
5192
5192
5192
5192
5192
5192
5192
5193
5198
5193
5192
5193
5193
5193
5193
5193
5193
5193
5193
5193
5193
5193
5193
5193
5192
5192
5192
5192
5192
5192
5197
5197
5196
5197
5192
5192
5192
5192
5197
5197
5197
5197
5197
5197
5197
5197
5197
5197
5197
5197
5197
5197
5197
5192
5192
5192
5192
5192
5192
5193
5193
5193
5193
5193
5193
5193
5193
5198
5198
5198
5197
5197
5197
5197
5197
5197
5197
5197
5196
5196
5196
5196
5196
5196
5196
5196
5196
5197
5197
5196
5196
5196
5196
5196
5197
5197
5197
5197
5197
5197
5197
5197
5197
5197
5197
5197
5197
5197
5197
5197
5197
5197
5197
5197
5197
5197
5197
5197
5197
5197
5197
5197
5196
5196
5196
5196
5196
5196
5196
5197
5197
5197
5197
5197
5197
5198
5198
5198
5198
5198
5198
5198
5198
5198
5198
5198
5197
5197
5197
5197
5192
5191
5191
5191
5191
5191
5191
5192
5192
5192
5192
5192
5192
5192
5192
5192
5192
5192
5197
5197
5197
5197
5197
5197
5197
5197
5197
5197
5197
5197
5192
5192
5192
5192
5192
5192
5192
5192
5192
5192
5192
5192
5192
5192
5192
5192
5192
5192
5192
5192
5192
5192
5192
5192
5165
5165
5165
5165
5165
5165
5165
5165
5165
5165
5165
5192
5192
5192
5192
5192
5192
5192
5192
5192
5192
5192
5192
5192
5192
5192
5191
5191
5191
5191
5191
5192
5192
5197
5197
5197
5197
5197
5197
5197
5192
5192
5192
5192
5197
5197
5197
5197
5197
5197
5197
5197
5197
5197
5198
5198
5198
5198
5198
5198
5198
5198
5198
5198
5198
5198
5198
5198
5198
5198
5198
5198
5198
5198
5198
5198
5198
5198
5198
5198
5198
5198
5198
5198
5198
5198
5198
5198
5198
5198
5198
5198
5198
5198
5198
5198
5198
5198
5198
5198
5198
5198
5198
5198
5198
5198
5198
5198
5198
5197
5197
5197
5197
5197
5197
5197
5197
5197
5196
5196
5196
5196
5196
5196
5197
5197
5197
5197
5197
5197
5197
5197
5197
5197
5197
5198
5198
5198
5198
5198
5198
5198
5198
5198
5198
5198
5198
5197
5197
5198
5198
5198
5198
5197
5197
5197
5197
5197
5197
5197
5197
5198
5198
5198
5198
5198
5198
5198
5198
5198
5198
5198
5198
5198
5198
5198
5198
5198
5198
5198
5198
5198
5198
5197
5197
5197
5197
5196
5196
5196
5196
5196
5196
5197
5197
5197
5197
5197
5197
5197
5198
5198
5198
5198
5198
5198
5197
5197
5197
5197
5197
5197
5197
5197
5197
5197
5192
5192
5192
5192
5192
5192
5192
5192
5192
5192
5192
5192
5193
5193
5193
5193
5198
5198
5198
5198
5198
5198
5197
5197
5197
5197
5197
5197
5197
5196
5196
5197
5197
5197
5197
5197
5197
5197
5197
5198
5198
5198
5198
5198
5198
5193
5198
5198
5198
5198
5198
5198
5198
5198
5198
5198
5198
5198
5198
5198
5198
5197
5196
5196
5196
5196
5196
5196
5196
5196
5196
5196
5196
5196
5196
5196
5196
5196
5197
5197
5197
5197
5197
5197
5197
5197
5192
5192
5192
5192
5192
5192
5192
5192
5192
5192
5193
5193
5198
5198
5198
5198
5198
5198
5198
5198
5198
5198
5198
5198
5198
5198
5193
5193
5193
5193
5193
5193
5193
5193
5193
5192
5192
5192
5193
5193
5198
5197
5197
5197
5197
5197
5197
5197
5197
5197
5197
5197
5197
5197
5197
5197
5196
5196
5196
5196
5197
5197
5197
5198
5198
5198
5198
5198
5198
5198
5198
5198
5198
5198
5198
5198
5198
5198
5198
5198
5198
5198
5198
5198
5198
5198
5198
5198
5198
5198
5198
5198
5198
5198
5197
5197
5196
5196
5197
5197
5197
5197
5197
5197
5197
5197
5197
5197
5197
5197
5197
5197
5197
5197
5197
5197
5197
5197
5198
5198
5198
5198
5198
5198
5193
5193
5193
5193
5193
5193
5193
5193
5193
5193
5193
5193
5193
5193
5193
5193
5198
5197
5197
5197
5197
5198
5198
5198
5198
5198
5198
5197
5197
5197
5197
5196
5196
5197
5197
5197
5197
5197
5196
5196
5196
5196
5196
5196
5196
5196
5196
5196
5196
5196
5196
5196
5196
5196
5196
5197
5197
5198
5198
5198
5198
5198
5198
5198
5198
5198
5198
5198
5198
5198
5198
5198
5198
5198
5198
5197
5197
5197
5198
5198
5198
5198
5198
5198
5198
5198
5197
5197
5197
5197
5197
5197
5197
5197
5198
5198
5198
5198
5193
5193
5193
5192
5192
5192
5193
5193
5193
5193
5193
5193
5193
5193
5193
5198
5198
5198
5198
5198
5198
5198
5198
5198
5197
5197
5192
5192
5192
5193
5193
5193
5192
5192
5192
5192
5192
5192
5192
5192
5192
5192
5192
5192
5192
5192
5192
5192
5192
5191
5191
5191
5191
5191
5191
5191
5191
5191
5191
5191
5191
5191
5191
5191
5191
5191
5191
5191
5191
5191
5191
5196
5196
5196
5196
5191
5191
5191
5191
5191
5191
5191
5191
5191
5191
5191
5191
5191
5191
5191
5191
5191
5191
5191
5191
5191
5191
5192
5192
5192
5192
5192
5192
5192
5192
5191
5191
5192
5192
5192
5192
5192
5192
5192
5192
5192
5192
5192
5192
5192
5192
5192
5192
5197
5197
5197
5197
5197
5197
5197
5197
5197
5197
5197
5197
5192
5192
5192
5192
5192
5192
5192
5192
5192
5192
5192
5192
5193
5193
5193
5193
5193
5193
5192
5192
5192
5192
5192
5193
5193
5193
5193
5193
5193
5193
5193
5193
5193
5193
5192
5192
5191
5191
5191
5191
5191
5191
5192
5192
5192
5192
5192
5192
5192
5191
5191
5191
5191
5191
5191
5191
5191
5191
5191
5191
5191
5191
5192
5192
5192
5192
5192
5192
5192
5197
5197
5197
5197
5197
5192
5192
5192
5192
5192
5192
5192
5192
5192
5192
5192
5192
5192
5192
5197
5197
5197
5197
5197
5197
5197
5197
5197
5192
5192
5192
5192
5192
5192
5192
5192
5192
5192
5192
5192
5192
5192
5192
5192
5192
5192
5192
5192
5192
5192
5192
5192
5192
5192
5193
5193
5193
5192
5192
5191
5191
5192
5192
5192
5192
5192
5193
5193
5198
5198
5198
5198
5197
5197
5196
5196
5196
5196
5191
5191
5191
5191
5192
5192
5192
5192
5192
5197
5197
5197
5197
5197
5197
5197
5197
5197
5197
5197
5197
5197
5197
5197
5197
5197
5197
5197
5197
5197
5197
5197
5197
5198
5198
5198
5198
5198
5198
5198
5198
5198
5198
5198
5198
5198
5198
5198
5198
5193
5193
5193
5193
5193
5193
5198
5198
5198
5198
5198
5198
5197
5197
5197
5197
5197
5197
5197
5197
5197
5197
5197
5197
5197
5197
5198
5198
5198
5198
5198
5198
5198
5197
5197
5197
5197
5197
5197
5197
5197
5197
5197
5197
5197
5197
5192
5192
5192
5192
5192
5193
5193
5193
5193
5193
5193
5193
5193
5193
5198
5198
5198
5198
5197
5198
5197
5197
5197
5197
5197
5197
5198
5198
5198
5197
5197
5197
5197
5198
5198
5198
5198
5198
5198
5198
5198
5198
5197
5197
5197
5197
5197
5197
5197
5197
5197
5197
5197
5197
5197
5197
5197
5197
5197
5197
5197
5197
5197
5197
5197
5197
5197
5197
5197
5197
5197
5197
5197
5198
5193
5193
5193
5193
5193
5193
5193
5193
5193
5192
5192
5191
5191
5192
5191
5191
5192
5192
5192
5192
5192
5192
5192
5192
5192
5192
5192
5193
5193
5193
5193
5193
5193
5193
5193
5193
5193
5193
5193
5198
5198
5198
5198
5198
5198
5197
5197
5197
5197
5197
5197
5197
5196
5196
5196
5197
5197
5197
5197
5197
5196
5196
5196
5196
5196
5196
5196
5196
5196
5197
5197
5197
5197
5197
5197
5197
5197
5197
5197
5197
5197
5197
5197
5197
5197
5197
5197
5197
5197
5197
5197
5197
5197
5197
5197
5197
5197
5197
5197
5197
5197
5197
5197
5198
5198
5198
5198
5198
5198
5198
5198
5198
5198
5198
5198
5198
5198
5198
5198
5198
5198
5197
5197
5197
5197
5197
5197
5197
5197
5197
5197
5197
5197
5197
5197
5197
5196
5196
5196
5196
5197
5197
5197
5197
5197
5197
5197
5196
5196
5196
5196
5196
5197
5197
5197
5197
5197
5197
5197
5197
5197
5197
5197
5197
5197
5197
5197
5197
5197
5197
5197
5197
5197
5197
5198
5198
5198
5198
5198
5198
5198
5198
5197
5197
5197
5196
5196
5196
5196
5196
5196
5196
5197
5197
5197
5197
5197
5197
5197
5197
5197
5197
5197
5197
5197
5197
5197
5197
5197
5197
5197
5197
5197
5197
5197
5197
5197
5197
5197
5197
5197
5197
5197
5197
5197
5197
5197
5197
5197
5197
5197
5196
5197
5197
5197
5197
5197
5197
5197
5197
5197
5197
5196
5196
5196
5196
5196
5196
5197
5192
5193
5193
5193
5193
5193
5193
5193
5193
5193
5193
5193
5193
5193
5193
5193
5193
5193
5193
5193
5193
5193
5192
5192
5192
5192
5192
5192
5192
5192
5192
5192
5192
5192
5192
5192
5197
5197
5197
5197
5197
5197
5197
5198
5198
5198
5198
5198
5198
5198
5198
5198
5197
5197
5196
5196
5196
5196
5196
5196
5196
5196
5196
5196
5196
5196
5196
5197
5197
5197
5198
5198
5198
5198
5198
5198
5198
5198
5198
5193
5193
5193
5198
5198
5198
5198
5198
5198
5198
5197
5197
5197
5197
5197
5197
5197
5198
5198
5197
5197
5197
5197
5197
5197
5197
5197
5197
5197
5196
5196
5196
5196
5196
5196
5196
5196
5196
5196
5196
5196
5196
5196
5196
5196
5196
5196
5197
5197
5197
5197
5197
5197
5197
5197
5197
5198
5198
5198
5198
5198
5198
5198
5198
5197
5197
5197
5197
5197
5197
5197
5197
5197
5197
5197
5197
5197
5197
5197
5197
5197
5197
5197
5198
5198
5198
5197
5197
5197
5197
5196
5196
5196
5196
5196
5196
5197
5197
5197
5197
5197
5197
5197
5197
5198
5198
5198
5198
5198
5197
5197
5197
5197
5197
5198
5198
5198
5198
5198
5198
5198
5198
5198
5198
5198
5198
5198
5197
5197
5197
5197
5197
5197
5197
5197
5197
5197
5198
5198
5198
5198
5198
5198
5198
5198
5198
5198
5198
5198
5198
5198
5198
5198
5198
5198
5198
5197
5197
5197
5197
5197
5197
5197
5197
5197
5197
5197
5198
5198
5198
5198
5198
5197
5197
5197
5197
5197
5197
5197
5197
5197
5197
5197
5197
5197
5197
5197
5197
5197
5197
5197
5197
5198
5197
5197
5197
5197
5198
5198
5197
5197
5196
5197
5197
5197
5197
5197
5197
5197
5197
5197
5197
5197
5192
5192
5191
5191
5191
5191
5192
5192
5192
5192
5192
5192
5191
5191
5191
5191
5191
5191
5191
5191
5191
5191
5191
5191
5191
5192
5192
5197
5197
5198
5198
5198
5198
5198
5198
5198
5198
5198
5198
5198
5198
5198
5198
5198
5198
5198
5198
5198
5198
5198
5198
5198
5198
5198
5198
5198
5198
5198
5198
5198
5198
5198
5198
5198
5198
5198
5198
5198
5198
5198
5198
5198
5197
5197
5197
5197
5197
5197
5197
5197
5196
5196
5196
5196
5196
5196
5196
5196
5196
5196
5196
5196
5196
5197
5197
5197
5197
5197
5197
5197
5197
5197
5197
5198
5198
5198
5198
5198
5198
5198
5198
5198
5198
5198
5198
5198
5198
5198
5198
5198
5197
5197
5197
5198
5198
5198
5198
5198
5198
5198
5198
5198
5198
5198
5198
5198
5198
5198
5198
5198
5198
5198
5198
5198
5198
5198
5198
5198
5198
5198
5198
5198
5197
5197
5197
5197
5197
5197
5197
5197
5197
5197
5197
5197
5197
5197
5197
5197
5197
5197
5196
5197
5197
5197
5197
5196
5196
5196
5196
5196
5196
5196
5196
5196
5196
5196
5197
5197
5197
5197
5197
5197
5197
5197
5197
5197
5197
5197
5197
5197
5197
5197
5197
5197
5197
5197
5197
5197
5197
5197
5197
5197
5197
5197
5197
5197
5197
5197
5197
5197
5197
5197
5197
5197
5197
5197
5197
5197
5196
5197
5197
5197
5197
5197
5197
5197
5197
5197
5197
5197
5198
5198
5198
5198
5198
5198
5198
5198
5198
5198
5198
5198
5198
5198
5198
5198
5198
5198
5198
5198
5198
5198
5198
5198
5198
5198
5198
5198
5197
5197
5196
5196
5196
5196
5197
5197
5196
5196
5196
5197
5197
5197
5198
5198
5198
5198
5198
5198
5198
5198
5198
5198
5198
5198
5197
5197
5197
5197
5197
5197
5197
5197
5197
5197
5197
5197
5198
5198
5198
5198
5198
5198
5198
5198
5198
5198
5198
5198
5198
5198
5198
5198
5198
5197
5197
5197
5197
5197
5197
5197
5197
5197
5197
5197
5197
5197
5197
5197
5197
5197
5197
5197
5197
5197
5197
5197
5197
5197
5197
5197
5197
5197
5197
5197
5197
5197
5197
5197
5197
5197
5197
5197
5197
5197
5197
5197
5197
5197
5197
5197
5197
5197
5197
5197
5197
5197
5197
5197
5197
5197
5197
5197
5197
5197
5197
5197
5197
5197
5197
5197
5197
5197
5197
5197
5197
5198
5198
5198
5198
5198
5198
5198
5198
5198
5198
5198
5198
5198
5197
5197
5197
5198
5198
5198
5198
5197
5198
5198
5198
5198
5198
5198
5198
5198
5198
5198
5198
5198
5198
5198
5198
5198
5198
5198
5198
5198
5198
5198
5198
5198
5198
5198
5198
5198
5198
5198
5198
5198
5198
5198
5198
5198
5198
5197
5197
5197
5197
5196
5197
5197
5197
5197
5197
5197
5197
5196
5196
5197
5197
5197
5197
5197
5197
5197
5197
5197
5197
5197
5197
5197
5197
5197
5197
5198
5198
5198
5198
5198
5198
5198
5198
5198
5198
5198
5198
5198
5198
5198
5198
5198
5198
5198
5198
5198
5198
5198
5197
5197
5197
5197
5197
5197
5197
5197
5197
5197
5197
5197
5197
5197
5197
5197
5197
5197
5197
5197
5197
5197
5198
5198
5198
5198
5198
5198
5198
5198
5198
5198
5198
5198
5198
5198
5198
5198
5198
5198
5198
5198
5198
5198
5198
5198
5198
5198
5198
5198
5198
5198
5198
5198
5198
5198
5198
5198
5198
5198
5198
5198
5198
5198
5198
5198
5198
5198
5198
5198
5198
5198
5198
5198
5198
5198
5198
5198
5198
5198
5198
5198
5197
5197
5197
5197
5197
5197
5197
5197
5197
5197
5197
5197
5197
5197
5197
5197
5197
5197
5196
5196
5196
5196
5196
5196
5196
5196
5196
5196
5196
5196
5196
5196
5196
5197
5197
5197
5197
5197
5197
5197
5197
5197
5197
5197
5197
5197
5197
5197
5197
5197
5197
5197
5197
5197
5197
5197
5198
5198
5197
5197
5197
5197
5197
5197
5198
5197
5197
5197
5197
5197
5197
5197
5197
5197
5197
5197
5197
5197
5197
5197
5198
5198
5198
5198
5198
5198
5198
5197
5197
5197
5197
5197
5197
5197
5197
5197
5197
5197
5197
5197
5197
5197
5197
5197
5197
5197
5197
5197
5197
5197
5197
5197
5197
5197
5196
5196
5196
5196
5196
5196
5196
5196
5197
5198
5198
5198
5198
5198
5198
5198
5198
5198
5198
5198
5198
5198
5198
5198
5198
5198
5198
5198
5198
5198
5198
5198
5198
5198
5197
5197
5197
5197
5197
5197
5197
5197
5197
5197
5197
5197
5197
5197
5197
5197
5198
5198
5198
5198
5198
5198
5198
5198
5198
5198
5198
5198
5198
5198
5198
5198
5198
5198
5198
5198
5198
5198
5198
5198
5198
5198
5198
5198
5198
5198
5198
5198
5198
5198
5198
5198
5198
5198
5198
5198
5198
5198
5198
5198
5198
5198
5198
5198
5198
5198
5198
5198
5198
5198
5198
5198
5198
5198
5198
5198
5198
5198
5198
5198
5198
5198
5198
5198
5198
5198
5198
5198
5198
5198
5198
5198
5198
5198
5198
5198
5198
5198
5198
5198
5198
5198
5198
5198
5198
5198
5198
5198
5198
5198
5198
5197
5197
5197
5197
5198
5198
5198
5198
5198
5198
5198
5198
5198
5198
5198
5198
5198
5198
5198
5197
5197
5197
5197
5197
5197
5197
5197
5197
5197
5197
5197
5198
5198
5198
5198
5198
5198
5198
5198
5198
5198
5198
5198
5198
5198
5198
5198
5198
5198
5198
5198
5198
5198
5197
5196
5196
5196
5196
5196
5196
5197
5197
5197
5197
5197
5197
5197
5197
5197
5197
5197
5197
5197
5197
5197
5197
5197
5197
5197
5197
5197
5197
5197
5197
5197
5197
5198
5198
5197
5197
5197
5197
5197
5197
5197
5197
5197
5197
5197
5197
5197
5197
5197
5197
5197
5197
5198
5198
5198
5198
5198
5198
5198
5198
5198
5198
5198
5198
5198
5198
5198
5197
5197
5197
5197
5197
5197
5197
5197
5197
5197
5197
5197
5197
5197
5197
5197
5197
5197
5197
5197
5197
5197
5197
5197
5197
5197
5197
5197
5197
5197
5197
5197
5197
5197
5197
5197
5198
5198
5198
5198
5198
5198
5198
5198
5198
5198
5198
5198
5198
5198
5198
5198
5198
5198
5198
5198
5198
5198
5198
5198
5198
5198
5198
5198
5198
5198
5198
5198
5198
5198
5198
5198
5198
5198
5198
5198
5198
5198
5198
5198
5198
5198
5198
5198
5198
5198
5198
5198
5198
5198
5198
5198
5198
5198
5198
5198
5198
5198
5198
5198
5198
5198
5198
5198
5198
5198
5198
5198
5198
5198
5198
5198
5198
5198
5198
5198
5198
5198
5198
5198
5198
5198
5198
5198
5198
5198
5198
5198
5198
5198
5198
5198
5198
5198
5198
5198
5198
5198
5198
5198
5198
5198
5198
5198
5198
5198
5198
5198
5198
5198
5198
5198
5198
5198
5198
5198
5198
5198
5198
5198
5198
5198
5198
5198
5198
5198
5198
5198
5198
5198
5198
5198
5198
5198
5198
5198
5198
5198
5198
5198
5198
5198
5198
5198
5198
5198
5198
5198
5198
5198
5198
5198
5198
5198
5198
5198
5198
5198
5198
5198
5198
5198
5198
5198
5198
5198
5198
5198
5198
5197
5197
5197
5197
5197
5197
5197
5197
5197
5197
5197
5197
5197
5197
5197
5197
5197
5197
5197
5197
5197
5197
5197
5197
5197
5197
5197
5197
5197
5197
5197
5197
5197
5197
5197
5197
5197
5197
5198
5198
5198
5198
5198
5198
5198
5198
5198
5198
5198
5198
5198
5198
5198
5198
5198
5198
5198
5198
5198
5198
5198
5198
5198
5198
5198
5198
5198
5198
5198
5198
5197
5197
5197
5197
5197
5197
5197
5197
5197
5197
5197
5197
5197
5197
5197
5197
5198
5198
5198
5198
5198
5198
5198
5198
5198
5198
5198
5198
5198
5198
5198
5198
5198
5198
5198
5198
5198
5198
5198
5198
5198
5198
5198
5198
5198
5198
5198
5198
5198
5198
5198
5198
5198
5198
5198
5198
5198
5198
5198
5198
5198
5198
5198
5198
5198
5198
5197
5197
5197
5197
5197
5197
5196
5196
5196
5196
5197
5197
5197
5197
5198
5198
5198
5198
5198
5198
5198
5198
5198
5198
5198
5198
5198
5198
5198
5198
5198
5198
5198
5198
5198
5198
5198
5198
5198
5198
5198
5198
5198
5198
5198
5198
5198
5198
5198
5198
5198
5198
5198
5198
5198
5198
5198
5198
5198
5198
5198
5198
5198
5198
5198
5198
5198
5198
5198
5198
5198
5198
5198
5198
5198
5198
5198
5198
5198
5198
5198
5198
5198
5198
5198
5198
5198
5198
5198
5198
5198
5197
5197
5197
5197
5197
5197
5197
5197
5197
5197
5197
5197
5197
5197
5197
5197
5197
5197
5197
5197
5197
5197
5197
5197
5197
5197
5197
5197
5197
5197
5197
5197
5197
5197
5197
5197
5197
5197
5197
5197
5197
5197
5197
5197
5197
5197
5197
5198
5198
5198
5198
5198
5198
5198
5198
5198
5198
5198
5198
5198
5198
5198
5198
5198
5198
5198
5198
5198
5198
5198
5198
5198
5198
5198
5198
5198
5198
5198
5198
5198
5198
5198
5198
5198
5198
5198
5198
5198
5198
5198
5198
5198
5198
5198
5198
5198
5198
5198
5198
5198
5198
5198
5198
5198
5198
5198
5198
5198
5198
5198
5198
5198
5198
5198
5198
5198
5198
5198
5198
5198
5198
5198
5198
5198
5198
5198
5198
5198
5198
5198
5198
5198
5198
5198
5198
5198
5198
5198
5198
5198
5198
5198
5198
5198
5198
5198
5198
5198
5198
5198
5198
5198
5198
5198
5198
5198
5198
5198
5198
5198
5198
5198
5198
5198
5198
5198
5198
5198
5198
5198
5198
5198
5198
5198
5198
5198
5198
5198
5198
5198
5198
5198
5198
5198
5198
5198
5198
5198
5198
5198
5198
5198
5198
5198
5198
5198
5198
5198
5198
5198
5198
5198
5198
5198
5198
5198
5198
5198
5198
5198
5198
5198
5198
5198
5198
5198
5198
5198
5198
5198
5198
5198
5198
5198
5198
5198
5198
5198
5198
5198
5198
5198
5198
5198
5198
5198
5198
5198
5198
5198
5198
5198
5198
5198
5198
5198
5198
5198
5198
5198
5198
5198
5198
5198
5198
5198
5198
5198
5198
5198
5198
5198
5198
5198
5198
5198
5198
5198
5198
5198
5198
5198
5198
5198
5198
5198
5198
5198
5198
5198
5198
5198
5198
5198
5198
5198
5198
5198
5198
5198
5198
5198
5198
5198
5198
5198
5198
5198
5198
5198
5198
5198
5198
5198
5198
5198
5198
5198
5198
5198
5198
5198
5198
5198
5198
5198
5198
5198
5198
5198
5198
5198
5198
5198
5198
5198
5198
5198
5198
5198
5198
5198
5198
5198
5198
5198
5198
5198
5198
5198
5198
5198
5198
5198
5198
5198
5198
5198
5198
5198
5198
5198
5198
5198
5198
5198
5198
5198
5198
5198
5198
5198
5198
5198
5198
5198
5198
5198
5198
5198
5198
5198
5198
5198
5198
5198
5198
