4275
3920
3921
4276
3593
3201
3593
3201
3656
3895
4578
4246
4146
3655
3373
3389
3773
4055
4387
4029
4680
4780
4396
4887
5279
4924
5373
4964
5319
4864
4373
4757
4106
3867
4358
4408
4408
4766
5417
5025
5025
4374
4114
3623
3862
3811
4302
4252
3569
3237
3497
4148
3793
4248
4298
4282
3827
3827
3777
3793
3554
3063
3472
3372
3356
2998
2997
3236
3287
2636
2397
2755
2495
2444
2899
3291
3009
3660
3942
3993
3942
3943
4298
3906
3451
2889
2531
2582
3073
3431
3047
3439
3438
3438
3488
3438
4000
4683
4401
4501
4551
4196
4145
3494
3394
3654
4109
4160
4811
5143
5527
5527
5036
4704
4943
4534
4150
3701
3650
4059
4059
4391
3982
3331
3347
3087
3578
3987
4087
4087
4087
4442
4826
4371
4372
4654
4554
4605
4705
4143
3759
3427
3145
3796
3557
3839
3484
3744
3335
3075
3637
3586
3194
3178
3562
2911
3320
3270
3170
3170
3821
3821
3437
3829
4089
4473
4472
4190
4241
3883
3983
3421
3870
3819
4151
4509
4510
4410
4972
4988
4497
3814
4053
4408
4459
4950
4934
4934
4576
4184
3693
3244
3693
4085
4034
3642
3403
3642
3310
3309
3992
3543
3283
3641
3691
4083
4343
4792
4892
4893
4892
4653
5108
5440
4991
5007
5498
5947
5847
5438
4876
4225
3542
4193
4143
4425
4070
3615
3615
3257
3666
3015
2566
2666
2274
2632
2682
3333
3782
3500
4183
4465
4465
4820
4871
5433
5672
5288
5238
5138
5530
5039
4477
4968
4519
4110
4111
4566
4550
4311
4029
4438
4106
3615
4177
3917
3462
3744
4128
4577
3894
3944
3382
3837
4399
5082
5081
5031
5270
4878
4878
4195
3840
4100
3861
3452
3861
3477
4160
4544
3982
4544
4936
4487
4978
4620
4975
4484
4842
5081
5082
5531
5480
5071
4811
4419
4811
4572
4123
4532
4532
4981
4980
4588
4588
4026
4126
3443
3161
3443
3934
3985
3494
2843
3175
3737
3787
4047
4047
3663
4154
3822
3467
3822
3331
3715
3615
4266
4266
3615
3631
3182
3182
3514
2952
3191
3682
3327
3088
2806
3161
3844
3828
3778
4017
4018
3758
3774
3390
2707
3390
4041
3990
3635
3686
3946
3930
4492
4847
4897
4897
4335
4897
4406
4355
3900
4182
3827
3567
3566
4021
3338
3787
4047
3715
4099
3817
3833
4516
4871
4309
4259
4651
4293
4277
4327
3918
4276
4292
3837
3598
3243
3598
3338
3598
3698
3598
4089
3705
3256
3206
3306
2655
2706
3357
3358
2966
2966
3528
2966
2706
2055
1372
1632
2016
2348
2757
2657
3049
2717
2999
2644
2644
2644
2252
2935
2444
2776
3225
3325
3564
3513
3155
3806
4164
3832
4323
4041
4092
4092
3409
3000
2551
3000
2900
2884
3446
3446
3445
2794
2436
2718
2719
3128
3779
4462
4461
4461
4012
3628
3389
3747
3797
3797
4129
4130
3639
4031
3749
3749
3340
3340
3339
3339
2777
3132
3516
3158
3567
3517
3799
3799
3407
3898
4137
4153
4253
4237
4238
4254
3922
3271
3663
3279
2997
2605
2937
2446
2937
2582
2582
2531
2292
2192
2191
2291
2031
2031
2486
2386
2370
2370
2370
2819
2364
2646
1963
2347
2363
2925
3576
3192
3292
3684
3193
3876
4367
4822
4413
4413
4397
4065
3673
3182
3082
3414
3514
3565
2914
3174
2892
2632
3024
2575
3024
3040
3279
3539
3147
3531
3940
4295
4296
4296
3734
4126
4126
3887
3555
3554
3604
3886
4218
4167
4218
4168
4152
4202
4560
4510
5001
5051
4719
4361
4101
4051
4383
3934
3443
3682
3443
3801
3443
3088
2704
2372
2372
2632
2581
2939
2989
2989
3228
3228
3228
2989
3321
3321
3271
3655
3655
4306
4755
4756
4105
4005
3613
3204
2872
2488
2488
2727
2445
2461
2012
2574
1891
1890
2222
2577
2677
2319
2219
2269
2661
2401
3084
3468
3568
2885
3334
3616
3377
3361
3261
3619
3287
3387
3626
3242
3243
2885
3217
3217
3477
3122
3122
3022
2972
2972
3655
3755
3193
2801
3193
3244
3653
4144
3461
3201
3101
2769
2819
3502
3502
3886
3395
3727
3488
3748
3848
4339
3848
4087
4649
5007
4598
4036
4445
4113
3664
3564
3919
3868
3510
3155
3604
3365
3105
3121
3071
2616
2615
3070
3121
3476
3576
4138
4629
4868
4629
4347
3963
3401
3401
2952
2901
2902
2902
2802
3251
3351
3251
3511
3611
3662
3207
3662
3994
3639
3878
3486
4048
3557
3318
2909
2577
2627
2866
2865
2866
3258
3207
2645
2196
2195
2846
3337
3746
3291
3623
3623
3624
3385
3743
3411
3151
3151
3150
3100
3549
3933
3541
3591
3983
4243
3859
3859
3467
4029
3671
3621
3621
3521
3572
3956
4288
4743
5101
5101
5151
5390
5745
5390
5490
5439
5490
5491
5000
4984
4422
3771
4163
4163
4518
4186
3794
4445
4837
4853
5344
4895
5344
5906
5667
5651
5650
5599
5499
5499
5599
5108
5109
5109
4725
4964
4980
4525
4980
4525
4475
4459
4950
4501
4146
4146
3737
3379
3140
3191
3207
3539
3048
3497
3906
4145
3736
3053
3335
3744
4199
3750
3750
4134
3874
3924
3873
4133
4083
4083
3983
4474
4829
4813
5496
5496
5496
5112
4621
5112
5112
4830
4179
3688
3739
4123
3884
3624
3906
3514
3614
3563
3108
3107
3758
3196
3758
4213
4229
4720
4158
4418
4063
3608
3658
3167
3218
3219
3574
3314
2959
3521
3137
3376
3768
3436
3891
3208
3157
3840
3839
4099
4590
5039
4779
4217
4572
4904
4665
4216
3533
3772
3317
3675
3343
3792
3692
4147
3698
3698
3459
3177
2722
2773
3157
3489
3473
2822
2331
2591
2592
3083
2592
3047
2689
2928
2689
3047
2638
2306
1922
2306
2715
2714
3276
2918
2868
3359
3004
2442
2458
2558
2890
3245
3245
3603
3653
3553
4236
3852
4091
3699
3439
3389
3390
3650
4099
4661
4329
4328
3837
3428
3377
3022
3073
3074
2814
3305
3565
3615
3355
3764
4415
4515
4870
4854
5186
4624
5016
4777
4777
4368
4367
4929
4480
4929
4945
4945
4945
4929
4945
4945
4929
4474
4929
4929
4474
4142
3651
3911
4295
4627
4628
5119
4735
4974
4714
4031
3582
3842
3841
3841
4225
4908
5363
5812
5363
5031
4931
4932
4540
4540
4489
4034
3679
3730
4122
3764
3273
3272
2888
3220
3675
3675
4059
4059
3376
3325
3275
3375
3733
3733
3783
3683
3633
3988
3533
3982
4437
4537
4088
4088
4579
4579
4224
4579
4630
4298
4314
4054
4055
4055
4105
3650
3411
3860
4120
4069
3711
3661
4019
4070
3686
3294
3749
4031
3676
3416
3655
3004
2555
2455
2904
2903
2903
2621
2903
2903
2904
2904
3259
3020
3352
2997
3648
3648
3908
3857
3295
3295
3345
3295
2840
2824
2466
2516
2234
2643
2743
2643
3035
3274
3729
3780
4138
4138
3647
3663
3271
3954
3953
3714
4098
4082
4083
4033
3649
3598
3698
3698
3289
3289
3644
4036
3681
4243
4627
4269
4269
4269
4760
4269
4268
4318
3934
4318
3926
4281
4281
4673
4224
3662
3662
3901
4310
4311
4669
4720
4362
4362
3953
3902
3251
3250
3659
3660
3610
3278
2886
3244
3244
3636
3227
3789
3840
3840
3840
3839
3600
4009
3749
3749
4031
3647
3647
3255
3255
3746
3747
3647
3646
3978
4427
4811
4861
4178
4417
5068
5751
5751
5851
5612
5254
5612
5562
5178
5178
4723
4274
3942
4326
4275
4514
4564
4564
4002
4003
4002
4564
4325
4326
4226
3575
3907
3907
3907
4007
4007
4007
4267
4722
4440
4440
4340
4440
4108
4159
4059
4009
4025
4075
4407
4406
4645
5037
4645
4261
4710
4710
4710
4148
4148
3699
4083
3674
2991
3400
2991
3674
3674
3624
3906
3223
3172
3734
4143
4794
4462
4854
5303
4911
4911
4672
4390
4130
4462
4513
3951
4211
3951
3951
4233
3901
4161
4161
3806
4368
4108
4108
4092
3683
3699
4108
4440
3878
3827
4066
4458
4558
4558
4913
4529
4529
4080
3688
3279
3841
4250
3895
3440
3440
3700
3049
3049
2810
2810
2860
3215
2955
2464
2703
2371
2089
2140
2040
2723
2707
2349
1994
1994
1944
2435
2384
2435
2790
3050
3382
3774
4132
3570
3570
3570
4019
4581
3898
3449
4100
4100
3708
3376
3376
3377
2815
3264
2909
3592
3692
4024
4023
3763
3763
3763
4023
3784
4023
4023
4023
4305
4321
4270
3938
4330
4048
4503
4012
4013
4575
4625
4216
3767
3767
4099
4483
4932
4932
4370
3986
3986
4477
4217
4167
4166
4728
4779
4779
5163
5445
5345
5445
5495
5495
5004
5264
5755
5755
5397
5137
5121
5479
5147
5502
5451
5452
5452
5068
5119
4468
5119
5503
5503
5912
5928
6260
5851
5519
5135
5467
5466
5366
5011
5012
5396
4713
4474
4458
4474
4458
4813
4429
4813
4458
4176
3792
4031
4291
4675
4184
4867
4412
4028
4310
3861
4245
4006
4245
4006
4005
3354
3094
3543
3261
3670
3670
3686
4337
4597
4952
4390
4952
4543
4998
4999
4316
3984
4667
4667
4999
4999
5408
4999
4998
4998
5489
5034
4774
4416
4366
3683
3328
2944
3353
2961
3416
3416
3416
2765
3416
2854
3093
2761
2762
2762
2762
3146
3145
3537
4220
3771
3771
3387
3336
3596
3980
4031
4031
3540
3156
2917
3272
3834
3884
3868
4150
4508
4747
4847
4285
4234
4235
4234
4285
4234
4250
4011
4062
3962
3912
3261
3823
3414
3059
2376
2094
2503
2742
3074
2835
2426
3077
3077
3077
3432
3040
3041
2686
3177
3176
2916
3198
3590
4039
4139
4123
4173
4856
5265
4703
4703
4254
3845
4084
3726
4288
4697
4046
3363
3379
3639
3589
3944
3589
3590
3308
2746
2746
3195
3846
4128
3679
3028
2928
2689
3340
3789
3789
4147
4830
4179
3730
3830
3421
3139
2684
2292
2531
2581
2965
2949
2948
3230
3685
3685
4134
3679
3579
3579
3579
3595
3595
3695
3645
3261
3161
3570
3288
2930
3030
3681
3272
3033
3488
3770
3279
3841
4233
4591
5000
5001
5000
4740
4640
3957
4217
3859
3450
3450
3190
3190
3574
3624
3625
3624
3342
3326
3586
4077
3817
3817
4175
4584
4175
4176
3685
4368
4368
4317
4808
5047
4689
4357
4408
4358
4374
4358
4767
4116
4065
3503
3012
3028
3519
2836
2820
2820
2820
3102
3102
2710
3102
2820
3382
3664
3382
3381
4064
3672
3932
4324
4324
3940
4222
4222
4873
4873
4923
4684
4735
4084
4735
4244
4483
4074
4458
4176
4176
3727
4085
3825
3774
3212
2973
3535
3080
2722
2071
1388
1670
2079
2570
2621
2637
2228
1946
2301
2583
2301
2301
2952
2901
2509
2493
2493
2825
2441
2850
2518
2902
3357
2973
3422
2771
2771
3010
3010
3693
4025
4026
3464
3464
4115
3660
3660
3660
3421
3681
4065
4065
3382
3621
3637
3737
3637
3637
3282
3281
3332
2841
3196
3196
3879
3863
3813
3481
2830
3481
3430
3921
4203
3754
4203
4203
4561
5123
4674
5006
5006
4323
4423
4068
4068
4069
4120
4069
4424
4092
3530
3922
4377
4117
4017
3562
3153
2769
2769
2869
3278
3039
3038
3370
3819
3869
3769
3769
3360
3411
4094
4503
4503
4763
4408
4647
3996
3996
4558
4200
4200
3808
4200
4584
4942
4943
4260
3811
4260
3928
4383
3892
3632
3632
3350
3350
2895
2911
3011
3466
3450
3400
3732
4383
4643
4259
3901
3509
3509
3559
4242
3793
4185
4184
4134
3572
3622
3623
4007
4007
4362
4312
3903
4312
4670
4952
4692
5183
5443
5059
4376
3984
4667
4616
5178
5627
5178
5229
5245
5245
4913
5305
4913
5245
4562
4207
4107
3825
3416
3365
3757
4166
3927
3978
3977
3585
3635
3180
2618
2602
2602
3164
2806
2755
3113
3497
3497
3497
3165
2603
2603
2245
2345
2584
2916
2507
2899
3257
2873
2889
3298
3682
3422
3372
3356
2947
2615
1964
2419
2319
2768
3100
3662
3278
3633
3633
3649
3749
3799
3749
3510
4161
4162
3830
4239
4239
3784
3222
3221
3221
3481
3531
3271
2822
3154
3104
3488
3133
3488
3538
4100
3768
4007
3598
3880
3880
4335
3844
3845
3194
3245
3928
4337
3882
3882
4533
4482
4432
4023
4023
3665
3665
4023
4478
4478
4196
3804
4064
3680
4012
4503
3941
4390
4374
4373
4018
4373
4782
4782
4782
4798
4559
4841
4741
4980
4741
4386
3735
3974
3974
4329
3997
3758
3808
3353
3737
3054
3105
3054
3154
3486
4048
4731
4376
4615
4615
4615
5266
5658
5398
5159
4827
4469
4369
4608
4558
4542
4592
4924
4532
4924
5024
5382
4998
4898
4407
4458
4949
5333
4884
5239
5339
5355
5304
5304
5304
5065
5049
4366
4316
3924
4373
4424
4040
4040
4040
4495
4495
4887
4236
4236
4236
4919
5158
4766
4275
4276
3821
3539
3799
3849
3610
3559
3841
3158
2803
2703
2754
2754
2703
2803
2241
2240
2241
2191
2682
3365
3265
3720
3771
3770
3820
3820
3137
3788
3804
3804
3804
4159
3508
3059
3059
3443
4005
3954
4637
4637
4253
3762
4001
4001
4652
4320
4811
4356
4748
4698
4015
4015
4115
3760
3811
4494
4443
4161
4161
4516
4517
4849
4491
4946
4946
4997
5279
4824
5208
5208
4824
4542
4997
4737
5186
5446
5445
5429
4867
4767
5049
5065
5165
5165
5065
5627
5627
5727
5044
4482
5165
5065
4826
5210
4801
4469
4519
4758
5090
5039
5040
5140
4649
3998
4489
4489
4540
4156
4718
4479
4479
4429
4428
4429
4838
4787
4225
4876
4876
5438
5083
4432
4431
4149
3587
3487
3871
3416
3416
3467
3207
3207
3858
3474
3858
3466
3466
3466
3516
3616
4008
3357
3712
3612
3712
3712
3612
4174
3842
3458
3066
3066
3067
3067
2384
2333
2283
2543
2875
2384
2666
3050
3050
3541
3540
3932
3932
3441
4124
4174
3612
3330
2946
3228
2545
2929
2879
2880
3371
3039
3039
3494
3478
3494
3594
3185
3868
4277
4327
3935
3580
3580
3196
3196
3551
4113
3853
3904
3904
3449
3709
3709
3427
3811
3811
3810
3401
2952
2952
3361
3719
3703
3985
4636
4278
4279
3788
3404
3354
3254
3254
3703
4087
4326
4376
4325
3916
3467
3922
4413
4805
5254
4799
4798
4798
4349
4804
4313
4313
3858
3296
3296
3057
3506
3557
3557
3573
3557
3657
3557
3557
3558
3557
3506
3997
3997
4355
3704
3705
4267
4506
3944
3944
4353
4353
4453
4908
4808
4807
4547
4189
4547
4647
4979
5541
5541
5557
5318
5318
4963
4631
4222
4482
4483
4482
4466
5117
5168
5168
5117
5117
5449
5449
5000
5000
5409
4918
4636
5127
4444
4035
3473
3474
3019
3035
3390
3374
3829
4512
5074
4619
4264
4619
4858
4466
3783
3782
4191
4207
4191
4091
4774
4774
5056
5505
5505
5897
5913
5521
5505
5056
5511
4949
5511
5229
4578
4860
4860
4505
4245
4694
4285
4003
4054
4463
4131
4391
4392
4392
5043
4360
4360
4460
4460
4476
4758
4107
4790
4107
4439
3984
3652
3652
3552
3944
3662
3278
3633
3633
3915
3466
3915
4566
4516
4616
4207
4207
3645
3645
4328
4890
4328
4228
4228
4177
4586
4177
4277
3828
4283
4615
4223
4615
4615
4599
4108
4124
4108
3425
3916
4478
4478
4196
4196
4645
4645
4190
3741
3090
2528
2544
3227
2736
2736
2476
2885
2884
2884
2552
2884
2526
2526
2194
2643
2925
2686
2686
2404
2455
2737
3299
2737
2345
2395
2344
2799
2799
3183
3133
3784
3834
3183
3083
3645
4296
3734
3684
4016
4116
3465
3449
3841
3842
3742
4100
4339
3984
4000
3545
3545
3900
4391
3999
4099
4554
5116
5116
5116
5116
4732
4782
4782
4782
4781
4765
4203
4103
4103
4363
4747
4389
4489
4489
4134
4492
5143
4759
5151
4500
4240
4241
3909
4241
4241
4240
3848
3849
3440
2991
3553
3552
3552
3313
3263
3502
3857
4306
4957
4958
4676
4676
5085
5135
5151
5101
4652
4702
4602
4270
4552
4552
4270
4254
4253
4645
4905
4855
5304
5065
5116
5116
5500
5600
5500
5739
5839
5390
4739
5021
4459
4408
4857
5419
6070
5579
5630
5630
5630
4979
4697
4713
4662
5313
4864
4865
4605
4366
4011
3627
3677
4126
4408
3725
4408
3999
3899
4283
4383
4792
4343
4342
3933
4172
4581
4581
4581
4481
4465
4465
4465
4226
3575
3217
2833
3282
3333
3593
4244
3962
3962
3963
3963
3508
3999
3949
4281
3790
4029
4029
3580
3596
3187
3678
4036
4420
3769
3086
2728
3083
3133
2801
3133
3542
3492
3492
3476
2985
2985
3035
3317
3968
4068
4559
5014
5014
4682
5014
5697
5697
5647
5647
5697
6055
6071
5616
5356
5256
5205
5204
4642
4151
4642
4642
4151
4600
5055
4773
4757
4757
4707
5269
5269
5269
5760
6042
5803
5803
5394
5633
5893
5893
5611
5049
5331
5092
4734
5092
4700
4939
5501
5219
4980
4525
4076
4092
4484
3833
3833
3883
4122
4106
4555
3993
3638
4047
3689
3971
3987
3727
3395
3850
3901
3619
3620
3620
3620
2937
3620
3619
3568
3619
3569
3078
3640
3690
3690
3691
3791
3382
3282
3640
3740
3740
3740
3724
4215
3823
3374
3374
3323
3223
3222
3482
3891
3892
4174
4173
3490
3251
2991
3007
3008
2599
2583
2938
2937
3197
2813
2455
2839
3171
3172
3823
3773
3773
4222
3890
3608
3966
4298
3843
4082
4133
3873
3923
3432
3431
3447
3938
3376
2927
3209
2927
3027
3419
3868
3852
4535
4296
4246
4195
4604
5166
4834
4834
4834
4834
4834
4884
5216
4884
4529
4529
4768
5028
5383
4999
5383
5383
4934
4934
4674
4282
4298
3914
3915
3915
3865
3865
3374
3373
3373
3373
3424
3015
3015
2999
2999
3331
3332
3716
3716
3065
3514
3796
4447
4902
5311
5571
5116
5607
6062
6454
5999
5999
5999
5999
5641
5590
5948
5564
5564
5564
5206
4851
4569
4569
4177
4176
3767
3817
3134
3489
3847
4129
4129
3847
3847
3898
3848
3864
4256
3864
4248
4298
4198
4148
4148
3497
3889
3939
3940
3890
3889
3890
3399
4050
4541
4302
3740
3689
3334
3002
3002
3457
3508
3747
3747
3797
3439
3797
3797
4152
4714
4359
4001
3762
3378
2929
3211
3620
3720
4169
4069
4453
4453
4453
4453
4452
4807
4907
4523
5206
5156
5140
4880
4598
4837
4382
4714
4614
4874
5258
5308
4817
4462
4820
4820
4488
4488
4096
4096
4112
4212
3952
4344
4244
3835
4167
4167
3484
3433
3924
3924
3925
3925
4608
4250
3801
4159
3476
3831
3830
4112
4112
4096
4551
4551
4567
4667
4312
4761
4762
5445
5800
5800
5800
5750
5750
5099
5099
4416
4032
4032
4441
5092
5775
6035
6086
5847
5897
5846
5830
5570
5570
5470
5078
4623
4174
4558
4226
4618
4056
4388
4106
4106
3722
3721
3366
3008
3463
3463
3463
3912
4012
4012
4370
4652
4652
4703
4020
4280
4281
3949
3849
3589
3589
3589
3605
3114
3353
3353
3453
3453
3785
4468
5030
4979
4978
4978
4696
4696
4747
4731
4339
4694
4694
4239
4623
5015
5470
5061
5077
4977
4585
4201
3846
4238
4238
3906
4261
4210
3852
4236
4237
4337
4388
4338
4338
4338
4322
4813
4322
4813
4813
4429
4429
4074
3391
3723
3723
3072
3072
2680
3035
3295
3295
3679
4362
3978
4629
4578
4578
4987
5037
4777
4828
5186
5086
4847
5107
5207
5489
5728
5744
5644
5644
5195
4837
4346
4346
4295
3963
4412
3850
4412
4003
3352
3744
3694
4026
4126
3887
3887
3887
3887
3886
3937
3937
3582
3966
3404
3405
3405
4056
4056
3724
3723
3723
4081
3723
4081
4081
3626
4081
3723
3331
3331
3049
3049
3540
3524
3540
3779
4188
4137
3682
3233
3688
3688
3970
4021
4470
4015
3964
4319
4319
4881
4931
4931
4280
4735
4173
4505
4897
5548
5164
5164
5522
5506
5148
5048
4998
5048
4716
4716
4477
4028
4079
4079
4029
3978
4362
4102
3718
3957
3957
4057
3648
3664
3425
3783
4232
3777
4109
3827
3336
3386
3028
3079
3028
3028
3590
2939
2939
3178
3460
3460
3068
3452
3453
3353
3808
3125
3125
3075
3433
3151
3543
4226
4225
4225
3986
3986
3654
3914
3559
3175
3507
3557
2995
3234
2842
2582
2966
3617
3285
3776
3760
4042
3760
3760
4152
3760
3760
3305
3305
2947
2456
2848
2456
2507
2456
2716
3074
3483
3099
3661
3943
3944
3995
4379
4734
5225
4663
4254
4270
4254
4270
3619
3603
4165
4164
3925
3925
3570
3570
3670
4062
3802
4157
3666
3308
3324
3324
3563
4054
4003
4458
4442
4342
4751
4802
4818
4767
4818
4327
4685
4301
4952
4594
5085
5086
5186
5570
5215
5573
5522
5472
5088
4633
4633
4893
4893
4535
4535
4519
4877
4638
4638
4637
4537
4869
4885
4885
4885
5240
4908
4225
4325
3834
3885
3885
3476
3084
3033
3425
3426
3881
4265
4265
4597
3946
3930
3929
3929
3929
3829
3829
3474
3965
3981
4336
4386
4386
3931
4582
4582
4582
5037
5038
5038
5277
4885
4885
4646
4646
4630
4869
4511
4920
5603
5219
5218
5218
5602
5602
5552
5168
5168
4813
5168
5168
5184
5542
5051
5051
5102
5102
5103
4648
4648
4647
4408
4800
4468
4208
4308
3859
3808
3792
3792
4247
4248
4298
4298
4198
4198
4437
3875
3874
3516
3517
4008
3958
4058
4074
3835
3380
3640
4202
4657
4707
4425
4757
4996
4541
4491
4542
4442
4442
4826
4143
3751
4033
4482
4150
4149
3794
3794
3778
4110
3661
3099
2817
3266
2817
2817
3172
3621
3289
2798
2747
2747
3029
3030
2791
3030
3362
3080
3642
3642
3403
3071
3121
3576
3576
4067
3612
4067
3618
3618
3618
3127
3127
3127
2565
3127
3459
3127
3618
4067
4067
4083
4134
4492
4001
3617
3617
3617
3162
3112
3567
3849
3833
3833
3182
3131
3131
3130
3130
3130
3369
3370
3861
4544
4305
4305
4045
4377
4045
4096
3741
4392
4392
4391
4441
4833
4551
4790
4739
4330
4381
4381
4736
4996
4547
4996
4547
4192
3701
3983
4315
3632
3350
4033
4442
4392
4392
4393
4393
4393
3938
4393
4675
4775
4536
4586
4586
4177
4176
3916
3865
4314
4032
4033
4293
3901
3917
3968
3868
4252
4252
4352
4352
3968
3406
2723
2623
2623
3185
3676
3915
3676
3625
3676
4359
4099
4359
4359
4308
4308
4292
4292
4343
4083
4322
4083
4032
4032
4387
4387
4626
4625
4641
4402
3840
4079
4079
4361
4361
4361
4745
4745
4745
5005
5005
4556
4656
3973
3615
3231
3623
3674
4058
4059
4059
3667
3617
3617
3975
3324
3324
3975
4658
4167
3812
3812
4167
4658
4658
5220
4981
5373
5373
5015
5015
4755
4805
4523
4523
4423
3772
3380
3640
3998
3998
3947
4598
4649
4158
4108
4057
3699
3981
3597
3581
3581
3580
3580
3989
3989
4438
4438
4489
4980
4648
4648
4366
4106
3651
3933
3484
3433
3434
3434
3484
3816
3766
3411
3650
4034
4489
4844
4844
4844
4489
4749
5141
5192
5192
5141
5499
5948
5999
5760
5999
5739
5347
5739
5407
5407
5125
4676
4437
3946
4206
4561
4560
4560
4892
4330
4612
4612
4228
4328
4819
4559
4508
4153
4203
3520
3875
3876
3927
3827
4211
4660
4660
5222
5222
5222
4864
4813
4829
4547
4215
4215
4165
4165
4404
4762
5445
5429
5689
5450
5501
5833
5883
5832
5474
5019
5258
5019
5119
5119
5119
5135
5135
4803
4703
4653
4653
4162
4162
4213
4704
4804
5162
5146
4737
4246
3854
3171
2816
3055
3387
3003
3003
3358
2707
3116
3116
3132
2723
2723
3132
3524
3524
3075
3024
3515
3255
3016
2454
2453
2902
2802
3453
4136
4698
4136
3778
4136
4375
4635
4635
4635
4635
4396
4396
4496
3845
3845
3895
4546
5001
5001
4643
4152
3469
3369
2960
3318
3318
3418
3158
3397
3397
3888
3838
3599
3499
3499
3759
3743
4025
4026
3535
3944
3612
3203
3202
2844
3406
3506
2944
2662
3046
3537
3587
4270
4270
3878
4160
4160
4211
4211
4211
4211
4211
4212
4212
3721
3670
3670
4161
4161
4723
4232
4283
3600
3839
3390
3390
3108
3791
3691
3973
3973
3922
3922
3567
3899
3617
3668
3950
3899
3617
3617
3617
2934
2695
2311
2703
2754
2754
2754
3138
3138
3377
3868
3884
4333
4283
4966
4950
4388
4670
4019
4428
5079
4819
4869
4885
4835
4596
4835
5190
5450
5118
4836
4381
4381
3698
3289
3289
3289
3851
3851
4534
4179
4179
4634
5043
5325
5325
4933
4932
5264
5025
4974
4565
4181
4181
4231
4615
4616
4855
5264
5264
5622
5621
5621
5212
5621
4938
4922
4662
4304
4564
4919
4510
4511
4920
5278
4716
4666
4282
4281
4665
4014
4114
3705
3445
3837
3838
3888
3939
3939
3938
3939
3581
3581
3481
3581
3581
3249
2894
2894
3577
3527
3859
3859
3875
3384
3384
3368
2984
2984
2933
3342
3358
3716
3976
4026
4026
3634
3634
3584
3568
4059
3727
4289
3880
4531
4531
4530
4885
4646
4546
4878
5262
5362
5413
5822
5467
4816
4816
4556
4795
4795
5446
5801
5801
5310
5310
5028
5028
4644
5028
5310
5310
5326
5586
5586
5304
5304
5304
4855
4755
4495
3812
4261
4245
3790
3341
3342
3797
4480
4025
4474
3912
3580
3630
4022
3371
3370
3932
4264
4755
4755
4704
4213
4163
3714
3814
3422
3814
3814
3405
3854
3854
3854
4263
4314
3930
3930
3930
4212
4213
3931
3930
4212
4212
3857
4312
4212
3757
3308
3257
2865
2303
2303
2064
2064
1732
2383
2775
3130
2848
2848
3297
3297
3298
3860
3411
3693
3953
3693
3693
3693
3743
3843
4103
4154
3894
3894
3794
3744
3462
3846
3491
3591
3641
3591
3923
4162
3778
3127
3127
2718
2386
2147
2531
2173
2173
2824
2824
3084
3323
3681
3697
3458
3907
4316
3633
3632
3871
3771
3771
3771
3772
3872
4204
4188
4470
3819
3719
3480
3971
3711
3302
2970
2969
2969
2577
2816
2765
2407
2507
2523
2074
2125
2580
2580
2529
2978
2978
2962
2578
2628
2888
3220
3271
3171
2911
3171
3187
3187
3187
3596
3954
4346
4107
4346
4997
4346
4997
4737
4175
4858
4619
4261
4500
3817
4201
3792
3792
3742
4151
4151
4713
4973
5331
5280
4629
4680
4271
4626
4294
4294
4012
4112
4763
4503
4503
4912
4913
4813
5496
5596
5187
5171
5187
5447
5347
5331
5613
5613
5613
4930
4980
4980
4588
4688
4588
4538
3887
3432
3432
3448
3857
4189
4189
4138
4789
4839
4939
5622
5572
6027
6027
5695
5679
5695
6087
5436
5044
4805
4855
5094
5745
5745
5254
5253
5253
4971
4971
4972
4972
4517
5008
5008
4769
4360
4310
4309
4718
5110
5160
4509
4509
4459
4460
4511
4511
4119
4118
4118
4067
4399
4044
4095
4450
4450
4434
4434
3872
3872
3872
3772
3440
3490
3440
3540
3540
3540
3872
3873
3873
4155
3746
3746
3796
3812
3761
3760
4322
4322
4306
3951
4343
4293
3901
3801
3851
3851
3801
4452
4844
4944
4495
4546
4596
4238
3854
4238
4254
3922
4377
4378
4733
4349
3698
4056
3701
3700
4032
3700
3308
3308
3257
2766
2766
3098
3098
3507
3746
3646
3646
3191
3191
3191
3575
3315
3707
3707
4156
4416
4156
4140
3731
3169
2837
3399
3399
3399
3854
3405
3405
3421
3029
3080
3064
3064
3715
3715
3433
3842
4291
4391
4391
4882
4433
4433
4765
4765
5047
4663
4172
4188
3537
3921
4181
4131
3722
4213
3974
3923
4574
4574
4292
4701
4685
5077
5128
5128
5128
5410
5859
6098
6098
6098
5998
5998
6048
5997
5997
6048
6048
6048
6048
6048
6403
6403
6403
6121
6121
5672
5412
5361
4977
4977
4977
4486
4502
4784
5044
4689
4127
3769
4124
4686
4786
4394
4394
4112
4163
3831
4215
4215
4199
4690
5139
5471
5471
5829
5778
5369
5385
5667
5312
5052
4597
5006
4767
4485
4153
4103
4385
4645
5037
5037
5392
5037
4937
5292
5292
5276
5376
5392
5392
4830
4147
3698
3748
3748
3488
3489
3439
3771
3416
3416
3771
3362
3924
3924
4607
4867
5322
4990
5399
5117
4662
5117
5117
5399
5638
5638
5688
5333
4842
4191
4640
4185
4836
4836
5327
5227
4945
4929
4945
4929
4928
4979
4719
4036
3385
3740
3740
4072
4332
3883
3883
3883
3983
3983
3883
3899
4354
4354
4338
4338
3883
3525
4176
4534
4550
4499
4499
4239
4239
3847
3847
3831
3447
3896
4156
3801
3392
3392
3342
3734
3495
3495
4178
4179
4461
3810
3810
3810
4194
4245
4295
4295
4311
4310
4765
4765
4765
4316
4316
4316
4725
4674
4674
4658
4376
4376
3984
4376
4376
4392
4392
4392
4492
3809
3759
3427
3069
2969
3324
3424
3756
3740
4391
4392
4408
4392
3901
3901
4584
4484
4484
4975
5026
4375
3920
4020
3760
3776
3775
4133
3571
3853
4415
4415
4654
4704
4320
3988
4372
4372
4704
4465
4914
4814
4131
4370
4370
4370
4131
4131
4131
4131
3747
4398
5081
5536
5536
5254
5493
5753
5361
5753
5853
5853
5803
5803
6187
5778
5394
4939
4939
4888
5343
5344
5344
4889
5344
4661
4661
4660
4211
3720
3460
3444
3704
4387
4437
4437
4045
4046
4046
4045
4437
4846
5337
4928
4277
4177
4459
4475
4475
4475
4476
4885
4985
4630
4139
4139
4523
4423
4065
4015
4506
4122
4480
4929
5029
4747
4647
3964
3704
3703
3753
4108
3750
3850
3850
3458
3358
4041
3479
4041
3991
4273
4274
4325
4976
4976
4737
4737
4837
4837
4821
4837
4837
5076
5336
5336
5076
4667
4667
5051
4489
4438
4438
4438
4438
4830
4179
4179
3940
3924
4333
4691
4741
4386
4104
4386
3977
3695
3711
3950
3950
4210
4110
4761
5043
5043
5043
4552
4502
4502
4911
4962
4962
5524
5524
5192
4910
4859
4858
4858
4858
4466
4206
4466
4082
4573
4574
4012
3563
3303
3695
3795
4357
4407
4407
4739
4739
4738
4739
5094
4685
4635
4396
3941
4201
4440
4440
3949
4231
3873
4282
4333
4333
4333
4333
4717
4457
4457
4815
4715
4064
4519
4127
4778
4369
4130
3568
3977
3977
3522
3240
3189
3189
3173
3173
3433
3173
3628
3628
3173
2490
2540
2556
3005
3005
3287
3287
3271
3762
3762
3761
3479
3579
3221
2812
3051
3311
3669
3669
3619
3619
4028
4310
3819
3819
3819
3820
4382
4432
4923
4641
4641
5324
4762
4079
4078
4761
5043
5059
5110
4701
5110
4828
4829
4729
4280
4729
4729
4397
4679
5241
5241
5191
5583
6038
6138
6138
5487
5132
5464
5448
5209
5564
5564
5282
5282
5281
5230
4547
4547
4786
4836
4427
4427
4427
5078
4839
5522
5931
5931
5573
4922
4538
4438
3755
4037
4720
4670
4670
4721
4821
4871
5110
4718
4386
4744
4505
4505
4897
4406
4048
4048
4048
4432
3749
3749
3749
4400
5083
5083
5083
4699
4699
4699
4700
4245
4195
4195
3935
3934
3485
3843
4082
4466
4726
4726
4726
4371
4271
4272
4763
5212
5212
5262
5594
5610
5218
5217
5166
5167
5166
5521
5621
6076
6077
5722
5722
5622
6014
5998
6014
5452
5003
5358
4966
4965
4474
4525
5087
5087
5087
4632
5024
5024
5515
5157
5157
5141
5157
5612
5220
5669
6027
5788
5788
5788
5430
5430
5430
5021
5021
5021
4338
3954
3904
3904
3904
4296
4296
4680
4680
4231
4215
4265
4265
4214
4623
4623
4291
4342
4342
4060
4060
4342
4342
3958
3958
4407
4507
4891
4329
4278
4278
4329
4279
4280
4280
4280
3831
4280
4330
3881
3881
3880
3389
4072
4072
4072
4072
4073
4522
4761
4110
4110
4060
4711
4711
4611
5102
5152
4797
4348
4364
3972
4330
4279
4279
4019
4279
4278
4279
3921
4279
4634
4966
4950
4459
3776
3537
3537
3537
3588
3588
3588
3588
3328
3328
2677
2777
2777
2495
2734
2376
2392
3075
3524
3523
3524
3524
3524
3916
3866
3511
3495
3495
3495
3850
4110
4110
3726
3726
3271
3271
3762
3762
3812
4374
4114
4064
4064
4064
4080
4464
4413
4771
4416
3925
3476
3931
4380
4379
4379
4140
4140
3808
4090
3990
3632
3871
3971
3288
3939
3939
3989
3990
3708
3469
3014
3697
3288
3697
3748
3299
3299
3299
2616
3299
3299
3754
3654
4012
3961
4061
4061
4321
4321
3937
3375
3375
3657
3607
4169
4524
4524
4575
4575
4575
4475
4459
4199
3841
3449
3167
3116
3500
3600
3191
3191
3549
3831
3831
3882
3881
4213
4162
4162
4653
4654
4654
4654
4704
4703
5112
4657
4657
4658
4658
4658
5050
5066
5065
4673
4724
4724
4708
5157
5612
6004
6004
6004
6005
5650
5650
5201
4710
4709
4709
4300
4301
3943
4352
3968
4326
4275
4275
4275
4514
4869
4869
4460
4476
4237
4476
4885
4646
5030
5030
5290
4835
4451
4451
4451
4690
5074
4682
5137
5586
5254
4972
4972
4972
4971
5022
4664
4280
4638
4229
4561
4561
4545
4937
4937
4938
4938
4938
5429
5445
5445
5395
5395
5395
5395
4946
4455
4904
4449
3798
3538
3538
3538
3299
3283
3543
3543
3998
3643
3659
3608
4099
4099
3644
3643
3644
3883
3525
3909
3909
4264
4264
4546
4546
4546
4546
4264
3773
3757
3757
3808
3808
3757
3757
4166
4817
4816
4816
4816
5174
4782
4398
4298
4682
3999
4049
3810
4301
4756
5038
5054
4696
4646
4696
4646
4646
4314
4364
4364
4364
4603
4587
4687
4332
4332
4348
4332
4282
4282
4614
4665
4715
4715
4665
4565
4957
5640
5656
5640
5640
5690
5358
5308
4817
4368
4368
4723
4268
4269
4627
4643
4643
5092
5424
5424
5424
5474
5082
5082
5082
5474
5423
5423
5423
5474
5424
5524
5574
6065
6065
5733
5633
5394
5039
4988
4988
4539
4994
5443
5494
5444
5444
5444
5494
5849
5848
5848
5798
5406
5406
5645
5695
6087
6087
6037
5386
6037
6137
5646
5978
5978
5927
5535
5927
5928
5519
5519
5928
5536
5087
4436
4436
4435
4103
4754
4071
3420
3420
3320
3320
3811
4494
4494
4545
4545
4545
4161
4261
4645
5296
5280
5280
5729
5745
5183
4923
5183
5575
5315
5315
5315
5647
5631
5631
5681
6243
5834
5502
5118
5118
5378
4695
5027
5027
5028
4928
4878
5561
5561
5203
4848
4848
4165
4165
3716
3716
3732
4090
4773
4318
4673
4434
4434
4484
4893
4893
4402
4120
4120
3765
4004
3954
4445
4495
4445
4445
4495
4495
4494
4478
4862
4179
4862
4862
4812
5267
5367
4876
4492
4492
4508
4508
4863
5145
5146
5146
5530
5530
5172
5121
5120
5120
5120
5120
4881
4781
4781
4781
5272
5272
5256
5256
5256
5256
5256
5256
5256
5256
5256
5256
5256
5256
5256
5256
4924
4924
4532
4532
4532
4981
4981
4981
4597
4315
4315
3866
3866
3866
3866
3866
3304
3304
3304
3304
3044
3493
3493
3493
3493
3493
3493
3851
3851
4090
4190
4190
4190
4582
4582
4582
4582
4173
4173
4173
4073
3834
3834
4218
4457
4457
4457
4218
4218
3863
3863
4102
4102
4102
4457
4457
4457
4099
3416
3978
3523
3523
3881
3881
4290
4550
4601
4362
4362
4694
4695
4246
4701
4983
5033
4751
4751
4751
4751
4189
4188
4189
4139
4155
3746
3796
3796
3796
3536
3536
3818
3167
2885
3334
2885
3334
3334
3334
3573
4256
4256
4907
4891
4400
4809
4909
4859
4504
3853
3869
4151
4713
4258
4909
4809
4809
4809
5300
4942
5297
4905
4496
4257
4257
4649
4598
4649
4749
4733
4082
4733
4682
4682
4698
5107
5158
5397
5297
5297
5297
5557
5557
5225
5325
5309
5359
5359
4676
4676
4692
5147
4585
5268
5268
4813
4322
3938
4500
3849
3494
3826
4281
4281
4281
3719
3264
3264
3264
3264
3264
3264
3915
3915
4273
4728
4728
4727
4627
4627
5118
4786
4886
5218
5218
4727
4676
4394
3945
3553
4115
4166
4166
4166
4448
4803
4803
4803
4753
4344
4793
5177
5161
4829
4829
5221
5553
5553
5502
5502
5502
5502
5502
5502
5118
5134
4679
4321
4321
4321
3670
3278
3018
3018
3018
3018
3278
3178
3669
3430
2868
3226
3276
3277
2922
2921
2921
3305
3660
3610
3849
3849
3850
3495
3046
2363
2363
3046
2807
3262
3617
3616
3616
4025
4676
5068
5068
4713
5162
4778
4778
4127
4511
4153
4153
3698
3798
4253
4303
4303
4865
4583
4584
4192
4192
3860
4252
3690
4022
3972
4254
4816
4866
4917
4866
4917
4462
4461
4461
4179
4179
3787
4438
4677
4577
4577
4577
4338
4577
4577
4526
4884
4624
4979
4740
4740
5195
5179
4821
4872
4381
4331
3680
3780
4138
3783
3783
3783
3783
3425
3664
3664
3680
3680
4331
4723
4723
4723
4723
4723
4707
4375
4707
4707
4708
5066
5082
5066
4674
5165
5065
5165
4710
4352
4634
4634
4684
4684
5139
4690
4706
4706
4606
4590
4590
4206
4564
4664
4664
4306
4306
4306
4306
4256
4256
4614
4614
4874
4924
4924
4924
5316
5266
5316
5077
5077
5077
5077
5077
5077
5077
5026
5077
4977
4977
4585
4253
4608
5057
5073
5072
4510
4510
4510
4749
4340
3885
3625
3625
3626
4035
4035
4035
4035
4367
4316
3958
4058
4058
4042
3687
3687
3947
4509
4509
4508
4892
5247
5247
4987
4578
4579
4340
4732
4992
4892
4943
5301
5710
6165
5883
5899
5898
5638
5587
5638
5638
5638
5638
5638
5738
6020
6020
5636
5636
5187
5571
5213
4758
4997
4435
4435
4695
4012
4012
4012
3996
4445
4445
4394
4394
4394
4294
4856
5539
5184
5184
5184
5539
5257
5273
5728
5728
5828
6186
6136
5687
6136
6136
5645
5261
5261
4906
4906
5261
5262
5023
4763
5023
5022
5261
5161
5161
4706
4706
4467
4207
4207
4207
4207
4489
4040
3685
3736
3736
3736
3736
3975
3643
3285
2723
3055
3004
3495
4057
3566
3566
3616
4071
4331
4331
4689
4789
4789
4431
4381
4872
5321
4830
4831
5215
5215
5570
6061
5378
6061
5669
4986
4986
4970
4731
5414
5005
5005
5004
5020
5020
5020
5259
5159
5159
4710
4711
4379
4379
4429
4379
4024
4074
4483
4433
4483
4482
4466
4566
4924
4924
4540
4541
4302
4252
4268
3777
3368
3368
3368
3368
3700
3699
3599
3317
3317
3766
4175
3766
3766
3434
3534
3943
4182
4183
4538
4538
4538
4922
4906
4551
4550
4882
5373
5765
5765
5765
6047
5598
6047
6047
6063
6418
6418
6136
6187
5927
5688
5689
5928
5927
5977
6237
5586
5536
5536
5818
5767
5435
5435
4980
4489
4489
5140
5631
5631
5631
5222
5272
5604
5604
5604
5604
5249
5704
5604
5149
5249
5604
5605
5114
5114
4875
4825
4493
3931
3931
3931
3931
3539
3439
3848
4303
4021
4121
4120
4170
4661
4277
4277
4277
4277
4277
3868
3868
3185
3577
3527
3072
3527
3527
3527
3528
3912
4194
3839
3889
4128
4128
4127
3888
3788
3788
4143
3861
3861
4143
4552
4103
4103
3748
3732
3450
3689
4021
3689
3689
3198
3198
3689
3705
4154
4154
4154
4254
4816
5499
5399
5349
4894
5249
5249
5249
5249
5704
5444
5444
5445
4762
4746
4746
4391
4723
5005
5360
4911
4911
4579
4579
4579
4629
4961
4911
4556
5239
5238
5238
4999
4615
4615
4615
4666
4666
4666
4666
4666
4666
4666
5021
5021
5281
5281
5281
4926
4926
4666
4666
4666
4334
4334
4334
4334
4334
4334
4334
4334
4334
4334
3925
4309
4309
4309
4309
4309
4309
4309
4258
3900
4255
4255
4255
4613
4613
4122
4122
4122
4361
4621
5070
5070
4621
5112
5112
4852
4852
4868
4868
5277
5726
5726
5777
5094
5095
4703
4702
4140
4124
4124
4807
4807
5369
5369
5369
4960
4678
4187
3948
4340
4622
4340
4340
4622
4264
4265
4623
5114
5114
5130
5230
4872
4872
4590
4850
5208
5192
4743
4743
4181
4181
4181
4181
4181
3726
4058
4513
4513
4922
5204
4849
4440
4490
4845
4845
4461
4461
4700
4345
4245
4006
4005
4414
4022
4022
4414
4976
4976
4976
4976
4976
4976
4976
4976
4976
4976
4976
4976
5425
5425
5425
5525
5525
5525
5525
5525
5541
5896
5441
5086
5325
4763
4354
4254
4638
5200
5200
5200
4961
4603
4603
4211
4211
4620
4975
4975
4975
4924
4540
4490
4208
4592
4592
5047
5405
5455
5456
5556
5555
5555
5555
5947
6186
6186
6186
6186
6468
6136
6086
6087
6071
6122
6172
6172
6172
5814
5252
4970
4319
3964
3725
3725
3964
4319
4319
4881
4881
4831
4831
4831
4831
4847
4846
5497
5497
5855
5293
5054
5054
5054
5054
5386
5286
5286
4831
4831
4831
4831
4382
4382
4482
4466
4466
4466
4134
3776
4231
4247
4231
4231
3971
3971
3972
3972
4330
4330
3938
4330
4662
4944
4586
4636
4354
4303
3894
4343
4701
4752
4752
4991
4659
4941
5503
5221
5221
5503
5503
5502
5502
4851
5260
5021
4739
4688
4739
4740
4756
4756
4265
3856
3294
3293
3293
3855
3855
3855
3855
3855
3293
3293
3532
3792
3692
3792
4354
3996
4278
4262
4023
3923
4414
4022
4022
4022
3638
3588
3980
3980
3980
4338
4338
4722
4722
4671
4671
4389
4389
5040
4648
4980
5372
5611
5611
5372
5372
5372
5372
5611
5351
5351
5351
5351
5351
4959
4959
4720
4720
4720
5112
4621
4172
4172
4172
3717
3977
3977
4426
4665
4665
4665
4665
4665
4665
4665
4665
4665
4665
4665
5074
5074
5565
5326
5326
5565
5565
5565
5565
5565
5565
5565
5565
5210
5210
5210
5210
5210
5210
5210
5210
5210
5210
5210
5210
5665
5665
5665
5665
5281
5331
5715
5715
5715
5715
5715
5715
5715
5476
5476
5476
5426
5665
5307
5307
4816
5171
5171
5171
5171
5171
5171
5171
5171
5171
5529
5074
5074
5074
5074
5074
5074
5074
4719
4719
4459
4220
4220
4220
3836
4191
3836
3836
3836
3836
3836
4075
4075
4075
4530
4530
4530
4530
4530
4530
4530
4530
4530
4885
4885
4646
4646
4646
4646
4646
4906
5290
5290
5290
5340
5579
5579
5579
5579
5579
5579
5529
5529
5529
5529
5529
5529
5529
5529
5529
5529
5529
5529
5529
5529
5529
5074
4665
4665
4947
4947
4947
4947
4708
4448
4090
4090
3808
3808
3808
4068
4068
4068
4426
4166
4448
4448
4448
4903
4454
4505
4505
4505
4505
4505
4505
4996
4996
4996
4996
4996
4996
4996
4996
4996
4996
4945
4996
4996
4996
4996
4714
4714
4714
4714
4714
4714
4714
4663
4714
4714
4663
4663
4663
4663
4663
4923
5332
5332
5332
5332
5781
6063
6063
6302
6302
6302
6352
6352
6352
6352
6352
6352
6352
6352
6352
6070
6070
6070
6070
6070
6070
6070
6352
6352
6352
6352
6352
6352
6352
6352
6352
6403
6403
6403
6403
6403
6019
6019
6019
6019
6019
6019
5664
5664
5613
5613
5997
5997
5997
5997
5997
5715
5715
5715
5715
5715
5715
5715
5224
5224
5579
5579
5579
5579
5579
5579
5579
5224
5224
5224
4832
4832
5323
5715
5323
5678
5678
5678
5678
5678
5678
5678
5678
5187
5187
5187
5187
5187
5187
5187
4948
4898
4898
4898
4898
5137
5137
5137
5137
5187
5187
5187
5187
5187
5187
5187
5187
5187
5187
5187
5187
5187
5187
5187
5187
5187
5187
5187
5187
5187
5678
5294
5294
5294
5244
5244
5244
5244
5294
4732
4732
4732
5294
5294
5294
5294
5294
5055
5055
5055
4723
4723
4723
4723
5107
5107
5107
5107
5107
5107
5346
5346
5346
5346
5628
5244
5244
5244
5244
5244
5628
5628
5628
5628
5628
5628
5628
5628
5628
5960
5960
5960
5960
5960
5960
5960
5960
5960
5721
5721
5721
5721
5721
5721
5721
5721
5721
5721
5721
5721
5671
5316
5316
4867
4867
4867
5106
5106
5106
4867
4867
4867
4585
4585
4940
4608
4608
4608
5057
5107
4545
4545
4545
4545
4545
4545
4545
4545
4545
4545
4545
4545
4545
4495
4495
4495
4495
4495
4495
4495
4495
4545
4545
4545
4545
4784
4784
4784
4784
4784
4784
5116
5116
4784
4784
4784
4784
4784
4784
4784
4734
4734
4734
4734
4784
4784
4784
4784
4784
4784
4784
4784
4784
4734
4734
4734
4376
4376
4734
4784
4734
5296
5296
5296
5057
5057
5057
5057
5339
5339
5339
5339
5339
5671
5411
5411
5411
5803
5803
5803
5394
5394
5394
5394
5394
5394
5394
5654
5893
6302
6302
6042
6042
6042
6142
5787
5787
5787
5803
5354
5354
5405
5047
5097
4858
4807
4807
5067
4384
4384
4384
4384
4384
4384
4742
4981
4982
4331
4331
4331
3769
3768
3668
4023
4023
4585
4569
4569
4330
5013
5013
5013
5013
4753
4753
4471
4471
4710
4711
4811
5462
5462
5223
5223
4865
4864
4480
4838
4838
5120
5121
5121
5121
5570
5621
5263
4931
4931
4539
4090
4090
3990
3990
3990
4006
4006
4245
4345
4677
4677
4627
4627
4627
4627
4527
4577
4577
4527
4976
5236
5236
4954
4903
4903
4903
4902
5286
5336
5097
4414
4398
4398
4066
4117
4117
4475
4425
4425
4425
4707
4723
4724
4963
5355
5405
5145
4906
5589
5589
5921
5566
5566
5566
5566
5234
5234
5234
5589
5589
5539
5799
5748
5393
5493
5492
5476
5476
4793
4793
4793
5032
5032
5033
5033
5083
4634
4634
4634
4685
4635
5084
5084
5084
5084
5439
5439
4984
4702
4701
4292
4032
4032
3470
3470
3470
3470
3470
3470
3802
3802
4211
3856
3906
3906
3856
4211
4211
4261
4261
4261
4944
4944
4944
4960
4960
4860
5120
5120
5120
5070
5170
5170
5732
5632
5632
5682
5782
5731
5731
5782
6064
5804
5804
5804
6259
6259
6259
6259
6259
6243
6243
6243
5794
5512
5412
5412
5412
5672
5672
5672
5672
5772
5281
5281
4889
4531
4531
4431
4431
4713
4713
4713
4431
4432
4532
4532
4272
4721
5212
5212
5112
5504
5055
4600
4600
4860
5309
4626
4626
4626
4726
5409
5691
5707
5707
5707
5707
6162
5753
5471
5079
5078
5470
5115
5115
5116
5471
5471
5471
5471
5880
5864
5480
5125
5480
5220
4981
4490
4490
4729
4337
4353
4337
4597
4596
4336
3927
3943
3943
3381
3872
3873
4435
4419
4418
4827
4827
4827
4827
5211
5211
4802
4802
4563
4564
4563
4564
4824
4823
4563
4563
4802
5084
5085
5085
5084
5085
5345
5245
4754
5112
5062
4500
4500
4145
4145
4145
4245
4245
4637
4637
4637
4188
4188
4188
4188
3856
4188
4088
4087
4649
5058
5507
5507
5607
5607
5507
5507
5507
5456
5001
5001
5051
4769
4437
4437
4792
4792
4792
4792
4792
5247
5529
5529
5529
5247
4892
5174
5174
5124
5124
5124
5615
5355
5687
5687
5947
5947
5947
5665
6020
6070
6020
6020
5611
5227
5227
5227
5227
5227
5227
5636
5636
5636
5686
5686
5686
5686
5686
5686
5686
5686
5686
5686
5686
5686
5447
5447
5831
5831
5571
5179
5418
5179
5230
5230
5230
5469
5485
5469
5020
4529
4529
4479
4428
4428
4919
5179
5179
5179
5179
5195
5477
4915
4915
4915
4557
4557
5119
5568
5568
5618
5618
5619
5719
5719
5619
5618
5619
5380
5380
5772
5771
5511
5461
5721
5389
5747
6079
6080
5625
5864
5914
5914
5914
5582
5227
5227
5227
5227
4988
4988
5443
5443
5443
5443
5682
5443
5442
5392
5392
5443
5051
5000
5355
5355
5455
5097
5097
5081
4821
4821
4821
4821
4821
4821
4837
5076
5076
5076
5076
5076
5077
5077
5128
5178
5078
5436
5696
5696
5338
5338
5288
5288
4605
4605
4605
4997
4996
5046
5046
4484
4484
5046
5046
4654
4092
4192
4192
3783
4345
5028
5028
5028
5028
4977
4977
4717
5126
4717
4717
5126
5076
4627
4627
4678
4938
5330
5779
6111
5829
5729
6011
6061
6061
6062
5780
5780
5129
5411
5411
5151
5151
5509
5509
4947
4947
4947
4931
4931
4880
4598
4598
4858
5509
5509
5459
5459
5458
5458
5458
5740
5285
5285
4836
5398
5449
5040
5040
5140
5190
5190
4699
4648
4366
4648
5103
4821
4821
4821
4821
4721
4722
4722
4822
4822
5271
5271
5271
5271
4916
4915
4815
4815
5306
5357
5357
5357
5457
5457
5457
5458
5009
4749
4698
4698
4648
5097
5097
5148
5148
5198
5214
5163
4672
4572
4522
4522
4522
4572
4572
4572
5063
5418
5418
5179
5179
5179
5461
5461
5461
5103
4719
4719
5077
5076
5060
4668
4668
4669
5078
5078
5094
5486
5486
5486
5485
5130
5181
5181
5181
5181
5536
5536
5536
5920
5870
6109
6109
6109
6109
6109
6209
6210
6210
5719
5719
5719
5719
5719
5703
5963
5963
5979
5740
5979
5979
6029
6029
5929
6029
6520
6520
6520
6469
6468
6208
5816
5716
5716
5716
5716
5976
5976
5976
5976
5976
5567
5567
5567
5567
5567
5959
5959
5397
5497
5497
5548
5093
5093
5093
5094
5094
5503
5148
5503
6065
5783
6238
5783
5783
5428
5428
5428
5710
6165
6165
5926
6281
6281
6281
6021
6021
6021
6021
6021
6021
6021
6021
5637
5637
5897
5214
5214
4765
4765
5214
5453
5453
5453
5402
5386
5126
4887
4887
4887
5126
5126
4734
4243
4243
4243
4243
4243
4243
4294
3845
4294
4012
4272
4288
4779
4779
4779
4779
5061
5045
4806
5045
4994
4994
5378
5378
5378
5394
5394
5786
5837
5821
5466
5466
4904
4903
5586
5602
5342
5343
5343
5243
5192
5192
5292
5292
4837
4787
4838
5400
5399
5399
5067
4828
4829
5284
5284
4601
4933
4932
4932
4932
4932
4932
4932
4881
4881
4881
4882
4932
4931
4881
4781
4781
4881
4931
5191
4799
4799
5482
5073
5073
5312
4980
5335
5386
5386
5147
5147
5147
5147
5147
5147
5556
5948
5948
5386
5386
5387
5387
5371
4962
4912
4912
4912
4912
4912
5244
5260
5260
5260
4905
4854
4904
4904
4904
4903
4621
5030
5030
5030
5030
5030
4980
4329
4329
4684
4424
4408
4308
4308
4590
4135
4135
4697
4698
4343
4343
4443
3994
4349
4400
4416
4416
4676
4416
4400
4855
4855
5506
5506
5506
5556
5556
5556
5505
5455
5173
5622
5230
4898
4948
5230
5229
5229
4947
5186
5186
5186
5186
5468
5368
5368
5318
5079
5079
5079
5079
5079
5079
5079
5079
5079
5079
5079
5318
5318
5578
5578
5223
5223
5223
4984
4724
4724
4724
5079
5079
5079
5079
5079
5079
5079
5079
5411
5411
5411
5411
5411
5411
5411
4962
4604
4604
4604
4864
4864
4604
4604
4843
4843
4843
5201
5201
5201
4869
4869
4869
5318
5710
5255
5255
5355
5355
5355
5355
5355
5116
5116
5116
5016
4567
4567
4618
4618
4618
4618
5073
5405
5354
5354
5354
5354
5354
5354
5354
5803
5803
5803
5803
5803
5803
5419
5419
5419
5419
5658
5203
5203
5203
5203
5203
5203
5203
5203
5203
5203
5203
5203
5203
5203
5203
5658
5658
5658
5658
5658
5658
5658
5658
5376
5376
5376
5376
5376
5760
5760
5305
5305
5305
5305
5305
5305
5305
5305
5305
5305
5305
5305
5587
6042
6042
6042
6042
6042
6042
5687
5687
5687
5329
5329
5329
5329
5329
5329
5329
5687
5687
5687
5687
5329
5329
5329
5329
5329
5329
5329
5329
5329
5329
5329
5047
5047
5405
5760
5760
5351
5351
4860
4860
5120
5120
5120
5611
5611
5611
5256
5256
5256
5256
5256
5256
5611
5253
5253
5253
5535
5535
5535
5535
5535
5535
5535
5535
5535
5535
5535
5535
5535
5535
5535
5944
5944
5944
5944
5589
5589
5307
5307
5307
5307
5307
5307
5307
5665
5665
5665
5665
5426
5476
5476
5027
5027
5027
4977
4977
4977
4977
4977
4977
4977
4977
4977
4977
4977
4593
4593
4593
4875
4875
4875
4875
4483
4483
4483
4483
4483
4483
4483
4867
5106
5106
5106
5106
5106
5106
5106
5106
5156
5156
5156
5156
5106
5106
5106
5106
5106
5106
5156
5156
5106
5106
5106
5106
5106
5106
5106
5106
4774
4774
5223
5223
5223
5223
5223
5223
5555
5555
5555
5555
5106
4867
4607
4607
4846
4846
4846
4846
4846
5106
5106
5106
5106
5106
5106
5106
5106
5106
5106
5106
5106
5106
5106
5106
5106
5106
5106
4846
4846
4488
4488
4488
4488
4488
4748
4488
4488
4488
4488
4488
4488
4156
4156
4156
4514
4846
4846
4846
4846
4846
5106
5555
5555
5316
4867
4867
4867
4917
4917
4917
5309
5309
5360
5360
5360
5715
5715
5715
5715
5260
5260
5260
5260
5260
5209
5209
5209
5209
5209
4825
4825
4825
4470
4470
4470
4470
4470
4470
4470
4470
4188
4188
4188
4188
4188
4188
4188
4188
4543
4543
4543
4543
4998
4998
4998
4998
4998
4998
4436
4436
4436
4436
4885
5124
5124
5508
5508
5508
5508
5508
5508
5508
5508
5508
5508
5508
5508
5508
5508
5508
6070
6070
6070
6070
5678
5678
5678
5678
5678
5678
5678
5678
5678
5678
5346
5346
5346
5628
5628
5628
5628
5628
5628
5628
5628
5628
5628
5628
5628
5628
5628
5628
5628
5628
5628
5578
5578
5910
5910
5910
5960
5960
5960
5960
5960
5960
5960
5628
5273
5273
5273
5273
5273
5273
5273
5273
5273
5665
5665
5666
5666
5666
5666
5666
5665
5615
5665
5426
5426
4775
4775
4493
4493
4544
4493
4544
4135
4786
5195
5195
5195
5195
5144
5499
5499
5500
5500
5516
5515
5515
5515
5515
5515
5515
5499
5599
5599
5931
5831
5831
5831
5269
5269
5269
5269
5269
5269
5269
5269
5269
5269
5269
5269
5269
5269
5269
5269
5269
5269
5269
5269
5269
5269
5269
5508
5508
6070
6070
5831
5831
5831
5831
5831
5831
5831
5831
5831
5781
5781
5781
5781
5372
5372
5372
5372
5372
5372
5372
5781
5326
5326
5781
5781
5781
5781
5781
5781
5781
5781
5781
5781
5781
5781
5781
5781
5781
5372
5611
5120
5120
4881
4881
5163
5163
5163
5163
5163
5163
5163
5163
5163
5163
4771
4771
4771
4771
4771
5010
5501
5501
5262
5671
5671
5671
5671
5671
5411
5671
5671
5671
5671
5671
5671
5671
5339
5389
5389
5389
5389
5389
5389
5389
5389
5107
5107
5107
5107
5107
5107
5107
5107
5107
5107
5346
5346
4784
4784
4784
4784
4784
4734
4734
4784
4784
4784
4784
4784
4784
4784
4784
4784
4784
4784
4784
4784
4784
4784
4784
4784
5346
5296
5296
5296
5296
5296
5296
5296
5296
5296
5346
5346
5346
4784
4784
4784
4784
4784
4784
4784
4784
4784
4784
5346
5346
5346
5678
5678
5439
5439
5439
5439
5721
5721
5960
5960
5960
5960
5960
5960
5960
5960
5678
5678
5678
5439
5721
5721
5721
5960
5960
5628
5628
5628
5628
5628
5628
5960
5678
5678
5678
5678
5678
5960
5628
5628
5628
5628
5628
5628
5628
5628
5628
5628
5960
5960
5960
5960
5576
5576
5576
5576
5576
5576
5576
5576
5576
5576
5576
5576
5968
5918
5463
5463
5463
5463
5463
5463
5918
5918
5918
5918
5918
6302
6352
6113
6113
6113
6063
6063
6063
6063
6063
6063
6063
5781
5290
5030
5030
5030
5030
5521
5030
5030
5269
5269
5269
5269
5269
5269
5269
5269
5269
5269
5269
5529
5529
5529
6020
6020
6020
6302
6302
6302
6302
6302
6302
6302
6302
6302
6042
6042
6042
6042
5687
5687
5687
5329
5329
5684
5684
5275
5275
5684
5684
5684
5684
5684
5684
5684
5684
5684
5684
5684
5684
5684
5684
5684
5684
5445
5445
5803
5521
5521
5521
5781
5781
5781
5389
5389
5057
5107
5107
5346
5346
5346
5346
5346
5346
5346
5346
5296
5296
5296
5296
5296
5296
5296
5296
5296
5296
5296
5628
5628
5389
5439
5439
5439
5389
5389
5389
5389
5389
5389
5389
5439
5439
5439
5439
5439
5678
5678
5678
5678
5678
5678
5678
5678
5678
5628
5628
5628
5628
5628
5389
5389
5389
5057
5057
5057
5057
5057
5057
5057
5389
5389
5389
5389
5389
4940
5389
5389
5389
5389
5389
5031
5031
5031
5313
5313
5313
5313
5705
5705
5705
5705
5705
5250
5250
5250
5250
5250
5250
5250
5250
5250
5250
5250
5250
5250
5250
5250
5250
5489
5489
5489
5489
5489
5847
5847
5847
5847
5847
5565
5565
5305
5305
5305
5305
5565
5565
5565
5207
5207
5207
5207
5207
5207
5207
5207
5207
5207
5207
5207
5207
5207
5662
5662
5662
5662
5662
5662
5662
5662
5278
5560
5944
6302
6302
6302
5893
5893
5893
5893
5893
5654
5654
5893
5893
5893
5654
5654
5654
5654
6063
6063
6063
6063
6063
6063
6063
6063
6063
6063
5708
5947
5947
5947
5947
5947
5492
5492
5492
5253
4993
4993
4993
5448
5448
5448
5708
5708
5708
5708
5708
5708
5758
6113
6113
6113
6063
6063
6063
5608
5608
5224
4964
4964
4964
4964
4964
4964
5203
5203
5203
5203
4964
4964
4515
4515
4515
4970
5354
5354
5354
5354
5354
5354
5354
5803
5354
5354
5354
5354
5614
5664
5664
5280
5280
5280
5280
4825
4825
5209
5209
5209
5209
5209
5209
5209
5209
4854
4854
4854
4854
4854
4905
4905
4905
4905
4905
4905
4905
5360
5360
5809
5809
5809
5809
5809
5809
5809
5809
5809
6164
6164
6164
6164
6164
6164
6164
6164
6164
6164
6164
6403
6403
6403
6403
6403
6403
6403
6403
6403
6403
6403
6403
6403
6403
6403
6403
6403
6403
6403
6403
6403
6403
6403
6403
6403
6403
6403
6403
6403
6403
6403
6403
6403
6403
6403
6403
6403
6403
6403
6403
6403
6403
6403
6403
6403
6403
6403
6403
6403
6352
6352
6070
6070
6070
6070
6020
6070
6070
6070
6070
6070
6070
6070
6352
6352
6403
6403
6403
6403
6403
6403
6403
6403
6403
6403
6403
6352
6352
6352
6352
6352
6113
6113
6113
6113
6113
6113
6113
5729
5729
5280
5280
5280
5280
5729
5729
5729
5729
5729
5729
5729
5729
5729
5780
5780
5780
6164
6164
6164
6164
6164
6164
6164
6164
6164
6164
6164
6164
6403
6403
6403
6403
6019
6019
6019
6019
6019
6019
6019
6019
6019
6019
6019
6019
6019
6019
6019
6019
6019
6403
6403
6403
6403
6164
6164
6164
6164
5809
6048
6048
6048
6048
6048
6048
6048
5664
6019
6019
6019
6019
5968
5968
5968
6019
5664
5664
5664
5664
5664
5664
5613
5563
5563
5563
5281
5281
5281
5281
5281
5281
5281
5281
5281
5281
4889
4531
4531
4531
4531
4531
4271
4655
4655
4655
4655
4655
4655
4655
4655
4655
4655
4655
4655
4655
4915
4915
4915
5307
5307
5307
5307
5665
5665
5665
5307
5307
5307
5665
5665
5947
5947
5997
5997
5997
5997
5997
5997
5997
5997
6048
6048
6048
6048
6048
6048
5997
5947
5947
5563
5563
5918
5918
5918
5463
5463
5463
5463
5463
5463
5463
5463
5463
5463
5463
5463
5463
5847
5847
6302
6302
6302
5947
5947
5555
5555
5555
5605
5605
5605
5605
5605
5323
5323
5323
5323
5323
5084
5084
5084
5034
5034
5034
5034
5426
5068
5426
5426
5426
5665
5307
5307
5307
5589
5589
5947
6302
6302
6302
6302
6302
6302
6302
6302
5847
5847
5847
5847
5847
5608
5608
6063
6063
5708
5708
5708
5708
5947
5947
5947
5947
5947
5947
5947
5947
5947
6302
6302
6302
6302
6302
5947
5947
5947
5947
5947
5947
5947
5947
5947
5947
5947
5947
5947
5947
5947
5947
5997
5997
5997
5947
5947
5947
5947
5947
5947
5947
5947
5947
5997
5605
5997
5997
5997
5997
5997
5997
5997
5997
6048
6048
6048
6048
6048
6048
6048
6048
6048
6048
6048
6048
6048
6048
6048
6048
6048
6403
6403
6403
6352
6352
6352
6352
6352
6352
6352
6352
6352
6352
6352
6352
6352
6352
6403
6403
6403
6403
6403
6403
6352
6070
6070
6070
6070
6070
6070
6070
6352
6352
6352
6352
6352
6352
6352
6352
6352
6352
6352
6302
6302
6302
6352
6352
6352
6302
6302
6302
6302
6302
6302
6302
6302
6302
6302
6302
6302
6302
6302
6302
6302
6302
6042
6042
6302
5847
5847
5847
5847
5847
5463
5463
5463
5463
5463
5463
5463
5463
5463
5463
5463
5463
5463
5105
5105
5463
5224
5224
5224
5224
5608
5608
5608
5608
5608
5250
5250
5250
5250
5250
4801
4801
4801
5256
5256
5705
5705
6063
6063
5614
5614
5614
5614
5259
5259
5259
5259
5259
5259
5259
5310
5310
5310
5310
5310
5310
5050
5050
5050
5050
5050
5050
5050
4718
4718
5050
5405
5405
5405
5405
5405
5405
5405
5405
5405
5405
5405
5405
5405
5405
5405
5405
5405
5354
5354
5354
5354
5354
5354
5803
5803
5803
5803
5803
5521
5163
5521
5521
5521
5521
5803
6063
6063
6063
6063
6063
6063
6063
6063
6063
6063
6063
6063
6063
6063
6063
6063
6063
6063
6063
6063
6063
6063
6063
6063
6063
6063
6063
6063
6063
6063
6063
6063
6063
6063
6063
6063
6063
6063
6063
5614
5614
5614
5614
5614
5614
5332
5332
5332
5332
5614
5614
5614
5614
5614
5614
5614
5614
5614
5614
5230
5230
5230
5230
5230
5230
5614
6063
6063
6063
6063
6063
6063
6063
6063
6063
6063
6063
6063
6113
6113
6063
6063
6063
6113
6113
6164
6164
6403
6403
6403
6403
6403
6403
6403
6403
6403
6403
6403
6019
6019
6019
6019
6019
6019
6019
6019
6019
6019
6019
6019
6019
6019
6019
6019
5664
5664
6048
6048
6048
6048
6048
6048
6048
6048
6048
6048
6048
6048
6048
6048
6048
5809
5809
5809
5809
5809
5809
5809
5809
5809
5809
5809
5809
5758
5708
5708
5708
5708
5758
6113
6113
6352
6352
6352
6352
6352
6352
6352
6352
6352
6352
6352
6352
6352
6352
6352
6352
6352
6352
6352
6352
5960
5960
5960
5960
5910
6302
6302
6063
6063
6063
6063
6063
6063
6063
6063
6063
6063
6063
6063
6063
6063
6063
6063
6113
6113
6063
6302
6352
6070
6070
6070
6070
6070
6070
6070
5831
5831
5831
5831
5447
5447
5397
5397
5397
5397
5397
5397
5636
5636
5636
5636
5636
5686
5686
5686
5968
5968
5968
5968
5686
5686
5968
5968
5968
5968
6019
6403
6403
6403
6403
6403
6403
6403
6403
6352
5997
5997
5997
5997
5947
5947
5947
5947
5538
5538
5256
5256
5665
5665
5210
5210
5210
5210
5210
5210
5210
5665
5665
6020
6020
5760
5760
5760
6042
6042
6042
6042
6042
5687
5687
5687
5687
5687
5687
5687
5687
5687
5687
5687
5687
5687
5405
5405
5687
5687
5687
5687
5329
5329
5329
5329
5329
5329
5329
5329
5329
5589
5197
5197
5589
5589
5947
5947
5947
5947
5589
5589
5589
5589
5589
5589
5589
5589
5589
5589
5589
5589
5589
5944
5944
5944
5944
5662
5662
5662
5662
5662
5402
5402
5402
5402
5163
5163
5163
5163
5163
5163
5163
5163
5163
5163
5163
5163
5163
5163
5163
5163
5163
5163
5521
5521
5521
5521
5521
5521
5521
5521
5521
5521
5521
5521
5521
5781
5781
5781
5781
5781
5781
5781
5781
5781
5781
6020
6020
5760
5428
5428
5710
5710
5710
5710
5710
6042
6042
6042
6302
6302
6302
6302
6302
6302
6302
6302
6302
6302
6302
6302
6302
6302
6302
6302
6302
6302
6302
6302
6302
6020
6070
6070
6070
6070
6070
6070
6070
6070
5715
5715
5715
5715
5715
5665
5665
5947
5947
5947
5947
5947
5947
5708
5708
6063
6063
6063
6063
6063
6063
6063
6063
5614
5614
5614
5614
5614
5614
5614
5614
5614
5614
5614
6063
6063
6113
6113
6113
6113
6113
6113
6113
6113
6113
6113
6113
6113
6113
5758
5758
5758
5758
5758
5758
5758
5758
5758
6113
6113
6113
6113
6113
6113
6113
6113
6113
6113
6113
6113
6113
6113
6113
6113
6113
6113
6113
6113
6113
6113
6113
6113
6113
6113
6113
6113
5721
5721
5721
5721
5721
5721
5721
5721
5721
5721
5960
5960
5960
6352
6352
6352
6352
6352
6352
6352
6352
6352
6352
6352
6352
6352
6352
6352
6352
6352
6352
5960
5960
6352
6352
6352
6352
6352
6352
6352
6352
6352
6352
6352
6403
6403
6403
6403
6403
6403
6403
6403
6403
6403
6403
6403
6403
6403
6403
6403
6403
6164
6164
6164
6164
6164
6164
6164
6113
6113
5758
5758
5758
5708
5708
5708
5947
5997
5997
5997
6048
6048
6403
6403
6403
6403
6403
6403
6019
6019
6019
6019
6019
6019
6019
6019
6019
5968
5968
6352
6352
6352
6352
6352
6352
6352
6403
6403
6403
6403
6403
6403
6403
6403
6403
6403
6403
6403
6403
6403
6403
6403
6403
6403
6403
6403
6403
6403
6403
6403
6403
6403
6403
6403
6352
6352
6352
6352
6302
6302
6302
6302
6302
6302
6302
6352
6352
6352
6352
6352
6352
6352
6352
6352
5960
5910
5910
5910
5910
5910
5910
5960
5960
5960
5960
6352
6352
6403
6403
6403
6403
6403
6403
6403
6403
6403
6403
6403
6352
6352
6352
6352
6352
6352
6352
6352
6352
6352
6352
6352
6352
6352
6352
6352
6352
6403
6403
6403
6403
6352
6352
6352
6352
6352
6352
6352
6352
6352
6352
6352
6352
6352
6302
6302
6302
6302
6302
6302
6302
6302
6302
6302
6302
6042
6042
6042
6042
6042
6042
5633
5633
5633
5633
6042
6302
6302
6302
6302
5910
6302
6302
6302
6302
6302
6302
6302
6302
6302
6302
6302
6352
6352
6352
6352
6352
6352
6352
6352
6352
6352
6352
6352
6352
6352
6352
6352
6352
6352
6352
6352
6352
6352
6352
6352
6352
6352
6352
6352
6352
6352
6352
6352
6352
6070
6352
6352
6352
6352
6352
6352
6352
6352
6352
6302
6302
6302
6302
6352
6352
6352
6352
6113
6113
6113
6113
6113
6113
6113
6352
6352
6352
6352
6352
6352
6352
6352
6352
6352
6352
6352
6352
6352
6352
6352
6352
6352
6352
6352
6352
6352
6352
5960
6352
6352
5968
5968
5968
5968
5968
5968
5968
5968
5918
5918
5918
5918
5918
5918
5918
5918
5918
5918
5918
5918
5918
5918
5918
5918
5918
5918
5918
5918
5918
5918
5918
5918
5679
5679
6063
6063
6063
6063
6063
6063
5781
5781
5781
5781
5781
5781
6063
5614
5665
5665
5665
5665
5665
5665
5665
5665
5665
5665
5614
5614
5614
5614
5614
5614
6063
5708
5708
5708
5324
5324
5563
5563
5324
5324
5324
5324
5324
5374
5374
5374
5374
5425
5425
5425
5425
5425
5425
5425
5374
5425
5780
5780
6019
6019
6019
6019
6019
6019
6019
6019
6019
6019
6019
6019
6019
6019
6019
6019
6019
6019
6019
6019
6019
6019
6019
6019
6019
6019
6019
5780
5780
5780
5780
6019
6019
6019
6403
6403
6403
6403
6403
6403
6403
6403
6403
6403
6403
6403
6403
6403
6352
6352
6352
6113
6113
6113
6352
6352
6352
6352
6352
6352
6352
5960
5960
6352
6352
6352
5997
5997
5997
5997
6352
6352
6352
6352
6352
6352
6352
6403
6403
6403
6403
6403
6403
6403
6403
6403
6403
6403
6403
6403
6403
6403
6403
6403
6352
6352
6352
6352
6352
6352
6352
6352
6352
6352
6352
6403
6352
6352
6403
6403
6403
6403
6048
6048
6048
6048
5664
5664
6048
6048
6048
6048
6048
6048
6048
6048
6048
6048
6048
5809
5809
6048
6048
6048
6048
6048
6048
5997
5997
6048
6048
6048
6048
6048
6048
6048
6403
6403
6403
6403
6403
6403
6403
6403
6403
6403
6403
6403
6403
6403
6403
6352
6352
6352
6352
6352
6352
6352
6352
6352
6352
6352
6352
6352
6352
6352
6352
6403
6403
6403
6352
6352
6403
6403
6403
6403
6403
6403
6403
6403
6403
6403
6403
6403
6403
6048
6048
6048
6048
6048
6048
6048
6048
6048
6048
6048
6048
6048
6048
5997
5997
5997
5997
5997
5997
5997
5997
5997
5997
5997
5947
5947
5947
5947
5947
5947
5947
5947
5947
5947
5947
5947
5947
5947
5947
5947
5947
5947
5947
5947
5947
5555
5197
5197
5197
5197
5197
5197
5197
5197
5552
5552
5552
5552
5552
5552
5552
5944
5944
5944
5944
5944
5944
5944
5944
5944
5944
5944
5944
5944
5705
5705
5705
5705
6063
6063
6063
5803
5521
5189
5189
5189
5189
5189
5189
5189
5428
5428
5760
5760
5760
6020
6020
6020
6020
6302
6302
6302
6302
6302
6020
6020
5781
5781
5781
5781
6020
6020
6020
6020
6020
6020
6020
6020
6020
6020
6020
6020
6020
6020
6020
6020
6020
6020
6020
6020
6020
6020
6020
6020
6020
6020
6020
6070
6070
6070
6070
6070
6070
6070
6070
6070
6070
6070
6070
6070
6070
6070
6070
6070
6070
6070
5715
5715
5715
5997
5997
5997
5997
5997
5997
5997
5997
5997
5997
5997
5997
5997
5997
5997
5997
5997
5997
5997
5997
5997
5997
5997
5997
5997
5997
5997
5997
5997
5997
6048
6048
6048
6048
6048
6048
6048
6048
6048
6048
6048
6048
6048
6048
6048
6048
6048
6048
6048
6048
6048
6048
6048
6048
6048
6403
6403
6403
6403
6403
6403
6164
6164
6164
6164
6403
6403
6403
6403
6403
6403
6403
6403
6403
6403
6403
6403
6403
6403
6403
6403
6403
6403
6403
6403
6403
6403
6403
6403
6403
6403
6403
6164
6164
6164
6164
6164
6164
6164
6164
6164
6164
5715
5665
5665
5665
5665
5665
5665
5665
5665
5665
5665
5665
5665
5665
5665
5665
5665
5665
5665
5665
5665
5665
5665
5665
5665
5665
5665
5665
5665
5665
5665
5665
5665
5665
5665
5665
5665
5665
5665
5665
5665
5665
5665
5665
5665
5665
5665
5665
5665
5665
5665
5665
5665
5665
5665
5715
5715
5715
5715
5715
5331
5715
5715
5715
5715
5715
5715
5715
5715
5715
5715
5715
5715
5715
5715
5715
5665
5614
5614
5614
5614
5614
5614
5614
5614
5614
5614
5614
5665
5614
5614
5614
5614
5614
5614
5614
6063
6063
6063
6063
6063
6063
6063
6063
6063
6063
6063
6063
6063
6063
6063
6063
6063
6063
6063
6063
6063
6063
6063
6063
6063
6063
6063
6063
6302
6302
6302
6302
6302
6302
6302
6352
6352
6352
6352
6352
6352
6352
6352
6352
6352
6403
6403
6403
6352
6352
6352
6352
6352
6352
6352
6352
6352
6352
6352
6352
6352
6352
6352
6352
6352
6352
6352
6352
6352
6352
6352
6352
6352
6352
6403
6403
6403
6403
6403
6403
6403
6403
6403
6403
6403
6403
6403
6403
6403
6403
6403
6164
6164
6164
6164
6164
6164
6164
6164
6164
6164
6164
6164
6164
6164
6164
6164
6164
6164
6164
6164
6403
6403
6403
6403
6403
6403
6403
6403
6403
6403
6403
6403
6403
6403
6403
6403
6403
6403
6403
6403
6403
6403
6403
6403
6403
6403
6403
6403
6352
6352
6352
6352
6352
6352
6352
6403
6403
6403
6403
6403
6403
6403
6403
6403
6403
6403
6403
6403
6403
6352
5960
5960
5960
5960
5960
5960
5910
5910
5910
5650
5650
5650
5650
5650
5650
5650
5650
5650
5650
5650
5650
5650
5650
5650
5650
5650
5650
6042
6042
6042
6302
6302
6302
6302
6302
6302
6302
6302
6302
6302
6302
6302
6302
6020
6020
6020
6020
6020
6020
6020
6020
6020
6020
6020
6302
6302
6302
6302
6302
6302
6302
6352
6403
6403
6403
6403
6403
6403
6403
6403
6403
6403
6403
6403
6403
6403
6403
6403
6403
6403
6403
6403
6403
6403
6403
6403
6403
6403
6403
6403
6403
6403
6403
6403
6403
6403
6403
6352
6352
6352
6403
6403
6403
6403
6403
6403
6403
6403
6403
6403
6403
6403
6403
6403
6403
6403
6403
6403
6403
6403
6403
6403
6403
6403
6403
6403
6403
6403
6403
6403
6403
6403
6403
6403
6403
6403
6403
6352
6352
6352
6352
6352
6352
6352
6403
6403
6403
6403
6403
6403
6403
6403
6403
6403
6403
6403
6403
6403
6403
6403
6403
6403
6403
6164
6164
6164
6164
6164
6164
6164
6164
6164
6164
6164
6164
6164
6164
6164
6164
6164
6164
6164
6164
6164
6164
6113
6113
6113
6113
6113
6113
6113
6164
6164
6164
6164
6164
6164
6164
6164
6164
6164
6164
6164
6164
6164
6164
6164
6164
6164
6164
6164
6164
6164
6164
6164
6113
6113
6063
6063
6063
6063
6063
6063
6063
6063
6063
6063
6063
6063
6063
6063
6063
6063
6063
6063
6063
6063
6063
6063
6063
6063
6113
6164
6164
6164
6164
6113
6113
6113
6352
6352
6352
6352
6352
6352
6352
6352
6352
6352
6352
6352
6352
6403
6403
6403
6403
6403
6403
6403
6403
6403
6403
6403
6403
6403
6403
6403
6403
6403
6403
6403
6403
6403
6403
6164
6164
6164
6403
6403
6403
6403
6403
6403
6403
6403
6403
6403
6403
6403
6403
6403
6403
6403
6403
6403
6403
6403
6403
6403
6403
6403
6403
6403
6403
6403
6403
6403
6403
6403
6403
6403
6403
6403
6352
6352
6352
6352
6352
6352
6352
6352
6352
6352
6352
6403
6403
6403
6403
6403
6403
6403
6403
6403
6403
6403
6403
6403
6403
6403
6403
6403
6403
6403
6403
6403
6403
6403
6403
6403
6403
6403
6403
6403
6403
6403
6403
6403
6403
6403
6403
6403
6403
6164
6164
6164
6164
6164
6164
6164
6164
6164
6164
6164
6164
6164
6164
6164
6164
6164
6164
6113
6113
6113
6113
6113
6113
6113
6113
6113
6113
6113
6113
6113
6113
5758
5809
5809
5809
5809
5809
5809
5809
5809
5809
5809
5809
5809
5809
6164
6164
6164
6164
6164
6164
6164
6403
6403
6403
6403
6403
6403
6403
6403
6403
6403
6403
6403
6403
6403
6403
6403
6403
6403
6403
6403
6403
6403
6403
6403
6403
6403
6403
6403
6403
6403
6403
6403
6403
6403
6403
6403
6403
6403
6403
6403
6403
6403
6403
6403
6403
6403
6403
6403
6403
6403
6403
6403
6403
6403
6403
6352
6352
6352
6302
6302
6302
6302
6302
6302
6302
6302
6302
6302
6302
6302
6302
6302
6302
6302
6302
6302
6352
6352
6352
6352
6352
6352
6352
6070
6352
6403
6403
6403
6403
6403
6403
6403
6403
6403
6403
6403
6403
6403
6403
6403
6403
6403
6403
6403
6403
6403
6403
6403
6403
6403
6403
6403
6403
6403
6403
6403
6403
6352
6352
6352
6352
6352
6302
6302
6302
6302
6302
6302
6302
6302
6302
6302
6352
6352
6352
6352
6352
6352
6352
6352
6352
6352
6352
6352
6352
5968
5968
5968
5968
5968
5968
5968
6019
6019
6019
6019
6019
6019
6019
6019
6019
6019
6019
6019
6019
6019
6019
6019
6019
6019
6019
6019
6019
6019
6019
6019
6019
5780
5780
5780
5780
5780
5780
5780
5780
5780
5780
5780
5780
5780
5780
5780
5780
5780
5780
5780
5780
5780
5780
5780
5729
5729
5729
5729
5729
5968
5968
5968
5968
6352
6352
6352
6352
6352
6403
6403
6403
6403
6403
6403
6403
6403
6403
6403
6403
6403
6403
6403
6403
6403
6403
6403
6403
6403
6403
6403
6403
6403
6403
6403
6352
6352
6352
6352
6352
6352
6352
6302
6302
6302
6302
6302
6302
6302
6302
6302
6302
6302
6302
6302
6302
6302
6302
6302
6302
6302
6352
6352
6352
6352
6352
6352
6352
6403
6403
6403
6403
6164
6164
6403
6403
6403
6403
6352
6352
6352
6302
6302
6302
6302
6302
6302
6302
5893
5893
5893
5893
5893
5893
5893
5893
5893
5893
5893
5893
5893
5893
5893
5893
5893
5893
5893
5893
5893
5893
5893
5893
5893
5893
5893
5893
5893
5893
5893
5893
5893
5893
5893
5893
5893
5893
5893
5893
5893
5893
5893
5893
5893
5893
5893
5893
5893
5893
5893
5893
5893
5654
5654
5654
5654
5654
5654
5654
5654
5654
5205
5205
5205
5205
5205
5614
5665
5665
5614
5614
5614
5665
5665
5665
5665
5665
5665
5665
5665
5665
5665
5665
5665
5665
5665
5665
5310
5310
5310
5310
5310
5310
5310
5310
5360
5809
5809
5809
5809
5809
6164
6164
6164
6164
6164
6164
6164
6164
6164
6164
6164
6164
6164
6164
6164
6164
6164
6164
6164
6164
6164
6164
6164
6164
6164
6164
6164
6164
6164
6164
6113
6113
6113
6113
6113
6113
6113
6164
6164
6164
6403
6403
6403
6403
6403
6403
6403
6403
6403
6403
6403
6403
6403
6403
6403
6403
6403
6403
6403
6403
6403
6403
6403
6403
6403
6403
6403
6403
6403
6403
6403
6352
6352
6352
6302
6302
6302
6302
6302
6302
6302
6302
6302
6302
6020
6020
6020
6020
6020
6020
6302
6302
6302
6302
6302
6302
6302
6352
6352
6302
6302
6302
6302
6302
6302
6302
6020
6020
6302
6302
6302
6302
6302
6302
6302
6302
6302
6302
6302
6302
6352
6352
6352
6352
6352
6302
6302
6302
6302
6302
6302
6302
6302
6302
6302
6302
6302
6302
6302
6302
6302
6302
6302
6302
6302
6302
6302
6302
6302
6302
6302
6302
6302
6302
6302
6302
6302
6302
6302
6352
6352
6352
6352
6302
6302
6302
6302
6302
6302
6302
6302
6302
6302
6302
6302
6352
6352
6302
6302
6302
6302
6302
6302
6302
6302
6302
6302
6302
6302
6302
6302
6302
6302
6302
6302
6352
6352
6352
6352
6403
6403
6403
6403
6403
6403
6403
6403
6403
6164
6164
6164
6164
6164
6164
6164
6164
6164
5715
5715
5715
5715
5715
5665
5665
5665
5665
5665
5665
5665
5665
5715
5715
5715
5715
5715
5715
5715
5715
5715
5715
5715
5715
5715
5715
5715
5715
5715
5715
5715
5715
5715
6164
6164
6113
6113
6113
6113
6113
6164
6164
6164
6164
6164
6164
6164
6113
6164
6164
6164
6164
6164
6164
6164
6403
6403
6403
6403
6403
6352
6352
6352
6352
6403
6403
6403
6403
6403
6403
6403
6403
6403
6352
6113
6063
6063
6063
6063
6063
6063
6063
6063
6113
6113
6113
6113
6113
6113
6113
6113
6113
6113
6113
6063
6063
6063
6063
6063
6113
6113
6113
6113
6113
6113
6113
6164
6164
6164
6113
6113
6113
6113
6113
6113
6113
6113
6113
6113
6113
6113
6113
6113
6113
6113
6113
6113
6113
6113
6113
6113
6113
6113
6113
6113
6063
6063
6063
6063
6063
6063
6063
6063
6063
6302
6302
6302
6302
6302
6302
6302
6302
6302
6302
6302
6352
6352
6352
6352
6352
6352
6352
6352
6352
6352
6352
6352
6352
6352
6352
6352
6352
6352
6352
6352
6352
6352
6352
6352
6352
6352
6403
6403
6403
6403
6403
6403
6403
6403
6403
6403
6403
6403
6403
6403
6403
6403
6403
6403
6403
6403
6403
6403
6403
6403
6403
6403
6352
6352
6352
6352
6352
6352
6403
6403
6403
6403
6403
6403
6403
6403
6403
6403
6403
6403
6403
6403
6403
6403
6403
6164
6164
6164
6403
6403
6403
6403
6403
6403
6403
6403
6352
6352
6352
6352
6352
6352
6352
6352
6352
6352
6352
6352
6352
6352
6352
6352
6352
6352
6352
6352
6352
6352
6352
6352
6352
6352
6352
6352
6352
6352
6352
6352
6352
6352
6352
6352
6352
6352
6403
6403
6403
6403
6403
6403
6403
6403
6403
6352
6352
6352
6352
6352
6352
6302
6302
6302
6352
6352
6352
6352
6352
6352
6352
6352
6352
6352
6352
6352
6352
6352
6352
6352
6352
6352
6352
6352
6352
6352
6352
6352
6352
6352
6352
6352
6352
6352
6352
6352
6352
6352
6352
6352
6403
6403
6403
6403
6403
6403
6403
6403
6403
6403
6403
6403
6403
6403
6403
6403
6403
6164
6164
6164
6164
6164
6164
6164
6164
6164
6164
6164
6164
6164
6113
6113
6352
6352
6352
6352
6352
6352
6403
6403
6403
6403
6403
6403
6403
6403
6403
6403
6403
6403
6403
6403
6403
6403
6403
6403
6403
6403
6403
6403
6403
6403
6403
6403
6403
6403
6403
6403
6403
6403
6403
6403
6403
6403
6403
6403
6403
6403
6403
6403
6403
6403
6403
6403
6403
6403
6403
6403
6403
6403
6403
6403
6164
6164
6164
6164
6164
6164
6164
6164
6164
6164
6164
6164
6164
6164
6164
6164
6164
6164
6164
6164
6164
6164
6164
6164
6164
6164
6164
6164
6164
6164
6164
6164
6164
6164
6164
6164
6164
6164
6403
6403
6403
6403
6403
6403
6403
6403
6403
6403
6403
6403
6403
6403
6403
6403
6403
6403
6403
6403
6403
6403
6403
6403
6403
6403
6403
6403
6403
6352
6352
6352
6352
6352
6352
6352
6352
6352
6352
6352
6302
6302
6302
6302
6302
6302
6302
6302
6302
6302
6302
6302
6302
6302
6302
6302
6302
6302
6352
6403
6403
6403
6403
6403
6403
6403
6403
6403
6403
6403
6403
6403
6403
6403
6403
6352
6352
6302
6302
6302
6302
6302
6302
6302
6302
6302
6302
6302
6302
6302
6302
6302
6352
6352
6352
6352
6352
6352
6302
6302
6302
6302
6302
6302
6302
6302
6302
6302
6302
6302
6302
6302
6302
6020
6070
6070
6070
6070
6070
6070
6070
6070
6070
6352
6352
6352
6352
6352
6352
6352
6352
6352
6352
6302
6302
6302
6302
6302
6302
6302
6302
6302
6352
6352
6352
6352
6352
6352
6352
6352
6352
6352
6403
6403
6403
6403
6403
6403
6403
6403
6403
6403
6403
6403
6403
6403
6403
6403
6403
6403
6403
6352
6352
6352
6352
6352
6352
6352
6352
6352
6352
6352
6352
6352
6352
6352
6352
6352
6352
6352
6352
6352
6352
6352
6352
6352
6352
6352
6352
6352
6302
6302
6302
6352
6352
6352
6352
6352
6352
6352
6352
6352
6352
6352
6352
6403
6403
6403
6403
6403
6403
6403
6403
6403
6403
6403
6403
6403
6403
6403
6403
6403
6403
6403
6403
6352
6352
6352
6302
6302
5910
5910
5910
5910
5960
5960
5960
5960
5960
5960
5960
5960
5960
5960
5960
5960
5960
5960
5960
5960
5960
5960
5960
5960
5960
5960
5960
6352
6352
6352
6352
6352
6352
6352
6352
6352
5968
5968
6019
6019
6403
6403
6403
6403
6403
6403
6403
6403
6403
6352
6352
6352
6352
6352
6352
6352
6352
6352
6352
6403
6403
6403
6403
6403
6403
6403
6403
6403
6403
6403
6403
6403
6403
6403
6403
6403
6403
6403
6403
6403
6403
6403
6403
6403
6403
6403
6352
6352
6352
6352
6352
6352
6352
6352
6352
6352
6352
6352
6352
6352
6352
6352
6352
6352
6352
6352
6352
6352
6352
6352
6352
6352
6352
6352
6352
6352
6352
6352
6352
6352
6352
6352
6352
6352
6352
6352
6352
6352
6352
6352
6352
6352
6352
6352
6352
6352
6352
6352
6352
6302
6302
6302
6302
6302
6302
6302
6302
6302
6302
6302
6302
6352
6352
6352
6352
6352
6352
6352
6403
6403
6403
6403
6403
6403
6403
6403
6403
6403
6403
6403
6403
6352
6403
6403
6403
6403
6403
6403
6403
6403
6403
6403
6352
6352
6352
6352
6352
6302
6302
6302
6302
6302
6302
6302
6302
6063
6113
6113
6113
6113
6113
6113
6113
6113
6113
6113
6113
6352
6352
6352
6352
6352
6352
6352
6352
6352
6352
6352
6352
6352
6352
6113
6113
6113
6113
6113
6113
6113
6113
6352
6352
6352
6403
6403
6403
6403
6403
6403
6403
6403
6403
6403
6403
6403
6403
6403
6403
6403
6352
6352
6352
6352
6352
6352
6352
6352
6302
6302
6302
6352
6352
6352
6403
6403
6403
6403
6403
6403
6403
6403
6403
6403
6403
6403
6403
6403
6403
6403
6403
6403
6403
6403
6403
6403
6403
6403
6403
6403
6352
6352
6352
6352
6352
6352
6352
6352
6403
6403
6403
6403
6403
6403
6403
6352
6113
6113
6113
6113
6113
6113
6113
6164
6164
6403
6403
6403
6403
6403
6403
6403
6403
6352
6352
6352
6352
6352
6352
6352
6352
6352
6302
6302
6302
6302
6302
6302
6302
6302
6302
6302
6302
6302
6302
6302
6302
6302
6302
6302
6302
6302
6302
6302
6302
6302
6302
6302
6302
6302
6302
6302
6302
6302
6302
6302
6302
6302
6302
6302
6302
6302
6302
6302
6302
6302
6302
6302
6302
6302
6302
6352
6352
6302
6302
5910
5910
5910
5910
5910
5578
5578
5628
5628
5628
5628
5628
5628
5628
5628
5628
5628
5628
5628
5628
5628
5628
5628
5628
5628
5628
5628
5628
5628
5628
5628
5628
5628
5628
5628
5628
5628
5628
5628
5628
5628
5628
5628
5628
5628
5628
5628
5628
5628
5628
5628
5628
5628
5578
5578
5578
5578
5910
5910
5910
5910
5910
5910
5910
5910
5910
5910
5910
5910
5910
5910
5910
6302
6302
6302
6302
6302
6302
6302
6302
6302
6352
6403
6403
6403
6403
6403
6403
6403
6403
6403
6403
6403
6403
6403
6403
6403
6403
6403
6403
6403
6403
6403
6403
6403
6403
6403
6403
6403
6403
6403
6403
6403
6403
6403
6403
6403
6403
6403
6403
6403
6403
6403
6403
6403
6403
6403
6403
6403
6403
6403
6403
6403
6403
6403
6403
6403
6403
6403
6403
6403
6403
6403
6403
6403
6403
6403
6403
6403
6403
6403
6403
6403
6403
6403
6403
6403
6403
6403
6403
6403
6403
6352
6403
6403
6403
6403
6403
6403
6403
6403
6403
6403
6403
6403
6403
6403
6403
6403
6403
6403
6403
6403
6403
6403
6403
6403
6403
6403
6403
6403
6403
6403
6403
6352
6352
6352
6352
6352
6352
6352
6352
6352
6352
6352
6352
6352
6352
6352
6352
6352
6352
6352
6352
6352
5960
5960
5960
5960
5960
5960
5960
5960
6352
6352
6352
6352
6352
6352
6352
6352
6352
6403
6403
6403
6403
6403
6403
6403
6403
6403
6403
6403
6403
6403
6403
6403
6403
6403
6403
6403
6403
6403
6403
6403
6403
6403
6403
6403
6403
6403
6403
6403
6403
6403
6403
6352
6352
6352
6352
6352
6403
6403
6403
6403
6403
6403
6403
6403
6403
6403
6403
6403
6403
6403
6403
6403
6403
6403
6403
6403
6403
6403
6403
6403
6352
6352
6352
6352
6352
6352
6403
6403
6403
6403
6403
6403
6403
6403
6403
6403
6403
6403
6403
6403
6352
6352
6403
6403
6403
6403
6403
6403
6403
6403
6403
6403
6403
6403
6403
6403
6403
6403
6403
6403
6403
6403
6403
6403
6403
6403
6403
6403
6403
6403
6403
6403
6403
6403
6403
6403
6352
6352
6352
6352
6302
6302
6302
6302
6352
6352
6352
6352
6302
6302
6302
6302
6302
6302
6352
6352
6352
6352
6352
6352
6352
6352
6352
6352
6352
6352
6352
6352
6352
6352
6352
6352
6352
6352
6352
6352
6352
6302
6302
6302
6302
6302
6302
6302
6302
6302
6302
6302
6352
6352
6352
6352
6352
6352
6352
6352
6352
6352
6352
6352
6302
6302
6302
6302
6302
6302
6302
6352
6352
6352
6352
6352
6352
6352
6352
6352
6352
6352
6352
6352
6352
6352
6352
6352
6352
6352
6352
6352
6352
6352
6403
6403
6403
6403
6403
6403
6403
6403
6403
6403
6403
6403
6403
6403
6403
6403
6403
6403
6403
6403
6403
6403
6403
6403
6403
6403
6403
6403
6403
6403
6403
6403
6403
6403
6403
6164
6164
6164
6164
6164
6164
6164
6164
6164
6403
6403
6403
6403
6403
6403
6403
6403
6403
6403
6403
6403
6403
6403
6403
6403
6403
6403
6403
6403
6403
6403
6403
6403
6403
6403
6403
6403
6403
6403
6403
6403
6403
6403
6403
6403
6403
6403
6403
6403
6403
6403
6403
6403
6403
6403
6403
6403
6403
6403
6403
6403
6403
6403
6403
6352
6352
6352
6352
6352
6352
6352
6352
6352
6352
6352
6352
6352
6352
6352
6352
6352
6352
6352
6352
6352
6352
6352
6352
6352
6352
6302
6302
6302
6302
6302
6302
6302
6302
6302
6302
6352
6352
6352
6352
6352
6352
6352
6352
6352
6403
6403
6403
6403
6403
6403
6403
6403
6403
6403
6403
6403
6403
6403
6403
6403
6403
6403
6403
6403
6403
6403
6403
6403
6403
6403
6403
6403
6403
6352
6352
6352
6352
6352
6352
6352
6352
6352
6352
6352
6352
6352
6352
6352
6113
6164
6164
6164
6164
6403
6403
6403
6403
6403
6403
6403
6403
