3440
3456
2773
3055
3106
3156
3156
3605
3865
3507
3507
3839
3939
3679
3629
3629
4191
4140
3691
3299
3349
3733
3324
3733
3401
3733
4182
4574
4083
3691
4374
4374
4274
3942
3259
2810
3070
3070
3519
3259
3750
4082
3698
3698
4090
3439
4122
4122
3790
4148
3657
3656
3247
3898
3898
4307
3624
3863
3963
3863
3847
3438
4121
4137
4469
4878
4639
4640
4248
4640
4308
3950
4282
4773
5157
4825
5183
4774
5183
5443
5682
5443
5161
4712
4994
4610
4328
4683
4683
4734
4684
4193
3801
4083
3400
3500
3949
4281
3872
3514
2952
3443
3835
3344
3344
3062
2670
2720
2670
2019
2670
3232
3181
3565
3804
4162
4212
4212
4212
4212
3650
3318
3268
3550
3942
3992
4675
4726
4342
4726
5217
5217
5549
5267
5266
5006
4651
4267
4267
4622
5031
4931
4880
4880
4488
3837
3346
2891
2442
2392
2492
2160
2651
2702
2702
3151
3802
4194
4143
3734
3785
3734
3784
3768
4152
3797
3146
3162
2778
3187
2829
2437
2437
3088
3088
3370
3762
3746
3747
3355
3354
3712
3612
3254
3646
3237
2586
2602
2602
3164
3148
3199
3199
2516
2234
2618
2567
2827
2827
3185
3185
3467
3018
2968
2969
2577
3032
3032
3715
3714
3814
4263
3808
3808
3548
3448
3708
4063
4472
4522
4262
4313
4262
3980
3625
3676
3676
3318
2909
2925
2242
1793
1793
2185
2634
2894
3577
3986
3986
3986
3935
3935
3986
3594
3544
3160
3160
3515
3106
3438
3422
3704
4159
3710
3810
4259
4275
4224
4633
4278
4278
4279
4634
4302
4660
4098
3649
3649
3294
3278
3727
3236
3568
2885
2884
3276
3276
3292
3292
3276
3292
3343
2888
2837
2837
2598
3160
3399
2950
3601
3192
2910
2911
2651
3142
3192
3092
3092
3775
4130
3639
3247
3247
2892
2653
3045
2483
2483
2722
3171
3626
3625
3626
3886
3647
3647
3192
3292
3292
3574
3813
3553
3552
3220
3604
3959
4521
4471
4471
4371
4355
4355
3906
4361
4461
4793
4809
4809
5069
4969
5019
4737
4086
4368
4086
4495
4495
4546
4546
5197
5297
4965
5247
5579
5319
5319
4910
5401
5350
4859
5119
4557
4507
4558
4276
4725
5134
5134
4802
4751
4342
4392
4132
3748
4132
4392
4376
4658
4419
4319
4320
3936
3987
3629
3629
3629
3987
3987
3629
3180
3419
3368
3367
3383
3434
3152
2697
2046
2697
3152
2797
3129
2890
2890
2891
3173
3123
3685
4094
4094
4478
4578
4628
4612
4628
4628
4578
4628
4612
4561
4229
4229
4280
3896
3614
3614
3613
3629
3984
3529
3529
3174
3174
3665
3666
3948
4303
4303
4687
4671
4671
4620
4360
4260
4709
4218
4576
4576
4592
4592
5083
5083
5083
5343
4781
4781
4765
4274
3825
3876
3976
3976
3293
3293
3625
4187
4678
4917
4657
4607
5062
4653
4653
4653
4913
4262
4711
4356
4765
4483
4383
4399
4681
4119
4103
4102
3863
3879
3547
3547
4230
4280
4519
4237
3782
4064
4396
4751
5402
5402
5403
4994
4545
4306
3974
3692
3974
4306
4306
4755
4994
4662
4646
5055
5055
4795
4346
4107
3752
4314
4646
4646
4314
4330
4685
5134
4725
5180
5589
5134
5118
4709
4658
4897
4406
4405
4405
4013
4468
3785
3885
3234
3234
3235
3286
3286
3777
4460
4476
4475
4424
4424
4424
3741
4392
4801
4446
4207
4599
4599
4599
4599
4241
3750
3099
3100
3751
4109
4369
4368
3959
4642
4592
5001
4901
4952
5002
5002
5002
4644
4883
5215
4806
4790
4458
4558
4166
4066
4015
4015
3453
3785
4177
4177
4668
5230
4781
4797
4797
4515
4516
4965
5065
4733
4733
5015
5015
5015
5424
5408
5126
5026
5384
5384
5384
5000
5000
5000
4509
4864
4625
4625
4270
4370
4609
4625
4625
4365
4365
4365
3910
4294
4194
3955
4194
4685
4635
3984
3600
3191
3191
3646
4030
4030
4290
4290
4290
4274
3890
3890
3532
3293
2802
3157
3208
3208
3208
2646
2885
2935
2935
3267
3549
4200
4200
4200
4199
4608
4624
4573
4573
4624
5008
4676
5238
5570
5215
4955
4955
4904
5164
5148
5248
4793
4693
4284
4300
4791
4407
4458
4126
3475
3193
3551
3935
3919
4328
4277
4293
4625
4267
4318
3635
3635
3144
3094
3549
4200
4200
3961
4200
4555
5238
4854
4904
4854
4854
4838
4506
4506
4838
4383
4123
3791
4149
4149
4409
4425
4707
4349
3994
4094
3855
3855
3855
3804
3355
3405
3789
3138
3138
3139
3139
2747
2747
3196
3847
3898
3215
3115
3798
4289
4644
5099
5099
4650
4649
4649
4389
4390
4390
4748
5080
4722
4313
4313
3958
4058
3726
3986
3704
3704
4036
3776
3776
4185
4467
4467
4417
4366
3715
3954
3954
4346
4795
4513
4104
4155
3823
4181
4463
4795
4795
4795
4845
4606
4961
5200
5851
5402
5402
5302
4970
5379
5379
4924
4924
4923
4432
4432
4048
4048
4048
4049
3640
4095
4095
4079
3840
3485
3894
3439
3030
3130
3621
3621
3637
2954
2954
3363
3363
3362
3622
4071
4426
4881
4426
4427
3936
3654
3936
3578
3962
3912
3520
3520
3520
4203
4658
4203
4442
4441
4441
4896
5288
5288
5288
5188
4733
4733
5188
5188
5188
5188
5520
5128
4445
4495
4887
4887
4438
4387
4745
4485
4536
4985
4627
4295
3940
3491
3491
3591
3540
3541
3540
3490
3106
3006
3689
4138
4138
4493
4493
4493
4543
4544
4544
4528
4528
4073
4073
3664
3272
3727
3727
3743
4152
4152
4412
4411
4361
4411
4511
4903
4887
5245
5245
5296
5245
5577
5338
5238
5238
4789
4457
4789
4457
4457
4948
4948
4590
4591
4199
3844
3844
4228
3737
3737
4095
3711
3710
3027
2977
3361
3693
3744
3744
3983
4033
4034
4033
4033
4033
4388
4404
4388
4388
4879
4879
4547
4192
3808
4200
4883
4883
4644
4644
4744
4760
4760
4744
4744
4744
4352
4352
4252
4268
4268
4600
4992
5092
4441
4083
4083
4438
3876
3776
3494
3494
3494
3478
3479
3070
3721
3960
3976
3976
4360
4809
5091
5091
5091
4809
4809
5371
4916
4467
4467
4467
4467
4083
4083
4538
4183
4133
3642
3641
3625
3625
3625
3980
3297
3681
3781
4139
4139
4139
4139
4548
5231
5231
5231
4839
5330
5330
5070
5070
5086
4986
5268
5528
5512
4950
4899
4949
5398
5960
5678
5294
4936
4936
5218
4727
4727
4743
5127
4743
4461
4461
4201
4201
4185
4285
4285
4545
4929
4929
4669
5061
5552
5502
5784
5375
5375
5425
5425
5186
5186
4737
4737
4738
5187
4855
4855
5187
5596
5612
5612
5163
5163
4771
5031
5270
4938
4483
4383
4383
4028
3619
3569
3569
3978
4336
4336
4691
5023
4665
4405
4405
4404
4049
4049
3665
3174
3174
3274
3658
3658
3419
3319
2987
3342
3343
3675
4166
4150
4150
4389
4844
4844
4844
4353
4711
4711
4711
4060
4060
4160
4651
4369
4629
4629
4629
4679
4295
4056
3956
4238
4622
4290
4290
4306
4306
4290
4390
4782
4833
4833
4551
3989
4551
4551
4551
4451
4451
3996
4647
4747
5202
4711
4710
4710
5159
5159
5159
5109
4717
4718
4718
4334
4074
4074
3974
4256
4256
3974
3974
3990
3990
3990
3939
3939
3923
4414
4414
4413
4429
4529
4921
4905
4905
4921
5181
5420
5470
5470
5854
5854
5445
5445
5429
5430
5380
4996
4757
5039
5448
4886
5270
5320
5559
6121
6121
6120
5437
5437
5437
5437
4946
4588
4349
3894
3894
4226
3894
3894
3445
3684
3300
3755
4204
4695
4695
4696
4712
4612
4330
4330
3938
4322
4422
5105
5387
5127
5027
5027
5011
5010
5010
5010
5026
5026
4787
4787
5145
5537
5145
5145
4690
4790
4299
4299
4299
4299
4538
4538
4299
3944
3894
3894
3894
3895
4386
4718
4718
4702
4718
5173
5173
5173
4789
4773
4415
4315
4315
4366
4758
4366
4366
4750
4295
4395
4395
4344
4344
3661
3252
3252
3644
3999
3998
3998
3614
3998
3998
4048
4406
4815
5270
5270
5270
5270
5286
5286
5286
5270
5270
4821
4822
5082
4698
4416
4416
4432
4671
4671
4432
4432
4416
3854
4303
4303
4687
4232
4915
4655
4937
4937
5499
5550
5550
5550
4988
4604
5166
4757
5166
5166
4811
4479
4070
4069
4308
4308
4308
4069
4524
4784
4784
4784
4784
4426
3935
3935
3935
3884
3834
3834
3834
3884
3900
3900
3451
3401
3892
4276
4276
4685
4585
4585
4824
4874
4925
4541
3890
4248
3988
4372
3963
4318
4302
4318
4318
4727
4728
4446
4728
5060
5060
5044
5493
5493
5443
5459
5559
5559
5559
5559
5559
5559
5110
5110
5110
5370
5131
5131
4773
5012
5370
5370
5354
5303
5303
5752
5190
5090
5090
5090
5090
5090
4735
5090
4808
5370
5369
5651
5412
5651
5652
5203
5254
5254
5703
5652
5652
5294
5294
4732
4283
4282
4382
4398
4398
4399
4399
4961
4506
4506
4505
4555
4555
4555
4316
4316
4216
4216
4216
4671
4655
4373
5024
5075
5075
5075
5433
5383
5433
5075
4815
4460
4460
4742
4358
4374
3982
4431
4431
4691
5083
5083
5083
5322
5040
5322
5680
5780
5520
5875
5825
5470
5470
5370
5370
5630
5630
5370
4915
4899
5254
5514
5564
5564
6019
6019
6019
6119
6119
5764
5482
5482
5033
5315
5315
5315
5764
5764
5432
5432
5432
5381
5765
6097
6097
6097
6047
6047
5556
5556
5556
5101
5101
5102
4820
4820
4820
4560
4560
4460
4460
4951
4951
4712
4712
4712
5067
5306
4974
4973
5023
4372
4372
3988
4443
4393
4444
4444
4444
4544
4545
4929
5261
5261
5311
4902
4902
4219
4628
4273
4173
4173
4173
4433
4433
4101
3692
3708
4359
4358
5041
5396
5496
5496
5496
5496
5497
5497
5829
5828
5777
5517
5568
4885
4885
4885
4394
4394
4394
4394
4676
4676
4676
4625
4625
4626
4677
4228
4488
4488
4488
4249
4249
4658
4007
4007
3991
4674
5165
5164
5164
5815
6264
5982
5982
5931
5947
5931
5547
5598
5598
5498
5498
5498
5498
5448
5448
5448
5448
5548
5093
4701
4940
4990
4990
4990
4730
4730
4746
4388
4388
3897
3897
3797
3798
3798
4058
4008
4007
3768
3436
3436
3436
3820
4152
4643
4643
4643
4882
4882
4883
4983
4967
4867
5259
5617
5378
5377
4694
4794
4436
4436
4436
4385
4030
4046
4404
4405
4405
4860
4844
4844
4844
4395
4395
4395
4135
4135
4374
4016
4298
4653
4704
4754
4263
4621
5304
5304
5304
5753
5398
5298
5558
5558
5507
5507
5998
5998
6353
5961
5552
5944
5960
5960
5605
5605
5605
5705
5705
6114
6113
5755
5755
5264
5214
4932
5214
5214
5214
5215
5115
5115
5115
5166
5657
5657
5656
5656
6014
5523
5523
5878
5878
5928
6028
5345
5345
5345
5345
5345
5836
5836
5597
5546
5785
5785
5785
5685
5685
5685
5685
5123
5107
5107
5107
4723
4823
5207
5207
5207
4849
4457
4048
4048
4610
4610
4610
4510
4019
4019
4019
4019
4119
4119
4120
4120
4120
3860
3860
3860
4543
4803
5195
5195
4512
4512
5003
5003
5003
5003
5003
5003
5003
5019
5428
5328
5327
4943
4944
4944
4944
4894
4894
5252
5252
5013
5013
5013
4655
4654
5012
5012
5063
5047
5047
5047
4592
4593
4592
4592
4608
4608
4608
4608
4847
4796
5180
5180
4796
4145
4145
4145
4145
4145
3736
3736
3476
4127
4127
4387
4387
4796
5479
5479
5480
5530
5985
5627
5178
5178
5278
5178
5178
5178
5178
5536
5636
5278
5277
4594
4312
4312
4696
4696
5054
5054
5054
5054
5054
5503
5503
5503
6186
6186
5503
5119
5119
5170
5170
5170
5853
5362
5362
5362
5362
5362
5853
5753
5753
6137
5805
5806
5906
5906
5806
5906
5906
5906
5906
5906
5906
5514
5105
5105
5105
5105
5105
5105
4650
4550
4550
4882
5164
4882
5164
5164
5573
5291
5241
5241
5523
5623
5523
5168
5168
5168
4677
5132
5132
5232
5231
5215
5215
5215
5215
5216
5571
5239
4830
4830
5239
5239
5239
5239
5239
5139
4879
4879
5139
5139
5139
5139
5139
5471
5471
5470
5470
5419
5419
5419
5419
5910
5961
5961
5962
5962
6012
6012
6028
6028
6028
5673
5622
5622
5213
5213
5313
5364
5364
5756
5517
5926
5910
5859
5859
5859
5859
5501
5241
5501
5092
4637
4688
4688
4356
4305
4663
4563
5018
5427
5427
5527
5578
5578
5578
5016
4756
5318
5318
5318
5318
4926
4926
4926
5258
5208
5208
5447
5463
5855
6210
6470
6419
6419
6418
6418
6086
6086
6086
6086
6136
5854
6136
5854
5470
5210
5210
5492
5543
5052
5052
5543
5493
5393
5111
5371
5355
5356
5356
5355
5355
5355
4946
4497
4547
4056
4056
4056
4056
4505
4455
4455
4471
4471
4471
4880
4930
4930
4880
4930
4670
4620
4620
4880
4829
5213
5197
4742
4742
4793
5248
4893
4993
4635
4651
4600
4600
4650
4651
5142
4651
4933
4933
4541
4541
4302
3918
4310
4642
4542
4542
4926
4926
4926
4926
5284
5284
5284
5775
5775
5774
5774
5416
5134
5185
5185
5185
5185
5424
5424
5185
5185
5540
5540
5540
5540
5524
5524
5540
5898
5998
5998
5948
5998
5998
5998
5614
5614
5598
5880
5780
5780
5780
5498
5514
5753
5395
5003
5003
5003
5103
5103
5103
4843
4843
4793
4742
4503
4554
4454
4838
5077
5077
5077
5077
5435
5435
5535
5535
5535
5535
5535
5535
5535
5535
5536
5536
5536
5297
5296
5578
5129
5129
5368
5317
5317
5317
5317
4985
4885
4885
4885
4885
4885
4936
4654
4654
4654
4654
4654
4654
4654
4654
4603
5052
5053
5053
5053
5385
5385
5385
5485
5130
4681
4442
4442
4797
4781
4832
5092
5092
5092
5092
4760
4760
4109
4159
4608
5259
5208
5208
4759
4759
4759
5041
5280
5280
4718
4718
4718
4718
4668
4684
4329
4329
4661
4661
5016
5016
5016
5016
5016
5015
5407
5457
5457
5457
5508
5509
5509
5227
5177
4938
4938
5177
5177
5739
6188
5796
5796
5796
5796
5745
5745
5745
5795
5346
5330
5346
5346
5345
5329
5345
5794
5794
5744
5744
5795
5796
5796
5796
5796
5796
5796
5796
5387
5127
5387
5387
5387
5387
5386
5386
5668
5568
5568
5568
5568
5184
5184
5184
5184
4945
4945
4490
4874
4874
5283
5333
5725
5725
5725
5675
5914
5654
5754
5754
5754
5754
5754
5754
5754
5754
5754
5754
5370
5370
5370
5754
5654
5754
5804
5753
5753
5753
5753
5753
5653
5654
5654
5654
5654
6109
6109
6109
6109
6109
6109
6109
6109
6369
6353
6369
6087
6087
6087
6187
6187
5795
5795
5535
5535
5519
4957
4973
4734
4734
4733
5125
5125
5125
5109
5125
5125
5385
5385
5385
5385
5667
5667
6229
6229
6129
6180
5796
5780
5780
5498
5043
5043
5043
5498
5498
5498
5499
5141
5157
5257
5257
5615
5615
5615
5223
5505
5505
5505
5505
5505
5454
5099
4690
4241
4241
4241
4241
4241
4225
4225
4225
4617
4617
3934
3934
4318
4318
4767
4767
4766
4666
4666
4666
4666
5349
5349
5349
5449
5349
4991
4991
5007
5008
5247
5347
5398
5398
5756
5307
5307
5307
5307
5307
5207
5656
5656
5656
5264
5364
5364
5364
5364
5364
5364
5364
5364
5363
5363
5363
5313
5313
4981
4981
5336
5337
5337
5336
5728
5728
5677
5678
5662
5304
5355
5355
5687
5196
4914
4914
4914
4914
4914
4913
4929
4929
4930
4930
4930
4929
4913
4862
4862
4862
5353
5711
5712
5712
5452
5452
5094
5354
5354
5354
5353
5353
5635
5635
5636
5636
5994
6044
5944
5944
6044
6043
6043
6043
6043
6043
6043
6043
6043
5588
5588
5997
5997
5997
5997
5997
5737
5737
5455
5455
5455
5216
5216
5455
5455
5910
5910
5910
5860
5860
5411
5056
5056
5056
5316
5316
5316
5316
5598
6047
6047
6047
5765
5765
5765
6120
6120
5860
5861
5861
6121
6021
6303
6302
6302
6302
6302
6302
6302
6303
6302
6020
6020
6302
6302
6302
6402
5953
5953
5598
5266
5266
5266
5266
5266
5027
5078
5027
4669
4669
4685
5040
5041
5041
5041
5041
5040
5040
5040
5040
5040
4940
4924
4924
4664
4664
4664
4102
4102
4102
4341
4790
5148
4739
4739
4739
4739
4790
4890
4890
4890
5222
5482
5033
5033
5033
5595
5595
5611
6020
6020
6020
6020
6020
6020
5920
5920
6020
5760
5760
5760
5402
5402
5402
5402
5403
5761
6210
6194
6454
6454
6454
6454
6096
6146
5463
5479
5087
5087
5087
5087
5445
5445
5445
5445
5345
6028
6028
6028
6028
6028
6028
6028
6028
6028
6028
6420
6138
6138
6137
6137
6137
6137
6137
6137
6087
6087
6087
5638
5587
5687
6136
6418
6418
6318
6318
6318
6036
5678
5662
5663
5663
5763
5663
5279
5379
4728
4728
4728
4727
4727
4727
4727
4467
4467
4727
4727
5378
5378
5660
5660
5660
5660
5660
5660
6044
5805
5805
5805
5805
5805
5805
5805
5805
5821
5437
5437
5437
5155
5206
5206
5206
5206
5206
5488
5727
5676
5676
5676
5676
6060
6060
6060
6418
6063
6063
6063
6114
6115
6165
6165
6165
6164
6164
6164
6164
6164
6164
6164
6164
6164
6164
6164
6164
5904
5665
5665
5665
5925
5925
5925
6164
6164
6164
6164
6148
5909
5909
5909
5858
6213
6214
6214
6230
6229
5820
5820
6229
6229
6229
6229
6229
6179
6179
6179
5730
6179
5787
5787
5787
5771
6010
6010
6010
6402
6402
6402
6402
6402
6403
6403
6403
6071
6071
6122
5738
5499
5090
5499
5831
5731
5731
5730
5730
5730
5730
6114
6114
6114
6114
6114
6114
6114
6114
6114
6114
5730
5969
5969
5709
5709
5709
5709
5759
5759
5775
5775
5725
5985
5576
5576
5560
5560
5576
5676
5677
5661
5661
5677
5661
5661
5422
5661
5561
5661
5661
5660
5560
5660
5661
5661
5661
5422
5422
5422
5806
5822
5822
5822
5822
5822
5821
5805
5806
5414
5414
5414
5414
5414
5430
5170
5170
5170
5220
5220
5204
5464
5464
5464
5856
5856
6095
6095
5703
5719
5719
6111
6111
6111
6111
6111
6520
6520
6520
6520
6520
6520
6520
6520
6188
6188
6188
6520
6504
6503
6111
6111
6111
5727
5727
5488
5488
5872
5772
5772
5721
5772
5721
6113
6113
6114
5832
5832
5832
5832
5832
5832
5832
5782
5781
5781
5781
5831
5831
5831
5831
6070
6070
6070
6121
6121
6121
6121
6121
5861
6143
6143
6143
6159
6159
6259
6209
6209
6209
6259
5904
5904
5904
6259
6259
6259
6259
6259
6259
6259
6519
6259
6209
6209
6209
6209
6259
6259
6259
6020
6280
6280
6180
6180
6164
6165
6114
6114
6114
6114
6214
5932
5931
5931
5931
5931
5931
5931
5931
5931
5931
5931
5931
5831
5831
5931
5931
6170
6170
6170
6170
6170
6120
5860
6120
6170
6170
6170
6170
6452
6452
6453
6453
6353
6353
6404
6404
6404
6404
6403
6403
6403
6403
6403
6352
6352
6352
6352
6352
6352
6352
6352
6452
6452
6213
6213
6213
6213
6213
5931
5931
6170
6120
6136
6136
6136
6418
6418
6418
6402
6402
6402
6402
5911
5911
5911
5912
5912
6403
6403
6403
6403
6403
6403
6403
6403
6403
6403
6403
6403
6454
6454
6454
6454
6454
6403
6403
6403
6403
6403
6403
6303
6303
6303
6303
6303
6302
5970
5970
5970
5970
5970
5970
5970
5970
5970
6302
6302
6302
6302
6302
6352
5968
5729
6113
6113
6352
6352
6352
6352
6352
6353
6352
6352
6352
6352
6352
6353
6353
6353
6353
6453
6453
6353
6353
6353
6353
6352
6352
6452
6192
5953
5953
5969
5969
5953
6004
6004
6004
6004
5904
5904
5904
5920
5869
5869
5587
5587
5687
5687
5687
5687
5687
5671
5671
5931
5881
5881
5881
5882
5882
5882
5882
5882
5932
5932
5932
5932
6171
6171
6453
6403
6403
6403
6403
6048
6099
6454
6454
6454
6470
6470
6470
6419
6419
6419
6419
6180
6180
6179
6179
6179
6229
6213
6229
6229
6229
6129
6079
6080
6080
6319
6037
6037
6037
5679
5679
5961
5961
5961
6012
5961
5961
5960
5960
5960
5960
5960
5960
5551
5551
5960
5960
6060
6060
6060
5409
5409
5459
5459
5459
5510
5494
5494
5494
5444
5444
5444
5444
6095
6095
6453
6453
6453
6453
6454
6454
6454
6403
6303
6303
6303
6303
6303
6303
6354
6354
6115
6131
6131
6131
6370
6370
6370
6369
6369
6369
6369
6369
6369
6369
6469
6469
6077
6077
6077
6078
6078
6078
6470
6470
6470
6470
6061
6045
6454
6454
6454
6454
6470
6470
6470
6470
6470
6454
6454
6454
6454
6454
6454
6454
6453
6453
6453
6453
6453
6453
6453
6453
6503
6403
6403
6419
6419
6419
6419
6064
6064
6064
6064
6064
6048
6048
6048
6048
6403
6403
6403
6403
6403
6403
6403
6352
6352
6070
6070
6070
6070
6070
6070
6070
6070
6071
6021
6021
6021
6021
6121
6121
6121
6121
6121
6121
6121
6121
6121
6403
6419
6419
6419
6419
6419
6419
6419
6419
6419
6419
6419
6419
6419
6403
6403
6403
6403
6403
6403
6403
6403
6454
6454
6454
6454
6504
6504
6520
6520
6420
6420
6420
6420
6420
6420
6420
6420
6420
6404
6403
6403
6403
6403
6403
6403
6403
6352
5968
5968
6019
6019
5969
5969
5969
6353
6353
6353
6353
6353
6353
6353
6353
6354
6354
6354
6354
6354
6354
6303
6302
5947
5947
5947
5947
5998
5998
5998
6353
6353
6353
6353
6369
6369
6369
6369
6369
6130
5746
5746
5796
5746
5747
5747
5747
5696
5696
5796
5796
5696
5796
5796
5796
5796
5796
5796
5796
5796
5796
6035
6034
5795
5795
5795
5795
5796
5796
5796
5796
5846
5846
5846
5846
5846
5514
5514
5514
5846
5846
5846
5846
5846
5846
5846
5796
5796
5780
5371
5371
5371
5780
5780
5780
5780
6164
6164
6164
6164
6164
6163
6163
6163
6179
6179
6230
6230
6230
6230
6230
6230
6230
6230
6230
6230
6230
6230
6230
6231
6231
6231
6231
6231
6231
6231
6180
6180
6180
6180
6180
6180
6230
6230
6230
6230
6230
6230
6230
6469
6469
6137
6087
6087
6087
5678
5678
5678
5678
5678
5662
5994
5994
5994
6403
6403
6419
6418
6418
6419
6403
6403
6403
6164
6163
6063
6063
6079
6179
6179
6230
6280
6280
6280
5948
5948
5948
6280
6280
6280
6280
6280
6280
6280
6280
6280
6280
6280
6280
6280
6280
6280
6280
6280
6280
6280
6264
6264
6264
6264
6164
6164
6164
6164
6164
6165
6165
6181
6181
6181
6420
6404
6404
6353
6353
6353
6353
6353
6353
6453
6403
6303
6353
6353
6352
6352
6352
6353
6404
6404
6404
6404
6404
6404
6404
6122
6122
6122
6121
6121
6221
6221
6221
6221
6221
6221
6221
6221
6221
6222
6222
6222
5983
5983
5983
5983
5983
5983
5983
5983
5983
6222
6222
6222
6222
6221
6221
6221
6221
6221
6221
6221
6221
6503
6503
6503
6503
6503
6503
6503
6503
6503
6503
6519
6519
6519
6519
6519
6519
6519
6503
6519
6519
6520
6520
6520
6520
6469
6469
6469
6469
6419
6419
6419
6419
6419
6419
6419
6419
6419
6419
6419
6469
6468
6468
6468
6468
6468
6468
6468
6110
6110
6110
6060
6060
6060
6060
6060
6060
6060
6060
6060
6060
6060
6060
6060
6060
6060
6060
6111
6111
6111
6111
6111
6111
6111
6111
6111
6111
6111
6111
6469
6469
6469
6469
6469
6418
6418
6418
6418
6418
6063
6063
6063
6063
6047
6047
6047
6047
6047
6047
6047
6047
6047
6048
5948
5998
5998
5998
5998
5998
5998
5948
5964
6015
6015
6015
6115
6115
6470
6470
6520
6520
6520
6520
6520
6470
6470
6470
6470
6470
6470
6470
6469
6469
6469
6111
6112
6112
6111
6111
6011
6011
6011
6011
6011
6011
6011
6011
6011
6011
5960
5960
5960
5960
5960
5960
5960
5960
5960
5960
6060
6060
6060
6060
6060
6060
6060
6060
6060
6060
6061
6061
6061
6045
6044
6402
6402
6402
6418
6418
6418
6418
6418
6418
6419
6180
6180
6180
6180
6180
6180
6180
6180
6180
6180
6180
6180
6180
6180
6180
6164
6163
6163
6163
6163
6213
6213
6163
6163
6163
6163
6179
6179
6179
6179
6179
6179
6179
6179
6418
6418
6418
6418
6418
6418
6418
6418
6418
6418
6418
6419
6419
6419
6419
6470
6470
6470
6470
6470
6470
6470
6419
6469
6469
6469
6469
6469
6468
6468
6468
6468
6468
6468
6468
6468
6468
6418
6418
6418
6418
6468
6468
6468
6468
6519
6519
6519
6469
6469
6469
6470
6470
6470
6470
6470
6470
6470
6470
6470
6470
6470
6470
6470
6470
6470
6470
6470
6470
6470
6470
6470
6454
6454
6454
6454
6454
6454
6454
6454
6454
6454
6470
6470
6520
6281
6281
6281
6281
6281
6281
6281
6520
6519
6519
6519
6519
6519
6519
6519
6519
6519
6468
6468
6468
6468
6468
6468
6468
6468
6468
6468
6418
6418
6418
6418
6418
6402
6402
6452
6452
6452
6452
6452
6452
6452
6452
6452
6452
6503
6504
6504
6504
6504
6504
6504
6504
6520
6520
6520
6520
6520
6504
6504
6504
6503
6503
6503
6503
6453
6503
6503
6519
6519
6519
6519
6519
6519
6519
6519
6519
6519
6519
6519
6519
6520
6520
6519
6519
6519
6519
6519
6519
6519
6468
6468
6468
6468
6468
6468
6468
6468
6468
6468
6468
6418
6418
6418
6418
6418
6418
6419
6419
6419
6419
6403
6403
6403
6403
6403
6403
6403
6403
6403
6403
6403
6403
6403
6403
6453
6453
6453
6453
6453
6453
6453
6453
6453
6453
6453
6453
6453
6453
6453
6453
6453
6453
6453
6453
6453
6453
6453
6453
6403
6403
6419
6419
6419
6419
6469
6469
6469
6469
6469
6469
6469
6453
6469
6469
6469
6469
6369
6369
6368
6369
6368
6368
6368
6368
6369
6369
6369
6369
6369
6369
6369
6369
6369
6368
6368
6368
6419
6419
6419
6419
6419
6419
6419
6419
6419
6419
6419
6419
6419
6419
6419
6419
6419
6419
6419
6419
6419
6419
6419
6419
6419
6419
6419
6419
6419
6519
6469
6469
6469
6469
6469
6469
6469
6470
6470
6470
6470
6470
6470
6470
6470
6469
6469
6519
6519
6503
6503
6503
6503
6503
6503
6503
6264
6264
6164
6164
6164
6403
6403
6403
6403
6352
6352
6352
6352
6368
6368
6368
6468
6468
6468
6468
6452
6452
6452
6452
6452
6452
6452
6452
6452
6452
6452
6452
6452
6452
6452
6452
6452
6452
6452
6452
6452
6452
6452
6352
6352
6352
6352
6368
6368
6368
6368
6368
6368
6368
6368
6318
6318
6369
6369
6369
6469
6469
6085
6085
6085
6085
6085
6034
6034
6034
6035
6419
6469
6469
6419
6418
6418
6418
6468
6452
6452
6452
6452
6453
6453
6452
6452
6468
6452
6452
6452
6452
6452
6452
6452
6452
6452
6452
6452
6452
6452
6452
6452
6452
6452
6452
6452
6452
6452
6452
6453
6453
6353
6353
6353
6369
6368
6368
6419
6419
6419
6419
6419
6419
6419
6419
6419
6519
6519
6519
6519
6519
6519
6237
6237
6237
6237
6238
6238
6238
6237
6237
6237
6238
6222
6222
6222
6222
6222
6222
6222
6222
6222
6222
6222
6238
6238
6222
6222
6222
6222
6222
6504
6504
6504
6504
6504
6504
6520
6520
6520
6520
6520
6520
6520
6520
6504
6504
6504
6504
6504
6504
6504
6453
6453
6453
6453
6504
6503
6503
6503
6503
6503
6503
6503
6503
6503
6503
6503
6503
6503
6503
6503
6503
6503
6503
6503
6503
6503
6503
6503
6503
6503
6503
6503
6503
6503
6403
6403
6419
6419
6419
6419
6403
6403
6352
6352
6452
6452
6452
6452
6452
6452
6452
6452
6468
6468
6468
6468
6468
6468
6468
6468
6468
6519
6519
6519
6519
6519
6503
6503
6403
6403
6403
6403
6353
6353
6353
6353
6453
6453
6402
6402
6402
6402
6402
6402
6402
6402
6403
6403
6403
6419
6419
6470
6419
6419
6419
6419
6319
6319
6369
6369
6369
6469
6469
6520
6520
6504
6504
6504
6504
6504
6504
6504
6504
6503
6503
6503
6503
6519
6519
6519
6519
6519
6519
6468
6468
6468
6468
6418
6418
6418
6418
6469
6469
6453
6453
6453
6453
6453
6503
6503
6503
6503
6503
6503
6503
6503
6503
6503
6452
6468
6468
6519
6519
6519
6503
6503
6503
6503
6503
6503
6503
6503
6503
6503
6503
6519
6503
6503
6503
6503
6503
6503
6503
6403
6403
6403
6403
6503
6503
6503
6503
6503
6503
6403
6403
6403
6403
6403
6403
6403
6404
6404
6404
6404
6404
6420
6420
6420
6420
6420
6420
6420
6420
6420
6420
6420
6420
6420
6419
6419
6519
6519
6519
6519
6519
6519
6520
6470
6470
6470
6470
6470
6470
6520
6520
6520
6520
6520
6520
6520
6520
6520
6520
6520
6520
6520
6470
6470
6470
6419
6419
6419
6419
6470
6470
6470
6470
6470
6470
6470
6470
6470
6470
6470
6470
6469
6469
6469
6469
6469
6469
6469
6469
6469
6469
6469
6469
6469
6469
6469
6470
6470
6470
6470
6470
6470
6470
6470
6454
6454
6454
6454
6454
6454
6454
6454
6454
6454
6454
6454
6454
6454
6453
6453
6453
6453
6453
6453
6453
6453
6453
6453
6453
6453
6453
6453
6453
6453
6453
6453
6454
6454
6454
6454
6454
6470
6470
6470
6470
6470
6470
6470
6370
6370
6370
6370
6370
6370
6370
6370
6470
6470
6470
6469
6469
6469
6469
6469
6469
6469
6469
6469
6469
6469
6469
6469
6469
6469
6469
6519
6519
6519
6519
6519
6519
6519
6520
6520
6520
6520
6520
6519
6519
6519
6520
6519
6519
6519
6519
6519
6519
6519
6519
6519
6519
6519
6519
6519
6519
6519
6519
6519
6520
6520
6520
6520
6520
6520
6520
6520
6520
6520
6520
6520
6520
6520
6520
6520
6520
6520
6520
6420
6420
6420
6420
6419
6519
6519
6519
6519
6519
6519
6519
6519
6519
6519
6519
6519
6519
6519
6519
6519
6519
6419
6419
6403
6403
6503
6503
6503
6503
6504
6504
6504
6504
6504
6504
6504
6504
6504
6504
6504
6504
6504
6504
6503
6503
6503
6503
6503
6503
6503
6503
6503
6503
6503
6503
6503
6503
6503
6503
6503
6503
6503
6504
6504
6504
6504
6504
6504
6504
6504
6504
6504
6503
6503
6503
6503
6503
6503
6503
6503
6503
6503
6503
6519
6519
6519
6519
6520
6520
6520
6520
6520
6520
6520
6520
6520
6520
6520
6520
6520
6520
6519
6519
6469
6470
6470
6470
6470
6470
6470
6470
6470
6454
6454
6454
6454
6454
6454
6504
6504
6504
6504
6504
6504
6504
6504
6504
6504
6504
6504
6504
6504
6504
6504
6503
6503
6503
6503
6503
6503
6503
6503
6503
6503
6503
6503
6503
6503
6503
6503
6503
6503
6503
6503
6503
6503
6503
6403
6403
6403
6403
6503
6503
6503
6519
6519
6503
6519
6519
6519
6519
6519
6519
6519
6519
6519
6519
6519
6519
6503
6503
6503
6503
6503
6503
6503
6503
6503
6503
6503
6503
6503
6452
6452
6453
6453
6403
6454
6454
6454
6454
6454
6454
6454
6504
6504
6504
6504
6504
6504
6504
6504
6504
6504
6504
6504
6504
6503
6403
6403
6404
6404
6404
6403
6403
6403
6403
6403
6352
6352
6352
6352
6352
6352
6352
6352
6368
6368
6468
6468
6468
6468
6468
6468
6468
6468
6468
6468
6468
6469
6469
6469
6469
6469
6469
6469
6469
6469
6469
6469
6469
6469
6469
6469
6469
6469
6469
6468
6468
6468
6468
6468
6468
6468
6468
6468
6519
6469
6469
6469
6469
6469
6469
6469
6469
6469
6469
6469
6470
6470
6470
6470
6454
6504
6504
6504
6504
6504
6504
6504
6504
6504
6504
6504
6503
6503
6503
6503
6452
6452
6452
6503
6503
6504
6503
6503
6503
6503
6503
6503
6503
6403
6403
6352
6352
6352
6352
6352
6352
6452
6453
6453
6453
6453
6453
6453
6453
6453
6453
6453
6453
6453
6453
6504
6504
6504
6504
6504
6504
6504
6520
6520
6520
6520
6520
6520
6520
6504
6504
6454
6504
6504
6504
6520
6520
6520
6520
6519
6519
6519
6519
6519
6519
6520
6520
6520
6520
6520
6520
6520
6520
6504
6504
6520
6520
6520
6520
6520
6519
6519
6519
6469
6469
6453
6453
6453
6453
6453
6453
6453
6453
6469
6469
6469
6469
6453
6453
6453
6453
6453
6454
6454
6403
6403
6403
6403
6403
6403
6403
6403
6403
6402
6403
6419
6419
6470
6419
6419
6419
6419
6419
6419
6419
6419
6418
6418
6418
6418
6418
6418
6468
6468
6452
6352
6352
6352
6352
6352
6403
6403
6403
6403
6403
6403
6403
6403
6403
6403
6403
6419
6419
6419
6419
6419
6419
6419
6419
6419
6420
6420
6420
6420
6420
6420
6420
6370
6370
6370
6370
6319
6319
6319
6419
6419
6419
6419
6419
6470
6520
6520
6519
6519
6519
6519
6519
6519
6519
6468
6468
6468
6468
6519
6519
6519
6519
6519
6519
6519
6519
6519
6519
6519
6519
6519
6519
6519
6503
6503
6403
6403
6403
6403
6403
6403
6404
6404
6404
6403
6403
6403
6403
6403
6403
6503
6503
6503
6503
6503
6503
6503
6503
6503
6503
6453
6453
6469
6469
6469
6469
6469
6469
6469
6469
6469
6469
6469
6519
6519
6519
6519
6520
6520
6520
6520
6520
6520
6504
6504
6504
6504
6504
6504
6504
6504
6504
6504
6504
6504
6504
6504
6504
6504
6504
6504
6504
6503
6503
6503
6503
6503
6503
6503
6503
6503
6519
6519
6519
6519
6519
6519
6519
6519
6519
6519
6519
6519
6519
6519
6519
6519
6519
6519
6503
6503
6504
6504
6504
6504
6504
6504
6504
6504
6504
6504
6504
6504
6504
6504
6504
6504
6504
6503
6403
6403
6403
6403
6403
6403
6403
6403
6503
6503
6503
6503
6503
6503
6503
6503
6503
6503
6503
6503
6503
6503
6503
6504
6504
6504
6504
6504
6504
6504
6504
6520
6520
6520
6520
6520
6520
6520
6520
6520
6504
6504
6504
6503
6503
6452
6452
6452
6452
6452
6503
6503
6503
6503
6503
6503
6452
6352
6352
6352
6352
6352
6352
6352
6352
6352
6352
6352
6452
6503
6503
6503
6503
6503
6503
6503
6503
6503
6503
6503
6503
6503
6503
6503
6503
6503
6503
6403
6403
6403
6403
6419
6403
6403
6403
6403
6403
6403
6403
6403
6403
6353
6353
6353
6353
6453
6453
6453
6453
6453
6453
6453
6453
6453
6454
6454
6454
6454
6454
6454
6454
6454
6454
6454
6453
6453
6453
6453
6453
6453
6453
6453
6453
6453
6453
6453
6453
6453
6453
6453
6453
6453
6453
6453
6453
6453
6453
6453
6453
6453
6453
6453
6454
6454
6454
6454
6454
6454
6454
6454
6454
6453
6453
6453
6453
6503
6503
6403
6404
6404
6404
6404
6404
6404
6404
6404
6404
6404
6354
6354
6354
6354
6354
6354
6354
6354
6354
6354
6354
6454
6454
6454
6504
6503
6504
6504
6504
6504
6504
6504
6504
6520
6520
6520
6520
6520
6520
6520
6504
6520
6520
6520
6520
6520
6520
6520
6520
6519
6519
6519
6519
6519
6468
6469
6469
6469
6469
6469
6469
6469
6520
6520
6520
6520
6520
6520
6520
6504
6504
6504
6504
6504
6504
6504
6503
6503
6503
6503
6504
6504
6504
6504
6504
6504
6504
6503
6504
6504
6504
6520
6520
6520
6520
6520
6520
6520
6520
6519
6519
6519
6520
6520
6520
6520
6504
6503
6503
6503
6503
6503
6503
6503
6503
6503
6503
6503
6503
6504
6504
6504
6504
6520
6520
6520
6520
6520
6520
6520
6520
6520
6504
6453
6453
6453
6453
6453
6453
6453
6504
6504
6504
6504
6504
6504
6504
6504
6504
6504
6504
6504
6504
6504
6520
6520
6520
6520
6520
6520
6520
6520
6504
6504
6504
6504
6504
6504
6504
6504
6504
6504
6504
6504
6504
6504
6520
6520
6520
6520
6520
6520
6520
6520
6520
6520
6520
6520
6519
6519
6519
6519
6519
6519
6519
6519
6519
6519
6519
6519
6519
6519
6519
6519
6519
6519
6520
6520
6519
6519
6519
6519
6519
6519
6519
6519
6519
6519
6519
6519
6519
6519
6520
6520
6520
6520
6520
6520
6469
6469
6469
6469
6469
6469
6469
6469
6469
6469
6469
6469
6469
6469
6469
6469
6469
6469
6469
6469
6469
6469
6369
6369
6369
6469
6468
6469
6469
6469
6469
6469
6469
6469
6469
6469
6469
6469
6469
6520
6520
6520
6520
6520
6520
6520
6520
6519
6520
6520
6520
6520
6520
6520
6520
6520
6520
6520
6520
6520
6520
6520
6504
6504
6504
6504
6504
6504
6504
6504
6504
6504
6504
6504
6520
6520
6520
6520
6504
6504
6504
6504
6504
6504
6504
6504
6504
6504
6504
6504
6504
6504
6504
6504
6504
6504
6504
6504
6504
6504
6504
6504
6504
6504
6504
6504
6504
6504
6504
6504
6504
6504
6504
6504
6504
6504
6504
6504
6504
6504
6504
6504
6504
6504
6504
6504
6504
6504
6504
6504
6504
6503
6504
6504
6504
6504
6504
6504
6504
6504
6504
6504
6503
6503
6503
6504
6504
6504
6504
6504
6504
6520
6520
6520
6520
6520
6520
6520
6520
6520
6520
6520
6520
6520
6520
6520
6520
6520
6520
6520
6520
6520
6520
6520
6520
6520
6520
6520
6520
6520
6520
6520
6520
6520
6520
6520
6520
6520
6520
6520
6520
6520
6520
6520
6520
6520
6520
6520
6520
6520
6520
6520
6520
6520
6520
6520
6520
6520
6520
6520
6520
6520
6520
6520
6520
6520
6520
6520
6520
6520
6520
6520
6520
6520
6520
6519
6519
6519
6519
6519
6519
6519
6519
6519
6519
6519
6519
6519
6519
6519
6519
6503
6503
6503
6503
6503
6503
6403
6404
6404
6404
6404
6404
6404
6404
6404
6404
6420
6420
6420
6404
6404
6404
6404
6420
6420
6420
6420
6419
6419
6403
6403
6403
6403
6404
6403
6403
6403
6403
6403
6403
6403
6403
6403
6403
6403
6403
6503
6503
6453
6453
6453
6469
6519
6519
6519
6520
6520
6520
6520
6520
6520
6520
6520
6520
6520
6520
6520
6520
6520
6520
6520
6520
6520
6520
6520
6520
6520
6520
6520
6520
6520
6520
6520
6520
6520
6520
6520
6520
6520
6504
6504
6503
6503
6504
6503
6503
6503
6503
6503
6519
6519
6519
6519
6519
6519
6519
6519
6519
6519
6519
6519
6519
6519
6519
6503
6503
6503
6503
6503
6503
6503
6403
6404
6404
6404
6404
6404
6404
6404
6404
6404
6404
6404
6404
6404
6404
6404
6404
6404
6404
6404
6404
6404
6404
6404
6404
6404
6404
6404
6404
6404
6404
6404
6404
6504
6504
6504
6504
6504
6504
6504
6504
6504
6504
6504
6504
6504
6503
6504
6504
6504
6504
6504
6504
6504
6504
6503
6503
6503
6503
6503
6503
6503
6503
6503
6503
6504
6504
6504
6504
6504
6504
6504
6504
6504
6504
6503
6503
6519
6519
6520
6520
6520
6520
6520
6520
6520
6520
6520
6520
6520
6520
6504
6504
6503
6503
6519
6519
6519
6519
6519
6520
6520
6520
6520
6520
6520
6520
6520
6520
6520
6520
6520
6520
6520
6520
6520
6519
6519
6519
6519
6519
6519
6519
6519
6519
6519
6519
6519
6519
6519
6519
6519
6519
6519
6519
6519
6519
6519
6519
6519
6519
6519
6519
6519
6519
6519
6519
6519
6519
6519
6519
6519
6519
6519
6519
6520
6520
6520
6520
6520
6520
6504
6503
6503
6503
6519
6519
6519
6519
6519
6519
6519
6519
6519
6519
6519
6519
6519
6519
6519
6519
6519
6519
6519
6519
6519
6519
6519
6519
6519
6519
6519
6519
6519
6519
6519
6519
6519
6519
6519
6519
6519
6519
6519
6519
6519
6519
6519
6519
6519
6519
6519
6519
6519
6519
6519
6519
6519
6519
6519
6519
6519
6519
6519
6519
6519
6519
6520
6520
6520
6504
6504
6520
6520
6520
6520
6520
6520
6520
6520
6520
6519
6519
6519
6519
6519
6519
6520
6520
6520
6520
6520
6504
6504
6504
6504
6504
6504
6504
6504
6504
6503
6503
6503
6503
6503
6503
6503
6503
6503
6403
6403
6403
6403
6403
6403
6403
6403
6404
6504
6504
6504
6504
6504
6503
6503
6503
6503
6503
6503
6503
6503
6519
6519
6503
6503
6503
6503
6503
6503
6503
6519
6519
6519
6503
6503
6519
6519
6519
6519
6519
6519
6519
6519
6519
6519
6519
6519
6519
6519
6519
6519
6519
6503
6503
6503
6503
6503
6503
6503
6503
6503
6503
6503
6503
6503
6503
6503
6503
6519
6519
6519
6519
6519
6519
6519
6519
6520
6520
6519
6519
6519
6519
6519
6519
6519
6519
6519
6519
6519
6519
6519
6519
6503
6504
6504
6504
6504
6504
6504
6504
6504
6504
6504
6504
6504
6504
6504
6504
6504
6504
6504
6504
6504
6504
6504
6504
6504
6504
6504
6504
6504
6504
6504
6504
6504
6504
6504
6504
6504
6504
6504
6504
6504
6504
6503
6503
6503
6519
6519
6519
6519
6519
6519
6519
6519
6519
6519
6519
6519
6519
6519
6519
6519
6519
6519
6519
6519
6519
6519
6519
6519
6519
6519
6519
6519
6519
6519
6519
6519
6519
6519
6519
6519
6519
6519
6519
6519
6519
6519
6519
6519
6519
6519
6519
6503
6503
6503
6503
6503
6519
6519
6519
6519
6519
6519
6519
6519
6519
6519
6519
6519
6519
6519
6519
6520
6520
6520
6520
6520
6520
6520
6520
6520
6520
6520
6520
6520
6520
6520
6520
6520
6520
6520
6520
6520
6520
6520
6520
6520
6520
6520
6520
6520
6520
6520
6520
6520
6519
6519
6519
6519
6519
6519
6519
6519
6520
6520
6520
6519
6519
6519
6519
6519
6519
6519
6519
6519
6519
6519
6519
6519
6519
6519
6519
6519
6519
6519
6519
6519
6519
6519
6519
6519
6519
6519
6519
6519
6519
6519
6519
6520
6520
6520
6520
6520
6520
6520
6520
6520
6520
6520
6520
6520
6520
6520
6520
6520
6520
6520
6520
6520
6520
6520
6520
6520
6520
6520
6520
6520
6520
6520
6520
6520
6520
6520
6520
6520
6520
6520
6520
6520
6520
6520
6520
6520
6520
6520
6520
6520
6520
6520
6520
6520
6520
6520
6520
6520
6520
6520
6520
6520
6520
6520
6520
6520
6520
6520
6520
6520
6520
6520
6520
6520
6520
6520
6520
6520
6520
6520
6520
6520
6520
6520
6520
6520
6520
6520
6520
6504
6504
6504
6504
6504
6504
6504
6504
6504
6504
6504
6504
6504
6504
6503
6519
6519
6519
6519
6519
6519
6519
6519
6519
6519
6519
6519
6520
6520
6520
6520
6520
6520
6519
6519
6503
6503
6503
6503
6503
6519
6519
6519
6503
6503
6503
6503
6503
6504
6504
6504
6504
6504
6504
6504
6504
6504
6504
6504
6504
6504
6504
6504
6520
6520
6519
6519
6519
6519
6519
6519
6519
6519
6519
6519
6519
6519
6519
6519
6519
6519
6519
6519
6519
6519
6519
6519
6520
6519
6519
6519
6519
6519
6519
6519
6519
6519
6519
6519
6519
6519
6519
6519
6519
6520
6520
6520
6520
6520
6520
6520
6520
6520
6520
6520
6520
6520
6520
6520
6520
6520
6520
6520
6520
6520
6520
6520
6520
6520
6520
6520
6520
6520
6520
6520
6520
6520
6520
6520
6520
6520
6520
6520
6520
6520
6520
6520
6520
6520
6520
6520
6520
6520
6520
6520
6520
6520
6520
6520
6520
6520
6520
6520
6520
6520
6520
6520
6520
6520
6520
6520
6520
6520
6519
6519
6519
6519
6519
6519
6519
6519
6519
6519
6519
6519
6519
6519
6519
6519
6519
6519
6519
6519
6519
6519
6520
6520
6520
6520
6520
6520
6520
6520
6520
6520
6520
6520
6520
6520
6520
6520
6520
6520
6520
6520
6520
6520
6520
6520
6520
6520
6520
6520
6520
6520
6520
6520
6520
6520
6520
6520
6520
6520
6520
6520
6520
6520
6520
6520
6520
6520
6520
6519
6519
6519
6519
6519
6519
6519
6519
6519
6519
6519
6519
6519
6519
6519
6519
6519
6519
6519
6519
6519
6519
6519
6519
6519
6519
6519
6519
6520
6520
6520
6520
6520
6520
6520
6520
6520
6520
6520
6519
6519
6519
6519
6519
6519
6519
6519
6519
6519
6519
6519
6519
6519
6519
6519
6519
6519
6519
6519
6519
6519
6519
6519
6519
6519
6519
6519
6519
6519
6519
6520
6520
6520
6520
6504
6504
6504
6504
6504
6504
6503
6503
6504
6504
6504
6504
6504
6504
6504
6504
6504
6504
6504
6504
6504
6504
6504
6504
6504
6504
6504
6504
6504
6520
6520
6520
6520
6520
6520
6520
6520
6520
6520
6520
6520
6520
6520
6520
6520
6520
6520
6520
6520
6520
6520
6520
6520
6520
6520
6520
6520
6520
6520
6520
6520
6520
6520
6520
6520
6520
6520
6520
6520
6520
6520
6520
6520
6520
6520
6520
6520
6520
6520
6520
6520
6520
6520
6520
6520
6520
6520
6520
6520
6520
6520
6520
6520
6520
6520
6520
6520
6520
6520
6520
6520
6520
6520
6520
6520
6520
6519
6519
6520
6520
6520
6520
6520
6520
6520
6520
6520
6520
6520
6520
6520
6520
6520
6520
6520
6520
6520
6520
6520
6520
6520
6520
6520
6520
6520
6520
6520
6520
6520
6520
6520
6520
6520
6520
6520
6520
6520
6520
6520
6520
6519
6519
6519
6519
6519
6519
6519
6519
6519
6519
6519
6519
6519
6519
6519
6519
6519
6519
6519
6519
6519
6519
6519
6519
6519
6519
6519
6519
6519
6519
6519
6519
6519
6519
6519
6519
6519
6519
6519
6519
6519
6519
6519
6519
6519
6503
6503
6503
6503
6503
6503
6503
6503
6503
6503
6503
6503
6503
6503
6503
6503
6504
6504
6504
6520
6520
6520
6520
6520
6520
6520
6520
6520
6520
6520
6520
6520
6520
6520
6520
6520
6520
6520
6520
6520
6520
6520
6520
6520
6520
6520
6520
6520
6520
6520
6520
6520
6520
6520
6520
6520
6520
6520
6520
6520
6520
6520
6520
6520
6520
6520
6520
6520
6520
6520
6520
6520
6520
6520
6520
6520
6520
6520
6520
6520
6520
6520
6520
6520
6520
6520
6520
6520
6520
6520
6520
6520
6520
6520
6520
6520
6520
6520
6520
6520
6520
6520
6520
6520
6520
6520
6520
6520
6520
6520
6520
6520
6520
6520
6520
6520
6520
6520
6520
6520
6520
6520
6520
6520
6520
6520
6520
6520
6520
6520
6520
6520
6520
6520
6520
6520
6520
6520
6520
6520
6520
6520
6520
6520
6520
6520
6520
6520
6520
6520
6520
6520
6519
6519
6519
6519
6519
6519
6519
6519
6519
6519
6519
6519
6519
6519
6519
6519
6519
6519
6519
6520
6520
6520
6520
6520
6520
6520
6520
6520
6520
6520
6520
6520
6520
6520
6520
6520
6520
6520
6520
6520
6520
6520
6520
6520
6520
6520
6520
6520
6520
6520
6520
6520
6520
6520
6520
6520
6520
6520
6520
6520
6520
6520
6520
6520
6520
6520
6520
6520
6520
6520
6520
6520
6520
6520
6520
6520
6520
6520
6520
6520
6520
6520
6520
6520
6520
6520
6520
6520
6520
6520
6520
6520
6520
6520
6520
6520
6520
6520
6520
6520
6520
6520
6520
6520
6519
6519
6519
6519
6519
6519
6519
6519
6519
6520
6520
6520
6520
6520
6520
6520
6520
6520
6519
6520
6520
6520
6520
6520
6520
6520
6520
6520
6520
6520
6520
6520
6520
6520
6520
6520
6520
6520
6520
6520
6520
6519
6519
6519
6519
6519
6519
6519
6519
6519
6519
6519
6519
6519
6519
6519
6519
6519
6519
6519
6520
6520
6520
6520
6520
6519
6519
6519
6519
6519
6519
6519
6519
6519
6519
6519
6519
6519
6519
6519
6519
6520
6520
6520
6520
6519
6519
6519
6519
6519
6519
6519
6519
6519
6519
6519
6519
6519
6519
6519
6520
6520
6520
6520
6520
6520
6520
6520
6520
6520
6520
6520
6520
6520
6520
6520
6520
6520
6520
6520
6520
6520
6520
6520
6520
6520
6520
6520
6520
6520
6520
6520
6520
6520
6520
6520
6520
6520
6520
6520
6520
6520
6520
6520
6520
6520
6520
6520
6520
6520
6520
6520
6520
6520
6520
6520
6520
6520
6519
6519
6519
6519
6519
6519
6519
6519
6519
6519
6520
6520
6519
6519
6519
6519
6519
6519
6519
6519
6519
6519
6519
6519
6519
6519
6503
6503
6503
6503
6503
6503
6503
6503
6503
6503
6503
6503
6503
6503
6403
6403
6403
6403
6404
6504
6504
6503
6503
6503
6503
6503
6503
6503
6519
6519
6520
6520
6520
6520
6520
6520
6520
6520
6520
6520
6520
6520
6520
6520
6520
6504
6504
6504
6504
6504
6504
6504
6504
6520
6520
6520
6520
6520
6520
6519
6520
6519
6519
6519
6519
6519
6519
6519
6519
6519
6519
6519
6519
6519
6519
6519
6519
6519
6519
6519
6519
6519
6520
6520
6520
6520
6520
6520
6519
6519
6519
6519
6519
6519
6519
6519
6519
6519
6519
6519
6519
6519
6519
6519
6519
6519
6519
6519
6519
6519
6519
6519
6519
6519
6519
6519
6519
6520
6520
6520
6520
6520
6520
6520
6520
6520
6520
6520
6520
6520
6520
6520
6520
6520
6519
6519
6519
6519
6519
6519
6519
6519
6519
6519
6519
6520
6520
6520
6520
6520
6520
6520
6520
6520
6520
6520
6520
6520
6520
6520
6520
6520
6520
6520
6520
6520
6520
6520
6520
6520
6520
6520
6520
6520
6520
6520
6520
6520
6520
6520
6520
6520
6520
6520
6520
6520
6520
6520
6520
6520
6520
6520
6520
6520
6520
6520
6520
6520
6520
6520
6520
6520
6520
6520
6520
6520
6520
6520
6520
6520
6520
6520
6520
6520
6520
6520
6520
6520
6520
6520
6520
6520
6520
6520
6520
6520
6520
6519
6520
6520
6520
6520
6520
6520
6520
6520
6520
6520
6520
6520
6520
6520
6520
6520
6520
6520
6520
6520
6520
6520
6520
6520
6520
6520
6519
6519
6519
6519
6520
6520
6520
6520
6520
6520
6520
6520
6520
6520
6520
6520
6520
6520
6520
6520
6520
6520
6520
6520
6520
6520
6520
6520
6520
6520
6520
6520
6520
6520
6520
6520
6520
6520
6520
6520
6520
6520
6520
6520
6520
6520
6520
6520
6520
6520
6520
6520
6519
6519
6519
6519
6519
6519
6519
6519
6519
6519
6519
6519
6519
6519
6520
6520
6520
6520
6520
6520
6520
6520
6520
6520
6520
6520
6520
6520
6520
6520
6520
6520
6520
6520
6520
6520
6520
6520
6520
6520
6520
6520
6520
6520
6520
6520
6520
6520
6520
6520
6520
6520
6520
6520
6520
6520
6520
6520
6520
6520
6520
6520
6520
6520
6520
6520
6520
6519
6519
6519
6519
6519
6519
6519
6519
6519
6519
6520
6520
6520
6520
6520
6520
6520
6520
6520
6520
6520
6520
6520
6520
6520
6520
6520
6520
6520
6520
6520
6520
6520
6520
6520
6520
6520
6520
6520
6520
6520
6520
6520
6520
6520
6520
6520
6520
6520
6520
6520
6520
6520
6520
6520
6520
6520
6520
6519
6519
6520
6520
6520
6520
6520
6520
6520
6520
6520
6520
6520
6519
6519
6519
6519
6519
6519
6519
6519
6519
6519
6519
6519
6519
6519
6519
6519
6519
6519
6519
6519
6519
6519
6519
6519
6519
6519
6519
6519
6519
6519
6519
6519
6519
6519
6520
6520
6520
6520
6520
6520
6520
6520
6520
6520
6520
6520
6520
6520
6520
6520
6520
6520
6520
6520
6520
6520
6520
6520
6520
6520
6520
6520
6520
6520
6520
6519
6519
6519
6519
6519
6519
6519
6520
6520
6520
6519
6519
6519
6519
6519
6519
6519
6519
6519
6519
6519
6519
6519
6519
6519
6519
6519
6519
6519
6519
6519
6519
6519
6519
6520
6520
6520
6520
6520
6520
6520
6520
6520
6519
6519
6519
6519
6519
6519
6519
6519
6519
6519
6519
6519
6519
6519
6519
6519
6519
6519
6519
6519
6519
6519
6519
6519
6519
6519
6519
6519
6519
6519
6519
6519
6519
6519
6519
6519
6519
6519
6519
6519
6519
6519
6519
6519
6519
6519
6519
6519
6519
6519
6519
6519
6519
6519
6519
6519
6519
6519
6519
6519
6520
6520
6520
6520
6520
6520
6520
6520
6520
6520
6520
6520
6520
6520
6520
6520
6520
6520
6520
6520
6520
6520
6520
6520
6520
6520
6520
6520
6520
6520
6520
6520
6520
6520
6520
6520
6520
6520
6520
6520
6519
6519
6519
6519
6519
6519
6519
6519
6519
6519
6519
6519
6519
6519
6519
6519
6519
6519
6519
6519
6519
6519
6519
6519
6519
6519
6519
6519
6519
6519
6519
6519
6519
6519
6519
6519
6519
6519
6520
6520
6520
6520
6520
6520
6520
6520
6520
6520
6520
6520
6520
6520
6520
6520
6520
6520
6520
6520
6520
6520
6520
6520
6520
6520
6520
6520
6520
6520
6519
6519
6519
6519
6519
6519
6519
6519
6519
6519
6519
6519
6519
6519
6519
6519
6519
6519
6520
6520
6520
6520
6519
6519
6519
6519
6519
6519
6519
6519
6519
6519
6519
6519
6519
6519
6519
6519
6519
6519
6519
6519
6519
6519
6519
6519
6519
6519
6519
6519
6519
6519
6519
6519
6519
6519
6520
6520
6520
6519
6519
6519
6519
6519
6519
6519
6519
6519
6519
6519
6519
6519
6519
6519
6519
6519
6519
6519
6519
6519
6519
6519
6519
6519
6519
6519
6519
6519
6519
6519
6519
6519
6519
6519
6519
6519
6519
6519
6519
6520
6520
6520
6520
6520
6520
6520
6520
6520
6520
6520
6520
6520
6520
6520
6520
6520
6520
6520
6520
6520
6520
6520
6520
6520
6520
6520
6520
6520
6520
6520
6520
6519
6519
6520
6520
6520
6520
6520
6520
6520
6520
6520
6520
6520
6520
6520
6520
6520
6520
6520
6520
6520
6520
6520
6520
6520
6520
6520
6520
6520
6520
6520
6520
6520
6520
6520
6520
6520
6520
6520
6520
6520
6520
6520
6520
6520
6520
6520
6520
6520
6520
6520
6520
6520
6520
6520
6520
6520
6520
6520
6519
6519
6519
6520
6520
6520
6520
6520
6520
6520
6520
6520
6520
6520
6520
6520
6520
6520
6520
6520
6520
6520
6520
6520
6520
6520
6520
6520
6520
6520
6520
6520
6520
6520
6520
6520
6520
6520
6520
6520
6520
6520
6520
6519
6519
6519
6519
6519
6519
6520
6520
6520
6520
6520
6520
6520
6520
6520
6520
6520
6520
6520
6520
6520
6520
6520
6520
6520
6520
6520
6520
6520
6520
6520
6520
6520
6520
6520
6520
6520
6520
6520
6520
6520
6520
6520
6519
6519
6519
6519
6519
6519
6519
6519
6519
6520
6520
6520
6520
6520
6520
6520
6520
6520
6520
6520
6520
6520
6520
6520
6520
6520
6520
6520
6520
6520
6520
6519
6519
6519
6520
6520
6520
6520
6520
6520
6520
6520
6520
6520
6520
6520
6520
6520
6520
6520
6520
6520
6520
6520
6520
6520
6519
6519
6519
6519
6519
6519
6520
6520
6520
6520
6520
6520
6520
6520
6520
6520
6520
6520
6520
6520
6520
6520
6520
6520
6520
6520
6520
6520
6520
6520
6520
6520
6520
6520
6520
6520
6520
6520
6520
6520
6520
6520
6520
6520
6520
6520
6520
6520
6520
6520
6520
6520
6520
6520
6520
6520
6520
6520
6520
6520
6520
6520
6520
6520
6520
6520
6520
6520
6520
6520
6520
6520
6520
6520
6520
6520
6520
6520
6520
6520
6520
6520
6520
6520
6520
6520
6520
6520
6520
6520
6520
6520
6520
6520
6520
6520
6520
6520
6520
6520
6520
6520
6520
6520
6520
6520
6520
6520
6520
6520
6520
6520
6520
6520
6520
6520
6520
6520
6520
6520
6520
6520
6520
6520
6520
6520
6520
6520
6520
6520
6520
6520
6520
6520
6520
6520
6520
6520
6520
6520
6519
6519
6519
6519
6520
6520
6520
6520
6520
6520
6520
6520
6520
6520
6520
6520
6520
6520
6520
6520
6520
6520
6520
6520
6520
6519
6519
6519
6519
6519
6519
6519
6519
6519
6519
6519
6519
6519
6519
6519
6519
6519
6520
6520
6520
6520
6520
6520
6520
6520
6520
6520
6520
6520
6520
6520
6519
6520
6520
6520
6520
6520
6520
6520
6520
6520
6520
6520
6520
6520
6520
6520
6520
6520
6520
6520
6520
6520
6520
6520
6520
6520
6520
6520
6520
6520
6520
6520
6520
6520
6520
6520
6520
6520
6520
6520
6520
6520
6520
6520
6520
6520
6520
6520
6520
6520
6520
6520
6520
6520
6520
6520
6520
6520
6520
6520
6520
6520
6520
6520
6520
6520
6520
6520
6520
6520
6520
6520
6520
6520
6520
6520
6520
6520
6520
6520
6520
6520
6520
6520
6520
6520
6520
6520
6520
6520
6520
6520
6520
6520
6520
6520
6520
6520
6520
6520
6520
6520
6520
6520
6520
6520
6520
6520
6520
6520
6520
6519
6519
6519
6519
6519
6519
6519
6519
6519
6519
6519
6519
6519
6519
6519
6519
6519
6519
6519
6519
6519
6519
6519
6519
6519
6519
6519
6519
6519
6519
6519
6519
6519
6519
6519
6519
6519
6519
6519
6519
6519
6519
6519
6519
6519
6519
6519
6519
6519
6519
6519
6519
6519
6519
6519
6519
6519
6519
6519
6519
6519
6519
6519
6519
6519
6519
6520
6520
6520
6520
6520
6520
6520
6520
6520
6520
6520
6520
6519
6519
6519
6519
6519
6519
6519
6519
6519
6519
6519
6519
6520
6520
6520
6520
6520
6520
6520
6520
6520
6520
6520
6520
6520
6520
6520
6520
6520
6519
6519
6519
6519
6519
6519
6519
6519
6519
6519
6520
6520
6520
6520
6520
6520
6520
6520
6520
6520
6520
6520
6520
6520
6520
6520
6520
6520
6520
6520
6520
6520
6519
6520
6520
6520
6520
6520
6520
6520
6519
6519
6519
6520
6520
6520
6520
6520
6520
6520
6520
6520
6520
6520
6520
6520
6520
6520
6520
6520
6520
6520
6520
6520
6520
6520
6520
6520
6520
6520
6520
6520
6520
6520
6520
6520
6520
6520
6520
6520
6520
6520
6520
6520
6520
6520
6520
6520
6520
6520
6520
6520
6520
6520
6520
6520
6520
6520
6520
6520
6520
6520
6520
6520
6520
6520
6520
6520
6520
6520
6520
6520
6519
6519
6519
6519
6519
6519
6520
6520
6520
6520
6520
6520
6520
6520
6520
6520
6520
6520
6520
6520
6520
6520
6520
6520
6520
6520
6520
6520
6520
6520
6520
6520
6520
6520
6520
6520
6520
6520
6520
6520
6520
6520
6520
6520
6520
6520
6520
6520
6520
6520
6520
6520
6520
6520
6520
6520
6520
6520
6520
6520
6519
6519
6519
6519
6519
6519
6519
6519
6519
6519
6519
6519
6519
6519
6519
6519
6519
6519
6519
6519
6519
6519
6519
6519
6519
6519
6519
6519
6519
6519
6519
6519
6519
6519
6519
6520
6520
6520
6520
6520
6520
6520
6520
6520
6520
6520
6520
6520
6519
6519
6519
6519
6519
6519
6519
6519
6519
6520
6520
6520
6520
6520
6520
6520
6520
6520
6520
6520
6520
6520
6520
6520
6520
6520
6519
6519
6519
6519
6519
6519
6519
6520
6520
6520
6520
6520
6520
6520
6520
6520
6519
6519
6519
6519
6519
6519
6519
6519
6520
6520
6520
6520
6520
6520
6520
6520
6520
6520
6520
6520
6520
6520
6520
6520
6520
6520
6520
6520
6520
6520
6520
6520
6520
6520
6520
6520
6520
6520
6520
6520
6520
6520
6520
6520
6520
6520
6520
6520
6520
6520
6520
6520
6520
6520
6520
6520
6520
6520
6520
6520
6520
6520
6520
6520
6520
6520
6520
6520
6520
6520
6520
6520
6520
6520
6520
6520
6520
6520
6520
6520
6520
6520
6520
6520
6520
6520
6520
6520
6520
6520
6520
6520
6520
6520
6520
6520
6520
6520
6520
6520
6520
6520
6520
6520
6520
6520
6520
6520
6520
6520
6520
6520
6520
6520
6520
6520
6520
6520
6520
6520
6520
6520
6520
6520
6520
6520
6520
6520
6520
6520
6520
6520
6520
6520
6520
6520
6520
6520
6520
6520
6520
6520
6520
6520
6520
6520
6520
6520
6520
6520
6520
6520
6520
6520
6520
6520
6520
6520
6520
6520
6520
6520
6520
6520
6520
6520
6520
6520
6520
6520
6520
6520
6520
6519
6519
6519
6519
6519
6519
6519
6519
6519
6519
6519
6519
6519
6519
6519
6519
6519
6519
6519
6519
6519
6519
6520
6519
6519
6519
6519
6520
6520
6520
6520
6520
6520
6520
6520
6520
6520
6520
6520
6520
6520
6520
6520
6520
6520
6520
6520
6520
6520
6520
6520
6520
6520
6520
6520
6519
6520
6520
6520
6520
6520
6520
6520
6520
6520
6520
6520
6520
6520
6520
6520
6520
6520
6520
6520
6520
6520
6520
6520
6520
6520
6520
6520
6520
6520
6520
6520
6520
6520
6520
6520
6520
6520
6520
6520
6520
6520
6520
6520
6520
6520
6520
6520
6520
6520
6520
6520
6520
6520
6520
6520
6520
6520
6520
6520
6520
6520
6520
6519
6519
6519
6519
6519
6519
6519
6519
6519
6519
6519
6519
6519
6519
6519
6519
6519
6519
6519
6519
6519
6519
6519
6519
6519
6519
6519
6519
6519
6519
6519
6519
6519
6519
6519
6519
6519
6519
6519
6519
6519
6519
6520
6520
6520
6520
6520
6520
6520
6520
6520
6520
6520
6520
6520
6520
6520
6520
6520
6520
6520
6520
6520
6520
6520
6520
6520
6520
6520
6520
6520
6520
6520
6520
6520
6520
6520
6520
6520
6520
6520
6520
6520
6520
6520
6520
6520
6520
6520
6520
6520
6520
6520
6519
6519
6519
6519
6519
6519
6519
6519
6519
6519
6519
6519
6519
6519
6519
6519
6519
6519
6519
6519
6519
6519
6520
6520
6520
6520
6520
6520
6520
6520
6520
6520
6520
6520
6520
6520
6520
6520
6520
6520
6520
6520
6520
6520
6520
6519
6519
6519
6519
6519
6519
6519
6519
6519
6519
6519
6519
6519
6519
6519
6519
6519
6519
6519
6519
6519
6519
6519
6519
6519
6519
6519
6519
6519
6519
6519
6519
6519
6519
6519
6519
6519
6519
6520
6520
6520
6520
6520
6520
6520
6520
6520
6520
6520
6520
6520
6520
6520
6520
6520
6520
6520
6520
6520
6520
6520
6520
6520
6520
6520
6520
6520
6520
6520
6520
6520
6520
6520
6520
6520
6520
6520
6520
6520
6520
6520
6520
6520
6520
6520
6520
6520
6520
6520
6520
6520
6519
6519
6519
6519
6519
6519
6519
6519
6519
6519
6519
6519
6519
6519
6519
6519
6519
6519
6519
6519
6519
6519
6519
6519
6519
6519
6519
6519
6519
6519
6519
6519
6519
6519
6519
6519
6519
6519
6519
6519
6519
6520
6520
6520
6520
6520
6520
6520
6520
6520
6520
6520
6520
6520
6520
6520
6520
6520
6520
6520
6520
6520
6520
6520
6520
6520
6520
6520
6520
6520
6520
6520
6520
6520
6520
6520
6520
6520
6520
6520
6520
6520
6520
6520
6520
6520
6520
6520
6520
6520
6520
6520
6520
6520
6520
6520
6520
6520
6520
6520
6520
6520
6520
6520
6520
6520
6520
6520
6520
6520
6520
6520
6520
6520
6520
6520
6520
6520
6520
6520
6520
6520
6520
6520
6520
6520
6520
6520
6520
6519
6519
6520
6519
6519
6519
6519
6519
6519
6519
6519
6519
6519
6519
6519
6520
6520
6520
6520
6520
6520
6520
6520
6520
6520
6520
6520
6520
6520
6520
6520
6520
6520
6520
6520
6520
6520
6520
6520
6520
6520
6520
6520
6520
6520
6520
6520
6520
6520
6520
6520
6520
6520
6520
6520
6520
6520
6520
6520
6520
6520
6520
6520
6520
6520
6520
6520
6520
6520
6520
6520
6519
6519
6519
6519
6519
6519
6519
6519
6519
6519
6519
6519
6519
6519
6519
6520
6520
6520
6520
6520
6520
6520
6520
6520
6520
6520
6520
6520
6520
6520
6520
6520
6520
6520
6520
6520
6520
6520
6520
6520
6520
6520
6520
6520
6520
6520
6520
6520
6520
6520
6520
6520
6520
6520
6520
6520
6520
6520
6520
6520
6520
6520
6520
6520
6520
6520
6520
6520
6520
6520
6520
6520
6520
6520
6520
6520
6520
6520
6520
6520
6520
6520
6520
6520
6520
6520
6520
6520
6520
6520
6520
6520
6520
6520
6520
6520
6520
6520
6520
6520
6520
6520
6520
6520
6520
6520
6520
6520
6520
6520
6520
6520
6520
6520
6520
6520
6520
6520
6520
6520
6520
6520
6520
6520
6520
6520
6520
6520
6520
6520
6520
6520
6520
6520
6520
6520
6520
6520
6520
6520
6520
6520
6520
6520
6520
6520
6520
6520
6520
6520
6520
6520
6520
6520
6520
6520
6520
6520
6520
6520
6520
6520
6520
6520
6520
6520
6520
6520
6520
6520
6520
6520
6520
6520
6520
6520
6520
6520
6520
6520
6520
6520
6520
6520
6520
6520
6520
6520
6519
6519
6519
6519
6519
6519
6519
6519
6519
6519
6519
6519
6519
6519
6519
6519
6519
6520
6520
6520
6520
6520
6520
6520
6520
6520
6520
6520
6520
6520
6520
6520
6520
6520
6520
6520
6520
6520
6520
6520
6520
6520
6520
6520
6520
6520
6520
6520
6520
6520
6520
6520
6520
6520
6520
6520
6520
6520
6520
6520
6520
6520
6520
6520
6520
6520
6520
6520
6520
6520
6520
6520
6520
6519
6519
6519
6519
6519
6519
6519
6519
6519
6519
6519
6519
6519
6519
6519
6519
6519
6519
6519
6519
6519
6519
6519
6519
6519
6519
6519
6519
6519
6519
6519
6519
6519
6519
6519
6519
6519
6519
6519
6519
6519
6519
6519
6519
6519
6519
6519
6519
6519
6519
6519
6519
6519
6519
6519
6519
6519
6519
6519
6519
6519
6519
6519
6519
6519
6519
6519
6519
6519
6519
6519
6519
6519
6519
6519
6519
6519
6519
6519
6519
6519
6519
6519
6519
6519
6519
6519
6519
6519
6519
6519
6519
6519
6519
6519
6519
6519
6519
6519
6519
6519
6519
6519
6519
6519
6519
6519
6519
6519
6519
6519
6519
6519
6519
6519
6519
6519
6519
6519
6519
6519
6519
6519
6519
6519
6519
6519
6519
6519
6519
6519
6519
6519
6519
6519
6519
6519
6519
6519
6519
6519
6519
6519
6519
6519
6519
6519
6519
6519
6519
6519
6519
6520
6520
6520
6520
6520
6520
6520
6520
6520
6520
6520
6520
6520
6520
6520
6520
6520
6520
6520
6520
6520
6520
6520
6520
6520
6520
6520
6520
6520
6520
6520
6520
6520
6520
6520
6520
6520
6520
6520
6520
6520
6520
6520
6520
6520
6520
6520
6520
6520
6520
6520
6520
6520
6520
6520
6520
6520
6520
6520
6520
6520
6520
6520
6520
6520
6520
6520
6520
6520
6520
6520
6520
6520
6520
6520
6520
6520
6520
6520
6520
6520
6520
6520
6520
6520
6520
6520
6520
6520
6520
6520
6520
6520
6520
6520
6520
6520
6520
6520
6520
6520
6520
6520
6520
6520
6520
6520
6520
6520
6520
6520
6520
6520
6520
6520
6520
6520
6520
6520
6520
6520
6520
6520
6520
6520
6520
6520
6520
6520
6520
6520
6520
6520
6520
6520
6520
6520
6520
6520
6520
6520
6520
6520
6520
6520
6520
6520
6520
6520
6520
6520
6520
6520
6520
6520
6520
6520
6520
6520
6520
6520
6520
6520
6520
6520
6520
6520
6520
6520
6520
6520
6520
6520
6520
6520
6520
6520
6520
6520
6520
6520
6520
6520
6520
6520
6520
6520
6520
6520
6520
6520
6520
6520
6520
6520
6520
6520
6520
6519
6519
6519
6519
6519
6519
6519
6520
6520
6520
6520
6520
6520
6520
6520
6520
6520
6520
6520
6520
6520
6520
6520
6520
6520
6520
6520
6520
6520
6520
6520
6520
6520
6519
6519
6519
6519
6519
6519
6519
6519
6519
6519
6519
6519
6519
6519
6519
6519
6520
6520
6520
6520
6520
6520
6520
6520
6520
6520
6520
6520
6519
6519
6519
6519
6519
6519
6519
6519
6519
6519
6519
6519
6519
6519
6519
6519
6519
6519
6519
6519
6519
6519
6519
6519
6519
6519
6520
6520
6520
6520
6520
6520
6520
6520
6520
6520
6520
6520
6520
6520
6520
6520
6520
6520
6520
6520
6520
6520
6520
6520
6520
6520
6520
6520
6520
6520
6520
6520
6520
6520
6520
6520
6520
6520
6520
6520
6520
6520
6520
6520
6520
6520
6520
6520
6520
6520
6520
6520
6520
6520
6520
6520
6520
6520
6520
6520
6520
6520
6520
6520
6520
6520
6520
6520
6520
6520
6520
6520
6520
6520
6520
6520
6520
6520
6520
6520
6520
6520
6520
6520
6520
6520
6520
6520
6519
6519
6519
6519
6519
6519
6519
6519
6519
6519
6519
6519
6519
6519
6519
6519
6520
6520
6520
6520
6520
6520
6520
6520
6520
6520
6520
6520
6520
6520
6520
6520
6520
6520
6520
6520
6520
6520
6520
6520
6520
6520
6520
6520
6520
6520
6520
6520
6520
6520
6520
6520
6520
6520
6520
6520
6520
6520
6520
6520
6520
6520
6520
6520
6520
6520
6520
6520
6520
6520
6520
6520
6520
6520
6520
6520
6520
6520
6520
6520
6520
6520
6520
6520
6520
6520
6520
6520
6520
6520
6520
6520
6520
6520
6520
6520
6520
6520
6520
6520
6520
6520
6520
6520
6520
6520
6520
6520
6520
6520
6520
6520
6520
6520
6520
6520
6520
6520
6520
6520
6520
6520
6520
6520
6520
6520
6519
6519
6519
6519
6519
6519
6519
6519
6519
6519
6519
6519
6519
6520
6520
6520
6520
6520
6520
6520
6520
6520
6520
6520
6520
6520
6520
6520
6520
6520
6520
6520
6520
6520
6520
6520
6520
6520
6520
6520
6520
6520
6520
6520
6520
6520
6520
6520
6520
6520
6520
6520
6520
6520
6520
6520
6520
6520
6520
6520
6520
6520
6520
6520
6520
6520
6520
6520
6520
6520
6520
6520
6520
6520
6520
6520
6520
6520
6520
6520
6520
6520
6520
6520
6520
6520
6520
6520
6520
6520
6520
6520
6520
6520
6520
6520
6520
6520
6520
6520
6520
6520
6520
6520
6520
6520
6520
6520
6520
6520
6520
6520
6520
6520
6520
6520
6520
6520
6520
6520
6520
6520
6520
6520
6520
6520
6520
6520
6520
6520
6520
6520
6520
6520
6520
6520
6520
6520
6520
6520
6520
6520
6520
6520
6520
6520
6520
6520
6520
6520
6520
6520
6520
6520
6520
6520
6520
6520
6520
6520
6520
6520
6520
6520
6520
6520
6520
6520
6520
6520
6520
6520
6520
6520
6520
6520
6520
6520
6520
6520
6520
6520
6520
6520
6520
6520
6520
6520
6520
6520
6520
6520
6520
6520
6520
6520
6520
6520
6520
6520
6520
6520
6520
6520
6520
6520
6520
6520
6520
6520
6520
6520
6520
6520
6520
6520
6520
6520
6520
6520
6520
6520
6520
6520
6520
6520
6520
6520
6520
6520
6520
6520
6520
6520
6520
6520
6520
6520
6520
6520
6520
6520
6520
6520
6520
6520
6520
6520
6520
6520
6520
6520
6520
6520
6520
6520
6520
6520
6520
6520
6520
6520
6520
6520
6520
6520
6520
6520
6520
6520
6520
6520
6520
6520
6520
6520
6520
6520
6520
6520
6520
6520
6520
6520
6520
6520
6520
6520
6520
6520
6520
6520
6520
6520
6520
6520
6520
6520
6520
6520
6520
6520
6520
6520
6520
6520
6520
6520
6520
6520
6520
6520
6520
6520
6520
6520
6520
6520
6520
6520
