3347
3374
3375
3375
3619
3619
3620
3779
3620
3282
3620
3620
3779
3779
3377
2835
2455
2997
3108
3107
3504
3166
3411
3087
3186
2750
2123
2503
2827
2800
2502
1960
1965
1568
1324
1319
1320
1722
1563
1161
1188
1161
1166
1563
2190
2732
2732
2408
2028
2028
2028
2352
2028
2542
2541
2541
2785
3187
3235
2693
3073
3100
3052
2650
2948
2837
2996
2997
3045
2886
2886
2642
3078
3073
3615
3615
3620
3106
3265
3264
2867
2862
2564
2569
2410
2812
2376
2812
3136
3247
3406
3407
3296
3296
3634
3633
3633
3633
3006
2979
3606
4003
4030
4030
4025
3645
3650
3108
3108
2949
2625
2287
1885
2129
1693
2235
2573
3009
3009
3120
3115
3016
3314
3828
3828
3927
4307
4466
4221
4623
4524
4122
3686
3442
3331
3331
3304
3415
3077
3076
3478
3802
3802
3803
3902
4240
4192
4191
4218
4191
4192
4436
4435
4436
4484
4729
4215
4220
4221
4173
4074
3915
4351
4351
4350
4105
4105
4100
3703
4217
4462
4164
3920
4079
4079
3452
3452
3207
3505
3750
3750
3591
3988
4015
3501
3065
3065
2741
2199
2172
2271
2272
2173
2178
2692
3319
3318
3318
3207
2869
3028
3464
3464
3512
3132
2696
2696
2069
2021
2069
1824
2451
1824
1526
1770
1722
1967
2291
2833
3269
3269
2755
3382
3058
3058
3157
3184
3295
3290
3291
3046
3045
3559
3045
3045
3290
3338
3339
3344
3233
3233
3531
3134
3472
3227
3624
3188
3187
3701
3457
3456
3408
3403
2776
3021
3648
3648
3648
3649
3649
3404
3405
3841
3841
3682
3344
2717
2717
2876
3214
3213
3213
3213
3212
3113
3086
3091
3139
3519
3471
3498
3096
2716
2319
2320
2565
2809
3211
2809
2908
3310
3310
2874
2874
2360
2261
1923
1679
2306
2301
1899
1654
1978
2375
2777
2876
3256
2859
2535
1908
1809
1808
2244
2489
2886
2641
2641
3155
2758
2758
2758
3082
2758
3155
3782
3783
3831
4076
4028
4076
3917
3890
4134
4139
3737
3223
3561
3963
3963
3963
3964
3916
3289
2747
2746
2741
2741
3283
3442
3541
3139
2801
3139
2894
2735
2735
3249
3494
3058
3058
3217
3217
3844
3844
3600
3601
3601
2974
2974
3298
3199
3443
3554
3443
3879
3541
3541
3382
3409
3414
3414
3169
3414
3573
3568
3567
3567
3566
3566
3665
3665
3151
3156
3204
3205
3157
3157
2833
2944
2917
2818
3156
3204
2960
3362
2965
3289
3284
2904
3284
2946
2898
2946
2544
2882
3509
2967
2531
3045
3045
3442
3442
3442
3984
3873
3873
3575
3527
3368
3369
3369
3369
3369
2972
3216
2836
2836
2841
3277
3674
3773
3772
3773
4153
4555
4554
4554
4554
4174
4174
3930
3978
3879
4259
3745
3697
3941
3989
4287
4801
4404
4404
4356
4355
4752
4752
4779
4780
4879
4482
4482
4383
4383
4382
4541
4243
3999
3999
3999
3994
3994
3995
4043
4341
4341
4340
4439
4439
3897
4294
4836
4788
4789
4789
4790
4410
4790
4790
4790
4276
4387
4387
3985
3984
4228
4228
4227
4228
3904
3904
3468
3792
3468
3468
3473
3797
3797
3553
3229
3473
3473
2931
2930
3332
3305
3306
3307
3196
3196
2799
2794
2905
3341
3883
3931
3931
3931
3931
4445
4043
3995
3657
3359
3359
3407
3745
3231
3231
3633
3006
3006
3005
3329
3084
3598
3598
3597
3597
3353
3598
3598
3260
3265
3265
3154
3551
3849
3690
3690
3690
3690
3801
4139
4134
3810
3762
3365
3524
3525
3525
3525
3573
3817
3817
3844
3685
4082
4034
4082
4034
4193
3949
4576
4624
4465
4470
4359
4359
4359
3957
3521
3957
3560
3560
3180
3179
3131
3131
3511
3506
3506
3750
3755
4152
4152
4147
3809
3564
3564
3966
3967
3868
3432
3432
3868
3868
3868
3916
3921
3922
3921
4032
4277
4615
4179
4179
3665
3989
3989
3988
3743
3743
3842
4356
4356
4356
4356
4257
4257
4209
4209
4209
4257
3860
3959
3621
4057
4058
4303
3923
3679
3277
3657
3652
4054
3809
4054
3955
4199
3797
3797
3798
3897
3897
3897
3902
3902
3901
4298
4250
3814
3814
3973
4409
4409
4111
3952
3516
3918
3918
3918
4256
4257
3855
3855
3855
3855
3854
3516
3516
3516
2889
2889
2888
3324
2888
2883
2856
2757
2916
2943
2563
2662
3000
2841
2842
2842
2518
2518
2407
2407
2787
2543
2543
2841
2841
3085
3521
3680
4307
4307
4709
4709
4709
4709
4709
4820
4821
4307
3765
3521
3223
3737
4035
4034
3875
3478
3875
4417
4741
4985
4985
4986
4986
4986
5034
4654
4654
4653
4329
3932
3496
3252
3576
3477
3179
3615
2988
2988
3368
3369
3369
3342
3342
3342
3969
3969
3974
4001
3663
3339
3583
3556
2929
2549
2929
2928
3226
3550
3502
3502
3661
3688
3174
3169
3507
3396
3395
3443
3284
3681
3681
3682
3687
3145
3144
2899
2900
2873
2872
3031
2983
2983
2685
3312
3610
3366
3361
3605
3225
2823
2824
3069
3070
3584
3986
3986
3589
3187
3235
3615
3714
3555
3555
3555
3257
3257
3257
3256
3256
3256
3653
3409
3164
3323
3567
3865
3238
3139
3144
3144
2820
2306
2708
3032
2788
2740
2740
2735
2734
2782
3324
3324
3838
3679
3923
3928
3880
3880
3880
3907
3471
3471
3466
3466
3439
3439
3550
3226
3115
3439
3487
3514
3613
3275
3275
3248
3248
3253
2873
3253
3253
3280
3525
3961
3913
4540
4441
4441
4540
4699
4699
4302
4699
4747
4423
4423
4324
4080
4324
4324
4648
4648
4759
4759
4648
4621
4107
4107
3705
3705
3706
3408
3810
3809
4323
4318
4270
4270
4297
4396
4396
4396
4396
4444
4120
4444
4064
4065
4066
4039
4066
4065
4017
3990
3995
4043
3884
3995
3598
3593
3593
3931
3883
3559
3314
3314
3612
3771
3819
3305
3194
2856
3370
3375
3216
3168
3168
3327
3375
3374
3326
3664
3664
3775
4099
4094
4094
4094
3770
3228
3228
3770
3671
3676
3676
3775
3775
3531
3531
3532
3559
3559
3559
3448
3349
3349
3349
3349
2913
2913
2511
2511
2511
2512
2623
2325
2623
2867
3191
3571
3057
3454
3454
3427
3426
3525
3524
3524
3960
3987
4035
3936
3936
3936
3936
3936
4035
4030
4030
4030
4030
4030
4030
4030
4030
4030
4432
4432
4273
4274
4274
3936
3837
3837
3726
3837
3810
3183
3183
2939
2939
3566
3593
3593
3593
3593
4107
4352
4352
4352
4352
3916
3519
3519
3524
3862
3862
3862
3863
3863
3858
3857
3809
3809
3564
3565
3565
3538
3538
3538
3200
3538
3538
3586
3613
3565
3565
3241
3240
3213
3649
3311
3310
3310
3555
3555
3555
3893
3893
3893
3893
4217
4218
4462
3835
3724
3723
3478
3478
3479
3724
3724
3344
3100
3199
3443
3041
3041
3040
3151
3151
3151
3778
3778
3667
3568
3573
3275
3276
3276
3275
3275
3323
3422
3422
3422
3720
4117
4276
4177
4204
4204
3866
3818
3818
3791
4193
4193
3651
3652
3653
3701
3701
3701
3653
3653
3652
3700
3376
3377
2863
2962
2961
2961
2525
2366
2367
2747
2747
2747
2747
2350
2349
2891
2891
3229
3626
3627
4063
4063
4063
4015
3770
4284
3887
3887
3887
4211
4238
4238
4211
4259
4370
4126
4153
4126
3724
3969
3858
3857
3857
3857
3857
3809
3809
3810
3472
3472
3716
3716
3764
3763
3763
3790
3790
3691
3690
3690
3663
3121
3148
3486
3486
3888
3883
3856
3856
3857
3857
3533
3857
3477
3477
3477
3477
4019
4019
3392
3392
3148
3148
3100
3199
3199
3826
3874
3985
4229
3985
4229
4181
3745
3745
3343
3232
3232
3343
3343
3723
4125
4173
3875
3875
3875
3874
3874
3874
3879
4038
4474
4474
4474
4363
4661
4662
4338
4333
4333
4333
4332
4034
4332
4087
4087
4114
4114
4114
3870
3771
3776
3776
3771
4015
3501
3501
3501
3746
3587
3984
3739
3739
3850
3850
3949
3949
3950
3950
3949
3949
3901
3563
3901
4060
4060
3624
4138
4138
4138
3894
3735
3437
3438
3327
2989
2447
2745
2856
2856
2904
3063
3063
3063
2661
2661
3063
3015
3020
3020
3344
3233
3669
3669
3780
4024
3865
3865
3866
3568
3568
3568
3541
3700
3700
3945
3945
3846
3873
3471
3444
3443
3443
3284
3332
3332
3332
3332
3874
3874
3763
3383
3383
3383
3384
3483
3483
3047
3158
3158
3158
3185
3184
3136
3135
3135
3433
3189
3162
3598
3936
3936
3837
3499
3598
3936
3691
3936
4095
4095
4095
3996
4376
4424
4424
4424
4424
4424
4265
4266
4266
4266
4668
4668
4330
4330
4006
4006
4001
4001
4001
4006
4005
4005
4005
4329
4084
4422
4422
4422
4581
4581
4680
4680
4283
4235
4480
4381
4083
4078
4078
4078
4322
4322
4719
4818
4818
4845
4818
4707
4608
4270
4608
4656
4755
4756
4867
4867
4622
4622
4220
4220
4622
4463
4463
4761
4437
4437
4389
4389
4388
4633
4389
4416
4416
4660
4549
4549
4873
5032
4630
4003
3758
3758
3758
3758
3758
3758
3869
3917
3537
3538
4165
3921
3922
3921
3822
3822
4202
4175
4175
4577
4676
4676
4577
4676
4675
4675
4920
4540
4295
3898
3898
3787
3787
3787
3788
4033
3709
3709
3371
3768
3769
3768
3768
3879
3581
3581
3533
3533
3533
3831
3831
3832
3880
4218
3782
3781
4161
4161
4161
4050
4374
4375
4375
4375
4811
4811
4810
4809
4710
4809
4814
4655
4766
4761
4516
4468
4516
4760
4765
4765
4717
4717
4717
4962
4624
4651
4652
4652
4652
4652
4653
4626
4527
4203
4230
4229
3793
3788
4126
4450
4450
4339
4344
4345
4345
4345
4345
4345
4345
4393
4393
4392
4551
4154
4154
4154
4154
4154
4253
4364
4205
3825
3825
3798
3825
3825
4205
4602
4554
4990
4745
4745
4745
4745
4634
4634
4634
4879
4878
4926
4926
4926
4927
4879
4990
4990
4990
4990
4989
4989
4984
4984
4984
4984
4984
4739
4415
4416
4118
4118
4363
4363
4411
4411
4411
4410
4311
4316
4289
4587
4746
4746
4698
4725
5049
5049
5049
5097
5097
4852
4951
5196
4760
4760
4760
4760
4755
4755
4241
4755
4644
4644
4644
4644
4645
4486
4486
3859
3859
3462
3463
3462
3463
3364
2822
2821
2932
2932
2688
2787
2946
2847
3244
2864
2869
3496
3496
4038
4418
4418
4259
4232
4668
4912
4912
5011
5011
5011
5011
4900
5011
5011
5011
5011
5012
5011
5011
4767
4656
4656
4651
4652
4679
4631
4631
4631
4631
4630
4332
4491
4491
4735
5033
5038
5038
5038
5037
5037
5085
5086
5086
5038
5149
5149
5149
5149
5050
5051
5051
5150
5145
5145
4986
4986
4986
4875
4986
4986
4991
4991
4964
4964
4626
4626
4626
4246
4241
4241
4621
4621
4241
4241
4621
4959
4958
4958
4958
4556
4583
4147
4152
4588
4250
4245
3921
3921
3921
3623
4025
4184
3748
3747
3747
3503
3504
3504
3802
3850
3850
3849
3849
3854
3474
3798
3799
3799
3799
3798
3798
3798
4178
4422
4422
4423
4179
3934
3934
3420
3421
3421
3416
3416
3415
3416
3257
3693
3938
3558
3563
3722
3095
3094
2935
3315
3267
3022
3021
3016
3021
3021
3648
3648
3986
3986
4500
4500
4500
4495
4500
4500
4548
4548
4793
4745
4740
4899
4899
4788
4836
4836
4836
4836
4498
4498
4498
4609
4450
4450
4423
4312
4213
4457
4457
4457
4457
4457
4457
4458
4485
4584
4584
4584
4584
4584
4584
4922
4922
4922
5081
5081
5086
5086
5086
5059
5059
5054
5165
5165
5165
5170
5165
5117
5122
5149
5197
5197
5197
5197
5038
5011
5006
4958
4958
4957
5116
5116
5116
5164
5164
5005
5006
5006
5007
5034
5034
4923
4923
4923
4875
4875
4874
4874
4874
5033
5032
5032
5032
5032
4788
4788
4761
5005
5005
5053
5053
5053
4894
4894
4894
4894
4650
4650
4761
4788
5032
5032
5191
5191
5191
4853
4853
4826
4826
4826
4727
4754
4755
4755
4644
4400
4399
4399
4399
4737
4742
4742
4742
4853
4608
4603
4604
4604
4848
4848
4848
4821
4821
4821
4773
4773
4529
4529
4529
4529
4529
4529
4529
4577
4577
4604
4604
4609
4609
4609
4853
4852
4693
4693
4694
4853
4853
4853
4853
4555
4175
4473
4718
4718
4394
4389
4389
4362
4118
4217
4461
4461
4461
4461
4461
4461
4461
4462
4462
4461
4461
4461
4025
4025
4025
4030
4030
4410
4311
4311
4410
4405
4410
4846
4841
4841
4846
4846
4846
4444
4444
4471
4466
4466
4466
4466
4466
4868
4757
4757
4757
5081
5081
5081
5081
5192
5197
5197
5197
5197
5197
5197
4683
4584
4584
4340
4181
4181
4181
4340
4854
4854
4853
4805
4805
4805
4805
4904
4904
4745
4634
4635
4635
4311
4635
4635
4635
4879
4852
4900
4901
4928
4928
4829
4829
4829
4829
4829
4802
4504
4504
4499
4658
4685
4685
4685
4685
4685
4637
4637
4642
4940
4940
4935
4934
5045
4648
4648
4648
4648
4489
4537
4934
4537
4537
4537
4696
4696
4696
4696
4696
4696
4696
4696
4696
4696
4795
4281
4281
4281
4280
4280
4035
4035
4035
4035
4035
3936
3936
3936
3936
4333
4333
4306
4306
4306
4306
4306
4551
5065
5164
5164
5164
5164
4622
4622
4463
4463
4463
4468
4468
5010
5010
4962
4851
4851
4899
4894
4894
4650
4650
4650
4650
4650
4651
4656
4656
4656
4683
4683
4684
4684
4636
4880
4880
4880
4880
4879
4990
4990
4990
4990
4990
5038
5038
5038
5038
5039
5039
5038
5038
5037
5037
5196
5037
5037
5037
4926
4926
4926
4926
4899
4899
4851
4852
4852
4852
4852
4879
4874
4874
4629
4634
4607
4607
4363
4363
4474
4474
4474
4474
4475
4137
4137
4382
4381
4376
4535
4424
4535
4535
4535
4535
4873
4873
4714
4714
4714
4714
4714
4873
4900
4900
4900
4905
4905
4905
4953
4926
4926
4926
4926
4926
5170
5011
5011
5011
5006
5006
5006
4958
4958
4634
4523
4634
4634
4634
4634
4634
4793
4794
4549
4450
4450
4450
4450
4450
4450
4450
4450
4455
4455
4455
4455
4058
4303
4303
4700
4699
4694
5018
5019
5118
5019
5019
5046
5046
5046
5046
5046
5046
5046
5046
4887
4887
4887
4887
4887
4887
4887
4887
4860
4749
4749
4749
4754
4853
4853
4848
4875
4875
5034
5034
5034
5034
5145
5145
5145
5150
5150
5051
5051
5046
5046
5046
5046
5046
5046
5045
5045
5018
5018
5017
5017
4773
4800
4800
4502
4502
4502
4601
4502
4502
4502
4502
4503
4602
4602
4602
4602
4491
4491
4491
4464
4491
4491
4491
4464
4464
4305
4353
4353
4352
4463
4464
4464
4464
4464
4464
4365
4392
4392
4392
4393
4398
4393
4366
4664
4664
4763
4763
4763
4922
4922
4922
4811
4922
4921
4921
4921
4921
4921
4873
4873
4873
4872
4872
4920
4809
4814
4766
4793
4793
4793
4794
4794
4794
4695
4743
4738
4738
4743
4743
4743
4854
4855
4855
4855
4850
4855
4855
4850
4850
4850
5094
5099
5099
5099
5099
5099
5198
5198
5150
5150
4812
4860
4860
4833
4860
4860
4701
4590
4589
4541
4541
4879
4878
4878
4878
4851
4852
5011
5011
5011
5038
5039
5038
5038
5149
5148
5148
5143
4898
4898
4898
4898
4871
5116
5117
5117
5006
5054
4756
4756
5054
5054
5054
5054
5054
5054
5054
5054
5054
5054
5054
5054
5054
5054
4955
4955
5054
5054
5054
5054
5054
5054
5054
5054
5054
5053
5053
5053
5053
5058
5059
5058
5058
4959
5058
5058
5058
5058
4959
4959
4960
4960
4960
5071
5023
5023
5023
5023
5050
5050
5050
5050
5050
5023
5023
5050
5049
5049
5049
5049
5044
5044
5044
5092
5065
5070
5065
5065
5065
5017
5017
5017
5017
5017
5017
5065
5065
5065
5164
5065
5017
5017
5018
5018
5018
5018
5017
5017
5116
5116
5116
5116
5116
5116
5116
5116
5116
5116
5117
5117
5117
5117
5117
5117
5117
5144
5143
5044
5044
5045
5018
5018
5018
5018
5023
5023
5018
5017
5017
5017
5018
5018
5018
5018
5018
5018
5018
5018
5018
5018
4774
4774
4476
4476
4477
4477
4476
4476
4503
4508
4508
4508
4508
4509
4509
4509
4508
4508
4508
4509
4504
4802
5046
5046
5046
5046
5046
5046
5094
5094
5094
5094
5094
5094
5093
5093
5093
5093
5093
5093
5093
5093
5093
5093
5094
5094
5099
5099
5099
5099
5051
5051
5051
4940
4935
4940
4940
5039
5150
5051
4892
4892
4892
4891
4891
4990
4990
4990
4985
4985
4985
4985
4985
4985
4985
4985
4984
4885
4858
4858
4906
4906
4933
4933
4885
4984
4885
4858
4858
4858
4859
4886
5045
5045
5045
5045
5045
5045
5045
5045
5045
5045
5045
5045
5045
5045
5045
5044
5044
5045
5046
5046
5046
5046
5046
5046
5046
5046
5046
5046
5045
5144
5192
5192
5193
5193
5193
5193
5193
5193
5193
5193
5193
5193
5193
5193
5193
5193
5193
5193
5193
5193
5193
5193
5193
5192
5192
5192
5193
5193
5193
5192
5192
5192
5192
5144
5144
5144
5117
5006
5006
5006
5006
5006
5006
5033
5038
5038
5038
5039
5038
5038
5149
5149
5197
5198
5198
5198
5198
5198
5193
5166
5166
5166
5166
5166
4842
4842
4847
4847
4874
4874
4847
4847
4846
4846
4846
4846
4846
4846
4846
4873
4762
4762
4735
4735
4735
4735
4735
5059
5059
5060
5060
5060
5060
5055
5055
5054
5006
5006
5007
4908
4908
4908
4956
4956
4955
4982
4982
4982
4982
4982
4982
5081
5081
5082
5055
5082
5082
5087
5087
5087
5086
5086
5086
5086
5197
5197
5197
5198
5193
5193
5193
5192
5191
5191
5191
5080
5080
5080
5080
5080
5080
4921
4921
4921
4921
5032
5032
5032
5032
5037
5037
5038
5038
5038
5038
5197
5197
5197
5197
5197
5197
5196
5191
5191
5191
5191
5191
5191
5191
5191
5191
5191
5191
5191
5191
5191
5143
5143
5143
5143
5143
5143
5144
5144
5144
5144
5144
5144
5144
5144
5144
5144
5144
5144
5144
5144
5045
4934
4934
5033
5006
5117
5117
5117
5117
5117
5117
5117
5117
5117
5117
5117
5122
5122
5122
5122
5121
5122
5149
5149
5149
5149
5149
5149
5149
5149
5197
5197
5197
5197
5197
5197
5192
5192
5192
5192
5192
5192
5192
5192
5192
5192
5192
5192
5192
5192
5192
5144
5144
5144
5144
5144
5144
5144
5144
5149
5149
5149
5149
5149
5149
5149
5149
5148
5148
5148
5148
5148
5143
5148
5148
5148
5148
5148
5148
5148
5143
5143
5143
5148
5148
5148
5143
5144
5144
5144
5144
5144
5149
5149
5149
5144
5144
5144
5149
5149
5149
5149
5149
5149
5149
5122
5122
5122
5121
5121
5121
5121
5121
5169
5169
5169
5169
5170
5170
5170
5170
5170
5170
5170
5170
5170
5170
5170
5170
5197
5197
5197
5197
5197
5196
5197
5197
5197
5197
5197
5197
5197
5197
5197
5197
5086
5197
5197
5197
5197
5197
5197
5197
5197
5197
5197
5197
5197
5170
5169
5169
5169
5169
5169
5169
5169
5169
5169
5196
5148
5148
5143
5191
5191
5191
5143
5143
5143
5143
5143
5143
5144
5144
5144
5144
5144
5144
5144
4985
4984
4984
4885
4885
4885
4885
4885
4885
4885
4885
4885
4885
4885
4885
4885
4885
4886
4886
4886
4886
4886
5045
5093
5093
5093
5093
5092
5092
5065
5017
5017
5018
5018
5018
5018
5018
5018
5018
5017
5044
5044
5044
5044
5044
5049
4804
4804
4804
4804
5049
5097
5097
5097
5097
5097
5098
5098
5098
5098
5098
5098
5098
5098
5098
5098
5099
5099
5099
5099
5099
5099
5099
5099
5099
5198
5198
5198
5197
5197
5197
5197
5197
5197
5197
5170
5122
5122
5122
5122
5122
5122
5121
5148
5143
5144
5149
5149
5148
5148
5148
5149
5197
5197
5197
5197
5149
5148
5148
5148
5148
5148
5148
5148
5148
5143
5144
5144
5117
5117
5117
5122
5117
5117
5117
5118
5166
5166
5166
5166
5165
5165
5165
5165
5164
5191
5191
5191
5191
5192
5191
5196
5196
5197
5098
5098
5097
5196
5196
5196
5196
5196
5196
5196
5196
5196
5196
5196
5196
5196
5196
5148
5148
5143
5144
5144
5144
5144
5144
5144
5117
5165
5166
5166
5171
5072
5024
5024
5024
5024
5024
5024
5024
5024
5024
5024
5019
5018
5018
5018
5023
5023
5023
5023
5023
5122
5122
5122
5122
5122
5023
5023
5023
5023
5023
5023
5023
5023
5023
5023
5050
5050
5050
5050
5050
5050
5050
5050
5149
5148
5148
5148
5148
5148
5148
5148
5148
5148
5196
5148
5149
5149
5150
5198
5198
5198
5198
5197
5197
5197
5197
5197
5198
5198
5198
5198
5197
5197
5197
5197
5197
5197
5197
5197
5197
5197
5197
5197
5197
5197
5197
5197
5197
5197
5197
5170
5197
5086
5086
5086
5086
5086
5059
5170
5170
5171
5170
5170
5170
5170
5170
5165
5166
5165
5166
5166
5166
5166
5171
5171
5171
5171
5171
5171
5171
5171
5171
5171
5171
5171
5171
5170
5170
5170
5170
5170
5170
5170
5171
5171
5166
5166
5166
5166
5055
5055
5054
5054
5054
5053
5053
5053
5053
5053
5053
5080
5085
5085
5085
5085
5085
5086
5086
5059
5059
5054
5054
5054
5054
5054
5059
5059
5059
5059
5059
5059
5059
5059
5059
5059
5059
5059
5059
5059
5059
5060
5060
5060
5060
5060
5060
5060
5060
5060
5087
5087
5087
5086
5087
5087
5087
5087
5060
5060
5171
5171
5166
5166
5166
5166
5166
5166
5166
5166
5166
5166
5166
5166
5166
5165
5165
5165
5165
5165
5165
5165
5165
5192
5192
5192
5192
5192
5191
5192
5192
5193
5193
5193
5166
5166
5166
5166
5166
5166
5165
5165
5166
5166
5165
5166
5166
5166
5166
5166
5166
5166
5166
5166
5165
5165
5164
5164
5169
5169
5170
5165
5170
5197
5197
5197
5197
5197
5196
5197
5197
5197
5197
5197
5197
5197
5197
5197
5197
5197
5197
5196
5196
5196
5197
5197
5197
5197
5197
5197
5197
5197
5170
5170
5170
5169
5169
5169
5169
5169
5169
5169
5169
5169
5169
5170
5170
5170
5165
5166
5166
5166
5166
5166
5166
5166
5166
5166
5166
5166
5166
5165
5117
5117
5118
5118
5118
5118
5118
5117
5117
5117
5117
5117
5117
5117
5117
5117
5117
5117
5117
5117
5117
5117
5116
5116
5116
5116
5117
5117
5117
5117
5117
5117
5165
5192
5192
5192
5192
5192
5191
5191
5191
5191
5191
5191
5191
5191
5164
5165
5165
5165
5165
5165
5170
5170
5170
5170
5169
5169
5169
5169
5169
5169
5170
5170
5170
5170
5170
5170
5170
5165
5165
5165
5165
5165
5165
5165
5165
5192
5192
5192
5192
5192
5192
5192
5192
5192
5192
5192
5192
5192
5192
5192
5192
5192
5193
5192
5192
5192
5192
5192
5192
5192
5193
5193
5193
5193
5193
5193
5193
5193
5193
5193
5193
5193
5193
5193
5166
5166
5166
5166
5166
5166
5166
5165
5166
5166
5166
5171
5171
5171
5171
5171
5171
5171
5171
5171
5171
5171
5171
5171
5171
5171
5171
5171
5171
5198
5198
5198
5198
5198
5198
5198
5198
5198
5198
5198
5198
5193
5193
5192
5192
5192
5192
5192
5192
5192
5192
5197
5197
5192
5192
5197
5197
5197
5197
5197
5196
5196
5196
5196
5196
5196
5196
5196
5196
5196
5196
5196
5196
5196
5196
5196
5197
5197
5197
5197
5197
5197
5198
5150
5150
5150
5150
5150
5150
5149
5148
5148
5148
5148
5148
5148
5148
5196
5196
5196
5196
5197
5192
5192
5192
5192
5193
5193
5192
5192
5193
5193
5193
5192
5192
5192
5192
5192
5192
5192
5192
5192
5192
5192
5192
5192
5192
5192
5191
5191
5191
5192
5192
5192
5191
5191
5191
5191
5092
5092
5092
5092
5093
5192
5144
5144
5192
5192
5192
5192
5192
5192
5192
5192
5192
5192
5192
5192
5192
5192
5192
5193
5193
5193
5193
5193
5193
5193
5193
5198
5198
5197
5197
5197
5197
5197
5197
5197
5197
5197
5197
5197
5197
5197
5197
5192
5192
5193
5193
5145
5145
5144
5045
5045
5045
5045
5045
5045
5045
5044
5044
5044
5044
5045
5050
5050
5149
5149
5149
5149
5149
5149
5149
5149
5149
5148
5148
5148
5149
5148
5148
5148
5148
5148
5148
5148
5148
5148
5148
5148
5148
5148
5148
5148
5148
5148
5148
5148
5148
5148
5148
5148
5148
5148
5196
5196
5196
5196
5196
5196
5196
5196
5196
5148
5148
5148
5148
5143
5143
5143
5143
5143
5143
5143
5148
5148
5143
5143
5191
5191
5191
5191
5191
5191
5191
5191
5191
5191
5191
5191
5192
5192
5192
5192
5192
5192
5165
5170
5170
5170
5170
5170
5170
5170
5170
5170
5165
5165
5165
5165
5165
5166
5166
5166
5166
5166
5166
5166
5166
5166
5193
5193
5166
5166
5166
5165
5165
5165
5165
5165
5165
5165
5165
5165
5165
5165
5170
5170
5170
5122
5122
5123
5123
5123
5123
5171
5170
5170
5170
5171
5166
5166
5166
5166
5166
5166
5166
5193
5193
5193
5193
5193
5193
5193
5193
5193
5193
5193
5193
5193
5193
5198
5197
5197
5197
5197
5197
5197
5197
5197
5197
5197
5197
5197
5197
5197
5197
5197
5197
5197
5196
5196
5196
5196
5196
5196
5197
5197
5198
5198
5198
5198
5198
5198
5193
5193
5193
5193
5193
5193
5193
5193
5193
5193
5193
5193
5193
5192
5192
5192
5192
5192
5192
5192
5192
5192
5192
5192
5192
5192
5192
5197
5197
5197
5197
5197
5197
5197
5197
5197
5197
5197
5197
5197
5197
5197
5198
5198
5198
5198
5197
5197
5197
5197
5192
5192
5192
5192
5192
5192
5192
5192
5197
5192
5192
5192
5192
5192
5192
5192
5197
5192
5197
5197
5197
5197
5197
5196
5196
5196
5196
5196
5196
5196
5196
5197
5197
5197
5197
5197
5197
5197
5197
5197
5197
5197
5197
5197
5197
5197
5197
5197
5197
5192
5192
5192
5192
5197
5196
5197
5197
5197
5197
5197
5197
5197
5197
5197
5197
5197
5197
5197
5197
5197
5197
5197
5198
5198
5198
5198
5198
5198
5198
5197
5197
5197
5197
5192
5192
5192
5192
5193
5193
5193
5193
5193
5193
5193
5193
5193
5193
5193
5192
5165
5165
5165
5165
5166
5166
5166
5171
5171
5170
5170
5169
5169
5169
5169
5169
5169
5169
5169
5169
5169
5169
5169
5169
5169
5169
5169
5169
5169
5169
5169
5169
5170
5170
5170
5170
5197
5192
5192
5197
5197
5197
5197
5197
5198
5197
5197
5197
5197
5197
5192
5192
5192
5192
5192
5192
5192
5192
5192
5192
5192
5192
5192
5192
5192
5197
5197
5197
5197
5198
5198
5198
5198
5198
5198
5198
5198
5198
5198
5198
5198
5198
5198
5198
5198
5198
5198
5198
5197
5192
5192
5192
5192
5193
5193
5192
5192
5192
5192
5192
5192
5192
5192
5192
5192
5192
5192
5192
5191
5191
5196
5196
5196
5196
5196
5196
5196
5196
5196
5196
5196
5196
5196
5196
5197
5170
5197
5197
5197
5197
5197
5197
5197
5197
5197
5197
5197
5197
5192
5192
5192
5192
5192
5192
5192
5192
5192
5192
5192
5192
5192
5192
5192
5193
5193
5193
5193
5193
5192
5192
5192
5192
5192
5192
5192
5192
5192
5192
5197
5197
5197
5197
5197
5197
5197
5197
5197
5197
5197
5196
5196
5196
5196
5196
5196
5196
5196
5196
5196
5196
5196
5196
5196
5191
5191
5191
5191
5191
5191
5196
5196
5196
5197
5197
5197
5197
5197
5197
5197
5197
5197
5197
5197
5197
5170
5171
5171
5171
5198
5198
5198
5198
5198
5198
5198
5198
5198
5171
5170
5170
5170
5170
5170
5170
5170
5170
5170
5170
5197
5197
5197
5197
5197
5197
5197
5197
5197
5197
5197
5197
5197
5197
5197
5197
5197
5197
5197
5197
5197
5197
5197
5197
5197
5197
5198
5198
5198
5171
5171
5171
5171
5171
5171
5171
5171
5171
5171
5170
5170
5170
5170
5170
5171
5171
5171
5171
5171
5171
5171
5171
5171
5171
5171
5171
5171
5170
5169
5169
5196
5196
5196
5196
5196
5196
5196
5196
5196
5196
5196
5196
5196
5196
5191
5191
5191
5191
5196
5196
5196
5196
5196
5196
5148
5148
5143
5143
5144
5117
5144
5144
5145
5145
5145
5145
5145
5145
5145
5145
5145
5145
5145
5145
5144
5144
5144
5144
5144
5144
5144
5144
5144
5149
5149
5149
5149
5149
5149
5149
5149
5149
5149
5150
5150
5149
5149
5148
5148
5148
5148
5148
5148
5148
5148
5149
5149
5149
5148
5148
5149
5149
5144
5144
5144
5144
5144
5144
5144
5144
5144
5144
5149
5149
5149
5149
5149
5149
5149
5149
5149
5150
5150
5150
5150
5150
5150
5150
5150
5150
5198
5198
5198
5198
5198
5198
5198
5198
5198
5197
5197
5197
5197
5192
5197
5197
5197
5197
5197
5197
5197
5192
5192
5192
5192
5192
5192
5192
5192
5192
5192
5192
5192
5191
5192
5192
5192
5192
5192
5192
5192
5192
5165
5165
5165
5165
5192
5192
5197
5197
5197
5197
5197
5197
5197
5197
5197
5197
5197
5197
5197
5197
5197
5196
5196
5196
5196
5196
5196
5196
5196
5196
5196
5196
5197
5197
5197
5197
5197
5197
5197
5197
5197
5197
5197
5197
5197
5197
5197
5197
5192
5192
5192
5192
5191
5191
5191
5191
5191
5191
5192
5192
5192
5192
5193
5193
5193
5198
5198
5198
5198
5198
5198
5198
5198
5198
5198
5198
5198
5198
5198
5198
5198
5198
5198
5198
5197
5198
5198
5197
5197
5196
5197
5197
5197
5197
5197
5197
5197
5198
5198
5198
5197
5198
5193
5193
5193
5193
5193
5193
5192
5192
5192
5192
5192
5192
5192
5192
5192
5192
5192
5192
5192
5192
5192
5192
5192
5191
5191
5191
5191
5191
5191
5191
5191
5191
5192
5192
5197
5198
5198
5197
5197
5197
5197
5196
5191
5191
5191
5191
5191
5191
5192
5192
5193
5193
5193
5193
5193
5193
5193
5193
5193
5193
5193
5192
5192
5192
5192
5191
5191
5191
5191
5191
5191
5191
5191
5191
5191
5191
5191
5191
5191
5191
5191
5191
5192
5192
5192
5192
5192
5197
5197
5197
5197
5197
5197
5196
5196
5196
5191
5191
5191
5192
5192
5193
5193
5193
5193
5192
5192
5191
5191
5191
5191
5191
5191
5191
5191
5191
5191
5192
5192
5192
5192
5192
5192
5192
5192
5192
5192
5192
5192
5192
5197
5197
5197
5197
5197
5197
5192
5192
5192
5192
5192
5192
5192
5192
5192
5192
5192
5192
5192
5192
5192
5192
5192
5192
5192
5192
5192
5197
5197
5196
5196
5196
5196
5196
5197
5197
5197
5197
5197
5197
5197
5197
5197
5197
5197
5197
5197
5197
5197
5197
5197
5197
5198
5198
5198
5198
5198
5198
5198
5198
5193
5193
5198
5198
5198
5198
5198
5198
5198
5198
5198
5198
5198
5198
5198
5198
5198
5198
5198
5198
5198
5198
5198
5198
5197
5197
5198
5198
5197
5196
5196
5196
5196
5197
5197
5197
5197
5198
5197
5197
5197
5197
5197
5197
5197
5197
5196
5196
5196
5196
5196
5196
5196
5196
5197
5198
5198
5198
5198
5198
5198
5198
5198
5198
5198
5198
5198
5198
5198
5198
5198
5198
5198
5198
5198
5197
5198
5198
5198
5198
5198
5198
5198
5198
5193
5193
5193
5193
5193
5193
5193
5193
5192
5192
5192
5192
5192
5192
5197
5197
5197
5197
5197
5197
5197
5197
5196
5197
5197
5197
5197
5197
5197
5197
5197
5197
5170
5170
5170
5170
5170
5170
5169
5169
5169
5169
5169
5196
5197
5197
5197
5197
5197
5197
5197
5197
5197
5197
5198
5198
5198
5198
5197
5197
5197
5196
5196
5196
5191
5191
5192
5192
5197
5197
5197
5197
5197
5197
5198
5198
5198
5197
5197
5197
5197
5197
5197
5197
5197
5192
5193
5193
5193
5193
5193
5193
5193
5193
5192
5192
5192
5192
5192
5192
5192
5192
5197
5197
5196
5196
5196
5196
5196
5196
5196
5196
5196
5196
5196
5196
5196
5196
5196
5196
5196
5196
5196
5196
5196
5196
5196
5196
5196
5196
5196
5197
5197
5197
5197
5197
5197
5197
5197
5197
5197
5197
5197
5197
5197
5197
5197
5197
5197
5197
5197
5197
5197
5197
5197
5197
5197
5197
5197
5197
5197
5197
5197
5197
5197
5197
5197
5197
5197
5197
5197
5197
5197
5197
5196
5196
5196
5196
5196
5196
5196
5196
5196
5196
5196
5196
5196
5196
5196
5197
5197
5197
5197
5197
5197
5197
5197
5197
5197
5197
5197
5197
5196
5196
5196
5196
5196
5196
5196
5196
5197
5197
5192
5192
5193
5193
5193
5193
5193
5193
5193
5193
5192
5192
5192
5192
5192
5192
5192
5192
5192
5192
5192
5192
5192
5191
5192
5192
5192
5192
5192
5197
5197
5197
5197
5197
5197
5197
5197
5197
5197
5197
5192
5192
5197
5197
5198
5198
5198
5198
5198
5198
5198
5198
5198
5198
5197
5197
5197
5197
5197
5197
5197
5197
5197
5197
5197
5197
5197
5192
5192
5192
5192
5192
5192
5192
5192
5193
5193
5193
5198
5198
5198
5198
5198
5197
5197
5197
5197
5197
5197
5198
5198
5198
5197
5197
5197
5197
5197
5198
5197
5197
5197
5197
5192
5192
5192
5192
5192
5192
5192
5193
5198
5198
5198
5198
5198
5193
5193
5193
5193
5193
5193
5192
5192
5193
5193
5193
5193
5193
5198
5198
5198
5198
5198
5198
5198
5198
5198
5198
5198
5198
5197
5197
5197
5197
5197
5197
5197
5197
5197
5197
5197
5197
5197
5197
5197
5197
5197
5197
5197
5197
5197
5197
5198
5197
5197
5197
5197
5197
5197
5197
5197
5197
5197
5197
5197
5197
5197
5197
5198
5193
5193
5193
5193
5193
5193
5193
5193
5193
5193
5193
5193
5193
5193
5193
5193
5198
5198
5198
5198
5198
5198
5197
5197
5197
5197
5197
5197
5198
5198
5198
5198
5198
5198
5198
5197
5197
5197
5197
5197
5197
5197
5197
5197
5197
5197
5197
5197
5197
5197
5197
5197
5197
5197
5197
5197
5197
5197
5197
5197
5197
5197
5197
5197
5197
5197
5197
5197
5197
5197
5197
5197
5197
5197
5197
5197
5197
5197
5197
5197
5197
5197
5197
5197
5197
5197
5197
5197
5197
5197
5197
5197
5197
5197
5197
5197
5197
5197
5197
5197
5197
5197
5197
5197
5197
5197
5197
5197
5197
5197
5197
5197
5197
5197
5197
5197
5197
5197
5197
5197
5192
5192
5192
5192
5191
5191
5191
5191
5191
5191
5191
5191
5191
5191
5191
5191
5191
5191
5191
5191
5191
5191
5191
5191
5191
5192
5192
5192
5192
5192
5192
5192
5192
5193
5193
5193
5193
5193
5193
5192
5192
5192
5192
5192
5192
5192
5192
5192
5197
5197
5197
5197
5197
5197
5197
5197
5197
5197
5197
5197
5197
5197
5197
5197
5197
5197
5197
5197
5197
5197
5197
5197
5197
5196
5196
5196
5196
5196
5196
5197
5197
5197
5197
5197
5196
5196
5197
5197
5197
5197
5197
5197
5197
5197
5197
5197
5197
5197
5197
5196
5196
5197
5198
5197
5197
5197
5197
5197
5198
5198
5198
5198
5197
5197
5197
5197
5197
5197
5197
5196
5196
5196
5196
5196
5197
5197
5197
5197
5197
5192
5192
5192
5192
5192
5192
5192
5192
5192
5193
5193
5193
5193
5193
5198
5198
5198
5198
5198
5198
5198
5198
5198
5198
5197
5197
5197
5197
5197
5197
5197
5197
5197
5197
5197
5197
5197
5196
5196
5196
5191
5191
5191
5191
5191
5191
5191
5191
5196
5196
5196
5196
5196
5197
5197
5197
5197
5197
5197
5197
5197
5197
5197
5197
5196
5196
5196
5196
5196
5196
5196
5196
5196
5196
5196
5196
5196
5196
5196
5196
5196
5196
5196
5196
5191
5191
5191
5191
5191
5191
5191
5191
5191
5191
5191
5191
5191
5191
5191
5191
5192
5192
5192
5192
5192
5192
5192
5192
5193
5193
5193
5193
5193
5198
5198
5198
5198
5197
5197
5197
5197
5197
5197
5197
5197
5197
5197
5197
5197
5197
5197
5197
5197
5197
5197
5197
5197
5197
5197
5197
5197
5197
5197
5197
5197
5197
5197
5197
5197
5197
5197
5197
5197
5197
5197
5197
5198
5198
5198
5198
5198
5198
5198
5193
5193
5193
5193
5193
5193
5193
5198
5197
5197
5197
5197
5197
5197
5197
5197
5197
5197
5197
5197
5197
5197
5197
5197
5197
5197
5197
5197
5197
5197
5197
5192
5192
5192
5192
5192
5192
5191
5191
5191
5191
5191
5191
5191
5191
5191
5192
5192
5192
5192
5192
5192
5192
5192
5192
5192
5193
5193
5193
5193
5193
5193
5193
5193
5193
5193
5193
5193
5193
5193
5198
5198
5198
5198
5198
5198
5198
5197
5197
5197
5197
5197
5197
5197
5197
5197
5197
5197
5197
5196
5196
5196
5196
5196
5196
5196
5196
5196
5196
5196
5196
5197
5198
5198
5198
5198
5198
5198
5197
5197
5197
5197
5197
5197
5197
5197
5197
5197
5197
5197
5197
5197
5197
5198
5198
5198
5198
5198
5198
5198
5198
5198
5198
5198
5198
5198
5198
5198
5198
5198
5198
5198
5198
5198
5197
5197
5198
5198
5198
5197
5197
5197
5197
5197
5197
5197
5197
5197
5197
5197
5197
5197
5197
5197
5198
5197
5197
5198
5198
5198
5198
5198
5197
5197
5197
5197
5197
5197
5197
5197
5197
5197
5198
5198
5198
5198
5198
5198
5198
5197
5197
5197
5197
5197
5197
5196
5197
5197
5197
5197
5197
5197
5197
5198
5198
5198
5198
5198
5198
5198
5198
5197
5196
5196
5196
5197
5197
5197
5197
5197
5197
5197
5197
5197
5197
5197
5197
5197
5197
5197
5197
5197
5197
5197
5197
5197
5197
5197
5196
5196
5196
5196
5196
5196
5196
5196
5196
5197
5196
5196
5197
5197
5197
5197
5197
5197
5197
5198
5197
5197
5197
5197
5197
5197
5197
5197
5197
5197
5197
5197
5197
5197
5197
5196
5196
5196
5197
5197
5197
5197
5197
5197
5192
5192
5192
5192
5192
5193
5193
5193
5193
5193
5192
5192
5192
5192
5197
5197
5197
5197
5197
5197
5197
5197
5197
5197
5197
5197
5197
5197
5197
5197
5197
5197
5197
5196
5196
5196
5196
5197
5197
5197
5197
5197
5197
5197
5197
5197
5197
5197
5197
5197
5197
5197
5197
5197
5197
5197
5197
5196
5196
5196
5196
5196
5196
5196
5196
5196
5196
5196
5196
5196
5196
5196
5196
5196
5196
5196
5197
5197
5197
5197
5197
5197
5197
5197
5197
5197
5197
5197
5197
5198
5198
5198
5198
5198
5198
5198
5198
5198
5198
5198
5198
5197
5197
5197
5197
5197
5197
5197
5197
5197
5197
5197
5197
5197
5197
5197
5197
5197
5197
5197
5197
5197
5197
5197
5197
5197
5197
5197
5197
5197
5197
5197
5198
5198
5198
5198
5198
5198
5198
5198
5198
5198
5198
5198
5197
5197
5197
5197
5197
5197
5197
5197
5197
5197
5197
5197
5197
5197
5197
5197
5197
5197
5197
5197
5197
5197
5197
5197
5197
5196
5196
5196
5196
5196
5197
5198
5198
5198
5198
5198
5198
5198
5198
5198
5198
5198
5198
5198
5198
5198
5198
5198
5198
5198
5198
5198
5197
5197
5197
5197
5197
5197
5197
5197
5197
5197
5197
5197
5197
5198
5198
5197
5197
5197
5197
5198
5198
5198
5198
5198
5198
5198
5197
5197
5197
5197
5197
5197
5197
5197
5197
5198
5198
5198
5198
5198
5198
5198
5198
5198
5198
5198
5198
5198
5198
5198
5198
5198
5198
5198
5198
5198
5198
5198
5198
5198
5197
5197
5197
5197
5197
5197
5197
5197
5197
5197
5197
5197
5197
5197
5197
5197
5197
5197
5198
5198
5198
5198
5198
5198
5198
5198
5198
5198
5198
5198
5198
5198
5198
5198
5198
5198
5198
5198
5198
5198
5198
5198
5198
5198
5198
5198
5198
5198
5198
5198
5198
5198
5198
5198
5198
5198
5198
5198
5198
5198
5198
5198
5198
5198
5198
5198
5198
5198
5197
5197
5197
5196
5196
5196
5197
5197
5197
5197
5197
5197
5197
5198
5198
5197
5198
5198
5198
5197
5197
5197
5197
5196
5196
5196
5196
5196
5196
5196
5196
5196
5196
5196
5196
5196
5196
5196
5196
5196
5196
5196
5196
5196
5196
5196
5196
5196
5196
5196
5196
5196
5191
5191
5191
5191
5191
5191
5191
5191
5191
5192
5192
5192
5192
5192
5192
5192
5192
5192
5192
5192
5192
5192
5192
5192
5192
5192
5192
5192
5192
5192
5192
5192
5197
5197
5197
5197
5197
5197
5197
5197
5196
5197
5197
5197
5198
5198
5198
5198
5198
5198
5198
5198
5198
5198
5198
5198
5198
5198
5198
5197
5197
5197
5198
5198
5198
5198
5198
5198
5198
5198
5198
5198
5198
5198
5198
5197
5197
5197
5197
5197
5197
5197
5197
5197
5197
5197
5197
5197
5197
5197
5197
5197
5197
5197
5197
5197
5197
5197
5197
5197
5197
5197
5197
5197
5197
5197
5197
5197
5197
5197
5197
5197
5197
5197
5197
5197
5197
5197
5197
5197
5197
5197
5197
5197
5197
5197
5197
5197
5197
5197
5197
5197
5197
5197
5197
5197
5197
5197
5197
5197
5197
5197
5197
5197
5197
5197
5197
5197
5197
5197
5197
5197
5197
5197
5197
5197
5197
5197
5197
5197
5197
5197
5197
5197
5197
5197
5197
5197
5197
5197
5197
5197
5197
5197
5197
5197
5197
5198
5198
5198
5198
5198
5198
5198
5198
5198
5198
5198
5198
5198
5197
5197
5197
5197
5197
5197
5197
5197
5197
5197
5197
5197
5197
5198
5198
5198
5198
5197
5197
5197
5197
5197
5197
5197
5197
5198
5198
5198
5198
5198
5198
5198
5198
5198
5198
5198
5198
5198
5198
5198
5198
5198
5198
5198
5198
5198
5193
5193
5193
5193
5193
5193
5192
5192
5192
5192
5192
5192
5192
5193
5193
5193
5193
5193
5193
5192
5192
5192
5192
5192
5192
5192
5192
5192
5193
5193
5193
5192
5192
5192
5192
5192
5192
5192
5192
5192
5192
5192
5192
5192
5192
5192
5192
5192
5192
5191
5191
5192
5192
5192
5192
5192
5192
5192
5192
5192
5192
5192
5192
5192
5192
5192
5192
5192
5193
5193
5198
5198
5198
5198
5198
5198
5198
5198
5198
5198
5198
5198
5198
5198
5198
5198
5198
5198
5198
5198
5198
5198
5198
5198
5198
5198
5198
5198
5198
5198
5198
5198
5198
5198
5198
5198
5198
5198
5198
5198
5198
5198
5198
5198
5198
5198
5198
5198
5198
5198
5198
5198
5198
5198
5198
5197
5197
5197
5197
5197
5197
5197
5197
5197
5197
5197
5197
5197
5197
5197
5197
5197
5197
5197
5197
5197
5198
5198
5198
5198
5198
5198
5198
5198
5197
5197
5197
5197
5197
5197
5197
5197
5197
5197
5197
5197
5197
5197
5197
5197
5197
5197
5197
5197
5197
5197
5197
5197
5197
5197
5197
5198
5198
5198
5198
5198
5198
5198
5198
5198
5198
5197
5197
5197
5197
5198
5198
5198
5198
5198
5198
5198
5198
5198
5198
5198
5198
5198
5198
5198
5198
5198
5198
5198
5198
5198
5198
5198
5198
5198
5198
5198
5198
5198
5198
5198
5198
5198
5198
5198
5198
5198
5198
5198
5198
5198
5198
5198
5197
5197
5197
5197
5197
5197
5197
5197
5197
5197
5197
5197
5197
5197
5198
5198
5198
5198
5198
5197
5197
5197
5197
5197
5197
5197
5197
5197
5197
5197
5198
5198
5198
5198
5198
5198
5198
5198
5198
5198
5198
5198
5198
5198
5198
5198
5198
5198
5198
5198
5198
5198
5198
5198
5198
5198
5198
5198
5197
5197
5197
5197
5197
5197
5197
5197
5197
5197
5198
5198
5198
5198
5198
5198
5198
5198
5198
5198
5198
5198
5198
5198
5198
5198
5198
5198
5198
5198
5198
5198
5198
5198
5198
5198
5198
5197
5197
5197
5197
5197
5197
5197
5197
5197
5197
5197
5197
5197
5197
5196
5196
5197
5197
5197
5197
5197
5197
5197
5197
5197
5197
5197
5198
5198
5198
5198
5198
5197
5197
5197
5197
5197
5198
5198
5198
5197
5197
5197
5197
5197
5197
5197
5197
5197
5198
5198
5198
5198
5198
5198
5198
5198
5198
5198
5198
5198
5198
5198
5198
5197
5197
5197
5197
5198
5197
5197
5197
5197
5197
5197
5197
5197
5197
5198
5198
5198
5198
5198
5198
5197
5197
5197
5197
5197
5197
5197
5197
5197
5197
5197
5198
5198
5198
5198
5198
5198
5198
5198
5198
5198
5198
5198
5198
5198
5198
5198
5198
5198
5198
5198
5198
5198
5198
5198
5198
5198
5198
5198
5198
5198
5198
5198
5198
5198
5198
5198
5198
5198
5198
5198
5198
5198
5198
5198
5198
5198
5198
5198
5198
5198
5198
5198
5198
5198
5198
5198
5198
5198
5198
5198
5198
5198
5198
5198
5198
5198
5198
5198
5198
5198
5198
5198
5198
5198
5198
5198
5198
5198
5198
5198
5198
5198
5198
5198
5198
5198
5198
5198
5198
5198
5198
5198
5198
5198
5198
5198
5198
5198
5198
5198
5198
5198
5198
5198
5198
5198
5198
5198
5198
5198
5198
5198
5198
5198
5198
5198
5198
5198
5198
5198
5198
5198
5197
5197
5197
5197
5197
5197
5197
5197
5197
5197
5197
5197
5197
5197
5197
5197
5197
5197
5197
5197
5197
5197
5197
5196
5197
5197
5197
5197
5197
5197
5197
5197
5197
5197
5197
5197
5197
5197
5197
5197
5197
5197
5197
5197
5197
5197
5197
5197
5197
5197
5197
5197
5197
5197
5197
5197
5197
5197
5197
5197
5197
5197
5197
5197
5197
5197
5196
5196
5196
5196
5196
5196
5196
5196
5196
5196
5196
5196
5196
5196
5197
5197
5197
5197
5197
5197
5197
5197
5197
5197
5197
5197
5197
5197
5197
5197
5197
5197
5197
5197
5197
5197
5197
5197
5197
5197
5197
5197
5197
5197
5197
5196
5196
5196
5196
5196
5196
5196
5196
5196
5196
5197
5197
5197
5197
5197
5197
5197
5197
5197
5197
5197
5197
5197
5197
5197
5197
5197
5198
5198
5198
5198
5198
5198
5198
5198
5198
5198
5198
5198
5198
5198
5198
5198
5198
5198
5198
5198
5198
5198
5198
5198
5198
5198
5198
5198
5198
5198
5198
5198
5198
5198
5198
5198
5198
5198
5198
5198
5198
5198
5198
5198
5198
5198
5198
5198
5198
5198
5198
5197
5197
5197
5197
5197
5197
5197
5197
5197
5197
5197
5197
5197
5197
5197
5197
5198
5198
5198
5198
5198
5198
5198
5198
5198
5198
5198
5198
5198
5198
5198
5198
5198
5198
5198
5198
5198
5198
5198
5198
5198
5198
5198
5198
5198
5198
5198
5198
5198
5197
5197
5197
5197
5197
5197
5197
5197
5197
5197
5197
5197
5197
5197
5197
5197
5197
5197
5197
5198
5198
5198
5198
5198
5198
5198
5198
5198
5198
5198
5198
5198
5198
5198
5198
5198
5198
5198
5198
5198
5197
5197
5197
5197
5198
5198
5198
5198
5198
5198
5198
5198
5198
5198
5198
5198
5198
5198
5198
5198
5198
5198
5198
5198
5198
5198
5198
5198
5198
5198
5198
5198
5198
5198
5198
5198
5198
5198
5198
5198
5198
5198
5198
5198
5198
5198
5198
5198
5198
5198
5198
5198
5198
5198
5198
5198
5197
5197
5197
5197
5197
5197
5197
5197
5196
5196
5197
5197
5197
5197
5197
5197
5197
5197
5197
5197
5197
5197
5197
5197
5197
5197
5197
5197
5197
5197
5197
5197
5197
5197
5197
5197
5197
5197
5197
5197
5197
5197
5197
5197
5197
5197
5197
5197
5197
5197
5197
5197
5197
5197
5197
5197
5197
5197
5197
5197
5197
5197
5197
5197
5197
5197
5197
5197
5197
5197
5197
5197
5197
5197
5197
5197
5197
5197
5198
5198
5198
5198
5198
5198
5198
5198
5198
5198
5198
5198
5198
5198
5198
5198
5198
5198
5198
5198
5198
5198
5198
5198
5198
5198
5198
5198
5198
5198
5198
5198
5198
5198
5198
5198
5198
5198
5198
5198
5198
5198
5198
5198
5198
5198
5198
5198
5198
5198
5198
5198
5198
5198
5198
5198
5198
5198
5198
5198
5198
5198
5198
5198
5198
5198
5198
5198
5198
5198
5198
5198
5198
5198
5198
5198
5198
5198
5198
5198
5198
5198
5198
5198
5198
5198
5198
5198
5198
5198
5198
5198
5198
5198
5197
5197
5197
5197
5197
5197
5197
5196
5196
5196
5196
5196
5196
5196
5196
5196
5196
5196
5196
5196
5196
5196
5196
5196
5196
5196
5196
5197
5197
5197
5197
5197
5197
5197
5197
5197
5197
5197
5197
5197
5197
5197
5197
5197
5196
5196
5196
5196
5196
5196
5196
5196
5196
5196
5196
5196
5196
5196
5196
5196
5196
5196
5196
5196
5196
5196
5196
5196
5196
5196
5196
5196
5196
5196
5196
5196
5196
5196
5197
5197
5197
5197
5197
5197
5197
5198
5198
5198
5198
5198
5198
5198
5198
5198
5198
5198
5198
5198
5198
5198
5198
5198
5198
5198
5198
5198
5198
5198
5198
5198
5198
5198
5198
5198
5198
5198
5198
5198
5198
5198
5198
5198
5198
5198
5198
5198
5198
5198
5198
5198
5198
5198
5198
5198
5198
5198
5198
5198
5198
5198
5197
5197
5197
5197
5197
5197
5197
5197
5197
5197
5197
5197
5197
5197
5197
5197
5197
5197
5197
5197
5197
5197
5197
5198
5198
5198
5198
5198
5198
5198
5198
5198
5198
5198
5198
5198
5198
5198
5198
5198
5198
5198
5198
5198
5198
5198
5198
5198
5198
5198
5198
5198
5198
5198
5198
5198
5198
5198
5198
5198
5198
5198
5198
5198
5198
5198
5198
5198
5198
5198
5198
5198
5198
5198
5198
5198
5198
5198
5198
5198
5198
5198
5198
5198
5198
5198
5198
5198
5198
5197
5197
5197
5198
5198
5198
5198
5198
5198
5198
5198
5198
5198
5198
5198
5198
5198
5198
5198
5198
5198
5198
5198
5198
5198
5198
5198
5198
5198
5198
5198
5198
5198
5198
5198
5198
5198
5198
5198
5198
5198
5198
5198
5198
5198
5198
5198
5198
5198
5198
5198
5198
5198
5198
5198
5198
5198
5198
5198
5198
5198
5198
5198
5198
5198
5198
5198
5198
5198
5198
5198
5198
5198
5198
5198
5198
5198
5198
5198
5198
5198
5198
5198
5198
5198
5198
5198
5198
5198
5198
5198
5198
5198
5198
5198
5198
5198
5198
5198
5198
5198
5198
5198
5198
5198
5198
5198
5198
5198
5198
5198
5198
5198
5198
5198
5198
5198
5198
5198
5198
5198
5198
5198
5198
5198
5198
5198
5198
5198
5198
5198
5198
5198
5198
5198
5198
5198
5198
5198
5198
5198
5198
5198
5198
5198
5198
5198
5198
5198
5198
5198
5198
5198
5198
5198
5198
5198
5198
5198
5198
5198
5198
5198
5198
5198
5198
5198
5198
5198
5198
5198
5198
5198
5198
5198
5198
5198
5198
5198
5198
5198
5198
5198
5198
5198
5198
5198
5198
5198
5198
5198
5198
5198
5198
5198
5198
5198
5198
5198
5198
5198
5198
5198
5198
5198
5198
5198
5198
5198
5198
5198
5198
5198
5198
5198
5198
5198
5198
5198
5198
5198
5198
5198
5198
5198
5198
5198
5198
5198
5198
5198
5198
5198
5198
5198
5198
5198
5198
5198
5198
5198
5198
5198
5198
5198
5198
5198
5198
5198
5198
5198
5198
5198
5198
5198
5198
5198
5198
5198
5198
5198
5198
5198
5198
5198
5198
5198
5198
5198
5197
5197
5197
5197
5197
5197
5198
5198
5198
5198
5198
5198
5198
5198
5198
5198
5198
5198
5198
5198
5198
5198
5198
5198
5198
5198
5198
5198
5198
5198
5198
5198
5198
5198
5198
5198
5198
5198
5198
5198
5198
5198
5198
5198
5198
5198
5198
5198
5198
5198
5198
5198
5198
5198
5198
5198
5198
5198
5198
5198
5198
5198
5198
5198
5198
5198
5198
5198
5198
5198
5198
5198
5198
5198
5198
5198
5198
5198
5198
5198
5198
5198
5198
5198
5198
5198
5198
5198
5198
5198
5198
5198
5198
5198
5198
5198
5198
5198
5198
5198
5198
5198
5198
5198
5198
5198
5198
5198
5198
5198
5198
5198
5198
5198
5198
5198
5198
5198
5198
5198
5198
5198
5198
5198
5198
5198
5198
5198
5198
5198
5198
5198
5198
5198
5198
5198
5198
5198
5198
5198
5198
5198
5198
5198
5198
5198
5198
5198
5198
5198
5198
5198
5198
5198
5198
5198
5198
5198
5198
5198
5198
5198
5198
5198
5198
5198
5198
5198
5198
5198
5198
5198
5198
5198
5198
5198
5198
5198
5198
5198
5198
5198
5198
5198
5198
5198
5198
5198
5198
5198
5198
5198
5198
5198
5198
5198
5198
5198
5198
5198
5198
5198
5198
5198
5198
5198
5198
5198
5198
5198
5198
5198
5198
5198
5198
5198
5198
5198
5198
5198
5198
5198
5198
5198
5198
5198
5198
5198
5198
5198
5198
5198
5198
5198
5198
5198
5198
5198
5198
5198
5198
5198
5198
5198
5198
5198
5198
5198
5198
5198
5198
5198
5198
5198
5198
5198
5198
5198
5198
5198
5198
5198
5198
5198
5198
5198
5198
5198
5198
5198
5198
5198
5198
5198
5198
5198
5198
5198
5198
5198
5198
5198
5198
5198
5198
5198
5198
5198
5198
5198
5198
5198
5198
5198
5198
5198
5198
5198
5198
5198
5198
5198
5198
5198
5198
5198
5198
5198
5198
5198
5198
5198
5198
5198
5198
5198
5198
5198
5198
5198
5198
5198
5198
5198
5198
5198
5198
5198
5198
5198
5198
5198
5198
