4723
4962
4963
5063
5062
5454
5736
5454
5404
4913
4913
4555
4605
4250
4251
4583
4599
4207
4207
4206
4206
4207
3968
3968
4360
3905
3645
3236
3691
4046
4046
4046
3691
4182
4182
4566
4117
4399
4659
4008
4008
4059
3959
3468
3136
3136
3545
3900
4551
4500
4500
3849
3849
3589
3828
3827
4159
4143
3811
3811
3811
4071
4403
4143
4144
4143
4243
4243
4601
4243
3911
4269
4030
3347
4030
3748
3339
3355
2997
2642
2974
2582
2937
3197
3688
3927
3927
3877
4159
4608
4224
4224
4124
4508
4492
4884
4900
4950
4595
4595
4146
4096
3764
4173
4173
4824
4824
4824
4824
4824
4825
4441
4825
4824
4542
4543
4543
4527
4526
4526
4576
4931
4881
4931
4931
4947
4947
4947
4947
5047
5496
5778
5423
5423
5424
5424
5164
5164
5496
5547
5547
5547
5098
5098
4859
5098
5047
4556
4556
4506
4766
4766
4817
4867
4535
4253
4252
4252
3843
3843
3583
3533
3533
3942
3487
3747
3338
2954
2715
3073
3022
3073
3123
3123
3507
3507
3149
3149
3149
3149
3149
3049
3050
2666
2666
2666
2666
2998
3489
3489
3489
3438
3720
3670
3338
3747
3747
3747
3465
3747
4079
4437
4436
4437
4028
4028
4079
3747
4196
4551
4193
3702
3752
3752
4161
4545
4544
4095
4586
4326
4565
4565
4923
4923
4923
4923
5255
4973
5428
5528
5173
5073
5073
5073
5073
5074
5074
4716
4666
4282
4282
4382
3973
3973
4357
4407
4391
4746
4746
4745
4746
4746
5195
4633
4633
4142
4500
4991
4599
3948
3709
3325
3585
3824
3824
3724
4286
4386
4668
4219
4218
4219
4219
4219
4603
4321
4321
4270
4662
4662
4713
5122
5404
5046
5404
5404
5046
5046
4807
4807
4823
4807
4807
4707
4447
4446
4164
4164
4180
4180
4130
4781
4449
4433
4024
4382
4382
3731
3373
3373
3731
3781
3781
3781
3781
3397
3781
3797
3797
3797
4036
4368
4628
4628
5077
5061
4801
4801
4446
4446
4446
4446
4054
3815
4054
4003
4003
4019
4670
4671
4655
3972
3988
3988
3938
3989
3989
4271
4954
5346
5701
6110
5661
6110
5655
5655
5655
5604
6059
6159
6143
5734
5734
6143
6043
6043
6043
6094
6043
6093
6093
6092
6092
6092
6352
6352
5968
5968
5968
5968
5968
5968
5918
5918
5679
5695
5745
5796
5745
6129
6229
5837
5275
5837
5837
5388
5627
6019
5737
5737
5737
5737
5737
5737
6019
6019
5564
5548
5599
5600
5242
5242
5242
5691
5691
5691
5008
5007
5023
5023
5023
5706
5706
5655
5655
5655
6013
6064
6065
6049
6049
5998
5998
5998
5898
5514
5969
5286
5026
4694
4693
4693
4693
4694
4693
4693
5025
5025
5025
5026
5026
5026
5026
4976
4975
4991
4991
4991
4991
4991
4992
4976
5076
4514
4514
4530
4530
4530
4530
4430
4992
4660
4659
4710
4710
4694
4643
4361
4643
4975
4991
4991
4991
5042
5042
5042
5725
5725
5725
5725
5725
5443
5443
5443
5443
5444
5428
5428
5528
5196
5196
5196
5580
5580
5580
5018
5018
5018
4663
4663
4663
4663
4663
4172
4188
4187
4136
4187
4542
4542
4542
4542
4542
4543
4825
4725
4725
5287
5005
5005
5005
5055
5005
5005
5005
5005
5105
5105
5054
5054
4954
4954
5286
5286
5286
5286
5777
5776
5777
5777
5777
5827
5927
5927
5543
5543
5493
5493
5543
5493
5877
5877
5877
5877
5877
5876
5876
5876
5877
5522
5804
5804
5804
5472
5827
5827
5443
5703
5754
5754
5754
5754
5399
5399
5383
5738
5788
5788
5787
5787
5736
5737
5737
5737
5345
5345
5345
5245
5245
5629
5579
5579
5630
5630
5680
5680
5680
5679
6011
6403
6503
6453
6453
5891
5791
5807
5568
6130
6130
5870
5870
5871
5820
5819
5461
5819
5819
5819
5819
5370
5354
5405
5405
5405
4722
4722
4982
5665
5614
5614
5615
5615
5715
5715
5715
5765
5765
5764
5764
5664
5903
6352
6452
6452
6503
6503
6503
6503
6503
6503
6012
6012
6012
6012
6012
5961
5961
5961
5961
5961
5961
5961
5310
5310
5310
5310
5260
5310
5310
5310
5801
5801
5801
5801
5801
5751
5801
5801
5852
5852
5852
5852
5801
5801
5801
5802
5802
5802
5801
5801
5801
5801
5801
5801
5801
5346
5397
5347
5802
6453
6454
6454
6403
6403
6454
6454
6454
6454
6470
6470
6470
6188
6188
6238
6238
6238
6238
6222
6222
5571
5571
5571
5571
5570
5570
5178
5570
5570
5570
5571
5571
5571
5571
5571
6222
6222
6222
6222
6222
6222
6222
6222
6171
6170
6170
6170
6452
6213
6213
6163
6163
6163
6163
6163
5771
5771
5771
5771
5771
5387
5387
5387
5387
5387
5387
5388
5627
5627
5627
5627
5367
5012
5011
5011
5395
5395
5113
5114
5165
5165
5165
5165
5215
5570
5570
5570
5570
5519
5535
5535
5535
5927
5877
5877
5877
6137
6136
6120
6120
5469
5020
5020
5469
5520
5520
5536
6187
5696
5645
5645
5645
5645
6136
6186
6237
6237
6237
6137
6137
6237
6237
5977
5977
5877
6159
6259
6259
6243
6259
6259
6259
6259
6259
6259
6259
6259
6259
6209
6469
6469
6469
6469
6453
6453
6453
6453
6453
6453
6453
6453
6453
6453
6453
6353
6353
6353
6354
5999
5999
5999
5999
5999
5999
5667
5667
5717
5717
6072
6072
6072
6022
6354
6354
6354
5999
5999
5999
5999
5999
5998
5999
6354
6354
6354
6022
6022
6022
5971
5987
6037
5987
5987
5987
5971
6022
6022
6021
6021
6071
6021
5970
6020
6021
6021
6021
5761
5761
5812
5812
5812
5912
5912
5912
5912
5912
5912
5912
5912
5912
5912
5912
5861
5861
5860
5860
6192
6192
6192
6193
6193
6192
6092
6092
6092
6092
6092
6042
6042
6058
6058
6058
6058
6058
6058
6058
6058
6058
6158
6158
6158
6158
6418
6158
6158
6158
6158
6158
6158
6158
6158
6158
6058
6058
6108
6108
6108
6108
6108
6108
6108
6108
6092
6352
6352
6352
6352
6352
6352
6352
6352
6352
6352
6352
6352
6352
6352
6352
6352
6352
6352
6403
6403
6403
6403
6352
6352
5994
6045
6145
6145
6161
5829
5813
6171
6171
6171
6171
6171
6071
6071
6087
6087
6087
6087
6187
6187
6136
6137
5877
5877
5877
5877
5877
5877
5877
6209
6209
6209
6209
6209
6209
6209
6209
6209
6209
6209
6159
6159
6419
6419
6419
6419
6470
6470
6470
6470
6470
6470
6470
6470
6419
6419
6419
6419
6419
6419
6419
6419
6469
6469
6469
6469
6469
6469
6469
6469
6469
6469
6469
6469
6468
6468
6418
6418
6418
6402
6402
6402
6452
6453
6453
6453
6452
6452
6503
6503
6453
6503
6503
6503
6403
6352
6352
6352
6352
6352
6452
6452
6468
6468
6468
6469
6468
6468
6468
6468
6468
6468
6468
6468
6519
6519
6503
6503
6403
6403
6403
6403
6352
6352
6352
6403
6403
6403
6403
6503
6403
6419
6419
6419
6419
6419
6419
6368
6368
6368
6368
6352
6352
6368
6368
6368
6368
5877
5877
5877
5877
5877
5878
5878
5878
5878
5878
5929
5878
5878
5978
5978
5977
5977
5977
5977
5961
5961
5961
5961
5961
5961
5961
5977
5977
5977
5978
5978
5978
5978
5978
5978
5978
5978
5928
6419
6419
6419
6419
6419
6418
6418
6418
6418
6418
6418
6419
6419
6419
6419
6419
6319
6319
6319
6419
6419
6419
6419
6419
6419
6419
6419
6419
6419
6470
6470
6470
6470
6470
6454
6454
6454
6454
6454
6454
6453
6453
6453
6453
6453
6453
6453
6453
6469
6470
6470
6470
6470
6470
6469
6469
6469
6469
6469
6519
6519
6519
6519
6519
6519
6519
6520
6520
6520
6520
6520
6520
6519
6519
6469
6469
6469
6469
6469
6469
6469
6469
6469
6469
6469
6469
6470
6419
6419
6419
6418
6418
6418
6419
6419
6419
6419
6419
6419
6419
6419
6319
6319
6319
6319
6319
6319
6319
6370
6370
6370
6370
6354
6354
6354
6354
6354
6354
6354
6404
6420
6404
6404
6404
6403
6403
6403
6404
6404
6404
6404
6404
6404
6404
6404
6404
6404
6404
6404
6403
6403
6403
6352
6352
6352
6352
6368
6368
6368
6368
6468
6519
6519
6519
6520
6520
6520
6520
6520
6520
6520
6520
6520
6520
6520
6520
6520
6281
6281
6231
6231
6231
6231
6231
6231
6231
6231
6231
6231
6231
6231
6231
6231
6231
6231
6231
6231
6470
6470
6470
6470
6470
6469
6469
6519
6519
6519
6519
6519
6519
6519
6519
6519
6519
6519
6519
6519
6520
6520
6520
6520
6520
6520
6520
6420
6420
6420
6420
6369
6369
6369
6369
6369
6369
6369
6353
6352
6352
6352
6368
6368
6368
6369
6369
6369
6369
6369
6369
6368
6368
6368
6368
6368
6368
6368
6368
6368
6318
6318
6318
6318
6318
6368
6368
6368
6369
6369
6369
6369
6369
6369
6369
6369
6369
6369
6369
6469
6469
6469
6469
6468
6468
6452
6452
6452
6452
6452
6452
6452
6452
6452
6452
6452
6452
6452
6452
6468
6468
6468
6468
6468
6468
6469
6469
6469
6469
6469
6469
6469
6469
6469
6469
6469
6469
6469
6469
6469
6469
6469
6520
6519
6519
6519
6519
6519
6519
6519
6519
6503
6503
6503
6503
6503
6503
6504
6454
6454
6454
6454
6454
6454
6454
6454
6454
6453
6453
6453
6453
6453
6453
6454
6454
6453
6503
6503
6503
6503
6503
6503
6503
6453
6453
6453
6453
6453
6453
6469
6469
6469
6469
6469
6469
6470
6470
6470
6470
6470
6470
6470
6470
6470
6520
6520
6520
6470
6470
6470
6470
6470
6470
6470
6470
6470
6470
6470
6470
6470
6469
6469
6469
6469
6469
6469
6469
6469
6469
6469
6469
6469
6469
6469
6469
6469
6469
6469
6469
6469
6519
6519
6519
6519
6519
6519
6519
6519
6519
6519
6519
6519
6519
6519
6519
6519
6519
6519
6519
6519
6519
6519
6519
6519
6503
6503
6503
6503
6504
6503
6503
6453
6453
6453
6453
6503
6503
6503
6503
6503
6503
6503
6503
6503
6503
6503
6503
6503
6503
6503
6503
6503
6503
6503
6503
6503
6503
6503
6503
6503
6503
6503
6503
6503
6519
6519
6519
6469
6469
6453
6453
6453
6453
6453
6453
6453
6453
6453
6454
6504
6504
6503
6504
6504
6520
6520
6520
6520
6520
6520
6504
6504
6504
6504
6504
6504
6504
6504
6504
6504
6504
6504
6504
6504
6503
6452
6402
6402
6402
6403
6403
6403
6403
6403
6403
6454
6454
6454
6454
6454
6454
6454
6454
6504
6504
6504
6504
6504
6504
6504
6504
6504
6504
6504
6504
6504
6504
6504
6504
6504
6503
6504
6504
6504
6504
6504
6503
6503
6503
6503
6503
6503
6503
6503
6503
6403
6403
6403
6403
6403
6403
6403
6403
6403
6403
6503
6503
6503
6503
6519
6519
6519
6519
6519
6519
6519
6519
6519
6519
6519
6519
6519
6519
6519
6519
6519
6519
6519
6519
6519
6519
6519
6519
6519
6519
6519
6519
6519
6519
6503
6503
6503
6519
6519
6519
6519
6519
6519
6519
6519
6519
6519
6519
6519
6503
6503
6519
6519
6519
6519
6519
6519
6519
6519
6519
6519
6519
6519
6519
6519
6519
6519
6519
6519
6519
6519
6519
6519
6519
6519
6519
6519
6519
6520
6520
6520
6520
6520
6520
6520
6520
6520
6520
6520
6520
6520
6520
6520
6520
6519
6519
6519
6519
6519
6519
6519
6519
6519
6519
6519
6519
6519
6520
6520
6520
6520
6520
6504
6503
6503
6503
6503
6503
6503
6503
6519
6520
6520
6520
6520
6520
6520
6520
6520
6520
6520
6520
6520
6520
6504
6504
6504
6504
6504
6504
6504
6504
6504
6504
6504
6504
6504
6503
6504
6504
6504
6504
6520
6520
6520
6520
6520
6520
6520
6520
6520
6520
6520
6520
6519
6519
6519
6519
6519
6519
6519
6519
6503
6504
6504
6504
6504
6503
6503
6503
6503
6504
6504
6504
6504
6504
6504
6504
6503
6503
6503
6503
6503
6503
6504
6504
6504
6504
6504
6504
6504
6520
6520
6520
6520
6520
6520
6520
6520
6520
6520
6520
6520
6520
6520
6519
6519
6519
6519
6519
6519
6519
6519
6519
6519
6519
6519
6519
6519
6519
6519
6519
6519
6519
6519
6519
6519
6519
6519
6519
6519
6519
6519
6519
6520
6520
6520
6520
6520
6520
6519
6519
6519
6519
6519
6519
6520
6520
6520
6519
6519
6519
6519
6519
6519
6519
6519
6519
6519
6519
6519
6519
6519
6519
6519
6519
6519
6519
6519
6519
6503
6519
6519
6519
6519
6519
6520
6520
6520
6520
6520
6520
6520
6520
6520
6520
6520
6520
6520
6520
6520
6520
6520
6520
6520
6520
6520
6520
6520
6520
6520
6520
6520
6520
6520
6520
6520
6520
6520
6520
6520
6520
6520
6520
6520
6520
6520
6520
6520
6520
6520
6520
6520
6520
6520
6520
6520
6520
6520
6520
6520
6520
6520
6520
6520
6520
6520
6520
6519
6519
6520
6520
6520
6520
6520
6520
6520
6520
6520
6520
6520
6520
6520
6520
6520
6520
6520
6520
6520
6520
6520
6520
6520
6520
6520
6520
6520
6520
6520
6520
6520
6520
6520
6520
6520
6520
6520
6519
6519
6519
6519
6519
6519
6519
6519
6519
6519
6519
6519
6519
6519
6519
6519
6519
6519
6519
6519
6519
6519
6520
6520
6520
6520
6520
6520
6520
6520
6520
6520
6520
6520
6520
6520
6520
6520
6520
6520
6519
6519
6519
6519
6519
6519
6519
6519
6519
6519
6519
6503
6503
6503
6503
6503
6503
6503
6503
6519
6519
6519
6519
6519
6519
6519
6519
6519
6519
6519
6519
6519
6519
6519
6519
6519
6469
6469
6469
6469
6469
6469
6469
6469
6469
6469
6470
6470
6470
6470
6470
6470
6470
6470
6470
6470
6470
6470
6470
6470
6470
6470
6470
6470
6469
6469
6469
6469
6469
6469
6469
6469
6469
6469
6469
6469
6469
6469
6469
6469
6469
6469
6469
6469
6469
6469
6469
6469
6469
6469
6469
6469
6469
6469
6469
6469
6469
6469
6469
6469
6469
6469
6469
6469
6469
6469
6469
6469
6469
6469
6469
6469
6469
6469
6469
6469
6469
6469
6469
6469
6469
6469
6469
6469
6469
6469
6470
6470
6469
6469
6469
6469
6469
6469
6469
6469
6470
6470
6470
6470
6470
6470
6469
6469
6469
6469
6469
6469
6469
6470
6470
6520
6520
6520
6520
6520
6520
6520
6520
6520
6520
6520
6520
6520
6520
6520
6520
6520
6520
6520
6520
6520
6520
6520
6520
6520
6520
6520
6519
6519
6519
6519
6519
6519
6519
6519
6519
6519
6519
6519
6519
6519
6519
6519
6519
6519
6519
6519
6519
6519
6519
6519
6519
6519
6519
6519
6519
6519
6519
6519
6519
6519
6519
6519
6519
6519
6519
6519
6520
6520
6520
6520
6520
6520
6520
6520
6520
6520
6520
6520
6520
6519
6519
6519
6519
6519
6520
6520
6520
6520
6520
6520
6520
6520
6520
6520
6520
6520
6520
6520
6520
6520
6520
6520
6520
6520
6520
6520
6520
6520
6520
6520
6520
6520
6520
6520
6520
6520
6520
6504
6504
6504
6504
6504
6504
6504
6504
6504
6504
6504
6520
6520
6520
6520
6520
6520
6520
6520
6520
6520
6520
6519
6519
6519
6519
6519
6519
6519
6519
6519
6519
6519
6519
6519
6519
6519
6519
6519
6519
6519
6519
6519
6519
6519
6519
6519
6520
6520
6520
6520
6520
6520
6520
6520
6520
6520
6520
6520
6520
6520
6520
6519
6519
6519
6519
6519
6519
6519
6519
6519
6519
6519
6519
6519
6519
6519
6519
6520
6520
6520
6520
6520
6520
6520
6520
6520
6520
6520
6520
6520
6520
6520
6520
6520
6520
6520
6520
6520
6520
6520
6520
6520
6520
6520
6520
6520
6520
6520
6520
6520
6520
6520
6520
6520
6520
6520
6520
6520
6520
6520
6520
6520
6520
6520
6520
6520
6520
6520
6520
6520
6520
6520
6519
6519
6519
6519
6519
6519
6519
6519
6519
6519
6519
6519
6519
6519
6519
6519
6519
6519
6519
6519
6519
6519
6519
6519
6519
6520
6520
6519
6519
6519
6519
6519
6519
6520
6520
6520
6520
6520
6520
6520
6520
6520
6520
6520
6520
6520
6520
6520
6520
6520
6520
6520
6520
6520
6520
6520
6520
6520
6520
6520
6520
6520
6520
6519
6519
6519
6519
6519
6519
6519
6519
6519
6519
6519
6519
6519
6519
6519
6519
6519
6519
6519
6519
6519
6519
6519
6519
6519
6519
6519
6520
6520
6520
6520
6520
6520
6520
6520
6520
6520
6520
6520
6520
6520
6520
6520
6520
6520
6520
6520
6520
6520
6520
6520
6520
6520
6520
6520
6520
6520
6520
6520
6520
6520
6520
6520
6520
6520
6520
6520
6520
6520
6520
6520
6520
6520
6520
6520
6520
6520
6520
6520
6520
6520
6520
6520
6520
6520
6520
6520
6520
6520
6520
6520
6520
6520
6520
6520
6520
6520
6520
6520
6520
6520
6520
6520
6520
6520
6519
6519
6519
6519
6519
6519
6520
6520
6520
6519
6519
6519
6519
6519
6519
6519
6519
6519
6519
6519
6519
6519
6520
6520
6520
6520
6520
6520
6520
6520
6520
6520
6520
6520
6520
6520
6520
6520
6520
6520
6520
6520
6520
6520
6520
6520
6520
6520
6520
6520
6520
6520
6520
6520
6520
6520
6520
6520
6520
6520
6519
6519
6519
6519
6519
6519
6519
6519
6519
6519
6519
6519
6519
6519
6519
6519
6519
6519
6519
6519
6519
6519
6519
6519
6519
6519
6519
6519
6519
6519
6519
6519
6519
6519
6519
6519
6519
6519
6519
6519
6519
6519
6519
6519
6519
6519
6519
6519
6519
6519
6519
6519
6519
6519
6519
6519
6519
6519
6519
6519
6519
6519
6519
6519
6519
6519
6519
6519
6519
6519
6519
6520
6520
6520
6520
6520
6520
6520
6520
6520
6520
6520
6520
6520
6520
6520
6520
6520
6520
6520
6520
6520
6520
6520
6520
6520
6520
6520
6520
6520
6520
6520
6520
6520
6520
6520
6520
6520
6520
6520
6520
6520
6520
6520
6520
6520
6520
6520
6520
6520
6520
6520
6520
6520
6520
6520
6520
6520
6520
6520
6520
6520
6520
6520
6519
6519
6519
6519
6519
6519
6519
6519
6519
6519
6519
6519
6519
6519
6519
6519
6519
6519
6520
6520
6520
6520
6520
6520
6520
6520
6520
6520
6519
6519
6519
6519
6519
6519
6519
6519
6519
6519
6519
6520
6520
6519
6519
6520
6520
6520
6520
6520
6520
6520
6520
6519
6519
6519
6520
6520
6520
6520
6520
6520
6520
6520
6520
6520
6520
6520
6520
6520
6520
6520
6520
6520
6520
6520
6520
6520
6520
6520
6520
6520
6520
6520
6520
6520
6520
6520
6520
6520
6520
6519
6519
6519
6519
6519
6519
6520
6520
6520
6520
6520
6520
6520
6520
6520
6520
6520
6520
6520
6520
6520
6520
6520
6520
6520
6520
6519
6519
6519
6519
6519
6519
6519
6519
6519
6519
6519
6519
6519
6519
6519
6519
6519
6519
6519
6519
6519
6519
6519
6519
6519
6519
6519
6519
6519
6519
6519
6519
6519
6519
6519
6519
6519
6519
6519
6519
6519
6519
6519
6519
6519
6519
6519
6519
6519
6519
6519
6519
6520
6520
6520
6520
6520
6520
6519
6519
6519
6519
6519
6519
6519
6519
6519
6519
6519
6519
6519
6519
6519
6519
6519
6519
6519
6519
6519
6519
6519
6519
6519
6519
6519
6519
6519
6519
6519
6519
6519
6519
6519
6519
6519
6520
6520
6520
6520
6520
6520
6520
6520
6520
6520
6520
6520
6520
6520
6520
6520
6520
6520
6520
6520
6520
6520
6520
6520
6520
6520
6520
6520
6520
6520
6520
6520
6520
6520
6520
6520
6520
6520
6520
6520
6520
6520
6520
6520
6520
6519
6519
6519
6519
6519
6520
6520
6520
6519
6519
6519
6519
6519
6519
6519
6519
6519
6519
6519
6519
6519
6520
6520
6520
6520
6520
6520
6520
6520
6520
6520
6520
6520
6520
6520
6520
6520
6520
6520
6520
6520
6520
6520
6520
6520
6520
6520
6520
6520
6520
6520
6520
6520
6520
6520
6520
6520
6520
6520
6520
6520
6520
6520
6520
6520
6520
6520
6520
6520
6520
6520
6520
6520
6520
6520
6520
6520
6520
6520
6520
6520
6520
6520
6520
6520
6520
6520
6520
6520
6520
6520
6520
6520
6520
6520
6520
6520
6520
6520
6520
6520
6520
6520
6520
6520
6520
6520
6520
6520
6520
6520
6520
6520
6520
6520
6520
6520
6520
6520
6520
6520
6520
6520
6520
6520
6520
6520
6520
6520
6520
6520
6520
6520
6520
6520
6520
6520
6520
6520
6520
6520
6520
6520
6520
6520
6520
6520
6520
6520
6520
6520
6520
6519
6519
6519
6519
6519
6519
6519
6519
6519
6519
6519
6519
6519
6519
6519
6519
6519
6519
6520
6520
6520
6520
6520
6520
6520
6520
6520
6520
6520
6520
6520
6520
6520
6520
6520
6520
6520
6520
6520
6520
6520
6520
6520
6520
6520
6520
6519
6519
6519
6519
6519
6519
6519
6519
6519
6519
6519
6519
6519
6519
6519
6519
6519
6519
6519
6519
6519
6519
6519
6519
6519
6519
6519
6519
6519
6519
6519
6519
6520
6520
6520
6520
6520
6520
6520
6520
6520
6520
6520
6520
6520
6520
6520
6520
6520
6520
6520
6520
6519
6519
6519
6519
6519
6519
6519
6519
6519
6519
6519
6519
6519
6519
6519
6519
6519
6519
6519
6519
6519
6519
6519
6519
6519
6519
6519
6519
6519
6519
6520
6519
6519
6519
6519
6519
6520
6520
6520
6520
6520
6520
6520
6520
6520
6520
6520
6520
6520
6520
6520
6520
6520
6520
6520
6520
6520
6520
6520
6520
6520
