4626
4217
4499
4044
3361
3753
4137
3745
3296
3745
3845
3845
4203
3754
4203
4886
4886
5295
4911
5171
5171
5171
5626
5344
5360
4677
4677
4417
4467
4417
5100
4651
4701
4685
5069
4614
4615
4260
4652
4651
4933
5288
4956
4547
4155
4155
3472
3488
3748
4203
4203
4652
4268
4660
4610
4942
4926
4644
4252
3920
3465
3016
2756
2401
1839
1889
2298
2682
2683
3015
3577
3859
3809
4201
4251
4251
4302
4562
4302
4063
4079
3979
3979
4662
4662
4762
4712
4712
4712
4430
4669
4951
4951
4669
3986
3986
3985
4245
4229
4178
3918
3969
3970
3970
3408
3024
3306
3306
3305
3760
3660
3609
3609
3154
2745
2463
2463
2224
2484
2723
2774
2874
3436
3336
3745
3761
4210
4310
4665
4174
4558
4559
4320
4269
4760
4760
4405
4389
4744
5026
4694
4693
4693
4694
4744
4335
4667
4283
4522
4240
3589
3640
3590
3028
2579
3262
3162
3571
3213
3313
3262
3913
3964
3964
3964
3980
4364
4125
3474
3832
3500
3782
3373
3113
3112
3561
3611
4173
3789
3789
4028
4028
4412
3921
4330
4331
4281
3719
3437
3487
3129
3129
3411
3019
3279
3229
3279
3770
3087
3770
4102
4557
4318
4317
4217
3935
3935
3444
2989
3381
3381
3836
3786
4025
4676
4267
3935
3919
3680
4012
4012
4012
4012
4013
3564
3664
3946
3686
3686
3686
3686
4177
4416
4084
4442
4458
4358
4618
4618
4617
4617
5179
4795
4795
4437
4437
4886
5270
5271
4709
4026
3634
4196
4528
4528
4578
4339
4339
4338
4438
4438
4438
4156
4156
4106
4156
3896
3846
3847
3196
3435
3435
3695
4378
4377
4427
4095
3412
2850
3132
3032
2772
3181
2942
3593
3693
4025
4009
4367
4367
3876
4438
4080
4763
4712
4029
4289
4189
4547
3985
4036
4036
3678
3678
3269
3269
2820
3178
3669
3669
3314
3264
3264
3503
3119
3119
3219
3603
3503
3553
3908
3550
3500
3449
3807
3807
3823
3823
3807
3807
3452
4135
4527
4527
5089
5139
5139
5155
4916
4524
4525
4034
4443
4443
4682
4681
4681
5073
5564
5565
5565
5515
5131
4799
4899
4899
4899
5254
5238
4587
4587
3904
3644
3695
3695
3456
3405
3665
3665
3715
3306
3306
3256
3255
3938
3838
3276
3277
3377
3377
4028
4027
3376
3376
3825
3826
4065
3805
3856
4116
4166
4165
4574
4574
4574
4906
4922
4871
4611
4329
4329
3937
3579
3937
4321
4321
4372
4372
4322
4973
4564
4206
3715
4107
4107
4465
4133
4133
3778
3095
3377
3427
3035
3718
3978
3979
4541
4541
4259
3608
3046
2995
3327
3889
4281
3598
3880
4371
4321
5004
5003
5654
5394
5394
5010
5270
4878
5233
5133
5133
4678
5087
4596
4988
4728
4446
4207
3849
3849
3494
3985
4245
4246
4297
4652
4702
5157
5439
4788
4888
4496
4445
3990
3990
3307
3307
3665
3103
3342
2987
2655
3110
2871
3255
3494
3394
3378
3328
3046
2662
2712
3395
3345
3996
3996
3996
3757
3302
3694
3693
4025
4587
5042
5092
5331
4939
4939
4679
5034
4679
4440
4679
4680
4962
5013
4731
4492
4774
4774
4724
4275
4630
4630
4275
4275
4275
3820
4269
4269
4724
5108
4617
5009
4651
5142
4810
5142
4810
4810
4355
4455
4787
4136
4085
4085
3594
4245
4736
5094
4710
4709
4709
4300
4684
5139
5139
5189
5189
5544
5262
5671
5671
5262
5278
5262
4904
4804
4855
4805
4413
4805
4754
4263
3701
3701
3801
3817
4056
4057
4466
4466
4134
3895
4155
4394
4394
4726
4726
4466
4366
3957
3602
3270
2587
3078
3077
3077
2838
2822
3180
3180
3419
3435
3435
4118
3760
3761
3522
3854
3399
3854
3854
4093
3410
2759
2809
3492
3592
3492
3492
3592
3852
3520
3504
3504
3404
3404
3165
3727
3726
3965
4297
4297
3614
3564
4247
4248
4298
4653
4298
4653
4652
4652
4752
5110
5126
5408
5016
4916
4354
3970
4070
3788
3738
3380
3120
3121
3120
3529
3921
4279
4663
4663
4663
4923
4823
4823
4923
4974
4291
4240
4290
4941
4941
4942
4892
5174
5074
5074
5073
5073
5635
5636
5376
4885
5568
5668
5429
5429
5429
4980
4980
5031
5031
5522
5761
5811
5249
4865
5427
5327
5327
4644
4594
4694
4744
4644
4235
4495
4163
3672
3672
3671
4162
4845
4453
4845
4829
4829
5213
5213
5213
4829
4929
4829
5213
4758
5213
5213
4855
5187
5188
5204
5153
4591
5040
4990
4990
5090
4990
4989
4990
5552
5313
5053
5411
5671
5671
5313
5312
5312
4928
4536
4586
4536
4536
4537
4082
4132
4516
3954
4054
3670
4054
3722
3672
4064
4064
4519
4237
4237
4288
4028
3928
4490
4106
4464
4106
3423
3523
3932
3916
3561
3106
3789
4028
4078
4433
4765
4764
4713
4474
4082
4032
4082
3520
3165
3520
3520
3111
2620
2671
2910
2910
2926
2594
3049
3049
3611
3611
3995
3546
3878
3878
3494
3494
3943
3927
3943
3943
4203
4103
4104
4103
4052
4410
4410
4461
4462
4446
4546
4546
4286
3603
3987
4396
4656
4656
4605
4887
4887
4529
4145
4503
5186
4624
4623
5007
4552
4103
4119
4170
4562
5053
5053
4793
4401
4350
4401
4350
4350
4805
4473
5035
5019
4737
4498
3815
3815
3715
3716
3154
3414
3514
3514
3514
4197
3706
3706
3988
4320
4320
4559
4509
4509
4509
4509
3858
4307
4323
4322
4322
4973
5464
5204
4849
4465
3974
3323
3373
3373
3633
3583
3975
3875
3875
3420
3420
3420
3471
3211
3773
4033
4684
4402
4403
3752
4034
3752
4403
4387
3704
3255
3704
3372
2980
3663
3663
3612
3163
3163
3547
3879
3979
3979
3979
4030
4485
4485
4840
4890
4790
4789
4889
4889
5380
5120
5121
4559
4559
4509
4509
4509
4901
4543
4542
4802
4802
4802
4802
4802
4751
4751
4751
4491
4391
4441
4441
4457
4508
5070
5070
4387
4032
4481
4741
4502
4857
5096
4647
4255
4647
4085
4086
4368
4086
3847
3846
3514
3872
3872
4111
3872
3514
3514
3753
3753
3702
4264
3855
3805
4137
3646
4329
4380
4380
4380
4380
4789
5238
4854
4854
4615
4665
5156
4707
4946
4946
4896
4541
4050
4100
4549
4904
4495
4495
4904
4221
4221
3982
3982
3983
3982
3982
3932
3881
3489
3847
3848
3588
3587
3138
3189
3189
3189
3190
2781
2831
2831
2831
2831
2831
3514
3514
3514
3182
3631
4122
4404
3842
3792
3792
4052
4052
4052
4614
4614
4998
4549
4058
4390
4440
4108
4108
4557
3995
3344
3293
3344
2889
2889
3380
3330
3279
3329
2974
3536
3536
3536
3536
3868
3867
4222
4222
4222
3660
3660
4222
4222
4223
4207
3875
3384
3384
3383
3383
3383
3622
3622
3572
3333
3742
3758
3758
3758
3758
4249
4249
4349
4349
3991
3709
4164
4214
4214
4572
4556
4506
4788
5027
5359
5409
5051
5001
5002
5018
5669
5669
5260
5618
5379
4817
5226
5226
5226
5226
4771
4671
4339
3890
3890
3990
4041
3941
4273
4722
5114
5114
5098
5098
4816
4484
4484
4816
4484
4584
4135
4135
3452
4135
4135
3726
3726
3466
3915
3864
4426
4426
4426
4426
4425
4425
4707
4425
4685
4967
5206
5615
5615
5947
5665
5665
5665
5256
5711
6120
5762
5111
5393
4984
4535
4536
4536
4536
4894
4894
4894
4562
5213
5662
5662
5713
5431
5840
5890
5839
5839
5839
5839
5839
5839
6121
5882
5433
5672
5672
5390
5390
5390
4739
4689
5340
5339
5340
4931
4369
4269
4601
4217
4666
4666
5075
4720
4460
4051
4051
4333
4051
3560
4122
4122
4506
4997
4997
4639
4739
4739
5094
5094
5144
5195
4956
4956
4956
4956
5314
5214
5623
5265
5365
4981
4981
4981
5220
4865
4765
4764
4764
5122
5071
4713
4995
4996
4541
4541
4925
5185
5185
4776
4726
5081
5097
5552
5552
5061
5419
5418
5063
5047
5048
5403
5143
4785
4785
4801
4562
4562
4613
4051
4051
4051
4050
4150
4050
4459
4698
5056
4701
4685
4785
4734
4734
4342
3887
3787
3787
3787
3787
4349
4449
3887
4242
3833
3150
3200
2842
3234
3234
3643
4001
4001
4001
3762
4324
3940
3940
3840
3840
3278
2946
2962
2946
2946
3508
3116
3216
3232
3471
3471
3371
3132
3815
4075
3666
3667
4051
4051
4051
4460
4460
4792
5247
5197
5196
5246
4891
4631
5023
5074
4512
4180
4419
3964
3964
3555
3964
4319
4319
3935
3935
3252
3252
3252
3743
4003
4565
4210
4159
4543
4998
4998
5049
5404
5404
5404
5404
5354
6037
5628
5628
5066
5050
4666
5075
4836
4836
4836
4185
4185
4186
4186
4185
4185
3903
3903
3448
3448
3903
3919
3969
3953
4337
3953
4337
3945
3587
3588
4150
4542
4542
4492
4441
4441
4032
3640
3691
3691
3690
3690
3790
3840
3840
4249
4641
4641
4641
4641
4923
5574
5474
5474
5474
5119
5119
5219
5168
5169
5524
5540
5540
5872
5872
5872
5872
5590
5590
5590
5590
5948
5947
5947
5947
5563
5231
5181
5181
4530
4530
4530
4530
4514
4514
3831
3831
3831
4070
3678
3678
3678
3960
4011
4011
4395
4040
4723
5055
5055
5055
5055
5055
5071
5722
5440
5424
5015
5015
4364
4364
4414
4414
4769
4769
4320
4336
4618
5269
5270
4988
5397
5042
4991
4991
4429
4711
4711
4711
4695
4746
4746
4291
4746
5101
5100
5662
4979
4928
4928
4929
5378
5378
5378
4994
4994
5378
5023
5023
4532
4532
4887
4787
4548
4564
4209
3927
3276
3016
3016
3000
3000
3000
3000
3000
3392
3652
3651
3933
3933
4424
4424
4524
5175
5175
4766
5121
5122
4631
4247
3987
3425
3987
4478
4717
4262
4212
4262
3611
3611
3610
3626
3526
3577
3577
3961
3961
3569
3569
4220
3862
4254
4254
4254
4203
3871
3855
3856
3856
4188
4138
4496
4496
4496
4496
4496
4164
4619
5302
5402
5402
5453
4770
4770
4412
4412
4173
4173
3818
3834
3818
3817
4149
3867
3867
3483
3765
4448
4803
4803
5212
5212
5212
5212
5228
5228
5177
5228
4946
5228
5228
5228
5228
4545
4545
4545
4545
4494
4494
4494
4162
3600
3601
3600
3601
3861
4100
3691
3742
3691
3742
3387
3287
3236
3594
3645
3695
4257
4257
4257
4241
3792
3792
3792
4176
3685
3403
3758
4090
4090
4090
4090
4539
4948
4564
4109
4108
3753
3395
3395
3779
3540
3895
4253
4744
4744
4744
4744
4744
5427
5377
5393
5061
5061
4570
4670
4909
5191
5191
5191
5191
4508
4153
4154
4154
3872
4154
4645
4629
4629
4629
4629
5084
5084
5084
5084
5416
5416
5416
5365
5265
5265
4983
4744
4983
4983
5338
5337
5337
4846
4846
4846
4846
4607
4623
5306
5306
5307
5307
5307
4952
4936
4936
4552
4552
4552
4568
4850
4850
4850
4568
4567
4551
4219
4603
4603
4653
4653
4653
4892
4842
4842
4842
4843
4843
4843
4843
4943
4994
5276
5225
5557
5557
5557
5607
5623
5363
5031
5031
5031
4576
4184
4675
5007
5007
5462
5223
4941
4941
5180
5462
5180
5130
5130
5522
5522
5522
5522
5067
5067
5067
4505
5067
5422
5704
5704
5688
5688
5688
5688
5688
5304
5354
5354
5354
5370
5370
5370
5038
4547
4531
4915
4506
4961
4961
4911
4553
4604
4604
5095
4646
4662
4922
4922
4972
4972
5330
5279
4887
4787
4887
4887
5279
5279
5279
5279
5279
5229
5561
5561
5612
5611
5611
5256
5205
5105
5105
5105
5460
5005
5056
5056
4701
4441
4425
4425
4685
4686
5095
4835
4835
4834
4835
4784
5239
5255
5704
5704
6059
6059
6319
6318
6318
6318
6318
6319
5987
5603
5603
5321
5082
5082
5414
5514
5254
4799
4799
4799
5254
5254
5254
5493
5493
5477
5493
5161
5421
5421
5472
5456
5007
5391
5391
5391
5391
5291
4899
4899
4899
4899
5348
4990
5272
5288
4933
4478
4933
4933
4933
4478
4578
5033
5033
5388
5388
5746
5746
5507
5507
5507
5016
4567
4567
5016
5255
5254
5254
4845
5336
5336
5337
5337
5337
5286
5285
5285
5285
5285
5286
5286
5026
4577
4577
4477
4926
4926
4926
4925
4363
4363
3914
3914
3898
3899
3899
3949
4281
3826
3826
4086
4086
4086
4541
4540
4540
4540
4208
4158
4209
3854
3363
3755
3371
3421
3421
3521
3521
3471
3189
3189
3205
3560
4009
4341
4341
4341
4750
4750
4650
4292
4292
3843
3388
3746
4237
3879
4263
4545
4903
4494
4443
4443
4443
4443
4443
4427
4427
4478
4494
4494
4494
4494
4494
4544
4544
3861
3861
3861
3845
3861
3861
3861
3861
4270
3988
3988
4443
4444
4726
5288
5288
5288
5272
5033
5033
5033
5033
5033
5033
5033
5033
5032
5032
5032
5032
5032
5032
5032
5032
5033
4675
4675
4675
4675
4415
4515
4515
4515
4964
4864
4864
5103
5103
5052
5068
5168
5219
4835
4553
4553
4553
4453
4735
4735
4735
4735
5418
5418
5418
5418
5179
5537
5537
5537
5537
5921
5921
5537
5537
5536
5536
4974
4923
4923
4923
4873
5112
5113
4664
4664
4306
4357
4741
4741
4741
5303
5303
5303
5303
5563
6012
6012
5628
5728
5628
5628
5628
5728
5728
5778
5778
6162
6161
6161
6161
6161
6161
6161
6161
5806
5807
5807
5415
5399
5399
5398
5298
5298
5059
5075
5024
5008
5108
5500
5500
5500
5450
5190
5548
4865
4410
4410
3919
4274
4324
4224
4224
4224
4224
4240
4240
4240
4240
4240
4340
4579
5034
5034
5018
5018
4663
4663
4305
4305
4066
4117
4117
3662
3562
3801
3801
4156
4416
4156
4156
4156
4156
4416
4516
4516
4874
5329
5329
5329
5329
5329
5278
5278
5228
5278
5278
5278
5278
5178
5229
5229
5229
5229
4845
5336
5352
4897
4539
4897
4897
4847
4847
4847
5302
5302
5302
5302
5251
5251
5351
5402
5120
5120
5402
5402
5386
5386
5386
5031
5031
5081
5081
4749
5133
5133
5082
5082
5082
5082
5133
5149
5149
5149
5149
5149
4791
5474
4791
4791
4775
5133
5465
5465
5820
5820
5820
5538
5538
5538
5538
5538
5539
5539
5539
5539
5155
5155
4895
4895
4895
4895
4911
5193
5193
5193
4911
4910
4910
4671
4655
4655
4656
4656
4672
4672
4671
4671
5055
5004
5004
5243
5244
5927
6209
6209
6209
6209
6209
6109
6108
5724
5724
5724
5775
5443
5427
5811
5811
5811
5811
5760
5760
5776
5327
5327
5328
5428
4745
4745
5194
4802
4802
4786
4786
4786
4837
4786
4786
4802
4802
5194
5194
5194
5877
5877
5595
5240
5224
5224
5224
5224
4662
4678
4678
4678
4960
4960
5292
5647
5365
5365
5365
5365
4874
5436
5436
5436
5336
5336
5335
5335
5335
5386
5028
5028
4789
4789
4773
4773
4324
4563
4845
4845
4945
4945
4945
5436
5436
5794
5794
5794
5794
5794
5794
5794
6054
6054
5670
5671
4988
4988
4987
5670
5670
5670
5670
5670
5670
5670
5670
6119
6119
6119
5859
5577
5578
5339
5355
5354
5354
5338
5338
5338
5338
5338
5354
5338
5338
5577
5122
5122
5506
5406
5406
4844
4845
4845
4845
4844
4844
4794
4794
4795
4744
4760
4760
4760
4760
4760
4760
4759
4759
4759
4859
4859
4859
4909
5364
5926
5926
5926
5926
5910
5910
5910
5910
5911
5911
6171
6171
6453
6453
6452
6452
6452
6452
6452
6468
6468
6519
6519
6237
6237
6237
5845
5794
5778
6060
6061
5801
5817
5817
5817
5459
5459
5459
5459
5459
5510
5228
5212
5212
5162
5162
5162
5162
5162
5444
5444
5444
5162
5162
5162
5554
5454
5736
5736
6094
6094
6354
6354
6022
6022
6022
6022
6022
6072
6172
5912
6172
6172
6072
6072
6172
6172
6172
6172
6172
6122
5862
5862
5912
5912
5912
6172
6171
6171
5911
5556
5556
5557
5817
5833
5733
5717
5717
5716
5716
5732
5348
5348
5348
5348
5732
5732
5170
5154
5154
5170
5270
5625
5625
5626
5626
5575
5575
5575
5575
5575
5575
5575
5575
5475
5475
5475
5475
5475
5425
5425
5425
5425
5425
5409
5409
5409
5409
5459
5475
5475
5475
5475
5475
5475
5425
5425
5425
5070
5070
5070
5121
4712
4712
4712
4712
4712
4712
4712
4712
5121
5105
5104
5104
5104
5104
5104
5666
5766
5766
5766
6098
6098
6099
5608
5607
5607
5368
5368
5368
5859
5860
5502
5170
5528
5544
5594
5833
5833
5833
6165
6164
6148
6148
6164
6148
6148
6048
6048
5766
5766
5766
5766
6121
6121
6121
6121
6121
6071
6071
6072
6072
6072
6088
6088
6088
6370
6370
6370
6370
6470
6231
6470
6470
6061
6060
5605
6060
6060
6060
5778
5778
5778
5778
5778
5828
5589
5098
5380
5380
5380
5329
5329
5329
5329
5329
5820
5820
5820
5820
5770
5670
5770
5820
5871
5871
5487
5487
5487
5487
5487
5487
5726
5726
6135
5686
5686
5404
5404
5404
5404
5404
5404
5404
5404
5012
5396
5396
5396
5396
5396
5396
4941
4941
4941
4941
4941
4941
4941
4941
4941
4941
4941
5333
5782
5782
5782
5782
5782
5782
5782
5427
5427
5427
5427
5427
5427
5428
5036
5036
5036
4985
4985
5267
5267
5267
4858
4858
5313
5313
4822
4822
4822
4822
4822
5231
5231
4873
4873
4873
5364
5364
5314
5214
5214
4765
4765
4765
5214
4932
4932
4931
5323
5324
5308
5308
5308
5666
5716
5716
5716
5716
5767
5766
6048
6048
5397
5398
5397
5413
5362
5362
5362
5362
5123
5223
5123
5124
5124
5124
5124
5775
5775
5775
5775
5759
5759
5759
5427
5427
5427
5427
5427
5478
5477
5477
5427
5427
5427
5527
5245
5261
5261
5261
5262
5262
5262
5262
4853
5262
5262
5262
5262
5501
5500
5855
5855
5595
5595
5927
5927
5927
5927
5927
5827
6087
6087
6087
6087
6087
6087
6088
6088
6088
6088
5849
5849
5849
5849
5899
5639
5589
5589
5589
5589
5589
5589
5589
5589
5871
5871
5871
5871
6110
6110
6110
6110
6210
6210
6260
6260
6259
6259
6208
6259
6243
6259
5875
5875
6135
6084
6084
6084
6084
6084
5984
5984
5652
5652
5652
5652
5652
5653
5371
5422
5406
5405
5405
5405
5405
5687
5687
6071
6071
6071
6071
5713
6045
6403
6403
6403
6503
6503
6503
6503
6503
6503
6503
6503
6243
6243
6243
6243
6243
6244
6244
6244
6005
6005
6005
5905
5905
5905
5905
5905
5905
5854
5854
5905
6144
6144
6144
6144
6144
6144
6244
6244
6244
6243
5788
5788
5788
5738
6193
6193
5809
5809
6069
6069
6069
6069
6069
6069
5711
5711
6095
6044
6402
6302
6402
6418
6418
6402
6418
6418
6418
6469
6469
6470
6470
6470
6115
6115
5876
5860
5528
5883
5883
5832
6071
6122
6172
5933
5883
5783
6115
6115
6115
6165
6165
6165
6181
6131
6131
6370
6420
6420
6404
6404
6404
6404
6404
6404
6353
5995
5945
5961
5961
5961
5961
5961
6319
6319
6319
6419
6419
6419
6419
6419
6419
6419
6419
6419
6419
6419
6319
6319
6303
6303
6403
6403
6453
6453
6453
6453
6453
6453
6453
6453
6171
6171
6171
6171
6171
6171
6171
6171
6171
6171
6171
6171
6171
6222
6222
6222
6172
6222
6222
5890
6172
6172
6172
6172
6172
6172
6188
5830
5780
5830
5830
5548
5548
5830
5830
5814
5814
5813
6171
6171
6171
6171
6171
6171
6171
6171
6071
6071
6071
6071
6071
6071
6087
6087
6087
6087
6087
6087
6087
6087
6087
6036
6036
6036
6136
6036
6036
6087
6087
6087
6036
6036
6087
6087
5695
6087
6087
6087
6087
5678
5678
5679
6011
6011
6111
6520
6520
6520
6520
6520
6281
6281
6520
6520
6520
6520
6165
6115
6115
5723
5484
5839
5390
5390
5839
5889
5889
5629
5629
5629
5629
5629
5629
5629
5629
5629
5629
5629
5629
5889
5889
5889
5889
5889
5889
5888
5888
5888
5888
6127
6127
6127
6519
6519
6519
6468
6468
6519
6519
6519
6519
6519
6519
6280
6280
6519
6519
6519
6503
6503
6403
6503
6504
6504
6504
6504
6504
6504
6520
6520
6520
6520
6520
6520
6520
6520
6162
6162
6162
6146
6146
6146
6146
6145
6145
6095
6095
6095
6095
6095
6095
6095
6095
6095
6095
6095
6095
6095
6453
6453
6469
6469
6519
6519
6519
6519
6468
6469
6469
6469
6469
6469
6111
6111
6111
6111
6469
6469
6469
6469
6111
6111
6111
6111
6111
6111
6111
6111
6095
6146
6146
6146
6146
6095
6095
6095
6095
6095
5995
5995
5995
5995
6353
6353
6353
6353
6353
6353
6353
6353
6353
6404
6404
6504
6504
6504
6504
6453
6453
6353
6353
6353
6353
6303
6303
6303
6303
6303
6303
6354
6354
6354
6354
6354
6354
6303
6354
6303
6353
6353
6353
6353
6353
6352
6352
6352
6353
6353
6353
6353
6303
6302
6302
6302
6302
5970
5970
6070
6070
6070
6070
6070
6070
6070
6070
6070
6070
6070
6070
6070
6070
6121
6021
6021
6022
6022
6022
6038
6370
6370
6370
6038
6088
6088
6088
6420
6420
6420
6419
6519
6519
6519
6519
6519
6519
6280
6280
6280
6280
6280
6280
6280
6280
6280
6280
6280
6280
6280
6280
6280
6280
6264
6280
6280
6280
6280
6280
6280
6280
6280
6280
6264
6264
6265
6265
6281
6280
6264
6264
6214
6163
6163
6063
6079
6079
6079
5670
5671
5671
5671
5671
5671
5671
5671
5722
5721
5771
5871
5871
5820
5820
5820
5820
5820
5804
6213
6213
6264
6264
6264
6264
6264
6213
6213
6163
6163
6163
6163
6402
6402
6402
6402
6402
6402
6402
6402
6402
6302
6302
6353
6353
6353
6071
6121
6121
6070
5810
5810
6070
6070
6070
6071
6071
6071
6071
6071
6071
6071
6071
6071
6071
6071
6071
6071
6071
6071
6070
6070
6070
6070
6070
6070
6070
6070
6070
6070
6070
6070
6352
6353
6353
6353
6453
6504
6503
6503
6452
6452
6503
6503
6503
6503
6119
6119
6120
6120
6120
6120
6120
6020
6404
6404
6354
6354
6354
6354
6354
6354
6354
6370
6420
6420
6420
6420
6404
6404
6404
6404
6404
6404
6404
6404
6404
6404
6353
6353
6352
6352
6352
6352
6352
6352
6352
6352
6352
6352
6352
6352
6368
6368
6368
6368
6369
6369
6368
6368
6468
6468
6418
6418
6418
6402
6453
6402
6402
6402
6402
6452
6352
6302
6302
6303
6303
6403
6403
6403
6403
6403
5720
6403
6419
6419
6064
6064
6064
6064
6064
6064
6064
6064
6064
6048
6048
6048
6098
6097
6148
6148
6148
6164
6164
6164
6164
6164
6164
6164
6164
6164
6164
6064
6064
6064
6064
6064
6064
6064
6064
6064
6064
6064
6064
6048
6048
6148
6048
6048
6048
6048
6048
6048
6048
6048
6048
6048
6048
6048
6049
6049
6049
6049
6049
6049
6049
6049
6048
5766
6048
6048
6048
6064
6064
6064
6419
6419
6519
6519
6519
6519
6519
6519
6519
6503
6503
6503
6503
6503
6503
6503
6503
6503
6503
6503
6503
6519
6519
6469
6369
6369
6369
6369
6369
6369
6369
6369
6369
6369
6419
6419
6419
6419
6419
6419
6419
6419
6403
6403
6403
6403
6403
6403
6403
6403
6403
6403
6419
6419
6419
6368
6368
6368
6368
6468
6468
6468
6468
6519
6519
6519
6519
6519
6519
6519
6519
6519
6503
6503
6452
6452
6452
6503
6503
6503
6453
6453
6453
6402
6403
6403
6403
6403
6402
6402
6120
6120
6402
6403
6403
6403
6402
6402
6402
6453
6453
6453
6453
6453
6469
6469
6469
6469
6469
6470
6470
6470
6210
6210
6210
6210
6209
6209
6209
6209
6209
6209
6209
6259
6259
6259
6259
6259
6259
6243
6243
6243
6243
6503
6503
6503
6503
6503
6503
6503
6243
6243
6192
6142
6142
6142
6142
6143
6143
6143
6143
6143
6143
6143
6403
6403
6403
6454
6454
6454
6504
6504
6504
6504
6504
6504
6454
6454
6454
6403
6403
6453
6453
6504
6504
6504
6503
6503
6503
6503
6503
6503
6503
6403
6352
6352
6452
6452
6452
6452
6468
6468
6519
6519
6519
6519
6519
6503
6504
6504
6504
6504
6504
6453
6353
6353
6353
6369
6369
6420
6420
6520
6520
6520
6520
6520
6520
6470
6470
6470
6470
6470
6470
6470
6470
6470
6470
6419
6419
6419
6469
6468
6468
6452
6213
6213
6213
6452
6452
6402
6453
6453
6469
6469
6469
6469
6469
6469
6469
6469
6369
6369
6369
6369
6369
6318
6318
6318
6302
6352
6452
6452
6452
6352
6352
6352
6352
6352
6352
6352
6352
6352
6352
6403
6403
6403
6403
6403
6403
6403
6403
6403
6403
6403
6403
6353
6353
6353
6353
6353
6369
6369
6369
6369
6369
6469
6469
6469
6469
6469
6469
6469
6453
6453
6469
6418
6318
6368
6368
6368
6368
6368
6468
6468
6519
6519
6519
6519
6519
6519
6519
6519
6519
6520
6520
6519
6519
6519
6519
6519
6519
6469
6453
6454
6454
6454
6454
6454
6454
6454
6454
6454
6454
6454
6403
6403
6453
6453
6453
6504
6504
6504
6504
6504
6504
6504
6504
6504
6504
6504
6504
6503
6504
6504
6504
6504
6504
6504
6504
6504
6504
6504
6453
6453
6453
6453
6469
6230
6230
6230
6229
6213
6163
6163
6163
6213
6213
6213
6213
6213
6213
6213
6213
6213
6213
6213
6213
6213
6213
6213
6213
6214
6214
6230
6230
6230
6230
6469
6469
6469
6469
6469
6469
6468
6468
6468
6468
6418
6402
6402
6402
6402
6402
6402
6402
6402
6418
6418
6418
6418
6402
6402
6402
6402
6402
6402
6402
6402
6402
6402
6402
6402
6402
6452
6452
6452
6452
6452
6452
6452
6452
6452
6452
6453
6453
6504
6503
6452
6452
6452
6452
6452
6452
6468
6468
6468
6468
6468
6452
6503
6453
6453
6453
6453
6453
6453
6503
6503
6503
6503
6503
6503
6503
6503
6503
6503
6503
6503
6403
6404
6404
6420
6420
6420
6520
6520
6520
6520
6520
6520
6520
6520
6520
6520
6519
6469
6469
6469
6469
6470
6470
6470
6470
6370
6370
6420
6138
6138
6138
6420
6404
6404
6354
6354
6354
6354
6354
6354
6354
6354
6354
6454
6454
6454
6454
6470
6470
6520
6520
6520
6520
6520
6470
6470
6470
6454
6454
6454
6454
6454
6454
6454
6454
6454
6454
6454
6454
6454
6454
6454
6403
6403
6403
6403
6403
6403
6419
6419
6419
6419
6418
6418
6468
6468
6468
6468
6418
6468
6468
6519
6503
6503
6503
6504
6504
6504
6453
6453
6453
6453
6453
6453
6453
6453
6453
6453
6453
6453
6453
6453
6453
6453
6453
6453
6453
6453
6453
6453
6453
6453
6453
6453
6453
6453
6453
6453
6453
6452
6452
6452
6452
6452
6452
6452
6452
6452
6452
6452
6452
6452
6452
6452
6468
6469
6469
6469
6369
6369
6369
6369
6369
6369
6369
6420
6420
6420
6420
6420
6420
6420
6420
6420
6420
6420
6420
6520
6520
6469
6469
6520
6520
6520
6520
6520
6504
6504
6520
6520
6520
6520
6520
6520
6519
6519
6519
6519
6519
6519
6519
6519
6519
6519
6519
6519
6519
6519
6519
6519
6520
6520
6520
6520
6520
6520
6520
6520
6520
6520
6520
6520
6520
6520
6520
6519
6519
6519
6519
6503
6503
6503
6503
6503
6503
6503
6503
6503
6503
6452
6452
6452
6452
6452
6452
6452
6468
6468
6452
6452
6452
6452
6452
6452
6452
6452
6452
6452
6452
6452
6452
6452
6468
6468
6468
6468
6468
6468
6468
6468
6468
6468
6468
6468
6469
6469
6469
6520
6520
6520
6520
6520
6162
6161
6161
6161
6161
6161
6519
6519
6519
6519
6519
6519
6519
6520
6519
6520
6520
6520
6520
6520
6520
6504
6504
6504
6453
6453
6453
6453
6453
6453
6453
6504
6504
6504
6504
6504
6504
6504
6504
6454
6454
6454
6454
6504
6504
6504
6504
6504
6520
6520
6520
6520
6520
6519
6519
6519
6519
6519
6519
6519
6519
6519
6519
6519
6519
6519
6520
6520
6520
6520
6520
6520
6504
6504
6520
6519
6519
6519
6503
6503
6503
6503
6503
6503
6503
6519
6519
6519
6519
6520
6504
6504
6504
6453
6452
6452
6452
6452
6452
6452
6453
6453
6453
6453
6453
6453
6453
6453
6453
6453
6453
6453
6453
6453
6403
6403
6403
6403
6403
6403
6403
6403
6454
6454
6504
6504
6504
6504
6504
6504
6453
6453
6403
6403
6403
6403
6403
6403
6403
6403
6403
6403
6403
6453
6453
6453
6453
6453
6453
6453
6453
6453
6504
6504
6504
6504
6504
6504
6504
6504
6454
6454
6454
6454
6504
6504
6504
6504
6504
6454
6454
6470
6470
6470
6419
6419
6419
6470
6470
6370
6370
6369
6353
6353
6353
6353
6353
6453
6453
6453
6453
6453
6453
6453
6453
6453
6453
6453
6453
6453
6453
6453
6454
6454
6454
6454
6454
6454
6504
6503
6519
6519
6519
6519
6519
6519
6519
6519
6519
6519
6520
6520
6520
6520
6520
6520
6520
6520
6504
6504
6504
6504
6454
6454
6454
6454
6454
6454
6454
6454
6454
6454
6454
6454
6454
6454
6454
6354
6404
6403
6403
6403
6404
6404
6403
6403
6403
6353
6353
6353
6353
6453
6453
6453
6453
6453
6453
6453
6453
6453
6453
6503
6503
6503
6503
6503
6503
6503
6503
6503
6503
6503
6503
6519
6519
6519
6519
6519
6519
6519
6519
6519
6519
6519
6519
6519
6519
6519
6519
6520
6504
6504
6504
6504
6504
6504
6504
6453
6453
6452
6352
6352
6403
6403
6403
6403
6403
6403
6403
6503
6403
6403
6353
6353
6353
6353
6353
6369
6419
6419
6419
6419
6368
6352
6352
6352
6352
6352
6352
6352
6352
6352
6452
6452
6503
6503
6503
6452
6453
6453
6453
6504
6504
6504
6504
6504
6504
6504
6503
6503
6503
6503
6503
6503
6503
6503
6503
6503
6503
6503
6403
6403
6403
6403
6403
6403
6503
6503
6519
6519
6519
6519
6519
6519
6519
6519
6519
6519
6519
6519
6519
6519
6519
6520
6520
6520
6520
6520
6520
6520
6520
6520
6520
6520
6520
6520
6520
6520
6520
6520
6520
6520
6520
6520
6520
6519
6519
6519
6503
6503
6503
6503
6403
6403
6403
6403
6403
6403
6403
6403
6403
6403
6403
6403
6403
6403
6404
6404
6504
6504
6520
6520
6520
6470
6470
6470
6470
6470
6470
6419
6419
6419
6419
6419
6419
6419
6419
6419
6469
6469
6469
6469
6469
6469
6469
6469
6469
6469
6469
6469
6520
6520
6504
6504
6504
6504
6504
6504
6504
6504
6504
6504
6504
6404
6404
6420
6369
6369
6369
6353
6353
6353
6369
6369
6353
6353
6353
6404
6404
6404
6404
6404
6404
6404
6404
6404
6404
6404
6404
6404
6504
6504
6504
6504
6503
6503
6519
6468
6468
6468
6468
6468
6468
6468
6468
6468
6468
6468
6468
6468
6468
6468
6468
6468
6468
6519
6519
6520
6520
6520
6520
6520
6520
6520
6519
6519
6519
6519
6519
6519
6519
6469
6469
6453
6453
6453
6453
6453
6453
6453
6453
6503
6519
6519
6519
6519
6519
6519
6519
6519
6520
6520
6520
6519
6520
6520
6520
6520
6519
6519
6519
6519
6519
6519
6519
6519
6519
6519
6519
6519
6519
6519
6519
6519
6519
6519
6519
6469
6469
6469
6469
6469
6469
6453
6453
6453
6453
6453
6453
6453
6453
6453
6453
6453
6453
6453
6453
6453
6453
6453
6453
6503
6403
6403
6404
6404
6404
6404
6404
6404
6404
6404
6420
6420
6420
6420
6420
6420
6420
6420
6420
6420
6420
6420
6420
6420
6520
6520
6520
6520
6520
6519
6519
6519
6519
6519
6519
6519
6519
6519
6519
6519
6519
6519
6468
6468
6468
6519
6519
6519
6519
6519
6503
6503
6503
6503
6503
6503
6503
6503
6503
6503
6403
6403
6403
6404
6404
6404
6404
6404
6404
6404
6404
6404
6404
6404
6404
6404
6404
6404
6404
6404
6404
6404
6404
6404
6404
6404
6404
6404
6404
6404
6404
6404
6404
6404
6404
6404
6404
6404
6404
6404
6504
6504
6504
6504
6504
6504
6504
6504
6453
6453
6453
6453
6453
6453
6453
6453
6453
6453
6453
6504
6504
6504
6520
6520
6520
6520
6520
6520
6520
6520
6520
6520
6520
6504
6504
6504
6504
6504
6504
6504
6504
6503
6503
6403
6403
6403
6403
6403
6403
6403
6403
6403
6403
6404
6404
6404
6404
6404
6404
6404
6504
6504
6504
6504
6504
6504
6504
6504
6504
6504
6504
6504
6504
6504
6503
6503
6503
6503
6503
6503
6503
6504
6504
6504
6504
6503
6403
6403
6403
6419
6419
6419
6419
6419
6368
6419
6419
6419
6419
6419
6419
6419
6419
6419
6419
6419
6419
6419
6419
6419
6419
6519
6519
6519
6520
6520
6520
6519
6519
6520
6519
6519
6519
6519
6519
6519
6519
6519
6519
6519
6519
6519
6519
6519
6519
6519
6519
6519
6519
6519
6519
6519
6519
6519
6519
6519
6519
6519
6519
6519
6519
6519
6519
6520
6520
6520
6520
6470
6470
6470
6470
6470
6470
6470
6470
6470
6470
6470
6520
6520
6520
6504
6504
6504
6504
6504
6504
6504
6504
6504
6504
6504
6504
6504
6504
6453
6453
6453
6453
6469
6469
6469
6469
6469
6469
6469
6469
6469
6469
6469
6520
6520
6520
6520
6520
6520
6520
6520
6520
6520
6520
6520
6520
6519
6519
6519
6519
6519
6519
6519
6519
6519
6468
6468
6468
6469
6469
6469
6469
6469
6469
6469
6469
6469
6469
6469
6469
6469
6468
6468
6468
6468
6468
6468
6468
6519
6519
6519
6519
6519
6520
6520
6520
6520
6520
6520
6520
6520
6520
6520
6504
6504
6504
6504
6454
6454
6454
6454
6454
6454
6454
6454
6454
6454
6454
6454
6454
6454
6454
6454
6454
6454
6454
6454
6454
6454
6454
6454
6504
6520
6520
6504
6504
6504
6504
6504
6504
6520
6520
6520
6520
6520
6470
6470
6470
6520
6520
6520
6520
6470
6470
6470
6470
6520
6520
6520
6520
6520
6520
6520
6520
6520
6504
6504
6504
6504
6504
6504
6504
6504
6504
6504
6504
6520
6504
6504
6504
6504
6504
6520
6520
6520
6520
6504
6504
6504
6504
6503
6503
6503
6503
6503
6503
6503
6453
6453
6453
6469
6469
6469
6469
6469
6469
6469
6469
6469
6469
6519
6519
6519
6519
6519
6468
6469
6469
6468
6468
6519
6519
6519
6503
6503
6504
6454
6454
6454
6454
6454
6504
6504
6504
6504
6504
6504
6503
6503
6503
6503
6503
6503
6503
6503
6453
6454
6454
6504
6504
6504
6504
6504
6504
6504
6503
6503
6503
6503
6503
6503
6503
6503
6503
6503
6503
6504
6504
6504
6504
6504
6504
6504
6504
6504
6504
6520
6520
6520
6520
6520
6520
6520
6520
6520
6520
6520
6520
6520
6520
6520
6520
6519
6519
6519
6519
6519
6519
6519
6519
6519
6519
6519
6519
6519
6519
6520
6520
6520
6520
6520
6520
6520
6520
6520
6520
6519
6519
6519
6519
6519
6519
6519
6520
6520
6520
6520
6520
6520
6520
6520
6520
6520
6520
6520
6520
6520
6520
6520
6520
6520
6520
6519
6519
6519
6519
6519
6519
6519
6519
6519
6519
6519
6519
6519
6519
6519
6519
6520
6520
6520
6520
6520
6519
6519
6519
6519
6519
6519
6520
6520
6520
6520
6520
6519
6519
6519
6519
6519
6519
6519
6519
6519
6519
6519
6519
6519
6519
6519
6520
6520
6520
6520
6520
6520
6520
6520
6520
6504
6504
6453
6453
6453
6453
6453
6453
6453
6453
6453
6453
6453
6453
6453
6504
6504
6504
6504
6504
6504
6504
6504
6504
6504
6504
6504
6504
6504
6504
6504
6504
6504
6504
6504
6504
6504
6503
6503
6503
6503
6503
6503
6503
6503
6519
6519
6519
6520
6520
6520
6520
6520
6520
6520
6520
6520
6520
6520
6520
6520
6504
6504
6504
6504
6504
6504
6504
6504
6504
6504
6504
6504
6504
6504
6504
6504
6503
6503
6503
6503
6503
6503
6503
6503
6503
6519
6519
6519
6519
6519
6519
6519
6519
6519
6519
6519
6520
6520
6519
6519
6520
6520
6520
6520
6520
6520
6520
6520
6520
6520
6520
6520
6504
6504
6504
6504
6504
6520
6520
6520
6520
6520
6520
6520
6520
6520
6520
6520
6520
6520
6520
6520
6520
6520
6520
6520
6520
6520
6520
6520
6520
6519
6519
6519
6520
6520
6520
6520
6520
6520
6520
6520
6520
6520
6520
6520
6520
6520
6520
6520
6520
6520
6520
6520
6520
6520
6520
6520
6520
6520
6520
6520
6520
6520
6520
6520
6504
6504
6504
6504
6504
6504
6520
6520
6520
6520
6520
6520
6520
6520
6520
6520
6520
6520
6520
6520
6520
6520
6520
6520
6520
6520
6520
6520
6520
6520
6520
6520
6520
6520
6520
6520
6520
6520
6520
6520
6520
6520
6504
6504
6504
6504
6504
6504
6504
6504
6504
6504
6504
6504
6504
6520
6520
6520
6519
6519
6519
6519
6519
6519
6519
6519
6519
6519
6519
6519
6519
6519
6520
6520
6520
6520
6520
6520
6520
6520
6520
6520
6520
6519
6519
6519
6519
6519
6519
6519
6520
6520
6520
6520
6520
6520
6520
6520
6520
6520
6520
6520
6520
6420
6420
6420
6420
6404
6404
6404
6404
6404
6404
6404
6420
6420
6420
6420
6420
6420
6420
6419
6419
6419
6419
6419
6419
6403
6403
6503
6503
6503
6503
6503
6503
6503
6403
6403
6403
6403
6403
6403
6403
6403
6403
6403
6503
6503
6503
6503
6503
6503
6453
6453
6453
6453
6503
6503
6519
6519
6519
6519
6519
6519
6519
6503
6503
6503
6503
6503
6503
6503
6503
6503
6403
6403
6403
6403
6419
6419
6419
6419
6419
6419
6419
6519
6519
6519
6520
6520
6520
6520
6520
6520
6520
6504
6504
6504
6454
6504
6504
6504
6504
6504
6504
6504
6504
6504
6504
6504
6504
6504
6504
6504
6504
6504
6504
6504
6504
6504
6504
6504
6504
6504
6504
6504
6504
6504
6504
6504
6504
6504
6504
6504
6504
6504
6504
6504
6504
6504
6504
6504
6504
6520
6520
6520
6520
6520
6520
6504
6504
6504
6504
6504
6504
6504
6504
6504
6504
6504
6504
6504
6504
6504
6504
6504
6504
6504
6503
6503
6503
6503
6504
6504
6504
6504
6504
6504
6504
6504
6504
6504
6504
6504
6504
6504
6504
6504
6504
6504
6504
6504
6503
6503
6503
6503
6503
6503
6519
6519
6519
6519
6519
6519
6519
6519
6519
6519
6519
6519
6519
6519
6519
6519
6519
6519
6519
6519
6519
6519
6519
6519
6519
6519
6520
6520
6520
6520
6520
6520
6520
6520
6520
6520
6520
6520
6520
6520
6520
6520
6520
6520
6520
6520
6520
6520
6520
6520
6520
6520
6520
6520
6520
6520
6520
6520
6520
6520
6520
6520
6504
6504
6504
6504
6504
6504
6504
6504
6504
6504
6504
6504
6504
6504
6504
6520
6519
6519
6519
6519
6519
6520
6520
6520
6520
6520
6520
6520
6520
6520
6520
6520
6520
6520
6520
6520
6520
6520
6520
6520
6520
6520
6520
6520
6520
6520
6520
6520
6520
6520
6520
6520
6520
6520
6520
6519
6519
6519
6519
6519
6519
6520
6520
6520
6520
6519
6519
6519
6519
6519
6519
6519
6519
6519
6519
6520
6520
6520
6520
6520
6520
6520
6520
6520
6520
6520
6520
6520
6520
6520
6520
6520
6519
6519
6503
6503
6503
6503
6503
6503
6503
6503
6503
6503
6503
6503
6503
6503
6503
6503
6503
6503
6503
6504
6504
6504
6504
6504
6504
6520
6520
6520
6520
6520
6520
6520
6520
6520
6520
6520
6520
6520
6520
6520
6520
6520
6520
6520
6520
6520
6520
6519
6519
6519
6519
6519
6519
6519
6519
6519
6519
6519
6519
6519
6519
6519
6519
6519
6519
6519
6519
6519
6519
6519
6519
6519
6519
6519
6519
6520
6520
6520
6520
6520
6520
6520
6520
6520
6520
6520
6519
6519
6519
6519
6519
6519
6519
6519
6519
6519
6519
6519
6519
6519
6519
6519
6519
6519
6519
6519
6519
6519
6519
6519
6519
6519
6519
6519
6520
6520
6520
6520
6519
6519
6519
6519
6519
6519
6519
6519
6519
6519
6519
6519
6519
6519
6519
6519
6519
6519
6519
6519
6519
6519
6519
6519
6519
6519
6519
6519
6519
6519
6519
6519
6519
6519
6519
6519
6519
6519
6519
6519
6519
6519
6519
6519
6519
6519
6519
6519
6520
6520
6520
6520
6520
6520
6520
6520
6520
6520
6520
6520
6520
6520
6520
6520
6520
6520
6520
6504
6504
6504
6504
6504
6504
6504
6504
6504
6504
6520
6520
6520
6520
6504
6504
6504
6504
6503
6503
6503
6503
6504
6504
6504
6504
6504
6504
6504
6504
6504
6504
6504
6503
6503
6519
6519
6519
6519
6519
6519
6519
6519
6519
6519
6503
6503
6503
6503
6503
6503
6503
6503
6503
6503
6503
6503
6503
6504
6504
6504
6504
6503
6519
6503
6503
6503
6503
6503
6503
6503
6503
6504
6504
6520
6520
6520
6520
6520
6519
6519
6519
6519
6519
6519
6519
6519
6519
6519
6519
6519
6519
6519
6519
6519
6519
6519
6519
6519
6519
6519
6519
6519
6519
6519
6519
6519
6519
6519
6519
6519
6519
6519
6519
6519
6519
6519
6519
6519
6519
6519
6520
6520
6520
6520
6520
6520
6519
6520
6520
6520
6520
6520
6520
6520
6520
6520
6520
6520
6520
6520
6520
6520
6520
6520
6520
6520
6520
6520
6520
6520
6520
6520
6520
6520
6520
6520
6520
6520
6520
6520
6520
6520
6520
6520
6520
6520
6504
6504
6504
6503
6503
6503
6503
6503
6503
6503
6503
6503
6503
6503
6503
6503
6519
6520
6520
6520
6520
6520
6520
6520
6520
6520
6519
6519
6519
6519
6519
6519
6519
6519
6519
6519
6519
6519
6519
6519
6519
6519
6519
6519
6519
6520
6520
6520
6520
6520
6520
6520
6520
6520
6520
6520
6520
6520
6519
6519
6519
6519
6519
6519
6519
6519
6519
6519
6519
6519
6519
6519
6519
6519
6519
6519
6519
6519
6519
6519
6519
6519
6519
6519
6503
6503
6503
6503
6503
6503
6503
6503
6503
6503
6504
6504
6504
6504
6520
6520
6520
6520
6520
6520
6520
6520
6520
6520
6520
6520
6520
6520
6520
6520
6520
6520
6520
6520
6520
6520
6520
6520
6520
6520
6520
6520
6520
6520
6520
6520
6520
6520
6520
6520
6520
6520
6520
6520
6520
6520
6520
6520
6520
6520
6520
6520
6520
6520
6520
6520
6520
6469
6469
6469
6469
6469
6469
6469
6469
6468
6468
6468
6468
6469
6469
6469
6469
6468
6468
6468
6468
6468
6468
6468
6469
6469
6469
6469
6469
6469
6520
6520
6520
6520
6520
6520
6520
6520
6520
6520
6520
6520
6520
6519
6519
6519
6519
6519
6519
6519
6520
6520
6520
6520
6519
6519
6519
6519
6519
6519
6519
6519
6519
6519
6519
6519
6519
6519
6519
6519
6519
6519
6519
6519
6519
6519
6519
6519
6520
6520
6520
6520
6520
6520
6520
6520
6520
6520
6520
6520
6520
6520
6520
6520
6520
6520
6520
6520
6520
6520
6520
6519
6519
6519
6519
6519
6519
6519
6519
6519
6520
6520
6520
6520
6520
6520
6520
6520
6520
6520
6520
6519
6519
6519
6519
6519
6519
6519
6519
6519
6519
6519
6519
6519
6519
6519
6519
6519
6519
6519
6519
6519
6519
6519
6519
6519
6519
6519
6519
6519
6519
6519
6519
6519
6519
6519
6519
6519
6519
6519
6519
6519
6519
6519
6519
6519
6519
6519
6519
6519
6519
6519
6519
6519
6519
6519
6519
6519
6503
6503
6503
6519
6520
6520
6520
6520
6520
6520
6520
6520
6520
6520
6520
6520
6520
6520
6519
6519
6519
6519
6519
6519
6519
6519
6519
6519
6519
6519
6519
6519
6520
6520
6520
6519
6519
6519
6519
6519
6519
6519
6519
6519
6519
6519
6519
6519
6519
6519
6519
6519
6519
6519
6519
6519
6519
6520
6520
6504
6504
6504
6504
6504
6504
6520
6520
6520
6520
6520
6520
6520
6520
6520
6520
6520
6520
6520
6520
6520
6520
6520
6520
6520
6520
6520
6520
6520
6520
6520
6520
6520
6520
6520
6520
6520
6520
6520
6520
6520
6520
6520
6520
6520
6520
6520
6520
6520
6520
6520
6520
6520
6520
6520
6520
6520
6520
6520
6520
6520
6520
6520
6520
6520
6520
6520
6520
6520
6520
6520
6520
6520
6520
6520
6520
6520
6520
6520
6520
6520
6520
6520
6520
6520
6520
6520
6520
6520
6520
6519
6519
6519
6519
6519
6520
6520
6520
6520
6519
6519
6519
6519
6520
6520
6520
6520
6520
6520
6520
6520
6520
6520
6520
6520
6520
6519
6519
6519
6519
6519
6519
6519
6519
6519
6519
6519
6519
6519
6519
6519
6519
6519
6519
6519
6519
6519
6519
6519
6519
6519
6519
6519
6519
6519
6519
6519
6519
6519
6519
6519
6520
6520
6520
6520
6520
6520
6520
6520
6520
6520
6520
6520
6520
6519
6519
6519
6519
6519
6519
6519
6519
6519
6519
6519
6519
6519
6519
6519
6519
6519
6519
6519
6519
6519
6519
6519
6519
6519
6519
6520
6520
6520
6520
6520
6520
6520
6520
6504
6504
6504
6504
6504
6504
6503
6503
6503
6503
6503
6503
6503
6503
6519
6519
6519
6519
6519
6519
6519
6519
6519
6519
6519
6519
6519
6519
6519
6519
6519
6519
6519
6519
6519
6519
6519
6519
6519
6519
6519
6519
6519
6519
6519
6519
6519
6519
6519
6519
6519
6519
6519
6519
6519
6519
6519
6519
6519
6519
6519
6519
6519
6519
6519
6519
6519
6519
6519
6519
6519
6519
6519
6519
6519
6519
6519
6519
6519
6519
6519
6519
6519
6519
6519
6519
6519
6519
6519
6519
6519
6519
6519
6519
6520
6520
6520
6520
6520
6520
6520
6520
6520
6520
6520
6520
6520
6520
6520
6520
6520
6520
6520
6520
6520
6520
6520
6520
6520
6520
6520
6520
6520
6520
6520
6520
6520
6520
6520
6520
6520
6520
6520
6519
6519
6519
6519
6519
6519
6519
6519
6519
6519
6519
6519
6519
6519
6519
6519
6519
6519
6519
6519
6519
6519
6519
6519
6519
6519
6519
6519
6519
6519
6519
6519
6519
6520
6520
6520
6520
6520
6520
6520
6520
6520
6520
6520
6520
6520
6520
6520
6520
6520
6520
6520
6520
6520
6520
6520
6520
6520
6520
6520
6520
6520
6520
6519
6519
6519
6519
6519
6519
6519
6519
6519
6519
6519
6519
6519
6519
6519
6519
6519
6519
6519
6519
6519
6519
6519
6519
6519
6519
6519
6519
6519
6519
6519
6519
6519
6519
6519
6519
6519
6520
6520
6520
6520
6520
6520
6520
6520
6520
6520
6520
6519
6519
6519
6519
6519
6519
6519
6519
6519
6519
6519
6519
6519
6519
6519
6519
6519
6519
6519
6519
6519
6519
6519
6519
6519
6519
6519
6519
6519
6519
6519
6519
6519
6519
6519
6519
6519
6520
6520
6520
6520
6520
6520
6520
6520
6520
6520
6520
6520
6520
6520
6520
6520
6520
6520
6520
6520
6520
6520
6520
6520
6520
6520
6520
6520
6520
6520
6520
6520
6520
6520
6520
6520
6520
6520
6520
6520
6520
6520
6520
6520
6520
6520
6520
6520
6520
6519
6519
6519
6519
6519
6519
6519
6519
6519
6519
6519
6519
6519
6519
6519
6519
6519
6519
6519
6519
6519
6519
6519
6519
6519
6519
6519
6519
6519
6519
6519
6519
6519
6519
6520
6520
6520
6519
6519
6520
6520
6520
6520
6520
6520
6520
6520
6520
6520
6520
6520
6520
6520
6520
6520
6520
6520
6520
6520
6520
6520
6520
6520
6520
6520
6520
6519
6519
6519
6519
6519
6519
6519
6519
6519
6519
6520
6520
6520
6520
6520
6520
6520
6520
6520
6520
6520
6520
6520
6520
6520
6520
6520
6520
6520
6520
6520
6520
6520
6520
6520
6520
6520
6520
6520
6520
6520
6520
6520
6520
6520
6520
6520
6520
6520
6520
6520
6520
6520
6504
6504
6504
6504
6504
6504
6504
6504
6504
6504
6520
6520
6520
6520
6520
6520
6520
6519
6519
6519
6519
6519
6519
6519
6519
6519
6519
6520
6520
6520
6520
6520
6520
6520
6520
6520
6520
6519
6519
6519
6519
6519
6519
6519
6519
6519
6519
6519
6519
6519
6519
6519
6519
6519
6519
6519
6519
6519
6519
6519
6519
6519
6519
6519
6519
6519
6519
6519
6519
6519
6519
6519
6519
6519
6519
6519
6519
6520
6520
6520
6520
6520
6519
6519
6519
6519
6519
6519
6520
6520
6520
6520
6519
6519
6519
6519
6520
6520
6519
6519
6519
6519
6519
6519
6519
6519
6519
6519
6519
6520
6520
6519
6519
6519
6519
6519
6519
6519
6519
6519
6519
6519
6519
6519
6519
6519
6519
6519
6519
6519
6519
6519
6519
6519
6519
6520
6520
6520
6520
6520
6520
6519
6519
6519
6519
6519
6519
6519
6519
6519
6519
6519
6519
6519
6519
6519
6519
6519
6519
6519
6519
6519
6519
6519
6520
6520
6520
6520
6520
6520
6520
6520
6520
6520
6520
6520
6520
6520
6520
6520
6520
6520
6520
6520
6520
6520
6520
6520
6520
6520
6520
6520
6520
6520
6520
6520
6520
6520
6520
6520
6520
6520
6520
6520
6520
6520
6520
6520
6520
6520
6520
6520
6520
6520
6520
6520
6520
6520
6520
6520
6520
6520
6520
6520
6520
6520
6520
6520
6520
6520
6520
6520
6520
6520
6520
6520
6520
6520
6520
6520
6520
6520
6520
6520
6520
6520
6520
6520
6520
6520
6520
6520
6520
6520
6520
6520
6520
6520
6520
6520
6520
6520
6520
6520
6520
6520
6520
6520
6520
6520
6520
6520
6520
6520
6520
6520
6520
6520
6520
6520
6520
6520
6520
6520
6519
6519
6519
6519
6519
6519
6519
6519
6519
6519
6519
6519
6519
6519
6519
6519
6519
6519
6519
6519
6519
6520
6520
6520
6520
6520
6520
6520
6520
6520
6520
6520
6520
6520
6520
6520
6520
6520
6520
6520
6519
6519
6519
6519
6519
6519
6520
6520
6520
6520
6520
6520
6520
6520
6520
6520
6520
6519
6519
6519
6519
6519
6519
6519
6519
6519
6519
6519
6519
6519
6519
6519
6519
6519
6519
6519
6519
6519
6519
6519
6519
6519
6520
6520
6520
6520
6520
6520
6520
6520
6520
6520
6520
6520
6520
6520
6520
6520
6520
6520
6520
6520
6520
6520
6520
6520
6520
6520
6520
6520
6520
6519
6519
6519
6519
6519
6519
6519
6519
6519
6519
6519
6519
6519
6519
6519
6519
6519
6520
6520
6520
6520
6520
6520
6520
6520
6520
6520
6520
6520
6520
6520
6520
6520
6520
6520
6520
6520
6520
6520
6520
6520
6520
6519
6519
6519
6519
6519
6519
6519
6519
6519
6519
6519
6519
6519
6519
6519
6519
6519
6519
6519
6519
6519
6519
6519
6519
6519
6519
6519
6519
6519
6519
6519
6519
6519
6520
6520
6520
6520
6520
6520
6520
6520
6520
6520
6520
6520
6520
6520
6520
6519
6520
6520
6520
6520
6520
6520
6520
6520
6520
6520
6520
6520
6520
6520
6520
6520
6520
6520
6520
6520
6520
6520
6520
6520
6520
6520
6520
6520
6520
6520
6520
6520
6520
6520
6520
6520
6520
6520
6519
6519
6519
6519
6519
6519
6519
6519
6519
6519
6519
6519
6519
6519
6519
6519
6519
6519
6519
6519
6519
6519
6519
6519
6519
6519
6519
6520
6520
6520
6520
6520
6520
6520
6520
6520
6520
6520
6520
6520
6520
6520
6520
6520
6520
6520
6520
6520
6520
6520
6520
6520
6520
6520
6520
6520
6520
6520
6520
6520
6520
6520
6520
6520
6520
6520
6520
6520
6519
6519
6519
6519
6519
6519
6519
6519
6519
6519
6520
6520
6520
6520
6519
6519
6519
6520
6520
6520
6520
6520
6520
6520
6520
6520
6520
6520
6520
6520
6520
6520
6520
6520
6520
6520
6520
6520
6520
6520
6520
6520
6519
6519
6519
6519
6519
6519
6519
6519
6519
6519
6519
6519
6519
6519
6519
6519
6519
6519
6519
6519
6519
6519
6519
6519
6519
6519
6519
6519
6519
6519
6519
6519
6519
6519
6519
6519
6519
6519
6520
6520
6520
6520
6520
6520
6520
6520
6520
6520
6519
6519
6519
6519
6519
6519
6519
6519
6519
6519
6519
6520
6520
6520
6520
6520
6520
6520
6520
6520
6520
6520
6520
6520
6520
6520
6520
6520
6520
6520
6520
6520
6520
6520
6520
6520
6520
6520
6520
6520
6520
6520
6519
6519
6519
6519
6519
6519
6519
6519
6519
6519
6519
6519
6519
6519
6520
6520
6520
6520
6520
6520
6520
6520
6520
6519
6519
6519
6519
6519
6519
6519
6519
6519
6520
6519
6519
6519
6519
6519
6519
6519
6519
6519
6519
6519
6519
6519
6519
6520
6520
6520
6520
6520
6520
6520
6520
6520
6520
6520
6520
6520
6520
6520
6520
6520
6520
6520
6520
6520
6520
6520
6520
6520
6520
6520
6520
6520
6520
6520
6520
6520
6520
6520
6520
6520
6520
6520
6520
6520
6520
6520
6520
6520
6520
6520
6520
6520
6520
6520
6520
6520
6520
6520
6520
6520
6520
6520
6520
6520
6520
6520
6520
6520
6520
6520
6520
6520
6520
6520
6520
6520
6519
6519
6519
6519
6519
6519
6519
6519
6519
6519
6519
6519
6519
6519
6519
6519
6519
6519
6519
6519
6519
6519
6519
6519
6519
6519
6519
6519
6519
6519
6519
6519
6519
6519
6519
6519
6519
6519
6519
6519
6519
6519
6519
6519
6519
6519
6519
6519
6519
6519
6519
6520
6520
6520
6520
6520
6520
6520
6520
6520
6520
6520
6520
6520
6520
6520
6520
6520
6520
6520
6520
6520
6520
6520
6519
6519
6519
6519
6519
6519
6519
6519
6519
6519
6519
6519
6519
6519
6519
6519
6519
6520
6520
6520
6520
6520
6519
6519
6519
6519
6519
6519
6519
6519
6519
6519
6519
6519
6519
6519
6519
6519
6519
6519
6519
6519
6519
6519
6519
6519
6519
6519
6519
6519
6519
6519
6519
6519
6519
6519
6519
6519
6519
6519
6519
6519
6519
6519
6519
6519
6519
6519
6519
6519
6519
6519
6519
6519
6519
6519
6519
6519
6519
6519
6519
6519
6519
6519
6519
6519
6519
6519
6519
6519
6519
6519
6519
6519
6519
6519
6520
6520
6520
6520
6520
6520
6520
6520
6520
6520
6520
6520
6520
6520
6520
6520
6520
6520
6520
6520
6520
6520
6520
6520
6520
6520
6520
6520
6520
6520
6520
6520
6520
6520
6520
6520
6520
6520
6520
6520
6520
6520
6520
6520
6520
6520
6520
6520
6520
6520
6520
6520
6520
6520
6520
6520
6520
6520
6520
6520
6520
6520
6520
6520
6520
6520
6520
6520
6520
6520
6520
6520
6520
6519
6519
6519
6519
6519
6519
6519
6519
6519
6519
6519
6519
6519
6519
6519
6519
6519
6519
6519
6519
6519
6519
6519
6519
6519
6519
6519
6519
6519
6519
6519
6519
6520
6520
6520
6520
6520
6519
6519
6519
6519
6519
6519
6519
6519
6519
6519
6519
6519
6519
6519
6519
6519
6519
6519
6519
6519
6519
6519
6520
6520
6520
6520
6520
6520
6520
6520
6520
6520
6519
6519
6519
6519
6519
6519
6519
6519
6519
6519
6519
6519
6519
6519
6519
6519
6519
6519
6520
6520
6520
6520
6520
6520
6520
6520
6520
6520
6520
6520
6520
6520
6520
6520
6520
6520
6520
6520
6520
6520
6520
6520
6520
6520
6520
6520
6520
6520
6520
6520
6520
6520
6520
6520
6520
6520
6520
6520
6520
6520
6520
6520
6520
6520
6520
6520
6520
6520
6520
6520
6520
6520
6520
6520
6520
6520
6520
6520
6520
6520
6520
6520
6520
6520
6520
6520
6520
6520
6520
6520
6520
6520
6520
6520
6520
6519
6519
6519
6520
6520
6520
6520
6520
6520
6520
6520
6520
6520
6520
6520
6520
6520
6520
6520
6520
6520
6520
6520
6520
6520
6519
6519
6520
6520
6520
6520
6520
6520
6520
6520
6520
6520
6520
6520
6520
6520
6520
6520
6520
6520
6520
6520
6520
6520
6520
6520
6520
6520
6519
6519
6519
6519
6519
6519
6519
6520
6520
6520
6520
6520
6520
6520
6520
6520
6520
6520
6520
6520
6520
6520
6520
6520
6520
6520
6520
6519
6519
6519
6519
6519
6519
6519
6519
6519
6519
6519
6519
6519
6519
6519
6519
6519
6519
6519
6519
6519
6519
6519
6519
6519
6519
6519
6519
6519
6519
6519
6519
6519
6519
6519
6519
6519
6519
6519
6519
6519
6519
6519
6519
6519
6519
6519
6519
6519
6519
6519
6519
6519
6519
6519
6519
6519
6519
6519
6519
6519
6519
6519
6519
6519
6519
6519
6519
6519
6519
6519
6519
6519
6519
6520
6520
6520
6520
6520
6520
6520
6520
6520
6520
6520
6520
6520
6520
6520
6520
6520
6519
6519
6519
6519
6519
6519
6519
6519
6519
6519
6519
6519
6519
6519
6519
6519
6519
6519
6519
6519
6519
6519
6519
6519
6519
6520
6520
6520
6520
6520
6520
6520
6520
6520
6520
6519
6519
6519
6519
6519
6519
6519
6520
6520
6520
6520
6520
6520
6520
6520
6520
6520
6520
6520
6520
6519
6519
6519
6519
6519
6519
6519
6519
6519
6519
6519
6519
6519
6519
6519
6519
6519
6519
6519
6519
6519
6519
6519
6519
6519
6519
6519
6519
6519
6519
6519
6519
6519
6519
6519
6519
6519
6519
6519
6519
6519
6519
6520
6520
6520
6520
6520
6520
6520
6520
6520
6520
6520
6520
6520
6520
6520
6520
6520
6520
6520
6520
6520
6520
6520
6520
6520
6520
6520
6520
6520
6520
6520
6520
6520
6520
6520
6520
6520
6520
6520
6520
6520
6520
6520
6520
6520
6520
6520
6520
6520
6520
6520
6520
6520
6520
6520
6520
6520
6520
6520
6520
6520
6520
6520
6520
6520
6520
6520
6520
6520
6520
6520
6520
6520
6520
6520
6520
6520
6520
6520
6520
6520
6520
6520
6520
6520
6520
6520
6520
6520
6520
6520
6520
6520
6520
6520
6520
6520
6520
6520
6520
6520
6520
6520
6520
6520
6520
6520
6520
6520
6520
6520
6520
6520
6520
6520
6520
6520
6520
6520
6520
6520
6520
6520
6520
6520
6520
6520
6520
6520
6520
6520
6520
6520
6520
6520
6520
6520
6520
6520
6520
6520
6520
6520
6520
6520
6520
6520
6520
6520
6520
6520
6520
6520
6520
6520
6520
6520
6520
6520
6520
6520
6520
6519
6519
6519
6520
6520
6520
6520
6520
6520
6520
6520
6520
6520
6520
6520
6520
6520
6520
6520
6520
6520
6520
6520
6520
6520
6520
6520
6520
6520
6520
6520
6520
6520
6520
6520
6520
6520
6520
6520
6520
6520
6520
6520
6520
6519
6519
6520
6520
6520
6520
6520
6520
6520
6520
6520
6520
6520
6520
6520
6520
6520
6520
6520
6520
6519
6519
6519
6519
6519
6519
6519
6519
6519
6519
6519
6519
6519
6519
6519
6519
6519
6519
6519
6519
6519
6520
6520
6520
6520
6520
6520
6520
6520
6520
6520
6520
6520
6520
6520
6520
6520
6520
6520
6520
6520
6520
6520
6520
6520
6520
6520
6520
6520
6520
6520
6520
6520
6520
6520
6520
6520
6520
6520
6520
6520
6520
6520
6520
6520
6520
6520
6520
6520
6520
6520
6520
6520
6520
6520
6520
6520
6520
6520
6520
6520
6520
6520
6520
6519
6519
6519
6519
6519
6519
6519
6519
6519
6519
6519
6519
6519
6519
6520
6520
6520
6520
6520
6520
6520
6520
6520
6520
6520
6520
6520
6520
6519
6519
6519
6519
6519
6519
6519
6519
6519
6519
6519
6519
6519
6519
6519
6519
6519
6519
6519
6520
6520
6520
6520
6520
6520
6520
6520
6520
6520
6520
6520
6520
6520
6520
6520
6520
6520
6520
6520
6520
6520
6520
6520
6520
6520
6520
6520
6520
6520
6519
6519
6519
6519
6519
6519
6519
6519
6519
6519
6520
6520
6520
6520
6520
6520
6520
6520
6520
6520
6520
6519
6519
6519
6519
6519
6519
6519
6519
6519
6519
6519
6519
6519
6519
6520
6520
6520
6520
6520
6520
6520
6520
6520
6520
6520
6520
6520
6520
6520
6520
6520
6520
6520
6519
6519
6519
6519
6519
6519
6519
6519
6519
6519
6519
6519
6519
6519
6519
6519
6519
6519
6519
6519
6519
6519
6519
6519
6520
6519
6519
6519
6519
6519
6520
6520
6520
6520
6520
6520
6520
6520
6520
6520
6520
6520
6520
6520
6520
6520
6520
6520
6520
6520
6520
6520
6520
6520
6520
6520
6520
6520
6520
6520
6520
6520
6520
6520
6520
6520
6520
6520
6520
6520
6520
6520
6520
6520
6520
6520
6520
6520
6520
6520
6520
6520
6520
6520
6520
6520
6520
6520
6520
6520
6520
6520
6520
6520
6520
6520
6520
6520
6520
6520
6520
6520
6520
6520
6520
6520
6520
6520
6520
6520
6520
6520
6520
6520
6520
6520
6520
6520
6520
6520
6520
6520
6520
6520
6520
6520
6520
6520
6520
6520
6520
6520
6520
6520
6520
6520
6520
6520
6520
6520
6520
6520
6520
6520
6520
6520
6520
6520
6520
6520
6520
6520
6520
6520
6520
6520
6520
6520
6520
6520
6520
6520
6520
6520
6520
6520
6520
6520
6520
6520
6520
6520
6520
6520
6520
6520
6520
6520
6520
6520
6520
6520
6520
6520
6520
6520
6520
6520
6520
6520
6520
6520
6520
6520
6520
6520
6520
6520
6520
6520
6520
6520
6520
6520
6520
6520
6520
6520
6520
6520
6520
6520
6520
6520
6520
6520
6520
6520
6520
6520
6520
6519
6519
6519
6519
6519
6520
6520
6520
6520
6520
6520
6520
6520
6520
6520
6520
6520
6520
6520
6520
6520
6520
6520
6520
6519
6519
6519
6519
6519
6519
6519
6519
6519
6519
6519
6520
6520
6520
6520
6520
6520
6520
6520
6520
6520
6520
6520
6520
6520
6520
6520
6520
6520
6520
6520
6520
6520
6520
6520
6520
6520
6520
6520
6520
6520
6520
6520
6520
6520
6520
6520
6520
6520
6520
6520
6520
6520
6520
6520
6520
6520
6520
6520
6520
6520
6520
6520
6520
6520
6520
6520
6520
6520
6520
6520
6520
6520
6520
6520
6520
6520
6520
6520
6520
6519
6519
6519
6519
6519
6519
6520
6520
6520
6520
6520
6520
6520
6520
6520
6520
6520
6520
6520
6520
6520
6520
6520
6520
6520
6520
6520
6520
6520
6520
6520
6520
6520
6520
6520
6520
6520
6520
6520
6520
6520
6520
6520
6520
6520
6520
6520
6520
6520
6520
6520
6520
6520
6520
6520
6520
6520
6520
6520
6520
6520
6520
6520
6520
6520
6520
6520
6520
6520
6520
6520
6520
6520
6520
6520
6520
6520
6520
6520
6520
6520
6520
6520
6520
6520
6520
6520
6520
6520
6520
6520
6520
6520
6520
6520
6520
6520
6520
6520
6520
6520
6520
6520
6520
6520
6520
6520
6520
6520
6520
6520
6520
6520
6520
6520
6520
6520
6520
6520
6520
6520
6520
6520
6520
6520
6520
6520
6520
6520
6520
6520
6520
6520
6519
6520
6520
6520
6520
6520
6520
6520
6520
6520
6520
6520
6520
6520
6520
6520
6520
6520
6520
6520
6520
6520
6520
6520
6520
6520
6519
6519
6519
6519
6519
6519
6519
6519
6519
6519
6519
6519
6519
6519
6519
6519
6519
6519
6519
6519
6519
6520
6520
6520
6519
6519
6519
6519
6519
6519
6519
6519
6519
6519
6519
6519
6519
6519
6519
6519
6519
6519
6519
6519
6519
6520
6520
6520
6520
6520
6520
6520
6520
6520
6520
6520
6520
6520
6520
6520
6520
6520
6520
6520
6520
6520
6520
6520
6520
6520
6520
6520
6520
6520
6520
6520
6520
6520
6520
6520
6520
6520
6520
6520
6520
6520
6520
6520
6520
6520
6520
6520
6520
6520
6520
6520
6520
6520
6520
6520
6520
6520
6520
6520
6520
6520
6520
6520
6520
6520
6520
6520
6520
6520
6520
6520
6520
6520
6519
6519
6519
6519
6519
6519
6520
6520
6520
6520
6520
6520
6520
6520
6520
6520
6520
6520
6520
6520
6520
6520
6520
6520
6520
6520
6520
6520
6520
6520
6520
6520
6520
6520
6520
6520
6520
6520
6520
6520
6520
6520
6520
6520
6520
6520
6520
6520
6520
6520
6520
6520
6520
6520
6520
6520
6520
6520
6520
6520
6520
6520
6520
6520
6520
6520
6520
6520
6520
6520
6520
6520
6520
6520
6520
6520
6520
6520
6520
6520
6520
6520
6520
6520
6520
6520
6520
6520
6520
6520
6520
6520
6520
6520
6520
6520
6520
6520
6520
6520
6520
6520
6520
6520
6520
6520
6520
6520
6520
6520
6520
6520
6520
6520
6520
6520
6520
6520
6520
6520
6520
6520
6520
6520
6520
6520
6520
6520
6520
6520
6520
6520
6520
6520
6520
6520
6520
6520
6520
6520
6520
6520
6520
6520
6519
6519
6520
6520
6520
6520
6520
6520
6520
6520
6520
6520
6520
6520
6520
6520
6520
6520
6520
