3909
4068
4116
3736
3741
3741
3741
3840
3840
3835
3736
3438
3762
3767
3767
3767
3225
2887
2490
2490
2828
2828
2829
2828
2828
2855
2850
2850
2850
3230
3230
3772
3613
3613
3071
3613
3614
3613
4127
3691
3643
3644
3755
3213
3212
3185
3074
3173
3221
2897
2897
3008
3405
3564
3167
3068
3610
3615
3714
3469
3469
3866
4111
3714
3714
3714
3741
3714
3469
2955
3253
2955
3391
3715
3715
3716
3089
3090
3117
3116
3111
3116
3111
3508
3460
3461
3460
3024
3322
3211
3456
3456
3457
3893
3898
3799
3798
3554
3554
3527
3638
4265
4264
4265
4106
4620
4106
3704
3406
3295
3295
3697
3295
2753
2373
2372
2367
2881
2882
2446
2473
2572
2545
2789
2816
3358
3738
3494
3930
4332
4305
4603
4762
4663
4668
4716
4716
4717
4961
5060
4901
4900
4386
4386
3950
3323
2921
2677
2672
2672
2831
2289
2289
2916
3458
3702
3702
4216
4057
4216
4221
3594
3350
2808
2470
2311
2212
1888
2047
2674
3110
3448
3475
3427
3422
3824
3526
3499
3254
3254
2627
2627
2627
2925
2924
2410
2410
2251
1871
1872
1872
2386
2630
2875
3034
2789
2790
2795
2795
3175
3175
3175
2795
2822
3449
3444
3768
3430
3028
3033
3575
3570
3950
4049
4387
3951
3951
3792
3454
3502
2875
3120
3556
3715
3688
3687
3692
3256
3157
3157
3157
3158
3157
3158
3785
4123
3878
4123
3825
3936
3825
3581
3533
3560
3560
3555
3666
3714
3713
3602
3357
2815
3113
3358
3060
3602
3264
3105
3104
2707
2383
2335
2308
2308
2419
2855
2882
2882
2771
2771
2776
3100
3095
3095
2659
3095
3143
2629
2629
2873
3211
2584
2204
2303
2308
2209
2204
2303
2683
2683
2438
2439
2439
2684
3086
3713
3713
4227
4232
4232
4233
4233
3853
3853
3609
3604
3609
3989
3941
3941
3427
3538
3538
3102
2700
2362
2361
2361
2605
2605
2653
2626
1999
2297
1999
1888
2226
2740
2495
2496
2495
2897
2573
2031
1693
1645
1131
1567
1615
1860
1860
1860
1861
2020
2417
2444
2064
2402
2401
2781
3408
3922
3923
3875
3248
3875
3986
3986
3986
3986
3742
3345
3344
3006
3006
3250
2848
2896
2896
2897
2738
2711
2710
2710
2710
3008
3009
3406
3405
3405
3432
3591
3564
3320
3221
3221
3221
3320
3320
3722
3717
3337
3039
3377
3378
3133
3133
2619
2460
3002
2903
2902
2902
3226
2888
2888
2893
2893
3273
3274
3163
2761
2761
2761
2760
2760
2759
2759
2918
2918
3256
3658
3116
3117
3216
3460
3455
3296
3594
3350
3892
3793
3793
3820
4334
4433
4433
4433
4434
4593
4592
4195
4592
4591
4591
4253
3955
3558
3510
3186
3524
3921
3921
4166
4166
4167
4278
4167
4140
4140
4188
4432
4730
4486
4486
4810
4296
4296
4296
3972
3972
3972
3971
3972
3813
3812
3415
3415
3420
3817
4331
4283
4607
4608
4719
4317
4318
4318
3804
3705
3732
3732
3727
4241
4214
4213
4240
4339
4094
4093
4141
4386
4338
4311
4359
3962
3664
3565
3565
3566
3186
3075
3076
3081
2454
2454
2209
2208
2203
2203
2208
2207
2207
2452
2452
2854
2881
2992
3236
3125
3236
3616
3505
3478
3479
3506
3617
4014
3612
3711
3612
3215
2779
3181
2937
3373
3372
3531
3775
3775
3776
3771
3612
3612
4009
4009
4009
4010
4009
3467
3566
3571
3571
3169
3169
3070
3069
2731
2731
2732
2831
3373
3532
3870
3865
4492
4154
4043
3529
3284
3529
3534
2907
2663
2658
3060
3065
3038
2602
2603
2603
2603
2847
2467
2981
2981
3361
3659
3997
4624
4300
4327
4438
4438
4438
4140
3802
3691
3691
3686
3691
3691
3447
3447
3420
3420
3758
4194
4194
4221
4545
4003
4003
4002
4003
4301
4545
4247
4246
4147
4246
4357
4330
3950
3945
4487
4090
4487
4328
3701
3363
3390
3363
3264
3423
4050
4388
4277
4276
4276
4277
3939
4038
4038
4418
4417
4369
3742
3643
3644
3400
3400
3644
3743
3744
3500
3341
3368
3479
2965
3479
3484
3373
3373
3372
3345
2909
2910
2665
2268
2295
2294
2592
2592
2565
2051
1753
2051
2162
2162
2789
2790
2949
2948
2321
1997
1996
1996
1997
2024
2024
1865
1864
1753
1998
1596
2032
2033
2430
2429
2429
2429
2430
3057
2812
3326
3326
3437
3437
3432
3591
3049
2613
2613
2618
2619
2943
2943
3379
3378
3623
3624
3868
3868
4410
4458
4214
4213
3586
3427
3427
3586
3189
3591
3591
3432
4059
3517
3490
3054
3596
3591
3189
3188
3432
3770
3671
3698
3587
3539
3540
3539
2997
3539
3241
2903
2908
2909
3068
3465
3465
3085
3487
3482
3158
2913
2961
3299
3398
3154
3154
3452
3776
3262
2635
3015
3015
3016
2857
2809
2511
2511
2670
3106
2564
2564
2808
3322
3078
3376
3078
3620
3625
3625
3869
3327
3228
3228
3473
3468
3441
3441
3441
3489
3441
3441
3197
3038
2524
2768
3282
3287
3386
3287
3286
3385
3384
3432
3030
3030
2650
2650
2650
2650
3052
3594
3594
3594
3974
3974
3538
3293
3288
3288
2746
2905
2391
2292
2391
2396
2694
2695
2696
3210
3646
3646
3646
3487
3189
3188
3215
3842
4001
3621
3621
3866
3977
3580
3579
3959
3860
3536
3536
3134
3458
3458
3458
3120
3219
3060
2815
2815
2816
3213
3212
3212
3113
3065
2551
2551
2710
2274
2710
3048
2889
3291
3390
3438
3036
3037
3037
2601
3037
3037
3196
3097
3097
3097
2717
2962
2962
2624
3004
2956
3254
2956
3055
3028
3542
3542
3145
3443
3491
3829
3829
3829
4371
4370
4370
3990
3879
3365
2738
2440
3067
3062
3442
3553
3309
3310
3315
3613
3233
3185
3587
3587
3831
3720
3715
3763
4143
4143
3845
4143
3805
3369
3368
3395
3395
3296
3269
3025
3124
3125
2583
2338
2338
2337
2337
2773
2773
2371
2773
2800
2801
2802
2801
2801
2753
2726
2726
2567
2812
2811
2811
2811
2566
2904
2905
2905
2906
2933
3177
3177
3078
3078
3592
3268
3592
3591
3988
3591
3564
3961
3961
4120
3961
3564
3809
3908
3663
3662
3662
3663
3663
3774
3822
3822
3774
3774
3774
4316
4475
4523
4523
4523
4920
4919
4919
4808
4808
4808
4813
4813
4924
4924
4522
4184
4522
4517
4522
4517
4517
4517
4137
4382
4383
4410
4311
4067
4447
3933
3595
3594
3996
3599
3599
3599
4113
3733
3706
3706
3706
4086
4330
4282
4283
4382
4271
4271
4271
3869
3917
4255
4652
4652
4493
4169
4169
4280
4280
3900
4059
3761
4141
3896
3797
3283
3581
3581
3422
3178
3178
3178
3177
3182
3183
3507
3909
3909
3909
3910
4424
4424
4424
4419
4664
4908
4797
4797
4797
4797
4255
4011
4010
4254
4353
4353
4015
4015
4174
3930
3632
3633
3534
4076
4081
4076
3831
4169
4196
4196
4441
4441
4393
4393
4393
3879
3555
3853
3853
4177
4276
4117
4361
4361
4262
4262
4262
4361
4361
4361
3959
3959
4118
4632
4605
4604
4360
4022
4360
4261
4261
4261
4261
4288
3990
3745
3990
3963
4261
4261
4288
4287
4260
4260
4287
4287
4288
3950
3791
3467
3087
3135
3459
3839
3442
3442
3780
3153
3264
3263
3263
3890
3891
3891
3780
3535
3535
3534
3936
3941
3941
4185
4185
3783
3445
3783
4185
4158
4317
4317
4562
4563
4127
4238
4337
4773
4773
4773
4529
4529
4481
4482
3940
3935
3962
3851
3851
3415
3851
3851
3899
3800
3502
3601
3600
4142
4147
4258
4231
4628
4623
4623
4623
4623
4378
4378
4405
4649
4648
4649
4650
4326
4624
4869
4869
4821
4821
4821
4722
4477
4476
4138
4138
4143
4191
4080
4191
4529
4530
4629
4629
4874
4873
4873
4629
4384
4384
4336
4335
4659
4654
4654
4654
4252
4153
4397
4397
4238
3900
3900
4302
4058
4063
4063
4222
4222
3820
3820
3821
3869
3968
3968
3969
3968
3968
3968
3969
4307
4307
4307
4307
3765
3427
3671
3671
3670
3234
2990
2991
3235
3208
3208
3160
3702
3702
3750
4186
4186
3862
3348
3593
3593
3593
3620
3958
3958
3958
3799
3363
3362
3876
3876
4278
4179
3881
3880
4204
4303
4303
4303
4276
4276
3938
3396
3938
4097
4124
4462
4463
4464
4464
4219
4060
4305
4741
4497
4386
4545
4544
4544
4545
4544
4655
4113
4113
4086
4086
4384
4139
4140
4140
4140
4139
3980
3981
3882
3881
3881
3484
3484
3146
3145
3145
3389
3009
3009
3009
3009
3009
3551
3440
3837
3435
3546
3546
3222
3249
3201
3201
3300
3680
3925
3925
4327
4486
4486
4327
3813
3569
3907
3808
3809
3968
3670
3769
3770
4094
4608
4608
4581
4581
4629
4530
4419
4260
4260
4260
4287
3963
3958
3958
3958
4069
4074
3447
3447
3336
3447
3447
3771
3771
3870
3356
3356
3329
3356
3308
3307
3307
3062
3057
3057
2621
2621
3135
3294
3293
3591
3591
3592
4028
3704
3709
3709
3682
3682
3730
3571
3566
4193
3796
3796
3801
3503
3503
3530
3775
3775
3676
3974
3460
3460
3704
3704
4218
3920
3406
3401
3500
3798
3750
3750
3750
3750
3723
3723
4237
4237
4237
4237
4126
4027
4138
4462
4489
4489
4489
4489
4489
4489
4588
4264
4265
4265
4264
4661
4634
4634
4633
4792
4792
4792
4792
4793
4396
4401
4428
4428
4428
4428
4752
4751
4371
4033
4033
4028
4029
4029
4029
4409
4409
4409
4250
4409
4408
4408
4006
3762
4100
3855
3856
3861
3861
4106
4079
3920
3919
3919
3919
3946
4348
4343
3801
3802
3961
3961
3802
3400
3401
3943
3429
3402
3064
3064
3064
3064
3466
3493
3890
3890
3566
3571
3571
3571
3571
3571
3571
3619
3614
3614
3938
3938
3937
3826
3826
4164
4408
4381
4381
4492
4248
4407
4408
4413
4413
4413
4657
4657
4657
4657
4656
4656
4656
4332
4846
4846
4602
4491
4491
4491
3949
4060
4055
3658
3659
3145
2986
2986
3013
3257
3799
3798
4312
4312
4264
3926
4085
4085
3841
3841
3846
3846
3819
3383
3383
3627
3627
3468
3468
3468
3469
3793
3793
3793
4131
3833
3734
3833
3833
3833
3734
3734
3623
3378
3378
3623
3650
3650
3650
3650
4086
4086
4197
4495
4892
4892
4891
4511
4512
4512
4174
4174
4174
4173
4168
4168
4506
4506
4554
4559
4314
4314
4309
4468
4420
3793
3793
4420
4393
4393
4393
4420
4420
4420
4800
4899
4899
4601
4059
4059
3735
3338
3338
3880
3478
3140
3140
3140
3140
3140
3464
3512
3512
3485
3485
3105
3105
3403
3402
3104
3131
3136
3136
3381
3719
3719
3620
3620
4000
4000
4000
4000
4000
4000
4397
4073
4068
4068
3526
3415
3416
3417
3528
3527
3527
3527
4069
4069
3958
3957
4255
4207
4531
4531
4531
4531
4579
4579
4678
4679
4679
5081
5086
4927
4927
5086
5086
5086
4706
4706
4382
4382
4382
4381
4382
4044
4043
4043
3641
3642
3128
3508
3619
3592
3619
3619
3619
3619
4021
4020
4021
3624
3619
3957
3957
3957
3957
3956
3957
3798
3699
3361
3361
3361
3685
3685
4082
4082
4082
4082
4087
4087
4086
4086
4424
4583
4583
4583
4584
4584
4536
4536
4536
4377
4891
4891
4891
4891
4494
3952
3952
4051
4050
4209
4209
3965
3965
3965
3966
3966
4508
4508
4481
4529
4529
4231
4231
4231
4231
4231
3986
3827
3854
3854
3854
3340
3340
3340
3340
3585
3261
3775
4099
4094
4094
4094
4392
4392
4393
4282
4282
4441
4441
4143
4143
4143
4143
4142
4253
4254
4009
4253
3915
3915
3867
4264
4237
4242
4540
4540
3913
3589
3490
3093
2849
2849
2849
3246
3345
3372
3372
2830
2825
3367
3069
3068
3392
3392
3730
4357
4602
4575
4237
4237
4481
4480
4507
4507
4396
4396
4694
4694
4694
4449
4449
4449
4350
4449
4450
4450
4450
4561
4561
4566
4566
4565
4538
4533
4533
4235
3799
3799
4097
4342
4243
4243
4243
3729
3729
3729
3777
3876
3496
3932
3932
3932
3932
3833
3833
3834
4214
4214
4214
4214
4214
4166
4167
4266
3968
3968
3426
3968
4016
4354
4354
4381
4386
4386
4359
4359
4873
4873
4471
4470
4470
4471
4471
4471
4471
4471
4091
4091
4091
4091
4091
3992
3944
3944
3944
3944
3943
3944
4324
4324
4000
4298
3784
3783
3783
3783
4185
3788
3788
3543
3543
3544
3539
3380
3082
3109
3208
3722
3722
3722
3722
3722
3722
3695
4092
4092
4097
4097
4097
3853
3853
3880
4178
4178
4151
4151
4178
4177
4177
4177
4177
4421
4745
4904
4660
4224
4272
4267
3943
3942
3894
3795
3843
3843
3942
4378
4219
4219
4220
4220
4219
3783
3783
3784
3784
3785
3785
3785
3487
3487
3439
3763
3763
3763
3736
3763
3922
3921
3921
3921
4165
4166
4139
4040
4040
4040
4045
3721
3721
3820
3820
3819
3481
3508
3508
3508
3832
3832
4077
4415
4415
4415
4304
4304
4602
4597
4299
4299
4200
4200
4200
4311
4311
4284
4285
4285
4284
3770
3869
3625
3625
3625
4061
4061
4062
4062
4061
4061
4061
4088
4093
4092
3754
3754
3754
3754
3802
3754
4092
4087
4087
4087
4385
4061
3723
3612
3856
3611
3611
3935
3935
3935
3935
4449
4449
4787
4787
4787
4787
4788
4788
4788
4788
4464
4464
4788
5033
5033
4631
4631
4631
4631
4631
4636
4009
3850
3851
3851
3846
4005
4005
3978
3734
3734
3734
3734
3734
3734
3734
3761
3761
3761
3602
3602
3602
3650
4277
4388
4361
4313
4312
3770
3770
4014
4014
3903
3903
3565
3565
4107
4107
4107
4107
4155
4155
4155
4107
4509
4509
4620
4620
4958
4958
5006
4761
4325
4570
4575
4575
4574
4574
4526
4574
4574
4574
4733
4685
4171
3544
3571
3572
4199
4200
3876
3871
3919
3892
3892
3892
3733
3733
3892
3892
3892
3897
3897
3897
3653
3652
3354
3790
3545
3572
3571
3572
3572
3461
3461
3461
3362
3362
3362
3362
3363
2961
2961
2960
3071
3044
2647
2646
2647
2647
3049
3001
2890
2890
2890
2938
2933
3257
3257
3356
3356
3654
3555
3555
3555
3555
3555
3952
3952
3550
3391
3905
3905
3932
4043
4287
4446
4148
4148
4393
4148
4148
4148
3989
4234
4636
4609
4609
4609
4609
4609
4708
4597
4597
4597
4597
4597
4597
4597
4598
4598
4757
4598
4550
4598
4499
4119
3781
3781
3781
3880
3880
3991
3991
3991
3991
4289
4288
4288
3964
3719
3608
3608
3608
3613
3772
3772
3771
3771
3771
3771
4151
3637
3637
3589
3700
3298
3299
3299
3326
3326
3840
3729
3729
3729
3724
3724
3772
3528
3866
3767
4091
4091
4091
4190
4190
3892
3893
3893
3893
3893
3893
3734
3635
3635
3794
3794
3794
3456
3456
3456
3858
3858
3858
3858
3858
3858
4156
4494
4493
4604
4848
4947
4947
5192
5191
5080
5081
5081
5081
4743
5081
5033
5033
5033
5033
5033
5081
5080
5085
5085
5086
5086
4987
4987
4590
4689
4309
4309
4309
4309
4309
4282
4123
4234
4234
4234
4123
4123
4503
4614
4614
5011
5011
5010
5010
5005
5164
5164
5164
5164
5164
4919
4919
4919
4919
4919
4919
4920
4676
4676
4517
4517
4517
4516
4516
4417
4417
4079
4079
4079
4080
4080
4080
4418
4445
4065
4065
3629
3629
4065
4065
4065
4065
4309
4408
4408
4110
4490
4491
4496
4491
4443
4443
4602
4602
4602
4601
4601
4601
4602
4602
4602
4602
4602
4650
4948
4837
5082
5082
5082
5081
4922
4923
4922
4921
4822
4822
4822
4981
4954
4954
4795
4359
4359
4458
4458
4410
4410
3783
3942
3947
4383
3986
4613
4613
4608
4608
4719
4719
4767
4767
4768
4768
4609
4561
4560
4719
4719
4746
4746
4746
4746
4751
4751
4751
4751
4751
4751
4751
4724
4565
4565
4565
4454
4454
4454
4454
4454
4455
4075
4076
3977
3972
3972
3999
3999
4396
4396
4395
4554
4559
4607
4607
4987
4988
4961
4961
4960
4960
4960
4960
5071
5071
4960
4960
4955
4955
4631
4631
4631
4631
4631
4631
4630
4630
4332
4333
4333
4089
4116
4116
4089
4387
4387
4414
4419
4419
4419
4414
4419
4420
4420
4744
4843
4842
4842
5086
5086
5086
5197
5196
5196
5196
4760
4760
4516
4516
4952
4904
4904
4904
4745
4740
4740
4899
4872
4627
4627
4632
4876
4924
4919
4919
4919
4920
4920
4920
4596
4548
4548
4793
4792
4792
4792
4792
4792
4797
5121
5121
5010
5058
5085
5085
4986
4986
4986
5097
5097
5097
5097
5049
5049
5148
5148
5148
5196
5196
4872
4867
4867
4867
4867
4819
4867
4867
4867
4867
4867
4840
4840
4840
4841
4841
4868
4868
4623
4623
4623
4623
4623
4623
4947
4623
4623
4623
4524
4524
4524
4524
4524
4524
4524
4524
4524
4525
4525
4414
4366
4365
4365
4338
4449
4449
4450
4549
4113
4161
4161
4161
4161
4597
4597
4921
4921
4921
4921
5166
5007
5012
5012
5011
5011
5006
5006
5006
4762
4762
4762
4762
4761
4761
4761
4761
4761
4762
4789
4491
4496
4496
4496
4496
4496
4496
4496
4496
4496
4495
4495
4739
4739
5037
5037
5196
5196
5196
5196
5196
5197
5197
5197
5197
5198
5198
5198
5198
5198
5171
5171
5171
4926
4926
4926
4926
4926
4878
4878
4878
5123
4687
4687
4687
4687
4682
4730
4631
4631
4631
4631
5067
5067
5067
5066
4822
4425
4425
4424
4424
4424
4821
4826
4826
4826
4667
4668
4668
4668
4695
4696
4855
4855
4855
4855
4855
4855
4855
4855
4854
4827
4827
4827
4854
4953
4952
4952
4841
5085
5085
5085
5085
5058
5058
5058
5058
5058
5058
5010
5010
5121
5122
5121
5121
5169
5169
5169
4845
4465
4465
4466
4307
4307
4307
4334
4334
4333
4492
4493
4493
4493
4493
4493
4493
4493
4493
4817
4817
4817
4817
4812
4812
4713
4554
4554
4554
4713
4714
4714
4719
4718
5098
5098
5050
5050
5050
5050
5049
5022
5023
5023
5122
5122
5122
5117
5117
5117
5117
5116
5121
5116
5116
5116
5116
5121
5022
5022
5023
5023
5023
5022
5022
5121
5121
5121
5121
5169
5169
5169
5169
5169
5169
5169
4924
4924
4924
4924
4951
4951
4924
4813
4924
4924
4410
4410
4251
4765
4765
4760
4760
4760
4760
4760
4712
4712
4712
4760
4760
4661
4662
4663
4908
4908
4908
4366
4366
3986
3875
3974
3974
3875
3875
4255
4010
4121
4121
4121
4148
4307
4849
4849
4551
4440
4685
4637
4636
4636
4747
4350
4349
4349
4322
4620
4620
4509
4509
4509
4509
4350
4355
4355
4355
4355
4355
4111
4111
4508
4619
4646
4646
4619
4619
4619
4619
4778
4779
4827
4827
4828
4827
4827
4827
4827
4827
4826
4826
4826
4826
4826
5070
5070
5071
5071
5072
4961
4961
4956
4956
4983
4983
4982
4982
4987
4987
4987
4987
4987
4987
4987
4987
5098
5098
5098
5071
5071
5070
5070
5070
5070
5070
5070
4668
4620
4461
4461
4620
4620
4620
4615
4615
4615
4615
4504
4504
4504
4504
4504
4906
4906
4907
4907
4907
4907
4907
4663
4664
4664
4712
4712
4711
4711
4711
4711
4711
4710
4954
4954
4954
4954
4954
4981
4981
4981
4981
4981
4981
4981
4954
4954
4954
4906
5017
5017
5017
5017
5044
5044
5044
5044
5044
5044
5044
5143
5143
5143
5143
5143
5143
5143
5116
5116
5116
5005
5005
5053
5053
5053
5005
5005
5116
5116
5116
5116
5116
5116
5121
5121
5121
5121
5122
5122
5122
5122
5122
5121
5121
5121
5122
4798
4846
4846
4847
4846
4846
4846
5170
5170
5170
5165
5164
5191
5092
5097
5070
5070
4826
5070
5070
5071
5071
5071
5066
5066
5066
4955
4955
4955
4711
4711
4711
4711
4663
4663
4663
4711
4955
4954
4954
4954
4955
5066
5066
5066
5066
5066
5066
5066
5066
5066
5066
5066
5067
4743
4584
4584
4339
4344
4371
4371
4370
3856
4015
4529
4529
4529
4529
4529
4530
4419
4260
4260
4505
4505
4505
4504
4615
4588
4540
4540
4540
4540
4539
4539
4539
4587
4686
4686
5010
4911
4911
4912
4912
4912
5071
5070
5071
5071
5071
5071
5071
5071
5071
5098
5098
5098
5099
5099
5198
5198
5198
5198
5197
5197
5197
5197
5197
5197
5197
5197
5197
5198
4954
4906
4906
4954
4954
4953
4953
4953
4926
4602
4602
4602
4602
4602
4602
4602
4602
4602
4602
4926
4926
4926
4926
4927
4927
4922
4922
4922
4763
4763
4763
4763
4763
4762
4767
4767
4767
4926
4926
4926
4921
4921
5165
5165
5164
5164
5164
4840
4840
5164
5164
5164
5164
5169
5169
5169
5169
5164
5164
5164
5164
5164
5164
5164
5164
5164
5165
5165
5165
5165
5165
5165
5164
5164
5164
5116
5116
5117
5117
5117
5118
5118
5118
5123
5123
5123
5123
5123
5123
5123
5123
5123
5171
5171
5171
5198
5193
5193
5193
5193
5193
5193
5192
5192
5192
5165
5166
5193
5198
5198
5198
5198
5198
5193
5193
5193
5193
5193
5193
5193
5193
5193
5193
4757
4757
4757
4757
4757
4757
4762
5198
5087
5198
5198
5198
5193
5193
5193
5193
5193
5193
5193
5193
5094
5094
5093
5094
5094
5094
5094
5094
5094
5094
5094
5193
5193
5193
5193
5193
5198
4900
4900
4900
4899
4894
4894
4514
4514
4894
4894
4899
4899
4899
4898
4898
4898
4898
4898
4893
4893
5191
5196
5196
5196
5196
5196
5196
5196
5196
5196
5197
5197
5197
5197
5198
5198
5198
5198
5171
5171
5171
5171
5166
5165
5165
5165
5166
5166
5166
5166
5165
5165
5054
5055
5055
5055
5055
5055
5055
5082
5082
5082
5193
5193
5193
5193
4895
4847
4846
4845
4845
4850
4850
4823
4824
4824
4824
4486
4824
4824
4824
4824
4824
4824
4825
4873
4873
4873
4872
4872
4872
4872
4872
5170
5170
5197
5197
5197
5196
4760
4760
4760
4712
4712
4760
4760
4761
4761
4650
4650
4650
4650
4650
4650
4650
4761
4761
4756
4756
4761
4662
4662
4662
4662
4662
4662
5098
5098
5098
4939
4939
4939
4939
4939
4939
4912
4939
4828
4828
4828
4829
4928
4928
4928
4928
4829
4829
4829
4828
4828
4828
4828
4828
4828
4828
4828
4828
4829
4585
4585
4584
4683
4682
4677
4677
4677
4682
4682
4682
4682
4793
4793
4788
4788
4789
4948
4948
4948
4849
4849
4849
4948
4948
4948
4948
4948
4948
4948
4948
4921
4921
4921
4921
4921
4921
4926
4926
4927
4927
4927
4927
4927
4879
4768
4768
4768
4609
4609
4609
4609
4609
4608
4656
4608
4608
4635
4879
4879
4990
4990
4990
5038
5038
5038
5038
5033
5033
5034
5193
5193
5192
5192
5197
5197
5197
5198
5198
5198
5171
5171
5198
5198
5198
5198
5198
5198
5198
5198
5198
5198
5197
5197
5198
5198
5198
5198
5198
5193
5192
5192
5192
5191
5191
5191
5192
5197
5198
5198
5198
5197
5192
5192
5192
5192
5192
5192
5093
5093
5093
5093
5093
5093
5066
5066
5071
5071
5071
5098
5197
5149
5149
5144
5144
5144
5144
5149
5149
5149
5122
5023
5023
5023
5023
5024
5072
5072
5072
5071
4691
4690
4789
4789
4789
4789
4789
4789
4789
4789
4690
4717
4717
4717
4717
4717
4717
4717
4717
4717
4717
4717
4717
4816
5196
5191
5191
5191
5191
5191
5191
5191
5191
5191
5192
5193
5193
5193
5198
5198
5198
5198
5198
5198
5198
5198
5198
5193
5193
5192
5192
4812
4812
4812
4812
4812
4817
4790
4785
4785
4785
4785
4785
4785
4785
4785
4785
4737
4737
4736
4736
4736
4736
4736
4741
4736
4736
4784
4784
4784
4784
4673
4674
4785
4785
4785
4785
4785
4784
4784
4784
4736
4736
4736
4637
4637
4637
4736
4736
4784
4784
4784
4784
4784
4811
5191
5191
5191
5191
5080
5032
5032
5033
5033
5081
5081
5081
5080
5081
5081
5081
5192
5193
5198
5198
5198
5198
5198
5198
5198
5198
5198
5197
5197
5197
5197
5197
5197
5197
5197
5170
5197
5197
5197
5197
5197
5197
5086
5081
5080
5081
5081
5081
5081
5081
5081
5081
5080
5080
5080
5080
5080
5032
5033
5033
5033
5033
5034
5145
5145
5145
5145
5144
5143
5143
5143
5144
5144
5143
5148
5148
5196
5196
5196
5196
5169
5169
5169
5169
5121
5121
5121
5121
5121
5121
5121
5148
5148
5148
5148
5143
5143
5116
5116
5121
5121
5121
5121
5122
5122
5123
5122
5122
5122
5170
5170
5170
5170
5169
5169
5169
5170
5170
5171
5170
4926
4926
4926
4925
4925
4925
4925
4925
4925
4925
4925
4925
4920
4921
4921
4921
4921
4921
4922
4874
4873
4878
4878
4878
4879
4879
4879
4927
4927
4926
4926
4926
4926
4926
4926
4926
4926
4926
5170
5170
5171
5170
5169
5169
5169
5164
5164
5164
5164
5164
5191
5080
5032
5032
5032
5032
5032
5033
5033
5033
5144
5144
5144
5144
5144
5145
5144
5045
5045
5045
5045
5045
5044
5045
5045
5044
5044
5044
5044
5044
5044
5092
5092
5092
5092
5191
5191
5191
5191
5192
5192
5192
5144
5144
5144
5045
5044
4933
4933
4934
4934
4934
4934
5045
5045
5045
5045
5045
5045
5045
5045
5045
5046
5046
5046
5046
5046
5046
5145
5145
5144
5144
5144
5144
5144
5149
5122
5023
5023
5023
5122
5122
5122
5122
5122
5122
5149
5144
5144
5144
5144
5144
5144
5144
4985
4985
4985
5033
5033
5038
5011
4963
4963
4963
4963
4990
4990
5149
5197
5197
5197
5196
5196
5196
5196
5196
5196
5196
5196
5197
5197
5197
5198
5197
5197
5197
5149
5149
5149
5148
5143
5143
5143
5032
5143
5143
5143
5143
5143
5143
5143
5191
5191
5191
5191
5191
5191
5092
5092
5092
5092
5092
5092
5093
5093
5093
5093
5093
5093
5093
5094
5094
5094
5093
5092
5092
4933
4933
4933
4933
4933
4933
4933
4938
4938
4938
4827
4938
4938
4938
4938
4933
4933
5092
5093
5094
5094
5094
5094
5094
5094
5094
5094
5193
5145
5145
5145
5193
5193
5193
5193
5193
5193
5193
5193
5193
5193
5145
5145
5144
5144
5144
5144
5192
5192
5192
5192
5192
5192
4894
4894
4894
4894
4894
4895
4895
4895
4895
4900
4900
4900
5198
5198
5198
5198
5099
5099
5099
5099
5098
5098
5098
5099
5198
5198
5171
5171
5166
5166
5166
5166
5166
5118
5118
5118
5166
5166
5166
5166
5166
5193
5193
5192
5192
5192
5192
5165
5165
5165
5165
5166
5166
5166
5166
5166
5165
5165
5165
5165
5192
5192
5192
5192
5192
5144
5144
5144
5144
5144
5144
5143
5143
5143
5143
5143
5143
5143
5143
5143
5143
5143
5144
5144
5144
5144
5144
5144
5144
5145
5145
5145
5145
5193
5193
5192
5192
5192
5191
5191
5191
5191
5191
5192
5192
5192
5192
5192
5192
5192
5192
5192
5192
5165
5166
5165
5165
5165
5165
5165
5165
5165
5117
5144
5144
5144
5145
5145
5145
5145
5145
5145
5145
5145
5145
5145
5145
5118
5019
5019
5018
5018
5018
5018
5018
5045
5045
5045
5045
5044
5044
5092
5092
5093
5093
5093
5093
5093
5093
5093
5093
5093
5093
5093
5093
5093
5093
5093
5093
5094
5094
5094
5094
4935
4935
4935
4935
4935
4935
4935
4935
4935
4934
4934
4934
4934
4939
4934
4939
4939
4939
4939
4939
4939
4939
4939
4939
4939
4939
4939
4912
4912
4912
4912
4912
4912
4864
4864
4865
4913
4912
4912
4912
4913
5012
5012
5012
5007
5007
5007
5034
5034
5034
5034
5034
5033
5033
5033
5033
5033
5033
5033
5192
5192
5192
5144
5144
5144
5144
5144
5144
5144
5144
5144
5144
5144
5143
5143
5144
5143
5116
5117
5117
5118
5117
5117
5117
5117
5117
5117
5117
5117
5117
5116
5116
5121
5169
5169
5169
5170
5170
5170
5165
5165
5165
5165
5165
5165
5165
5165
5165
5164
5164
5164
5164
5164
5164
5165
5054
5055
5055
5055
5055
5054
5054
5054
5054
5054
5054
5081
5054
5059
5059
5059
5059
5170
5169
5169
5169
5169
5169
5196
5148
5121
5121
5122
5122
5149
5149
5149
5149
5149
5149
5149
5149
5148
5148
5148
5143
5116
5117
5144
5144
5144
5144
5144
5144
5144
5144
5143
5143
5143
5143
5143
5191
5191
5191
5191
5164
5164
5165
5165
5165
5165
5165
5165
5165
5166
5166
5166
5166
5166
5193
5192
5192
5192
5192
5165
5165
5165
5165
5165
5165
5166
5166
5165
5192
5192
5192
5192
5192
5192
5197
5197
5197
5196
5196
5196
5197
5197
5196
5191
5191
5191
5191
5164
5164
5164
5191
5192
5193
5193
5193
5193
5193
5193
5193
5192
5193
5198
5198
5198
5197
5197
5197
5197
5197
5196
5196
5196
5196
5196
5196
5197
5197
5197
5197
5197
5197
5197
5197
5197
5197
5197
5197
5197
5197
5197
5197
5196
5196
5196
5196
5196
5196
5196
5196
5196
5196
5196
5196
5196
5196
5197
5198
5198
5198
5198
5198
5198
5198
5198
5198
5198
5198
5198
5198
5198
5198
5198
5198
5198
5198
5198
5198
5198
5198
5198
5198
5193
5193
5193
5193
5193
5193
5193
5193
5193
5198
5198
5171
5171
5171
5198
5193
5193
5193
5193
5193
5193
5193
5193
5193
5193
5192
5192
5192
5192
5192
5192
5193
5193
5193
5193
5193
5193
5193
5193
5193
5193
5193
5192
5192
5192
5192
5192
5197
5197
5192
5192
5192
5193
5193
5193
5193
5193
5193
5193
5193
5193
5193
5193
5193
5193
5193
5193
5193
5193
5193
5192
5192
5192
5192
5192
5192
5192
5192
5192
5193
5193
5193
5166
5166
5166
5166
5166
5166
5166
5166
5166
5166
5193
5193
5193
5193
5198
5198
5198
5198
5198
5198
5198
5198
5198
5198
5198
5198
5198
5198
5197
5197
5192
5192
5192
5192
5192
5192
5193
5193
5193
5193
5193
5193
5193
5193
5193
5193
5193
5193
5193
5094
5094
5094
5193
5145
5144
5144
5144
5144
5143
5143
5143
5143
5143
5143
5143
5143
5143
5143
5143
5143
5143
5143
5143
5143
5144
5144
5144
5144
5144
5144
5144
5144
5143
5143
5144
5144
5144
5144
5033
5033
5033
5033
5033
5033
5033
5033
4934
4934
4934
4934
4934
4939
4939
4939
4939
4939
4939
5050
5050
5050
5050
5050
5149
5149
5149
5149
5149
5149
5149
5144
5144
5144
5144
5145
5145
5193
5193
5193
5193
5193
5193
5193
5198
5198
5193
5193
5192
5165
5165
5165
5165
5165
5165
5165
5165
5165
5165
5165
5165
5165
5165
5165
5165
5165
5165
5165
5165
5165
5165
5165
5165
5165
5165
5192
5144
5144
5144
5144
5144
5144
5145
5145
5145
5145
5145
5145
5145
5150
5149
5149
5149
5149
5144
5144
5144
5192
5192
5192
5192
5192
5192
5192
5192
5191
5191
5191
5191
5191
5191
5143
5191
5191
5191
5191
5191
5191
5191
5191
5191
5191
5191
5191
5192
5192
5192
5192
5193
5193
5193
5193
5193
5193
5193
5193
5193
5198
5198
5198
5198
5197
5197
5197
5197
5198
5198
5198
5171
5170
5171
5171
5171
5171
5171
5123
5123
5123
5122
5122
5122
5122
5122
5149
5197
5197
5197
5197
5192
5192
5192
5191
5191
5191
5196
5196
5196
5191
5191
5164
5164
5164
5164
5164
5169
5196
5196
5169
5169
5169
5169
5169
5169
5169
5169
5169
5170
5170
5170
5169
5169
5170
5170
5170
5170
5170
5170
5170
5170
5170
5170
5171
5171
5171
5171
5198
5198
5193
5193
5193
5193
5193
5192
5192
5191
5191
5191
5191
5191
5191
5191
5191
5191
5191
5192
5192
5192
5192
5197
5192
5192
5192
5192
5192
5192
5192
5192
5192
5191
5191
5164
5164
5165
5165
5164
5164
5164
5191
5191
5191
5191
5191
5191
5191
5191
5192
5192
5191
5191
5191
5191
5191
5191
5192
5192
5192
5192
5192
5191
5191
5191
5191
5191
5191
5191
5191
5191
5191
5191
5191
5191
5191
5191
5191
5191
5191
5191
5191
5191
5191
5192
5192
5192
5192
5192
5192
5192
5165
5165
5165
5165
5164
5165
5165
5165
5165
5165
5165
5165
5192
5192
5192
5192
5192
5192
5193
5193
5198
5198
5197
5170
5170
5170
5170
5170
5170
5170
5165
5165
5165
5165
5165
5165
5165
5165
5165
5165
5165
5165
5165
5165
5166
5166
5166
5166
5165
5164
5164
5164
5164
5164
5165
5170
5170
5170
5170
5170
5170
5170
5170
5170
5170
5170
5170
5170
5170
5170
5197
5196
5196
5196
5196
5196
5196
5196
5196
5197
5197
5197
5197
5192
5192
5192
5192
5192
5192
5192
5192
5192
5192
5192
5192
5192
5192
5193
5193
5193
5198
5198
5198
5198
5198
5171
5166
5166
5165
5165
5165
5165
5165
5165
5165
5165
5164
5164
5165
5165
5165
5165
5165
5165
5165
5165
5165
5165
5165
5165
5165
5165
5170
5170
5170
5170
5170
5170
5170
5197
5170
5170
5170
5170
5165
5165
5165
5192
5192
5193
5193
5193
5193
5193
5193
5193
5193
5193
5192
5192
5192
5192
5192
5192
5192
5192
5193
5193
5193
5192
5193
5192
5192
5192
5192
5192
5192
5191
5191
5191
5191
5191
5191
5191
5192
5197
5197
5197
5197
5197
5197
5197
5197
5197
5197
5197
5197
5197
5197
5197
5197
5197
5197
5197
5196
5196
5197
5192
5192
5165
5165
5192
5192
5192
5192
5192
5191
5191
5191
5196
5196
5196
5191
5191
5191
5191
5164
5164
5164
5191
5196
5197
5197
5197
5197
5197
5197
5197
5197
5197
5197
5197
5197
5197
5196
5196
5196
5196
5196
5197
5197
5197
5197
5197
5192
5192
5197
5197
5197
5197
5197
5197
5197
5197
5197
5197
5098
5098
5098
5099
5099
5099
5099
5099
5099
5099
5099
5099
5098
5098
5093
5093
5093
5066
5065
5065
5164
5164
5191
5192
5192
5192
5192
5192
5192
5192
5192
5192
5192
5192
5191
5191
5164
5164
5164
5164
5164
5164
5164
5164
5164
5164
5164
5164
5164
5164
5164
5191
5191
5196
5196
5169
5169
5169
5169
5164
5164
5164
5164
5164
5164
5164
5164
5164
5169
5169
5169
5169
5169
5169
5169
5169
5169
5170
5171
5171
5198
5198
5198
5198
5198
5198
5198
5198
5198
5198
5198
5198
5198
5198
5198
5198
5198
5198
5198
5198
5198
5198
5198
5198
5198
5197
5197
5197
5197
5197
5197
5197
5197
5197
5197
5197
5197
5197
5197
5197
5197
5197
5149
5144
5144
5144
5144
5144
5144
5144
5143
5143
5144
5145
5193
5193
5193
5198
5198
5198
5198
5197
5197
5197
5197
5192
5192
5192
5192
5192
5192
5192
5192
5192
5192
5192
5192
5192
5192
5192
5192
5192
5192
5192
5192
5192
5192
5192
5192
5192
5192
5192
5192
5192
5165
5164
5164
5164
5165
5165
5192
5192
5192
5192
5192
5192
5192
5197
5197
5197
5197
5197
5197
5197
5197
5197
5197
5197
5197
5192
5192
5192
5192
5191
5191
5192
5192
5165
5165
5165
5165
5165
5165
5165
5165
5165
5165
5165
5165
5166
5165
5165
5165
5164
5164
5164
5164
5164
5116
5116
5116
5117
5118
5118
5118
5118
5118
5118
5118
5118
5145
5145
5144
5145
5145
5144
5192
5192
5192
5192
5192
5191
5191
5191
5196
5196
5191
5191
5191
5191
5191
5191
5192
5192
5192
5192
5192
5197
5197
5197
5197
5197
5197
5192
5197
5196
5196
5196
5196
5196
5196
5196
5196
5196
5196
5197
5197
5197
5197
5196
5196
5196
5196
5191
5191
5192
5192
5192
5192
5192
5192
5192
5192
5191
5191
5192
5192
5192
5192
5192
5192
5192
5192
5192
5192
5192
5192
5192
5192
5197
5192
5192
5192
5192
5192
5192
5192
5192
5192
5192
5192
5191
5191
5191
5192
5192
5192
5192
5192
5192
5192
5193
5193
5193
5193
5192
5197
5197
5197
5197
5197
5197
5197
5197
5197
5197
5197
5197
5197
5197
5197
5197
5197
5197
5197
5196
5197
5197
5197
5197
5197
5197
5197
5197
5149
5149
5149
5149
5144
5149
5148
5148
5148
5148
5148
5148
5148
5143
5143
5143
5191
5191
5191
5191
5191
5191
5191
5191
5191
5191
5191
5191
5192
5192
5192
5192
5192
5192
5192
5192
5192
5192
5192
5192
5193
5192
5192
5192
5192
5193
5193
5193
5193
5193
5193
5193
5193
5193
5193
5192
5197
5197
5197
5197
5197
5197
5197
5197
5197
5197
5197
5197
5197
5197
5197
5197
5197
5197
5197
5197
5197
5197
5197
5197
5197
5197
5197
5197
5197
5197
5192
5192
5192
5192
5192
5192
5192
5192
5192
5192
5192
5192
5192
5192
5193
5193
5192
5192
5192
5192
5191
5191
5191
5191
5191
5192
5191
5191
5164
5191
5191
5191
5191
5191
5191
5191
5192
5192
5192
5193
5193
5193
5193
5198
5198
5198
5198
5198
5198
5198
5198
5198
5198
5198
5198
5198
5198
5198
5198
5198
5198
5198
5198
5198
5198
5198
5198
5198
5198
5198
5198
5198
5198
5198
5198
5198
5198
5198
5198
5198
5198
5198
5198
5198
5198
5198
5198
5197
5197
5197
5197
5197
5197
5197
5197
5198
5197
5197
5198
5198
5198
5198
5198
5198
5198
5198
5198
5171
5171
5171
5171
5170
5170
5170
5197
5197
5197
5197
5197
5197
5197
5197
5197
5197
5197
5197
5192
5192
5192
5192
5192
5191
5191
5191
5191
5191
5191
5191
5191
5191
5191
5191
5191
5191
5191
5191
5191
5191
5191
5191
5196
5196
5196
5196
5196
5196
5197
5197
5197
5197
5197
5197
5197
5197
5197
5197
5197
5197
5197
5197
5197
5192
5192
5192
5192
5192
5197
5197
5197
5197
5198
5198
5198
5198
5198
5197
5196
5196
5196
5196
5196
5196
5196
5197
5197
5197
5197
5197
5196
5196
5196
5196
5196
5196
5196
5196
5196
5197
5197
5197
5197
5197
5197
5197
5198
5197
5197
5197
5197
5198
5198
5198
5198
5198
5198
5198
5198
5197
5197
5197
5197
5196
5196
5196
5196
5196
5196
5196
5196
5196
5196
5196
5196
5196
5197
5197
5197
5197
5197
5197
5196
5196
5196
5196
5196
5196
5196
5197
5197
5192
5192
5192
5192
5192
5192
5191
5191
5191
5191
5191
5192
5192
5192
5192
5192
5192
5192
5192
5192
5192
5192
5193
5193
5192
5192
5192
5192
5192
5193
5193
5192
5192
5192
5192
5192
5192
5192
5192
5192
5192
5193
5193
5192
5192
5192
5192
5191
5191
5191
5191
5191
5191
5191
5192
5192
5192
5192
5191
5191
5191
5191
5191
5192
5192
5192
5192
5192
5192
5192
5192
5197
5197
5197
5197
5197
5197
5197
5197
5197
5197
5197
5197
5197
5196
5196
5196
5196
5196
5197
5196
5191
5191
5191
5191
5191
5196
5196
5196
5196
5196
5196
5196
5196
5191
5191
5192
5192
5192
5192
5193
5193
5193
5193
5193
5192
5192
5192
5192
5192
5192
5192
5192
5192
5192
5192
5192
5192
5192
5192
5192
5192
5192
5197
5197
5197
5197
5197
5197
5197
5198
5198
5198
5198
5198
5198
5198
5198
5198
5198
5198
5198
5198
5198
5198
5198
5198
5198
5198
5198
5198
5198
5198
5198
5198
5198
5198
5198
5197
5197
5197
5197
5197
5197
5197
5197
5197
5197
5197
5197
5197
5197
5197
5197
5197
5197
5197
5197
5197
5197
5197
5198
5198
5198
5171
5170
5170
5170
5170
5170
5170
5169
5169
5169
5164
5164
5164
5191
5191
5191
5191
5191
5191
5191
5191
5191
5191
5191
5191
5192
5192
5193
5193
5193
5193
5193
5193
5193
5193
5193
5198
5198
5198
5198
5198
5198
5198
5198
5198
5198
5198
5198
5198
5193
5198
5198
5198
5198
5198
5193
5193
5198
5198
5198
5198
5198
5198
5198
5198
5198
5197
5198
5197
5197
5198
5198
5197
5192
5192
5192
5192
5192
5192
5192
5192
5192
5197
5197
5197
5197
5197
5197
5197
5197
5197
5197
5197
5197
5197
5197
5197
5197
5197
5197
5197
5197
5197
5197
5197
5197
5197
5197
5197
5198
5198
5198
5198
5198
5198
5197
5197
5197
5197
5197
5197
5197
5197
5197
5197
5197
5197
5197
5197
5197
5197
5197
5197
5197
5197
5197
5197
5196
5196
5196
5196
5196
5196
5196
5196
5191
5191
5191
5191
5191
5191
5191
5191
5191
5191
5196
5197
5197
5192
5192
5192
5192
5191
5191
5191
5191
5191
5192
5192
5192
5192
5192
5192
5192
5192
5192
5192
5192
5192
5192
5192
5192
5191
5191
5191
5191
5191
5191
5191
5191
5191
5191
5191
5191
5191
5191
5196
5196
5196
5196
5196
5197
5197
5197
5197
5197
5197
5197
5197
5197
5196
5196
5196
5196
5196
5196
5196
5196
5196
5196
5196
5196
5196
5196
5196
5196
5197
5197
5197
5197
5197
5197
5192
5192
5191
5192
5192
5197
5197
5197
5197
5197
5197
5197
5196
5196
5196
5196
5196
5196
5196
5197
5197
5196
5197
5197
5197
5197
5197
5197
5197
5197
5197
5197
5197
5196
5196
5196
5196
5196
5196
5196
5196
5196
5196
5196
5196
5196
5196
5196
5196
5196
5196
5196
5196
5196
5196
5196
5196
5196
5196
5196
5196
5196
5196
5196
5196
5196
5197
5197
5197
5197
5197
5196
5196
5196
5196
5191
5191
5191
5191
5192
5193
5193
5193
5193
5193
5192
5192
5192
5192
5192
5191
5192
5192
5191
5191
5196
5196
5196
5196
5196
5196
5196
5196
5196
5196
5196
5196
5196
5196
5196
5196
5196
5196
5196
5196
5196
5196
5196
5196
5196
5197
5197
5197
5197
5197
5197
5197
5197
5197
5197
5197
5197
5197
5197
5197
5197
5196
5196
5196
5196
5196
5196
5196
5196
5196
5196
5196
5196
5196
5196
5196
5196
5197
5197
5197
5192
5192
5197
5198
5198
5198
5198
5198
5198
5198
5198
5198
5198
5198
5198
5198
5198
5198
5198
5193
5192
5192
5192
5192
5192
5192
5192
5193
5198
5198
5197
5197
5197
5197
5197
5197
5197
5197
5197
5197
5197
5197
5198
5198
5198
5198
5197
5197
5197
5197
5197
5197
5197
5197
5197
5197
5197
5197
5197
5196
5196
5196
5196
5196
5196
5197
5197
5198
5198
5198
5198
5198
5198
5198
5198
5198
5198
5198
5197
5197
5197
5197
5197
5197
5197
5197
5198
5198
5198
5198
5197
5197
5197
5197
5197
5197
5197
5197
5197
5197
5197
5197
5197
5197
5196
5196
5196
5196
5196
5196
5196
5196
5196
5196
5196
5196
5196
5196
5196
5196
5196
5196
5196
5196
5191
5191
5191
5192
5191
5191
5192
5192
5192
5192
5192
5192
5191
5192
5192
5191
5192
5192
5192
5191
5191
5191
5191
5191
5191
5191
5191
5191
5191
5191
5196
5196
5196
5196
5196
5196
5196
5196
5196
5197
5192
5192
5192
5192
5192
5197
5197
5197
5198
5197
5197
5197
5197
5197
5197
5197
5197
5198
5198
5198
5197
5197
5197
5197
5197
5197
5197
5197
5197
5197
5197
5197
5197
5197
5197
5197
5197
5197
5197
5197
5197
5197
5197
5197
5192
5192
5192
5192
5192
5192
5192
5192
5192
5192
5192
5192
5192
5192
5192
5192
5192
5192
5192
5192
5191
5191
5191
5191
5191
5191
5192
5192
5192
5192
5192
5192
5192
5197
5197
5196
5196
5196
5196
5197
5197
5197
5197
5197
5197
5197
5197
5197
5197
5197
5197
5197
5196
5196
5197
5197
5197
5197
5197
5197
5197
5197
5197
5197
5197
5197
5197
5196
5196
5196
5196
5196
5196
5196
5196
5196
5197
5197
5197
5197
5197
5197
5197
5197
5197
5196
5196
5196
5196
5196
5196
5196
5196
5196
5196
5196
5196
5196
5196
5196
5196
5196
5196
5197
5197
5198
5198
5198
5198
5198
5198
5198
5198
5198
5198
5198
5198
5198
5198
5198
5198
5197
5197
5197
5197
5197
5197
5197
5197
5197
5197
5197
5197
5197
5197
5197
5197
5197
5197
5197
5197
5197
5197
5197
5197
5197
5197
5197
5197
5197
5196
5196
5196
5197
5197
5197
5197
5197
5197
5192
5192
5192
5192
5192
5193
5193
5193
5193
5193
5193
5193
5193
5193
5193
5193
5193
5193
5193
5193
5193
5193
5193
5193
5192
5192
5192
5192
5193
5192
5192
5192
5193
5193
5193
5193
5193
5193
5193
5193
5193
5193
5193
5193
5193
5193
5193
5193
5198
5198
5198
5198
5198
5198
5198
5193
5193
5193
5193
5193
5193
5193
5193
5193
5193
5193
5193
5198
5198
5198
5198
5198
5198
5198
5198
5198
5198
5198
5198
5197
5198
5198
5198
5198
5198
5198
5198
5198
5197
5197
5197
5197
5197
5197
5197
5197
5197
5197
5197
5197
5197
5197
5197
5197
5197
5192
5192
5192
5192
5192
5192
5192
5192
5192
5192
5192
5197
5197
5197
5197
5197
5197
5197
5197
5197
5197
5197
5197
5197
5197
5198
5198
5198
5198
5197
5198
5198
5198
5198
5198
5198
5198
5198
5198
5198
5198
5198
5193
5193
5193
5193
5193
5193
5193
5193
5193
5193
5193
5193
5193
5193
5192
5192
5192
5192
5192
5192
5192
5192
5192
5192
5197
5197
5197
5197
5192
5192
5192
5192
5192
5191
5191
5191
5191
5191
5191
5191
5191
5191
5191
5191
5191
5196
5196
5196
5196
5196
5196
5196
5196
5196
5196
5196
5196
5197
5197
5197
5197
5197
5197
5197
5197
5197
5197
5197
5197
5197
5197
5196
5196
5196
5196
5196
5197
5197
5197
5197
5197
5197
5197
5197
5197
5197
5197
5197
5197
5197
5198
5198
5198
5198
5198
5198
5198
5197
5198
5198
5198
5198
5198
5198
5198
5198
5198
5198
5198
5198
5198
5198
5198
5198
5198
5198
5198
5197
5197
5197
5197
5197
5197
5197
5197
5197
5197
5197
5198
5198
5198
5198
5197
5197
5197
5198
5198
5198
5198
5198
5197
5197
5197
5197
5197
5197
5197
5197
5197
5197
5197
5197
5197
5197
5197
5197
5197
5197
5197
5197
5196
5196
5196
5196
5196
5196
5196
5196
5196
5196
5196
5196
5196
5196
5196
5196
5196
5196
5196
5196
5196
5196
5196
5196
5196
5196
5197
5197
5197
5197
5197
5197
5197
5197
5197
5197
5197
5192
5192
5192
5192
5192
5192
5192
5192
5191
5191
5191
5191
5191
5191
5191
5191
5191
5191
5191
5191
5191
5191
5191
5191
5191
5191
5191
5191
5191
5191
5191
5191
5191
5191
5191
5196
5196
5196
5196
5196
5196
5197
5197
5197
5197
5197
5197
5197
5197
5197
5197
5197
5197
5197
5197
5197
5197
5197
5192
5192
5192
5192
5192
5192
5192
5192
5192
5192
5192
5192
5192
5192
5192
5192
5192
5192
5191
5191
5196
5196
5197
5198
5198
5198
5198
5198
5198
5198
5198
5198
5197
5197
5197
5197
5197
5197
5197
5197
5197
5197
5197
5197
5197
5197
5197
5197
5197
5197
5197
5197
5197
5196
5196
5196
5196
5196
5196
5196
5196
5196
5196
5196
5191
5191
5191
5191
5191
5191
5191
5191
5191
5191
5191
5191
5196
5196
5196
5196
5196
5196
5196
5196
5196
5196
5197
5197
5197
5197
5197
5197
5197
5197
5197
5197
5197
5197
5197
5197
5197
5198
5198
5198
5198
5198
5198
5198
5198
5198
5198
5198
5193
5193
5193
5193
5193
5193
5193
5193
5193
5193
5193
5193
5193
5192
5192
5192
5192
5192
5192
5192
5192
5192
5192
5192
5192
5192
5192
5192
5192
5192
5192
5193
5193
5198
5198
5198
5198
5198
5198
5198
5198
5198
5198
5198
5198
5198
5198
5198
5197
5197
5197
5192
5192
5192
5192
5192
5193
5193
5193
5193
5193
5193
5193
5193
5193
5193
5193
5198
5198
5198
5198
5198
5198
5198
5198
5198
5198
5198
5198
5198
5198
5198
5198
5198
5198
5198
5197
5197
5197
5197
5197
5197
5197
5197
5197
5197
5197
5197
5197
5197
5197
5197
5197
5198
5198
5198
5198
5198
5198
5198
5198
5198
5197
5196
5196
5196
5196
5196
5196
5196
5196
5196
5196
5196
5196
5196
5196
5196
5196
5197
5197
5197
5198
5198
5198
5198
5198
5198
5198
5198
5197
5197
5197
5197
5197
5197
5197
5197
5197
5197
5197
5197
5197
5197
5197
5197
5197
5197
5197
5197
5197
5197
5197
5197
5197
5197
5197
5197
5197
5197
5197
5197
5197
5197
5197
5197
5197
5197
5197
5197
5197
5197
5197
5197
5197
5197
5197
5197
5197
5197
5197
5197
5197
5197
5197
5197
5197
5198
5198
5198
5198
5198
5198
5198
5198
5198
5198
5193
5193
5193
5193
5198
5198
5198
5198
5198
5198
5198
5198
5198
5198
5198
5197
5197
5197
5197
5197
5197
5197
5197
5197
5197
5197
5197
5197
5197
5197
5197
5197
5197
5197
5197
5197
5197
5197
5197
5197
5197
5197
5197
5197
5198
5198
5198
5197
5197
5197
5197
5197
5197
5197
5198
5198
5198
5198
5198
5198
5198
5193
5193
5192
5191
5192
5192
5192
5192
5192
5192
5192
5191
5191
5192
5192
5192
5192
5192
5192
5192
5192
5192
5192
5191
5191
5191
5191
5191
5191
5191
5191
5191
5191
5191
5191
5192
5192
5192
5192
5192
5192
5192
5192
5192
5193
5193
5193
5193
5193
5193
5193
5193
5193
5198
5198
5198
5198
5198
5198
5198
5198
5198
5198
5198
5198
5198
5198
5198
5197
5196
5196
5196
5196
5196
5197
5197
5198
5198
5198
5198
5198
5198
5198
5198
5198
5198
5198
5198
5198
5198
5197
5197
5197
5197
5197
5197
5196
5196
5196
5196
5196
5196
5196
5196
5196
5196
5196
5196
5196
5197
5197
5197
5198
5197
5197
5197
5197
5197
5197
5197
5197
5197
5197
5197
5197
5197
5197
5197
5197
5197
5197
5197
5197
5197
5197
5197
5197
5197
5197
5197
5197
5198
5198
5198
5198
5198
5171
5171
5198
5198
5198
5198
5198
5198
5198
5198
5197
5198
5198
5198
5198
5198
5197
5192
5192
5192
5192
5192
5192
5192
5192
5192
5192
5197
5197
5197
5197
5197
5197
5197
5197
5197
5197
5197
5197
5197
5197
5197
5197
5197
5197
5197
5197
5197
5197
5197
5197
5197
5192
5192
5192
5192
5192
5192
5192
5192
5192
5192
5192
5192
5192
5192
5192
5192
5192
5192
5192
5192
5192
5192
5192
5197
5197
5197
5197
5197
5197
5197
5197
5197
5197
5197
5198
5198
5198
5198
5198
5198
5198
5198
5198
5198
5198
5198
5198
5198
5198
5198
5198
5198
5198
5198
5198
5197
5197
5197
5197
5197
5197
5197
5197
5197
5197
5197
5197
5197
5197
5197
5197
5197
5197
5197
5197
5197
5197
5197
5197
5197
5197
5197
5198
5198
5198
5198
5198
5198
5198
5198
5198
5198
5198
5198
5198
5197
5197
5197
5198
5198
5198
5198
5198
5198
5198
5198
5198
5198
5198
5198
5198
5198
5198
5198
5198
5198
5197
5197
5197
5197
5197
5197
5197
5197
5198
5198
5198
5198
5198
5198
5198
5198
5198
5198
5198
5198
5197
5197
5197
5197
5197
5197
5197
5197
5197
5197
5197
5197
5197
5197
5197
5197
5197
5197
5197
5197
5197
5197
5197
5197
5197
5197
5197
5197
5197
5197
5197
5197
5197
5197
5197
5196
5196
5197
5197
5197
5197
5197
5197
5197
5197
5197
5196
5196
5196
5196
5196
5196
5196
5197
5197
5197
5197
5197
5197
5197
5197
5197
5197
5197
5197
5197
5196
5196
5197
5197
5197
5197
5197
5197
5197
5197
5197
5196
5196
5196
5196
5197
5197
5197
5197
5197
5197
5197
5197
5197
5197
5197
5197
5197
5198
5198
5198
5198
5198
5198
5198
5198
5197
5197
5197
5197
5197
5197
5197
5197
5197
5197
5197
5197
5197
5197
5197
5197
5197
5197
5197
5196
5196
5196
5196
5196
5196
5197
5197
5197
5197
5197
5197
5197
5197
5197
5197
5197
5197
5197
5197
5197
5197
5197
5197
5197
5196
5196
5196
5196
5196
5196
5196
5196
5196
5197
5197
5197
5197
5197
5197
5197
5197
5197
5197
5197
5197
5197
5197
5197
5197
5197
5197
5197
5196
5196
5196
5196
5196
5196
5196
5196
5196
5196
5196
5196
5196
5196
5196
5196
5196
5196
5196
5196
5196
5196
5197
5197
5197
5197
5197
5197
5197
5197
5197
5197
5197
5198
5198
5198
5198
5198
5198
5198
5198
5198
5198
5198
5198
5198
5198
5198
5198
5198
5198
5198
5198
5198
5198
5198
5198
5198
5198
5198
5198
5198
5198
5198
5198
5198
5198
5198
5198
5198
5198
5198
5198
5198
5198
5197
5197
5197
5197
5198
5198
5198
5198
5198
5198
5198
5198
5198
5197
5196
5196
5196
5196
5196
5196
5196
5196
5196
5196
5196
5196
5196
5196
5191
5191
5191
5191
5191
5191
5192
5192
5192
5192
5192
5192
5192
5192
5192
5192
5192
5192
5192
5192
5192
5192
5192
5192
5192
5192
5192
5192
5192
5192
5192
5192
5193
5193
5193
5193
5193
5193
5193
5193
5193
5192
5192
5192
5192
5193
5193
5193
5193
5193
5193
5193
5193
5193
5193
5193
5193
5193
5193
5198
5198
5198
5198
5198
5198
5198
5198
5198
5198
5197
5197
5197
5197
5197
5197
5197
5196
5196
5196
5196
5196
5196
5191
5191
5191
5191
5191
5191
5191
5191
5191
5191
5191
5191
5191
5191
5191
5191
5192
5192
5192
5192
5192
5192
5192
5192
5192
5192
5191
5191
5191
5191
5191
5191
5191
5191
5191
5191
5192
5192
5192
5192
5192
5192
5192
5192
5192
5192
5192
5192
5193
5193
5193
5193
5193
5193
5193
5193
5193
5193
5193
5193
5193
5192
5192
5192
5192
5191
5191
5191
5191
5192
5192
5192
5192
5192
5192
5192
5192
5192
5192
5197
5197
5197
5197
5197
5197
5197
5197
5197
5197
5198
5198
5198
5198
5198
5198
5197
5197
5192
5197
5197
5197
5197
5197
5197
5197
5197
5197
5197
5197
5197
5197
5197
5197
5197
5197
5197
5197
5197
5197
5197
5197
5197
5197
5198
5197
5197
5197
5197
5197
5197
5197
5198
5198
5198
5198
5198
5198
5198
5198
5198
5198
5198
5198
5198
5198
5198
5198
5198
5198
5198
5198
5198
5198
5198
5197
5198
5198
5198
5198
5197
5197
5197
5197
5196
5197
5197
5197
5198
5198
5198
5198
5198
5198
5198
5198
5198
5198
5198
5198
5198
5198
5198
5198
5198
5198
5198
5198
5197
5197
5197
5197
5197
5197
5197
5198
5198
5198
5198
5198
5198
5198
5198
5198
5198
5197
5197
5198
5198
5198
5198
5198
5198
5198
5198
5198
5198
5198
5198
5198
5198
5198
5198
5198
5198
5198
5197
5197
5197
5198
5198
5197
5197
5197
5197
5197
5197
5197
5197
5197
5197
5197
5197
5197
5197
5197
5197
5197
5197
5197
5197
5197
5197
5197
5197
5197
5197
5198
5198
5198
5198
5198
5198
5198
5198
5198
5198
5198
5198
5198
5198
5198
5198
5197
5197
5198
5198
5198
5198
5198
5198
5198
5198
5198
5198
5197
5197
5197
5197
5197
5197
5197
5197
5197
5197
5197
5197
5197
5197
5197
5197
5197
5197
5197
5197
5197
5197
5198
5198
5198
5198
5198
5198
5198
5198
5198
5198
5198
5198
5198
5198
5198
5198
5198
5197
5197
5197
5197
5197
5197
5197
5197
5197
5197
5197
5197
5197
5197
5197
5197
5197
5197
5197
5197
5197
5197
5197
5197
5197
5197
5197
5198
5198
5198
5198
5198
5198
5198
5198
5198
5198
5198
5198
5198
5198
5198
5198
5198
5198
5198
5198
5198
5198
5198
5198
5198
5198
5198
5198
5198
5198
5198
5197
5197
5197
5197
5197
5197
5197
5197
5197
5197
5197
5198
5198
5198
5198
5198
5198
5198
5198
5198
5198
5197
5198
5198
5198
5198
5198
5198
5198
5198
5198
5198
5198
5198
5198
5198
5198
5198
5198
5198
5198
5198
5198
5198
5198
5198
5198
5198
5198
5198
5198
5198
5197
5197
5196
5196
5196
5196
5196
5196
5196
5196
5196
5196
5197
5197
5197
5197
5197
5197
5197
5197
5197
5197
5197
5197
5197
5197
5197
5197
5197
5197
5197
5197
5197
5197
5197
5197
5197
5198
5198
5198
5198
5198
5198
5198
5198
5198
5198
5198
5198
5198
5198
5197
5197
5197
5197
5197
5197
5197
5197
5197
5197
5197
5197
5197
5197
5197
5197
5197
5197
5196
5196
5197
5197
5197
5198
5197
5197
5197
5197
5197
5197
5197
5197
5197
5197
5197
5197
5197
5197
5197
5197
5197
5197
5197
5197
5197
5197
5197
5197
5197
5197
5198
5198
5198
5198
5198
5198
5198
5198
5198
5198
5198
5198
5198
5198
5198
5198
5198
5198
5198
5197
5198
5198
5197
5197
5197
5198
5198
5198
5198
5198
5198
5197
5196
5196
5191
5192
5192
5192
5192
5192
5192
5193
5193
5193
5193
5193
5193
5193
5192
5192
5192
5192
5192
5192
5192
5192
5193
5193
5193
5193
5193
5193
5192
5192
5192
5192
5192
5192
5192
5192
5192
5192
5192
5192
5192
5192
5192
5192
5192
5192
5192
5192
5192
5193
5193
5193
5193
5193
5193
5193
5193
5193
5193
5193
5193
5198
5198
5197
5197
5197
5197
5197
5197
5197
5197
5197
5197
5197
5197
5197
5197
5198
5198
5198
5198
5198
5198
5198
5198
5198
5198
5198
5198
5198
5198
5198
5198
5198
5198
5198
5198
5198
5198
5197
5197
5197
5197
5197
5197
5197
5197
5197
5198
5198
5198
5198
5198
5198
5198
5197
5197
5197
5197
5197
5197
5197
5197
5197
5197
5197
5197
5197
5198
5198
5198
5198
5198
5197
5197
5197
5197
5197
5197
5197
5197
5198
5198
5198
5198
5198
5198
5198
5198
5198
5198
5198
5198
5198
5198
5198
5198
5198
5198
5198
5198
5198
5198
5198
5198
5198
5198
5198
5198
5198
5198
5198
5198
5198
5198
5198
5197
5197
5197
5196
5196
5196
5196
5196
5196
5196
5196
5191
5191
5191
5191
5191
5191
5191
5191
5191
5191
5191
5192
5192
5192
5192
5192
5192
5192
5197
5197
5197
5197
5197
5197
5197
5197
5197
5197
5197
5197
5197
5197
5197
5197
5197
5197
5197
5197
5197
5197
5197
5197
5197
5197
5197
5197
5197
5197
5197
5197
5197
5197
5198
5198
5198
5198
5198
5198
5198
5198
5198
5198
5198
5198
5198
5198
5198
5198
5198
5198
5198
5198
5198
5198
5198
5198
5198
5198
5198
5198
5198
5198
5198
5198
5197
5197
5197
5197
5197
5197
5197
5198
5198
5198
5198
5198
5198
5198
5198
5198
5198
5198
5198
5198
5198
5198
5197
5198
5198
5198
5197
5197
5197
5197
5197
5197
5197
5197
5197
5197
5197
5198
5198
5198
5198
5198
5198
5198
5198
5198
5198
5198
5198
5198
5198
5198
5198
5198
5197
5197
5197
5196
5197
5197
5197
5197
5197
5197
5197
5197
5197
5197
5197
5197
5197
5197
5197
5197
5197
5197
5197
5197
5197
5198
5198
5197
5197
5197
5197
5197
5197
5197
5197
5197
5197
5197
5197
5197
5197
5197
5197
5197
5197
5197
5197
5197
5197
5197
5198
5198
5198
5198
5198
5198
5198
5198
5198
5198
5198
5198
5198
5198
5198
5198
5198
5198
5198
5198
5198
5198
5198
5198
5198
5198
5198
5198
5198
5198
5198
5198
5198
5198
5198
5198
5198
5198
5198
5198
5198
5198
5198
5198
5198
5198
5198
5198
5198
5198
5198
5198
5198
5198
5198
5198
5198
5198
5198
5198
5198
5197
5197
5197
5198
5198
5198
5198
5198
5198
5198
5198
5198
5198
5197
5198
5198
5198
5198
5198
5198
5198
5198
5198
5198
5198
5198
5198
5198
5198
5198
5198
5198
5198
5198
5198
5198
5198
5198
5198
5198
5198
5198
5198
5198
5198
5198
5198
5198
5198
5198
5198
5198
5198
5198
5198
5198
5198
5197
5197
5197
5197
5197
5197
5197
5197
5197
5197
5197
5197
5197
5197
5197
5197
5197
5197
5197
5198
5198
5198
5198
5198
5198
5198
5198
5198
5198
5198
5198
5198
5197
5197
5197
5197
5197
5197
5197
5196
5196
5196
5196
5196
5196
5196
5196
5196
5196
5196
5196
5196
5196
5196
5196
5196
5196
5196
5196
5196
5197
5197
5197
5197
5198
5198
5198
5198
5198
5198
5198
5198
5198
5198
5198
5198
5198
5198
5198
5198
5198
5198
5198
5198
5198
5198
5198
5198
5198
5198
5198
5198
5198
5198
5198
5198
5198
5198
5198
5198
5198
5198
5198
5198
5198
5198
5198
5198
5198
5198
5198
5198
5198
5198
5198
5198
5198
5198
5198
5197
5197
5197
5197
5197
5197
5197
5197
5197
5197
5197
5197
5197
5197
5197
5197
5197
5197
5197
5197
5197
5197
5198
5198
5198
5197
5198
5198
5198
5198
5198
5198
5198
5198
5197
5197
5197
5197
5197
5197
5197
5197
5198
5197
5197
5197
5198
5198
5198
5197
5197
5197
5197
5197
5197
5197
5197
5197
5197
5197
5197
5197
5197
5197
5197
5197
5198
5198
5198
5198
5198
5198
5198
5198
5198
5198
5198
5198
5198
5198
5198
5198
5198
5198
5198
5198
5198
5198
5198
5198
5198
5197
5197
5197
5197
5197
5197
5197
5197
5197
5197
5197
5197
5197
5198
5198
5198
5198
5198
5198
5198
5198
5198
5198
5198
5198
5198
5198
5198
5198
5198
5198
5198
5198
5198
5198
5198
5198
5198
5198
5198
5198
5198
5198
5198
5198
5198
5198
5198
5198
5198
5198
5198
5198
5198
5198
5198
5198
5198
5198
5198
5198
5198
5198
5198
5198
5198
5198
5198
5198
5198
5198
5198
5198
5198
5198
5198
5198
5198
5198
5198
5198
5198
5198
5198
5198
5198
5198
5198
5198
5198
5198
5198
5198
5198
5198
5198
5198
5198
5198
5198
5198
5198
5198
5198
5198
5198
5198
5198
5198
5197
5197
5197
5197
5197
5197
5197
5197
5197
5198
5198
5198
5198
5198
5198
5198
5198
5198
5198
5198
5198
5198
5198
5198
5198
5198
5198
5198
5198
5198
5198
5198
5198
5198
5198
5198
5198
5198
5198
5198
5198
5198
5198
5198
5198
5198
5198
5198
5198
5198
5198
5198
5198
5198
5198
5198
5198
5198
5198
5198
5198
5198
5198
5198
5198
5198
5198
5198
5198
5198
5198
5198
5198
5198
5198
5198
5198
5198
5198
5198
5198
5198
5198
5198
5198
5198
5198
5198
5198
5198
5198
5198
5198
5198
5198
5198
5198
5198
5198
5198
5198
5198
5198
5198
5198
5198
5197
5197
5197
5198
5197
5197
5197
5197
5197
5197
5198
5198
5198
5198
5198
5198
5198
5198
5198
5198
5198
5198
5198
5198
5198
5198
5198
5198
5198
5198
5198
5198
5198
5198
5198
5198
5198
5198
5198
5198
5198
5198
5198
5198
5198
5198
5198
5197
5197
5197
5197
5197
5198
5198
5198
5198
5198
5198
5198
5198
5198
5197
5197
5197
5197
5198
5198
5198
5198
5198
5198
5198
5198
5198
5198
5198
5198
5198
5198
5198
5198
5198
5198
5198
5198
5198
5198
5198
5198
5198
5198
5198
5198
5198
5198
5198
5198
5198
5198
5198
5198
5198
5198
5198
5198
5198
5198
5198
5198
5198
5198
5198
5198
5198
5198
5198
5198
5198
5198
5198
5198
5198
5198
5198
5198
5198
5198
5198
5198
5198
5198
5198
5198
5198
5198
5198
5198
5198
5198
5198
5198
5198
5198
5198
5198
5198
5198
5198
5198
5198
5198
5198
5198
5198
5198
5198
5198
5198
5198
5198
5198
5198
5198
5198
5198
5198
5198
5198
5198
5198
5198
5198
5198
5198
5198
5198
5198
5197
5197
5197
5197
5197
5197
5197
5198
5198
5198
5198
5198
5198
5198
5198
5198
5198
5198
5198
5198
5198
5198
5198
5198
5198
5198
5197
5197
5197
5197
5196
5196
5196
5196
5197
5197
5197
5197
5197
5197
5197
5197
5198
5198
5198
5198
5198
5198
5198
5198
5198
5198
5198
5198
5198
5198
5198
5198
5198
5198
5198
5198
5198
5198
5198
5198
5198
5198
5198
5198
5198
5198
5197
5197
5197
5197
5197
5197
5197
5197
5197
5197
5197
5197
5197
5197
5197
5197
5197
5197
5197
5197
5197
5197
5197
5197
5197
5198
5198
5198
5198
5198
5198
5198
5198
5198
5198
5198
5198
5198
5198
5198
5198
5198
5198
5198
5198
5198
5198
5198
5198
5198
5198
5198
5198
5198
5198
5198
5198
5198
5198
5198
5198
5198
5198
5198
5198
5198
5198
5198
5198
5198
5198
5198
5198
5198
5198
5198
5198
5198
5198
5198
5198
5198
5198
5198
5198
5198
5198
5198
5198
5198
5198
5198
5198
5198
5198
5198
5198
5198
5198
5198
5198
5198
5198
5198
5198
5198
5198
5198
5198
5198
5198
5198
5198
5198
5198
5198
5198
5198
5198
5198
5198
5198
5198
5198
5198
5198
5198
5198
5198
5198
5198
5198
5198
5198
5198
5198
5198
5198
5198
5198
5198
5198
5198
5198
5197
5197
5197
5197
5197
5197
5197
5197
5197
5197
5197
5197
5197
5197
5197
5197
5197
5197
5197
5197
5197
5197
5197
5197
5197
5197
5197
5197
5197
5197
5197
5197
5197
5198
5198
5198
5198
5198
5198
5198
5198
5198
5198
5198
5198
5198
5198
5198
5198
5198
5198
5198
5198
5198
5198
5198
5198
5198
5198
5198
5198
5198
5198
5198
5198
5198
5198
5198
5198
5198
5198
5198
5198
5198
5198
5198
5198
5198
5198
5198
5198
5198
5198
5198
5198
5198
5198
5198
5198
5198
5198
5198
5198
5198
5198
5198
5198
5198
5198
5198
5198
5198
5198
5198
5198
5198
5198
5198
5198
5198
5198
5198
5198
5198
5198
5198
5198
5198
5198
5198
5198
5198
5198
5198
5198
5198
5197
5197
5197
5197
5197
5197
5197
5197
5197
5197
5197
5197
5197
5197
5197
5197
5197
5197
5197
5197
5197
5197
5198
5198
5198
5198
5198
5198
5198
5198
5198
5198
5198
5198
5198
5198
5198
5198
5198
5198
5198
5198
5198
5198
5198
5198
5198
5198
5198
5198
5198
5198
5198
5198
5198
5198
5198
5197
5197
5197
5197
5197
5197
5197
5197
5197
5197
5197
5197
5197
5197
5197
5197
5197
5197
5197
5197
5197
5197
5198
5198
5198
5198
5198
5198
5198
5198
5198
5198
5198
5198
5198
5198
5198
5198
5198
5198
5198
5198
5198
5198
5198
5198
5198
5198
5198
5198
5198
5198
5198
5198
5198
5198
5198
5198
5198
5198
5198
5198
5198
5198
5198
5198
5198
5198
5198
5198
5198
5198
5198
5198
5198
5198
5198
5198
5198
5198
5198
5198
5198
5198
5198
5198
5198
5198
5198
5198
5198
5198
5198
5198
5198
5197
5197
5197
5197
5197
5197
5197
5197
5197
5197
5197
5197
5197
5197
5197
5197
5198
5198
5198
5198
5198
5198
5198
5198
5198
5198
5198
5198
5198
5198
5198
5198
5198
5198
5198
5198
5198
5198
5198
5198
5198
5198
5198
5198
5198
5197
5197
5197
5197
5197
5197
5197
5197
5197
5197
5197
5197
5197
5197
5197
5197
5197
5197
5197
5197
5197
5197
5197
5197
5197
5197
5197
5197
5197
5197
5197
5197
5197
5197
5197
5197
5197
5197
5197
5197
5197
5197
5197
5197
5197
5197
5197
5197
5197
5197
5197
5197
5197
5197
5197
5197
5198
5198
5198
5198
5198
5198
5198
5198
5198
5198
5198
5198
5198
5198
5198
5198
5198
5198
5198
5198
5198
5198
5198
5198
5198
5198
5198
5198
5198
5198
5198
5198
5198
5198
5198
5198
5198
5198
5198
5198
5198
5198
5198
5198
5198
5198
5198
5198
5198
5198
5198
5198
5198
5198
5198
5198
5198
5198
5198
5198
5198
5198
5198
5198
5198
5198
5198
5198
5198
5198
5198
5198
5198
5198
5198
5198
5198
5198
5198
5198
5198
5198
5198
5198
5198
5198
5198
5198
5198
5198
5198
5198
5198
5198
5198
5198
5198
5198
5198
5198
5198
5198
5198
5198
5198
5198
5198
5198
5198
5198
5198
5198
5198
5198
5198
5198
5198
5198
5198
5198
5198
5198
5198
5197
5198
5198
5198
5198
5198
5198
5198
5198
5198
5198
5198
5198
5198
5198
5198
5198
5198
5198
5198
5198
5198
5198
5198
5198
5198
5198
5198
5198
5198
5198
5198
5198
5198
5198
5198
5198
5198
5198
5198
5198
5198
5198
5198
5198
5198
5198
5198
5198
5198
5198
5198
5198
5198
5198
5198
5198
5198
5198
5198
5198
5198
5198
5198
5198
5198
5198
5198
5198
5198
5198
5198
5198
5198
5198
5198
5198
5198
5198
5198
5198
5198
5198
5198
5198
5198
5198
5198
5198
5198
5198
5198
5198
5198
5198
5198
5198
5198
5198
5198
5198
5198
5198
5198
5198
5198
5198
5198
5198
5198
5198
5198
5198
5198
5198
5198
5198
5198
5198
5198
5198
5198
5198
5198
5198
5198
5198
5198
5198
5198
5198
5198
5198
5198
5198
5198
5198
5198
5198
5198
5198
5198
5198
5198
5198
5198
5198
5198
5198
5198
5198
5198
5198
5198
5198
5198
5198
5198
5198
5198
5198
5198
5198
5198
5198
5198
5198
5198
5198
5198
5198
5198
5198
5198
5198
5198
5198
5198
5198
5198
5198
5198
5198
5198
5198
5198
5198
5198
5198
5198
5198
5198
5198
5198
5198
5198
5198
5198
5198
5198
5198
5198
5198
5198
5198
5198
5198
5198
5198
5198
5198
5198
5198
5198
5198
5198
5198
5198
5198
5198
5198
5198
5198
5198
5198
5198
5198
5198
5198
5198
5198
5198
5198
5198
5198
5198
5198
5198
5198
5198
5198
5198
5197
5197
5197
5197
5197
5197
5197
5197
5197
5197
5197
5197
5197
5198
5198
5198
5198
5198
5198
5198
5198
5198
5198
5198
5198
5198
5198
5198
5198
5198
5198
5198
5198
5198
5198
5198
5198
5198
5198
5198
5198
5198
5198
5198
5198
5198
5198
5198
5198
5198
5198
5198
5198
5198
5198
5198
5198
5198
5198
5198
5198
5198
5198
5198
5198
5198
5198
5198
5198
5198
5198
5198
5198
5198
5198
5198
5198
5198
5198
5198
5198
5198
5198
5198
5198
5198
5198
5198
5198
5198
5198
5198
5198
5198
5198
5198
5198
5198
5198
5198
5198
5198
5198
5198
5198
5198
5198
5198
5198
5198
5198
5198
5198
5198
5198
5198
5198
5198
5198
5198
5198
5198
5198
5198
5198
5198
5198
5198
5198
5198
5198
5198
5198
5198
5198
5198
5198
5198
5198
5198
5198
5198
5198
5198
5198
5198
5198
5198
5198
5198
5198
5198
5198
5198
5198
5198
5198
5198
5198
5198
5198
5198
5198
5198
5198
5198
5198
5198
5198
5198
5198
5198
5198
5198
5198
5198
5198
5198
5198
5198
5198
5198
5198
5197
5197
5197
5197
5197
5197
5197
5197
5197
5197
5197
5197
5197
5198
5198
5198
5198
5198
5198
5198
5198
5198
5198
5198
5198
5198
5198
5198
5198
5198
5198
5198
5198
5198
5198
5198
5198
5198
5198
5198
5198
5198
5198
5198
5198
5198
5198
5198
5198
5198
5198
5198
5198
5198
5198
5198
5198
5198
5198
5198
5198
5198
5198
5198
5198
5198
5198
5198
5198
5198
5198
5198
5198
5198
5198
5198
5198
5198
5198
5198
5198
5198
5198
5198
5198
5198
5198
5198
5198
5198
5198
5198
5198
5198
5198
5198
5198
5198
5198
5198
5198
5198
5198
5198
5198
5198
5198
5198
5198
5198
5198
5198
5198
5198
5198
5198
5198
5198
5198
5198
5198
5198
5198
5198
5198
5198
5198
5198
5198
5198
5198
5198
5198
5198
5198
5198
5198
5198
5198
5198
5198
5198
5198
5198
5198
5198
5198
5198
5198
5198
5198
5198
5198
5198
5198
5198
5198
5198
5198
5198
5198
5198
5198
5198
5198
5198
5198
5198
5198
5198
5198
5198
5198
5198
5198
5198
5198
5198
5198
5198
5198
5198
5198
5198
5198
5198
5198
5198
5198
5198
5198
5198
5198
5198
5198
5198
5198
5198
5198
5198
5198
5198
5198
5198
5198
5198
5198
5198
5198
5198
5198
5198
5198
5198
5198
5198
5198
5198
5198
5198
5198
5198
5198
5198
5198
5198
5198
5198
5198
5198
5198
5198
5198
5198
5198
5198
5198
5198
5198
5198
5198
5198
5198
5198
5198
5198
5198
5198
5198
5198
5198
5198
5198
5198
5198
5198
5198
5198
5198
5198
5198
5198
5198
5198
5198
5198
5198
5198
5198
5198
5198
5198
5198
5198
5198
5198
5198
5198
5198
5198
5198
5198
5198
5198
5198
5198
5198
5198
5198
5198
5198
5198
5198
5198
5198
5198
5198
5198
5198
5198
5198
5198
5198
5198
5198
5198
5198
5198
5198
5198
5198
5198
5198
5198
5198
5198
5198
5198
5198
5198
5198
5198
5198
5198
5198
5198
5198
5198
5198
5198
