3163
3213
3545
3827
3827
4276
3944
3894
3502
3502
3762
4120
4120
4452
4552
4602
3951
4002
4394
4343
4798
4440
4390
4290
3898
3949
3667
3218
3667
3949
3949
3949
3266
3266
3215
2955
2500
3151
2702
2718
2769
3218
2834
2834
2934
2834
2884
2884
3123
2791
3474
3832
3832
3932
3916
3558
3942
4300
4301
4019
4019
4035
3586
3846
3830
4285
4567
4183
4083
4532
3970
3319
3268
3268
2986
2986
3378
3478
3086
3441
4092
3441
3341
2850
3412
3804
3904
3449
3057
3108
3390
2828
2827
3389
3150
3150
3166
3167
3167
3167
2809
3264
3004
3264
3264
2581
3072
3456
3456
3456
3456
4107
4057
4006
3746
3464
3448
3730
3729
3989
4228
3873
4205
4105
3773
3774
4132
4524
4285
4335
4667
4906
4646
4407
4458
4558
5241
5241
5241
5190
4539
4778
5038
5689
5407
5023
4461
4461
4411
4410
4461
4410
4410
4794
4436
4718
4618
4668
4177
3793
3743
3794
3794
3795
4286
4848
4516
3954
3694
4052
4052
3770
4332
4093
4375
3692
4101
4433
4449
3994
3943
3611
3662
3662
3994
3978
4217
3825
4085
4469
4469
4187
4287
4287
4742
4758
4303
3741
3741
4196
3838
4230
3970
4532
3881
3881
3390
4073
4333
4615
4615
4166
4150
3758
3757
3758
3476
3967
3967
3967
4322
4271
3588
3588
3588
4037
3937
3446
3062
3454
2892
2653
3304
3586
3970
3688
3233
3233
3916
3467
3922
3662
4020
4036
3652
4214
3882
3882
4121
3559
3543
4034
4034
4050
3595
4044
4144
4426
4758
4403
4402
4044
3595
3104
3553
3221
2812
2812
3144
3194
3454
3215
3573
2890
2941
2941
3624
3608
3276
2625
2641
2590
2540
2182
1900
1900
2551
2551
2602
3057
3296
3628
3910
3650
3318
3318
3578
3962
4453
4862
4863
4454
4403
3954
3954
3938
4387
3938
3546
3446
3855
3595
3646
4095
4095
3711
3256
2765
3327
3659
3097
3097
3552
3602
3601
3146
3637
3228
2896
3351
3352
3352
3612
3967
3916
4300
4692
4692
4692
4300
4709
4659
4710
4428
4786
4526
4071
3832
4092
4142
4141
4473
4089
3731
3471
3472
3856
3856
3524
3784
3733
3733
4188
4204
4596
5158
4898
4949
4565
4003
4387
3978
4217
4499
4499
4483
4892
4892
5454
5403
4720
4481
3919
4158
4158
4209
3927
3535
3551
3551
3833
4093
4093
3442
3442
3834
3783
3399
3117
2878
2878
2878
2469
2801
3159
2767
2867
3550
3959
3510
3155
2664
3019
3019
3018
3467
3417
3801
4292
4684
4735
4735
4735
5297
5948
5948
5564
5155
5437
4982
5437
5437
5821
6060
5569
5518
5569
5211
5620
5620
5228
4779
4763
4813
4574
4575
4243
4193
4193
3510
3459
3459
3075
3075
2620
2520
2969
3353
3369
4052
4410
4510
4152
3743
3727
3278
3610
3610
4002
4018
4376
4375
4425
4880
4522
4931
4931
5380
5025
4693
4643
4643
4643
3992
3992
3309
2925
2909
2925
2643
2251
2742
2482
2033
1471
1522
2173
2173
2528
2886
3270
3271
3833
4115
4114
4114
4115
4507
4507
4746
4255
4016
4348
3956
3501
3401
3400
3450
3450
3066
3016
2607
2325
2774
2774
2874
2223
2123
2072
2122
2577
2527
2527
2195
2196
2435
2926
2926
2687
3079
3078
3338
4021
4303
4712
4712
4712
4713
4713
4952
4670
4770
4208
4208
3759
4410
4001
3901
3951
4002
3644
3153
3137
3137
3628
3137
3628
3627
3577
3859
4268
4217
3978
4028
4360
4922
5022
4567
4467
4417
4872
4923
4240
4241
4291
3959
3959
3677
3285
3617
3262
3362
3361
3643
3643
3234
3473
3191
3575
3336
3336
3691
3359
3359
3717
3667
3176
3415
3364
3364
3006
3455
3471
3880
4162
4163
4846
4846
4846
4491
4475
4474
4474
4525
4541
4490
4081
4132
4182
4673
4573
4523
4507
4507
3945
4277
4277
4278
4636
4991
4500
5062
4823
4823
4873
4872
5281
5281
4923
5315
4632
3981
3931
3981
4339
4339
3777
4460
4102
4118
4118
4118
4068
4068
4068
4118
3836
3576
3560
3560
3560
3560
3560
3561
3561
3177
2722
3004
3004
2612
2612
2612
3004
2953
2969
2560
2918
2918
3018
3278
3662
4313
4804
5259
5243
5243
5259
4904
4904
4903
4903
4853
4362
4362
4262
3579
3579
3679
4170
3812
4051
4035
4035
4035
4051
4460
4460
4460
4005
3613
3613
3353
3354
3614
4297
3888
3888
4450
4450
3799
3799
4450
4434
4792
5201
5101
5556
5556
5274
4783
5138
5138
5530
5530
5630
5630
5630
5221
4982
4998
4997
4542
4824
4466
3783
3501
3859
4314
3956
3501
4184
4235
3552
4007
4007
3445
3684
3684
3685
3034
3525
3509
3458
3867
3628
3628
3137
3137
3495
3511
4194
4433
4924
5486
5536
5536
5127
4636
4635
4635
4635
4635
4635
4073
4564
4565
4974
4714
4031
4015
4015
3566
3516
3567
3567
3112
2780
2780
2780
3229
2990
2890
2399
3082
3182
3442
3492
3492
3508
3508
3840
3485
3840
3485
3434
2751
2750
2989
2989
2989
3672
3314
3669
3314
3314
3314
3965
3949
3949
4000
3668
4026
3634
3634
3534
3634
3395
3886
4448
4464
4464
4819
4168
4168
4450
4434
4434
4079
4434
3985
3985
3985
3985
3985
4317
4333
3650
3390
3290
3290
3682
3298
3747
3986
3935
4319
4269
3937
3937
3937
3937
3937
4620
4671
4222
3983
3300
3951
4634
5089
5328
5328
5328
5277
5609
5609
5200
5200
5609
5254
4603
4863
4864
4373
3964
3948
3948
3964
3964
4064
4063
4418
4909
4517
4568
4568
4977
5369
5318
5319
5219
5319
4964
4632
4683
4683
4683
4683
4632
5283
5282
5282
5332
5333
4842
4582
4633
4533
4141
4496
4214
3830
4279
4279
3824
3824
3773
3773
4033
4315
3960
3944
3995
4379
4479
3796
3796
4251
3600
3616
3161
3812
3712
4104
4204
4204
4204
4204
3846
3746
3695
4050
4050
4049
3767
3767
4049
3767
3528
3528
3886
4168
4623
4723
4463
4463
4447
3796
3796
3812
3796
3234
2952
3514
3753
3304
3304
2895
2895
3155
3206
3106
3106
3055
2816
2816
2867
2868
2868
3551
3551
3291
3307
3257
3539
3948
4280
4264
4264
3932
3650
3982
3998
4048
4539
4539
4207
4207
4489
4489
4821
4466
4466
4465
4414
4514
4105
4156
3701
3701
3419
3774
3390
3390
3290
3290
3529
3913
4564
4514
4514
4159
3767
4159
4108
3776
3826
3826
4235
4517
4518
4973
4923
5372
5372
4988
4579
4579
4187
4187
4447
4431
4840
4890
4890
4239
4339
4339
4339
4339
4289
4340
3849
3798
4289
4681
4323
4323
4678
4677
4322
4680
4225
3965
4297
4058
4108
4108
4109
4059
4109
3660
3378
3762
3404
3664
3715
4170
4120
3437
4088
4088
4771
4209
4208
4224
4225
4225
3965
4204
4204
4204
4188
4238
4238
4138
4154
4154
3915
4273
4273
4512
4512
4794
4794
4778
4095
3711
3727
3711
3660
3660
3711
4066
4326
4342
4442
5004
4744
4389
4389
4373
3811
4260
4260
4209
4209
4209
4209
4209
3800
3518
3418
3417
3367
3649
4058
4058
3407
3407
4090
3698
4082
4474
4474
4090
4090
4350
4068
4423
4068
4118
3726
3726
4288
4339
4007
4007
4007
3956
3956
3956
3956
4607
4607
4623
4623
4905
5005
5397
5398
5398
5298
5298
5059
4777
4877
4877
5232
5471
5471
5211
5161
5161
5160
4751
5160
5210
5110
5094
5094
4736
5094
4443
3881
3897
3448
3548
3599
3599
3599
3583
3483
4045
4327
4587
4588
5239
4957
4957
4956
4717
4999
4717
4717
4718
5102
5102
5102
5434
4943
4892
4483
4765
4865
4605
4604
3921
3921
3972
4232
3840
3840
3740
3690
3690
3690
3690
3691
4140
4532
5023
5706
5351
5351
5351
4967
4575
4625
4625
4063
3781
3730
3746
4138
4493
4593
4977
4585
5147
5147
5147
4792
5201
4817
4868
5260
4851
4850
4799
5038
5038
5038
4938
5293
4802
4902
5286
5287
5287
5271
4916
4354
4354
4916
4916
4866
4866
5275
5326
5326
4968
4967
4967
5325
5680
5680
5322
5338
5338
4883
4883
5338
5338
5388
5388
4826
4434
4434
4195
4757
5115
5064
5064
5346
5346
5346
5346
5246
5246
5247
5247
4838
4838
5329
5329
4997
5329
5329
5328
5328
5328
5328
5328
5328
5278
5278
5278
5278
4923
4923
4641
3990
4382
4383
4665
5316
4958
4676
4416
3925
3925
3925
3593
3593
3593
3593
3643
3643
4052
4291
4551
4833
4833
4833
4783
5115
5115
5115
4876
4544
4544
4135
4374
4373
4373
4731
4732
4340
4390
4389
4373
3690
3430
2975
3026
2787
3470
3961
3911
4011
4011
4061
4061
4470
4825
4825
4825
4142
4143
4475
4491
4491
4082
4082
4082
3982
3982
4082
3698
3698
4153
4153
4545
4545
4495
4495
4495
4545
4544
4953
4953
4462
4107
4367
4722
4722
4440
4440
4390
5073
5074
5023
5407
5307
4656
4094
4094
4094
4745
4745
4745
4094
4585
4584
4584
4129
4584
5146
5130
5181
4690
4690
4690
4690
4690
4639
4639
4690
4706
4348
4398
4498
4114
3705
4114
4114
3722
4373
4357
4357
4639
4588
4588
4179
4537
4921
4639
3988
3988
3988
3988
3988
3728
4379
4380
4025
4025
3667
4025
4025
4076
4336
4336
4076
3393
3393
3675
4166
4426
4376
4376
3927
4376
4426
4426
5109
5109
5109
5464
5364
5756
5755
5306
5545
5306
5306
5024
4632
4177
4277
4277
3715
3455
3864
4319
4881
4830
5090
5372
5322
5322
5322
4867
4867
4867
4867
4216
4216
4217
4267
4267
3584
4039
4039
4055
4055
4055
4055
4738
4738
4722
4390
4390
4390
4406
4146
4538
4538
4538
4538
4522
4522
4521
4521
4521
4521
4471
4016
4465
4465
5116
4707
4708
4707
4315
4315
4315
4033
4084
4085
4135
4590
4850
4866
4815
4366
4758
5207
5489
5728
5727
5727
5727
5369
5319
5677
5728
5468
5468
5728
5712
5357
5358
5258
5207
4556
5207
5307
5357
5356
5356
5356
4794
5356
4673
4218
3656
4065
4065
4015
4015
4470
4486
4818
4868
5551
5269
5219
5220
5220
5502
5402
5142
5142
4903
4903
4953
4953
5192
5142
4758
4757
4807
4415
4176
4227
4227
3895
3844
4228
3946
4508
4863
4914
5153
5137
5137
4779
5061
5061
5010
5110
5126
5126
5126
5386
5370
5370
4986
4986
4986
4987
4987
4887
5219
4536
4297
4297
4980
5338
5354
5405
5405
5047
5147
5096
4445
4429
4169
4169
4527
5178
5178
5177
5193
5193
5193
5193
4542
4542
4260
4499
4500
4551
4811
4795
4304
4303
3945
4329
4329
4330
4330
4070
4070
4721
5212
5211
5211
5493
5493
4810
5202
4640
5202
5202
5202
5202
4711
4711
5202
4963
4963
4963
5321
5321
4929
4520
4912
5595
5240
5240
5595
5595
5595
5834
6094
6094
6110
6110
6110
6110
5661
6110
6110
6110
5661
5611
4960
4960
4678
4320
4320
4320
4602
4502
4552
5203
5203
5187
5136
5136
5136
5585
5601
5601
6010
5960
5568
5926
5926
5926
5927
5927
5977
5593
5593
5693
5593
5543
5527
5036
4587
5078
5078
5078
5462
5462
5462
5462
4971
5071
5520
5520
6011
6061
6061
6061
5499
6061
6112
6112
6112
6112
6112
6112
6111
5656
5324
5042
4991
4633
4633
4249
4265
4597
4879
4879
4879
5237
5238
4789
4789
4789
4550
4550
4934
4550
4550
4789
5173
5628
5628
5679
5628
6020
6020
6020
5662
5646
5646
5662
5713
5713
5030
5030
5030
5030
5030
5479
4828
4827
4827
4827
5185
4801
4469
4469
4419
4027
4027
4359
4359
4359
4359
4359
3797
3847
3847
3831
3831
4393
4393
4409
4127
4127
4127
4127
4077
4078
4077
4760
4760
5042
5042
5042
4760
4760
4760
5152
5536
5485
5485
5485
5225
4867
5518
5518
5518
5518
5569
5078
5078
4978
4978
4978
5260
5021
5512
4829
4829
4829
4830
4814
4323
3991
4482
4027
4127
4143
4475
4143
4143
4092
4352
4352
4352
4710
5042
4687
4687
5042
5281
5281
5280
5280
5280
4925
4925
4476
4831
4831
4831
4476
4931
4931
4931
4831
4831
4832
4832
4832
4832
4883
4883
4882
4882
4882
4932
4932
4441
4441
4425
4780
4396
3834
3834
3934
3883
3833
3833
3884
3884
4268
4268
4268
4268
4268
3913
4268
4830
4830
4830
4846
5295
5295
5295
5035
5036
4681
4680
4680
5363
5854
5854
5854
6114
6469
6469
6469
6085
6135
6135
5644
5644
5252
4803
4752
4753
4753
4653
4653
5144
5144
5144
5144
5195
5644
5644
6028
6420
6370
6319
6303
6303
6303
6021
5338
5078
5078
5078
4686
4736
4736
5018
5018
5278
5228
5279
5279
5279
5279
5279
5962
5513
5513
5022
5022
4762
5154
5154
5254
5745
5745
5694
5694
5745
5745
6005
6454
6454
6470
6470
6086
6086
6085
6034
6418
6418
6418
6179
6179
6229
5947
5947
5931
5982
5982
5598
5598
5598
5598
5880
5525
5880
5780
5780
5780
5780
5388
5388
5388
5388
5388
4705
4705
4705
5089
5089
5038
5038
5054
5054
5054
5293
5293
5293
4731
4731
4731
4731
4731
4831
4831
5223
4774
4758
4758
4758
4267
4829
5320
5320
5321
5321
5321
5321
4963
4963
4963
4962
4962
4607
4607
4623
4623
4623
4623
4623
4623
5306
5306
5306
4974
4975
4975
4975
5424
5374
5374
5374
5374
5374
5425
5424
5424
5424
5424
5474
5832
5832
5832
5832
5816
5832
5832
6187
6136
5854
5838
5788
6120
6120
6120
6120
5788
5788
5789
5789
5840
5391
5391
5391
5391
5391
4900
4916
4916
4915
4965
4965
4914
4914
4352
4403
4404
4853
4853
4753
4753
4703
4703
4703
4687
4303
4635
4635
4735
4280
4020
4020
4582
4531
4176
3937
4321
3929
3928
3929
3929
3929
3929
4189
4544
5035
5035
4677
4727
4726
5084
4675
4675
4675
4675
4675
4675
5067
4683
4683
4683
4683
4699
4699
5154
4796
5035
4473
4373
4757
5039
5039
4707
4707
4315
4315
4299
4657
4397
4448
4448
4090
4090
4499
4217
4779
4779
4779
5111
5111
5371
5371
5763
5763
5763
5763
5763
5764
5764
5764
5764
5864
5814
5422
5704
5465
5465
5205
5105
5104
5104
5053
5053
5313
5313
5313
5552
5652
5652
5652
5652
6010
6061
6061
6077
6077
5977
5977
5977
5522
5522
5522
5522
5522
5506
5506
5506
5506
5522
5522
5522
5523
5523
5191
5191
5191
5191
5191
5523
5978
5978
5978
5927
5927
5688
5688
5688
5688
5233
5283
4951
4950
4950
5001
5101
4841
4841
4841
4841
4841
5233
5233
5217
5217
5217
5167
4718
4718
4718
4718
4718
4436
4891
4240
4240
4240
4189
4471
4471
4521
4521
4537
4986
4987
4987
4971
5622
5622
5621
5637
5637
5188
5188
5188
5188
5188
5188
5088
5088
4730
4730
4730
4714
4953
4953
5285
5285
5285
5235
5235
5495
5546
5162
5162
5162
5111
5495
5495
5511
5511
5511
5511
5511
5251
5351
4959
4959
4959
4959
5219
5203
5203
5203
5219
4764
4764
4764
4764
5122
5122
5123
5572
5572
5081
5081
5080
5535
5535
5535
5586
5586
5586
5202
5202
5202
5693
5244
5244
5193
5193
5193
5093
5093
5542
5592
5592
5332
4883
4867
4867
5316
5316
4961
4961
4679
5071
5071
5071
5122
5404
5404
5664
5764
5764
5780
5780
6164
6164
6164
6164
5673
5674
6165
6520
6519
6520
6520
6520
6136
6136
5854
5853
5593
5593
5594
5594
5594
5494
5494
5478
5862
5862
5861
5877
5638
5280
5519
5877
5422
5422
5877
5877
5877
5826
5826
5587
5537
5588
5588
5588
5870
5970
5578
5628
5346
5346
5346
5738
5738
5739
5688
5739
5739
5739
5739
5688
5672
5671
5671
5671
5931
5931
5931
5831
5831
5847
5848
5848
5848
5848
6087
5732
5348
5399
5399
5499
5499
5050
5434
5434
5434
5434
5434
4943
4943
4892
4892
4891
4891
4875
4926
4926
4926
5281
5231
5231
5231
5231
5231
5131
5131
5622
5622
5638
5738
5738
5738
5722
5671
5721
5721
5721
5772
5772
6221
5837
5786
5786
5331
5332
5331
5092
5331
5331
5331
5331
4769
4437
4337
4669
4669
4669
5124
5124
4715
4715
4815
4715
4715
4766
5175
5559
5201
5150
5150
5250
5250
5250
5250
5150
5201
5150
5150
5201
4710
4710
4318
4710
4710
4710
5201
5201
5150
5508
5559
5167
5167
5267
4912
4912
4862
5217
4762
5217
5217
5217
5217
5217
5117
5117
5117
4759
5041
5041
5399
5399
5399
5399
5499
5499
5499
5050
5050
5050
5050
5442
5442
5442
5442
5442
5458
6020
5969
5969
5969
5969
5709
5709
6158
6158
6158
5876
5876
5876
5877
5928
6210
6159
6159
6159
6159
6159
6210
6210
6110
6110
6110
6110
6160
6159
6159
5597
5857
5857
6419
6419
6368
6368
6368
6352
6020
6020
6120
6120
5765
5766
5766
5766
5782
5782
5782
5782
6137
6137
6137
6137
6469
6469
6469
6520
6520
6520
6519
6028
6028
6028
6028
5978
5978
5978
5978
5978
5978
5718
5718
5718
5718
5718
5719
5979
5979
5979
5621
5621
5229
5587
5587
5979
5979
5928
5928
5928
5928
5978
5978
5978
5977
5977
5877
5877
5877
5877
5422
5422
5422
5422
5522
5522
5573
5573
5573
5573
5573
6064
5825
5825
5825
5825
5825
5825
5263
5502
5502
5502
5502
5502
5486
5486
5436
5436
5078
5079
5641
6096
6096
6096
6096
6096
6096
5647
5647
5647
5596
5954
6004
6004
6003
6003
6054
6054
6054
6054
6070
6070
6020
5920
6020
6020
6020
6020
6020
6020
6020
6020
6020
6020
6020
6020
6020
6020
6004
6004
6004
6005
6004
6004
6004
6004
5904
5904
5665
5765
5665
5681
6130
6130
6180
6180
6180
6180
5796
6035
6035
6035
6035
6019
6019
5737
5737
5753
5737
5737
5737
5737
5737
5687
5687
5703
5703
5703
5464
5464
5746
5846
5846
5847
5847
5831
5831
5830
5830
5880
5880
5880
5830
5831
6070
6069
5737
5737
6121
6121
6121
6121
6121
6070
5678
5678
5729
5729
5729
5729
5729
6061
6061
6061
6061
6061
6061
6061
6061
6061
6061
6062
5653
5653
5653
5653
5653
5652
5652
5601
5501
5501
5601
5601
5319
5319
5370
5370
5270
5320
5320
5420
5420
4965
4965
4865
5147
5556
5556
5556
5556
5556
5556
5296
5296
5688
5688
6143
6093
6143
6143
6143
6144
6144
6144
6144
6144
6144
6160
6260
6259
6259
6259
6260
6260
6260
6259
6243
6243
6243
6243
6243
6243
6243
6192
6192
6192
6192
6192
6192
6452
6452
6452
6503
6503
6111
6111
6111
6111
6111
5829
5829
5829
5829
6221
6221
6221
6221
6221
6221
6221
6222
6171
6171
5779
5779
6061
6077
6077
6077
6077
6077
6077
5628
5628
5628
5628
5628
5628
5679
5679
5663
5663
5663
5663
5612
5562
5613
5613
5613
5613
5562
5562
5562
5954
5954
5954
5954
5954
5954
5970
5870
5870
5920
5920
5920
5920
5920
5971
5971
5971
5971
5971
5971
5971
5971
5971
6071
6071
6071
6070
6019
6019
6019
6019
6019
5780
5780
5780
5730
5781
5499
5500
5449
5449
5433
5433
5433
5433
5433
5433
5433
5433
5882
6164
6164
6163
6163
6163
6163
6214
6214
6230
6214
6214
6453
6453
6453
6214
6264
6264
6264
6264
6264
6214
6214
6214
6453
6453
5962
6012
6012
6012
6012
6012
6012
6012
6012
6013
6012
6012
6028
6028
6028
6028
6028
6028
6028
6028
5928
6419
6419
6368
6419
6419
6419
6419
6419
6419
6419
6420
6420
6420
6420
6420
6420
6420
6420
6181
6181
6181
6420
6420
6370
6370
6370
6370
6370
6420
6420
6420
6420
6420
6420
6420
6028
6028
6420
6420
6420
6420
6420
6420
6065
6065
6065
6065
6165
6165
6149
6149
6149
6049
6049
6049
6049
6049
6049
6404
6404
6404
6404
6404
5842
5842
5842
5842
5842
5842
5842
5858
5500
5499
5857
5857
5806
5906
5906
5906
5906
5906
5415
5415
5416
5416
5366
5366
5366
5366
5366
5365
5366
5350
5350
5912
5912
5912
5580
6071
6071
5509
5509
5509
5509
5509
5559
5559
5559
5558
6120
6120
6120
6136
6136
6136
6136
6136
6468
6452
6452
6452
6452
6452
6452
6452
6452
6468
6110
6110
6110
6094
6094
6094
6094
6094
6094
6095
6095
5856
6214
6214
6164
6215
6215
6265
6265
6265
6265
6265
6265
6265
6265
6265
6265
6265
6265
6265
6504
6504
6504
6504
6504
6504
6504
6504
6504
6504
6504
6520
6470
6470
6470
6470
6454
6454
6454
6470
6469
6469
6418
6418
6418
6418
6469
6369
6469
6453
6453
6453
6453
6453
6503
6503
6264
6164
6164
6164
6164
6165
6165
6165
6164
5755
5755
5755
6164
6164
6164
6164
6164
6164
6264
6264
6264
6264
6264
6264
6264
6265
6264
6264
6280
6230
6231
6230
6230
6230
6230
6130
6130
6369
6318
6318
5986
5986
6086
6086
6086
6087
6419
6419
6419
6319
6319
6319
6319
6370
6370
6370
6370
6370
6370
6370
6420
6420
6420
6420
6420
6181
6180
6164
6164
6164
6164
6164
6164
6164
6164
6164
6164
6164
6164
6164
6164
6164
6164
6164
6164
6264
6164
6180
6180
6180
6180
6419
6419
6419
6419
6419
6419
6419
6419
6403
6403
6403
6352
6352
6352
6352
6352
6352
6352
6070
6070
6070
5712
5712
5713
5713
5813
5813
5813
6095
6453
6453
6453
6453
6453
6453
6453
6453
6453
6453
6453
6453
6453
6452
6453
6453
6453
6452
6453
6453
6453
6453
6453
6453
6452
6402
6453
6453
6453
6044
5993
5993
5993
5994
5662
5662
5661
5661
5661
5661
5661
5661
5677
5661
5661
5677
5661
5661
5661
5661
5661
5661
5561
5561
5612
6021
6021
6353
6302
6302
6402
6452
6452
6452
6452
6452
6468
6468
6468
6468
6468
6468
6468
6519
6468
6468
6468
6468
6468
6468
6468
6468
6468
6452
6452
6452
6452
6452
6352
6352
6352
6352
6352
6368
6368
6368
6368
6419
6419
6369
6369
6369
6369
6369
6369
6369
6419
6419
6403
6403
6403
6403
6503
6503
6503
6503
6503
6503
6503
6503
6503
6503
6453
6453
6453
6453
6453
6453
6469
6137
6037
6037
6037
6037
5682
5682
5682
5666
5667
5667
5667
6022
6022
6021
6021
6071
6071
6071
6071
6087
6087
6087
6087
6087
6087
6087
6087
6087
6087
6087
6087
6087
6087
6037
6087
6087
6087
6087
6087
5805
5805
5905
5905
5889
5838
5599
5599
5599
5599
5599
5599
5599
5599
5599
5931
5931
5931
5931
5931
5931
5931
5931
5982
5982
5982
5982
5882
6121
6121
6221
6221
6121
6403
6403
6403
6143
6143
6144
6144
6144
6144
6144
6144
6144
6144
6144
6244
6244
6244
6244
6260
6260
6260
6260
6260
5805
5805
5805
5805
5805
5805
5805
5805
5805
5805
5805
5805
5805
5805
5805
5805
5804
5804
5804
6064
6064
6064
6064
6064
6064
6064
6064
6064
6519
6519
6519
6187
6187
6187
6187
6187
6187
6187
6187
6187
6187
6187
6187
6188
6188
6138
6138
6138
6470
6470
6470
6470
6470
6470
6520
6520
6520
6520
6165
6165
6165
6165
6165
6165
6165
6165
6165
6520
6519
6519
6519
6519
6519
6519
6519
6503
6503
6453
6454
6454
6454
6454
6453
6454
6454
6454
6454
6454
6454
6454
6454
6454
6454
6454
6454
6454
6454
6454
6403
6403
6453
6453
6403
6403
6403
6403
6403
6403
6454
6454
6454
6454
6454
6454
6454
6454
6454
6454
6454
6454
6454
6454
6454
6454
6504
6504
6504
6504
6504
6504
6504
6504
6504
6504
6504
6504
6504
6504
6504
6503
6503
6503
6503
6503
6503
6503
6403
6353
6353
6403
6352
6352
6302
6352
6352
6352
6352
6353
6071
6071
6071
6353
6369
6369
6369
6369
6369
6369
6469
6469
6469
6419
6469
6469
6369
6369
6369
6369
6369
6319
6318
6318
6319
6319
6319
6369
6353
6353
6453
6453
6453
6453
6453
6453
6453
6453
6453
6453
6453
6453
6453
6452
6452
6352
6352
6353
6353
6353
6303
6303
6303
6303
6303
6303
6302
6302
6402
6044
6044
6094
6094
6452
6452
6452
6452
6452
6452
6452
6452
6452
6352
6352
6403
6403
6403
6403
6352
6368
6368
6368
6368
6368
6368
6368
6368
6368
6368
6419
6419
6419
6159
6159
6108
6368
6368
6368
6368
6318
6318
6318
6318
6418
6418
6318
6418
6034
5774
5774
5775
6159
6159
6143
6194
6194
6194
6143
6043
6043
6143
6143
6143
6143
6143
6143
6143
6143
6193
6193
6193
6193
6193
6244
6244
6244
6504
6504
6504
6504
6454
6454
6454
6454
6454
6454
6454
6454
6454
6454
6454
6454
6454
6454
6454
6453
6453
6453
6469
6469
6469
6469
6469
6469
6469
6469
6469
6469
6469
6469
6469
6469
6453
6453
6453
6453
6453
6453
6453
6453
6453
6453
6453
6453
6453
6453
6454
6454
6454
6454
6454
6454
6454
6504
6504
6504
6504
6504
6503
6503
6503
6503
6503
6503
6503
6503
6503
6503
6503
6503
6503
6403
6403
6503
6503
6503
6503
6503
6503
6503
6403
6419
6419
6419
6419
6419
6419
6419
6419
6419
6519
6520
6519
6519
6519
6519
6520
6520
6520
6520
6520
6520
6520
6520
6520
6520
6520
6520
6520
6520
6520
6520
6420
6420
6420
6420
6420
6420
6419
6420
6420
6420
6420
6420
6420
6420
6420
6404
6404
6404
6404
6403
6419
6519
6519
6519
6519
6468
6468
6469
6469
6469
6469
6469
6469
6469
6469
6453
6453
6453
6453
6469
6469
6469
6469
6469
6469
6469
6469
6469
6453
6453
6504
6504
6504
6504
6504
6504
6504
6504
6504
6504
6504
6504
6504
6504
6504
6503
6503
6519
6519
6519
6519
6469
6469
6453
6454
6504
6504
6504
6504
6504
6504
6503
6503
6452
6452
6452
6452
6453
6453
6214
6214
6214
6164
6164
6164
6164
6164
6164
6164
6164
6164
6403
6403
6403
6403
6403
6403
6403
6403
6403
6403
6403
6403
6403
6453
6453
6453
6452
6452
6452
6452
6452
6452
6452
6452
6452
6452
6452
6452
6452
6468
6468
6468
6468
6468
6468
6468
6468
6468
6468
6468
6468
6519
6519
6519
6519
6519
6519
6519
6519
6519
6519
6520
6520
6520
6520
6520
6520
6520
6520
6520
6520
6519
6419
6419
6420
6420
6420
6420
6420
6420
6420
6420
6420
6420
6520
6520
6520
6520
6520
6520
6520
6520
6520
6520
6520
6520
6520
6520
6520
6520
6520
6520
6520
6520
6520
6520
6520
6520
6520
6520
6520
6520
6520
6520
6520
6470
6470
6470
6469
6469
6519
6520
6520
6520
6520
6520
6520
6520
6520
6520
6520
6470
6470
6470
6470
6470
6470
6470
6470
6520
6520
6520
6504
6504
6504
6504
6504
6504
6504
6504
6504
6504
6504
6504
6504
6503
6503
6503
6519
6503
6503
6503
6503
6403
6403
6403
6419
6419
6403
6403
6404
6404
6404
6403
6403
6403
6403
6403
6403
6419
6419
6419
6419
6403
6404
6354
6353
6353
6353
6353
6354
6354
6354
6354
6354
6354
6370
6370
6369
6353
6353
6353
6353
6353
6353
6369
6318
6058
6058
6158
6158
6142
6158
6158
6158
6158
6418
6418
6418
6418
6418
6418
6418
6318
6318
6318
6318
6318
6319
6319
6319
6319
6419
6419
6419
6419
6470
6470
6470
6470
6470
6470
6470
6470
6470
6470
6520
6520
6520
6520
6520
6520
6520
6504
6504
6504
6504
6520
6520
6520
6520
6520
6520
6520
6520
6519
6503
6403
6403
6403
6403
6403
6403
6352
6352
6352
6352
6352
6352
6352
6352
6352
6352
6352
6352
6352
6352
6352
6352
6352
6352
6352
6353
6353
6353
6353
6353
6352
6452
6452
6452
6452
6452
6452
6452
6452
6452
6402
6402
6402
6453
6503
6503
6503
6452
6468
6519
6519
6519
6520
6520
6520
6470
6470
6470
6520
6520
6520
6520
6520
6520
6519
6519
6519
6519
6503
6503
6503
6453
6453
6453
6453
6453
6453
6453
6453
6453
6453
6469
6469
6453
6453
6453
6469
6469
6469
6469
6469
6469
6469
6469
6469
6469
6469
6469
6469
6469
6469
6469
6469
6469
6114
6114
6114
6114
6114
6114
6114
6114
6114
6114
6164
6164
6164
6164
6164
6164
6164
6164
6164
6164
6148
6148
6148
6148
6148
6148
6148
6148
6148
6148
6097
6097
6098
6114
6469
6469
6469
6469
6520
6520
6520
6520
6520
6520
6520
6520
6520
6520
6520
6520
6520
6520
6520
6520
6520
6519
6519
6519
6519
6469
6469
6469
6469
6453
6453
6402
6452
6452
6453
6453
6453
6453
6452
6452
6452
6452
6452
6452
6452
6452
6452
6468
6468
6468
6468
6468
6468
6468
6468
6468
6468
6468
6468
6468
6468
6468
6468
6468
6519
6519
6520
6420
6420
6419
6419
6419
6420
6420
6420
6420
6420
6420
6420
6420
6420
6420
6420
6420
6420
6420
6420
6404
6404
6404
6404
6353
6453
6453
6452
6452
6468
6468
6468
6468
6468
6468
6468
6468
6468
6468
6468
6452
6452
6452
6468
6519
6519
6519
6519
6519
6469
6469
6469
6469
6469
6469
6469
6470
6469
6519
6469
6469
6469
6469
6469
6418
6418
6419
6419
6419
6419
6419
6470
6470
6470
6470
6470
6469
6519
6503
6503
6503
6503
6519
6519
6519
6519
6519
6519
6519
6519
6519
6519
6520
6520
6520
6520
6520
6469
6469
6469
6469
6469
6469
6469
6469
6469
6469
6419
6419
6470
6470
6470
6470
6470
6470
6470
6470
6470
6469
6469
6519
6519
6519
6519
6519
6519
6519
6519
6519
6519
6519
6519
6519
6519
6519
6520
6520
6520
6520
6520
6520
6520
6520
6520
6520
6519
6519
6519
6519
6519
6519
6519
6468
6519
6519
6519
6519
6519
6519
6503
6503
6503
6503
6503
6503
6504
6504
6504
6504
6504
6504
6504
6504
6504
6520
6520
6520
6520
6520
6520
6520
6520
6520
6470
6470
6470
6470
6470
6470
6470
6419
6419
6419
6419
6419
6419
6419
6419
6419
6469
6469
6468
6468
6468
6469
6469
6469
6469
6469
6468
6468
6468
6468
6468
6469
6469
6469
6469
6469
6469
6469
6469
6469
6469
6469
6469
6469
6469
6469
6469
6469
6469
6469
6520
6520
6520
6520
6520
6504
6504
6504
6504
6504
6504
6503
6503
6503
6503
6403
6403
6403
6403
6403
6403
6403
6419
6419
6419
6419
6419
6369
6369
6369
6369
6369
6369
6369
6369
6370
6370
6370
6370
6470
6470
6470
6470
6470
6469
6469
6469
6469
6469
6469
6453
6453
6453
6454
6454
6454
6454
6454
6454
6454
6454
6454
6454
6454
6453
6453
6453
6453
6453
6469
6469
6470
6470
6470
6470
6470
6454
6454
6454
6454
6454
6453
6503
6503
6503
6403
6403
6403
6403
6403
6403
6404
6404
6404
6404
6404
6404
6404
6404
6404
6404
6404
6404
6404
6353
6353
6353
6353
6353
6353
6353
6353
6353
6353
6353
6404
6404
6404
6404
6420
6420
6419
6419
6419
6419
6419
6419
6419
6419
6420
6420
6404
6404
6404
6404
6420
6420
6420
6420
6420
6420
6420
6520
6520
6520
6520
6520
6520
6520
6520
6519
6519
6519
6519
6519
6519
6503
6503
6503
6503
6503
6403
6403
6403
6403
6403
6403
6403
6403
6403
6419
6419
6419
6419
6419
6419
6419
6419
6419
6419
6419
6419
6419
6519
6519
6519
6519
6520
6520
6520
6520
6520
6520
6520
6504
6504
6504
6504
6520
6520
6520
6520
6520
6520
6520
6520
6520
6520
6520
6520
6519
6519
6519
6519
6519
6519
6519
6520
6520
6520
6520
6470
6469
6469
6469
6469
6519
6519
6519
6519
6519
6519
6519
6519
6519
6519
6519
6519
6519
6519
6519
6519
6519
6519
6519
6519
6519
6519
6519
6519
6519
6519
6519
6519
6519
6503
6503
6503
6503
6503
6519
6519
6519
6519
6519
6519
6519
6519
6519
6519
6520
6519
6519
6519
6519
6519
6520
6520
6520
6520
6520
6520
6520
6520
6520
6519
6519
6519
6519
6519
6519
6519
6519
6519
6519
6519
6519
6519
6519
6519
6519
6519
6519
6519
6519
6503
6503
6504
6504
6504
6504
6504
6504
6520
6520
6520
6519
6519
6519
6519
6519
6519
6519
6519
6519
6519
6519
6519
6519
6520
6520
6520
6520
6504
6504
6504
6504
6504
6504
6504
6504
6504
6504
6504
6504
6504
6504
6504
6504
6504
6504
6453
6453
6453
6504
6504
6504
6504
6504
6504
6504
6504
6504
6504
6503
6503
6503
6503
6503
6503
6503
6519
6519
6519
6519
6519
6519
6519
6519
6419
6419
6419
6419
6419
6419
6419
6403
6403
6404
6404
6420
6420
6420
6420
6420
6420
6420
6520
6520
6520
6520
6520
6519
6519
6519
6519
6469
6469
6469
6469
6469
6469
6469
6469
6469
6469
6469
6469
6469
6469
6418
6418
6418
6418
6418
6418
6418
6418
6418
6418
6418
6418
6418
6418
6418
6402
6402
6402
6403
6403
6403
6453
6453
6453
6453
6453
6453
6453
6453
6453
6452
6452
6452
6452
6453
6453
6453
6453
6453
6453
6453
6453
6453
6469
6469
6469
6469
6469
6469
6469
6469
6469
6469
6469
6469
6469
6469
6469
6469
6469
6469
6469
6469
6469
6469
6469
6469
6469
6469
6469
6469
6469
6469
6469
6469
6469
6469
6469
6469
6469
6469
6469
6469
6469
6469
6469
6469
6520
6520
6520
6520
6520
6519
6519
6519
6519
6519
6503
6503
6519
6519
6519
6519
6519
6519
6519
6519
6519
6519
6519
6519
6519
6519
6519
6519
6519
6519
6519
6468
6452
6452
6452
6453
6453
6453
6403
6403
6403
6403
6403
6403
6419
6419
6403
6453
6453
6453
6453
6453
6453
6453
6453
6453
6453
6453
6504
6504
6504
6504
6504
6504
6504
6504
6504
6504
6504
6520
6520
6520
6520
6520
6520
6520
6520
6520
6520
6520
6520
6520
6520
6520
6519
6519
6519
6519
6519
6519
6519
6519
6519
6519
6519
6519
6519
6519
6519
6519
6519
6519
6519
6503
6519
6519
6519
6519
6503
6503
6503
6503
6503
6503
6503
6503
6503
6453
6453
6453
6453
6453
6453
6454
6454
6454
6470
6470
6520
6520
6520
6520
6520
6520
6520
6520
6520
6520
6520
6520
6520
6520
6520
6520
6504
6504
6504
6504
6504
6504
6453
6469
6469
6469
6469
6453
6453
6453
6453
6453
6453
6453
6453
6453
6452
6452
6452
6452
6452
6452
6452
6453
6453
6504
6504
6504
6504
6503
6504
6504
6504
6504
6504
6504
6504
6504
6504
6504
6504
6504
6504
6504
6504
6504
6504
6504
6504
6504
6504
6504
6504
6504
6520
6504
6504
6504
6504
6504
6504
6453
6453
6453
6453
6453
6453
6452
6503
6503
6503
6503
6503
6503
6503
6503
6519
6519
6519
6503
6503
6503
6503
6503
6503
6503
6503
6503
6519
6519
6519
6519
6519
6520
6520
6520
6520
6520
6504
6504
6504
6504
6504
6504
6453
6453
6453
6469
6469
6469
6469
6520
6520
6520
6520
6520
6520
6520
6520
6520
6520
6520
6520
6520
6520
6520
6519
6519
6519
6519
6519
6519
6519
6519
6519
6519
6519
6519
6519
6519
6519
6519
6519
6519
6519
6519
6519
6519
6519
6519
6519
6519
6519
6519
6519
6519
6520
6520
6520
6520
6520
6520
6520
6520
6520
6520
6520
6504
6504
6504
6504
6504
6504
6504
6504
6504
6504
6504
6504
6504
6520
6520
6520
6520
6520
6520
6520
6520
6520
6520
6520
6520
6520
6519
6519
6519
6519
6520
6520
6520
6520
6504
6504
6504
6504
6504
6504
6504
6504
6504
6504
6504
6504
6504
6504
6504
6504
6504
6504
6504
6504
6503
6503
6403
6403
6403
6403
6503
6503
6503
6503
6503
6503
6503
6503
6503
6503
6503
6503
6504
6504
6504
6504
6504
6504
6504
6503
6503
6503
6503
6503
6503
6503
6503
6503
6503
6503
6503
6503
6503
6503
6503
6503
6504
6504
6504
6504
6504
6504
6504
6504
6504
6504
6504
6504
6504
6504
6504
6504
6504
6504
6504
6504
6504
6504
6504
6504
6504
6504
6504
6504
6504
6504
6504
6504
6504
6520
6520
6520
6520
6520
6520
6520
6520
6520
6519
6519
6519
6520
6520
6520
6520
6520
6520
6520
6520
6520
6520
6520
6520
6520
6520
6520
6520
6520
6520
6520
6520
6520
6520
6520
6520
6520
6520
6520
6520
6520
6519
6520
6504
6504
6504
6504
6504
6504
6504
6504
6504
6504
6504
6504
6520
6520
6520
6520
6520
6520
6520
6520
6520
6520
6520
6520
6520
6520
6520
6520
6520
6520
6520
6520
6520
6520
6520
6520
6520
6520
6520
6520
6520
6520
6520
6520
6520
6520
6520
6520
6520
6469
6469
6469
6469
6469
6469
6469
6469
6469
6469
6469
6469
6469
6469
6469
6469
6469
6469
6469
6469
6469
6520
6520
6520
6520
6520
6520
6469
6469
6469
6469
6469
6469
6469
6469
6469
6469
6469
6469
6469
6469
6469
6520
6520
6520
6520
6520
6520
6520
6520
6504
6504
6504
6504
6504
6504
6504
6520
6520
6520
6520
6519
6519
6519
6519
6519
6519
6519
6503
6503
6503
6503
6503
6503
6503
6403
6419
6419
6419
6419
6419
6419
6419
6419
6419
6420
6420
6420
6420
6420
6420
6420
6420
6420
6420
6420
6420
6419
6519
6519
6519
6519
6469
6469
6469
6469
6469
6469
6519
6519
6519
6519
6519
6519
6519
6519
6519
6519
6519
6520
6520
6520
6520
6520
6520
6520
6520
6520
6520
6520
6520
6520
6520
6520
6520
6520
6520
6520
6520
6520
6520
6520
6520
6520
6520
6520
6520
6520
6520
6520
6520
6520
6520
6519
6519
6519
6519
6469
6469
6469
6469
6469
6469
6469
6469
6469
6469
6469
6469
6519
6519
6519
6519
6519
6519
6519
6519
6519
6503
6503
6403
6403
6419
6419
6419
6419
6403
6403
6403
6403
6403
6403
6403
6403
6403
6403
6403
6403
6403
6403
6403
6503
6503
6503
6503
6504
6520
6520
6520
6520
6520
6520
6520
6519
6520
6504
6504
6503
6503
6503
6403
6403
6403
6403
6403
6403
6403
6403
6403
6403
6403
6403
6403
6403
6403
6403
6403
6419
6519
6519
6519
6519
6520
6520
6520
6520
6520
6520
6519
6519
6519
6519
6519
6519
6519
6519
6519
6519
6519
6519
6519
6519
6519
6519
6519
6519
6519
6519
6519
6519
6519
6519
6519
6519
6520
6520
6520
6504
6504
6504
6504
6504
6504
6504
6504
6504
6520
6520
6520
6520
6520
6520
6520
6520
6520
6520
6520
6520
6520
6469
6469
6469
6468
6468
6468
6468
6468
6468
6468
6468
6468
6468
6519
6519
6519
6519
6519
6519
6519
6519
6519
6519
6519
6519
6519
6519
6519
6519
6519
6469
6469
6469
6469
6469
6469
6469
6469
6469
6469
6469
6469
6469
6469
6469
6469
6469
6469
6469
6469
6469
6469
6469
6469
6469
6469
6469
6519
6519
6519
6519
6519
6519
6519
6519
6519
6519
6519
6519
6519
6519
6519
6520
6520
6520
6520
6520
6520
6520
6520
6520
6520
6520
6520
6520
6520
6520
6520
6520
6520
6520
6520
6520
6520
6520
6520
6504
6504
6504
6504
6504
6504
6504
6504
6454
6454
6470
6469
6469
6469
6469
6470
6470
6470
6470
6470
6470
6470
6470
6470
6470
6470
6470
6470
6470
6470
6470
6470
6470
6520
6520
6520
6520
6520
6520
6520
6520
6520
6520
6520
6520
6520
6520
6520
6520
6520
6520
6520
6520
6520
6520
6520
6520
6520
6520
6520
6520
6520
6520
6520
6520
6520
6520
6520
6520
6520
6520
6520
6520
6520
6520
6520
6520
6520
6520
6520
6520
6520
6520
6520
6520
6520
6520
6520
6520
6520
6519
6519
6519
6519
6519
6519
6519
6520
6520
6504
6504
6504
6504
6504
6504
6520
6520
6520
6520
6520
6520
6519
6519
6519
6519
6519
6519
6519
6519
6519
6519
6519
6519
6520
6520
6520
6520
6520
6520
6520
6520
6520
6520
6520
6520
6520
6520
6520
6504
6504
6504
6504
6504
6520
6520
6520
6520
6520
6520
6520
6520
6519
6519
6519
6519
6519
6519
6519
6519
6520
6519
6519
6519
6519
6519
6519
6519
6519
6519
6519
6520
6520
6520
6520
6520
6520
6520
6520
6520
6520
6520
6520
6520
6520
6520
6520
6520
6520
6520
6520
6520
6520
6520
6520
6520
6519
6519
6519
6519
6519
6519
6519
6519
6519
6519
6519
6519
6519
6519
6519
6519
6519
6519
6519
6519
6519
6519
6519
6519
6519
6520
6520
6520
6520
6520
6520
6520
6520
6519
6519
6519
6519
6519
6519
6519
6519
6519
6520
6520
6520
6520
6519
6519
6519
6519
6520
6520
6504
6504
6504
6504
6504
6503
6503
6503
6503
6503
6519
6519
6519
6519
6519
6519
6519
6519
6519
6519
6519
6519
6519
6520
6520
6520
6520
6520
6520
6520
6520
6519
6519
6519
6519
6519
6519
6519
6519
6519
6519
6519
6519
6519
6519
6519
6519
6519
6519
6519
6519
6519
6519
6520
6520
6520
6520
6520
6520
6520
6520
6520
6520
6520
6504
6503
6503
6503
6519
6519
6520
6520
6520
6520
6520
6520
6519
6520
6520
6520
6520
6520
6520
6520
6520
6520
6520
6520
6520
6520
6519
6519
6519
6519
6519
6503
6503
6503
6503
6503
6503
6503
6519
6519
6519
6519
6519
6519
6520
6520
6520
6520
6520
6520
6520
6519
6519
6519
6519
6519
6519
6519
6519
6519
6519
6519
6519
6520
6520
6520
6520
6520
6520
6520
6520
6520
6519
6519
6519
6519
6519
6520
6520
6520
6520
6520
6520
6520
6520
6520
6520
6520
6520
6520
6520
6519
6519
6519
6519
6519
6519
6519
6519
6519
6519
6519
6519
6519
6519
6520
6520
6520
6520
6520
6520
6520
6520
6520
6520
6520
6520
6520
6520
6520
6520
6520
6520
6520
6520
6520
6520
6520
6520
6520
6520
6520
6520
6520
6520
6520
6520
6519
6519
6519
6519
6519
6519
6519
6519
6519
6519
6519
6519
6519
6519
6519
6519
6519
6519
6519
6519
6519
6519
6519
6519
6519
6519
6519
6519
6519
6519
6519
6519
6519
6519
6519
6519
6519
6519
6519
6519
6519
6519
6519
6519
6519
6519
6519
6519
6519
6519
6519
6519
6520
6519
6519
6520
6520
6520
6520
6520
6520
6520
6520
6520
6519
6519
6519
6519
6519
6519
6519
6519
6519
6519
6519
6519
6519
6519
6519
6519
6503
6403
6403
6403
6403
6403
6403
6403
6403
6403
6403
6403
6403
6403
6403
6403
6404
6404
6420
6420
6420
6420
6420
6420
6420
6420
6420
6420
6420
6420
6420
6420
6420
6420
6420
6419
6419
6419
6419
6419
6420
6420
6419
6419
6419
6419
6419
6419
6419
6369
6469
6470
6469
6469
6470
6469
6469
6469
6469
6469
6469
6469
6469
6469
6469
6469
6469
6470
6470
6470
6470
6470
6470
6470
6470
6470
6470
6470
6470
6470
6470
6470
6470
6470
6470
6470
6470
6470
6520
6520
6520
6520
6520
6520
6520
6520
6520
6520
6520
6520
6520
6520
6520
6520
6520
6520
6520
6520
6520
6520
6520
6520
6520
6520
6520
6520
6520
6520
6520
6519
6519
6519
6519
6519
6519
6519
6519
6519
6519
6519
6519
6519
6520
6520
6520
6520
6520
6520
6520
6520
6520
6520
6520
6520
6520
6520
6520
6520
6520
6520
6520
6520
6520
6520
6520
6520
6520
6520
6520
6520
6520
6520
6520
6520
6520
6520
6520
6520
6520
6520
6520
6520
6520
6520
6520
6520
6520
6520
6520
6520
6520
6520
6520
6520
6520
6520
6520
6520
6520
6520
6520
6520
6520
6520
6520
6519
6519
6519
6519
6519
6519
6519
6519
6519
6519
6519
6519
6519
6519
6519
6519
6519
6519
6519
6519
6519
6519
6520
6520
6520
6520
6520
6520
6520
6520
6520
6520
6520
6520
6520
6520
6520
6520
6520
6520
6520
6520
6520
6520
6520
6519
6519
6519
6519
6519
6519
6519
6519
6519
6519
6519
6519
6519
6519
6519
6519
6519
6519
6519
6519
6519
6519
6519
6519
6519
6519
6519
6519
6519
6519
6519
6519
6519
6519
6519
6520
6520
6520
6520
6520
6520
6520
6520
6520
6520
6520
6520
6520
6520
6520
6520
6520
6520
6520
6520
6519
6519
6519
6519
6519
6519
6519
6519
6519
6519
6519
6519
6519
6519
6519
6519
6519
6519
6519
6519
6519
6519
6519
6519
6519
6519
6519
6519
6520
6520
6519
6519
6519
6519
6519
6519
6519
6519
6520
6520
6520
6520
6520
6519
6519
6519
6519
6519
6519
6519
6519
6520
6519
6519
6519
6519
6519
6519
6519
6519
6519
6519
6519
6519
6519
6519
6519
6519
6519
6519
6519
6519
6519
6519
6519
6519
6519
6519
6519
6519
6519
6519
6519
6519
6519
6519
6519
6519
6519
6520
6520
6520
6520
6520
6520
6520
6520
6520
6520
6504
6504
6504
6504
6504
6504
6520
6520
6520
6520
6520
6520
6520
6520
6520
6520
6520
6520
6520
6520
6520
6520
6519
6519
6519
6519
6519
6519
6519
6519
6519
6519
6519
6519
6519
6519
6519
6519
6519
6519
6519
6519
6519
6520
6520
6520
6520
6520
6520
6520
6520
6520
6520
6520
6520
6520
6520
6520
6520
6520
6520
6520
6520
6520
6520
6520
6520
6520
6520
6520
6520
6520
6520
6520
6520
6520
6520
6520
6520
6520
6520
6520
6520
6520
6520
6520
6520
6520
6520
6520
6520
6520
6520
6520
6520
6520
6520
6520
6520
6520
6520
6520
6520
6520
6520
6520
6520
6520
6520
6520
6520
6520
6520
6520
6520
6520
6520
6520
6520
6520
6520
6520
6520
6520
6520
6520
6520
6520
6520
6520
6520
6520
6520
6520
6520
6520
6520
6520
6519
6519
6519
6520
6520
6520
6520
6520
6520
6520
6520
6520
6520
6520
6520
6520
6520
6520
6520
6520
6520
6520
6520
6520
6520
6520
6520
6520
6520
6520
6520
6520
6520
6520
6520
6520
6520
6520
6520
6520
6520
6520
6520
6520
6520
6520
6520
6520
6520
6520
6520
6520
6520
6520
6520
6520
6520
6520
6520
6520
6520
6520
6520
6520
6520
6520
6520
6520
6520
6520
6520
6520
6520
6520
6520
6520
6520
6520
6520
6520
6520
6520
6520
6520
6520
6520
6520
6520
6520
6520
6520
6520
6520
6520
6520
6520
6520
6520
6520
6520
6519
6519
6520
6520
6520
6520
6520
6520
6520
6520
6520
6520
6520
6520
6520
6520
6520
6520
6520
6520
6520
6520
6520
6520
6520
6520
6520
6520
6520
6520
6520
6520
6520
6520
6520
6520
6520
6520
6520
6520
6520
6520
6520
6520
6520
6520
6519
6519
6519
6520
6520
6520
6520
6520
6520
6520
6520
6520
6504
6504
6504
6504
6504
6504
6504
6504
6504
6504
6504
6503
6503
6503
6503
6504
6504
6504
6520
6520
6520
6520
6520
6520
6520
6520
6520
6520
6520
6520
6520
6520
6520
6520
6520
6520
6520
6520
6520
6520
6520
6520
6520
6520
6520
6520
6520
6520
6520
6520
6520
6520
6520
6520
6520
6520
6520
6520
6520
6520
6519
6519
6519
6519
6519
6519
6519
6519
6519
6519
6519
6519
6519
6519
6520
6520
6520
6520
6519
6519
6519
6519
6519
6519
6519
6519
6519
6519
6519
6519
6519
6519
6519
6519
6519
6519
6519
6519
6519
6519
6519
6519
6519
6520
6520
6520
6520
6520
6520
6520
6520
6520
6520
6520
6520
6520
6520
6520
6520
6520
6520
6520
6520
6520
6520
6520
6520
6520
6520
6520
6520
6520
6520
6520
6520
6520
6520
6520
6519
6519
6519
6519
6519
6519
6519
6519
6519
6519
6519
6519
6519
6519
6519
6519
6519
6519
6519
6520
6520
6520
6520
6520
6520
6520
6520
6520
6520
6520
6520
6520
6520
6520
6520
6520
6520
6520
6520
6520
6520
6520
6520
6520
6520
6520
6519
6519
6519
6519
6519
6519
6519
6519
6519
6519
6519
6519
6519
6519
6519
6519
6519
6519
6519
6519
6519
6519
6519
6519
6519
6519
6519
6519
6519
6519
6519
6519
6519
6520
6520
6520
6520
6520
6520
6520
6520
6520
6520
6520
6520
6520
6520
6520
6520
6520
6520
6520
6520
6520
6520
6520
6520
6520
6520
6520
6520
6520
6520
6520
6520
6520
6520
6520
6520
6520
6519
6519
6519
6519
6519
6519
6519
6519
6519
6519
6519
6519
6519
6519
6519
6519
6519
6519
6519
6519
6519
6519
6519
6519
6519
6519
6519
6519
6519
6519
6519
6519
6519
6519
6520
6520
6520
6520
6520
6520
6519
6520
6520
6520
6520
6520
6520
6520
6520
6520
6520
6520
6520
6520
6520
6520
6520
6520
6520
6520
6520
6520
6520
6520
6520
6519
6519
6519
6519
6519
6520
6520
6520
6520
6520
6520
6520
6520
6520
6520
6520
6520
6520
6520
6520
6520
6520
6520
6520
6520
6520
6520
6520
6520
6520
6520
6520
6520
6519
6519
6519
6519
6519
6519
6519
6519
6520
6520
6520
6520
6520
6520
6520
6520
6520
6520
6520
6520
6520
6520
6520
6520
6520
6520
6520
6520
6520
6520
6520
6520
6520
6520
6520
6520
6520
6520
6519
6519
6519
6519
6519
6519
6519
6519
6519
6519
6519
6519
6519
6520
6520
6520
6520
6520
6520
6520
6520
6520
6520
6520
6519
6519
6519
6519
6519
6519
6519
6520
6520
6520
6520
6520
6520
6520
6520
6520
6520
6520
6520
6520
6520
6520
6520
6520
6520
6520
6520
6520
6520
6520
6520
6520
6520
6520
6519
6519
6519
6519
6519
6519
6519
6519
6519
6519
6519
6519
6519
6519
6519
6519
6519
6519
6519
6519
6519
6519
6519
6519
6519
6519
6519
6519
6519
6519
6519
6519
6519
6519
6519
6519
6519
6519
6519
6519
6519
6519
6519
6519
6519
6519
6519
6519
6519
6519
6519
6519
6519
6519
6519
6519
6519
6519
6519
6519
6519
6519
6519
6519
6519
6519
6519
6519
6519
6519
6519
6519
6519
6519
6519
6519
6519
6519
6519
6519
6519
6519
6519
6519
6519
6519
6519
6519
6519
6519
6519
6519
6519
6519
6519
6519
6519
6519
6519
6519
6519
6519
6519
6519
6519
6519
6519
6519
6519
6519
6519
6519
6519
6519
6519
6519
6519
6519
6519
6519
6519
6519
6519
6520
6520
6520
6520
6520
6520
6520
6520
6520
6520
6520
6520
6520
6520
6520
6520
6520
6520
6520
6520
6520
6520
6520
6520
6520
6520
6520
6520
6520
6520
6520
6520
6520
6520
6520
6520
6520
6520
6520
6519
6519
6519
6519
6519
6519
6519
6519
6519
6519
6519
6519
6519
6519
6519
6519
6519
6520
6520
6520
6520
6520
6520
6520
6520
6520
6520
6520
6520
6520
6519
6519
6519
6519
6519
6519
6520
6520
6520
6520
6520
6520
6520
6520
6519
6519
6519
6519
6519
6520
6520
6520
6520
6520
6520
6520
6520
6520
6520
6520
6519
6520
6520
6520
6520
6520
6520
6520
6520
6520
6519
6519
6519
6520
6520
6520
6520
6520
6520
6520
6520
6520
6520
6520
6520
6519
6519
6519
6519
6519
6519
6519
6519
6519
6519
6519
6519
6519
6519
6519
6519
6519
6519
6519
6519
6519
6519
6519
6519
6519
6519
6519
6519
6519
6519
6519
6519
6519
6519
6519
6519
6519
6519
6519
6519
6519
6519
6519
6519
6519
6519
6519
6519
6519
6519
6519
6519
6519
6519
6519
6519
6519
6519
6519
6519
6519
6519
6519
6519
6519
6519
6519
6519
6519
6519
6519
6519
6519
6519
6519
6519
6519
6519
6519
6519
6520
6520
6520
6520
6520
6520
6520
6520
6520
6520
6520
6520
6520
6520
6520
6520
6520
6520
6520
6520
6520
6520
6520
6520
6520
6520
6520
6520
6520
6520
6520
6520
6520
6520
6520
6520
6519
6519
6519
6519
6519
6519
6519
6519
6519
6519
6519
6519
6519
6519
6519
6519
6519
6519
6519
6519
6519
6519
6519
6519
6519
6519
6519
6519
6519
6519
6519
6519
6519
6519
6519
6519
6519
6519
6519
6520
6520
6520
6520
6520
6520
6520
6520
6520
6520
6520
6520
6520
6520
6520
6520
6520
6520
6520
6520
6520
6520
6520
6520
6520
6520
6520
6520
6520
6520
6520
6520
6520
6520
6520
6520
6520
6520
6520
6520
6520
6520
6520
6520
6520
6520
6520
6520
6520
6520
6519
6519
6519
6519
6519
6519
6519
6519
6520
6520
6520
6520
6520
6520
6520
6520
6520
6520
6520
6520
6520
6520
6520
6520
6520
6520
6520
6520
6520
6520
6520
6520
6520
6520
6520
6520
6520
6520
6520
6520
6520
6520
6520
6520
6520
6520
6520
6519
6519
6519
6519
6520
6520
6519
6519
6519
6519
6519
6519
6519
6519
6519
6519
6519
6520
6520
6520
6520
6520
6520
6520
6520
6520
6520
6520
6520
6520
6520
6520
6520
6520
6520
6520
6520
6520
6520
6520
6520
6520
6520
6520
6520
6520
6520
6520
6520
6520
6520
6520
6520
6520
6520
6520
6520
6520
6520
6520
6520
6520
6520
6520
6520
6520
6520
6520
6520
6519
6519
6519
6519
6519
6519
6519
6519
6519
6519
6519
6519
6519
6519
6519
6519
6519
6520
6520
6520
6520
6520
6520
6520
6520
6520
6520
6520
6520
6520
6520
6520
6520
6520
6520
6520
6520
6520
6520
6520
6520
6520
6520
6520
6520
6520
6520
6520
6520
6520
6520
6520
6520
6520
6520
6520
6520
6520
6520
6520
6520
6520
6520
6520
6520
6520
6520
6520
6520
6520
6520
6520
6520
6520
6520
6520
6520
6520
6520
6520
6520
6520
6520
6520
6520
6520
6520
6520
6520
6520
6520
6520
6520
6520
6520
6520
6520
6520
6520
6520
6520
6520
6520
6520
6520
6520
6520
6520
6520
6520
6520
6520
6520
6520
6520
6520
6520
6520
6520
6520
6520
6520
6520
6520
6520
6520
6520
6520
6520
6520
6520
6520
6520
6520
6520
6520
6520
6520
6520
6519
6519
6519
6519
6519
6519
6519
6519
6519
6519
6519
6519
6520
6520
6520
6520
6520
6520
6520
6520
6520
6520
6520
6520
6520
6520
6520
6520
6520
6520
6520
6520
6520
6520
6520
6520
6520
6520
6520
6520
6520
6520
6520
6520
6520
6520
6520
6520
6520
6520
6520
6520
6520
6520
6520
6520
6520
6520
6520
6520
6520
6520
6520
6520
6520
6520
6520
6520
6520
6520
6520
6520
6520
6520
6520
6520
6520
6520
6520
6520
6520
6520
6520
6520
6520
6520
6520
6520
6520
6520
6520
6520
6520
6520
6520
6520
6519
6519
6519
6519
6519
6519
6519
6519
6519
6519
6520
6520
6520
6519
6519
6519
6519
6519
6519
6519
6519
6519
6519
6519
6519
6519
6519
6519
6519
6519
6520
6520
6520
6520
6520
6520
6520
6520
6520
6520
6520
6520
6520
6520
6520
6520
6520
6519
6519
6519
6519
6519
6519
6519
6519
6519
6519
6519
6519
6519
6519
6519
6519
6519
6519
6519
6519
6519
6519
6519
6519
6519
6519
6519
6519
6519
6520
6520
6520
6520
6520
6520
6519
6519
6520
6520
6520
6520
6520
6520
6520
6520
6520
6520
6520
6520
6520
6520
6520
6520
6520
6520
6520
6520
6520
6520
6520
6520
6520
6520
6520
6520
6520
6520
6520
6520
6520
6520
6520
6520
6520
6520
6520
6520
6520
6520
6520
6520
6520
6520
6520
6520
6520
6520
6520
6520
6520
6520
6520
6520
6520
6520
6520
6520
6520
6520
6520
6520
6520
6520
6520
6520
6520
6520
6520
6520
6520
6520
6520
6520
6520
6520
6520
6520
6520
6520
6520
6520
6520
6520
6519
6519
6519
6520
6520
6520
6520
6520
6520
6520
6520
6520
6520
6520
6520
6520
6520
6520
6520
6520
6520
6520
6520
6520
6520
6520
6520
6520
6520
6520
6520
6520
6519
6519
6519
6520
6520
6520
6520
6520
6520
6520
6520
6520
6520
6520
6520
6520
6520
6520
6520
6520
6520
6520
6520
6520
6520
6520
6520
6520
6520
6520
6520
6520
6520
6520
6520
6520
6520
6520
6520
6520
6520
6520
6520
6520
6520
6520
6520
6520
6520
6520
6520
6520
6520
6519
6519
6519
6519
6519
6519
6519
6519
6519
6519
6519
6519
6519
6519
6519
6519
6519
6519
6519
6519
6519
6519
6519
6519
6519
6519
6519
6519
6519
6519
6519
6519
6519
6519
6519
6519
6519
6519
6519
6519
6519
6519
6519
6519
6519
6519
6519
6519
6519
6519
6519
6519
6519
6519
6519
6519
6519
6519
6519
6519
6519
6519
6519
6519
6519
6519
6519
6519
6519
6519
6519
6519
6519
6519
6519
6519
6519
6519
6519
6519
6520
6520
6520
6520
6520
6520
6520
6520
6520
6520
6519
6519
6519
6519
6519
6519
6519
6519
6519
6519
6519
6519
6519
6519
6519
6519
6519
6519
6519
6519
6519
6519
6519
6519
6519
6519
6519
6519
6519
6519
6519
6519
6519
6519
6519
6519
6519
6520
6520
6520
6520
6520
6520
6520
6520
6520
6520
6520
6520
6520
6520
6520
6520
6520
6520
6520
6520
6520
6520
6520
6519
6519
6519
6519
6519
6519
6519
6519
6519
6519
6520
6520
6520
6520
6520
6520
6520
6520
6520
6520
6520
6520
6520
6520
6519
6519
6519
6519
6519
6519
6519
6520
6520
6520
6520
6520
6520
6520
6520
6520
6520
6520
6520
6520
6520
6520
6520
6519
6519
6519
6520
6520
6520
6520
6520
6520
6520
6520
6520
6520
6520
6520
6520
6520
6520
6520
6520
6520
6520
6520
6520
6520
6520
6520
6520
6520
6520
6520
6520
6520
6520
6520
6520
6520
6520
6520
6520
6520
6520
6520
6520
6520
6520
6520
6520
6520
6520
6520
6520
6520
6520
6520
6520
6520
6520
6520
6520
6519
6519
6519
6519
6519
6519
6519
6519
6519
6519
6519
6519
6519
6519
6519
6519
6519
6519
6519
6520
6520
6520
6520
6520
6520
6520
6520
6520
6520
6520
6520
6520
6520
6520
6520
6520
6520
6520
6520
6520
6520
6520
6520
6520
6519
6519
6519
6519
6519
6519
6519
6520
6520
6520
6520
6520
6520
6520
6520
6520
6520
6520
6520
6520
6520
6520
6520
6520
6520
6520
6520
6520
6520
6520
6520
6520
6520
6520
6520
6520
6520
6520
6520
6520
6520
6520
6520
6520
6520
6520
6520
6520
6520
6520
6520
6520
6520
6520
6520
6520
6520
6520
6520
6520
6520
6520
6520
6520
6520
6520
6520
6520
6520
6520
6520
6520
6520
6520
6520
6519
6519
6519
6519
6519
6519
6519
6519
6519
6519
6519
6519
6519
6519
6519
6519
6519
6519
6519
6519
6519
6519
6519
6519
6520
6520
6520
6520
6520
6520
6520
6520
6520
6520
6520
6520
6520
6520
6520
6520
6520
6520
6520
6520
6520
6520
6520
6520
6520
6520
6520
6520
6520
6520
6520
6520
6520
6520
6520
6520
6520
6520
6520
6520
6520
6520
6520
6520
6520
6520
6520
6520
6520
6520
6520
6520
6520
6520
6520
6519
6519
6519
6519
6519
6519
6519
6519
6519
6519
6519
6519
6519
6519
6519
6520
6520
6520
6520
6520
6520
6520
6520
6520
6520
6520
6520
6520
6520
6520
6520
6520
6520
6520
6520
6520
6520
6520
6520
6520
6520
6520
6520
6520
6520
6520
6520
6520
6520
6520
6520
6520
6519
6519
6519
6519
6519
6519
6519
6519
6519
6519
6519
6519
6519
6519
6519
6519
6519
6519
6519
6519
6519
6520
6520
6520
6520
6520
6520
6520
6520
6520
6520
6520
6520
6520
6520
6520
6520
6520
6520
6520
6520
6520
6520
6520
6520
6520
6519
6519
6519
6519
6519
6519
6519
6520
6520
6520
6520
6520
6520
6520
6520
6520
6520
6520
6520
6520
6520
6520
6520
6520
6520
6520
6520
6520
6520
6520
6520
6520
6520
6520
6520
6520
6520
6520
6520
6520
6520
6520
6520
6520
6520
6520
6520
6520
6520
6520
6520
6520
6520
6520
6520
6520
6520
6520
6520
6520
6520
6520
6520
6520
6520
6519
6519
6519
6519
6519
6519
6519
6519
6519
6519
6519
6519
6519
6519
6519
6519
6519
6519
6519
6519
6519
6520
6520
6520
6520
6520
6520
6520
6520
6520
6520
6520
6520
6520
6520
6520
6520
6520
6520
6520
6520
6520
6520
6520
6520
6520
6520
6520
6520
6520
6520
6520
6520
6520
6520
6520
6520
6520
6520
6520
6520
6520
6520
6520
6519
6519
6519
6519
6519
6519
6519
6519
6519
6519
6519
6519
6519
6519
6519
6519
6519
6519
6519
6519
6519
6519
6519
6519
6519
6519
6519
6519
6519
6519
6519
6519
6519
6519
6519
6519
6519
6519
6519
6519
6519
6519
6519
6519
6519
6519
6519
6520
6520
6520
6519
6519
6519
6519
6519
6519
6519
6519
6520
6520
6520
6520
6520
6520
6520
6520
6520
6520
6520
6520
6520
6520
6520
6520
6520
6520
6520
6520
6520
6519
6519
6519
6519
6519
6519
6519
6519
6519
6519
6519
6519
6519
6519
6519
6519
6519
6519
6519
6519
6519
6519
6519
6519
6519
6519
6519
6519
6519
6519
6519
6519
6519
6519
6519
6519
6519
6519
6519
6519
6519
6519
6519
6519
6519
6520
6520
6520
6520
6520
6520
6520
6520
6520
6520
6520
6520
6520
6520
6520
6520
6520
6520
6520
6520
6520
6520
6520
6520
6520
6520
6520
6520
6520
6520
6520
6520
6520
6520
6520
6520
6520
6520
6520
6520
6520
6520
6520
6520
6520
6520
6520
6520
6520
6520
6520
6520
6520
6520
6520
6520
6520
6520
6520
6520
6520
6520
6520
6520
6520
6520
6520
6520
6520
6520
6520
6520
6519
6520
6520
6520
6520
6520
6520
6520
6520
6519
6519
6519
6519
6519
6519
6519
6519
6519
6519
6519
6519
6519
6519
6519
6519
6519
6519
6519
6519
6519
6519
6519
6519
6519
6519
6519
6519
6519
6519
6519
6519
6519
6519
6519
6519
6519
6519
6519
6519
6519
6519
6519
6519
6519
6519
6519
6519
6519
6519
6520
6520
6520
6520
6520
6520
6520
6520
6520
6520
6520
6520
6520
6520
6520
6520
6520
6520
6520
6520
6520
6520
6520
6520
6520
6520
6520
6520
6520
6520
6520
6520
6520
6520
6520
6520
6520
6520
6520
6520
6520
6520
6520
6520
6520
6520
6520
6520
6520
6520
6520
6520
6520
6520
6520
6520
6520
6520
6520
6520
6520
6520
6519
6519
6519
6519
6519
6519
6519
6519
6519
6519
6519
6519
6519
6519
6519
6519
6519
6519
6519
6519
6519
6519
6519
6519
6519
6519
6519
6519
6519
6519
6519
6519
6519
6519
6519
6519
6519
6519
6519
6519
6519
6519
6519
6519
6519
6519
6519
6519
6519
6519
6519
6519
6519
6519
6519
6519
6519
6519
6520
6520
6520
6520
6520
6520
6520
6520
6520
6520
6520
6520
6520
6520
6520
6520
6520
6520
6520
6520
6520
6520
6520
6520
6520
6520
6520
6520
6520
6520
6520
6520
6520
6520
6520
6520
6520
6520
6520
6520
6520
6520
6520
6520
6520
6520
6520
6520
6520
6520
6520
6520
6520
6520
6520
6520
6520
6520
6520
6520
6520
6520
6520
6520
6520
6520
6520
6520
6520
6520
6520
6520
6520
6520
6519
6519
6519
6519
6519
6519
6519
6519
6519
6519
6519
6519
6519
6519
6519
6519
6519
6519
6519
6519
6519
6519
6519
6519
6519
6519
6519
6519
6519
6519
6519
6519
6519
6519
6519
6519
6519
6519
6520
6520
6520
6520
6520
6520
6520
6520
6520
6520
6520
6520
6520
6520
6520
6520
6520
6520
6520
6520
6520
6520
6520
6520
6520
6520
6520
6520
6520
6520
6520
6520
6520
6520
6520
6520
6520
6520
6520
6520
6520
6520
6520
6520
6520
6520
6520
6520
6520
6520
6520
6520
6520
6520
6519
6519
6519
6519
6519
6519
6519
6519
6519
6519
6519
6520
6520
6520
6520
6520
6520
6520
6520
6520
6520
6520
6520
6520
6520
6520
6520
6520
6520
6520
6520
6520
6520
6520
6520
6520
6520
6520
6520
6520
6520
6520
6520
6520
6520
6520
6520
6520
6520
6520
6520
6520
6520
6520
6520
6520
6520
6520
6520
6520
6520
6520
6520
6520
6520
6520
6520
6520
6520
6520
6520
6520
6520
6520
6520
6520
6520
6520
6520
6520
6520
6520
6520
6520
6520
6520
6520
6520
6520
6520
6520
6520
6520
6519
6519
6519
6519
6519
6519
6519
6519
6519
6519
6519
6519
6519
6519
6519
6519
6519
6519
6519
6519
6519
6519
6519
6519
6519
6519
6519
6519
6520
6520
6520
6520
6520
6520
6520
6520
6520
6520
6520
6520
6520
6520
6520
6520
6520
6520
6520
6520
6520
6520
6519
6519
6519
6519
6519
6519
6519
6519
6519
6519
6519
6519
6519
6519
6519
6519
6520
6520
6520
6520
6520
6520
6520
6520
6520
6520
6520
6520
6520
6520
6520
6520
6520
6520
6519
6520
6520
6520
6520
6520
6520
6520
6520
6520
6520
6520
6520
6520
6520
6520
6520
6520
6520
6520
6520
6520
6520
6520
6520
6520
6520
6520
6520
6520
6520
6520
6520
6520
6520
6520
6520
6520
6520
6520
6520
6520
6520
6520
6520
6520
6520
6520
6520
6520
6520
6520
6520
6519
6519
6519
6519
6520
6520
6520
6520
6520
6520
6520
6520
6520
6520
6520
6520
6520
6520
6520
6519
6519
6519
6519
6519
6519
6519
6519
6519
6519
6519
6519
6519
6519
6519
6519
6519
6519
6519
6519
6519
6519
6519
6519
6519
6519
6519
6519
6519
6519
6519
6519
6519
6519
6519
6519
6519
6519
6519
6519
6519
6519
6519
6519
6519
6519
6519
6519
6519
6519
6519
6519
6519
6519
6519
6519
6519
6519
6519
6519
6519
6519
6520
6520
6520
6520
6520
6520
6520
6519
6519
6519
6519
6519
6519
6519
6519
6519
6519
6519
6519
6519
6519
6519
6519
6519
6519
6519
6519
6519
6519
6519
6519
6519
6519
6519
6519
6520
6520
6520
6520
6520
6520
6520
6520
6520
6520
6520
6520
6520
6520
6520
6520
6520
6520
6520
6520
6520
6520
6520
6520
6520
6520
6520
6520
6520
6520
6520
6520
6520
6520
6520
6520
6520
6520
6520
6520
6520
6520
6520
6520
6520
6520
6520
6520
6520
6520
6520
6520
6520
6520
6520
6520
6520
6520
6520
6520
6520
6520
6520
6520
6520
6520
6520
6520
6520
6520
6520
6520
6520
6520
6520
6520
6520
6520
6520
6520
6520
6520
6520
6520
6520
6520
6520
6520
6520
6520
6520
6520
6520
6520
6520
6520
6520
6520
6520
6520
6520
6520
6520
6520
6520
6520
6520
6520
6520
6520
6520
6520
6520
6520
6520
6520
6520
6520
6520
6520
6520
6520
6520
6520
6520
6520
6520
6520
6520
6520
6520
6520
6520
6520
6520
6519
6519
6519
6519
6519
6519
6520
6520
6520
6520
6520
6520
6520
6520
6520
6520
6520
6520
6520
6520
6520
6520
6520
6520
6520
6520
6520
6520
6520
6520
6520
6520
6520
6520
6520
6520
6520
6520
6520
6520
6520
6520
6520
6520
6520
6520
6520
6520
6519
6519
6519
6519
6519
6519
6519
6519
6519
6519
6519
6519
6519
6519
6519
6519
6519
6519
6520
6520
6520
6520
6520
6520
6520
6520
6520
6520
6520
6520
6520
6520
6520
6520
6520
6520
6520
6520
6520
6520
6520
6520
6520
6520
6520
6520
6520
6520
6520
6520
6520
6520
6520
6520
6520
6520
6520
6520
6520
6520
6520
6520
6520
6520
6520
6520
6520
6520
6520
6520
6520
6520
6520
6520
6520
6520
6520
6520
6520
6520
6520
6520
6520
6520
6520
6520
6520
6520
6520
6520
6520
6520
6520
6520
6520
6520
6520
6520
6520
6520
6520
6520
6520
6520
6520
6520
6520
6520
6520
6520
6520
6520
6520
6520
6520
6520
6520
6520
6520
6520
6520
6520
6520
6520
6520
6520
6520
6520
6520
6520
6520
6520
6520
6520
6520
6520
6520
6520
6520
6520
6520
6520
6520
6520
6520
6520
6520
6520
6520
6520
6520
6520
6520
6520
6520
6520
6520
6520
6520
6520
6520
6520
6520
6520
6520
6520
6520
6520
6520
6520
6520
6520
6520
6520
6520
6520
6520
6520
6520
6520
6520
6520
6520
6520
6520
6520
6520
6520
6520
6520
6520
6520
6520
6520
6520
6520
6520
6520
6520
6520
6520
6520
6520
6520
6520
6520
6520
6520
6520
6520
6520
6520
6520
6520
6520
6520
6520
6520
6520
6520
6520
6520
6520
6520
6520
6520
6520
6520
6520
6520
