3809
4312
4006
4006
4006
4020
3427
3489
3489
3490
3222
3389
3657
3327
3544
3530
3624
3356
3662
3930
3930
3359
3428
3758
3772
4129
4129
4060
3843
3575
3218
3239
3308
3665
3603
4196
4258
3875
3569
2976
2619
3212
3045
2646
2683
2683
2683
3082
3350
3733
3732
3094
3057
3057
3094
2591
2808
2794
2961
2631
2610
2443
2060
1661
1991
1922
2305
2326
2340
2697
2314
2952
2735
2405
2343
2075
2474
2475
2475
2692
2371
2754
2921
3242
3221
3551
3550
3229
3298
3284
3284
3605
3911
4414
4015
3377
3776
3419
3420
3351
3351
3045
3059
3080
3080
3142
3780
4351
4021
4289
4358
4037
3534
3440
3440
3797
3580
4083
3512
3113
3092
3078
2575
2792
3191
2553
2859
3180
3751
4254
3986
3986
3665
3282
2925
2708
2541
2862
3130
3460
3139
3102
3033
3047
3430
3524
3141
3358
3715
3736
4119
4057
3789
3858
3459
2888
2888
2531
2028
2028
2599
2766
2752
2585
2647
2646
2075
2076
2007
1986
2385
2653
2652
2558
2652
3290
3611
3625
3563
3180
3537
3606
4109
4680
4680
4742
4648
5031
5031
5125
4795
4578
4579
4517
4517
4118
4104
3601
3615
3546
3189
3175
3574
3574
3741
3420
3489
3420
3441
3510
3831
3831
3737
3570
3737
3774
3836
3930
3868
4371
4701
4395
4395
4065
4065
3494
3824
3824
4041
3824
3425
3157
2564
3135
2752
2751
3108
3087
3486
4079
3486
3487
3755
3755
3425
3068
3130
3460
3192
3785
3192
3213
3144
2814
2814
2176
1777
1683
1900
2538
2632
2631
2610
2107
1786
2054
1483
1421
1490
1490
1796
1797
1491
1324
1324
1107
1428
1107
1128
1511
1128
1127
1448
1379
1546
1615
2118
1615
2208
1570
1900
2299
2299
2299
1900
2471
2472
2472
2305
2319
2676
2675
2737
2166
2804
2971
3188
3119
2789
2858
2844
3415
3415
3429
3360
3759
3722
3701
3433
3763
3669
3339
3339
3376
2977
2940
3443
3749
4079
4116
4102
3531
3600
3433
3433
4004
4272
3942
3942
3880
3523
3020
3403
3760
3854
3261
2904
2810
2872
3271
3272
3775
3706
3706
3775
3392
3392
3124
3291
3884
3822
3843
3537
3537
3216
3230
3161
3491
3274
3253
2682
2899
2968
3236
3807
3901
3887
3818
3180
3563
3396
3563
3396
3128
2535
2702
2701
2607
2607
2608
2608
2225
2239
1909
2266
2287
2356
2418
2418
2418
2061
2654
2255
2254
2255
2193
2193
2550
2550
2949
3332
2949
2935
3029
2862
2825
2862
2861
2644
2550
1957
1958
2125
2718
2718
2681
2088
2394
2088
2150
2081
2402
1899
2116
2185
2778
2709
2542
2542
2709
2708
2745
2346
2614
2920
2614
2997
2998
3067
2799
2737
2737
2831
2810
2427
3065
3333
2976
2882
2614
2043
2442
2121
2692
2754
3257
3271
2768
3271
3270
3600
3921
4227
3589
3590
3590
3553
3491
3491
4129
3912
4129
3962
3632
3962
4345
3707
3693
3372
3640
3137
2920
2919
3086
3443
4081
4082
4103
4197
3559
4197
3798
3777
3610
3609
3610
3631
3038
3038
3437
3107
3324
3917
3979
3993
4323
4322
3923
3706
3692
3693
3387
3424
3641
3547
3547
3946
3925
3888
4055
3417
3920
3590
3322
2965
2462
2819
2913
2934
3240
3178
3177
3507
3544
3558
4196
3797
4118
3797
3728
3728
3728
3728
4231
3660
3661
3929
3915
3585
3368
3437
3400
3017
2996
3213
3213
3534
3533
3570
3953
4352
4352
4031
3674
4245
4575
4307
4307
4369
4726
4726
4420
4203
4420
4421
4204
4167
4166
4072
4073
4087
4304
4398
4398
4329
4267
4329
3930
3999
3428
3427
3464
4035
3973
3590
3911
3897
4296
4227
4227
4248
3655
3618
3619
3887
3887
3619
3887
3887
3566
3063
2664
2093
2492
2554
2492
2471
2114
2114
2685
2684
2517
1946
2449
3042
3363
3042
3348
3705
3202
3585
4088
3705
3437
3437
3438
3081
3150
3533
3533
3316
2917
3488
3182
3349
3182
3181
3243
3244
3512
3512
3244
3265
2627
2984
2963
2963
2392
1799
1813
2451
2618
2618
1980
2197
1814
1597
1918
1917
1750
2321
2321
1750
1751
2134
1777
1777
1394
1987
1394
1777
2045
1662
1593
1499
1593
1592
1089
1660
1646
2239
2406
2763
2763
2669
3172
3172
2851
2851
2348
2286
2287
1716
1810
1643
2214
2852
2495
2662
3045
3548
3947
3617
3638
3471
3470
3071
3050
3356
3713
3407
2769
2936
2950
2856
3186
3507
3186
2829
2898
3297
3359
2766
3087
2584
2515
2247
1864
1865
1851
1521
1521
1521
1542
1579
1648
2005
1968
2062
2099
1778
2281
2498
2819
2725
2725
2154
2725
2326
2005
2404
1901
1995
1995
1596
1864
1864
1795
2388
2891
2891
3290
3073
2480
2863
3501
4094
4094
4094
4073
3690
3689
3652
4035
3767
3804
3804
3710
3327
2734
3040
3040
2873
2894
2537
3130
3487
3870
3870
4200
3870
3487
3450
2812
2979
2673
2102
2485
1982
1599
1600
1669
1990
1921
1859
2076
2170
1771
1604
1771
1771
1677
2315
2818
2818
2880
2974
3280
3349
3349
3328
2971
2804
2211
2568
2898
2836
2898
2592
2629
3012
2682
2681
2178
2084
2015
2109
2178
2446
2446
2384
2384
2167
2098
2497
3090
3152
3153
2770
3153
3167
3167
3473
3205
3191
3154
3725
3794
3961
3867
3867
3798
3798
3227
2589
2610
2610
2289
2383
2077
2407
2407
2476
2476
3114
2476
2979
3550
3456
3073
3011
3011
3332
3394
4032
4032
4046
4140
3741
3741
4009
3947
3984
3890
4273
4367
4273
3916
3916
3749
4106
3468
3111
3328
3007
3313
3951
3951
3882
3311
3710
3877
3494
3327
3648
3717
3779
3779
3380
3059
2791
2288
2645
2428
2428
2811
2978
3299
3516
3915
3915
3516
3915
3698
3661
3331
2738
2738
3241
3571
4164
4150
4150
4129
4128
4699
4713
4644
4582
4276
4276
4493
4514
4500
4500
4501
4538
4181
3610
2972
3041
3612
4250
3612
3626
3626
3894
4251
4557
4236
4874
4606
4585
4202
4133
4133
3562
3232
2875
2874
2837
3158
3220
3314
3697
3697
3376
3706
3068
3137
3708
3729
4086
4065
4065
4102
3935
4573
4504
4671
4341
4362
4431
4699
4700
4631
4325
3942
4011
3997
3997
3640
3640
3970
4327
4341
4724
4086
3493
3493
3424
3330
3293
3387
3708
3137
3137
2738
3309
3902
3735
3734
3231
3398
3231
3231
2910
2947
2926
2569
1998
1904
1636
2274
2275
2778
3099
3367
3366
3672
3079
3079
3173
3136
3157
3158
2890
2828
2611
2611
2611
2611
2778
2777
2139
2538
2035
1941
1941
1635
1729
2086
2589
2190
2458
3051
3030
3247
3153
3459
3459
3445
3446
3446
3446
4084
3581
4084
4084
4105
3784
3784
3617
3617
3114
2846
2846
2825
2495
2816
2178
2215
2545
2614
2284
1927
1926
1889
1820
2150
2653
2667
2284
2353
2032
2032
2300
2871
3270
3270
3053
3053
3691
3120
2617
2618
3001
3038
3100
3671
3341
3435
3765
3671
4174
4174
4137
4158
4515
4609
4608
4539
4539
4271
3678
3321
3358
3626
3243
3229
2658
2672
2273
2236
2273
2594
2951
3168
3131
2774
3345
2707
2707
2401
2387
2980
2477
2491
2492
2492
2529
2598
2330
2309
2947
2853
3159
3326
3326
3709
3708
3402
3185
3116
3079
3100
3406
3805
3212
3150
2820
2889
2506
2889
2506
2185
2402
2388
1817
1650
2153
2483
3076
3007
2504
1911
1980
1994
1688
1688
2259
1621
1552
1621
1552
2055
2056
1485
2123
2480
2863
2506
2289
2275
1945
2516
2516
2013
2334
2313
2906
2523
2791
3294
3600
3279
3662
3091
3258
3475
3489
3510
3489
3846
3447
3447
3541
3541
3324
2967
3297
3203
3560
3546
3583
3800
3763
3762
3259
3260
3093
3092
2735
3134
2917
3134
3134
3134
3134
3705
3705
3705
3705
3705
4208
4529
4529
4529
4026
4026
4095
4109
3892
3892
3299
3230
3267
2868
2869
2832
2526
2526
2563
1992
1978
2047
2404
2335
2298
2697
2718
2388
2067
1684
1416
1510
1153
1167
1334
1927
2498
3001
2980
3248
3317
2724
2723
2723
2724
2456
2456
2057
1988
2294
2293
2510
2579
2962
2391
2659
3230
2592
2592
2922
2853
2686
2380
2701
3294
3294
3331
3637
3699
4056
3839
3825
3495
3138
3101
2508
2907
2907
3237
3454
3133
3202
3108
3275
3369
2866
2866
2483
2483
2215
2483
2084
2015
2015
2608
2037
2394
2332
2332
2332
2165
2186
2200
2367
1774
1843
1749
2342
2436
2835
2872
2934
2604
2604
2590
2911
2554
2492
2423
2329
2112
2469
2531
2531
3169
3238
3239
2918
3239
2933
3027
3041
3612
3518
3449
2878
3381
3598
3277
3598
3330
3424
3754
3161
3160
2761
2544
2214
2520
2353
2924
2925
3193
3360
3743
3649
3718
3718
4048
3718
3812
3174
3812
3645
3583
3645
3624
3303
3896
3590
3807
3214
3152
2581
2512
2533
3104
3104
3103
2886
2248
2234
2303
2624
3262
2759
2738
2752
3255
3654
3255
3276
3239
2918
2955
3261
2904
3225
2587
2281
2874
2875
3232
3538
3181
2678
2740
2740
3097
3060
3227
3264
2881
2288
2671
2670
2364
2365
2671
2650
2581
2798
2530
2599
3237
3070
3338
2955
2861
2824
3154
3140
3140
3161
2944
2638
2000
1931
2237
1969
2186
2779
2873
2942
3109
3088
2921
3424
3461
3104
3104
3104
2783
2746
2529
1958
1896
2253
2420
2482
2803
2840
2247
2185
1879
2262
2530
2747
2809
2715
2736
3329
3328
3161
3092
3730
3347
3310
3404
3383
3397
3397
3397
3180
2859
2591
2897
3064
2758
3026
3047
3047
2985
2392
2461
1958
1958
1889
1889
1532
1889
1795
1796
1795
1781
1143
976
1282
1853
1915
2236
2250
2344
2250
2467
2467
2468
2251
2634
3227
3296
3282
3376
2993
3030
3030
3009
3226
3240
2910
2896
2834
2896
2896
3534
3917
3596
3763
3596
3559
3490
3184
3183
3220
3220
2649
2979
2942
2304
2304
1947
2114
1731
1731
2369
2369
2872
3255
3161
3161
3099
2882
3099
3161
3162
3733
3732
3826
3609
3610
3280
3301
3239
3569
2976
3297
2726
2725
3296
3296
2966
2799
2799
3156
3323
3055
3323
2820
2820
2437
3030
3099
2742
2756
2756
3139
3045
3045
3107
3107
3464
3107
3610
3967
3967
4004
3411
3390
3223
3816
3495
2924
3230
3161
3255
3576
3073
3011
3080
2487
2393
2072
1804
1447
2040
2397
2398
1760
1781
1767
1766
1383
1445
1446
1425
1446
2017
2184
2567
2888
3105
2938
3206
3536
3536
3268
3906
3585
3585
3906
4073
4036
3869
3652
3590
3757
3451
3513
4016
4415
4085
4023
4291
4124
4341
4320
3999
3361
3375
3542
3274
3295
3625
3893
3510
3496
3510
3509
3510
3572
3955
3362
3456
4049
4048
4034
3817
3487
3793
3626
3033
2964
2581
2224
1956
2173
2173
1774
2173
1956
1650
1588
1602
1664
1664
1665
1986
2343
2322
2489
3082
2988
2988
2987
3317
3150
3533
3801
4018
3688
3757
3540
3707
3439
3118
2735
2164
1807
1844
1782
1999
1999
2329
2686
2356
2624
2645
2645
2975
2938
2721
2364
2581
2581
2887
2581
2964
3058
3058
2989
2659
3230
2659
2659
2989
2486
2486
2103
2460
2766
3337
3337
3323
3106
3168
2575
2513
2896
2729
2346
2346
2939
3106
3489
3132
2733
2747
2726
3229
3266
3587
3804
4161
3994
4632
4618
4687
4381
3810
3811
3825
3731
3898
3305
3611
3228
2871
3228
2922
2943
2726
3125
2487
2130
2723
3294
3294
3511
3894
3323
2940
2541
2273
1770
2076
2076
2007
2275
2658
2727
2397
3035
2818
2512
2911
2512
2574
3145
3131
3094
3093
3072
3402
3402
3333
3732
3733
4039
4053
3991
3723
3085
3085
2514
2184
2755
3112
2806
2423
1830
1509
2147
2415
2414
2146
2414
2735
2804
2825
2862
3192
2862
2924
2924
3230
2962
2948
2377
2948
3042
3372
3373
3067
2998
2997
2997
2676
2676
2676
2676
2277
2277
2598
2598
2997
2976
3045
3638
3652
3673
3080
2750
3253
3184
3567
2996
2613
2592
2613
2613
2519
2736
2736
2736
3307
3090
3028
3014
3320
3320
3320
2682
2696
2964
2943
3273
3106
2535
2604
2821
3414
3197
3197
3128
2798
2761
2747
2914
2914
2914
3131
3132
3226
3797
3866
3866
3649
3648
3342
3672
3672
3169
3169
2576
2793
2436
2939
2845
3228
3228
2829
3422
2919
2940
3002
2835
2618
2618
2350
2288
2505
3143
3074
3074
3053
2670
2670
2732
3235
3329
3686
3048
3062
2845
2866
3265
3482
2889
2890
2890
2569
2952
3258
3851
3634
3634
3902
3888
3385
3002
3169
3183
2612
2829
3332
3903
3686
3624
3693
3599
3028
3065
3044
2975
3546
3608
3251
2852
2281
2281
2013
2334
2428
2334
2551
2551
2550
2513
2010
2513
2207
2207
2778
2778
3177
3010
3047
3430
3698
3377
3377
3698
3481
3698
3315
3047
2544
2613
2881
2844
2938
2939
2877
2877
2660
2660
2660
2659
3042
2973
2643
2860
3166
3669
4026
4664
4265
3944
3944
3850
3850
3836
3243
3305
2734
2517
2160
2327
2920
2614
2944
2944
2944
2965
3059
3416
3059
3128
3434
3435
3652
3485
3464
3134
3148
2510
2831
2510
2416
2347
1964
2033
2432
2033
1971
1992
2349
2349
2670
2732
2663
2446
2445
2828
2471
2472
2639
2708
2745
3144
3361
3292
2699
2698
2677
3007
3101
3101
2795
2527
2528
2514
2782
2461
2475
2475
2475
2475
2475
2381
2381
2952
2938
2938
2952
2973
2959
2560
2523
2356
2356
1853
2491
2505
2542
3135
3114
2476
2439
2760
3066
3569
2998
3355
3926
3963
3926
3995
4016
4016
4016
3748
3531
3748
3245
3748
3915
3915
4553
4553
4232
3926
3759
3542
3810
4131
4130
4130
4529
4515
4116
4117
4284
4378
4309
3671
3671
3609
4247
3926
3995
4009
4071
4002
4308
4629
4299
4205
4191
4260
3939
3939
3870
3849
3849
3849
3346
3346
3346
3849
3211
3211
3149
3470
3087
3304
3303
2946
3584
3081
3464
2826
3464
3558
3888
3888
4391
4008
3370
3370
2799
3156
3157
3556
3157
3795
3857
3500
3883
3882
3882
3715
3736
3353
3354
3292
3024
3024
2703
3102
3102
3673
3673
3735
3804
4161
4140
3923
3944
3638
3638
3637
3804
3841
3772
3841
3484
3447
3753
3767
3368
3767
4088
4089
3768
3768
4151
4137
4458
4396
4613
4519
4498
4168
3951
4045
4082
4299
4230
4560
4560
4560
3922
3351
3365
3364
3197
2604
2605
3243
3026
2720
2789
2789
3382
3381
3443
3444
3750
3771
3734
3734
3665
3702
3702
4273
4211
4174
4153
3832
3818
3315
2677
2894
2893
2799
2820
2820
2514
2871
2850
3171
3809
3809
3809
3809
4115
4209
3638
3659
3696
3758
3359
3930
3609
3572
3971
3971
4138
4152
3935
4438
4417
4438
3935
3935
4438
4344
3945
3931
3910
3910
3553
3821
3858
3858
3859
3356
3319
3676
3319
3718
3739
4060
3677
3771
3771
4154
4168
4167
3846
3846
3752
3585
3255
3585
3942
4263
4263
4201
3895
3895
3627
4130
4347
4653
4747
4747
4653
4639
4639
4639
4240
4240
4508
4508
4291
4458
4128
3860
3861
4129
4129
4459
4458
4458
4190
4169
3812
3906
3403
3097
3097
3496
3558
3572
3478
3499
3856
3857
4074
4074
4577
4256
4256
3663
3662
3445
3482
2979
2979
3482
3461
3782
3782
3745
3362
3745
4051
4051
4268
3938
4032
3726
3327
3364
3364
3433
3339
2956
3355
3738
3832
4162
4163
4101
4007
3504
3598
4191
4191
3974
3995
3596
3596
3813
3812
3798
3227
3060
3366
3272
2679
2358
2757
2400
2567
2530
2592
2262
2765
2703
2740
3311
3274
3253
2947
2878
2878
2915
3245
3259
3092
3092
3685
3686
3649
3670
3670
3991
4348
4018
4324
4324
3753
3790
3859
3476
3476
3259
3222
3222
3793
4010
4278
4010
3704
3305
2948
3305
2667
2646
3284
3451
3234
3540
3234
3296
3513
3607
3875
3554
3875
3806
3213
3213
3596
3665
3397
3397
3703
4102
4102
3781
4049
4370
4049
3987
4024
3718
4039
4632
4233
4066
4128
4128
4091
4490
4490
4428
4758
4758
4689
4186
3787
3570
3213
3119
3119
3622
3301
2730
2227
2394
2965
3034
2441
2658
2679
2296
2889
2983
3304
3283
3345
2752
2585
2752
2585
2622
2643
2072
2003
2170
1953
2022
2421
3014
3371
3041
2972
2615
2615
2684
2670
3053
3016
2954
2633
2954
2954
2953
2954
3311
2954
2954
3525
3504
3236
3739
3739
4069
4106
4106
4120
4051
4113
3730
4113
4112
4018
4018
4019
4040
3537
2899
2732
3235
3235
3234
3213
2892
2878
3045
3139
3139
3102
3116
3117
3055
2888
3526
3526
3595
3952
3858
3220
3526
3547
3533
3150
2557
2227
2820
3141
2784
2846
2846
2846
2846
3229
3586
3803
3482
3803
3734
3141
3120
3157
3156
2799
2799
2800
2763
3093
3107
3745
4338
4375
4375
4361
3962
3962
4319
4319
4319
4718
4397
4397
4040
4039
4360
4527
4528
4491
4161
3855
3854
3868
3701
3722
3401
3568
3568
2975
2954
3284
3641
3641
3710
4031
4624
4294
4077
3439
3118
3155
3249
3155
3176
3497
3714
3715
3678
3321
2728
2707
2693
2787
3380
3286
2887
2670
3308
3402
3333
3333
2762
2783
3051
3408
3738
4044
4081
3488
3426
3426
3425
3426
3096
3426
3389
3403
3465
4058
3964
4181
4180
3912
3582
3619
3026
3095
3033
3432
3494
3494
3480
3459
3397
3091
3397
3180
3242
3813
3751
4344
3961
3323
3591
3808
3540
3183
2784
2478
2808
2829
2808
2822
3460
3728
3729
3728
3749
4055
4055
3787
3570
3571
3068
2747
2726
2726
2788
2217
2238
2238
1645
1478
1478
1799
1799
2198
2197
2700
2701
2969
2648
2627
2794
2627
2794
2793
2793
2731
2093
1763
1784
1784
1385
1385
1978
1964
1964
1965
1964
2294
2257
1664
2257
2656
2635
2697
2697
3080
3117
3211
3149
3211
3044
3045
3045
2976
2646
3003
2735
2756
3086
3303
3302
3265
3203
2804
2447
2846
3203
2897
3165
2897
2898
3536
3550
3549
3611
3932
3602
3603
2965
2965
2644
2245
2816
2599
2668
2668
2998
2427
2427
2044
2023
2344
2915
2821
2821
2988
2987
3386
3386
3317
3338
3276
3277
3277
2878
2947
2590
2627
2558
2537
2558
2775
2837
2823
3461
3860
3860
3860
4166
3573
3174
2844
2341
2844
2843
2937
2770
3127
3294
3562
3563
3893
3962
3459
3129
2912
2912
2591
2921
3514
3897
3897
3514
3347
3285
3285
3285
3606
3989
3952
3858
3858
3265
2694
2756
3349
3028
3028
3531
3930
3600
3600
3694
3426
3756
4024
4024
3521
3459
3626
4197
4700
5021
4700
4700
4700
5021
4753
4970
4640
4283
4214
3997
3404
3418
3748
3785
3764
3833
3833
3819
4036
4050
3651
3582
4175
4532
4518
3880
4279
3949
4018
4017
4017
4079
4080
4101
4007
4007
3945
3546
3225
3225
2654
2922
2921
3015
3077
3078
3477
3383
3477
3094
3094
2591
2591
2974
3295
2938
2938
2555
2938
2345
2345
2359
1976
2333
2012
2011
1949
2279
2279
2662
3300
3301
3301
3872
4465
4527
4490
4993
4725
4725
4663
4569
4239
4569
4631
4610
4704
4066
3563
3831
4152
4151
3794
3794
3223
3244
3815
3244
3223
3161
3161
3162
3093
3092
3154
3140
3140
3046
2453
2453
3024
3617
4255
4612
4291
3961
3578
3615
3553
3647
3379
3400
3306
3636
3957
3957
4026
4529
4529
4130
4144
4145
4528
4590
4284
4590
4590
4684
4952
4449
4355
4286
3903
3903
3997
3729
4128
4197
4176
3846
3867
3773
3773
3773
3556
3886
3885
3718
3718
4101
4604
4605
4248
4211
4211
4428
4428
4696
4479
3841
3820
3819
3986
3986
4007
3701
3702
3702
3796
3833
3666
3597
3764
3764
3727
3727
3633
4271
4271
4340
4271
3888
3721
3391
3329
3366
3365
3671
3350
3517
2946
2947
2679
2678
2678
2657
3040
3361
3691
3524
3881
4149
3843
3912
3529
3912
3912
3875
3875
3476
3497
3534
3031
3031
2674
2605
2606
2606
2605
2012
2012
2229
2192
2591
2192
2261
2567
2567
2567
2498
2567
2629
2629
2666
2667
3238
3332
3238
3217
3311
3311
3332
3332
3925
3619
3550
3549
3219
3125
3125
3126
2743
3073
3576
3575
3513
3499
3499
3282
3449
3449
3428
3522
3584
3547
2909
2909
2316
2316
2048
1727
1728
1945
1966
2003
2017
2285
2684
2990
3347
3346
3346
3346
2989
2822
2891
2877
2877
2306
2038
2039
2038
2038
2001
2322
2336
2337
2316
2316
2302
2895
3466
3503
3197
2626
2532
2463
2462
2462
2462
2629
2650
2483
2421
2483
2577
2934
2613
2576
2482
2482
2482
2482
1889
1983
1983
1984
2305
1948
2541
2540
3111
2540
2707
2114
2752
3020
3057
3440
3746
3652
3322
3893
3987
3770
3708
3402
3471
3801
3732
3333
3333
2695
3052
3121
3121
2853
2854
2351
2282
2296
2602
2602
2602
2602
2671
2577
2794
2794
3062
2895
2826
2558
1987
1681
1660
1660
1277
1276
1345
1439
2010
2513
2912
3180
2963
2963
3025
2668
3025
2522
2508
2508
2814
2243
2881
3384
3955
3384
3315
3315
3316
2917
2916
3083
3021
3083
2989
3003
3024
3003
3574
3268
3231
3300
3683
3180
2912
2582
2850
3180
2823
2754
2587
2573
2573
2587
2754
3111
3111
3180
2912
3218
2912
2912
2912
3006
3405
3311
3405
3622
3890
3533
3519
3519
3825
4418
3847
3753
3432
3469
3469
3407
3978
4335
4029
4091
3734
3734
3517
3518
3735
4238
4201
4522
4460
4391
4123
3724
3761
3761
3724
3221
2650
2320
2414
2247
2515
3018
3080
3080
3094
3115
3445
3383
3383
3782
3514
3011
3317
3317
3303
3571
3571
3571
4142
4142
4309
3738
3752
4109
3892
3299
3299
2900
2900
2900
3403
3996
3982
4051
3694
3708
3708
3639
3676
3293
3292
2971
2934
2840
2572
2572
2641
2962
2893
2987
2987
3049
3620
3888
3385
3768
3674
3674
3891
3623
3609
3609
4008
3841
3842
3842
3856
4124
4062
4062
4062
4062
4156
4323
3685
3684
3285
3322
3322
3155
3141
3142
3156
3156
3156
3156
3794
3700
3762
3700
3107
2890
2890
2853
2853
2585
2585
2802
3305
3291
2788
3145
3145
3145
3182
2852
2852
2531
2531
2698
2767
2861
2840
2803
3202
3705
3973
3470
3164
3185
3018
3339
3353
3284
3283
2645
3148
3217
3810
3847
3753
3815
3816
3816
3223
3154
3154
3792
3289
3021
2383
2166
2434
2434
2434
2740
3378
3021
2622
2952
3351
3083
2700
2638
2617
2784
2146
2146
2146
1979
2617
2617
2638
2855
3212
3212
3212
2813
2813
2813
3212
3281
3343
3322
3915
3915
3344
3344
3014
2952
3220
3003
3506
3238
3238
3506
3505
3526
3457
3457
3551
3718
4048
4034
4096
3775
3469
3112
3126
3089
3660
4017
4054
4054
4360
4681
4110
4111
4111
3843
3781
3767
3767
4035
4049
4049
4266
4649
4718
4412
4411
4143
4106
4106
4037
4023
3693
3693
4264
4265
3866
3772
3866
3509
3509
3509
3523
3523
3523
3306
3306
3375
3681
3612
3681
3667
3573
3573
3573
3573
3930
4147
4209
3852
3831
4188
3805
3842
3339
3122
3339
3360
3003
3360
3360
3360
2722
3105
3608
3608
3539
3502
3440
3770
3832
3770
3177
3815
3312
2674
2768
2767
3360
3266
3099
3193
3696
3602
3602
3769
3769
3838
3932
4570
4213
4214
4276
4276
4182
4161
4429
4828
5185
4879
5185
5185
5185
5116
4810
4847
4916
4749
4749
4763
4763
4784
4878
4521
4253
4253
4253
4420
4383
4383
4689
4688
4689
4051
3668
3075
3054
2960
2960
3343
3936
3973
3574
3574
3268
3254
3348
3705
3134
3134
2804
3442
3059
3022
3022
3059
3080
3479
3479
3417
3416
3416
3417
3723
3654
3654
3348
3919
3281
3587
4225
3904
3918
4301
4622
4585
4564
4564
4564
4894
4894
4495
4112
4511
4190
4189
3972
4041
3735
3721
3742
3742
3742
3104
3105
3104
3010
3010
3072
3289
3289
3289
3122
3122
3122
3216
3253
3891
3320
3103
3424
3403
3974
3575
3974
3336
3336
3336
3350
2757
2757
2757
3025
3046
2689
2186
2353
2353
2946
2852
2852
2281
2267
2361
2864
2864
2596
2902
2902
2881
2787
2787
2801
2822
2822
3090
3307
3090
3090
3307
3308
3287
3858
4496
4496
4517
4874
4812
4798
4860
4860
4503
4482
4445
4376
4376
4390
4427
4427
3856
3550
3550
3536
2898
2898
2861
2882
2896
2896
2575
3146
3132
3146
3784
3783
4089
4027
4027
4410
4447
4447
4804
4805
4212
3641
4234
4805
4499
4499
4499
4499
4142
4463
4557
4557
4557
3986
4343
4343
3705
3611
3680
3680
3666
3267
3246
3260
3322
3260
3566
3965
3798
3798
3965
4059
3892
3954
3361
3361
2978
2964
3131
3062
3062
2968
2967
2568
2569
2968
2931
2930
2930
2930
2930
3501
3501
4094
3788
3571
3172
3172
3478
4116
3759
3773
3606
3300
2662
2600
2279
2917
2903
2997
2997
2998
3067
2737
3058
3072
3402
3401
3438
3170
3553
3484
3701
3380
2787
3380
3686
3469
2966
2966
3035
3056
3273
3252
3755
4154
4117
4284
4215
4284
4117
4138
4175
4496
4764
4764
4764
4496
4496
4459
4816
4816
4795
5063
4664
4161
4198
4219
4722
4722
4722
4722
4722
4505
4505
4468
4374
3803
3840
3840
3934
3996
3675
3842
3821
4038
3944
3882
3614
4185
4247
4030
4247
4080
4043
4137
4137
4536
4137
3780
4101
3598
3504
3903
3904
3505
3505
2934
3202
3133
3133
2865
3133
3300
2917
2917
2903
3406
3405
3442
3799
3469
3799
3737
3234
3805
4188
4691
5090
4587
4587
4587
4204
3883
3245
3314
3335
3336
2765
2764
2826
2789
2727
3365
3008
2791
2828
2828
2828
2807
3164
3127
3127
3698
3719
3720
3414
3451
3121
3052
3051
3434
3448
3754
3183
3162
3379
3379
3380
3701
4204
3821
3654
3654
3653
4036
3398
3398
4036
4036
4036
4036
4098
3460
3460
3243
3243
2860
3498
3192
2689
2652
2746
3052
3052
2731
2800
3130
3451
3437
3458
3190
3191
3191
3459
3438
3132
3131
3298
3229
2899
3116
2759
2542
2563
2563
2501
3072
3072
3072
3289
3289
3289
3595
3595
3274
3777
3560
3560
3560
3890
3904
3505
3484
3484
3546
3547
3547
3533
3547
3547
3241
3241
3240
3261
3247
3080
3080
3059
3059
3442
3763
3832
4138
4152
3846
4152
4152
4153
4174
4174
3603
4002
4002
3696
3696
3682
3719
3398
3377
3340
3278
3315
3672
3672
3978
3672
3671
3672
3034
3034
3201
3164
3163
2764
2778
2995
2981
3002
3039
3360
3931
3931
3837
3851
3634
3696
3696
4002
4401
4401
4495
4496
4175
4081
3578
3411
3411
3628
3628
3566
3565
3565
3551
3530
3147
3209
3209
3209
3303
2904
3407
3574
3574
3574
3357
3357
3358
3321
3538
3559
3497
3818
3488
3487
2984
2963
3466
3849
4487
4487
4487
4487
4817
4487
4487
3984
3984
4314
4097
3504
3410
3411
3448
3142
3359
3142
3735
3735
3735
3142
3236
3142
3541
4134
4148
3577
3598
3598
3215
3194
3027
2958
2958
2944
2944
3006
3577
3247
3553
3567
3636
3599
2961
2961
2899
3402
3423
3423
3753
3920
4137
3831
3260
3260
2757
2756
2756
2756
2756
2756
2756
3327
3364
3426
3809
3809
3452
3122
2955
2634
2801
2801
2802
2209
2539
2845
2274
2253
2086
2024
2045
2024
2024
1987
2580
2511
2181
2348
2348
2042
2111
2614
2614
3185
2786
3116
3437
3743
4142
3571
3608
3608
3441
3503
3503
3503
3434
3434
3434
3128
2911
2897
2897
2835
2505
2184
2183
2183
2400
2017
2111
2125
2696
2765
2765
2548
2569
2570
2569
2736
2953
2932
3289
3220
3241
3241
3227
2724
2724
2630
2699
2482
2865
2466
2865
3503
3517
3496
3496
3097
2459
2459
3097
3097
3600
3600
3600
3600
3600
3621
3353
3284
3605
3438
3417
3723
3991
4085
4154
4154
4154
4175
4175
4154
4154
4216
4216
4179
4509
4509
3938
3924
3855
3892
3892
4109
3779
3717
3214
3228
3249
2981
2944
2944
2850
3017
3588
3856
3950
4019
4019
3925
3925
3925
3911
4414
3911
3842
3842
3574
3253
3574
3574
3643
3005
3005
3005
2684
2091
2091
2105
2199
2702
2702
2633
2695
2674
2317
2317
2386
2324
2917
2918
2918
2918
3248
3269
3626
3409
3395
3301
3301
3622
3621
3683
3683
3683
3951
3784
3784
3722
3722
3401
2898
3065
3065
2759
2853
2686
2903
2904
2966
3469
3469
3468
2897
2911
2643
2810
2810
3381
3381
3381
3702
3608
3278
3315
3316
3316
2813
2907
3175
3481
3175
3678
3609
3609
3288
3288
3926
4232
4232
4065
4065
3848
3847
3833
3902
3916
4315
4047
4315
3677
3608
3340
3340
3670
3271
3271
3670
3670
3938
3844
4165
3662
3356
3335
2952
3590
3553
3154
3223
3529
3566
3552
3646
4045
4045
4428
4429
4030
4533
4439
4402
4496
4517
4684
4615
4521
4520
4353
4353
4422
4423
4117
3849
4066
3563
3562
3345
3345
3439
3476
3476
3490
2897
3400
3400
3079
3347
3564
3550
3333
3003
2941
3158
2801
3200
3200
3200
3530
3509
3530
4123
4086
4087
4087
4124
4124
4124
4124
4124
4481
3910
3910
3553
4124
3553
3567
3064
2796
3064
3050
3356
3418
3418
3417
3417
3323
2993
2993
2994
3161
3161
3482
3445
3444
3123
3123
2906
2268
2268
2771
2785
2785
3002
3332
3002
3640
3640
3257
3090
3069
3390
3390
3390
3390
2887
2566
2298
2681
2718
2885
2885
2848
3351
3134
3171
3265
3265
3595
3501
3501
3501
3858
3552
3169
3552
3573
3841
3827
3828
3766
3766
3498
3715
3694
3756
4062
4156
4156
4156
3850
3493
3110
2711
2642
2642
2580
2580
2580
2580
2580
2937
2770
3341
3304
2801
2707
2728
3111
3111
3205
3205
3205
2567
2888
2957
3460
3460
3460
3859
4026
4332
4600
4217
4148
4217
4217
4148
4185
4185
4185
4823
4823
4230
4230
3924
3567
3581
3964
4321
4321
3922
3984
3767
3984
3984
3601
3600
3538
3321
3383
3362
3094
3094
3057
3440
3273
3211
3517
3517
3517
3423
3423
3424
3423
3423
3424
3423
3423
3423
2852
3120
3182
3182
3182
3120
3120
3120
3120
3337
3323
3323
3323
3323
3722
4293
4387
4387
4980
4981
4995
4981
5002
5064
4426
4426
4440
4509
4509
4509
4188
4188
4188
4094
4415
4415
5053
4785
4785
4723
4817
4803
4446
3943
3637
3905
3942
3942
3941
4247
4247
4604
4535
4514
4528
4529
4199
4199
3800
3786
3480
3097
3480
3480
3480
3647
4150
4150
3983
4004
4004
4003
3909
3872
3872
3604
3605
3388
3694
3673
3367
3673
3367
3766
3780
3780
3947
3933
3970
3933
3766
3766
3860
3267
3535
2964
2964
3270
3270
3600
3637
3854
3853
3470
3140
3733
3754
3251
3251
3251
3230
3801
3802
4132
4131
3914
3914
4297
3991
3897
3898
3919
3536
3206
3709
3778
3778
3510
3510
3441
3658
3926
4093
4155
4155
4538
4501
4501
4439
3936
3973
4476
4476
4455
4455
4524
4618
4618
4924
4924
4924
4830
4192
4286
4307
4286
4616
4616
4615
4294
4225
4239
4240
4240
4561
5199
5032
4938
5000
4938
4670
4670
4656
4656
4439
4056
4324
4345
4345
3946
3909
3588
3567
3661
3331
3345
3077
2983
2626
2843
2905
2904
2941
2941
3324
3645
3324
3654
3640
3257
3424
3781
3564
3564
3564
3527
3541
3862
3556
3955
3976
3619
3289
3595
3689
3675
3943
3849
4206
4185
4185
4185
4199
3893
3300
3300
3369
3586
3916
3917
4300
4300
4133
4133
4133
4064
4370
4308
3909
3692
3692
3692
4091
4091
4091
3770
3387
3387
3373
3442
4035
3767
3934
4202
3564
3258
3279
3316
3622
3943
3943
4037
3534
3548
3381
3075
3075
2754
2754
2754
2183
2566
2566
2529
2172
2209
2376
2282
2268
2362
2579
2641
2641
3212
3715
4072
4035
4049
3781
3719
3698
3698
4019
4019
4325
4019
3662
3091
3359
3665
3571
3250
3083
3145
3145
3783
4140
4140
4140
4161
4732
4161
4482
4482
4519
4519
4302
4302
4302
3945
3883
3615
3615
3614
3600
3600
3868
3868
3469
3868
3868
3600
3600
3097
3600
3600
3600
3201
3201
3215
3194
3462
3629
3630
3630
3127
2859
2822
3039
3038
3039
3039
3610
3280
3783
4182
4182
4113
3542
4113
4150
4150
4219
4182
4512
4512
4129
4129
4129
3799
3799
3836
3437
3437
3220
3437
3423
3423
3822
3836
3799
3799
4129
3808
3808
3808
3845
4228
3898
3260
3617
3617
3679
3679
3086
3086
2780
2801
2418
2349
2349
2335
2335
2973
2806
3399
3398
3704
3704
3704
3704
3705
3705
4035
3442
3710
3779
3511
3294
2937
2951
3334
3334
3428
3366
3687
3904
3583
3569
3583
3562
3830
3447
3433
3034
3627
3558
3558
3725
3395
3794
4124
4124
4193
3690
3596
4099
3831
3762
3762
3595
3595
3595
3092
2875
3196
3210
3427
3426
3447
3447
3433
3433
3216
3217
3574
3741
3741
3755
3184
3183
3277
3277
3277
2639
2639
3142
3410
3396
4034
3940
3940
4323
4002
4071
3803
3804
3803
3803
3803
4124
4124
3741
3741
3435
3529
3529
3529
3543
3449
3412
3680
3717
3717
3696
3375
3396
3359
3359
2766
2599
2920
2920
2920
3137
3137
2738
2669
3262
3262
2624
2693
2860
2693
2787
2570
2570
2240
2240
2240
2240
2546
2546
2532
2569
2899
2542
2473
2436
2498
2715
2784
2715
2122
2122
2122
2060
2227
2264
2097
1594
2232
2615
3186
3543
3612
3612
4115
4115
4177
4576
4576
4255
3856
3856
3856
3835
4428
4429
4428
4359
4359
4428
4391
4329
4391
4391
4391
4391
4428
4211
4212
4226
4225
4163
3525
3525
3488
3488
3488
3419
3419
3420
3406
3406
3420
3741
3778
3847
3833
3833
4050
4217
4217
3949
3949
3732
3732
3949
4011
4279
3949
3949
3949
3948
3731
3731
4130
4768
4500
4500
4143
4143
4106
4106
3603
4106
4106
4106
3468
3468
3147
3147
3785
3785
4053
4053
4054
4384
4601
4384
4384
4384
4217
4217
4148
4469
3876
3875
3875
4092
4092
4092
4093
3999
4036
3637
3731
3669
3836
3850
3582
3488
3557
3236
3167
3229
3586
3985
4079
4347
4079
3985
3679
3700
3638
3638
3732
4038
4038
4038
4038
3639
3282
3282
2952
2735
2952
3014
3014
2993
3586
3419
3687
3756
3756
4113
4113
4113
3542
3709
3647
3578
3578
3599
3382
3076
3076
3076
3076
2982
3381
2878
3184
3687
3666
3629
3361
2723
3053
3074
3074
3645
3714
3713
3314
3408
3470
3087
3470
3376
3307
2977
3615
3615
3615
3709
3710
3927
4326
4647
4684
4684
4683
4951
4952
4785
4785
4785
4952
4785
4785
4785
4771
4785
4785
4691
4691
4691
4760
4122
4121
4288
4382
3789
3752
3353
3353
3259
2953
3591
3591
3591
3591
3628
3628
4027
3810
3741
3741
4334
3977
3977
4046
3879
3842
3842
3843
3843
4060
4060
3843
3843
4149
4149
4316
4254
3661
3278
3111
3110
2539
2539
2470
2687
2666
2652
2652
2673
3030
3413
3413
3450
3450
3450
3144
3145
3145
3124
3124
3454
3454
3237
3237
3200
3200
3200
3262
3833
3833
3503
4096
4096
4034
4340
4670
4684
4705
4705
4202
3609
3703
3609
3703
3689
4282
4449
4449
4449
4119
4336
4336
4398
4398
3999
3999
3999
4329
4329
4728
4422
4459
4459
3888
3620
3620
3689
3957
3319
3890
3890
3904
3687
3304
3137
3136
3519
3519
3519
3519
4157
4324
4056
4362
4865
4865
4482
4482
4152
4482
4699
4630
4609
4609
4609
4442
4825
4426
4426
4043
4442
4442
4043
4006
4006
4389
4390
4296
4564
4963
4901
4901
4900
4937
4937
4937
4344
4413
4030
4092
4023
4023
4023
3717
3717
3717
3680
3666
3833
3854
3497
3880
3880
3859
3859
3692
3692
3998
3730
3767
4035
3973
4035
4104
4105
4272
3873
3836
3530
3544
3544
3327
3421
3421
3458
3291
3277
3277
3634
3597
3596
3596
3902
3902
3596
3902
4301
4207
4424
5017
5017
5031
4969
5136
5136
4498
4141
4203
4141
4235
4592
4592
4523
4523
4217
4217
4238
3917
3823
3802
3802
3635
3636
3622
3659
3659
3659
3659
3680
3749
4055
4117
4131
3560
3560
3292
3292
3291
3929
3599
3929
4250
4417
4355
3717
4288
4288
3931
3714
3714
3677
4034
3704
3690
3384
3384
3714
3714
3714
3714
3393
3226
3226
3227
3227
3321
3488
3488
3809
3479
3478
3409
3052
3358
3427
3427
4065
4395
4395
4612
4306
4139
4139
3818
3818
3819
3819
3819
3489
3489
3489
3395
2996
2996
3010
2417
2348
2669
2655
3012
3011
3011
3080
3410
3447
3448
3427
3427
3427
3044
3312
3905
3334
3265
3359
3029
2992
2399
2399
2305
2704
2703
3296
3297
3080
2681
3011
3073
2743
2743
3126
3293
3314
3351
3365
3351
3351
3445
3844
3576
3575
3538
3755
4326
4326
4363
4301
4207
4221
4184
4017
3618
3618
3655
3717
3717
3146
3240
3570
3556
3570
3556
3462
3861
3875
3875
3854
3854
3497
3497
3435
3703
3704
3704
3704
4275
4058
4120
4287
3966
4183
4277
4346
3947
3946
3946
3932
3838
4159
3588
3526
3526
3489
3489
3846
3867
3867
3867
3867
3867
3798
4197
3798
3798
3631
3631
3632
3646
4217
4217
3646
3683
3682
3414
3415
2912
3311
3814
3777
3839
3839
4107
3786
3518
3518
3518
3188
3355
3685
3722
3722
3701
3318
3624
3562
3561
3655
3256
2753
3324
3287
3608
3608
3608
3677
3608
3608
4007
4007
3840
3861
3930
3931
3360
3360
3054
3033
3054
3322
3825
3824
3824
3824
3730
3462
3499
3666
4237
4223
4223
4223
3720
4103
4103
4104
4104
4104
4104
4104
4104
4104
4104
4103
4066
4066
4080
3863
3842
3842
3842
3843
3937
3538
3600
3621
3621
4020
4237
4237
3907
3524
3307
3140
3523
4026
4243
4243
4229
4396
4302
3903
3917
3324
3324
3324
2821
2821
3414
3413
3413
3719
3719
3720
4119
4119
4387
4387
4373
4352
4084
4105
4043
4043
4546
4583
4080
4080
4011
4073
4072
3855
3284
3378
3447
3664
3678
3678
3461
3461
3461
3791
3697
3697
3697
3697
3697
3376
3376
3376
3314
3293
3561
3561
3623
3623
4126
4064
4158
4729
5050
5050
4956
4956
4956
4957
5051
5051
5051
5050
4693
4310
4310
4216
4217
4217
4434
4434
4434
4434
4528
3935
3866
3866
3866
3772
3772
3772
3834
4217
3949
3970
3970
4064
4002
4002
4359
4428
4428
4490
4490
4428
4029
4029
4015
3978
3992
4585
4585
4368
4367
4010
4409
4340
3747
3747
3747
3748
4341
4403
4389
4389
4389
4389
4657
4258
4475
4475
4475
4454
4454
3861
3861
3930
3930
3951
4350
4364
4302
4302
4302
4281
4281
4343
3944
3373
3966
3897
3803
3473
3473
4044
4043
4043
4043
4137
4137
4075
3858
4257
4163
4163
4163
4163
4163
4163
4520
4614
4346
3775
3469
3490
3091
3091
3091
3153
3154
3725
3725
3704
3704
3383
3000
3321
3589
3895
3801
3801
3801
3634
3851
3530
3027
3026
3409
3739
3760
3543
3760
3760
3698
3481
3984
4053
4090
3519
3450
3450
3544
3606
3569
3968
4037
3968
3968
4037
4023
4023
4190
4191
4191
4190
4227
4241
4241
3858
3859
3859
3765
3751
3584
4155
4372
4372
3779
3422
3422
3422
3743
3681
3644
3644
3644
3338
3432
3432
3411
3432
3363
3363
3095
3262
3324
3107
2708
3107
3324
3707
3776
4044
4044
3661
3661
3661
3592
3898
3630
3630
3667
3667
3667
3667
3346
3415
3683
3683
3614
4207
4207
4207
4207
4206
3900
3900
3329
3686
3048
2986
2986
2986
2986
2987
3049
3012
2950
2929
3500
3521
3583
3889
3903
3882
4520
3927
3948
3985
3964
3963
3963
3695
3764
3764
4085
4086
4086
4679
4373
4373
4679
4617
4046
4429
4697
4660
4261
4261
4044
4044
4615
4044
4044
4081
3775
3272
2915
2936
3507
3507
3507
3507
3813
3799
4198
4177
3794
3794
3526
3547
3904
3266
3328
3596
3534
3228
3207
3207
3207
3207
2886
2885
3102
3102
3123
3444
3087
3149
3787
3620
3977
3977
3883
4189
4127
4294
4356
4356
3718
3718
3718
4356
4319
4413
4796
4727
4764
4407
4764
4727
4728
4765
4765
4765
4598
4536
4536
4703
4536
3943
4446
4613
5206
5112
5091
4520
4541
4142
4142
3925
3994
4393
4393
4392
4225
4225
4225
3632
3595
3327
3328
3007
3174
3174
3105
3199
2869
2702
2701
3272
3439
3453
3774
3468
3530
3509
3415
3415
3509
3509
3815
4145
4131
3801
3801
4018
4348
4348
4349
4348
4616
4348
4417
4417
4417
4418
4418
4417
4431
5024
5024
4962
4605
4275
4632
4233
4233
4233
4164
3843
3676
3677
3714
3620
3403
3403
3046
3376
3376
3697
3697
4054
4221
4620
4620
4620
4027
4027
4244
4244
4244
4313
4313
3956
3956
3887
3887
3566
3566
3566
3260
3260
3260
3260
3581
3581
3650
3267
3266
3267
3361
3361
3954
3954
4337
4268
4330
4330
4293
4293
4293
4293
4231
4537
3944
3944
3944
4006
3992
3992
3992
3992
3609
3442
3442
4035
4035
4392
4392
4391
4391
4391
4391
4391
4391
4391
4391
4391
4391
4391
4391
4391
4391
4391
4391
4297
4297
4297
3991
3991
4297
4297
4565
4565
4565
4565
4565
4565
4565
4565
4503
4503
4503
4503
4886
4529
4529
4529
4529
4529
4529
4529
4529
4529
4598
4955
4955
4556
4556
4556
4723
5122
5053
5090
5090
4769
4769
4770
4770
4770
4832
4832
4564
4527
4310
4309
3926
3926
3926
4309
4630
4630
4568
4568
4569
4631
4325
3754
3397
3418
3455
3455
3454
3417
3417
3417
3634
3304
3398
3398
3969
3907
3969
3648
3648
3916
3749
3532
3511
3817
3817
3549
3549
3549
3906
3920
3941
4271
3914
3914
3914
3914
3983
4020
3714
3700
3700
3700
3700
4006
3700
3631
3631
3537
3606
3874
4195
4195
4133
4133
4096
4096
4096
4096
3503
3809
3809
3809
3871
4088
4067
3850
4443
4660
4022
4022
4022
4022
4189
3972
3972
3972
4189
3790
3790
3884
3884
3667
3681
3667
3598
3330
3024
3292
3292
3292
3329
3329
3967
3967
3967
3968
3968
4325
4324
4056
4056
3553
3553
3567
3246
3267
3267
3253
3254
3653
3667
3646
3914
3914
3900
3900
3900
3806
3769
3838
4159
4159
3776
4082
4103
4197
3891
3891
3724
3086
3086
3086
3085
2991
2723
3226
3205
3206
3206
3243
3549
3480
3480
3647
3661
3661
3661
3599
3668
3631
3899
3899
3885
3528
3528
3549
3766
3766
3697
3376
3376
3470
3470
3539
3896
3393
3372
3372
3372
3015
3052
3555
3052
3052
3052
3073
3073
2906
2689
2689
3327
3710
3927
3927
4284
4284
4787
4787
4954
4737
4737
4469
4790
4789
4768
4385
4348
4348
4348
3991
3661
3494
3495
3495
3495
3509
3110
3172
3078
3078
3245
3244
3281
3219
3487
3508
3471
3471
3565
3259
3476
3208
3114
3114
3114
3114
3093
3094
3188
3094
3156
3156
3087
3470
3470
3469
3469
3455
3455
3549
3817
3650
3719
3719
3657
3987
3988
4294
4331
4331
4688
4688
4471
4203
4420
4587
4601
4434
4496
4434
4434
4434
4601
4532
4532
4202
4202
4165
4495
4495
4494
4495
4495
4495
4328
4390
4789
4789
4196
3839
3908
3839
3839
3825
3846
4114
4128
4128
4485
4554
4554
3916
4509
4546
4278
4278
4278
4257
4257
4525
4525
4525
4431
4431
4431
4431
4598
4598
4584
4522
4522
3951
4589
4589
4589
5160
4761
4594
4656
4823
4823
4754
4717
4717
4655
4488
4488
4655
4334
4334
3951
3951
4013
3442
3763
3442
3275
3275
3275
3289
2651
2651
2637
2706
2873
2872
2872
2604
2604
2604
2641
2579
2673
2687
2687
3258
3258
3244
3244
3627
3590
3627
3627
3627
3648
3554
3485
3485
3554
3224
3286
3286
3924
3862
3924
3862
3956
4224
4187
4517
4838
4481
4518
4518
4301
3798
3798
3798
3798
4155
4155
4155
4155
4156
4156
4135
4352
4352
4283
4282
4283
4116
3786
4116
4619
4619
4619
4619
4619
4619
4633
4633
4633
5032
5032
5032
5031
5052
5052
5114
5281
5281
4898
4898
4898
4898
4898
4898
4898
4898
4967
4699
4699
4630
4630
4413
4413
4796
4796
4759
4976
5244
5077
5114
4757
4757
4758
4744
4723
4723
4723
4340
4340
4354
4048
4215
3947
3947
3910
3580
3649
3328
3314
3220
3220
3603
3541
3898
4228
4290
4596
4239
4239
4239
3840
3840
3673
3673
3767
3767
3767
3264
3532
3546
3278
3264
3195
3264
3301
3569
4072
4072
4071
3977
3977
3977
3991
3991
3991
4158
4158
3941
3941
3962
3893
4292
4292
4293
4025
4025
4094
3695
3681
4080
4080
4348
4669
5026
5026
4964
4964
4964
5058
4790
4790
5058
5058
5058
4675
4675
4508
4508
4508
4508
4891
5108
4605
4605
4772
4772
4751
4751
4584
4278
4584
4646
4552
4552
4566
4260
4260
4260
4260
4260
4260
4566
4660
4598
4292
4223
4222
4223
4129
4129
4296
4799
5105
4938
4938
4938
4938
4901
4901
4901
4887
4504
4504
4504
4671
4350
4350
4671
4670
4670
5053
5053
5074
5111
5111
5090
5090
5091
5091
5054
5075
5074
5074
5053
4460
4460
4061
4155
4217
4217
3949
3949
3950
4349
4132
4400
4400
4400
4400
4993
4931
4601
4663
4993
5030
4527
4548
5051
4458
4291
4290
4196
4197
4197
4197
3876
4043
4043
4043
4043
4137
3807
3807
3806
3168
3237
3216
3216
2713
3034
2940
2940
3578
3672
3673
3673
3673
3694
3600
3600
4193
3794
3794
3794
3794
3411
3410
3389
3410
3373
3772
4275
4312
4312
4406
4789
4789
4803
4803
4803
4420
4420
4351
4681
5064
5065
5065
5065
4797
4797
4630
4630
4616
4579
4847
4861
4861
4861
5078
5078
4748
4748
4748
5078
5115
4612
4229
4229
4229
4229
4229
4135
4229
4396
4382
4382
4320
4319
3748
3480
3480
3123
3123
3626
3626
3640
3709
3709
3709
3542
3542
3604
3604
3583
3851
3851
3851
3757
3757
3688
3855
3855
3855
3856
3353
3339
3339
3339
3122
3216
3230
3193
3576
3793
3793
3793
3793
3793
3793
3793
3830
3736
4239
4239
4239
4596
4665
4498
4484
4447
4447
5018
5018
5018
5185
5116
5137
5137
5137
5206
5206
5144
5144
5144
5144
4506
4485
3982
4620
5123
5160
5174
5195
5195
5195
5195
4812
4491
4812
4811
4811
4812
4874
4568
4662
4648
4954
4954
4954
4954
4954
4954
4860
4643
4642
4139
4139
4139
4139
4139
3818
3818
3749
3687
3749
4132
4132
4111
4111
4328
3735
3735
3735
3378
3699
3637
3637
3637
3651
3651
3651
3672
4175
4244
4244
4306
4244
4223
4209
4172
4172
4193
4193
4193
4026
4088
4125
4718
4732
4899
4899
4899
4993
4993
4594
4993
4899
4899
4899
4900
4900
4900
4994
4994
4973
4470
4973
4973
4959
5316
4917
4917
4917
4917
4917
4917
4700
5099
4831
4831
4845
4845
4845
4845
4462
4462
4462
4462
4448
4448
4379
4762
4405
4405
4405
4762
4595
4812
4812
4775
4942
4725
4724
4630
4463
4557
4557
4558
4558
4826
4826
4233
3965
3986
3986
4203
4141
4203
4471
4471
4450
4356
4377
4377
4377
4377
4315
4315
4315
4315
4294
4356
4356
4356
4377
4377
4446
4377
4056
4055
4069
3712
3209
3209
3712
3712
3712
3691
3423
3444
3445
3445
3802
3802
3871
3965
3896
3896
4063
3733
3733
4001
4001
3939
3939
4269
4331
4310
4310
3980
3980
3918
3824
3861
3861
3861
3861
3955
3572
3405
3405
3405
3405
3405
3998
4165
4165
4165
4234
4220
4220
4183
4245
3652
4245
4266
4204
4204
4204
4203
4533
4533
4854
4854
4497
4403
4186
4248
4248
3849
3886
3817
3817
3831
3831
3831
3831
3831
3831
3832
3926
3620
3299
3516
3454
3440
3839
4160
4159
3829
3735
4065
4065
3898
4255
4038
4038
4038
4052
3784
3763
3825
3826
3826
3826
3826
3427
3427
3427
3427
3427
3413
3796
3466
3734
4133
4154
3771
3840
3840
3840
4170
3902
3916
4083
4177
4177
4176
4082
4176
4482
4750
4750
4750
4751
4750
4393
4379
4736
4750
4713
4383
4600
4930
4861
4799
4799
4582
4582
4582
4314
4314
4300
4568
4262
4262
4262
4241
4241
4241
4310
4311
4348
4410
4410
4373
3870
3891
4274
4274
4491
4505
4505
4811
4717
4696
4790
5293
5025
5025
4808
4808
4808
4807
4807
4793
5010
4916
4953
4736
4430
3859
3859
3859
4127
4128
4128
3961
3975
4546
4567
4873
5090
5090
5090
5090
5090
5090
5184
5184
5184
5184
5184
5184
5184
4863
4794
4464
4464
4463
4464
4463
4157
4157
4157
4157
4487
4487
4466
4404
4404
4571
4571
4303
4303
4303
4209
4515
4783
4784
4784
5105
5105
4706
4775
4738
4738
4738
4738
4737
4737
4737
4469
4469
4531
4532
4532
4553
4553
4386
4372
4372
4640
4640
4640
4372
4372
4372
4372
4372
4466
4465
4465
4135
4135
4149
4149
4149
4150
4150
4418
4404
4404
4404
4404
4403
4382
4382
4025
3704
3871
3802
3802
3803
3802
3871
4192
4192
4206
4207
4138
4076
4076
4076
4076
4113
4113
3475
3832
3853
3853
3832
3832
3832
3832
3832
3832
3832
3832
3853
3922
3908
3922
3565
3471
3434
3051
3434
3434
3434
3434
2931
3025
3528
3528
3528
3528
3527
3527
3527
4165
4227
4206
4243
4243
4243
4264
4265
4265
4265
3959
4316
4247
4246
4246
4246
4246
4152
4152
4152
4221
4207
4207
3824
3824
3824
4207
4207
4537
4538
4538
4552
4552
4858
4789
4432
4501
4432
4831
4831
4831
4664
4664
4071
4009
4176
4270
4627
4627
4297
4359
4265
4265
4203
4203
4203
4182
4181
4014
4014
4344
4511
4474
4511
4573
4573
4642
4642
4642
4642
4642
4374
4374
4374
3991
3991
4584
4678
4616
4616
4522
4584
4584
4584
4570
4570
4264
3934
4028
4029
4029
4050
4050
3981
3960
3960
3743
3743
3757
3757
3757
3757
3757
3695
3658
3658
3658
3644
3974
3995
3974
4191
4228
4228
4228
4061
3967
3988
3988
4002
4002
4002
4002
4385
4364
4147
4147
4314
4314
4408
4394
4394
4662
4968
4647
4647
4647
4668
4730
4693
4730
4744
4577
4577
4577
4744
4744
4723
4661
4660
4660
4646
4609
4279
4279
4316
4330
4547
4547
4868
4868
4868
4774
4774
4775
4558
4557
4557
4557
4557
4557
4557
4557
4557
4251
4251
4251
4237
4251
4251
4251
4581
4798
4798
4798
4860
4860
4643
4629
4629
4629
4629
4629
4567
4567
4246
4567
4400
4494
4495
4096
4096
4095
4095
4164
4164
4164
4331
4548
4381
4402
4402
3899
3961
3892
3892
3855
3855
3855
3638
3675
3675
3675
3689
3690
3690
3857
3763
4069
4007
4069
4572
4558
4558
4558
4252
4252
4252
4558
4652
4721
4700
4700
5099
5316
5247
5247
5153
4823
4823
4837
4244
4265
4048
4048
4048
4117
4710
4804
4804
4804
4790
4769
4412
4245
4183
4350
4082
4013
4013
3630
3630
3463
3484
3701
3395
3395
3778
3561
3829
3829
4159
4376
4282
4261
4261
4275
4442
4748
4748
4480
4501
4570
4569
4569
4548
4534
4465
4527
4527
4527
4527
4221
4184
4490
4184
3681
3681
3681
3681
3681
3987
4490
4107
4375
4069
4083
4389
4410
4410
4410
4104
4105
4174
4174
4480
4480
4466
4480
4480
4466
4466
4466
4466
4466
4466
4823
4802
4481
4481
4575
4307
4307
3950
3620
3888
3888
4218
4124
4124
4124
4124
4218
4218
4601
4615
4615
4521
4521
4615
4615
4615
4652
4583
4583
4200
4200
4269
4269
4268
4231
4268
4268
4289
4275
4276
4597
4597
4576
4576
4575
4481
4502
4335
4336
4336
4274
3968
4062
4062
4062
4025
4331
4331
4331
4345
4345
4702
4633
4633
4619
4619
4619
4289
4289
3890
3584
3983
3983
3983
3983
4020
3999
4329
4496
4496
4279
4585
4968
4968
4968
4968
4801
4863
4506
4412
4412
4579
4517
4874
4874
4874
4874
4874
4874
4873
4552
4573
4573
4642
4642
4642
4642
4642
4573
4574
4636
4599
4599
4920
4989
4632
4632
4632
4326
4632
4632
4632
4631
4668
4669
4648
4662
4625
4982
5076
5076
5007
5224
5224
5224
5261
4878
4784
4878
4784
4784
5167
4768
4768
4197
4596
4596
4582
4582
4581
4581
4581
4581
5152
5152
5152
5152
5152
4649
4670
4764
4765
4765
4765
4765
4671
4350
4350
3967
4061
4061
4024
4093
4093
4093
4092
4129
4129
4143
4143
4143
4074
4074
4074
4577
4577
4578
4899
4862
4645
4324
4324
4541
4541
4541
4541
4324
4262
4331
4368
4367
4200
4417
4479
4479
4465
4465
4428
4211
4190
4190
4096
4190
4128
4128
4128
4128
4449
4616
4833
4834
4513
4512
4512
4512
4512
4574
4357
4357
4358
4358
4395
4716
4715
4715
4715
4715
4715
4678
4678
4678
4511
4678
4678
4357
4357
4358
4358
4358
4372
3973
3973
3973
3806
3744
4127
4127
4189
4189
4189
4189
4189
4588
4909
4909
4847
4833
4833
4833
4240
4302
4302
4034
4048
4048
4048
4316
4316
4316
4316
4010
4010
4047
4046
4046
4046
4352
4373
4373
4373
4590
4757
4743
5336
5336
5267
5267
5267
5336
5299
5082
5082
5082
4752
4753
4586
4586
4280
4280
4280
4586
4492
4492
4471
4471
4471
4638
4638
4471
4470
4470
4470
4484
4484
4484
4484
4484
4505
4443
4480
4542
4709
4542
4872
4873
4873
4873
5090
4769
4769
4463
4442
4763
4763
4763
4763
4726
4726
4657
4440
4461
4104
4090
4396
4396
4396
4334
4333
4312
4312
4312
4312
4669
4669
4669
4669
4669
4669
4669
4669
4669
4669
4669
4669
4669
4669
4669
4886
4529
4261
4261
4261
4261
4261
4261
4261
4261
3955
3955
3955
3955
3955
3955
3955
3955
4312
4312
4312
4312
4312
4312
4312
4312
4312
4479
4479
4479
4479
4479
4479
4479
4479
4479
4479
4479
4479
4479
4479
4479
4479
4479
4479
4096
4096
4096
4096
4096
4096
4096
3766
3599
3599
3661
3661
3661
3661
3661
3661
3967
3905
3905
3584
3646
3646
3646
3976
4359
4453
4453
4453
4453
4147
4147
4147
4147
4453
4453
4453
4453
4453
4453
4453
4453
4453
4453
4453
4453
4453
4453
4453
4453
4453
4453
4359
4453
4453
4453
4453
4453
4453
4453
4453
4453
4453
4453
4453
4453
4453
4453
4453
4453
4453
4453
4453
4453
4453
4453
4453
4453
4453
4453
4453
4453
4453
4453
4453
4453
4453
4453
4453
4453
4453
4453
4453
4453
4453
4453
4453
4453
4453
4453
4453
4359
4359
4359
4627
4627
4627
4627
4627
4627
4627
4627
4565
4565
4565
4565
4565
4565
4565
4565
4565
4565
4565
4565
4565
4565
4208
4208
4208
4208
4208
4529
4529
4146
4146
4146
4503
4503
4503
4503
4503
4503
4503
4503
4503
4503
4503
4503
4503
4503
4503
4503
4503
4503
4503
4503
4503
4286
4286
4286
4286
4286
4286
4286
4286
4286
4286
4286
4286
4286
4286
4286
4286
4286
4286
4286
4286
4286
4286
4286
4286
4286
4286
4503
4503
4503
4503
4503
4503
4503
4503
4503
4503
4173
4173
4173
4173
4503
4503
4503
4503
4503
4286
4286
4286
4286
4286
4286
4286
4286
4286
4286
4286
4286
4286
4286
4286
4286
4286
4286
4286
4286
4286
4286
4669
4669
4166
4166
4166
3845
3845
3845
3845
3845
4348
4348
4348
4348
4669
4669
4339
4339
3982
3982
4312
4312
4312
4312
3982
3982
3982
3982
4312
4312
4312
4669
4669
4669
4669
4669
4669
4669
4886
4886
4886
4886
4886
4886
4886
4886
4886
4886
4886
4886
4886
4886
4886
4886
4886
4886
4886
4886
4886
4886
4886
4886
4886
4886
4886
4565
4565
4565
4565
4208
4208
4208
4208
4208
4208
4208
4208
4208
4208
4208
4208
4208
4208
4208
4208
4208
4208
4208
4529
4529
4208
4208
4208
3809
3809
3809
3809
3809
3809
4208
4208
4208
4565
4565
4565
4062
4062
4062
4062
4062
4062
4062
4062
4062
4565
4565
4565
4565
4565
4565
4627
4627
4627
4627
4627
4627
4627
4627
4627
4627
4627
4627
4627
4627
4627
4565
4348
4348
4669
4669
4669
4348
4348
4080
4080
4348
4348
4348
4348
4348
4348
4348
4348
4348
4348
4348
4348
4348
4348
4348
4348
4348
4348
4348
4348
4348
4042
4209
4530
4530
4530
4530
4530
4530
4530
4530
4530
4530
4530
4530
4530
4530
4530
4530
4131
4131
4131
4530
4530
4530
4209
4209
4530
4363
4363
4363
4363
4363
4669
4669
4669
4669
4669
4669
4669
4166
3860
3860
3860
3860
4363
4363
4363
4669
4669
4669
4669
4669
4669
4669
4669
4669
4669
4669
4669
4669
4669
4886
4886
4886
4618
4618
4618
4618
4618
4618
4261
4261
4261
4261
4618
4618
4618
4618
4618
4618
4618
4618
4886
4886
4886
4618
4618
4618
4618
4618
4618
4618
4618
4618
4618
4618
4618
4886
4886
4886
4886
4886
4886
4886
4886
4886
4886
4886
4886
4886
4886
4886
4886
4886
4886
4886
4886
4886
4886
4886
4886
4886
4886
4886
4886
4886
4886
4886
4886
4886
4886
4618
4618
4618
4618
4618
4886
4886
4886
4886
4565
4565
4565
4565
4565
4565
4565
4565
4565
4348
4348
4348
4348
4669
4669
4669
4669
4669
4669
4669
4669
4669
4669
4669
4669
4669
4886
4886
4886
4886
4886
4886
4886
4886
4886
4886
4886
4886
4886
4886
4886
4886
4886
4886
4886
4886
4886
4886
4886
4886
4886
4565
4565
4565
4565
4565
4565
4565
4627
4627
4627
4627
4627
4627
4627
4627
4627
4627
4627
4627
4627
4627
4627
4627
4627
4627
4627
4627
4627
4359
4359
4359
4359
4359
4359
4359
4453
4453
4453
4453
4453
4453
4453
4453
4453
4453
4453
4453
4453
4453
4453
4453
4453
4453
4453
4453
4453
4453
4453
4453
4453
4453
4453
4453
4453
4453
4453
4453
4453
4453
4453
4453
4453
4453
4453
4147
4147
4147
4147
4147
4453
4453
4453
4453
4453
4453
4453
4453
4453
4453
4453
4453
4453
4453
4453
4453
4453
4453
4453
4453
4453
4359
4359
4359
4359
4359
4359
4359
4359
4359
4359
4359
4359
4359
4359
4359
4359
4359
4359
4359
4359
4627
4627
4627
4627
4627
4627
4627
4627
4627
4627
4627
4627
4627
4627
4627
4627
4627
4627
4627
4627
4627
4627
4627
4627
4627
4627
4627
4627
4627
4627
4359
4453
4453
4453
4453
4453
4453
4453
4453
4453
4453
4453
4453
4453
4453
4359
4359
4359
4359
4359
4359
4359
4359
4359
4359
4359
4359
4359
4359
4359
4359
4359
4359
4359
4359
4359
4359
4453
4453
4453
4453
4453
4453
4453
4453
4453
4453
4453
4453
4453
4453
4453
4453
4453
4453
4453
4453
4453
4453
4453
4453
4453
4453
4453
4453
4453
4453
4453
4453
4453
4453
4453
4359
4359
4359
4359
4359
4359
4359
4359
4297
4297
4297
4297
4297
4618
4618
4618
4618
4618
4618
4618
4618
4618
4618
4886
4886
4886
4886
4886
4886
4886
4886
4886
4886
4886
4886
4503
4503
4886
4886
4886
4886
4886
4886
4886
4886
4886
4886
4886
4886
4886
4886
4886
4886
4886
4886
4886
4886
4886
4886
4383
4383
4383
4383
4383
4383
4383
4383
4383
4166
4166
4166
4166
4166
4166
4166
4166
3845
3845
3845
3845
3845
3845
4166
4166
4166
4166
4166
4383
4383
4115
4115
4115
4115
4115
4115
4152
4152
4152
4152
4152
4152
4152
4152
4152
4152
4152
4152
4115
4115
4383
4383
4383
4383
4383
4383
4383
4383
4383
3984
3984
3984
3984
3984
3984
3984
3984
3984
3984
3984
3984
3984
3984
3984
3984
3627
3627
3627
3627
3627
3627
3627
3306
3663
3663
3663
3663
3663
3663
4062
4062
4062
4062
4062
4062
4062
4062
4062
4062
4062
4565
4565
4565
4565
4565
4565
4627
4627
4627
4627
4627
4627
4627
4627
4627
4627
4565
4565
4565
4627
4627
4627
4627
4627
4627
4627
4627
4627
4627
4627
4627
4627
4627
4627
4627
4627
4627
4627
4627
4627
4627
4627
4627
4627
4627
4627
4627
4627
4627
4627
4627
4627
4627
4627
4627
4627
4627
4627
4627
4627
4627
4627
4565
4565
4565
4565
4565
4565
4565
4886
4886
4886
4886
4886
4886
4886
4886
4886
4886
4886
4886
4886
4886
4383
4383
4383
4383
4383
4383
4383
4383
4383
4383
4383
4383
4383
4383
4383
4383
4383
4383
4383
4383
4886
4886
4886
4886
4886
4886
4886
4886
4886
4565
4565
4565
4565
4565
4565
4565
4565
4565
4565
4565
4565
4565
4565
4565
4565
4565
4565
4565
4565
4565
4565
4166
4166
4166
4166
4166
4166
4166
4166
4166
4166
4166
4166
4166
4166
4166
4166
3898
3898
3898
3898
3898
3898
3592
3592
3592
3592
3991
3991
3991
3991
3991
3991
3991
3991
3991
3991
3991
3991
3991
3991
3991
3991
3991
4312
4479
4479
4479
4479
4479
4479
4479
4479
4479
4479
4479
4479
4479
4479
4479
4479
4479
4479
4479
4479
4479
4262
4262
3905
3905
3905
3905
3905
3584
3584
3584
3584
3584
3584
3584
3584
3905
3905
3905
3905
3905
3575
3575
3575
3575
3575
3575
3575
3575
3575
3575
3669
3669
3669
3669
3669
3502
3502
3502
3502
3502
3502
3502
3669
3669
3669
3669
3669
3669
3669
3669
3669
3669
3669
3669
3669
3669
3683
3683
4040
4040
4040
4040
4040
4040
4040
4040
4040
4040
4040
4040
4040
4040
4040
4040
4040
4026
4026
4026
4026
4026
4040
4040
4026
4026
4026
4026
4026
4026
4026
3859
3859
3928
3928
3834
3765
3859
3859
4165
4165
4234
4234
4234
4255
4234
4234
4234
4234
4234
4234
4234
4234
4234
4234
3877
3877
3877
3877
3877
3877
3877
3877
3877
3877
3877
3877
3877
3808
3808
3808
3808
3808
3808
3808
3808
3808
3808
3808
3808
3808
3808
3808
3808
3808
3808
3808
3808
3808
3808
3808
3877
3877
3877
3808
4165
4165
4165
4165
4165
4165
4165
4165
4165
4165
4165
4165
4165
4165
4165
4165
3808
3808
3808
3808
3808
3808
3808
3808
3808
3808
3808
3808
3808
3808
3808
3808
3808
3808
3808
3808
4165
4165
4165
3859
3859
3859
3859
3859
4165
4165
4165
4165
4165
4165
4165
4165
4165
4165
4165
4165
4165
4165
4234
4234
4234
4234
4234
4234
4234
4234
4234
4234
4234
4234
4234
4140
4140
3741
3741
3741
3741
3741
3741
3672
4071
4339
4339
4339
4669
4886
4886
4886
4886
4886
4886
4529
4529
4529
4529
4146
4503
4503
4503
4503
4503
4503
4503
4503
4565
4565
4565
4565
4565
4565
4565
4565
4565
4565
4565
4565
4565
4565
4565
4565
4565
4565
4565
4565
4565
4565
4565
4565
4565
4565
4565
4565
4565
4565
4565
4565
4565
4565
4565
4565
4565
4565
4565
4565
4565
4565
4565
4565
4565
4565
4565
4565
4565
4565
4565
4565
4565
4565
4565
4565
4565
4565
4565
4565
4565
4565
4565
4565
4565
4565
4565
4565
4565
4565
4565
4565
4244
4244
4244
4244
4244
4244
4244
4244
4244
4244
3976
4070
4070
4070
4070
4453
4453
4453
4453
4453
4453
4453
4453
4453
4147
4147
4147
4147
4147
4147
4147
4147
4314
4314
4314
4314
4314
4314
4314
4314
4314
4314
4314
4314
4314
4314
4314
4314
4314
4314
4314
4314
4314
4314
4314
4314
4314
4314
4314
4314
4314
4314
4314
4314
4314
4314
4314
4314
4314
4147
4147
4147
4147
4147
4314
4314
4314
4314
4314
4314
4314
4314
4314
4314
4314
4314
4328
4328
4328
4328
4328
4328
4328
4328
4314
4314
4314
4314
4314
4314
4314
4314
4314
4314
4314
4314
4314
4314
4147
4147
4147
4453
4453
4453
4359
4359
4359
4359
4359
4359
4453
4453
4453
4453
4453
4453
4453
4453
4453
4453
4453
4453
4453
4453
4453
4453
4453
4453
4453
4453
4453
4453
4453
4453
4453
4453
4453
4453
4453
4453
4453
4453
4453
4453
4453
4453
4453
4453
4453
4453
4453
4453
4453
4453
4453
4453
4453
4453
4453
4453
4453
4453
4453
4453
4453
4453
4453
4453
4453
4453
4453
4453
4453
4453
4453
4453
4453
4453
4453
4453
4453
4453
4453
4453
4453
4453
4453
4070
4070
4391
4391
4085
4085
4085
4085
4085
4085
4085
4391
4391
4391
4085
4085
4085
4085
4085
4085
4085
4085
4391
4391
4391
4391
4391
4391
4391
4391
4391
4391
4391
4391
4391
4391
4391
4391
4391
4391
4391
4391
4391
4391
4391
4391
4391
4391
4391
4391
4391
4297
4297
4297
4297
4565
4565
4565
4565
4565
4565
4565
4565
4565
4565
4565
4565
4565
4565
4565
4565
4565
4565
4565
4565
4565
4565
4565
4565
4565
4565
4565
4565
4565
4565
4565
4565
4565
4565
4565
4565
4565
4565
4565
4565
4565
4565
4565
4565
4565
4565
4565
4565
4565
4565
4565
4565
4565
4565
4565
4565
4565
4565
4565
4565
4565
4565
4565
4565
4565
4565
4565
4565
4565
4565
4297
4297
4235
4235
4235
4235
4503
4503
4503
4565
4565
4297
4297
4297
4297
4297
4297
4297
4297
4235
4235
4503
4503
4503
4503
4503
4503
4503
4503
4503
4503
4503
4503
4503
4503
4503
4503
4503
4503
4503
4503
4503
4503
4503
4503
4503
4503
4503
4503
4503
4886
4886
4886
4886
4886
4886
4886
4886
4886
4886
4886
4886
4886
4886
4886
4886
4886
4886
4886
4886
4886
4886
4886
4886
4886
4886
4565
4565
4565
4565
4565
4565
4565
4565
4565
4565
4565
4565
4565
4565
4565
4565
4565
4565
4565
4565
4565
4565
4565
4565
4565
4565
4886
4886
4886
4886
4669
4669
4669
4669
4669
4669
4669
4669
4669
4669
4669
4669
4669
4669
4669
4669
4669
4669
4669
4886
4886
4886
4886
4886
4886
4886
4886
4565
4565
4565
4565
4565
4565
4565
4565
4565
4208
4208
4208
4208
4208
4208
4208
4529
4529
4529
4529
4529
4529
4529
4529
4529
4529
4886
4886
4886
4886
4886
4886
4886
4886
4886
4886
4886
4886
4886
4886
4886
4886
4886
4886
4886
4886
4886
4886
4886
4503
4503
4503
4503
4503
4503
4503
4503
4503
4503
4503
4503
4503
4503
4503
4503
4235
4618
4618
4618
4618
4618
4618
4618
4618
4618
4618
4618
4618
4618
4618
4618
4618
4886
4886
4886
4886
4487
4487
4487
4487
4487
4487
4487
4487
4487
4487
4487
4886
4886
4886
4886
4886
4886
4886
4886
4886
4886
4886
4886
4886
4886
4886
4886
4886
4886
4886
4886
4886
4886
4886
4886
4886
4886
4886
4886
4886
4886
4886
4886
4886
4886
4886
4886
4886
4886
4886
4886
4886
4886
4886
4886
4886
4886
4886
4886
4886
4886
4618
4618
4618
4618
4618
4618
4618
4618
4618
4618
4886
4886
4886
4886
4886
4886
4886
4886
4886
4886
4886
4886
4886
4886
4886
4886
4886
4886
4886
4886
4886
4886
4886
4886
4886
4886
4886
4886
4886
4886
4886
4886
4886
4886
4886
4886
4886
4886
4886
4886
4886
4886
4886
4886
4886
4886
4886
4886
4886
4886
4886
4886
4886
4565
4565
4565
4565
4565
4627
4627
4627
4627
4627
4627
4627
4627
4627
4627
4627
4627
4627
4565
4886
4886
4886
4886
4886
4886
4565
4565
4565
4565
4565
4565
4565
4182
4182
4182
4182
4182
4182
4182
4182
4182
4182
4503
4503
4503
4146
4503
4503
4503
4503
4503
4503
4503
4503
4565
4565
4565
4565
4565
4565
4565
4565
4297
4297
4297
4297
4297
3967
3967
3967
3967
3967
3967
3967
3967
3967
3967
3967
3967
3967
3967
3967
3967
3967
3967
3967
3967
3967
3967
3967
3967
3967
3967
3967
4235
4235
4565
4565
4503
4503
4565
4565
4565
4565
4565
4565
4565
4565
4565
4565
4565
4565
4565
4565
4565
4565
4565
4565
4565
4565
4565
4565
4565
4565
4565
4565
4565
4565
4565
4565
4565
4565
4565
4565
4565
4565
4565
4565
4565
4565
4565
4244
4244
4244
4244
4244
4244
4244
4244
4244
4244
4244
4244
4244
4565
4565
4565
4565
4565
4565
4503
4503
4503
4503
4503
4503
4503
4503
4503
4503
4503
4503
4565
4297
4391
4391
4391
4391
4391
4391
4297
4297
4297
4297
4297
4297
4297
4297
4297
4297
4391
4391
4391
4391
4391
4391
4391
4391
4391
4391
4391
4391
4391
4391
4391
4391
4391
4391
4391
4391
4391
4391
4391
4391
4391
4391
4391
4391
4391
4391
4391
4391
4391
4391
4391
4391
4391
4391
4391
4391
4391
4391
4391
4391
4391
4391
4391
4391
4297
4297
4565
4565
4565
4565
4565
4565
4565
4565
4565
4565
4565
4565
4565
4565
4565
4565
4565
4565
4565
4503
4503
4503
4503
4503
4886
4886
4886
4886
4886
4886
4886
4886
4886
4886
4886
4886
4886
4886
4669
4669
4669
4669
4669
4669
4669
4669
4669
4886
4886
4886
4886
4886
4886
4886
4886
4886
4886
4669
4669
4669
4669
4669
4669
4669
4669
4669
4669
4669
4886
4886
4886
4886
4886
4886
4886
4886
4669
4669
4669
4886
4886
4886
4886
4886
4886
4886
4886
4886
4886
4886
4886
4886
4886
4886
4886
4886
4886
4886
4886
4886
4886
4886
4886
4886
4886
4886
4886
4886
4886
4886
4886
4886
4886
4886
4886
4886
4886
4886
4886
4886
4886
4886
4886
4886
4886
4886
4886
4886
4886
4886
4886
4886
4886
4886
4886
4886
4383
4383
4383
4383
4383
4383
4383
4383
4383
4383
4383
4383
4383
4383
4383
4383
4383
4383
4383
4383
4383
4383
4383
4383
4383
4383
4383
4383
4383
4383
4383
4383
4383
4383
4886
4886
4886
4886
4886
4886
4886
4886
4886
4886
4886
4886
4886
4886
4886
4886
4886
4886
4886
4886
4886
4886
4886
4886
4886
4886
4886
4886
4886
4618
4618
4618
4618
4618
4618
4618
4618
4618
4618
4618
4618
4618
4618
4618
4618
4618
4618
4618
4618
4618
4618
4618
4618
4618
4618
4618
4618
4618
4618
4618
4618
4618
4618
4618
4618
4618
4618
4618
4886
4886
4886
4886
4886
4886
4886
4886
4886
4886
4886
4886
4886
4886
4886
4886
4886
4886
4886
4886
4886
4886
4886
4886
4886
4565
4565
4565
4565
4627
4627
4627
4565
4565
4565
4565
4565
4565
4565
4565
4565
4565
4565
4565
4565
4886
4886
4886
4886
4886
4886
4886
4886
4886
4886
4886
4886
4886
4886
4886
4886
4886
4886
4886
4886
4886
4886
4886
4886
4886
4886
4886
4886
4886
4886
4886
4886
4886
4886
4886
4886
4886
4886
4886
4886
4886
4886
4886
4886
4886
4886
4886
4886
4886
4886
4886
4886
4886
4886
4886
4886
4886
4886
4886
4886
4886
4886
4886
4886
4886
4886
4886
4886
4886
4886
4886
4886
4886
4886
4886
4886
4886
4886
4886
4886
4886
4886
4886
4886
4886
4886
4886
4886
4886
4886
4886
4886
4886
4886
4886
4886
4886
4886
4886
4886
4886
4886
4886
4886
4886
4886
4886
4886
4886
4886
4886
4886
4886
4886
4886
4886
4886
4886
4886
4886
4886
4886
4886
4886
4886
4886
4886
4886
4886
4886
4886
4886
4886
4886
4886
4886
4886
4886
4886
4886
4886
4886
4886
4886
4886
4886
4886
4886
4886
4886
4886
4886
4886
4886
4886
4886
4886
4886
4886
4886
4886
4886
4886
4487
4886
4886
4886
4886
4886
4886
4886
4886
4886
4886
4886
4886
4886
4886
4886
4886
4886
4886
4886
4886
4886
4886
4886
4886
4886
4886
4886
4886
4886
4886
4886
4886
4886
4886
4886
4886
4886
4886
4886
4886
4886
4886
4886
4886
4886
4886
4886
4886
4886
4886
4886
4886
4886
4886
4886
4886
4886
4886
4886
4886
4886
4886
4886
4886
4886
4886
4886
4886
4886
4886
4886
4886
4886
4886
4886
4886
4886
4886
4886
4886
4886
4886
4886
4886
4886
4886
4886
4886
4886
4886
4886
4886
4886
4886
4886
4886
4886
4886
4886
4886
4886
4886
4886
4886
4886
4886
4886
4886
4886
4886
4886
4886
4886
4886
4886
4886
4886
4886
4886
4886
4886
4886
4886
4886
4886
4886
4886
4886
4886
4886
4886
4886
4886
4886
4886
4886
4886
4886
4669
4669
4669
4669
4669
4669
4669
4669
4669
4886
4886
4886
4886
4886
4886
4669
4669
4669
4669
4669
4669
4669
4669
4669
4669
4669
4669
4669
4669
4669
4669
4886
4886
4886
4886
4886
4886
4886
4886
4886
4886
4886
4886
4565
4627
4627
4627
4627
4627
4627
4627
4627
4627
4627
4627
4627
4627
4627
4627
4627
4627
4627
4627
4627
4627
4627
4627
4627
4627
4627
4627
4627
4627
4627
4627
4627
4627
4627
4627
4627
4627
4627
4627
4627
4627
4627
4627
4627
4627
4627
4627
4627
4627
4627
4627
4627
4627
4627
4627
4627
4627
4627
4627
4627
4627
4627
4627
4627
4627
4359
4359
4359
4359
4359
4359
4359
4359
4359
4359
4359
4359
4359
4359
4359
4627
4627
4627
4627
4565
4565
4565
4886
4886
4886
4886
4886
4886
4886
4886
4886
4886
4886
4886
4886
4886
4886
4886
4886
4886
4886
4886
4886
4886
4886
4886
4886
4886
4886
4886
4886
4886
4886
4886
4886
4886
4886
4886
4886
4886
4886
4565
4565
4565
4565
4565
4565
4565
4565
4166
4166
4166
4487
4487
4487
4487
4487
4487
4487
4886
4886
4886
4886
4886
4886
4886
4886
4886
4886
4886
4886
4886
4886
4886
4886
4886
4886
4886
4886
4886
4886
4886
4886
4886
4886
4886
4886
4886
4886
4886
4886
4886
4886
4886
4886
4886
4886
4886
4886
4886
4886
4886
4886
4886
4886
4886
4886
4886
4886
4886
4886
4886
4886
4886
4886
4886
4886
4886
4886
4886
4886
4886
4886
4886
4886
4886
4886
4886
4886
4886
4886
4886
4886
4886
4886
4886
4886
4886
4886
4886
4886
4886
4886
4886
4886
4886
4886
4886
4886
4886
4886
4886
4886
4886
4886
4503
4503
4503
4503
4503
4503
4503
4503
4503
4503
4503
4503
4503
4503
4503
4503
4503
4503
4503
4503
4503
4886
4886
4886
4886
4886
4886
4886
4886
4886
4886
4886
4886
4886
4886
4886
4886
4886
4669
4669
4669
4669
4669
4886
4886
4886
4886
4886
4886
4886
4886
4886
4886
4886
4886
4886
4886
4886
4886
4886
4886
4886
4886
4886
4886
4886
4886
4886
4886
4886
4529
4529
4529
4529
4529
4529
4529
4529
4529
4529
4529
4529
4529
4529
4529
4529
4529
4529
4529
4529
4529
4886
4886
4886
4886
4886
4886
4886
4886
4886
4886
4886
4886
4886
4886
4886
4886
4886
4886
4886
4886
4886
4886
4886
4886
4886
4886
4886
4886
4886
4886
4886
4886
4886
4886
4886
4886
4886
4886
4886
4886
4886
4886
4886
4886
4886
4886
4886
4503
4503
4565
4565
4565
4565
4565
4503
4503
4503
4503
4503
4503
4503
4503
4503
4503
4503
4503
4503
4503
4503
4503
4503
4886
4886
4886
4886
4886
4886
4886
4886
4886
4886
4886
4886
4886
4886
4886
4886
4886
4886
4886
4886
4886
4886
4886
4886
4886
4886
4886
4886
4886
4886
4503
4503
4503
4503
4503
4503
4503
4503
4503
4503
4503
4503
4503
4503
4503
4503
4503
4503
4104
4104
4104
4104
4104
4104
4104
4104
4104
4104
4104
4104
4104
4104
4104
4104
4104
4104
4104
4104
4104
4104
4104
4104
4104
4104
4104
4104
4104
4104
4487
4886
4886
4886
4886
4886
4886
4886
4886
4886
4886
4886
4886
4886
4886
4886
4886
4886
4886
4886
4669
4669
4886
4886
4886
4886
4886
4886
4886
4886
4886
4886
4886
4886
4886
4886
4886
4886
4886
4886
4886
4886
4886
4886
4886
4886
4565
4565
4565
4565
4565
4565
4565
4565
4565
4565
4565
4627
4627
4627
4565
4565
4565
4565
4565
4565
4627
4627
4627
4627
4627
4627
4627
4627
4627
4627
4627
4627
4627
4627
4627
4627
4627
4627
4627
4627
4627
4627
4627
4627
4627
4627
4627
4627
4627
4627
4627
4627
4627
4627
4627
4627
4627
4627
4627
4627
4627
4627
4627
4627
4565
4565
4565
4565
4565
4886
4886
4886
4886
4886
4886
4886
4886
4886
4886
4886
4886
4886
4886
4886
4886
4886
4886
4886
4886
4886
4886
4886
4886
4886
4886
4886
4886
4886
4886
4886
4886
4886
4886
4886
4886
4886
4886
4669
4669
4669
4669
4669
4669
4669
4669
4669
4669
4886
4886
4886
4886
4886
4886
4886
4886
4886
4886
4886
4886
4886
4886
4886
4886
4886
4886
4886
4618
4618
4618
4618
4618
4618
4618
4618
4618
4618
4618
4618
4618
4618
4618
4618
4618
4618
4618
4618
4618
4618
4618
4618
4618
4618
4618
4618
4618
4618
4618
4618
4618
4618
4618
4618
4618
4618
4618
4618
4618
4618
4618
4618
4618
4618
4618
4618
4618
4618
4618
4618
4618
4618
4886
4886
4669
4669
4669
4669
4669
4669
4669
4669
4669
4669
4669
4669
4669
4401
4401
4401
4401
4401
4401
4401
4401
4401
4401
4401
4401
4401
4669
4669
4669
4886
4886
4886
4886
4886
4886
4886
4886
4886
4886
4886
4886
4886
4886
4886
4886
4886
4886
4886
4886
4886
4886
4886
4886
4886
4886
4886
4886
4886
4886
4886
4886
4886
4886
4886
4886
4886
4886
4886
4886
4886
4886
4886
4886
4886
4886
4886
4886
4886
4886
4886
4886
4886
4886
4886
4886
4886
4886
4886
4886
4886
4886
4886
4886
4886
4886
4886
4886
4886
4886
4886
4886
4886
4886
4886
4886
4886
4886
4886
4886
4886
4886
4886
4886
4886
4886
4886
4886
4886
4886
4886
4886
4886
4886
4886
4886
4886
4886
4886
4886
4886
4886
4886
4886
4886
4886
4886
4886
4886
4886
4886
4886
4886
4886
4886
4886
4886
4886
4886
4886
4886
4886
4886
4886
4886
4886
4886
4886
4886
4886
4886
4886
4886
4886
4886
4886
4886
4886
4886
4886
4886
4886
4886
4886
4886
4886
4886
4886
4886
4886
4886
4886
4886
4886
4886
4886
4886
4886
4886
4886
4886
4886
4886
4886
4886
4886
4886
4886
4886
4886
4618
4618
4618
4618
4618
4618
4618
4886
4886
4886
4886
4886
4886
4886
4886
4886
4886
4886
4886
4886
4886
4886
4886
4886
4886
4886
4886
4886
4886
4886
4886
4886
4886
4886
4886
4886
4886
4886
4886
4886
4886
4886
4886
4886
4886
4886
4886
4886
4886
4886
4886
4886
4886
4886
4886
4886
4886
4886
4886
4886
4886
4886
4886
4886
4886
4886
4886
4886
4886
4886
4886
4886
4886
4886
4886
4886
4886
4886
4886
4886
4886
4886
4886
4886
4886
4886
4886
4886
4886
4886
4886
4886
4886
4886
4886
4886
4886
4886
4886
4886
4886
4886
4886
4886
4886
4886
4886
4886
4886
4886
4669
4669
4669
4669
4669
4669
4669
4669
4886
4886
4886
4886
4886
4886
4886
4886
4886
4886
4886
4886
4886
4886
4886
4886
4886
4886
4886
4886
4886
4886
4886
4886
4886
4886
4886
4886
4886
4886
4886
4886
4886
4886
4886
4886
4886
4886
4886
4886
4886
4886
4886
4886
4886
4886
4886
4886
4886
4886
4886
4886
4886
4886
4886
4886
4886
4886
4886
4886
4886
4886
4886
4886
4886
4886
4886
4886
4886
4886
4886
4886
4886
4886
4886
4886
4886
4886
4886
4886
4886
4886
4886
4886
4886
4886
4886
4886
4886
4886
4886
4886
4886
4886
4886
4886
4886
4886
4886
4886
4886
4886
4886
4886
4886
4886
4886
4886
4886
4886
4886
4886
4886
4886
4886
4886
4886
4565
4565
4565
4565
4565
4886
4886
4886
4886
4886
4886
4886
4886
4886
4886
4886
4886
4886
4669
4669
4669
4886
4886
4886
4886
4886
4886
4886
4886
4886
4886
4886
4886
4886
4886
4886
4886
4886
4886
4886
4886
4886
4886
4886
4886
4886
4886
4886
4886
4886
4886
4886
4886
4886
4886
4886
4886
4886
4886
4886
4886
4886
4886
4886
4886
4886
4886
4886
4886
4886
4886
4886
4886
4886
4886
4886
4886
4886
4886
4886
4886
4886
4886
4669
4669
4669
4669
4669
4669
4669
4669
4669
4669
4669
4669
4669
4669
4669
4669
4669
4669
4669
4669
4669
4669
4669
4669
4669
4669
4669
4669
4669
4669
4669
4669
4669
4669
4669
4669
4669
4669
4669
4669
4669
4669
4669
4669
4669
4669
4669
4669
4669
4886
4886
4886
4886
4886
4886
4886
4886
4886
4886
4886
4886
4886
4886
4886
4886
4886
4886
4886
4886
4886
4886
4886
4886
4886
4886
4886
4529
4529
4529
4529
4529
4529
4529
4886
4886
4886
4886
4886
4886
4886
4886
4886
4886
4886
4886
4886
4886
4886
4886
4886
4886
4886
4886
4886
4886
4886
4886
4886
4886
4886
4886
4886
4886
4886
4886
4886
4886
4886
4886
4886
4886
4886
4886
4886
4886
4886
4886
4886
4886
4886
4886
4886
4669
4669
4669
4669
4669
4669
4669
4669
4669
4669
4669
4669
4669
4669
4401
4401
4401
4401
4401
4401
4401
4401
4401
4401
4401
4669
4669
4669
4669
4669
4669
4669
4669
4669
4669
4669
4669
4669
4669
4669
4669
4669
4669
4669
4669
4669
4669
4669
4669
4669
4669
4669
4669
4669
4669
4669
4669
4669
4669
4669
4669
4669
4669
4669
4669
4669
4669
4669
4669
4669
4669
4669
4669
4669
4669
4669
4669
4669
4669
4886
4886
4886
4886
4886
4886
4886
4886
4886
4886
4886
4886
4886
4886
4886
4886
4886
4886
4886
4886
4886
4886
4886
4886
4886
4886
4886
4886
4886
4886
4886
4886
4886
4886
4886
4886
4886
4886
4886
4886
4886
4886
4886
4886
4886
4886
4886
4886
4886
4886
4886
4886
4886
4886
4669
4669
4669
4669
4669
4669
4669
4669
4669
4669
4669
4669
4669
4669
4669
4669
4669
4669
4669
4669
4669
4669
4669
4669
4669
4669
4886
4886
4886
4886
4886
4886
4886
4886
4886
4886
4886
4886
4886
4886
4886
4886
4886
4886
4886
4886
4886
4886
4886
4886
4886
4886
4886
4886
4886
4886
4886
4886
4886
4886
4886
4886
4886
4886
4886
4886
4886
4886
4886
4886
4886
4886
4886
4886
4886
4886
4886
4886
4886
4886
4886
4886
4886
4886
4886
4886
4886
4886
4886
4886
4886
4886
4886
4886
4886
4886
4886
4886
4886
4886
4886
4886
4886
4886
4886
4886
4886
4886
4886
4886
4886
4886
4886
4886
4886
4886
4886
4886
4886
4886
4886
4886
4886
4886
4886
4886
4886
4886
4886
4886
4886
4886
4886
4886
4886
4886
4886
4886
4886
4886
4886
4886
4886
4886
4886
4886
4886
4886
4886
4886
4886
4886
4886
4886
4886
4886
4886
4886
4886
4886
4886
4886
4886
4886
4886
4886
4886
4886
4886
4886
4886
4886
4886
4886
4886
4886
4886
4886
4886
4886
4886
4886
4886
4886
4886
4886
4886
4886
4886
4886
4886
4886
4886
4886
4886
4886
4886
4886
4886
4886
4886
4886
4886
4886
4886
4886
4886
4886
4886
4886
4886
4886
4886
4886
4886
4886
4886
4886
4886
4886
4886
4886
4886
4886
4886
4886
4886
4886
4886
4886
4886
4886
4886
4886
4886
4886
4886
4886
4886
4886
4886
4886
4886
4886
4886
4886
4886
4886
4886
4886
4886
4886
4886
4886
4886
4886
4886
4886
4886
4886
4886
4886
4886
4886
4886
4886
4886
4886
4886
4886
4886
4886
4886
4886
4886
4886
4886
4886
4886
4886
4886
4886
4886
4886
4886
4886
4886
4886
4886
4886
4886
4886
4886
4886
4886
4886
4886
4886
4886
4886
4886
4886
4886
4886
4886
4886
4886
4886
4886
4886
4886
4886
4886
4886
4886
4886
4886
4886
4886
4886
4886
4886
4886
4886
4886
4886
4886
4886
4886
4886
4886
4886
4669
4669
4669
4669
4669
4669
4669
4669
4669
4669
4669
4669
4669
4669
4669
4669
4669
4669
4669
4669
4669
4669
4669
4669
4669
4669
4669
4669
4669
4669
4886
4886
4886
4886
4886
4886
4886
4886
4886
4886
4886
4886
4886
4886
4886
4886
4886
4886
4886
4886
4886
4886
4886
4886
4669
4669
4669
4669
4669
4669
4669
4669
4669
4669
4669
4669
4669
4669
4669
4669
4886
4886
4886
4886
4886
4886
4886
4886
4886
4886
4886
4886
4886
4886
4886
4886
4886
4886
4886
4886
4886
4886
4886
4886
4886
4886
4886
4886
4886
4886
4886
4886
4886
4886
4886
4886
4886
4886
4886
4886
4886
4886
4886
4886
4886
4886
4886
4886
4669
4669
4886
4886
4886
4886
4886
4886
4886
4886
4886
4886
4886
4886
4886
4886
4886
4886
4886
4886
4886
4886
4886
4886
4886
4886
4886
4886
4886
4886
4886
4886
4886
4886
4618
4618
4618
4618
4618
4618
4886
4886
4886
4886
4886
4886
4886
4886
4886
4886
4886
4886
4618
4618
4618
4618
4618
4618
4618
4618
4886
4886
4886
4886
4886
4886
4886
4886
4886
4886
4886
4886
4886
4886
4886
4886
4886
4886
4886
4886
4886
4886
4886
4886
4886
4886
4886
4886
4886
4886
4886
4886
4886
4886
4886
4886
4886
4886
4886
4886
4886
4886
4886
4886
4886
4886
4886
4886
4886
4886
4886
4886
4886
4886
4886
4886
4886
4886
4886
4886
4886
4886
4886
4886
4886
4886
4886
4886
4886
4886
4886
4886
4886
4886
4886
4886
4886
4886
4886
4886
4886
4886
4886
4886
4886
4886
4886
4886
4886
4886
4886
4886
4886
4886
4886
4886
4886
4886
4886
4886
4886
4886
4886
4886
4886
4886
4886
4886
4886
4886
4886
4886
4886
4886
4886
4886
4886
4886
4886
4886
4886
4886
4886
4886
4886
4886
4886
4886
4886
4886
4886
4886
4886
4886
4886
4886
4886
4886
4886
4886
4886
4886
4886
4886
4886
4886
4886
4886
4886
4886
4886
4886
4886
4886
4886
4886
4886
4886
4886
4886
4886
4886
4886
4886
4886
4886
4886
4886
4886
4886
4886
4886
4886
4886
4886
4886
4886
4886
4886
4886
4886
4886
4886
4886
4886
4886
4886
4886
4886
4886
4886
4886
4886
4886
4886
4886
4886
4886
4886
4886
4886
4886
4886
4886
4886
4886
4886
4886
4886
4886
4886
4886
4886
4886
4886
4886
4886
4886
4886
4886
4886
4886
4886
4886
4886
4886
4886
4886
4886
4886
4886
4886
4886
4886
4886
4886
4886
4886
4886
4886
4886
4886
4886
4886
4886
4886
4886
4886
4886
4886
4886
4886
4886
4886
4886
4886
4886
4886
4886
4886
4886
4886
4886
4886
4886
4886
4886
4886
4886
4886
4886
4886
4886
4886
4886
4886
4886
4886
4886
4886
4886
4886
4886
4886
4886
4886
4886
4886
4886
4886
4886
4886
4886
4886
4886
4886
4886
4886
4886
4669
4669
4886
4886
4886
4886
4886
4886
4886
4886
4886
4886
4886
4886
4886
4886
4886
4886
4886
4886
4886
4886
4886
4886
4886
4886
4886
4886
4886
4886
4886
4886
4886
4886
4886
4886
4886
4886
4886
4886
4886
4886
4886
4886
4886
4886
4886
4886
4886
4886
4886
4886
4886
4886
4886
4886
4886
4886
4886
4886
4886
4886
4886
4886
4886
4886
4886
4886
4886
4886
4886
4886
4886
4886
4886
4886
4886
4886
4886
4886
4886
4886
4886
4886
4886
4886
4886
4886
4886
4886
4886
4886
4886
4886
4886
4886
4886
4886
4886
4886
4886
4886
4886
4886
4886
4886
4886
4886
4886
4886
4886
4886
4886
4886
4886
4886
4886
4886
4886
4886
4886
4886
4886
4886
4886
4886
4886
4886
4886
4886
4886
4886
4886
4886
4886
4886
4886
4886
4886
4886
4886
4886
4886
4886
4886
4886
4886
4886
4886
4886
4886
4886
4886
4886
4886
4886
4886
4886
4886
4886
4886
4886
4886
4886
4886
4886
4886
4886
4886
4886
4886
4886
4886
4886
4886
4886
4886
4886
4886
4886
4886
4886
4886
4886
4886
4886
4886
4886
4886
4886
4886
4886
4886
4886
4886
4886
4886
4886
4886
4886
4886
4886
4886
4886
4886
4886
4886
4886
4886
4886
4886
4886
4886
4886
4886
4886
4886
4886
4886
4886
4886
4886
4886
4886
4886
4886
4886
4886
4886
4886
4886
4886
4886
4886
4886
4886
4886
4886
4886
4886
4886
4886
4886
4886
4886
4886
4886
4886
4886
4886
4886
4886
4886
4886
4886
4886
4886
4886
4886
4886
4886
4886
4886
4886
4886
4886
4886
4886
4886
4886
4886
4886
4886
4886
4886
4886
4886
4886
4886
4886
4886
4886
4886
4886
4886
4886
4886
4886
4886
4886
4886
4886
4886
4886
4886
4886
4886
4886
4886
4886
4886
4886
4886
4886
4886
4886
4886
4886
4886
4886
4886
4886
4886
4886
4886
4886
4886
4886
4886
4886
4886
4886
4886
4886
4886
4886
4886
4886
4886
4886
4886
4886
4886
4886
4886
4886
4886
4886
4886
4886
4886
4886
4886
4886
4886
4886
4886
4886
4886
4886
4886
4886
4886
4886
4886
4886
4886
4886
4886
4886
4886
4886
4886
4886
4886
4886
4886
4886
4886
4886
4886
4886
4886
4886
4886
4886
4886
4886
4886
4886
4886
4886
4886
4886
4886
4886
4886
4886
4886
4886
4886
4886
4886
4886
4886
4886
4886
4886
4886
4886
4886
4886
4886
4886
4886
4886
4886
4886
4886
4886
4886
4886
4886
4886
4886
4886
4886
4886
4886
4886
4886
4886
4886
4886
4886
4886
4886
4886
4886
4886
4886
4886
4886
4886
4886
4886
4886
4886
4886
4886
4886
4886
4886
4886
4886
4886
4886
4886
4886
4886
4886
4886
4886
4886
4886
4886
4886
4886
4886
4886
4886
4886
4886
4886
4886
4886
4886
4886
4886
4886
4886
4886
4886
4886
4886
4886
4886
4886
4886
4886
4886
4886
4886
4886
4886
4886
4886
4886
4886
4886
4886
4886
4886
4886
4886
4886
4886
4886
4886
4886
4886
4886
4886
4886
4886
4886
4886
4886
4886
4886
4886
4886
4886
4886
4886
4886
4886
4886
4886
4886
4886
4886
4886
4886
4886
4886
4886
4886
4886
4886
4886
4886
4886
4886
4886
4886
4886
4886
4886
4886
4886
4886
4886
4886
4886
4886
4886
4886
4886
4886
4886
4886
4886
4886
4886
4886
4886
4886
4886
4886
4886
4886
4886
4886
4886
4886
4886
4886
4886
4886
4886
4886
4886
4886
4886
4886
4886
4886
4886
4886
4886
4886
4886
4886
4886
4886
4886
4886
4886
4886
4886
4886
4886
4886
4886
4886
4886
4886
4886
4886
4886
4886
4886
4886
4886
4886
4886
4886
4886
4886
4886
4886
4886
4886
4886
4886
4886
4886
4886
4886
4886
4886
4886
4886
4886
4886
4886
4886
4886
4886
4886
4886
4886
4886
4886
4886
4886
4886
4886
4886
4886
4886
4886
4886
4886
4886
4886
4886
4886
4886
4886
4886
4886
4886
4886
4886
4886
4886
4886
4886
4886
4886
4886
4886
4886
4886
4886
4886
4886
4886
4886
4886
4886
4886
4886
4886
4886
4886
4886
4886
4886
4886
4886
4886
4886
4886
4886
4886
4886
4886
4886
4886
4886
4886
4886
4886
4886
4886
4886
4886
4886
4886
4886
4886
4886
4886
4886
4886
4886
4886
4886
4886
4886
4886
4886
4886
4886
4886
4886
4886
4886
4886
4886
4886
4886
4886
4886
4886
4886
4886
4886
4886
4886
4886
4886
4886
4886
4886
4886
4886
4886
4886
4886
4886
4886
4886
4886
4886
4886
4886
4886
4886
4886
4886
4886
4886
4886
4886
4886
4886
4886
4886
4886
4886
4886
4886
4886
4886
4886
4886
4886
4886
4886
4886
4886
4886
4886
4886
4886
4886
4886
4886
4886
4886
4886
4886
4886
4886
4886
4886
4886
4886
4886
4886
4886
4886
4886
4886
4886
4886
4886
4886
4886
4886
4886
4886
4886
4886
4886
4886
4886
4886
4886
4886
4886
4886
4886
4886
4886
4886
4886
4886
4886
4886
4886
4886
4886
4886
4886
4886
4886
4886
4886
4886
4886
4886
4886
4886
4886
4886
4886
4886
4886
4886
4886
4886
4886
4886
4886
4886
4886
4886
4886
4886
4886
4886
4886
4886
4886
4886
4886
4886
4886
4886
4886
4886
4886
4886
4886
4886
4886
4886
4886
4886
4886
4886
4886
4886
4886
4886
4886
4886
4886
4886
4886
4886
4886
4886
4886
4886
4886
4886
4886
4886
4886
4886
4886
4886
4886
4886
4886
4886
4886
4886
4886
4886
4886
4886
4886
4886
4886
4886
4886
4886
4886
4886
4886
4886
4886
4886
4886
4886
4886
4886
4886
4886
4886
4886
4886
4886
4886
4886
4886
4886
4886
4886
4886
4886
4886
4886
4886
4886
4886
4886
4886
4886
4886
4886
4886
4886
4886
4886
4886
4886
4886
4886
4886
4886
4886
4886
4886
4886
4886
4886
4886
4886
4886
4886
4886
4886
4886
4886
4886
4886
4886
4886
4886
4886
4886
4886
4886
4886
4886
4886
4886
4886
4886
4886
4886
4886
4886
4886
4886
4886
4886
4886
4886
4886
4886
4886
4886
4886
4886
4886
4886
4886
4886
4886
4886
4886
4886
4886
4886
4886
4886
4886
4886
4886
4886
4886
4886
4886
4886
4886
4886
4886
4886
4886
4886
4886
4886
4886
4886
4886
4886
4886
4886
4886
4886
4886
4886
4886
4886
4886
4886
4886
4886
4886
4886
4886
4886
4886
4886
4886
4886
4886
4886
4886
4886
4886
4886
4886
4886
4886
4886
4886
4886
4886
4886
4886
4886
4886
4886
4886
4886
4886
4886
4886
4886
4886
4886
4886
4886
4886
4886
4886
4886
4886
4886
4886
4886
4886
4886
4886
4886
4886
4886
4886
4886
4886
4886
4886
4886
4886
4886
4886
4886
4886
4886
4886
4886
4886
4886
4886
4886
4886
4886
4886
4886
4886
4886
4886
4886
4886
4886
4886
4886
4886
4886
4886
4886
4886
4886
4886
4886
4886
4886
4886
4886
4886
4886
4886
4886
4886
4886
4886
4886
4886
4886
4886
4886
4886
4886
4886
4886
4886
4886
4886
4886
4886
4886
4886
4886
4886
4886
4886
4886
4886
4886
4886
4886
4886
4886
4886
4886
4886
4886
4886
4886
4886
4886
4886
4886
4886
4886
4886
4886
4886
4886
4886
4886
4886
4886
4886
4886
4886
4886
4886
4886
4886
4886
4886
4886
4886
4886
4886
4886
4886
4886
4886
4886
4886
4886
4886
4886
4886
4886
4886
4886
4886
4886
4886
4886
4886
4886
4886
4886
4886
4886
4886
4886
4886
4886
4886
4886
4886
4886
4886
4886
4886
4886
4886
4886
4886
4886
4886
4886
4886
4886
4886
4886
4886
4886
4886
4886
4886
4886
4886
4886
4886
4886
4886
4886
4886
4886
4886
4886
4886
4886
4886
4886
4886
4886
4886
4886
4886
4886
4886
4886
4886
4886
4886
4886
4886
4886
4886
4886
4886
4886
4886
4886
4886
4886
4886
4886
4886
4886
4886
4886
4886
4886
4886
4886
4886
4886
4886
4886
4886
4886
4886
4886
4886
4886
4886
4886
4886
4886
4886
4886
4886
4886
4886
4886
4886
4886
4886
4886
4886
4886
4886
4886
4886
4886
4886
4886
4886
4886
4886
4886
4886
4886
4886
4886
4886
4886
4886
4886
4886
4886
4886
4886
4886
4886
4886
4886
4886
4886
4886
4886
4886
4886
4886
4886
4886
4886
4886
4886
4886
4886
4886
4886
4886
4886
4886
4886
4886
4886
4886
4886
4886
4886
4886
4886
4886
4886
4886
4886
4886
4886
4886
4886
4886
4886
4886
4886
4886
4886
4886
4886
4886
4886
4886
4886
4886
4886
4886
4886
4886
4886
4886
4886
4886
4886
4886
4886
4886
4886
4886
4886
4886
4886
4886
4886
4886
4886
4886
4886
4886
4886
4886
4886
4886
4886
4886
4886
4886
4886
4886
4886
4886
4886
4886
4886
4886
4886
4886
4886
4886
4886
4886
4886
4886
4886
4886
4886
4886
4886
4886
4886
4886
4886
4886
4886
4886
4886
4886
4886
4886
4886
4886
4886
4886
4886
4886
4886
4886
4886
4886
4886
4886
4886
4886
4886
4886
4886
4886
4886
4886
4886
4886
4886
4886
4886
4886
4886
4886
4886
4886
4886
4886
4886
4886
4886
4886
4886
4886
4886
4886
4886
4886
4886
4886
4886
4886
4886
4886
4886
4886
4886
4886
4886
4886
4886
4886
4886
4886
4886
4886
4886
4886
4886
4886
4886
4886
4886
4886
4886
4886
4886
4886
4886
4886
4886
4886
4886
4886
4886
4886
4886
4886
4886
4886
4886
4886
4886
4886
4886
4886
4886
4886
4886
4886
4886
4886
4886
4886
4886
4886
4886
4886
4886
4886
4886
4886
4886
4886
4886
4886
4886
4886
4886
4886
4886
4886
4886
4886
4886
4886
4886
4886
4886
4886
4886
4886
4886
4886
4886
4886
4886
4886
4886
4886
4886
4886
4886
4886
4886
4886
4886
4886
4886
4886
4886
4886
4886
4886
4886
4886
4886
4886
4886
4886
4886
4886
4886
4886
4886
4886
4886
4886
4886
4886
4886
4886
4886
4886
4886
4886
4886
4886
4886
4886
4886
4886
4886
4886
4886
4886
4886
4886
4886
4886
4886
4886
4886
4886
4886
4886
4886
4886
4886
4886
4886
4886
4886
4886
4886
4886
4886
4886
4886
4886
4886
4886
4886
4886
4886
4886
4886
4886
4886
4886
4886
4886
4886
4886
4886
4886
4886
4886
4886
4886
4886
4886
4886
4886
4886
4886
4886
4886
4886
4886
4886
4886
4886
4886
4886
4886
4886
4886
4886
4886
4886
4886
4886
4886
4886
4886
4886
4886
4886
4886
4886
4886
4886
4886
4886
4886
4886
4886
4886
4886
4886
4886
4886
4886
4886
4886
4886
4886
4886
4886
4886
4886
4886
4886
4886
4886
4886
4886
4886
4886
4886
4886
4886
4886
4886
4886
4886
4886
4886
4886
4886
4886
4886
4886
4886
4886
4886
4886
4886
4886
4886
4886
4886
4886
4886
4886
4886
4886
4886
4886
4886
4886
4886
4886
4886
4886
4886
4886
4886
4886
4886
4886
4886
4886
4886
4886
4886
4886
4886
4886
4886
4886
4886
4886
4886
4886
4886
4886
4886
4886
4886
4886
4886
4886
4886
4886
4886
4886
4886
4886
4886
4886
4886
4886
4886
4886
4886
4886
4886
4886
4886
4886
4886
4886
4886
4886
4886
4886
4886
4886
4886
4886
4886
4886
4886
4886
4886
4886
4886
4886
4886
4886
4886
4886
4886
4886
4886
4886
4886
4886
4886
4886
4886
4886
4886
4886
4886
4886
4886
4886
4886
4886
4886
4886
4886
4886
4886
4886
4886
4886
4886
4886
4886
4886
4886
4886
4886
4886
4886
4886
4886
4886
4886
4886
4886
4886
4886
4886
4886
4886
4886
4886
4886
4886
4886
4886
4886
4886
4886
4886
4886
4886
4886
4886
4886
4886
4886
4886
4886
4886
4886
4886
4886
4886
4886
4886
4886
4886
4886
4886
4886
4886
4886
4886
4886
4886
4886
4886
4886
4886
4886
4886
4886
4886
4886
4886
4886
4886
4886
4886
4886
4886
4886
4886
4886
4886
4886
4886
4886
4886
4886
4886
4886
4886
4886
4886
4886
4886
4886
4886
4886
4886
4886
4886
4886
4886
4886
4886
4886
4886
4886
4886
4886
4886
4886
4886
4886
4886
4886
4886
4886
4886
4886
4886
4886
4886
4886
4886
4886
4886
4886
4886
4886
4886
4886
4886
4886
4886
4886
4886
4886
4886
4886
4886
4886
4886
4886
4886
4886
4886
4886
4886
4886
4886
4886
4886
4886
4886
4886
4886
4886
4886
4886
4886
4886
4886
4886
4886
4886
4886
4886
4886
4886
4886
4886
4886
4886
4886
4886
4886
4886
4886
4886
4886
4886
4886
4886
4886
4886
4886
4886
4886
4886
4886
4886
4886
4886
4886
4886
4886
4886
4886
4886
4886
4886
4886
4886
4886
4886
4886
4886
4886
4886
4886
4886
4886
4886
4886
4886
4886
4886
4886
4886
4886
4886
4886
4886
4886
4886
4886
4886
4886
4886
4886
4886
4886
4886
4886
4886
4886
4886
4886
4886
4886
4886
4886
4886
4886
4886
4886
4886
4886
4886
4886
4886
4886
4886
4886
4886
4886
4886
4886
4886
4886
4886
4886
4886
4886
4886
4886
4886
4886
4886
4886
4886
4886
4886
4886
4886
4886
4886
4886
4886
4886
4886
4886
4886
4886
4886
4886
4886
4886
4886
4886
4886
4886
4886
4886
4886
4886
4886
4886
4886
4886
4886
4886
4886
4886
4886
4886
4886
4886
4886
4886
4886
4886
4886
4886
4886
4886
4886
4886
4886
4886
4886
4886
4886
4886
4886
4886
4886
4886
4886
4886
4886
4886
4886
4886
4886
4886
4886
4886
4886
4886
4886
4886
4886
4886
4886
4886
4886
4886
4886
4886
4886
4886
4886
4886
4886
4886
4886
4886
4886
4886
4886
4886
4886
4886
4886
4886
4886
4886
4886
4886
4886
4886
4886
4886
4886
4886
4886
4886
4886
4886
4886
4886
4886
4886
4886
4886
4886
4886
4886
4886
4886
4886
4886
4886
4886
4886
4886
4886
4886
4886
4886
4886
4886
4886
4886
4886
4886
4886
4886
4886
4886
4886
4886
4886
4886
4886
4886
4886
4886
4886
4886
4886
4886
4886
4886
4886
4886
4886
4886
4886
4886
4886
4886
4886
4886
4886
4886
4886
4886
4886
4886
4886
4886
4886
4886
4886
4886
4886
4886
4886
4886
4886
4886
4886
4886
4886
4886
4886
4886
4886
4886
4886
4886
4886
4886
4886
4886
4886
4886
4886
4886
4886
4886
4886
4886
4886
4886
4886
4886
4886
4886
4886
4886
4886
4886
4886
4886
4886
4886
4886
4886
4886
4886
4886
4886
4886
4886
4886
4886
4886
4886
4886
4886
4886
4886
4886
4886
4886
4886
4886
4886
4886
4886
4886
4886
4886
4886
4886
4886
4886
4886
4886
4886
4886
4886
4886
4886
4886
4886
4886
4886
4886
4886
4886
4886
4886
4886
4886
4886
4886
4886
4886
4886
4886
4886
4886
4886
4886
4886
4886
4886
4886
4886
4886
4886
4886
4886
4886
4886
4886
4886
4886
4886
4886
4886
4886
4886
4886
4886
4886
4886
4886
4886
4886
4886
4886
4886
4886
4886
4886
4886
4886
4886
4886
4886
4886
4886
4886
4886
4886
4886
4886
4886
4886
4886
4886
4886
4886
4886
4886
4886
4886
4886
4886
4886
4886
4886
4886
4886
4886
4886
4886
4886
4886
4886
4886
4886
4886
4886
4886
4886
4886
4886
4886
4886
4886
4886
4886
4886
4886
4886
4886
4886
4886
4886
4886
4886
4886
4886
4886
4886
4886
4886
4886
4886
4886
4886
4886
4886
4886
4886
4886
4886
4886
4886
4886
4886
4886
4886
4886
4886
4886
4886
4886
4886
4886
4886
4886
4886
4886
4886
4886
4886
4886
4886
4886
4886
4886
4886
4886
4886
4886
4886
4886
4886
4886
4886
4886
4886
4886
4886
4886
4886
4886
4886
4886
4886
4886
4886
4886
4886
4886
4886
4886
4886
4886
4886
4886
4886
4886
4886
4886
4886
4886
4886
4886
4886
4886
4886
4886
4886
4886
4886
4886
4886
4886
4886
4886
4886
4886
4886
4886
4886
4886
4886
4886
4886
4886
4886
4886
4886
4886
4886
4886
4886
4886
4886
4886
4886
4886
4886
4886
4886
4886
4886
4886
4886
4886
4886
4886
4886
4886
4886
4886
4886
4886
4886
4886
4886
4886
4886
4886
4886
4886
4886
4886
4886
4886
4886
4886
4886
4886
4886
4886
4886
4886
4886
4886
4886
4886
4886
4886
4886
4886
4886
4886
4886
4886
4886
4886
4886
4886
4886
4886
4886
4886
4886
4886
4886
4886
4886
4886
4886
4886
4886
4886
4886
4886
4886
4886
4886
4886
4886
4886
4886
4886
4886
4886
4886
4886
4886
4886
4886
4886
4886
4886
4886
4886
4886
4886
4886
4886
4886
4886
4886
4886
4886
4886
4886
4886
4886
4886
4886
4886
4886
4886
4886
4886
4886
4886
4886
4886
4886
4886
4886
4886
4886
4886
4886
4886
4886
4886
4886
4886
4886
4886
4886
4886
4886
4886
4886
4886
4886
4886
4886
4886
4886
4886
4886
4886
4886
4886
4886
4886
4886
4886
4886
4886
4886
4886
4886
4886
4886
4886
4886
4886
4886
4886
4886
4886
4886
4886
4886
4886
4886
4886
4886
4886
4886
4886
4886
4886
4886
4886
4886
4886
4886
4886
4886
4886
4886
4886
4886
4886
4886
4886
4886
4886
4886
4886
4886
4886
4886
4886
4886
4886
4886
4886
4886
4886
4886
4886
4886
4886
4886
4886
4886
4886
4886
4886
4886
4886
4886
4886
4886
4886
4886
4886
4886
4886
4886
4886
4886
4886
4886
4886
4886
4886
4886
4886
4886
4886
4886
4886
4886
4886
4886
4886
4886
4886
4886
4886
4886
4886
4886
4886
4886
4886
4886
4886
4886
4886
4886
4886
4886
4886
4886
4886
4886
4886
4886
4886
4886
4886
4886
4886
4886
4886
4886
4886
4886
4886
4886
4886
4886
4886
4886
4886
4886
4886
4886
4886
4886
4886
4886
4886
4886
4886
4886
4886
4886
4886
4886
4886
4886
4886
4886
4886
4886
4886
4886
4886
4886
4886
4886
4886
4886
4886
4886
4886
4886
4886
4886
4886
4886
4886
4886
4886
4886
4886
4886
4886
4886
4886
4886
4886
4886
4886
4886
4886
4886
4886
4886
4886
4886
4886
4886
4886
4886
4886
4886
4886
4886
4886
4886
4886
4886
4886
4886
4886
4886
4886
4886
4886
4886
4886
4886
4886
4886
4886
4886
4886
4886
4886
4886
4886
4886
4886
4886
4886
4886
4886
4886
4886
4886
4886
4886
4886
4886
4886
4886
4886
4886
4886
4886
4886
4886
4886
4886
4886
4886
4886
4886
4886
4886
4886
4886
4886
4886
4886
4886
4886
4886
4886
4886
4886
4886
4886
4886
4886
4886
4886
4886
4886
4886
4886
4886
4886
4886
4886
4886
4886
4886
4886
4886
4886
4886
4886
4886
4886
4886
4886
4886
4886
4886
4886
4886
4886
4886
4886
4886
4886
4886
4886
4886
4886
4886
4886
4886
4886
4886
4886
4886
4886
4886
4886
4886
4886
4886
4886
4886
4886
4886
4886
4886
4886
4886
4886
4886
4886
4886
4886
4886
4886
4886
4886
4886
4886
4886
4886
4886
4886
4886
4886
4886
4886
4886
4886
4886
4886
4886
4886
4886
4886
4886
4886
4886
4886
4886
4886
4886
4886
4886
4886
4886
4886
4886
4886
4886
4886
4886
4886
4886
4886
4886
4886
4886
4886
4886
4886
4886
4886
4886
4886
4886
4886
4886
4886
4886
4886
4886
4886
4886
4886
4886
4886
4886
4886
4886
4886
4886
4886
4886
4886
4886
4886
4886
4886
4886
4886
4886
4886
4886
4886
4886
4886
4886
4886
4886
4886
4886
4886
4886
4886
4886
4886
4886
4886
4886
4886
4886
4886
4886
4886
4886
4886
4886
4886
4886
4886
4886
4886
4886
4886
4886
4886
4886
4886
4886
4886
4886
4886
4886
4886
4886
4886
4886
4886
4886
4886
4886
4886
4886
4886
4886
4886
4886
4886
4886
4886
4886
4886
4886
4886
4886
4886
4886
4886
4886
4886
4886
4886
4886
4886
4886
4886
4886
4886
4886
4886
4886
4886
4886
4886
4886
4886
4886
4886
4886
4886
4886
4886
4886
4886
4886
4886
4886
4886
4886
4886
4886
4886
4886
4886
4886
4886
4886
4886
4886
4886
4886
4886
4886
4886
4886
4886
4886
4886
4886
4886
4886
4886
4886
4886
4886
4886
4886
4886
4886
4886
4886
4886
4886
4886
4886
4886
4886
4886
4886
4886
4886
4886
4886
4886
4886
4886
4886
4886
4886
4886
4886
4886
4886
4886
4886
4886
4886
4886
4886
4886
4886
4886
4886
4886
4886
4886
4886
4886
4886
4886
4886
4886
4886
4886
4886
4886
4886
4886
4886
4886
4886
4886
4886
4886
4886
4886
4886
4886
4886
4886
4886
4886
4886
4886
4886
4886
4886
4886
4886
4886
4886
4886
4886
4886
4886
4886
4886
4886
4886
4886
4886
4886
4886
4886
4886
4886
4886
4886
4886
4886
4886
4886
4886
4886
4886
4886
4886
4886
4886
4886
4886
4886
4886
4886
4886
4886
4886
4886
4886
4886
4886
4886
4886
4886
4886
4886
4886
4886
4886
4886
4886
4886
4886
4886
4886
4886
4886
4886
4886
4886
4886
4886
4886
4886
4886
4886
4886
4886
4886
4886
4886
4886
4886
4886
4886
4886
4886
4886
4886
4886
4886
4886
4886
4886
4886
4886
4886
4886
4886
4886
4886
4886
4886
4886
4886
4886
4886
4886
4886
4886
4886
4886
4886
4886
4886
4886
4886
4886
4886
4886
4886
4886
4886
4886
4886
4886
4886
4886
4886
4886
4886
4886
4886
4886
4886
4886
4886
4886
4886
4886
4886
4886
4886
4886
4886
4886
4886
4886
4886
4886
4886
4886
4886
4886
4886
4886
4886
4886
4886
4886
4886
4886
4886
4886
4886
4886
4886
4886
4886
4886
4886
4886
4886
4886
4886
4886
4886
4886
4886
4886
4886
4886
4886
4886
4886
4886
4886
4886
4886
4886
4886
4886
4886
4886
4886
4886
4886
4886
4886
4886
4886
4886
4886
4886
4886
4886
4886
4886
4886
4886
4886
4886
4886
4886
4886
4886
4886
4886
4886
4886
4886
4886
4886
4886
4886
4886
4886
4886
4886
4886
4886
4886
4886
4886
4886
4886
4886
4886
4886
4886
4886
4886
4886
4886
4886
4886
4886
4886
4886
4886
4886
4886
4886
4886
4886
4886
4886
4886
4886
4886
4886
4886
4886
4886
4886
4886
4886
4886
4886
4886
4886
4886
4886
4886
4886
4886
4886
4886
4886
4886
4886
4886
4886
4886
4886
4886
4886
4886
4886
4886
4886
4886
4886
4886
4886
4886
4886
4886
4886
4886
4886
4886
4886
4886
4886
4886
4886
4886
4886
4886
4886
4886
4886
4886
4886
4886
4886
4886
4886
4886
4886
4886
4886
4886
4886
4886
4886
4886
4886
4886
4886
4886
4886
4886
4886
4886
4886
4886
4886
4886
4886
4886
4886
4886
4886
4886
4886
4886
4886
4886
4886
4886
4886
4886
4886
4886
4886
4886
4886
4886
4886
4886
4886
4886
4886
4886
4886
4886
4886
4886
4886
4886
4886
4886
4886
4886
4886
4886
4886
4886
4886
4886
4886
4886
4886
4886
4886
4886
4886
4886
4886
4886
4886
4886
4886
4886
4886
4886
4886
4886
4886
4886
4886
4886
4886
4886
4886
4886
4886
4886
4886
4886
4886
4886
4886
4886
4886
4886
4886
4886
4886
4886
4886
4886
4886
4886
4886
4886
4886
4886
4886
4886
4886
4886
4886
4886
4886
4886
4886
4886
4886
4886
4886
4886
4886
4886
4886
4886
4886
4886
4886
4886
4886
4886
4886
4886
4886
4886
4886
4886
4886
4886
4886
4886
4886
4886
4886
4886
4886
4886
4886
4886
4886
4886
4886
4886
4886
4886
4886
4886
4886
4886
4886
4886
4886
4886
4886
4886
4886
4886
4886
4886
4886
4886
4886
4886
4886
4886
4886
4886
4886
4886
4886
4886
4886
4886
4886
4886
4886
4886
4886
4886
4886
4886
4886
4886
4886
4886
4886
4886
4886
4886
4886
4886
4886
4886
4886
4886
4886
4886
4886
4886
4886
4886
4886
4886
4886
4886
4886
4886
4886
4886
4886
4886
4886
4886
4886
4886
4886
4886
4886
4886
4886
4886
4886
4886
4886
4886
4886
4886
4886
4886
4886
4886
4886
4886
4886
4886
4886
4886
4886
4886
4886
4886
4886
4886
4886
4886
4886
4886
4886
4886
4886
4886
4886
4886
4886
4886
4886
4886
4886
4886
4886
4886
4886
4886
4886
4886
4886
4886
4886
4886
4886
4886
4886
4886
4886
4886
4886
4886
4886
4886
4886
4886
4886
4886
4886
4886
4886
4886
4886
4886
4886
4886
4886
4886
4886
4886
4886
4886
4886
4886
4886
4886
4886
4886
4886
4886
4886
4886
4886
4886
4886
4886
4886
4886
4886
4886
4886
4886
4886
4886
4886
4886
4886
4886
4886
4886
4886
4886
4886
4886
4886
4886
4886
4886
4886
4886
4886
4886
4886
4886
4886
4886
4886
4886
4886
4886
4886
4886
4886
4886
4886
4886
4886
4886
4886
4886
4886
4886
4886
4886
4886
4886
4886
4886
4886
4886
4886
4886
4886
4886
4886
4886
4886
4886
4886
4886
4886
4886
4886
4886
4886
4886
4886
4886
4886
4886
4886
4886
4886
4886
4886
4886
4886
4886
4886
4886
4886
4886
4886
4886
4886
4886
4886
4886
4886
4886
4886
4886
4886
4886
4886
4886
4886
4886
4886
4886
4886
4886
4886
4886
4886
4886
4886
4886
4886
4886
4886
4886
4886
4886
4886
4886
4886
4886
4886
4886
4886
4886
4886
4886
4886
4886
4886
4886
4886
4886
4886
4886
4886
4886
4886
4886
4886
4886
4886
4886
4886
4886
4886
4886
4886
4886
4886
4886
4886
4886
4886
4886
4886
4886
4886
4886
4886
4886
4886
4886
4886
4886
4886
4886
4886
4886
4886
4886
4886
4886
4886
4886
4886
4886
4886
4886
4886
4886
4886
4886
4886
4886
4886
4886
4886
4886
4886
4886
4886
4886
4886
4886
4886
4886
4886
4886
4886
4886
4886
4886
4886
4886
4886
4886
4886
4886
4886
4886
4886
4886
4886
4886
4886
4886
4886
4886
4886
4886
4886
4886
4886
4886
4886
4886
4886
4886
4886
4886
4886
4886
4886
4886
4886
4886
4886
4886
4886
4886
4886
4886
4886
4886
4886
4886
4886
4886
4886
4886
4886
4886
4886
4886
4886
4886
4886
4886
4886
4886
4886
4886
4886
4886
4886
4886
4886
4886
4886
4886
4886
4886
4886
4886
4886
4886
4886
4886
4886
4886
4886
4886
4886
4886
4886
4886
4886
4886
4886
4886
4886
4886
4886
4886
4886
4886
4886
4886
4886
4886
4886
4886
4886
4886
4886
4886
4886
4886
4886
4886
4886
4886
4886
4886
4886
4886
4886
4886
4886
4886
4886
4886
4886
4886
4886
4886
4886
4886
4886
4886
4886
4886
4886
4886
4886
4886
4886
4886
4886
4886
4886
4886
4886
4886
4886
4886
4886
4886
4886
4886
4886
4886
4886
4886
4886
4886
4886
4886
4886
4886
4886
4886
4886
4886
4886
4886
4886
4886
4886
4886
4886
4886
4886
4886
4886
4886
4886
4886
4886
4886
4886
4886
4886
4886
4886
4886
4886
4886
4886
4886
4886
4886
4886
4886
4886
4886
4886
4886
4886
4886
4886
4886
4886
4886
4886
4886
4886
4886
4886
4886
4886
4886
4886
4886
4886
4886
4886
4886
4886
4886
4886
4886
4886
4886
4886
4886
4886
4886
4886
4886
4886
4886
4886
4886
4886
4886
4886
4886
4886
4886
4886
4886
4886
4886
4886
4886
4886
4886
4886
4886
4886
4886
4886
4886
4886
4886
4886
4886
4886
4886
4886
4886
4886
4886
4886
4886
4886
4886
4886
4886
4886
4886
4886
4886
4886
4886
4886
4886
4886
4886
4886
4886
4886
4886
4886
4886
4886
4886
4886
4886
4886
4886
4886
4886
4886
4886
4886
4886
4886
4886
4886
4886
4886
4886
4886
4886
4886
4886
4886
4886
4886
4886
4886
4886
4886
4886
4886
4886
4886
4886
4886
4886
4886
4886
4886
4886
4886
4886
4886
4886
4886
4886
4886
4886
4886
4886
4886
4886
4886
4886
4886
4886
4886
4886
4886
4886
4886
4886
4886
4886
4886
4886
4886
4886
4886
4886
4886
4886
4886
4886
4886
4886
4886
4886
4886
4886
4886
4886
4886
4886
4886
4886
4886
4886
4886
4886
4886
4886
4886
4886
4886
4886
4886
4886
4886
4886
4886
4886
4886
4886
4886
4886
4886
4886
4886
4886
4886
4886
4886
4886
4886
4886
4886
4886
4886
4886
4886
4886
4886
4886
4886
4886
4886
4886
4886
4886
4886
4886
4886
4886
4886
4886
4886
4886
4886
4886
4886
4886
4886
4886
4886
4886
4886
4886
4886
4886
4886
4886
4886
4886
4886
4886
4886
4886
4886
4886
4886
4886
4886
4886
4886
4886
4886
4886
4886
4886
4886
4886
4886
4886
4886
4886
4886
4886
4886
4886
4886
4886
4886
4886
4886
4886
4886
4886
4886
4886
4886
4886
4886
4886
4886
4886
4886
4886
4886
4886
4886
4886
4886
4886
4886
4886
4886
4886
4886
4886
4886
4886
4886
4886
4886
4886
4886
4886
4886
4886
4886
4886
4886
4886
4886
4886
4886
4886
4886
4886
4886
4886
4886
4886
4886
4886
4886
4886
4886
4886
4886
4886
4886
4886
4886
4886
4886
4886
4886
4886
4886
4886
4886
4886
4886
4886
4886
4886
4886
4886
4886
4886
4886
4886
4886
4886
4886
4886
4886
4886
4886
4886
4886
4886
4886
4886
4886
4886
4886
4886
4886
4886
4886
4886
4886
4886
4886
4886
4886
4886
4886
4886
4886
4886
4886
4886
4886
4886
4886
4886
4886
4886
4886
4886
4886
4886
4886
4886
4886
4886
4886
4886
4886
4886
4886
4886
4886
4886
4886
4886
4886
4886
4886
4886
4886
4886
4886
4886
4886
4886
4886
4886
4886
4886
4886
4886
4886
4886
4886
4886
4886
4886
4886
4886
4886
4886
4886
4886
4886
4886
4886
4886
4886
4886
4886
4886
4886
4886
4886
4886
4886
4886
4886
4886
4886
4886
4886
4886
4886
4886
4886
4886
4886
4886
4886
4886
4886
4886
4886
4886
4886
4886
4886
4886
4886
4886
4886
4886
4886
4886
4886
4886
4886
4886
4886
4886
4886
4886
4886
4886
4886
4886
4886
4886
4886
4886
4886
4886
4886
4886
4886
4886
4886
4886
4886
4886
4886
4886
4886
4886
4886
4886
4886
4886
4886
4886
4886
4886
4886
4886
4886
4886
4886
4886
4886
4886
4886
4886
4886
4886
4886
4886
4886
4886
4886
4886
4886
4886
4886
4886
4886
4886
4886
4886
4886
4886
4886
4886
4886
4886
4886
4886
4886
4886
4886
4886
4886
4886
4886
4886
4886
4886
4886
4886
4886
4886
4886
4886
4886
4886
4886
4886
4886
4886
4886
4886
4886
4886
4886
4886
4886
4886
4886
4886
4886
4886
4886
4886
4886
4886
4886
4886
4886
4886
4886
4886
4886
4886
4886
4886
4886
4886
4886
4886
4886
4886
4886
4886
4886
4886
4886
4886
