4201
4201
3809
4048
4048
3716
3816
3432
3887
3888
3606
3197
2706
2251
2251
2660
2942
2942
3300
3316
3708
3469
3418
3158
3142
2750
3010
3394
3445
2883
3215
3454
3045
3607
3325
3325
3816
3458
3457
3473
3473
3755
3193
3602
3363
3812
3796
4358
3909
3649
4007
4456
4716
4616
4616
4616
5008
4616
4565
4181
4232
4471
5122
5506
5148
4816
4133
4525
4076
4525
4076
4077
3838
3838
3347
3363
4046
4045
4045
4536
4985
4985
4630
4630
4068
4069
4069
4053
4002
4360
4715
5047
5147
5147
5147
5198
5198
4840
5295
5345
5344
4935
4580
4188
4597
4598
4837
4598
4614
4563
4463
4463
4855
4471
4079
4029
4029
4013
4368
4752
4397
4013
4371
4933
4983
4982
4533
4483
4722
5171
4911
4672
4263
4523
4574
4574
4624
3973
4212
4212
4212
3952
4212
4212
3930
3946
3896
3538
3588
4239
4240
4632
4732
5116
5100
4861
5219
5119
5401
4946
4686
4636
4354
4354
3970
4230
4330
4279
3628
3528
3628
3983
3421
3437
3999
3641
4292
4343
4701
5156
4764
5173
4818
4818
5100
5084
5323
5322
5706
5706
5251
4919
4680
4730
4630
5085
4727
4676
4915
4865
5257
5615
5615
5160
4477
4068
3829
3879
3879
3979
3979
4662
4612
4662
4562
4613
4629
4629
4237
4237
4238
4238
3789
3773
3789
3431
3531
3531
2969
3301
2810
2550
2810
3202
3611
3850
3518
3468
3959
3958
4413
4131
4580
4529
4884
5446
5446
5091
5423
5031
4540
4131
4131
4131
4486
4878
4878
4195
4686
4736
4720
5002
5018
4918
4658
4203
4203
4886
4886
4554
4105
4554
4170
3608
3966
3608
3253
3611
3611
3943
3994
4378
4362
4362
3679
3695
4378
4362
4363
3872
4227
4718
4734
4994
4662
4994
5403
4720
5175
4684
4275
3920
3919
3919
3903
4394
4343
4343
4011
3751
3701
3343
3701
4384
3893
3943
3494
3594
3595
3595
3595
3545
4036
4035
4051
4383
3928
3689
3689
3928
3689
3689
3038
3038
3039
3448
3803
3802
3447
3055
3617
3259
3259
3310
3294
3243
3243
2859
3119
3511
4162
4178
4627
4627
4611
4611
4049
3949
3949
4049
4504
4504
4504
4743
4743
5305
4973
4973
4989
4729
4713
4973
5328
5660
5251
5609
6018
6018
6019
6069
6085
5594
5145
5529
5290
4728
5177
5177
5127
5126
4671
4316
4366
4367
4367
4418
4657
4557
4912
4630
4630
5192
5141
5192
5192
5192
5647
5647
5647
5646
5646
4963
4608
4159
4259
3927
4259
3901
3801
3785
3885
3886
3886
4335
3926
3826
3434
3384
3434
3383
3333
3333
3615
3973
3589
3639
4322
4083
4134
4625
4980
5080
5096
4836
4736
4686
4786
5178
5228
5128
4773
5128
5388
4826
5235
4584
4584
4583
4822
4430
4414
4154
4414
4415
4799
4899
4567
4517
4517
4517
4517
4533
4517
4133
3894
3894
3893
3893
3909
3909
3809
4201
4201
4201
3919
3920
3920
3562
3801
3801
3562
3894
3502
3501
3740
3740
3740
4132
4132
3893
3893
3893
4544
4928
5028
5386
5286
4902
5286
5848
5493
5442
5797
5388
5797
5114
4463
3901
3492
4054
4055
4055
3671
4055
4155
4394
4155
3763
3747
3747
3986
4037
3582
3864
3864
3532
3177
3126
2866
2482
2481
2481
2199
2459
2843
2281
2181
2181
2232
2232
2232
1783
1799
1799
2081
2030
2081
2536
2985
3547
3163
3163
2881
2981
3390
3782
3766
4417
4433
4765
4356
3901
4285
4269
4551
4159
4159
3508
3917
3635
3990
3658
3658
3658
3419
4102
3842
4174
4566
4211
4666
4682
4120
3665
3665
4020
3920
3920
4202
4186
4186
3802
3852
3852
3403
3352
3352
3736
3736
3327
3776
3421
3521
3976
3592
3831
3831
3499
3449
3449
3709
3709
3760
4092
4501
3818
3409
3127
3127
3689
3689
3689
3450
3399
3449
2994
3449
3449
3500
3400
3400
3416
3800
4483
4484
4126
4126
4365
4365
4720
4720
4388
4372
4372
4321
4372
3917
4199
4654
5012
4773
5105
4823
4439
4439
4439
3984
4266
3874
4525
4524
4540
4541
4540
4640
5024
5479
5124
4766
4766
4434
4383
4384
4742
4742
4358
4000
4332
3877
3827
3827
3826
3726
3726
4118
4218
4202
4202
4218
4457
4812
5170
4888
5170
5579
5579
5963
5472
5080
5130
5130
4772
5164
5114
5114
4431
4047
4431
4415
4315
4315
4315
3753
4436
4436
4436
4436
4487
4227
4789
5147
5147
4763
4201
4301
4351
4351
4351
4735
4735
5190
5190
4741
4757
4758
4349
4911
4911
4911
4911
4672
5121
5121
4666
4666
4666
4015
3623
3623
4114
4374
4783
4732
5383
5383
5333
4884
5339
5007
5007
5058
5058
5297
5246
5578
5577
5578
5194
4839
4507
4016
4016
3916
3915
4299
4299
4299
4790
5182
5182
5232
5216
5548
5548
5548
5548
5548
4986
4936
4986
5086
5086
5086
5102
4842
4843
4843
4160
4843
4843
4843
4843
4842
4433
4151
4151
4152
3820
4152
4412
4080
4642
4642
3959
3959
3575
3907
3668
4052
3952
4234
4234
4683
4325
4309
4664
4664
4173
4172
3521
3537
3082
3573
3313
3671
3287
3271
3726
3368
3607
4290
4550
4934
5034
4934
4884
4884
4429
4429
4147
4602
4147
4163
4814
4814
4798
4307
3745
3745
3361
3361
3006
3056
3056
3057
3512
3180
3180
3180
2497
2852
2802
2410
2410
2768
2529
2529
2811
2827
2811
2861
2961
2679
2678
2678
3240
3479
3219
3611
3611
4294
4626
4626
4886
4626
4626
4908
4516
4516
4517
4467
4467
4958
4958
5008
5008
5392
5392
5110
5392
5392
5392
4901
4546
4496
4546
4496
4496
3934
3934
3934
3984
3983
3300
3560
3611
3611
3511
3512
3511
3511
3511
3920
3269
3269
3661
3610
3610
3610
3278
3961
4523
4523
4241
3792
3792
3843
3583
3128
3577
3338
3287
3287
3287
3287
3742
3742
4233
3742
4024
3615
3565
3825
3825
3875
3875
3876
3616
3258
3257
3207
2645
3003
3003
2619
3181
3232
2783
2833
3324
3324
3679
3679
4011
4012
3521
3470
3420
2965
3420
3470
3879
3879
4530
4530
4914
4352
4352
3943
3292
3943
3943
3893
3892
3560
3820
3462
4024
4382
4791
4436
4436
4487
4078
4128
4367
3912
4267
4216
4166
4216
4625
4625
4625
4641
4625
4641
4741
4481
4465
4920
4920
4920
5411
5671
5687
5332
5332
5232
5233
5233
5233
4550
4192
4142
4825
4875
4491
4846
4846
4846
4796
4113
4113
4113
4796
4780
4371
4371
4371
4371
4755
4371
4387
4745
4463
4463
4513
4022
4431
4415
4415
4864
4864
4864
4455
4787
5171
5170
4910
4910
4910
4911
4911
4672
5081
5081
5081
5081
5572
5180
5180
5180
5572
5240
5522
5622
5213
5452
5094
4710
4970
4479
4240
4239
4239
3847
3797
3847
4086
4478
4887
4938
5429
4867
4867
4883
4883
4832
5190
4951
4951
4951
4951
4901
4901
5285
4930
4930
4439
4179
4511
4512
4563
4613
5175
4791
4791
4791
4791
4740
5095
5095
4646
4906
4548
3865
3865
4548
3986
3986
3886
3886
3986
4344
4395
4886
4886
5448
5432
5381
5432
5381
5830
5475
5475
5475
5117
5168
5168
4836
4852
4802
4802
4802
4802
4802
5041
5041
4941
4941
4941
5296
5296
5346
5346
5730
5679
5779
5387
5387
4978
4327
4327
4378
4362
4312
4312
4328
4720
5371
4922
4683
4667
4906
5355
5355
5095
4740
5000
5355
5687
5636
5304
5662
5304
5304
5304
5303
5304
5320
5371
5370
4986
4987
4986
4986
4986
4537
4537
4255
4613
4613
4997
4897
4214
4214
3859
3860
3860
3860
4269
4319
4269
4218
4269
4601
5284
5566
4915
4915
4914
4530
4270
4254
3799
4183
4443
4443
4183
4834
4552
4552
4553
5008
5268
5550
5059
5059
4650
4266
4675
5059
5008
5059
5059
5008
5008
5059
5159
5159
5108
5124
4792
4792
4337
4388
4388
4372
4272
3710
3710
3810
3810
3810
3810
3809
3549
3904
4236
4136
4136
4698
4698
5147
5197
5197
5146
5146
5637
5653
5269
5253
5253
4921
4921
4921
4472
4488
4820
5269
5269
5269
4937
4545
4545
4190
4545
4937
4937
4887
4887
4887
4937
4655
5039
5039
5040
5091
5091
5091
4600
4216
4476
4121
4105
4489
4489
4489
4980
4980
5312
5328
5328
5328
5328
4919
5374
5374
5042
4991
4975
4925
5207
5206
5206
4715
4715
5206
4946
4664
4425
3863
3914
3914
3915
4197
4247
4347
4346
4606
4606
4606
4115
4115
4115
4131
4370
3915
4324
4886
4886
4835
5190
4908
4909
5241
5241
5292
4900
4850
4850
4850
4611
4611
4595
4877
4893
4893
4893
5132
4748
4748
5140
4578
4578
5069
4660
4660
4560
4560
4560
4228
4790
4790
4790
4551
4551
4551
5006
4557
4066
4050
4150
4150
4559
3876
3825
3825
4274
4957
4957
4957
4957
5341
5341
5341
5341
5341
5059
5059
5059
5059
5075
4626
4366
4648
4239
4499
4399
4399
4449
4449
4688
4638
4183
4167
4576
4676
4267
4167
3783
3783
4167
4167
4167
4616
4616
4356
4117
4117
4167
4499
4759
5168
5219
4827
4776
4776
4776
5015
5115
5166
5166
5115
5115
5166
5116
5115
5115
4731
4492
4493
4442
4441
4491
4883
4883
5338
5354
5338
5288
5289
4834
4425
4425
4475
4930
4880
5371
4688
4239
4239
4648
4698
4749
4489
4489
4505
4505
4489
4728
4728
5177
5561
5561
5510
5510
5061
4729
4989
5040
5040
5040
4989
5005
5056
4664
4614
5297
5297
5058
5450
5450
5450
5450
5399
5398
5398
5398
5382
5024
4462
4462
4462
4794
5356
5356
5356
4705
4445
4445
4445
4445
4446
4685
4945
5596
5596
5596
5646
5646
5646
5155
5646
5191
5640
5640
5640
5691
5299
5199
5199
5199
5198
5148
5603
5603
5961
5506
5522
5164
4925
4643
4693
4284
4284
4284
4284
4384
4384
4384
3822
4104
4666
4905
4854
4855
4573
4573
4573
4573
4573
4473
4882
4643
5098
5490
4928
5210
5449
6011
6011
6011
5562
5562
5562
5562
5280
5638
5622
5167
5167
5167
4758
4758
4809
4909
4909
4909
4909
4859
4501
4169
4219
4628
4236
4236
4594
4594
4594
4986
4986
4986
4986
4886
4836
4836
4936
4936
4986
4986
4986
5435
5451
5451
5733
5349
5333
5333
4842
4842
4842
4841
4841
4841
5225
5225
5716
5033
5033
4983
4983
4983
5315
5315
5315
5315
5998
5998
6014
6014
5914
5914
5465
5226
4894
4894
4894
4894
4994
4943
4260
4260
4260
4709
4709
4709
4709
5392
5443
5443
5443
5443
5443
5682
5682
5682
5400
5682
5682
5682
5682
5683
5683
5683
5683
5667
5667
5616
5615
5615
5615
5665
5665
5615
5615
5615
6070
6070
6070
6070
5419
5419
5435
6086
6086
6086
6137
6137
6137
5898
5847
5847
5847
5898
5898
5899
5899
5899
5899
6138
6138
6188
6520
6520
6520
6520
6520
6520
6470
6469
6209
6209
6158
6158
6158
5876
5876
5876
5484
5484
5484
5384
5384
5666
5666
5666
5666
5650
5650
5650
5650
5318
5318
5334
5335
5667
5651
5651
5667
5667
5283
5283
5334
5726
5487
5487
5587
5487
5871
5871
5871
5422
5422
5422
5371
5471
5521
5781
5781
6020
6020
6004
5954
5954
5954
5954
5954
5854
5904
5904
5904
5904
5904
5549
5565
5565
5564
5564
4881
4881
4881
4882
4881
5236
5236
5236
5236
5236
5186
5186
5186
4794
4894
4878
5270
5270
5031
5032
5032
5715
5715
5615
5615
5260
5259
5259
5259
5310
5310
5549
5904
5920
6369
6369
6369
5807
5807
5807
5907
5907
5625
5626
5294
5294
4902
4851
4360
4642
4693
4692
5254
5254
5254
5254
5304
5304
5304
5254
5254
5154
5138
5138
5138
5138
5138
4754
4754
5138
5138
5138
5238
5570
5121
4737
4737
4737
4455
4455
4456
4456
4456
4456
4905
4905
4905
4921
4905
4905
4905
4905
4955
4955
4955
4955
4955
4954
5445
4762
4778
5461
5461
5462
5362
5362
5312
5412
4850
5242
5524
5524
5524
5524
5523
5524
5524
5524
5574
5574
5574
5574
6136
6136
6136
6120
5629
5629
5628
5628
5628
5628
5628
5628
5389
5389
5405
5405
5389
5389
4997
4997
4997
4997
4588
4604
4249
4249
4249
4604
4996
4997
4997
4997
4946
4946
4997
4997
4997
5406
5406
5406
5051
5051
5542
5542
5926
5876
5876
5876
5876
5825
5825
5825
5825
5809
5859
5859
5859
5859
5910
5650
5666
5905
6260
6160
6109
6109
6109
6109
6109
5751
6011
6011
6011
6011
6011
5679
5679
6037
6037
6369
6369
6369
6319
6319
6303
6303
6302
6302
6302
6302
6302
6302
5651
5651
5651
5651
5651
5651
5242
5242
5242
5242
5242
5242
5242
5242
5242
5242
5242
5242
5242
5293
5033
5033
5133
4749
4749
5158
5174
5174
4892
4876
4876
4876
4876
4876
4877
4876
4876
4892
4500
4500
4500
4760
4760
4760
4760
4760
4760
4744
4745
4745
4413
4797
4797
4847
4747
5139
5139
4730
5062
5011
5662
5612
5611
5227
5227
5509
5525
5625
5675
6059
6059
5820
5538
5183
5183
5183
5234
5234
5234
5234
5218
5167
5167
5167
5218
5234
5234
5218
5573
5523
5523
5523
5523
5524
5524
5524
5524
5524
5523
5523
5523
5523
5523
5932
5574
5932
5982
5982
6264
6264
5809
5809
5809
5809
6048
6048
5998
5998
5999
5999
5999
5999
5999
5999
6049
6048
5948
5948
5948
5948
5457
5457
5457
5457
5406
5406
5406
5861
5299
5299
5299
5299
5299
5299
5299
4967
4967
5458
5474
5474
5474
5806
5448
5448
5432
5432
5532
5583
5583
5583
5583
5583
5583
5583
5584
5942
5942
5842
5842
5842
5842
5792
5792
5808
5808
5808
6370
5978
5978
5623
5623
5623
5623
5623
5623
5623
5623
5623
5623
5673
6028
6028
6028
6028
6028
6028
6028
6028
6028
6028
6128
6520
6520
6520
6520
6520
6520
6281
6281
6281
6281
6281
6281
6281
6281
6281
6281
6281
5826
5810
5810
5826
5826
5726
5826
5826
5826
5726
5726
5726
5710
5710
5710
5710
6165
5833
5832
5832
5833
5475
5091
5107
5465
5704
5704
6088
6088
6088
6038
6088
6088
6188
6188
6188
6188
6188
6188
6188
6188
6187
6187
6187
6087
6087
6087
6036
6087
6071
6071
6171
6187
6188
6188
6188
6188
6188
5906
5855
5855
6187
6187
6187
6187
6187
6187
6187
6187
6187
6187
6187
6187
6187
6238
6237
5882
5882
5883
5883
5867
5867
5867
5883
5883
5883
5883
5867
5866
5508
5866
5866
5866
5866
5866
5867
6149
6149
6149
6149
6149
6099
6099
6099
6099
6099
6099
6099
6099
6454
6454
6454
6454
6454
6504
6504
6453
6453
6469
6469
6469
6469
6469
6469
6469
6469
6468
6468
6468
6469
6469
6419
6419
6027
6027
6027
6027
6027
5767
5383
5383
5383
5383
5434
5826
5826
5826
5825
5825
5825
5825
5825
5875
5775
5724
5724
5724
5984
5984
5724
5724
5724
5724
5724
5724
5724
5724
5674
5674
5674
5725
5725
5725
5725
5825
5825
5825
5334
5334
5384
5384
5384
5384
5384
5384
5768
5752
5752
5752
5752
5652
5652
6143
6143
6093
6093
6093
6353
6353
6353
6353
6353
6353
6071
6071
6071
6353
6353
6353
6353
6354
6354
6354
6354
6354
6354
6353
6353
6353
6353
6353
6453
6454
6454
6504
6504
6504
6504
6504
6504
6504
6504
6504
6504
6504
6244
6244
5789
5788
5788
5788
5688
5704
5704
5705
5705
5705
5655
5655
5655
5655
5655
5755
5739
5739
6194
6194
6094
6194
5955
5563
5563
5562
5562
5954
5954
5954
5954
5903
5903
6142
6142
5758
5758
5658
5658
5658
5758
6018
6018
6018
6018
6068
6068
6068
6068
6068
6068
6068
5968
5968
5968
5969
6020
6020
6020
6020
6020
6020
6020
6019
6019
6019
6019
6119
6119
6119
6120
6120
6120
6120
6120
6120
6504
6504
6504
6504
6120
6120
6120
6069
6120
5881
5831
5831
5831
5831
5831
5831
6215
6215
6215
6215
6265
6265
6265
6265
6265
6265
6265
6265
5856
6095
6095
6095
6095
6095
6095
6095
6044
5994
5994
5994
5994
6045
6045
6045
6045
5945
5945
5945
6045
6045
6045
6044
6044
6044
6094
6094
6094
6095
6504
6504
6504
6504
6504
6504
6504
6454
6454
6454
6454
6454
6454
6454
6454
6454
6403
6453
6453
6453
6453
6453
6452
6213
6213
6264
6264
6280
6280
6280
6280
6280
6519
6468
6468
6519
6280
6280
6280
6280
6280
6280
6280
6280
6280
6280
6280
6280
6280
6280
6519
6519
6503
6503
6403
6403
6403
6403
6403
6403
6403
6403
6143
6093
6093
6093
5811
5811
5811
5811
5811
6093
6093
6109
6109
6109
6109
6109
6109
6109
6109
6109
5660
5760
6209
6209
6209
6209
6209
6209
6209
6209
6158
6158
6158
6208
6208
6208
6208
6208
6208
6208
6259
6259
6259
6259
6259
6208
6208
6208
6208
6208
6208
6208
6468
6468
6468
6468
6368
6352
6452
6453
6453
6453
6453
6453
6453
6453
6453
6453
6453
6453
6453
6453
6453
6504
6504
6504
6504
6244
6244
6244
6244
6244
6244
5912
5912
5912
5912
6244
6244
6244
6244
6244
6243
6243
6243
6243
6243
6243
6503
6503
6503
6519
6519
6519
6519
6519
6237
6237
6237
6237
6519
6519
6469
6470
6469
6453
6453
6454
6454
6454
6454
6454
6354
6354
6354
6354
6354
6354
6354
6354
6354
6354
6354
6404
6504
6504
6504
6504
6504
6504
6504
6504
6504
6520
6520
6519
6519
6519
6519
6519
6519
6419
6419
6403
6403
6403
6403
6403
6403
6403
6403
6403
6404
6504
6504
6504
6504
6504
6504
6504
6504
6504
6453
6453
6453
6453
6453
6504
6503
6503
6503
6503
6503
6452
6094
6094
6094
6452
6452
6452
6452
6452
6452
6503
6504
6504
6504
6504
6504
6504
6504
6504
6503
6503
6503
6503
6503
6503
6403
6403
6403
6404
6404
6404
6404
6404
6354
6354
6354
6354
6354
6354
6354
6354
6404
6404
6404
6404
6404
6404
6404
6404
6404
6404
6404
6404
6404
6404
6404
6404
6404
6404
6353
6353
6353
6353
6353
6353
6353
6369
6420
6420
6420
6420
6420
6420
6420
6420
6420
6404
6404
6404
6404
6404
6404
6404
6404
6404
6420
6420
6420
6420
6404
6404
6404
6404
6354
6354
6354
6354
6354
6354
6354
6354
6354
6454
6454
6454
6454
6454
6504
6504
6504
6504
6504
6504
6504
6504
6504
6504
6504
6453
6453
6453
6453
6453
6453
6453
6453
6469
6419
6419
6419
6470
6470
6470
6470
6454
6454
6454
6454
6403
6454
6454
6454
6454
6454
6453
6453
6503
6264
6264
6264
6164
6164
6164
6164
6164
6164
6164
6403
6403
6403
6403
6404
6403
6353
6353
6353
6353
6302
6402
6403
6454
6454
6454
6470
6469
6469
6469
6469
6469
6469
6469
6469
6469
6469
6469
6469
6469
6469
6469
6469
6469
6469
6519
6519
6519
6519
6519
6519
6519
6519
6419
6419
6419
6368
6368
6368
6369
6369
6319
6319
6319
6369
6369
6369
6369
6369
6369
6369
6369
6369
6369
6369
6369
6369
6369
6369
6353
6353
6353
6453
6453
6453
6453
6453
6453
6453
6453
6453
6453
6453
6453
6453
6453
6453
6453
6453
6504
6504
6504
6503
6503
6503
6453
6453
6453
6453
6469
6519
6520
6520
6520
6520
6520
6504
6504
6503
6503
6452
6452
6452
6452
6452
6452
6452
6352
6352
6352
6352
6352
6352
6403
6353
6353
6353
6354
6354
6353
6353
6353
6353
6353
6353
6354
6354
6354
6354
6354
6303
6319
6370
6470
6470
6470
6470
6470
6470
6470
6470
6470
6470
6470
6470
6470
6454
6454
6454
6454
6470
6470
6470
6470
6470
6470
6470
6470
6470
6470
6470
6470
6470
6470
6470
6470
6470
6470
6470
6470
6470
6470
6454
6454
6454
6454
6454
6504
6504
6453
6453
6453
6453
6453
6453
6453
6353
6353
6353
6353
6353
6353
6404
6504
6504
6504
6504
6504
6504
6504
6504
6503
6503
6503
6503
6519
6519
6519
6519
6519
6519
6519
6519
6519
6519
6519
6519
6519
6519
6519
6519
6519
6503
6503
6503
6503
6519
6519
6519
6519
6519
6520
6520
6520
6520
6520
6520
6520
6520
6420
6420
6420
6420
6420
6419
6419
6419
6419
6419
6419
6419
6419
6419
6419
6419
6419
6519
6519
6519
6520
6520
6520
6520
6520
6520
6520
6520
6520
6520
6520
6469
6469
6469
6469
6469
6469
6469
6520
6520
6520
6504
6504
6504
6504
6504
6504
6504
6504
6504
6504
6504
6504
6504
6453
6453
6453
6452
6452
6452
6452
6452
6402
6402
6418
6418
6418
6418
6418
6418
6468
6468
6468
6468
6468
6468
6418
6418
6418
6418
6468
6468
6468
6469
6469
6469
6469
6469
6469
6469
6469
6419
6419
6419
6419
6419
6403
6403
6403
6403
6403
6419
6418
6418
6402
6402
6403
6403
6403
6403
6403
6403
6403
6454
6454
6454
6454
6454
6454
6454
6454
6454
6454
6454
6454
6454
6454
6454
6454
6454
6454
6454
6454
6454
6454
6454
6454
6454
6454
6454
6504
6504
6520
6520
6470
6470
6470
6520
6520
6504
6504
6520
6520
6520
6520
6520
6520
6520
6520
6520
6520
6520
6520
6520
6520
6520
6520
6520
6520
6520
6520
6520
6520
6520
6520
6520
6520
6520
6520
6520
6520
6520
6520
6520
6520
6520
6520
6520
6520
6520
6520
6504
6504
6504
6503
6503
6519
6519
6519
6520
6520
6520
6520
6520
6520
6520
6520
6520
6519
6519
6519
6519
6519
6419
6369
6419
6519
6469
6469
6469
6469
6469
6469
6470
6470
6470
6470
6470
6520
6520
6519
6519
6519
6519
6519
6519
6519
6519
6519
6519
6519
6519
6519
6519
6519
6519
6519
6519
6519
6519
6519
6519
6519
6519
6519
6519
6519
6519
6519
6519
6519
6519
6519
6519
6519
6520
6520
6520
6520
6520
6520
6520
6470
6470
6470
6469
6469
6469
6469
6418
6318
6318
6369
6369
6369
6469
6469
6469
6418
6418
6418
6418
6418
6418
6418
6418
6469
6469
6469
6469
6469
6469
6469
6470
6469
6469
6369
6369
6318
6318
6318
6318
6368
6368
6368
6368
6368
6468
6468
6468
6468
6468
6468
6368
6368
6468
6468
6519
6519
6519
6519
6519
6519
6519
6519
6519
6519
6519
6519
6519
6519
6519
6519
6503
6503
6503
6503
6503
6503
6503
6503
6503
6503
6503
6453
6453
6453
6453
6453
6453
6454
6454
6454
6454
6504
6504
6504
6504
6503
6503
6503
6403
6403
6403
6352
6352
6352
6352
6352
6352
6352
6352
6403
6403
6403
6403
6403
6404
6404
6404
6404
6404
6404
6404
6404
6404
6404
6404
6404
6403
6353
6403
6403
6403
6403
6403
6503
6503
6503
6504
6504
6504
6504
6504
6504
6504
6504
6504
6504
6504
6503
6503
6503
6503
6503
6503
6503
6503
6503
6503
6503
6503
6503
6503
6519
6469
6469
6519
6519
6519
6519
6519
6519
6519
6519
6519
6519
6519
6519
6519
6519
6519
6519
6519
6519
6519
6519
6519
6519
6519
6519
6519
6519
6519
6519
6519
6519
6520
6520
6520
6520
6520
6520
6520
6520
6520
6520
6520
6520
6520
6520
6520
6519
6519
6519
6519
6519
6519
6519
6519
6519
6520
6520
6469
6469
6453
6504
6504
6504
6504
6504
6504
6504
6504
6504
6504
6504
6504
6504
6504
6504
6504
6504
6504
6504
6504
6504
6504
6504
6504
6520
6519
6519
6519
6519
6519
6519
6519
6519
6519
6519
6519
6519
6519
6519
6520
6520
6520
6520
6504
6504
6504
6504
6504
6453
6453
6453
6453
6453
6453
6469
6469
6469
6469
6469
6453
6453
6453
6453
6453
6453
6453
6452
6452
6452
6452
6452
6452
6452
6452
6452
6453
6453
6453
6453
6453
6453
6453
6453
6453
6504
6504
6504
6504
6504
6504
6504
6504
6504
6504
6503
6503
6503
6503
6503
6503
6503
6503
6519
6519
6519
6519
6519
6519
6469
6470
6520
6520
6520
6520
6520
6520
6519
6519
6519
6519
6503
6503
6503
6403
6403
6404
6504
6504
6504
6504
6504
6520
6520
6520
6520
6520
6520
6469
6469
6469
6469
6469
6469
6469
6469
6520
6520
6520
6520
6520
6520
6520
6520
6520
6520
6520
6520
6470
6470
6470
6470
6470
6470
6470
6454
6454
6454
6454
6454
6454
6454
6454
6454
6453
6453
6453
6453
6453
6503
6503
6503
6503
6503
6503
6503
6503
6503
6503
6519
6519
6519
6519
6519
6519
6519
6519
6519
6503
6503
6503
6503
6503
6503
6503
6503
6519
6519
6503
6503
6503
6519
6519
6519
6520
6520
6520
6520
6520
6520
6520
6520
6520
6520
6520
6520
6520
6520
6520
6519
6519
6519
6519
6520
6520
6520
6520
6520
6520
6520
6520
6520
6520
6520
6520
6470
6470
6520
6520
6520
6520
6520
6520
6520
6520
6520
6520
6520
6520
6520
6520
6520
6520
6520
6520
6520
6520
6520
6520
6504
6504
6503
6503
6403
6403
6403
6403
6403
6403
6403
6403
6403
6403
6403
6419
6419
6419
6419
6419
6419
6419
6419
6419
6419
6419
6419
6419
6419
6419
6419
6419
6419
6419
6403
6403
6403
6403
6403
6403
6403
6403
6403
6403
6403
6403
6503
6503
6503
6503
6504
6520
6520
6520
6520
6520
6519
6519
6520
6520
6520
6520
6520
6520
6520
6519
6519
6519
6519
6519
6519
6519
6469
6469
6469
6469
6469
6469
6469
6469
6469
6469
6469
6469
6469
6519
6519
6519
6519
6519
6519
6519
6519
6519
6519
6519
6519
6519
6519
6519
6519
6519
6503
6503
6503
6503
6503
6503
6503
6503
6503
6503
6503
6503
6503
6503
6503
6503
6503
6503
6503
6503
6503
6503
6503
6503
6503
6403
6403
6503
6503
6503
6503
6503
6503
6503
6503
6503
6503
6503
6503
6503
6503
6519
6519
6519
6519
6519
6519
6519
6503
6504
6504
6504
6453
6453
6403
6403
6403
6453
6453
6453
6453
6453
6453
6453
6453
6469
6469
6469
6469
6469
6469
6469
6469
6469
6469
6469
6469
6469
6468
6468
6468
6468
6468
6468
6468
6519
6519
6519
6519
6519
6519
6519
6519
6519
6519
6519
6519
6519
6520
6520
6520
6520
6520
6520
6520
6469
6468
6468
6468
6468
6468
6468
6468
6468
6468
6469
6469
6469
6469
6469
6469
6469
6469
6469
6468
6468
6468
6468
6468
6468
6468
6468
6452
6452
6452
6452
6503
6503
6403
6403
6403
6403
6503
6403
6403
6403
6403
6404
6404
6404
6404
6404
6404
6403
6403
6403
6403
6403
6403
6403
6403
6403
6403
6503
6503
6503
6519
6519
6519
6519
6519
6519
6519
6519
6519
6519
6519
6519
6519
6519
6519
6519
6519
6519
6519
6519
6519
6503
6503
6503
6503
6503
6503
6503
6503
6503
6403
6403
6403
6403
6403
6503
6503
6503
6503
6503
6504
6504
6504
6504
6504
6504
6504
6504
6504
6504
6504
6504
6504
6504
6503
6503
6503
6503
6503
6503
6503
6503
6503
6503
6503
6503
6503
6503
6503
6503
6503
6503
6503
6503
6503
6503
6503
6503
6503
6503
6503
6503
6403
6403
6403
6403
6403
6403
6352
6352
6353
6353
6352
6352
6353
6404
6404
6403
6403
6403
6503
6503
6503
6519
6503
6503
6503
6403
6403
6403
6403
6403
6403
6403
6403
6403
6419
6519
6519
6519
6519
6519
6519
6519
6519
6519
6519
6519
6520
6520
6520
6520
6520
6520
6520
6520
6519
6519
6519
6519
6519
6519
6519
6519
6519
6519
6519
6519
6519
6519
6519
6519
6519
6519
6519
6519
6519
6519
6519
6519
6519
6519
6519
6519
6519
6519
6519
6519
6519
6519
6519
6519
6519
6519
6519
6519
6519
6519
6519
6519
6519
6519
6519
6519
6520
6520
6520
6520
6520
6520
6520
6520
6520
6520
6520
6520
6520
6520
6520
6520
6520
6520
6520
6520
6520
6520
6520
6520
6520
6520
6520
6504
6504
6504
6503
6403
6403
6403
6503
6503
6503
6503
6504
6504
6504
6504
6504
6504
6504
6504
6504
6504
6504
6504
6504
6504
6504
6504
6504
6504
6504
6504
6503
6503
6503
6403
6403
6403
6403
6403
6403
6403
6403
6403
6403
6403
6403
6403
6403
6404
6404
6404
6404
6403
6403
6403
6403
6403
6403
6403
6403
6404
6404
6404
6404
6404
6404
6404
6404
6404
6404
6404
6404
6404
6404
6404
6404
6504
6504
6504
6504
6504
6520
6520
6520
6520
6520
6520
6520
6520
6520
6520
6520
6520
6520
6520
6520
6520
6520
6520
6520
6520
6520
6520
6520
6520
6520
6520
6520
6520
6520
6520
6520
6520
6520
6520
6520
6520
6520
6520
6520
6519
6519
6519
6519
6519
6519
6519
6519
6519
6519
6519
6519
6519
6519
6519
6519
6519
6519
6519
6519
6503
6503
6503
6503
6403
6403
6403
6403
6419
6420
6420
6420
6420
6420
6520
6520
6470
6470
6470
6470
6470
6470
6470
6470
6470
6470
6470
6520
6520
6520
6520
6520
6520
6520
6520
6504
6504
6504
6520
6520
6520
6520
6520
6520
6519
6519
6519
6519
6519
6520
6520
6519
6520
6520
6520
6520
6520
6520
6520
6520
6520
6519
6519
6519
6503
6403
6403
6419
6419
6419
6419
6419
6419
6419
6419
6419
6419
6419
6403
6403
6403
6403
6403
6403
6403
6419
6420
6420
6419
6419
6419
6419
6420
6420
6420
6419
6419
6419
6419
6419
6419
6403
6403
6403
6403
6403
6403
6403
6403
6403
6403
6403
6403
6403
6503
6504
6504
6504
6504
6504
6504
6504
6504
6504
6504
6504
6504
6504
6504
6504
6504
6504
6504
6504
6504
6504
6504
6503
6503
6503
6503
6503
6503
6503
6503
6503
6503
6503
6503
6503
6503
6403
6403
6403
6403
6403
6403
6403
6403
6403
6403
6403
6419
6419
6419
6419
6419
6403
6403
6403
6403
6403
6403
6403
6403
6403
6403
6403
6403
6403
6403
6403
6403
6403
6403
6403
6403
6403
6403
6403
6403
6403
6403
6403
6403
6403
6403
6403
6403
6403
6403
6403
6403
6403
6403
6403
6403
6403
6403
6403
6403
6403
6503
6503
6503
6503
6503
6403
6403
6403
6403
6403
6403
6403
6403
6404
6404
6404
6404
6404
6404
6404
6404
6404
6404
6404
6404
6404
6404
6404
6404
6404
6404
6404
6404
6404
6404
6404
6404
6404
6404
6404
6404
6404
6404
6404
6404
6404
6404
6404
6404
6504
6504
6503
6503
6503
6503
6503
6503
6503
6503
6503
6403
6403
6403
6403
6403
6403
6403
6403
6403
6403
6403
6403
6404
6404
6404
6404
6404
6404
6404
6404
6404
6404
6404
6404
6404
6404
6404
6404
6404
6404
6404
6404
6404
6404
6404
6404
6404
6404
6404
6420
6420
6420
6420
6420
6420
6420
6420
6420
6420
6420
6420
6420
6420
6420
6420
6420
6420
6420
6420
6420
6420
6420
6420
6420
6420
6420
6420
6420
6420
6420
6404
6404
6404
6504
6504
6504
6520
6520
6520
6519
6519
6519
6519
6519
6519
6503
6503
6503
6503
6503
6503
6503
6503
6403
6403
6403
6403
6403
6403
6403
6403
6403
6503
6504
6504
6504
6504
6504
6504
6504
6504
6504
6504
6504
6504
6504
6504
6504
6504
6504
6504
6503
6503
6519
6519
6519
6519
6519
6520
6520
6520
6520
6520
6520
6520
6520
6520
6520
6520
6520
6520
6520
6520
6519
6519
6519
6519
6519
6519
6519
6519
6519
6520
6520
6520
6520
6520
6520
6520
6520
6520
6520
6520
6520
6520
6520
6520
6520
6520
6520
6520
6520
6520
6520
6520
6520
6520
6520
6520
6520
6520
6519
6519
6519
6519
6519
6519
6519
6519
6519
6519
6519
6520
6520
6520
6520
6504
6504
6504
6504
6504
6504
6504
6504
6504
6504
6520
6520
6520
6520
6520
6520
6520
6520
6520
6520
6520
6520
6519
6519
6519
6519
6519
6519
6519
6519
6519
6503
6503
6519
6519
6519
6519
6519
6519
6519
6519
6519
6519
6519
6519
6520
6520
6520
6520
6520
6520
6520
6520
6520
6520
6520
6520
6520
6520
6520
6520
6520
6520
6520
6520
6520
6520
6520
6520
6520
6520
6520
6520
6520
6520
6520
6520
6519
6519
6519
6519
6519
6519
6519
6519
6519
6519
6519
6519
6519
6520
6520
6520
6520
6519
6519
6519
6519
6519
6519
6519
6519
6519
6519
6519
6519
6519
6519
6519
6519
6519
6519
6519
6519
6519
6519
6519
6519
6519
6519
6519
6519
6519
6519
6519
6519
6519
6519
6519
6519
6519
6519
6519
6519
6519
6519
6519
6519
6519
6519
6519
6519
6519
6519
6520
6520
6520
6520
6519
6519
6519
6519
6519
6519
6519
6519
6519
6519
6519
6519
6519
6519
6519
6519
6519
6519
6519
6519
6519
6519
6519
6519
6519
6519
6519
6519
6519
6519
6519
6519
6519
6519
6519
6519
6519
6520
6520
6520
6520
6520
6520
6520
6520
6520
6520
6520
6520
6520
6520
6520
6520
6520
6519
6519
6519
6519
6519
6519
6519
6519
6519
6519
6520
6520
6520
6520
6520
6520
6520
6520
6520
6520
6520
6520
6519
6519
6519
6519
6520
6519
6519
6519
6519
6519
6519
6519
6519
6519
6519
6519
6519
6503
6503
6503
6503
6503
6503
6503
6403
6404
6404
6404
6404
6404
6404
6404
6404
6404
6404
6404
6404
6404
6404
6404
6404
6404
6504
6504
6504
6504
6520
6520
6520
6520
6520
6520
6520
6520
6520
6520
6520
6519
6519
6519
6519
6520
6520
6520
6520
6520
6520
6520
6520
6520
6520
6520
6520
6520
6520
6520
6520
6520
6520
6520
6520
6520
6520
6520
6520
6519
6519
6519
6519
6519
6519
6519
6519
6519
6519
6519
6520
6520
6520
6520
6520
6520
6520
6520
6520
6520
6520
6520
6520
6520
6520
6520
6520
6520
6520
6520
6520
6520
6520
6520
6520
6520
6520
6520
6520
6520
6520
6520
6519
6519
6519
6519
6519
6519
6519
6519
6519
6519
6519
6519
6519
6519
6519
6519
6519
6520
6520
6520
6520
6520
6520
6520
6520
6520
6520
6520
6520
6520
6520
6520
6520
6520
6520
6520
6520
6520
6520
6519
6519
6519
6519
6519
6519
6519
6519
6519
6519
6519
6519
6519
6519
6519
6519
6520
6520
6520
6520
6520
6520
6520
6520
6520
6520
6520
6520
6520
6520
6520
6520
6520
6520
6520
6520
6520
6520
6520
6520
6520
6520
6519
6519
6519
6519
6519
6519
6519
6519
6519
6519
6520
6520
6520
6520
6520
6520
6520
6519
6519
6519
6519
6519
6519
6519
6519
6519
6519
6519
6519
6519
6519
6519
6519
6519
6519
6520
6520
6519
6520
6520
6520
6520
6520
6520
6520
6520
6520
6520
6520
6520
6520
6520
6520
6520
6520
6520
6520
6520
6520
6520
6520
6520
6520
6520
6520
6520
6520
6520
6520
6520
6520
6520
6519
6519
6519
6519
6519
6519
6519
6519
6519
6519
6519
6519
6519
6519
6519
6519
6519
6519
6519
6519
6519
6519
6519
6519
6519
6519
6519
6519
6519
6519
6503
6503
6503
6403
6403
6403
6403
6403
6403
6403
6403
6403
6403
6403
6403
6403
6403
6404
6404
6404
6404
6404
6404
6404
6404
6404
6420
6420
6420
6420
6420
6420
6420
6420
6419
6419
6419
6419
6419
6419
6419
6419
6419
6419
6419
6419
6419
6419
6403
6404
6404
6404
6404
6404
6404
6404
6404
6404
6404
6404
6404
6404
6404
6404
6403
6403
6403
6403
6403
6403
6403
6403
6404
6404
6404
6404
6404
6404
6404
6404
6403
6404
6420
6420
6420
6420
6420
6420
6420
6420
6420
6420
6420
6420
6420
6420
6420
6420
6420
6420
6420
6420
6420
6420
6420
6420
6420
6420
6420
6420
6420
6420
6520
6520
6520
6520
6520
6520
6520
6520
6519
6519
6519
6519
6519
6519
6519
6519
6519
6519
6519
6519
6520
6520
6520
6520
6520
6520
6520
6520
6520
6520
6520
6520
6520
6520
6520
6520
6520
6520
6520
6520
6520
6520
6520
6520
6520
6520
6520
6520
6520
6520
6520
6520
6519
6519
6519
6519
6519
6519
6519
6519
6519
6519
6519
6519
6520
6520
6520
6520
6520
6520
6520
6520
6520
6520
6520
6520
6520
6520
6519
6519
6519
6519
6519
6519
6519
6519
6519
6519
6519
6519
6519
6519
6519
6519
6519
6519
6519
6519
6519
6519
6519
6519
6519
6519
6519
6519
6519
6519
6519
6519
6519
6519
6519
6519
6519
6519
6520
6520
6520
6520
6520
6520
6520
6520
6520
6520
6520
6520
6520
6520
6520
6520
6520
6520
6520
6520
6520
6520
6520
6520
6520
6520
6520
6520
6504
6504
6504
6504
6504
6504
6504
6504
6504
6504
6503
6403
6403
6403
6404
6404
6404
6404
6403
6403
6403
6403
6403
6403
6404
6404
6404
6404
6403
6403
6403
6403
6403
6403
6403
6403
6503
6503
6503
6403
6403
6403
6403
6419
6419
6419
6419
6419
6419
6419
6403
6403
6403
6403
6403
6503
6503
6503
6503
6504
6504
6520
6520
6520
6520
6520
6520
6520
6519
6519
6519
6519
6519
6519
6519
6519
6519
6519
6519
6520
6520
6520
6520
6520
6520
6520
6520
6520
6520
6520
6520
6520
6520
6520
6520
6520
6520
6520
6519
6519
6519
6519
6519
6519
6519
6519
6519
6519
6519
6519
6519
6519
6519
6520
6520
6519
6519
6519
6519
6519
6519
6519
6519
6519
6519
6519
6519
6519
6519
6519
6519
6519
6519
6519
6519
6519
6519
6519
6519
6519
6519
6519
6519
6519
6519
6519
6519
6520
6520
6520
6520
6520
6520
6519
6519
6519
6519
6519
6519
6519
6519
6519
6519
6519
6519
6519
6519
6520
6520
6520
6520
6519
6519
6519
6519
6519
6519
6519
6519
6519
6519
6519
6519
6519
6520
6520
6520
6520
6520
6520
6520
6520
6519
6519
6519
6519
6519
6519
6519
6519
6519
6519
6519
6519
6519
6519
6519
6519
6519
6519
6519
6519
6519
6519
6519
6519
6519
6519
6519
6519
6519
6519
6520
6520
6520
6520
6520
6520
6520
6520
6520
6520
6520
6520
6520
6520
6520
6520
6520
6520
6520
6520
6520
6520
6520
6520
6520
6520
6520
6520
6520
6520
6520
6520
6520
6520
6520
6520
6520
6520
6520
6520
6520
6520
6520
6520
6520
6520
6520
6520
6520
6520
6520
6520
6520
6520
6520
6520
6520
6520
6520
6520
6520
6520
6520
6520
6520
6520
6520
6520
6520
6520
6519
6519
6519
6519
6519
6519
6519
6519
6519
6519
6519
6519
6519
6519
6519
6519
6519
6519
6519
6519
6519
6519
6520
6520
6520
6520
6520
6520
6520
6520
6519
6519
6519
6519
6519
6519
6519
6519
6520
6520
6520
6520
6520
6520
6520
6520
6520
6520
6520
6520
6520
6520
6520
6520
6520
6520
6520
6520
6520
6520
6520
6520
6520
6520
6520
6520
6520
6520
6520
6520
6520
6520
6520
6520
6520
6520
6520
6520
6520
6520
6520
6520
6520
6520
6520
6520
6520
6520
6520
6520
6520
6520
6520
6520
6520
6520
6520
6520
6520
6520
6520
6520
6520
6520
6520
6520
6520
6520
6520
6520
6520
6520
6520
6520
6520
6520
6520
6520
6520
6520
6520
6520
6520
6520
6520
6520
6520
6520
6520
6520
6520
6520
6520
6520
6519
6519
6519
6519
6519
6519
6519
6519
6520
6520
6520
6520
6520
6520
6520
6520
6520
6520
6520
6519
6519
6519
6519
6519
6519
6519
6519
6520
6520
6520
6520
6520
6520
6520
6520
6520
6520
6520
6520
6520
6520
6520
6520
6520
6520
6520
6520
6520
6520
6520
6520
6520
6520
6520
6520
6520
6520
6520
6520
6520
6520
6520
6520
6519
6519
6519
6519
6519
6519
6519
6519
6519
6519
6519
6519
6519
6519
6519
6520
6520
6520
6520
6520
6520
6520
6520
6520
6520
6520
6520
6520
6520
6520
6519
6519
6519
6519
6519
6519
6519
6519
6519
6519
6519
6519
6519
6519
6519
6519
6519
6519
6519
6519
6519
6519
6519
6519
6519
6519
6519
6519
6519
6519
6520
6520
6520
6520
6520
6520
6520
6519
6519
6519
6519
6519
6519
6519
6519
6519
6520
6520
6520
6520
6520
6520
6520
6520
6520
6520
6520
6520
6520
6520
6520
6520
6520
6520
6520
6520
6520
6520
6520
6520
6520
6520
6520
6519
6519
6519
6519
6519
6519
6519
6519
6519
6519
6519
6519
6519
6519
6519
6519
6519
6519
6519
6519
6519
6519
6519
6519
6519
6519
6519
6519
6519
6519
6519
6519
6519
6519
6519
6519
6519
6519
6519
6519
6519
6519
6519
6519
6519
6519
6519
6519
6519
6519
6519
6520
6520
6520
6520
6520
6520
6520
6520
6520
6520
6520
6520
6520
6520
6520
6520
6520
6520
6520
6520
6520
6520
6519
6519
6519
6519
6519
6519
6519
6519
6519
6519
6519
6519
6519
6519
6519
6519
6519
6520
6520
6520
6520
6520
6520
6520
6520
6520
6520
6520
6520
6520
6520
6519
6519
6519
6519
6519
6519
6520
6520
6520
6520
6520
6520
6520
6520
6520
6520
6520
6520
6520
6520
6520
6520
6520
6520
6520
6520
6520
6520
6520
6520
6520
6519
6519
6519
6519
6519
6519
6519
6519
6519
6519
6519
6519
6519
6519
6519
6519
6519
6519
6519
6520
6520
6520
6520
6520
6520
6520
6520
6520
6520
6520
6520
6520
6520
6520
6520
6520
6520
6520
6520
6520
6520
6520
6520
6520
6520
6520
6520
6520
6520
6520
6520
6520
6520
6520
6520
6520
6520
6520
6520
6520
6520
6520
6520
6520
6520
6520
6520
6520
6520
6520
6520
6520
6520
6520
6520
6520
6520
6520
6520
6520
6520
6520
6520
6520
6520
6520
6520
6520
6520
6520
6520
6520
6520
6520
6520
6520
6520
6520
6520
6520
6520
6520
6520
6520
6519
6519
6519
6519
6519
6519
6519
6519
6519
6519
6519
6519
6519
6519
6519
6519
6519
6519
6519
6519
6519
6520
6520
6519
6519
6519
6519
6519
6519
6519
6519
6519
6520
6520
6520
6520
6520
6520
6520
6520
6520
6520
6520
6519
6519
6519
6519
6519
6519
6519
6519
6519
6519
6519
6519
6519
6519
6519
6519
6519
6519
6520
6520
6520
6520
6520
6520
6520
6520
6520
6520
6520
6520
6520
6520
6520
6520
6520
6520
6520
6519
6519
6519
6519
6519
6519
6519
6519
6519
6519
6520
6520
6520
6520
6520
6520
6520
6520
6520
6520
6520
6520
6520
6520
6520
6520
6520
6520
6520
6520
6520
6520
6520
6520
6520
6520
6520
6520
6520
6520
6520
6520
6520
6520
6520
6519
6519
6519
6519
6519
6519
6519
6519
6519
6519
6519
6519
6519
6519
6519
6519
6519
6519
6519
6519
6519
6519
6519
6519
6519
6519
6519
6519
6519
6519
6519
6519
6519
6519
6519
6519
6519
6519
6519
6519
6519
6519
6519
6519
6519
6519
6519
6519
6519
6519
6519
6519
6519
6519
6519
6519
6519
6519
6519
6520
6520
6520
6520
6520
6520
6520
6520
6520
6520
6520
6520
6520
6520
6520
6520
6520
6520
6520
6520
6520
6520
6520
6520
6520
6520
6520
6520
6520
6520
6520
6520
6520
6520
6520
6520
6520
6520
6520
6520
6520
6520
6520
6520
6520
6520
6520
6520
6520
6520
6520
6520
6520
6520
6520
6520
6520
6520
6520
6520
6520
6520
6520
6520
6520
6520
6520
6520
6520
6520
6520
6520
6520
6520
6520
6520
6520
6520
6520
6520
6520
6520
6520
6520
6520
6520
6520
6520
6520
6520
6520
6520
6520
6520
6520
6520
6520
6520
6520
6520
6520
6520
6520
6520
6520
6520
6520
6520
6519
6519
6519
6519
6519
6519
6519
6519
6519
6519
6519
6519
6519
6519
6519
6519
6519
6519
6519
6519
6519
6519
6520
6520
6520
6520
6520
6520
6520
6520
6520
6520
6520
6520
6520
6520
6520
6520
6520
6520
6520
6520
6520
6520
6520
6520
6520
6520
6520
6520
6520
6520
6520
6520
6520
6520
6520
6520
6520
6520
6520
6520
6520
6520
6520
6520
6520
6520
6520
6520
6520
6520
6520
6520
6520
6520
6520
6520
6520
6520
6520
6520
6520
6520
6520
6520
6520
6520
6520
6520
6520
6520
6520
6520
6520
6520
6520
6520
6520
6520
6520
6520
6519
6519
6519
6519
6519
6519
6519
6519
6519
6519
6519
6519
6519
6519
6519
6519
6519
6519
6519
6519
6519
6519
6519
6519
6519
6519
6519
6519
6519
6519
6519
6519
6519
6519
6519
6519
6520
6520
6520
6520
6520
6520
6520
6520
6520
6520
6520
6520
6520
6520
6520
6520
6520
6520
6520
6520
6520
6520
6520
6519
6519
6519
6520
6520
6520
6520
6520
6520
6520
6520
6520
6520
6520
6520
6520
6520
6520
6520
6520
6520
6520
6520
6520
6520
6520
6520
6520
6520
6520
6520
6520
6520
6520
6520
6520
6520
6520
6520
6520
6520
6520
6520
6520
6520
6520
6520
6520
6520
6520
6520
6520
6520
6520
6520
6520
6520
6520
6520
6520
6520
6520
6520
6520
6520
6520
6520
6520
6520
6520
6520
6520
6520
6520
6520
6520
6520
6520
6519
6520
6520
6520
6520
6520
6520
6520
6520
6520
6520
6520
6520
6520
6520
6520
6520
6520
6520
6520
6520
6520
6520
6520
6520
6520
6520
6520
6520
6520
6520
6520
6520
6520
6520
6520
6520
6520
6520
6520
6520
6520
6520
6520
6520
6520
6520
6520
6520
6520
6520
6520
6520
6520
6520
6520
6520
6520
6520
6520
6520
6520
6520
6520
6520
6520
6520
6520
6520
6520
6520
6520
6520
6520
6520
6520
6520
6520
6520
6520
6520
6520
6520
6520
6520
6520
6520
6520
6520
6520
6520
6520
6520
6520
6520
6520
6520
6520
6520
6520
6520
6520
6520
6520
6520
6520
6520
6520
6520
6520
6520
6520
6520
6520
6520
6520
6520
6520
6520
6520
6520
6520
6520
6520
6520
6520
6520
6520
6520
6520
6520
6520
6520
6520
6520
6520
6520
6520
6520
6520
6520
6520
6520
6520
6520
6520
6520
6520
6520
6520
6520
6520
6520
6520
6520
6520
6520
6520
6520
6520
6520
6520
6520
6520
6520
6520
6520
6520
6520
6520
6520
6520
6520
6520
6520
6520
6520
6520
6520
6520
6520
6520
6520
6520
6520
6520
6520
6520
6520
6520
6520
6520
6520
6520
6520
6520
6520
6520
6520
6520
6520
6520
6520
6520
6520
6520
6520
6520
6520
6520
6520
6520
6520
6520
6520
6520
6520
6520
6520
6520
6520
6520
6520
6520
6520
6520
6520
6520
6520
6520
6520
6520
6520
6520
6520
6520
6520
6520
6520
6520
6520
6520
6520
6520
6520
6520
6520
6520
6520
6520
6520
6520
6520
6520
6520
6520
6520
6520
6520
6520
6520
6520
6520
6520
6520
6520
6520
6520
6520
6520
6520
6520
6520
6520
6520
6520
6520
6520
6520
6520
6520
6520
6520
6520
6520
6520
6520
6520
6520
6520
6520
6520
6520
6520
6520
6520
6520
6520
6520
6520
6520
6520
6520
6520
6520
6520
6520
6520
6520
6520
6520
6520
6520
6520
6520
6520
6520
6520
6520
6520
6520
6520
