3888
4226
4227
4386
4788
4793
4549
4113
3789
3762
3762
3810
3805
3425
3425
2798
3425
3805
3805
3425
3087
3087
3467
3805
3806
3468
3170
3071
3023
3022
3267
3268
3316
3560
3180
3207
2580
3207
3531
3829
3427
3183
3294
3293
2969
2969
3307
3709
3709
4089
3844
3447
3109
3506
3395
3396
3396
3495
3494
3446
2932
2634
2475
2376
2424
2424
2424
2762
3007
2980
2735
3249
2852
3150
3249
3685
3796
3955
4199
4596
4194
3896
3797
3802
3802
3803
3802
3802
3260
3558
3558
3657
3656
3901
3790
3545
3165
3117
3519
3843
3744
3500
3548
3659
3659
3904
3793
4173
3771
3798
3553
4095
4095
4095
4047
4095
3715
3716
3668
3041
3041
3041
2743
2987
3086
2762
2761
3085
3196
3085
3196
3441
3044
3045
2801
2796
3176
3803
4101
3990
3831
3879
3879
3880
3880
3991
3991
3990
3991
4235
4136
4533
4532
4934
4596
4272
3758
3513
3512
2970
3215
3539
3877
3475
3230
3632
3632
3731
3731
3393
2766
2767
2740
2739
2766
2330
2766
3011
3170
3171
3060
3574
3574
3912
3864
3975
3573
3176
3578
3578
3583
3583
4210
4051
3424
3424
3126
2802
2961
2802
2691
2690
3232
3556
3604
3359
3470
3226
3178
3173
3418
3173
3221
3519
3195
3196
3196
3195
3592
3836
3836
3592
3597
3597
3498
3597
3161
2823
2775
3113
3437
3681
3582
3577
3175
3334
3339
3339
3775
3339
3180
3807
3808
3809
3485
3480
2966
3290
3179
2841
3000
2620
2461
2137
2296
2295
2675
2295
2136
2295
2295
2294
2618
2591
2836
2947
2947
3285
3041
3140
3542
3543
3542
3140
3188
3432
3134
3648
3649
3405
3405
3160
3001
3000
3436
3681
3343
3343
3244
3403
3403
3403
3647
3020
3647
3250
3202
3604
3652
3657
3498
3657
3546
3546
3546
3546
3546
3657
3658
3757
3784
4181
4176
3634
3198
3198
3203
3639
4181
4070
4408
4164
4408
3894
3894
3795
4093
4093
4093
3696
3452
3832
3827
3779
3779
4023
3996
3369
3071
2912
2939
2940
2940
2398
2912
2911
2911
3010
3009
3307
2905
2906
3065
3070
3612
3513
3508
3507
3507
3904
3659
3117
2720
3122
3123
2785
2884
3281
3619
3620
3619
3520
3519
4061
4306
4354
4109
4354
3957
3962
3718
3473
3718
3817
3275
3275
3275
3275
3275
2895
2847
2847
3227
3769
3769
3367
3611
3287
2907
2663
2564
2565
2565
2565
2129
2373
2373
2484
2484
2373
2809
3133
3128
2884
2995
3043
3042
2528
2204
2448
2453
2454
2156
2156
2157
2559
2314
2612
2612
2607
2580
2977
2929
2929
2818
2520
2547
2547
2595
3222
3221
3601
3263
3262
3507
3127
3127
3079
3079
3080
2836
3216
2780
2621
2959
2621
3057
3571
3869
3874
3332
2952
2516
2564
2564
2808
2808
2808
2808
3146
3257
3257
2919
2919
2621
2594
2932
3031
3031
3058
3600
3898
3897
3897
3898
3850
3845
3818
3191
2853
2853
2858
2853
2852
2753
2508
2832
2430
2132
2133
2133
2760
2919
2675
2278
2278
2326
2706
2950
2839
2680
3082
3241
2727
2679
2790
3226
3067
3365
3041
3089
3413
3751
3750
3506
3903
4147
4147
3903
3903
3903
3903
3792
3250
3764
3863
3236
3863
3890
3895
4054
3955
3519
3492
4034
4035
3408
3403
3408
3844
3844
3330
3575
3570
3570
4084
4084
4084
3746
4084
4328
4327
3925
4024
4651
4271
4673
4673
4674
4429
4429
4270
4275
4275
3873
4032
3694
3595
3622
4024
3397
4024
4024
4123
4123
4368
4341
4452
4353
4353
4055
3658
3144
3033
3371
3370
2743
2738
2400
2914
2914
2478
2589
2616
2616
2621
2621
2621
3018
2970
2726
2329
2084
2328
2955
2928
3226
3325
3570
3565
3903
3658
3658
3414
3414
3462
3462
3351
3352
2838
2838
3083
3088
3088
3524
3768
3720
4117
3681
3582
3693
3369
3396
2999
2999
3513
3268
3268
3268
3241
3565
3560
3996
4001
3677
3678
3673
3772
3258
3655
3655
3654
3654
3112
3112
3111
3625
3228
3552
4094
3467
3467
3468
3468
3495
3543
3543
3543
3029
2918
3432
3384
3357
3258
2960
2524
2523
2622
2627
3007
3118
3118
3554
4181
4229
3687
3349
2947
2948
2943
3345
3246
3198
3203
3541
3589
2962
2914
2941
2941
2941
2941
2940
2940
2504
2505
2505
3047
2723
2385
3012
3012
3257
3257
2855
2903
3305
3194
3194
3189
3189
2647
2758
3155
2753
2753
2758
3082
3077
3077
3513
3514
3514
3613
4015
4015
3770
4312
3915
3915
4160
4159
4048
4000
4001
4049
4049
4022
4027
4138
4138
4027
3783
3782
3809
3650
3623
3734
3735
3299
3299
3299
3326
3624
3597
3624
3326
3325
3226
2599
2843
2795
3093
2769
2769
2770
2769
3166
3793
3396
2854
2855
3397
3392
3391
3729
3102
3102
2588
3024
3183
2885
2884
2640
2884
2482
2530
2629
2927
2879
2852
2900
3224
3621
3621
4135
3593
3620
3620
3509
4136
4109
4110
3772
3773
3773
3773
3884
3884
4286
4286
3988
3877
3497
3497
3497
3338
3338
3449
3338
3338
3014
3125
2498
1984
2143
2685
2685
2637
2636
2234
2748
2749
2749
3376
3277
3325
3649
3649
3947
4349
4687
4686
4362
3960
4284
4284
4284
4664
4122
4664
4267
3831
4228
3983
3739
3744
3347
3347
3049
3451
3450
3748
3410
3411
2897
2924
2919
2919
2919
3163
3163
3163
3408
3249
3138
3090
3091
3090
3428
3183
2556
2667
3103
3103
3076
2534
2931
2607
2706
3220
3220
3225
3384
4011
3575
3173
2546
3173
2776
2777
3174
3716
3617
3612
3215
2673
2672
3069
3069
2672
2672
3069
3393
3829
3856
3459
3459
4001
4403
4403
4403
4408
4403
4403
4292
4133
4106
4106
3768
3366
3367
2987
2987
2986
3097
3477
3477
3477
3366
3465
3029
3056
3029
3029
3367
3803
3804
3803
3803
4048
3612
3612
4009
3495
3494
3114
2717
2718
2176
2176
2176
2573
2975
2976
3003
3383
3388
3930
3930
3533
3289
2951
3387
3498
3836
3995
3995
3368
3368
3123
3122
3122
3121
2719
3116
3164
3408
3922
4324
4276
4249
4250
4250
4006
3626
4006
4054
4054
4053
4680
4382
3980
3980
4278
4279
4306
4551
4550
4550
4523
3981
3982
3977
4519
4195
3681
3925
3528
3417
3417
3369
3771
3819
4216
4221
4221
3883
3883
3639
3639
3242
3486
3438
3465
3438
3465
3789
3789
3465
3306
3306
3062
3063
3058
3058
3058
3031
3369
3071
3071
3098
2853
2852
2900
3297
3811
3811
4056
3811
3811
4135
4135
3738
3897
3573
3059
3064
3064
3059
2960
2622
2622
3019
2971
3082
3082
3082
3083
3407
3652
3751
4049
4293
4182
3884
3884
3725
3725
4239
4537
4293
4048
4159
4159
4158
3778
3751
3640
3667
3778
3783
3756
3756
3915
3401
3401
3402
2966
2965
2854
2853
3191
3627
3738
3983
4363
4363
3983
3978
4358
4358
4358
3922
3949
3625
3598
4034
4358
4358
4358
3956
4004
3462
3082
3484
2857
2455
2344
2886
2913
2918
2918
2918
3320
3320
3221
3465
3127
3507
4021
4120
3578
3578
3578
3551
4178
3742
3742
3742
3643
3398
3398
3018
2504
2749
2744
2585
2585
2585
2585
3127
3226
3385
3385
3385
3899
3655
3253
3364
3702
3702
3707
3734
4136
4137
4137
3623
3623
3867
3708
4144
4145
4034
4193
4193
4166
4007
3908
3908
3903
4417
4417
4417
4172
4172
4331
4442
4541
4541
4568
4457
4456
4836
4788
4788
5033
5033
5144
5117
5117
4715
4715
4714
4714
4714
4719
4395
4422
4263
4258
4258
4014
4173
4014
4014
4014
4062
3951
3409
3111
2714
2666
2910
2910
3208
2694
2694
2356
2361
2472
2472
2869
2869
2869
2869
2869
2433
2869
2869
2625
2673
2673
2428
2752
2753
2726
2727
2726
2678
3016
3016
3015
3016
3558
3553
3797
3798
3362
3410
3410
3166
3410
3410
3569
3410
3812
3812
4057
4057
4493
4652
4651
4651
4492
4492
4493
4498
4497
4656
4254
4656
4656
4656
4545
4656
4657
4657
4684
4657
4498
4096
4095
4095
4095
4094
4094
4094
4253
4254
4254
3956
3618
3373
3373
3325
3352
3352
3253
3253
3655
3655
3703
3698
4212
4053
4391
4392
4148
4100
4100
4345
4350
4509
4171
4171
4270
4269
4110
4110
3568
4110
4448
4421
4416
4036
4280
4281
4281
4286
3962
3989
3989
4369
4693
4692
4150
4150
4149
4122
3725
3725
3726
3615
3774
3769
3774
3774
3774
3774
4316
4217
4515
4626
4725
4626
4467
4468
4627
4627
4627
4627
4627
4654
4753
4752
4747
4367
4747
4345
4345
4345
4101
4101
3587
3488
3488
3890
3938
4452
4154
3640
3592
3347
3347
3861
3861
3481
3481
3157
3402
3402
3450
3830
3719
4017
4116
4116
4227
4227
4227
4624
4624
4625
4625
4466
4471
4444
4444
3930
3930
3929
3930
3388
3547
4061
4603
4598
4598
4439
4439
4439
4763
4221
3923
4082
4082
4082
3923
3923
3296
3295
3295
3184
3726
3726
3726
3726
3726
3726
3212
3212
2888
2888
2999
2597
2598
3000
3244
3243
3243
3243
3757
3757
3709
3464
3464
3464
3464
3465
3068
3073
3470
3470
3465
3763
3762
3761
3761
3325
3570
3570
4197
3795
3550
3551
3551
3551
3710
3611
3069
3068
3167
3167
3194
3194
3095
3096
3069
3611
4047
4371
4371
4370
4211
3775
3934
3537
3537
3537
3564
4000
4000
4000
4402
4402
4403
4403
4403
4402
4799
4799
4799
4402
4799
4475
4475
4475
4523
4279
3765
4009
4009
4009
3982
3982
3983
4307
4308
4308
4407
3780
4294
4195
4294
4921
4541
4568
4230
4230
4568
4568
4171
4171
4060
4305
4305
4310
4305
4310
4310
4309
3971
3971
3812
3812
3185
3185
3185
3185
3344
3971
3971
3971
3726
3726
3721
3721
4118
4456
4456
4567
4812
4813
4714
4469
4568
4230
3833
4213
4114
4114
4114
3870
3843
3732
3976
3975
4002
4002
4247
4199
4199
3875
3848
3689
3737
4075
4075
3737
3439
3439
3439
3439
3440
3440
3778
3778
4102
4102
3764
3764
4102
4102
3858
3885
4129
4427
4129
4129
4134
4133
4133
4133
4133
3795
3415
3410
3410
3521
3680
3681
3681
3570
3168
3168
3168
3168
2541
3168
3167
3008
3007
3387
3360
3360
3757
4095
4095
4122
4122
4420
4421
4421
4520
4520
4006
3958
3660
3660
3336
3336
3447
3447
3447
3420
3822
3827
3827
3854
3452
3452
3854
3854
3854
4178
4178
4178
3934
3823
3823
3485
3458
3459
3459
3486
3486
3387
3387
3387
3386
2984
2984
2957
2957
2521
2521
2521
2957
3295
3295
3050
3149
3144
2806
3208
3207
3545
3790
4034
4034
4034
4082
4082
4082
4596
3969
3969
3969
3969
3969
3969
3969
3969
3974
4272
3836
3439
3391
3550
3148
3775
3886
3886
3886
3886
3886
3727
3886
3787
4184
3940
3941
3941
3941
3941
3941
3941
3696
3723
3723
4159
3861
3861
3909
3798
3798
3798
3897
3798
3771
4173
4471
4570
4056
4056
4056
4051
3952
3952
4051
4051
4056
4056
4056
4056
4570
4522
4522
4570
4522
4633
4632
4680
4707
4952
4952
4953
4926
4925
4528
4772
5169
5169
5169
5121
4962
4560
4560
4561
4164
3919
3919
3918
4077
4077
4078
3780
3779
3827
3779
3779
3780
3779
3779
3806
3807
3780
3780
3621
3616
3517
3762
3762
4060
4060
4060
4060
3736
3736
3194
3293
3182
3209
3209
3368
3369
3368
3369
3693
4095
4095
4637
4313
4312
4312
3932
4329
4329
4653
4654
4654
4654
4495
4500
4500
4611
4659
4415
4018
4398
4397
4073
4317
4269
4025
4422
4042
4042
4201
4201
4201
4249
3847
3736
3731
3731
3731
3433
3433
3433
3433
3757
3762
3762
4006
4006
4006
4006
4117
4117
4117
3958
3958
3957
3957
3957
3957
3712
3712
3871
4116
4116
4117
3872
3872
3871
4116
3574
3415
3416
3416
3416
3416
3368
3368
3363
3362
3362
3764
3765
3138
3138
3138
2893
2782
2782
2683
2731
2731
2731
2731
2731
2730
3357
3357
3330
3331
3358
3358
3363
3358
3603
3603
3604
3703
3655
3655
4035
4035
4194
4242
4143
4148
4147
4147
4147
4147
4147
4246
4245
4240
3902
3907
3907
3907
3583
3583
3583
3583
3578
3578
3578
3578
3578
3916
4458
4458
4569
4569
4167
4056
3812
3812
3813
3924
3924
3897
3798
4096
4195
4195
4222
3825
4069
4068
4068
4068
4068
3730
3735
4073
4475
4475
4476
4178
4178
4179
4152
4152
4147
4152
4152
4179
4068
4465
4127
3968
3532
3288
3288
3447
3447
3447
3447
3442
3686
3691
4029
4029
4353
4352
4108
4108
4108
4060
4304
4205
4205
4253
4253
4094
4094
4094
4095
4206
4206
4206
4206
4206
4179
4338
4333
4333
4333
4333
4338
4014
4014
4014
4014
4014
4014
4014
4014
4014
4013
3854
3881
3881
3881
4179
4179
4338
4338
4290
4290
4290
4290
4389
4390
4390
4390
4390
4438
4437
4410
4410
4410
4405
4160
4160
4160
4484
4146
4146
4098
4098
4098
4098
4098
4103
4103
4103
4103
3992
4040
4378
4378
4378
4219
4219
3975
3975
4220
4379
4379
4406
4406
4247
4220
4247
4247
4358
4357
4357
4357
4357
4330
4331
4326
4028
4028
4028
4029
4028
4464
4416
4416
3874
3763
3763
3763
3763
3874
3879
3879
3879
3879
4421
4421
4420
4420
4309
4064
4362
4024
4024
4135
4136
4136
4136
4136
4474
4501
4549
4549
4211
4206
4206
3908
3908
3797
3797
3797
3797
4095
3698
3698
3599
3844
3845
3850
3845
3844
4088
4485
4823
4824
4797
4802
4802
4901
4896
5055
5055
5055
5055
5055
5054
4955
4955
4955
4657
4768
4768
4657
4657
4412
4088
4088
4088
4088
4088
4088
4333
4360
4116
4116
4227
4227
4228
4228
4069
4021
4021
4180
4153
4153
3751
3751
3799
3799
3799
3898
3897
3897
4299
4299
4304
4304
4304
4303
3789
3784
4298
4139
4139
4298
4298
4139
4139
3625
3625
3869
4193
4491
4518
4138
4138
4138
3893
3893
4052
4052
4052
3953
3926
3926
3926
4306
4551
4154
3774
3774
3775
3775
3775
3775
3775
3775
3775
3775
4172
4172
4172
4172
3775
3775
3775
3874
3874
3874
3879
3879
3879
3634
3336
3331
3283
3283
3663
3668
3668
3668
3569
3569
3569
3569
3569
3410
3655
3655
3703
3862
3618
3618
3617
3617
3617
3644
3644
3942
3943
3619
3619
3077
3050
2805
3319
3160
3160
3160
3259
3583
3578
3467
3712
3712
3664
3565
3664
3326
3868
4265
4265
4265
3868
3466
3466
3868
3979
4223
4620
4958
4958
4958
4958
4958
4958
4958
5006
5165
4729
4728
4755
4755
4728
4404
4293
4293
3896
3896
3848
3848
3848
3848
3749
3411
3808
3919
3919
3919
3920
3920
3920
3675
3675
3723
3723
3723
3723
3728
3827
3826
4071
4023
4018
4018
4018
4018
3919
3919
3919
4257
4257
4581
5017
5017
4772
4777
4777
4777
4777
4876
4871
4760
4760
4661
4661
4772
4772
4772
4772
4772
4434
4434
4434
3998
3999
4098
4098
4098
3999
3999
3999
3999
4098
4103
4130
4130
4130
4031
4031
4030
4030
4030
4030
4030
4030
4466
4466
4467
4467
4223
4223
4218
4218
4317
4317
4317
4317
4317
4317
3993
3993
4237
4210
4210
4455
4296
4296
4620
4779
4779
4779
4827
4716
4617
4617
4458
4796
4796
4823
4823
4823
4823
4824
4824
4427
4586
4538
4102
4102
4102
4102
4499
4175
4175
4286
4286
4285
4285
4285
4284
4284
4257
4257
4257
4146
4146
4146
3987
3988
3988
3988
3608
3608
3635
3636
3735
3734
3735
3735
3708
3735
3735
4171
4171
4551
4551
4551
4550
4550
4212
4550
4550
4305
4464
4788
4788
4391
4391
4391
4391
4391
4390
4390
4390
4438
4443
4443
4443
4443
4443
4443
4443
4416
4417
4417
4662
4662
4689
4688
4683
4683
4683
4683
4683
4683
4683
4385
4385
4061
4034
4332
3952
3957
4281
4661
4661
5058
4814
4815
4842
4842
4842
4842
4842
4842
4815
4477
4476
4428
4429
4429
4767
4767
4767
4767
4768
4768
4768
4768
4768
4768
4816
4843
4843
4463
4574
4818
4818
4817
4817
4818
4817
4817
4817
4817
4817
4817
4818
4818
4818
5198
5171
5171
4774
4774
4450
4450
4477
4477
4477
4477
4477
4476
4476
4428
4184
4581
4580
4628
4580
4580
4581
4581
4581
4905
4905
4905
4906
4906
4906
4747
4991
4964
4964
4964
4959
4959
4959
4848
4451
4450
4450
4450
4498
4657
4658
4499
4499
4499
4498
4609
4614
4614
4614
4614
4614
4614
4614
4614
4614
4614
4614
4609
4610
4610
5007
5007
4610
4610
4610
4610
4610
4610
4610
4609
4609
5006
4907
4907
4907
4907
4907
4907
4907
4907
5066
5065
5066
5066
5071
5070
4825
4825
4924
4924
4924
4924
4924
4924
4924
4925
4681
4681
4681
4676
4676
4676
4676
4565
4592
4544
4445
4444
4146
4146
4146
4245
4489
4489
4489
4330
4489
4489
4490
4601
4602
4491
4491
4736
4735
5033
5033
5033
4934
4934
5045
5093
5045
5045
5044
5017
5017
5017
5017
5017
5017
5017
5022
5022
5022
5017
5017
5065
5065
5092
5093
4982
4982
4684
4684
4684
4684
4982
4355
4355
4355
4355
4355
4355
4982
5081
5081
5081
5081
5081
4679
4679
4679
4679
4679
4679
4679
4679
4679
4679
4679
4355
4356
4758
4757
4757
4868
4868
4868
4868
4868
4868
4869
4869
4842
4842
4842
4847
4846
4846
4846
4846
4846
4735
4735
4762
4762
4603
4603
4603
4603
4603
4603
4602
4602
4575
4734
4845
4845
4845
4846
4846
4847
4602
4847
4549
4549
4847
4847
4842
4842
4842
4794
4496
4496
4496
4523
4523
4523
4523
4522
4522
4523
4847
4305
4305
4847
4847
4603
4603
4603
4603
4603
4603
4603
4603
4603
4576
4874
4874
4874
4874
4874
4874
4874
4874
4874
4922
4922
4922
4949
4948
4948
4948
4953
4905
4905
4906
4582
4582
4582
4582
4582
4582
4555
4555
4555
4554
4554
4554
4878
4905
4905
4905
4953
4615
4615
4504
4505
4478
4722
4722
4563
4239
4577
4577
4577
4577
4736
4736
4847
4847
4847
4847
4799
4799
4688
5012
4688
4688
4688
4589
4589
4589
4589
4589
4589
4637
4637
4637
4299
4298
4298
4409
4409
4508
4508
4397
4424
4424
4424
4424
4424
4748
4747
4748
4748
4700
4700
4700
4700
4541
4541
4700
4700
4700
4700
4541
4542
4880
4880
4880
4880
4880
4880
4879
4879
4879
4879
4878
4878
4926
4926
5037
5037
5037
4938
4938
4938
4938
4938
4938
4938
4938
4938
4938
4939
4939
4939
4939
4940
4940
5099
5094
5094
5094
4770
4770
4770
4770
4769
4768
4768
4768
4768
4768
4768
4768
4768
4773
4774
4774
4775
4775
4748
4346
4346
4345
4345
4345
4345
4345
4345
4345
4747
5071
5098
4853
4853
4853
4853
4853
5098
5050
5050
5050
5051
5051
5051
5051
4940
4940
4642
4642
4304
4304
4303
4641
4641
4689
4689
4690
4988
4988
4988
4988
4988
4988
4988
4988
4988
4988
4987
4987
4987
4986
4741
4714
4714
4959
4959
4959
4959
4960
4960
4987
4987
4987
4987
5098
5098
5197
5197
5197
5197
5192
5192
5192
5193
5193
4949
4949
4949
4552
4551
4551
4551
4551
4551
4551
4551
4551
4551
4551
4556
4551
4948
4948
4900
4900
4900
4801
5045
4886
4886
4934
4934
4823
4922
4922
4525
4525
4525
4525
4525
4530
4531
4531
4531
4526
4526
4526
4685
4347
4352
4749
4749
4749
4701
4701
4701
5039
5039
5034
5034
5034
5034
5034
5034
5034
5034
5034
5034
5034
5034
4710
5034
5039
5039
5039
5012
5039
5039
5087
5087
5087
5087
5087
5087
5087
5086
5086
5086
5086
5081
5080
5080
5080
5080
5081
5081
5081
5081
5081
5080
5080
4836
4737
4738
4738
4743
4987
4986
4986
4986
4986
4986
4986
4986
4986
4986
4986
4986
5097
5097
5196
5196
5196
5196
5191
5164
5164
5164
4920
4921
4922
4922
4922
4922
4922
4922
4927
4927
4927
5171
5171
5171
5171
5171
5198
5198
5198
5198
5198
5198
5198
5198
5198
5197
5198
5193
5193
5193
5193
5193
5193
5198
5099
5099
5099
5099
4940
4940
4940
4313
4313
4412
4411
4166
4166
4166
4165
4166
4166
4411
4411
4411
4411
5038
5038
5011
5011
5011
5011
5011
5011
4963
4990
4990
4963
4963
4864
4864
5023
5023
5023
5022
5022
5022
5022
5022
4863
4863
4863
4863
4863
4863
4863
4858
4858
4858
4747
4774
4774
4774
4779
4827
4827
4926
4926
4926
4926
5085
5085
5085
5086
5086
5086
5086
5081
5033
5033
4934
4907
4907
4955
5066
5066
5066
5065
5164
5164
5164
5164
5164
5164
5164
5164
5165
5165
5165
5165
5165
5165
5165
5165
5165
5170
5170
5170
5170
5170
5170
5170
5170
5169
5169
5170
5170
5170
5011
5011
5010
5010
5011
5011
5011
5011
5012
5012
5012
5011
5011
5011
5011
5038
5038
5038
5038
5038
5037
5010
5037
4938
4938
4938
4938
4938
4938
4938
4938
4938
4938
4938
4827
4827
4926
4926
4926
5037
5037
5037
4793
4793
4793
4793
4694
4694
4694
4695
4695
4695
4690
4690
4689
4689
4689
4365
4609
4609
4609
4609
4768
4741
4741
4768
4768
4768
4768
4768
4768
4773
4773
4773
4725
4725
4824
4824
4824
4665
4665
4566
4566
4567
4567
4567
4891
4892
4892
4991
5150
5145
5145
5145
5145
4986
4986
4986
4991
4991
4991
4991
4964
4964
4963
4864
4863
4890
4890
4891
4891
4939
4939
4939
4939
4939
4939
4939
5098
5098
5098
5098
5098
5050
5023
5022
5022
5022
5022
5049
5049
5022
5022
5022
5022
5022
5022
5022
5022
5022
5023
5023
5023
4725
4725
4725
4725
4726
4726
4725
4724
4751
4751
4746
4746
4746
4746
4794
4799
4799
4898
4899
4899
4900
4900
4852
4693
4693
4693
4852
4693
4693
4692
4692
4692
4692
4581
4740
4740
4740
4740
4740
4851
4851
4899
4899
4899
4740
4740
4740
4899
4899
4898
4871
4872
4873
4762
4762
4762
4762
4714
4713
4713
4713
4714
4713
4614
4609
4608
4608
4608
4608
4719
4719
4719
4719
4719
4746
4746
4746
4746
4746
4635
4734
4734
4734
4734
4739
4850
4850
4898
4871
4871
4871
4871
4871
4871
4871
4871
4871
4871
4871
4760
4761
4761
4761
4761
4761
4756
4756
4755
4782
4782
4787
5085
5086
5085
5085
5085
5085
5085
5085
5085
5037
5038
5038
5038
5039
5039
5039
5039
5039
5039
5039
5039
5039
5038
5149
5149
5122
5122
5122
5122
5122
5122
5122
5122
5122
5122
5121
5121
5121
5121
5121
5116
5117
5117
5122
5117
5144
5144
5144
5144
5144
5144
5144
5144
5144
5144
5144
5144
5033
5033
5033
5033
5038
5038
5037
5037
5037
4793
4793
4793
4793
4793
4793
4793
4793
4793
4793
4766
4761
4761
4809
4761
4761
4761
4761
4766
4607
4607
4634
4634
4634
4634
4634
4634
4682
4682
4682
4682
4683
4684
4928
5039
5039
5039
5039
5039
5039
5039
5039
5039
5038
5038
5038
5038
5038
5039
5039
4795
4497
4497
4497
4497
4741
4741
4741
4741
4741
4741
4741
4741
4741
4741
4740
4739
4739
5037
5037
5038
5038
5038
5197
5197
5197
5197
5197
5197
5197
5197
5086
5086
5059
5059
5059
5059
5060
5060
5060
5059
5086
5197
5197
5197
5192
5192
5192
5192
5197
5098
5098
5098
5098
5098
5099
5099
5099
5099
5099
5099
5051
5050
5149
5149
5148
5148
5143
5143
5044
5044
5044
5044
5017
5022
5022
5022
5017
5018
5018
5018
5018
5018
5018
5018
5018
4773
4773
4773
4773
5018
5018
5018
5018
5018
5018
5117
5117
5117
5117
5117
5117
5116
5116
5164
5164
5164
5164
5165
5165
5054
5054
5081
5081
5081
5080
5080
5080
4981
5092
5092
5092
5092
5093
5093
5093
5094
5094
5093
5192
5192
5192
5192
5192
5192
5192
5192
5192
5093
5093
5093
5098
5197
5197
5197
5197
5197
5197
5086
5197
5192
5192
5192
5197
5197
5197
5197
5197
5197
5197
5197
5192
5192
5192
5192
5192
5192
5192
5192
5192
5192
5192
5192
5192
5192
5192
5192
5192
5193
5193
5193
5198
5198
5198
5198
5198
5197
5197
5197
5197
5170
5170
5170
5170
5165
5170
5170
5170
5170
5170
5170
5170
5170
5170
5170
5169
5170
5170
5170
5170
5170
5170
5169
5169
5169
5169
5196
5196
5196
5196
5196
5196
5196
5196
5196
5196
5196
5148
5148
4903
4903
4904
4904
4904
4904
4904
4903
4951
4951
4951
4951
4951
4951
4951
5196
5196
5196
5196
5196
5196
5196
5196
5196
5196
5196
5197
5197
5197
5197
5197
5197
5197
5197
5197
5197
5197
5197
5197
5197
5086
5085
5085
5085
5080
5053
5053
5053
5053
5053
5054
5054
4955
4955
4955
4955
4955
4955
4955
4955
4954
4954
4981
4981
4986
4986
4986
4986
4986
4987
4987
4987
4987
4987
4987
4987
4960
4960
4960
4961
4961
4961
4988
4988
4988
5087
5087
5087
5087
5082
5081
5081
5081
5080
5080
5080
5080
5080
4981
4981
4981
5092
5093
5093
5093
5093
5093
5093
5093
4982
4982
5093
5092
5092
5092
5092
5092
5092
5092
5093
5093
5098
5098
5098
5071
5071
5071
5071
5071
5071
5071
5071
5071
5071
5098
5099
5099
5099
5099
5099
5099
5099
5099
5099
5198
5198
5198
5198
5198
5198
5198
5198
5198
5198
5150
5150
5150
5039
5034
5033
5033
5033
5144
5117
5117
5116
5116
5116
5116
5116
5116
5116
5116
5116
5116
5121
5121
5121
5169
5170
5170
5171
5171
5170
5170
5170
5170
5170
5170
5170
5071
5071
5071
5070
5070
5070
5071
5066
5093
5093
5093
5093
5093
5093
5093
5093
4849
4849
5093
5093
5093
5066
4955
5066
4955
4955
4956
4956
4956
4961
4961
4960
4960
4960
4960
4960
5059
5059
5060
5087
4685
4685
4685
4658
4658
4653
4658
4653
4653
4653
4653
4653
4653
4653
4653
4653
4653
4653
4653
4653
4653
4653
4764
4764
4791
4791
4791
4791
4791
4791
4791
4791
4791
4791
4791
4791
4791
4791
4764
4764
4764
4764
4764
5166
5166
5165
5165
5066
5067
5067
5067
5067
5067
5067
5066
5066
5066
5066
5071
5071
5071
5071
5071
5071
5070
5070
5070
5070
5071
5071
5071
5066
5066
5066
5066
5066
5066
5066
5066
5071
5072
5072
5072
5072
5099
5099
5099
5099
5098
5098
5098
5098
5098
5099
5098
5099
5099
5099
5099
5099
5099
5099
5099
5099
5099
5198
5198
5198
5198
5198
5198
5198
5198
5198
5198
5193
5193
5193
5193
5193
5193
5193
5193
5193
5193
5193
5192
5192
5197
5197
5197
5197
5197
5197
5197
5197
5197
5197
5197
5197
5192
5192
5192
5192
5192
5192
5192
5192
5165
5164
5169
5169
5169
5169
5169
5164
5164
5164
5164
5116
5116
5116
5116
5116
5117
5116
5116
5121
5121
5121
5148
5149
5149
5149
5144
5144
5192
5192
5192
5192
5192
5192
5192
5192
5193
5193
5192
5192
5192
5192
5192
5192
5192
5192
5192
5192
5192
5192
5192
5192
5191
5191
5191
5191
5191
5191
5196
5196
5196
5196
5196
5191
5191
5191
5191
5191
5191
5191
5191
5191
5191
5164
5191
5191
5191
5191
5191
5191
5191
5192
5192
5197
5170
5197
5197
5197
5197
5197
5197
5197
5197
5197
5197
5197
5192
5192
5192
5192
5081
5081
5081
5081
5081
5081
5081
5081
5192
5192
5192
5192
5192
5192
5192
5192
5192
5192
5191
5191
5191
5191
5191
5164
5164
5164
5164
5164
5164
5164
5164
5065
5070
5070
5071
5071
5071
5070
5070
5169
5169
5169
5169
5169
5169
5169
5196
5196
5196
5196
5196
5196
5196
5196
5197
5197
5197
5197
5197
5196
5196
5196
5196
5196
5196
5196
5196
5196
5196
5191
5191
5191
5191
5191
5191
5196
5197
5197
5197
5198
5197
5197
5197
5197
5197
5197
5196
5196
5196
5196
5196
5196
5196
5196
5191
5164
5164
5164
5164
5169
5169
5170
5170
5170
5170
5170
5170
5170
5170
5170
5197
5197
5197
5197
5197
5197
5197
5197
5197
5197
5197
5197
5197
5197
5197
5197
5197
5170
5170
5170
5165
5165
5165
5165
5165
5170
5165
5165
5165
5165
5117
5117
5117
5144
5144
5117
5117
5117
5122
5122
5122
5122
5122
5122
5123
5123
5123
5122
5122
5121
5121
5121
5121
5121
5122
5149
5149
5149
5149
5149
5149
5149
5148
5148
5148
5121
5121
5121
5121
5121
5121
5121
5022
5022
5022
5023
5023
5023
5122
5122
5122
5123
5123
5122
5122
5122
5170
5170
5170
5170
5170
5197
5196
5196
5196
5196
5196
5196
5197
5197
5197
5197
5197
5197
5192
5192
5192
5192
5191
5191
5192
5192
5192
5193
5193
5193
5192
5193
5193
5193
5193
5193
5193
5193
5193
5192
5192
5192
5144
5144
5144
5143
5143
5143
5143
5143
5143
5143
5143
5143
5143
5143
5143
5143
5143
5143
5144
5144
5144
5144
5144
5144
5192
5192
5192
5191
5192
5192
5192
5192
5192
5192
5192
5193
5193
5193
5193
5193
5193
5193
5193
5193
5193
5193
5193
5192
5192
5192
5193
5193
5193
5193
5193
5193
5193
5094
5094
5094
5094
5094
5094
5094
5094
5193
5193
5193
5193
5192
5192
5192
5192
5192
5192
5197
5197
5197
5197
5197
5192
5192
5191
5191
5191
5191
5164
5164
5165
5165
5165
5165
5165
5165
5165
5164
5165
5165
5165
5165
5165
5165
5165
5164
5164
5164
5165
5165
5165
5165
5165
5166
5166
5166
5166
5166
5166
5166
5166
5166
5166
5166
5166
5166
5166
5166
5166
5165
5165
5165
5192
5192
5192
5192
5192
5192
5192
5192
5192
5192
5192
5192
5192
5192
5165
5192
5192
5192
5192
5197
5197
5197
5197
5192
5192
5192
5144
5144
5144
5144
5149
5149
5149
5149
5149
5149
5149
5149
5150
5150
5150
5150
5150
5150
5149
5149
5149
5149
5149
5149
5197
5196
5196
5196
5196
5196
5196
5196
5196
5196
5196
5196
5148
5148
5148
5148
5148
5148
5196
5196
5196
5196
5196
5196
5196
5196
5197
5197
5197
5197
5149
5149
5149
5149
5149
5149
5149
5148
5148
5149
5197
5197
5197
5197
5197
5197
5197
5197
5197
5197
5197
5196
5197
5197
5197
5196
5196
5196
5196
5196
5196
5196
5196
5196
5196
5196
5191
5192
5192
5192
5192
5192
5192
5192
5192
5192
5093
5093
5093
5093
5093
5093
5093
5093
5093
5093
5092
5092
5092
5092
5092
5092
5092
5191
5191
5192
5192
5192
5192
5192
5192
5193
5198
5198
5198
5198
5197
5197
5197
5192
5192
5193
5193
5193
5193
5193
5193
5193
5193
5193
5193
5193
5193
5193
5198
5198
5198
5198
5198
5198
5198
5197
5197
5192
5192
5192
5192
5192
5192
5192
5192
5193
5193
5193
5193
5193
5193
5193
5193
5193
5193
5193
5166
5166
5166
5166
5166
5166
5166
5171
5171
5171
5171
5171
5171
5171
5171
5171
5171
5171
5170
5170
5165
5166
5166
5166
5165
5165
5170
5170
5170
5170
5170
5170
5165
5165
5165
5170
5170
5170
5170
5170
5170
5170
5170
5170
5170
5170
5170
5170
5170
5170
5170
5170
5165
5165
5165
5165
5165
5165
5192
5192
5192
5197
5197
5198
5198
5198
5198
5198
5197
5170
5170
5170
5170
5170
5170
5170
5170
5170
5170
5170
5170
5170
5170
5170
5197
5197
5198
5198
5198
5198
5198
5198
5198
5197
5197
5192
5192
5192
5192
5192
5193
5198
5198
5198
5198
5198
5198
5198
5198
5198
5198
5198
5198
5198
5197
5197
5197
5197
5197
5197
5197
5197
5198
5198
5198
5198
5198
5198
5198
5198
5197
5197
5197
5197
5197
5197
5197
5197
5196
5197
5197
5197
5197
5197
5198
5171
5171
5171
5171
5171
5171
5166
5166
5166
5166
5166
5193
5193
5193
5193
5193
5193
5193
5193
5192
5192
5192
5192
5192
5192
5192
5192
5191
5191
5164
5165
5165
5165
5166
5166
5171
5171
5171
5166
5166
5171
5170
5170
5171
5171
5198
5198
5198
5197
5197
5197
5197
5197
5098
5098
5098
5098
5098
5098
5098
5098
5098
5098
5098
5097
5097
5097
5097
5097
5070
5169
5169
5169
5169
5169
5169
5169
5164
5169
5169
5196
5196
5197
5197
5197
5197
5197
5197
5196
5196
5196
5196
5169
5169
5169
5169
5169
5169
5169
5169
5170
5170
5170
5170
5170
5171
5171
5171
5171
5170
5171
5170
5170
5170
5170
5197
5197
5197
5197
5197
5198
5198
5198
5198
5198
5198
5198
5198
5197
5197
5197
5197
5197
5197
5196
5196
5196
5197
5197
5197
5197
5198
5171
5171
5166
5166
5166
5166
5171
5171
5170
5170
5170
5170
5170
5170
5170
5170
5170
5170
5170
5170
5170
5170
5170
5170
5170
5170
5171
5171
5171
5171
5171
5171
5171
5171
5170
5170
5170
5170
5170
5170
5171
5171
5171
5171
5171
5198
5198
5198
5198
5198
5193
5193
5193
5192
5192
5192
5192
5192
5192
5192
5192
5192
5192
5165
5165
5165
5165
5165
5164
5164
5164
5165
5166
5166
5166
5166
5171
5171
5171
5198
5198
5197
5197
5197
5197
5197
5197
5196
5196
5196
5196
5196
5197
5197
5197
5197
5197
5197
5197
5197
5197
5197
5197
5197
5197
5197
5197
5197
5198
5198
5198
5198
5198
5198
5198
5198
5198
5197
5197
5197
5197
5197
5197
5197
5197
5197
5197
5197
5197
5197
5197
5197
5197
5192
5192
5192
5197
5197
5197
5197
5197
5197
5197
5197
5197
5197
5197
5197
5197
5197
5197
5197
5197
5197
5197
5197
5197
5197
5197
5197
5197
5197
5197
5197
5197
5196
5196
5196
5196
5196
5148
5148
5148
5143
5143
5143
5143
5143
5143
5143
5144
5144
5144
5144
5144
5144
5144
5144
5144
5144
5144
5144
5144
5144
5145
5145
5145
5145
5145
5145
5145
5145
5145
5145
5145
5144
5192
5192
5192
5165
5165
5165
5165
5165
5165
5117
5117
5118
5118
5117
5117
5117
5117
5117
5116
5143
5143
5143
5143
5191
5191
5191
5191
5191
5196
5197
5197
5197
5197
5197
5197
5197
5197
5197
5197
5197
5197
5197
5197
5197
5197
5197
5197
5197
5197
5197
5197
5197
5197
5197
5197
5197
5192
5192
5192
5192
5192
5192
5192
5192
5192
5192
5192
5192
5192
5192
5191
5191
5196
5196
5196
5196
5196
5196
5196
5196
5196
5196
5196
5196
5196
5196
5196
5196
5196
5196
5196
5197
5197
5197
5197
5197
5197
5198
5193
5193
5193
5193
5145
5145
5145
5145
5145
5193
5193
5193
5198
5198
5193
5193
5193
5193
5193
5193
5193
5193
5193
5193
5198
5193
5193
5193
5193
5193
5198
5193
5193
5198
5197
5197
5197
5197
5197
5197
5197
5197
5197
5197
5197
5197
5192
5192
5192
5192
5192
5192
5192
5192
5193
5193
5193
5198
5198
5198
5198
5198
5198
5198
5198
5197
5197
5197
5197
5197
5197
5197
5197
5197
5197
5197
5197
5197
5197
5197
5197
5197
5197
5197
5197
5197
5196
5196
5196
5196
5196
5197
5197
5197
5197
5197
5197
5197
5197
5197
5197
5197
5197
5196
5196
5196
5196
5196
5196
5196
5196
5196
5196
5196
5196
5196
5196
5196
5196
5196
5196
5196
5196
5196
5196
5196
5197
5192
5192
5192
5192
5192
5192
5192
5193
5193
5193
5193
5193
5193
5193
5193
5193
5193
5193
5193
5193
5198
5197
5197
5198
5198
5198
5197
5197
5197
5197
5197
5197
5197
5197
5197
5197
5197
5197
5196
5196
5196
5196
5196
5196
5196
5196
5196
5196
5196
5196
5197
5197
5197
5197
5197
5198
5198
5198
5198
5198
5198
5198
5198
5198
5198
5198
5198
5198
5198
5198
5197
5197
5197
5197
5198
5198
5198
5198
5193
5193
5193
5193
5193
5193
5193
5198
5198
5198
5198
5198
5198
5198
5198
5198
5198
5198
5198
5171
5171
5171
5170
5170
5170
5170
5170
5170
5170
5170
5170
5170
5170
5170
5170
5170
5170
5170
5170
5170
5170
5170
5170
5170
5170
5170
5170
5170
5169
5169
5169
5169
5169
5169
5169
5164
5164
5165
5165
5165
5166
5166
5166
5166
5166
5166
5166
5166
5166
5193
5198
5198
5198
5198
5198
5198
5198
5197
5197
5197
5197
5197
5197
5197
5196
5197
5197
5197
5197
5197
5192
5192
5192
5192
5192
5191
5191
5191
5191
5196
5196
5196
5196
5196
5196
5197
5197
5197
5197
5198
5198
5198
5198
5198
5198
5193
5193
5198
5198
5198
5198
5198
5198
5198
5197
5197
5197
5197
5198
5198
5198
5197
5197
5196
5196
5196
5196
5196
5196
5196
5196
5196
5196
5196
5196
5196
5196
5191
5192
5193
5192
5192
5192
5192
5192
5192
5192
5192
5192
5192
5193
5193
5193
5193
5192
5192
5193
5193
5193
5193
5193
5193
5193
5193
5193
5192
5192
5192
5192
5192
5191
5191
5191
5191
5191
5192
5192
5192
5192
5192
5192
5191
5191
5191
5191
5191
5191
5191
5164
5164
5164
5191
5191
5191
5191
5191
5191
5191
5191
5192
5192
5192
5192
5197
5192
5193
5193
5193
5193
5193
5193
5198
5197
5197
5197
5192
5192
5192
5192
5192
5192
5192
5192
5192
5192
5192
5192
5197
5197
5197
5197
5197
5197
5197
5197
5196
5196
5196
5197
5197
5197
5197
5197
5197
5197
5197
5197
5198
5198
5198
5198
5198
5198
5198
5198
5198
5198
5198
5198
5198
5198
5198
5198
5198
5198
5198
5197
5197
5197
5197
5197
5197
5192
5192
5192
5192
5192
5192
5192
5193
5193
5193
5193
5193
5193
5192
5192
5193
5193
5193
5193
5193
5193
5193
5192
5192
5192
5192
5192
5192
5191
5191
5191
5191
5191
5191
5191
5191
5191
5191
5191
5191
5191
5192
5192
5192
5192
5192
5192
5197
5197
5197
5197
5198
5198
5198
5198
5198
5198
5198
5198
5198
5198
5198
5197
5197
5197
5197
5197
5197
5197
5197
5197
5197
5197
5197
5197
5197
5197
5197
5197
5198
5198
5198
5198
5198
5198
5198
5198
5198
5197
5197
5197
5197
5197
5197
5197
5197
5197
5197
5192
5191
5191
5191
5191
5191
5191
5191
5191
5191
5191
5191
5192
5192
5192
5192
5192
5192
5191
5191
5191
5191
5191
5191
5196
5191
5191
5191
5191
5191
5192
5192
5192
5192
5192
5192
5197
5197
5197
5197
5197
5197
5197
5197
5197
5197
5197
5196
5196
5196
5196
5196
5196
5196
5196
5196
5197
5197
5197
5197
5197
5197
5197
5198
5197
5192
5192
5192
5192
5192
5191
5191
5191
5191
5191
5191
5191
5191
5191
5191
5191
5191
5191
5192
5193
5193
5193
5193
5193
5193
5193
5192
5192
5192
5197
5197
5197
5197
5198
5198
5198
5197
5197
5197
5197
5197
5197
5170
5170
5170
5170
5171
5171
5171
5171
5171
5171
5171
5171
5171
5171
5171
5171
5171
5171
5171
5171
5171
5171
5171
5171
5171
5171
5171
5171
5171
5171
5171
5198
5198
5198
5198
5198
5198
5198
5198
5198
5198
5198
5197
5197
5197
5196
5196
5197
5197
5197
5197
5197
5197
5197
5196
5196
5196
5196
5196
5196
5196
5197
5197
5198
5197
5197
5196
5196
5191
5196
5196
5196
5196
5196
5196
5196
5196
5191
5191
5191
5191
5191
5196
5196
5196
5197
5197
5197
5197
5197
5197
5197
5197
5197
5197
5197
5197
5197
5197
5197
5197
5197
5196
5197
5197
5197
5197
5197
5197
5197
5197
5197
5197
5197
5197
5197
5197
5197
5197
5192
5192
5192
5192
5192
5192
5192
5192
5192
5197
5196
5196
5196
5196
5196
5196
5196
5196
5196
5196
5197
5197
5197
5198
5198
5197
5197
5197
5197
5197
5197
5197
5198
5198
5198
5198
5198
5197
5197
5197
5197
5197
5197
5196
5197
5197
5197
5197
5197
5197
5197
5197
5197
5197
5197
5197
5197
5197
5197
5197
5197
5198
5198
5198
5198
5198
5198
5198
5198
5198
5198
5197
5197
5197
5197
5197
5197
5198
5198
5198
5198
5198
5198
5198
5198
5198
5198
5198
5198
5198
5198
5198
5198
5198
5198
5198
5198
5198
5198
5198
5198
5198
5198
5198
5198
5198
5198
5193
5193
5193
5193
5193
5193
5193
5193
5193
5193
5193
5193
5193
5193
5193
5193
5193
5193
5193
5193
5193
5193
5193
5193
5193
5193
5193
5193
5192
5193
5193
5193
5193
5193
5193
5193
5193
5193
5193
5193
5193
5193
5192
5193
5198
5197
5197
5197
5197
5197
5197
5197
5197
5198
5198
5198
5198
5198
5198
5198
5198
5198
5198
5198
5197
5197
5197
5197
5197
5197
5197
5197
5197
5197
5197
5196
5196
5197
5197
5197
5197
5197
5197
5197
5197
5197
5197
5197
5197
5197
5197
5198
5198
5198
5198
5197
5197
5197
5197
5197
5197
5197
5197
5197
5197
5197
5197
5197
5197
5197
5197
5197
5197
5197
5197
5196
5196
5191
5191
5191
5191
5191
5191
5191
5191
5191
5191
5191
5192
5197
5197
5197
5197
5197
5197
5197
5196
5196
5196
5196
5197
5197
5197
5198
5198
5198
5198
5198
5198
5197
5197
5197
5197
5197
5197
5197
5196
5196
5196
5196
5196
5196
5196
5196
5196
5196
5197
5197
5197
5197
5197
5197
5197
5197
5196
5196
5196
5196
5196
5196
5196
5196
5196
5196
5196
5196
5196
5196
5196
5196
5196
5196
5196
5196
5196
5196
5196
5196
5197
5197
5197
5197
5197
5197
5197
5196
5196
5196
5196
5196
5196
5196
5196
5196
5196
5196
5197
5197
5197
5197
5197
5197
5197
5197
5197
5197
5197
5197
5197
5198
5198
5198
5198
5198
5197
5197
5197
5197
5197
5197
5197
5197
5197
5197
5197
5197
5197
5197
5197
5197
5197
5197
5197
5197
5197
5197
5197
5197
5197
5197
5197
5197
5197
5197
5197
5197
5197
5197
5197
5196
5196
5196
5196
5196
5196
5196
5196
5196
5196
5196
5196
5196
5196
5196
5196
5196
5196
5196
5196
5196
5197
5197
5197
5197
5192
5191
5191
5191
5191
5191
5191
5191
5191
5191
5191
5192
5192
5197
5197
5197
5197
5197
5197
5197
5192
5191
5191
5196
5196
5196
5196
5196
5196
5196
5196
5196
5196
5196
5196
5196
5196
5196
5196
5196
5196
5196
5197
5197
5198
5198
5198
5197
5197
5197
5197
5197
5197
5197
5197
5197
5197
5196
5191
5191
5191
5191
5191
5191
5191
5196
5197
5192
5192
5192
5192
5192
5192
5192
5192
5191
5191
5191
5191
5191
5191
5192
5193
5193
5193
5193
5193
5193
5193
5193
5193
5193
5193
5193
5193
5193
5193
5193
5193
5193
5193
5193
5193
5193
5193
5193
5193
5193
5193
5193
5193
5193
5193
5193
5192
5192
5192
5192
5192
5192
5192
5192
5192
5192
5192
5192
5192
5192
5193
5193
5193
5193
5193
5193
5193
5193
5192
5192
5192
5192
5192
5197
5198
5198
5193
5193
5198
5198
5198
5198
5198
5198
5198
5198
5198
5198
5198
5198
5198
5198
5197
5197
5197
5197
5197
5197
5197
5197
5197
5197
5197
5197
5192
5192
5192
5192
5192
5192
5192
5192
5193
5193
5193
5198
5198
5197
5197
5197
5197
5197
5197
5197
5197
5197
5197
5192
5192
5192
5197
5197
5197
5197
5197
5197
5197
5197
5196
5196
5196
5196
5196
5196
5196
5196
5196
5196
5196
5196
5197
5197
5197
5197
5197
5197
5197
5197
5197
5197
5197
5197
5192
5192
5192
5192
5192
5192
5192
5197
5197
5196
5196
5196
5196
5196
5196
5196
5196
5197
5197
5197
5196
5196
5196
5196
5196
5197
5197
5197
5197
5197
5197
5197
5197
5196
5196
5197
5197
5197
5197
5197
5197
5197
5197
5197
5196
5196
5197
5197
5197
5192
5192
5192
5192
5197
5197
5197
5198
5198
5198
5198
5198
5198
5198
5198
5197
5197
5197
5196
5196
5196
5191
5191
5191
5191
5191
5191
5191
5192
5192
5192
5191
5192
5192
5192
5192
5192
5192
5192
5192
5192
5197
5197
5197
5197
5197
5197
5197
5197
5197
5197
5197
5197
5197
5197
5197
5197
5197
5198
5198
5198
5198
5198
5197
5197
5197
5197
5197
5197
5197
5197
5197
5197
5197
5197
5198
5198
5198
5198
5198
5198
5198
5198
5198
5198
5198
5198
5197
5197
5197
5197
5197
5197
5197
5192
5192
5192
5197
5197
5197
5197
5197
5197
5197
5197
5197
5197
5197
5192
5192
5192
5192
5192
5192
5192
5192
5192
5191
5192
5192
5192
5192
5192
5191
5191
5192
5192
5192
5192
5192
5192
5192
5192
5192
5192
5192
5192
5193
5193
5193
5192
5192
5197
5197
5197
5197
5197
5197
5198
5198
5198
5198
5198
5198
5198
5198
5198
5197
5197
5197
5197
5197
5197
5197
5196
5196
5196
5196
5196
5196
5196
5196
5196
5196
5196
5196
5196
5197
5197
5197
5197
5197
5197
5197
5197
5197
5197
5197
5197
5198
5198
5198
5198
5198
5198
5198
5198
5198
5198
5198
5198
5198
5198
5197
5197
5197
5196
5196
5196
5196
5196
5196
5196
5196
5197
5197
5197
5197
5197
5196
5196
5196
5196
5196
5196
5196
5196
5196
5196
5196
5196
5196
5196
5196
5196
5196
5197
5197
5197
5197
5197
5197
5197
5197
5197
5197
5197
5192
5192
5192
5192
5197
5197
5197
5197
5197
5197
5197
5197
5197
5197
5197
5197
5197
5197
5197
5197
5197
5197
5197
5197
5197
5197
5197
5197
5197
5197
5197
5197
5197
5192
5192
5192
5192
5192
5192
5197
5197
5197
5197
5197
5197
5197
5197
5197
5197
5197
5197
5197
5192
5192
5192
5191
5191
5191
5196
5196
5197
5197
5197
5197
5197
5197
5197
5197
5197
5197
5197
5197
5197
5197
5197
5197
5197
5197
5197
5197
5197
5197
5196
5196
5196
5196
5196
5196
5196
5196
5196
5196
5197
5197
5197
5197
5197
5197
5197
5197
5197
5197
5197
5197
5197
5197
5197
5197
5197
5197
5197
5197
5197
5197
5197
5197
5197
5197
5197
5197
5197
5197
5197
5197
5197
5197
5197
5192
5192
5192
5192
5192
5192
5192
5192
5192
5192
5192
5192
5192
5192
5197
5196
5196
5196
5196
5196
5196
5197
5197
5197
5197
5197
5197
5197
5197
5197
5197
5197
5197
5197
5197
5197
5197
5197
5197
5197
5196
5196
5196
5196
5197
5198
5198
5198
5198
5198
5198
5198
5198
5198
5198
5198
5198
5198
5198
5198
5198
5198
5198
5198
5198
5198
5198
5197
5197
5197
5197
5197
5196
5196
5196
5196
5196
5196
5196
5196
5196
5196
5196
5196
5196
5196
5197
5196
5196
5196
5196
5196
5196
5196
5196
5196
5197
5197
5197
5197
5197
5197
5197
5197
5197
5196
5196
5196
5196
5197
5197
5192
5191
5191
5196
5196
5196
5196
5196
5196
5191
5191
5192
5192
5192
5192
5192
5192
5192
5192
5192
5191
5191
5191
5191
5191
5191
5192
5192
5192
5192
5192
5192
5192
5192
5197
5197
5197
5197
5197
5197
5197
5197
5197
5197
5197
5197
5197
5197
5197
5197
5197
5196
5196
5197
5197
5197
5197
5197
5197
5197
5197
5197
5197
5197
5197
5197
5197
5198
5198
5198
5198
5198
5198
5197
5197
5197
5197
5197
5197
5197
5197
5197
5197
5197
5197
5198
5198
5198
5197
5197
5197
5197
5197
5197
5197
5197
5197
5197
5197
5197
5197
5197
5197
5197
5197
5197
5197
5197
5197
5196
5197
5197
5198
5198
5197
5197
5197
5197
5197
5197
5197
5197
5197
5197
5197
5197
5197
5196
5196
5196
5196
5196
5197
5197
5197
5197
5197
5197
5197
5197
5197
5197
5197
5198
5198
5198
5198
5198
5198
5198
5198
5198
5198
5198
5198
5198
5198
5198
5198
5198
5198
5198
5198
5198
5198
5198
5198
5198
5198
5198
5198
5198
5198
5198
5198
5198
5198
5198
5198
5198
5198
5198
5198
5198
5198
5197
5197
5197
5197
5198
5198
5197
5197
5197
5197
5197
5197
5197
5197
5197
5198
5198
5198
5198
5198
5198
5198
5198
5198
5198
5198
5198
5198
5198
5198
5198
5198
5198
5198
5198
5198
5198
5198
5198
5198
5198
5198
5198
5198
5198
5198
5198
5198
5198
5198
5197
5197
5197
5197
5197
5197
5198
5198
5198
5198
5198
5198
5198
5198
5198
5198
5198
5198
5198
5198
5198
5198
5198
5198
5198
5198
5198
5198
5198
5198
5198
5198
5198
5198
5198
5197
5197
5197
5196
5196
5196
5196
5196
5191
5191
5191
5191
5191
5191
5191
5191
5191
5191
5191
5191
5191
5192
5192
5192
5192
5192
5192
5192
5192
5192
5192
5192
5192
5193
5193
5193
5193
5193
5193
5193
5193
5193
5193
5192
5192
5192
5192
5192
5192
5192
5192
5192
5192
5193
5193
5193
5193
5193
5193
5193
5193
5193
5193
5192
5192
5192
5192
5192
5192
5192
5192
5192
5192
5192
5192
5192
5192
5192
5192
5192
5197
5197
5197
5196
5196
5196
5196
5197
5197
5197
5197
5197
5196
5196
5196
5196
5196
5196
5196
5196
5197
5197
5197
5197
5197
5197
5197
5198
5198
5198
5198
5198
5198
5198
5198
5198
5198
5198
5198
5197
5197
5198
5197
5197
5197
5197
5197
5197
5197
5197
5198
5198
5198
5198
5198
5198
5198
5198
5198
5198
5198
5198
5198
5198
5198
5198
5198
5198
5198
5198
5198
5198
5198
5198
5198
5198
5198
5198
5198
5198
5198
5198
5198
5198
5197
5197
5197
5197
5197
5197
5197
5197
5197
5197
5197
5197
5197
5197
5197
5197
5197
5197
5197
5197
5197
5197
5197
5197
5197
5197
5197
5197
5197
5197
5197
5197
5197
5197
5197
5197
5197
5197
5197
5197
5197
5197
5197
5197
5197
5197
5197
5198
5198
5198
5198
5198
5198
5198
5198
5198
5198
5198
5197
5197
5197
5197
5197
5197
5197
5197
5197
5197
5197
5197
5197
5197
5197
5197
5197
5197
5197
5192
5192
5192
5192
5192
5192
5192
5192
5192
5192
5192
5192
5192
5192
5192
5192
5192
5192
5192
5192
5192
5192
5197
5197
5197
5197
5198
5198
5198
5197
5197
5197
5197
5197
5197
5197
5197
5197
5197
5197
5197
5197
5197
5197
5197
5197
5197
5197
5197
5197
5197
5197
5197
5197
5197
5197
5197
5198
5198
5198
5198
5198
5198
5198
5197
5197
5197
5197
5197
5197
5197
5197
5197
5197
5197
5197
5197
5197
5197
5197
5198
5198
5198
5198
5198
5198
5198
5198
5198
5198
5198
5198
5198
5198
5198
5198
5197
5197
5197
5197
5196
5196
5196
5196
5197
5197
5197
5197
5197
5197
5197
5197
5197
5197
5198
5198
5198
5198
5198
5198
5198
5198
5197
5197
5197
5197
5198
5198
5198
5198
5198
5198
5198
5198
5198
5198
5198
5198
5198
5198
5198
5198
5198
5198
5198
5198
5198
5198
5198
5198
5197
5197
5197
5197
5197
5197
5197
5197
5197
5197
5197
5197
5197
5197
5197
5197
5197
5197
5197
5197
5197
5197
5197
5197
5197
5197
5197
5197
5197
5197
5197
5197
5197
5197
5197
5197
5197
5197
5197
5197
5197
5197
5197
5197
5197
5197
5197
5197
5197
5198
5197
5196
5196
5196
5196
5196
5196
5197
5197
5197
5197
5197
5196
5196
5196
5196
5197
5197
5197
5197
5197
5197
5197
5197
5197
5197
5197
5197
5197
5197
5196
5197
5197
5197
5197
5197
5197
5197
5197
5197
5196
5196
5196
5196
5196
5196
5196
5196
5196
5196
5196
5196
5196
5196
5196
5197
5197
5197
5198
5198
5198
5198
5198
5198
5198
5198
5198
5198
5198
5198
5198
5198
5198
5198
5198
5197
5197
5197
5197
5197
5197
5197
5197
5197
5197
5197
5197
5197
5197
5197
5197
5197
5197
5197
5197
5197
5197
5197
5197
5197
5197
5197
5197
5197
5197
5197
5197
5197
5197
5197
5197
5197
5198
5198
5197
5197
5197
5197
5197
5197
5197
5197
5196
5196
5196
5196
5196
5196
5196
5196
5196
5196
5196
5196
5196
5196
5196
5196
5196
5196
5196
5196
5196
5196
5196
5196
5196
5196
5196
5197
5198
5198
5198
5198
5198
5198
5198
5198
5198
5198
5198
5198
5197
5197
5197
5197
5197
5197
5197
5197
5197
5197
5198
5198
5198
5198
5198
5198
5198
5198
5198
5198
5198
5198
5198
5198
5198
5198
5198
5198
5198
5198
5198
5198
5198
5198
5198
5198
5198
5198
5198
5198
5198
5198
5198
5198
5198
5198
5198
5198
5198
5198
5198
5198
5198
5197
5197
5197
5197
5197
5198
5197
5197
5197
5197
5197
5197
5197
5197
5198
5198
5198
5198
5198
5198
5197
5197
5197
5197
5197
5197
5197
5197
5196
5196
5197
5197
5197
5197
5197
5197
5198
5198
5198
5198
5198
5197
5197
5197
5197
5197
5197
5197
5197
5197
5197
5198
5198
5198
5198
5198
5193
5193
5193
5193
5193
5193
5192
5192
5192
5192
5192
5192
5192
5192
5192
5192
5192
5192
5192
5192
5192
5192
5192
5192
5192
5192
5192
5192
5192
5192
5193
5193
5193
5193
5193
5193
5193
5193
5193
5193
5192
5192
5192
5192
5192
5192
5192
5192
5192
5192
5192
5192
5192
5192
5192
5192
5192
5192
5192
5192
5192
5192
5192
5192
5192
5192
5192
5192
5192
5192
5192
5192
5192
5192
5192
5192
5192
5197
5197
5198
5198
5198
5198
5198
5198
5198
5198
5198
5198
5198
5198
5198
5197
5197
5197
5197
5197
5197
5197
5197
5197
5197
5197
5197
5197
5198
5198
5198
5198
5198
5198
5197
5197
5197
5197
5197
5197
5197
5197
5197
5197
5197
5197
5197
5197
5197
5197
5197
5197
5197
5197
5197
5197
5197
5197
5197
5196
5196
5196
5196
5196
5196
5196
5196
5196
5196
5197
5197
5197
5197
5197
5197
5197
5197
5197
5198
5198
5198
5198
5198
5198
5198
5198
5198
5198
5198
5198
5198
5198
5198
5198
5197
5197
5197
5197
5197
5197
5198
5198
5198
5198
5198
5198
5198
5198
5198
5197
5197
5197
5197
5197
5197
5197
5197
5197
5197
5197
5197
5197
5197
5197
5197
5197
5196
5196
5196
5197
5197
5197
5197
5197
5197
5197
5197
5197
5197
5197
5197
5197
5197
5197
5197
5197
5198
5198
5198
5198
5198
5198
5198
5198
5198
5198
5198
5198
5198
5198
5197
5197
5197
5197
5197
5197
5197
5197
5197
5197
5197
5197
5197
5197
5197
5197
5197
5197
5197
5197
5197
5197
5197
5197
5197
5197
5197
5197
5197
5197
5197
5197
5197
5197
5197
5197
5197
5197
5196
5196
5196
5196
5196
5196
5196
5196
5196
5196
5196
5196
5196
5196
5196
5197
5197
5197
5197
5197
5197
5197
5197
5197
5196
5196
5196
5196
5197
5197
5197
5197
5197
5197
5197
5196
5196
5196
5196
5197
5197
5197
5197
5198
5198
5198
5198
5198
5197
5197
5197
5197
5198
5198
5198
5198
5198
5198
5198
5198
5198
5198
5198
5198
5198
5198
5198
5198
5198
5198
5198
5198
5197
5197
5197
5197
5197
5197
5197
5197
5197
5197
5197
5197
5197
5197
5197
5197
5197
5197
5197
5197
5197
5197
5197
5197
5197
5197
5197
5197
5197
5197
5197
5198
5198
5197
5197
5197
5197
5197
5197
5197
5197
5197
5197
5197
5197
5197
5197
5197
5197
5197
5197
5198
5198
5197
5197
5197
5197
5197
5197
5197
5197
5197
5197
5198
5198
5198
5198
5198
5198
5198
5198
5198
5198
5198
5198
5198
5198
5198
5198
5198
5198
5198
5198
5198
5197
5198
5198
5197
5197
5197
5197
5197
5198
5198
5198
5198
5198
5198
5198
5198
5198
5198
5197
5196
5196
5196
5197
5197
5197
5197
5197
5197
5197
5197
5197
5197
5197
5197
5197
5197
5197
5197
5197
5198
5198
5198
5198
5198
5198
5198
5198
5198
5198
5198
5198
5198
5198
5198
5198
5198
5198
5198
5197
5198
5198
5198
5198
5197
5197
5197
5198
5198
5198
5198
5198
5198
5198
5198
5198
5198
5198
5198
5198
5198
5198
5198
5198
5198
5198
5198
5198
5197
5197
5197
5197
5196
5196
5196
5196
5196
5196
5197
5197
5198
5198
5198
5198
5198
5198
5198
5197
5197
5197
5197
5197
5197
5196
5196
5196
5196
5196
5196
5196
5197
5197
5197
5197
5197
5197
5197
5197
5197
5197
5197
5197
5197
5197
5197
5197
5197
5197
5197
5197
5197
5197
5197
5197
5197
5197
5197
5197
5197
5197
5197
5197
5197
5197
5197
5197
5197
5197
5197
5197
5197
5196
5197
5197
5197
5197
5197
5197
5197
5197
5197
5197
5197
5196
5196
5197
5197
5197
5197
5197
5197
5197
5197
5198
5198
5198
5198
5198
5198
5198
5198
5198
5198
5198
5198
5198
5198
5198
5198
5198
5198
5198
5198
5198
5198
5198
5198
5198
5198
5198
5198
5198
5198
5198
5198
5198
5198
5198
5198
5197
5197
5197
5197
5197
5197
5197
5197
5197
5197
5196
5196
5196
5196
5196
5196
5197
5196
5196
5197
5197
5197
5198
5197
5197
5197
5197
5197
5197
5197
5197
5197
5197
5197
5197
5197
5197
5197
5197
5197
5197
5197
5197
5197
5197
5197
5197
5197
5197
5198
5198
5197
5197
5197
5197
5197
5197
5197
5197
5197
5197
5197
5197
5197
5197
5197
5197
5198
5198
5198
5198
5198
5198
5198
5198
5193
5193
5193
5193
5193
5193
5193
5193
5193
5193
5193
5193
5193
5193
5193
5193
5193
5193
5193
5193
5193
5193
5193
5193
5193
5198
5198
5198
5198
5198
5198
5198
5198
5198
5198
5198
5197
5197
5197
5197
5197
5197
5197
5197
5197
5197
5197
5198
5198
5198
5198
5198
5198
5198
5198
5198
5198
5198
5198
5198
5198
5198
5198
5198
5198
5198
5198
5198
5198
5198
5198
5197
5197
5197
5197
5197
5197
5197
5197
5197
5197
5197
5197
5196
5197
5197
5197
5197
5197
5198
5198
5198
5198
5198
5198
5198
5198
5198
5198
5198
5198
5198
5198
5198
5198
5198
5198
5198
5198
5198
5198
5198
5198
5198
5198
5198
5198
5198
5198
5198
5198
5198
5198
5198
5198
5198
5198
5198
5198
5198
5198
5198
5198
5198
5198
5198
5198
5198
5198
5198
5198
5198
5198
5198
5198
5198
5198
5198
5198
5198
5198
5198
5198
5198
5198
5198
5198
5198
5198
5197
5197
5198
5198
5198
5198
5198
5198
5198
5198
5198
5198
5198
5198
5198
5198
5198
5198
5198
5198
5198
5198
5198
5198
5198
5198
5198
5198
5198
5198
5198
5198
5198
5198
5198
5198
5198
5198
5198
5198
5198
5198
5198
5198
5198
5198
5198
5198
5198
5198
5198
5198
5198
5198
5198
5198
5198
5198
5198
5197
5197
5197
5197
5197
5197
5197
5197
5197
5197
5197
5197
5197
5197
5197
5197
5197
5197
5197
5197
5197
5196
5196
5196
5196
5196
5196
5196
5196
5196
5196
5196
5196
5196
5196
5196
5196
5196
5196
5196
5196
5196
5196
5196
5196
5196
5196
5197
5197
5197
5196
5196
5196
5196
5196
5196
5196
5196
5196
5196
5196
5196
5197
5197
5197
5197
5198
5198
5198
5198
5198
5198
5198
5197
5197
5197
5197
5197
5197
5197
5197
5197
5197
5197
5197
5197
5197
5197
5197
5197
5197
5198
5197
5197
5197
5196
5196
5196
5196
5197
5197
5197
5198
5198
5198
5198
5198
5198
5198
5198
5198
5198
5198
5198
5198
5198
5198
5198
5198
5198
5198
5198
5198
5198
5198
5198
5198
5198
5198
5198
5198
5197
5197
5197
5197
5197
5197
5197
5197
5197
5197
5197
5197
5197
5197
5197
5197
5197
5197
5197
5197
5197
5197
5197
5197
5197
5197
5198
5198
5198
5198
5197
5197
5197
5197
5197
5198
5198
5198
5198
5198
5198
5198
5198
5198
5198
5198
5198
5198
5198
5198
5198
5197
5197
5197
5197
5197
5197
5197
5197
5198
5198
5198
5198
5198
5198
5198
5197
5196
5196
5196
5196
5196
5196
5196
5197
5197
5197
5197
5197
5197
5197
5197
5197
5197
5197
5197
5197
5197
5197
5197
5197
5197
5198
5198
5198
5198
5198
5198
5198
5198
5198
5198
5198
5198
5198
5198
5198
5198
5198
5198
5198
5198
5198
5198
5198
5198
5198
5198
5198
5198
5198
5197
5197
5197
5196
5196
5196
5196
5196
5196
5196
5196
5196
5196
5196
5196
5196
5196
5196
5196
5196
5196
5196
5196
5196
5196
5197
5197
5197
5197
5197
5197
5197
5197
5197
5197
5197
5197
5197
5198
5198
5198
5198
5198
5198
5198
5198
5198
5198
5198
5198
5198
5198
5198
5198
5198
5198
5198
5198
5198
5198
5198
5198
5198
5198
5198
5197
5197
5197
5197
5197
5197
5197
5197
5197
5197
5197
5197
5197
5197
5197
5197
5197
5197
5197
5197
5197
5197
5197
5197
5197
5197
5197
5197
5197
5197
5197
5197
5197
5197
5197
5197
5197
5197
5197
5197
5197
5197
5197
5197
5197
5197
5197
5197
5197
5197
5197
5197
5197
5197
5197
5197
5197
5197
5197
5197
5197
5197
5197
5197
5197
5197
5197
5197
5197
5197
5197
5197
5197
5197
5197
5197
5197
5197
5197
5197
5197
5197
5197
5196
5196
5196
5196
5196
5196
5196
5196
5196
5196
5196
5196
5196
5196
5196
5196
5196
5196
5197
5197
5197
5197
5197
5197
5197
5197
5197
5197
5197
5197
5197
5197
5197
5197
5197
5197
5197
5197
5197
5198
5198
5198
5198
5198
5198
5198
5198
5198
5198
5198
5198
5198
5198
5198
5198
5198
5198
5198
5198
5198
5198
5198
5198
5198
5198
5198
5198
5198
5198
5198
5198
5197
5198
5198
5198
5198
5198
5198
5198
5198
5198
5198
5198
5198
5198
5198
5198
5198
5198
5198
5198
5198
5198
5198
5198
5198
5198
5198
5198
5198
5198
5198
5198
5198
5198
5198
5197
5198
5198
5198
5198
5198
5198
5198
5198
5198
5198
5198
5198
5198
5198
5198
5198
5198
5198
5198
5198
5198
5198
5198
5198
5198
5198
5198
5198
5198
5198
5198
5198
5198
5198
5198
5198
5198
5198
5198
5197
5197
5197
5197
5197
5197
5197
5197
5197
5197
5197
5197
5197
5197
5197
5197
5197
5197
5197
5197
5197
5197
5197
5197
5197
5197
5197
5197
5197
5197
5197
5197
5197
5197
5197
5197
5197
5197
5197
5197
5197
5198
5198
5198
5198
5198
5198
5198
5198
5198
5198
5198
5198
5198
5198
5198
5198
5198
5198
5198
5198
5198
5198
5198
5198
5198
5198
5198
5198
5198
5198
5198
5198
5198
5198
5198
5198
5198
5198
5198
5198
5198
5198
5197
5197
5197
5197
5197
5197
5197
5197
5197
5197
5197
5197
5197
5197
5196
5196
5196
5196
5196
5196
5196
5196
5196
5196
5196
5196
5196
5196
5196
5196
5196
5196
5196
5196
5196
5197
5197
5197
5197
5197
5197
5197
5197
5197
5197
5197
5197
5197
5197
5198
5198
5198
5198
5198
5198
5198
5198
5198
5198
5198
5198
5198
5198
5198
5198
5198
5198
5198
5198
5198
5198
5198
5198
5198
5198
5198
5198
5198
5198
5198
5198
5198
5198
5198
5198
5198
5198
5198
5198
5198
5198
5198
5198
5198
5198
5198
5198
5198
5198
5198
5198
5198
5198
5198
5198
5198
5198
5198
5198
5198
5198
5198
5198
5198
5198
5198
5198
5198
5197
5197
5197
5197
5197
5197
5197
5197
5197
5197
5197
5197
5197
5197
5197
5197
5197
5197
5197
5197
5197
5197
5197
5197
5197
5197
5197
5197
5197
5197
5197
5197
5197
5197
5197
5197
5197
5197
5197
5197
5197
5197
5197
5197
5197
5197
5197
5197
5197
5197
5197
5197
5197
5197
5197
5197
5197
5198
5198
5198
5198
5198
5198
5198
5198
5198
5198
5198
5198
5198
5198
5198
5198
5198
5198
5198
5198
5198
5197
5197
5197
5197
5197
5197
5197
5197
5197
5197
5197
5197
5197
5197
5197
5197
5197
5197
5197
5197
5197
5197
5197
5197
5197
5197
5197
5197
5197
5197
5197
5197
5197
5197
5197
5197
5197
5197
5197
5197
5197
5197
5197
5197
5197
5197
5198
5198
5198
5198
5198
5198
5198
5198
5198
5198
5198
5198
5198
5198
5198
5198
5198
5198
5198
5198
5198
5198
5198
5198
5198
5198
5198
5198
5198
5198
5198
5198
5198
5198
5198
5198
5198
5198
5198
5198
5198
5198
5198
5198
5198
5198
5198
5198
5198
5198
5198
5198
5198
5198
5198
5198
5198
5198
5198
5198
5198
5198
5198
5198
5198
5198
5198
5198
5198
5198
5198
5198
5198
5198
5198
5198
5198
5198
5198
5198
5198
5198
5198
5198
5198
5198
5198
5198
5198
5198
5198
5198
5198
5198
5198
5198
5198
5198
5198
5198
5198
5198
5198
5197
5197
5197
5197
5197
5197
5197
5197
5198
5198
5198
5198
5198
5198
5198
5198
5198
5198
5198
5198
5198
5198
5198
5198
5198
5198
5198
5198
5198
5198
5198
5198
5198
5198
5198
5198
5198
5198
5198
5198
5198
5198
5198
5198
5198
5198
5198
5198
5198
5198
5198
5198
5198
5198
5198
5198
5198
5198
5198
5198
5198
5198
5198
5198
5198
5198
5198
5198
5198
5198
5198
5198
5198
5198
5198
5198
5198
5198
5198
5198
5198
5198
5198
5198
5198
5198
5198
5198
5198
5198
5198
5198
5198
5198
5198
5198
5198
5198
5198
5198
5198
5198
5198
5198
5198
5198
5198
5198
5198
5198
5198
5198
5198
5198
5198
5198
5198
5198
5198
5198
5198
5198
5198
5198
5198
5198
5198
5198
5198
5198
5198
5198
5198
5198
5198
5198
5198
5198
5198
5198
5198
5198
5198
5198
5198
5198
5198
5198
5198
5198
5198
5198
5198
5198
5198
5198
5198
5198
5198
5198
5198
5198
5198
5198
5198
5198
5198
5198
5198
5198
5198
5198
5198
5198
5198
5198
5198
5198
5198
5198
5198
5198
5198
5198
5198
5198
5198
5198
5198
5198
5198
5198
5198
5198
5198
5198
5198
5198
5198
5198
5198
5198
5198
5198
5198
5198
5198
5198
5197
5197
5197
5197
5197
5197
5197
5197
5197
5197
5197
5197
5197
5197
5197
5197
5196
5196
5196
5196
5196
5196
5196
5196
5196
5196
5196
5196
5196
5196
5196
5196
5197
5197
5197
5197
5198
5198
5198
5198
5198
5198
5198
5198
5198
5198
5198
5197
5197
5197
5197
5197
5197
5197
5197
5197
5198
5198
5198
5198
5198
5198
5198
5198
5198
5198
5198
5198
5198
5198
5198
5198
5198
5198
5198
5198
5198
5198
5198
5198
5198
5198
5198
5198
5198
5198
5198
5198
5198
5198
5198
5198
5198
5198
5198
5198
5198
5198
5198
5198
5198
5198
5198
5198
5198
5198
5198
5198
5198
5198
5198
5198
5198
5198
5198
5198
5198
5198
5198
5198
5198
5198
5198
5198
5198
5198
5198
5198
5198
5198
5198
5198
5198
5198
5198
5198
5198
5198
5198
5198
5198
5198
5198
5198
5198
5198
5198
5198
5198
5198
5198
5198
5198
5198
5198
5198
5198
5198
5198
5198
5198
5198
5198
5198
5198
5198
5198
5198
5198
5198
5198
5198
5198
5198
5198
5198
5198
5198
5198
5198
5198
5198
5198
5198
5198
5198
5198
5198
5198
5198
5198
5198
5198
5198
5198
5198
5198
5198
5198
5198
5198
5198
5198
5198
5198
5198
5197
5197
5197
5197
5197
5197
5197
5197
5197
5197
5197
5197
5197
5197
5197
5197
5198
5198
5198
5198
5198
5198
5198
5198
5198
5198
5198
5198
5198
5198
5198
5198
5198
5198
5198
5198
5198
5198
5198
5198
5198
5198
5198
5198
5198
5198
5198
5198
5198
5198
5198
5198
5198
5198
5198
5198
5198
5198
5198
5198
5198
5198
5198
5198
5198
5198
5198
5198
5198
5198
5198
5198
5198
5198
5198
5198
5198
5198
5198
5198
5198
5198
5198
5198
5198
5198
5198
5198
5198
5198
5198
5198
5198
5198
5198
5198
5198
5198
5198
5198
5198
5198
5198
5198
5198
5198
5198
5198
5198
5198
5198
5198
5198
5198
5198
5198
5198
5198
5198
5198
5198
5198
5198
5198
5198
5198
5198
5198
5198
5198
5198
5198
5198
5198
5198
5198
5198
5198
5198
5198
5198
5198
5198
5198
5198
5198
5198
5198
5198
5198
5198
5198
5198
5198
5198
5198
5198
5198
5198
5198
5198
5198
5198
5198
5198
5198
5198
5198
5198
5198
5198
5198
5198
5198
5198
5198
5198
5198
5198
5198
5198
5198
5198
5198
5198
5198
5198
5198
5198
5198
5198
5198
5198
5198
5198
5198
5198
5198
5198
5198
5198
5198
5198
5198
5198
5198
5198
5198
5198
5198
5198
5198
5198
5198
5198
5198
5198
5198
5198
5198
5198
5198
5198
5198
5198
5198
5198
5198
5198
5198
5198
5198
5198
5198
5198
5198
5198
5198
5198
5198
5198
5198
5198
5198
5198
5198
5198
5198
5198
5198
5198
5198
5198
5198
5198
5198
5198
5198
5198
5198
5198
5198
5198
5198
5198
5198
5198
5198
5198
5198
5198
5198
5198
5198
5198
5198
5198
5198
5198
5198
5198
5198
5198
5198
5198
5198
5198
5198
5198
5198
5198
5198
5198
5198
5198
5198
5198
5198
5198
5198
5198
5198
5198
5198
5198
5198
5198
5198
5198
5198
5198
5198
5198
5198
5198
5198
5198
5198
5198
5198
5198
5198
5198
5198
5198
5198
5198
5198
5198
5198
5198
5198
5198
5198
5198
5198
5198
5198
5198
5198
5198
5198
5198
5198
5198
5198
5198
5198
5198
5198
5198
5198
5198
5198
