4323
4323
4339
3930
4262
4262
4262
4262
4246
4604
4620
4670
4654
4654
4092
4143
4143
4243
4652
4552
4097
4097
3688
3788
3788
4070
4070
4071
3622
4071
3971
3971
3970
3970
3521
3930
3879
3895
3879
3470
3420
3420
3812
3480
3935
4035
4390
4390
4390
4035
3935
3986
3935
3935
3935
3935
3935
3935
3935
3935
3936
4196
4196
4196
4296
4296
4296
4346
4678
4678
4294
4649
4700
4461
4845
4844
5083
4691
4691
5100
5116
5116
4834
4834
4834
4834
4834
4343
4735
4735
4635
4917
4901
4902
4902
5351
5351
4902
4902
4251
4250
4200
3745
4307
3949
3949
3965
3683
3423
3683
3683
4041
3990
3974
3582
3632
3277
2868
3260
2876
2876
2892
2876
2876
2518
2902
2570
2571
2853
2853
2853
2593
2853
2904
2644
3002
3002
3653
3653
4102
4511
3860
3860
4215
4215
4165
4165
4165
3807
4298
4630
4630
4630
4646
4364
4364
4646
4595
4595
4953
4544
4544
4544
4528
4578
4838
5293
4909
4908
4908
4908
4908
5292
5032
5032
5083
5033
5133
4851
4851
4800
4800
4408
4424
4424
4425
4685
4194
3934
4585
4584
4584
4129
4538
4183
4443
4493
4493
4493
4493
4254
4254
3994
4254
4254
4254
4254
4254
4493
4885
5340
4956
5447
5431
5431
5431
4976
5027
4927
4688
4704
4688
5072
5072
5527
5527
5527
5809
5825
6180
5725
5725
5725
5725
5964
5964
5913
6013
6013
5963
5963
5963
5631
6086
6136
5485
5485
5536
5520
5470
5231
4847
4847
4587
4971
4971
4587
4587
4919
5303
5303
5303
4911
4629
4274
4274
4274
4274
4556
4556
4606
4197
4213
4568
4517
4517
4501
4401
4351
4743
5003
4320
4420
4420
4420
4470
4709
4709
4470
4486
4031
3931
3547
3215
2857
2908
3008
3463
3071
3020
3020
3352
4003
3953
3954
4312
4312
4296
4296
4979
4979
4979
4995
4895
4946
4945
4945
4945
4995
4995
5387
5032
5271
5255
4923
4923
4565
4565
4565
4565
4923
5307
5257
5273
5323
5273
4881
5273
5257
5307
5307
5716
5716
5307
5307
5257
5257
5257
5612
5220
4981
5081
5081
4981
4982
4982
5032
4750
4295
4295
4627
4643
5098
5098
5098
5082
4399
4399
4808
4808
4824
4924
4924
4923
4432
4714
4698
4698
4698
5090
5090
5329
4974
4874
4974
4974
4924
4924
5279
5228
5228
5228
5128
4736
4736
4497
4497
4498
4498
4548
4787
4136
4236
3954
4346
4346
4246
3891
4574
4574
4573
4573
4011
3619
4110
4126
4126
4126
4126
4518
4569
4569
4569
4569
4569
3886
3986
3594
4277
4277
4559
4559
4559
4559
4150
4150
4134
4543
4261
4261
4261
4261
4277
3822
3771
3822
3822
3822
3583
3583
4145
3462
3917
4156
4548
4548
5231
4740
5095
5746
6028
5978
5739
5739
5740
5740
5724
5624
5062
5078
4720
4720
5282
5282
5521
5571
5571
5571
5571
5671
6029
6029
6028
6519
6519
6519
6468
6468
6468
6468
6469
6469
6469
6077
5722
5722
5462
5462
5462
5462
5462
5462
5854
5854
5854
5854
5804
5804
5704
5422
5473
5523
5783
5523
5523
5523
5472
5472
5472
5140
5140
5240
5240
4785
4784
4784
4335
4784
4375
4376
4360
4411
4671
4671
4222
4221
4670
5079
5079
5434
5050
5434
5434
5766
5411
5411
5411
5360
5260
5260
5261
5261
5716
5716
5716
5716
5716
5816
5577
5576
5192
5192
5092
5092
5042
5142
5381
5381
5431
5786
5394
5395
5395
5411
5411
5395
5395
5395
5395
5395
5395
5295
5035
4626
4268
4268
4528
4810
4478
4494
4493
4493
4493
4885
4985
5036
5420
5752
6161
6145
6145
6094
6094
5855
5855
5855
5856
5856
5856
5806
5806
5806
6045
6061
5410
5410
5410
5410
5018
5018
5018
5410
6061
6045
6045
6045
6045
5653
5204
5204
5204
5204
5204
5220
5220
5120
5120
5120
5120
4665
4664
4715
4699
4699
4699
4700
4700
4138
4154
4154
4154
4512
4512
4273
4273
4222
4222
4222
4677
5239
5239
5239
5239
4884
4884
4884
4393
4443
4085
4324
4308
4308
4069
4069
4427
4426
4427
4427
4427
4666
4666
4666
4666
4666
4666
4282
4282
4282
4000
4000
4449
4500
4600
4600
4600
4500
4516
4900
5255
5255
5205
4966
4950
5050
4595
4595
4495
4495
4495
4495
4137
4137
4592
4030
4030
4030
4422
4780
4780
4448
4448
4448
4780
4780
4780
4830
4830
5069
5069
5069
4660
4609
4609
4891
4891
4942
4942
4942
5351
5351
5069
5069
5069
5169
5168
5659
5675
5675
5624
5624
5675
5320
5320
4962
4723
5005
4954
4938
4938
4838
4838
4838
4838
5196
4936
4987
5549
5549
5165
5165
5549
5549
5565
5565
5514
5514
5515
5514
4863
4813
4864
4582
5233
5283
5383
5367
5316
5316
5555
5455
5506
5522
5522
5522
5522
5522
5522
5522
5522
5472
5456
5217
5572
5572
5572
5572
5572
5588
5688
5948
5688
5688
5279
4947
4947
4847
5256
5240
5479
5529
5529
5789
5789
5789
5805
6137
5753
6035
6035
6035
6035
6035
6135
6135
6035
6019
6019
5969
5969
5520
5281
5281
5331
5347
5447
5165
5166
5166
5550
5550
5550
5059
5008
5007
5007
5008
5008
4958
4957
5196
5196
5196
5196
5196
5247
5247
5247
5297
4614
4564
4172
4172
4173
4172
4621
5304
5288
5288
5288
5288
5237
5237
5288
5680
5681
5323
5605
5605
5605
5323
5323
5084
5084
5084
5084
4700
5191
5191
5191
5473
5064
5063
5447
5347
5347
5705
5313
5313
5313
5313
5313
5053
5053
5053
5103
5103
5104
5104
5343
4781
4130
4130
4130
4080
4080
4130
4522
4190
4290
4290
4699
4699
4698
5260
5260
4811
4572
4832
4832
5071
5071
5071
4616
4948
4897
4897
4897
4897
4897
5352
5352
5352
5352
6003
6452
6468
6468
6368
6369
6369
5686
5685
5685
5403
5404
5404
5404
5354
6037
5682
5682
5681
5289
5289
5289
5289
5289
5681
5681
5963
5963
5963
5963
5963
5963
5724
5824
5824
5824
5824
5824
5824
5824
5824
5824
5824
5824
5824
5262
5824
5466
5516
5416
5516
5517
5568
5568
5807
5398
4715
5070
4615
4615
4615
4615
4615
4564
4973
5331
5281
5281
5281
4949
4999
4999
4999
4999
4644
4644
4405
4405
3956
3956
3956
3956
4195
4550
4550
4550
3988
3888
3479
3479
4162
4162
4162
4161
3777
4232
4232
4232
4232
4283
4283
4283
4283
4023
4023
4023
4023
4023
4023
4472
4472
4472
4472
4472
4472
4473
4472
4472
4421
4421
4805
4905
5314
5314
5298
4906
4906
4906
5238
5238
5238
5254
5254
5254
5254
5254
5305
5565
5566
5566
5566
5566
5958
6520
6520
6519
6237
6519
6519
6519
6519
6519
5836
5836
5836
6519
6519
6519
6127
6127
5795
5535
5535
5519
5519
5519
5520
4837
4837
5229
5245
5245
5505
5455
5455
5454
5454
5454
5354
5354
5454
5454
5786
5770
5770
5670
5720
5670
5720
5820
5820
5769
5769
6452
6043
5993
5893
5943
5494
5494
5494
5494
5444
5444
5444
5444
5444
5445
5496
5546
5546
5545
5954
5954
5955
5971
5971
5971
5971
5971
6420
6420
6419
6420
5965
5556
5556
5556
5556
5556
5296
5057
5057
5041
5041
5496
5164
5164
5164
5164
5113
5112
5112
5112
5128
5128
5128
5128
5179
5179
5279
4997
4997
5329
5330
5314
5314
5553
5553
5553
5502
5502
5553
5503
5503
5503
5553
5553
5198
5458
5458
5458
5407
5168
5168
5184
5183
5592
5592
5947
5589
5640
5540
5540
5541
5541
5780
5780
5780
5780
5730
5730
5730
5830
5830
5830
5830
5830
5830
5814
5814
5814
5482
5764
5713
5713
5713
5763
5763
5762
5662
5662
5662
5678
5678
5662
5662
5100
5100
5100
5116
5100
5100
4691
4691
5049
5050
5050
5050
5382
5381
5943
5943
5893
5893
5654
5893
5894
5894
5894
5894
5894
5894
5894
5893
5893
5893
5944
5994
5712
5712
5712
5712
5712
6121
6121
5763
5713
6071
6071
6353
6353
6353
6353
6353
5995
5995
5995
5995
5944
5960
5398
5756
5756
5807
5756
5756
5756
5756
5756
5806
6368
6419
6061
6061
6161
6162
6520
6520
6520
6520
6420
6420
6420
6420
6419
6419
6419
6419
6419
6137
6137
6087
6087
6087
6087
6087
6087
6087
6087
5827
5827
5827
5827
5877
5877
6137
6137
6138
6138
6138
6138
5899
5899
5899
5899
5899
5898
6180
6130
6130
6130
6130
6130
6130
6130
6130
6230
6130
6130
6130
6079
6129
6180
6180
6180
6180
6180
6180
6180
6180
6180
6180
6419
6419
6419
6419
6419
6419
6419
6419
6419
6368
6368
5919
5919
5919
5919
5919
5919
5919
5919
5919
5919
5919
5919
5510
5510
5510
5178
5627
5627
5627
5627
5611
5627
5627
5627
5727
5467
5467
5451
5451
5451
5783
5783
5783
5783
5783
6192
5837
5428
5428
5428
5783
5783
5783
5783
5783
5834
5379
5379
5328
5328
5328
5328
5328
5328
5328
5344
5604
5604
5604
5604
5322
5322
5777
5777
5777
6059
6059
6009
6009
6060
6060
6060
6061
6061
6061
6061
6061
6061
6061
5669
5669
5653
5653
5653
5669
5409
5409
5409
5409
5358
5357
5341
5341
5341
5750
5750
5750
5801
5352
5352
4994
5443
5392
4983
4983
5392
5392
5393
5751
5469
5469
5469
5111
5111
5469
5469
5861
5860
5860
5505
5860
5860
5860
5860
6120
6120
5629
5245
5295
5295
5295
5245
5527
5527
5527
5528
5544
5544
4893
4893
4893
5384
5384
5768
5768
5768
5376
5376
5376
5426
5426
5818
5818
5869
5869
6520
6470
6469
6469
6469
6470
6470
6454
6470
6419
6470
6470
6470
6470
6470
6470
6470
6520
6520
6520
6520
6136
6136
6136
6136
6136
6136
6136
6136
6085
6136
6136
6136
6136
6136
6120
6120
6120
6120
6120
6120
6020
6020
6020
6020
6020
6020
6020
6036
6136
6085
6085
6085
6085
6136
6136
5876
5776
5776
5418
5418
5418
5418
5418
5518
5468
5468
5468
5468
5826
6210
5818
6078
6078
6078
6078
6078
6078
6078
6128
6128
6128
6520
6520
6520
6520
6520
6520
6520
6520
6469
6469
6469
6453
6353
6353
6353
6353
6353
6353
5944
5894
5894
5894
5894
5894
5894
5945
5945
5945
5945
5945
5945
5945
5961
5961
5910
5910
5910
6319
6370
6370
6420
6420
6420
6420
6420
6138
6138
6138
6138
6138
6088
6138
6138
6138
6138
6138
6138
5899
5899
5899
5899
5899
5899
6138
6420
6404
6020
6020
6020
6020
6020
6020
6020
6020
5760
5760
5759
5759
6019
6019
6019
6019
6019
5780
5780
5325
5325
5709
5725
5725
5725
5726
5965
5965
5965
5965
5964
5632
5632
5632
5632
5632
5633
5224
5224
5224
5633
5633
5633
5633
5633
5633
5633
6088
6088
6088
6088
6188
6520
6520
6520
6520
6520
6520
6520
6520
6520
6520
6520
6520
6504
6504
6504
6504
6504
6244
6244
6244
6244
6244
6244
6244
6243
6243
6243
6243
6243
6192
5910
5961
5961
5962
6244
6244
6504
6504
6504
6504
6504
6504
6504
6504
6520
6520
6520
6520
6520
6420
6420
6420
6420
6420
6420
6420
6420
6420
6420
6404
6404
6354
6354
6354
6354
6354
6354
6354
6354
6354
6354
6354
6354
6370
6370
6470
6470
6470
6470
6470
6470
6470
6470
6470
6470
6419
6419
6419
6419
6419
6419
6419
6419
6470
6470
6419
6419
6470
6454
6454
6454
6454
6354
6354
6354
6354
6303
6303
6303
6303
6303
6303
6303
6303
6303
6303
6303
6303
6303
6303
6303
6354
6303
6303
6303
6303
6302
6302
6302
6302
6402
6402
6452
6097
6097
6097
6098
6149
6149
6149
6149
5757
5757
5756
5756
5301
5693
5335
5335
5336
5791
5791
5791
5791
6149
6149
6149
6165
6165
6520
6520
6520
6520
6520
6520
6281
6231
6131
6131
6131
5799
5799
5748
5748
5748
5748
6080
6080
6080
6080
5722
5722
5772
6011
6062
6061
6061
6161
6161
6161
6161
6161
6161
6161
6161
6161
6161
5752
6110
6110
6110
6110
6110
6110
6110
6110
6110
6059
6009
6009
6009
6009
6418
6419
6419
6419
6418
6179
6229
6229
6229
6229
6229
6229
6229
6229
5969
5969
5869
5869
5870
5869
5869
5869
5869
5869
5870
5870
5970
5970
5615
5615
5615
5599
5599
5599
5599
5599
5954
5904
6164
6164
6214
6214
6214
6453
6453
6453
6453
6453
6453
6453
6453
6403
6403
6403
6403
6403
6403
6403
6453
6453
6453
6453
6453
6453
6453
6453
6453
6453
6453
6453
6453
6504
6454
6454
6454
6454
6470
6470
6470
6470
6454
6454
5963
5963
5963
5571
5571
5571
5621
6112
6112
6112
6112
5873
5889
5889
5889
5889
5838
5738
5383
5382
5382
5482
5483
5534
5926
5926
5910
5628
5627
5627
5627
5909
5909
5809
5809
5825
5925
5925
5925
5925
5925
5925
5925
6164
6164
6164
6164
6114
5854
5854
5854
5854
5803
5803
5803
6063
6063
6063
6063
6063
6063
6063
6113
6113
6164
6164
6164
6164
6164
6113
6113
6113
6113
6113
6468
6468
6469
6453
6453
6453
6453
6453
6453
6452
6452
6402
6402
6452
6452
6452
6452
6452
6352
6352
6352
6352
6352
6368
6368
6369
6369
6369
6420
6420
6420
6420
6420
6036
6036
6036
6420
6420
6420
6420
6420
6420
6420
6420
6420
6420
6520
6520
6520
6520
6520
6520
6520
6520
6520
6520
6520
6520
6520
6520
6519
6519
6419
6420
6420
6088
6088
6088
6087
6087
6087
6187
5948
5948
5948
5897
5897
5948
5898
5898
5898
6230
6230
6230
6230
6230
6230
6230
6230
6230
6230
6179
6179
6179
6179
6179
6179
6179
6179
6179
6179
6179
6179
6179
6179
6179
6230
6214
6214
6214
6214
6214
6214
6214
6214
6230
6230
6214
6214
6214
6214
6264
6503
6243
6243
6243
6193
6193
6193
6193
6193
6193
6193
6193
6193
6193
6193
6193
6193
6193
6243
6192
6208
6208
6208
6208
6259
6243
6243
6243
6243
6143
6144
6144
6404
6353
6353
6353
6353
6353
6353
6303
6403
6403
6403
6403
6403
6403
6403
6403
6403
6403
6403
6403
6403
6402
6402
6402
6402
6402
6402
6402
6402
6402
6402
6402
6402
6402
6402
6418
6418
6418
6418
6402
6402
6402
6402
6453
6453
6453
6453
6503
6403
6404
6420
6404
6404
6404
6404
6404
6404
6404
6404
6404
6404
6404
6404
6072
6021
6021
6021
6021
6037
6037
6037
6037
6088
6088
6088
6088
6088
6088
6088
6088
6088
6088
6188
6188
6188
6520
6519
6519
6519
6503
6403
6419
6419
6419
6369
6369
6353
6302
6302
6302
6352
6368
6468
6469
6469
6469
6469
6469
6469
6469
6469
6469
6419
6419
6470
6470
6454
6454
6454
6215
6215
6215
5860
5860
5860
5910
6149
6149
6149
6149
6149
6149
6149
6149
6099
6099
6099
6099
6454
6454
6454
6454
6454
6096
6096
6095
6095
6095
6095
6095
6095
6095
6111
6111
6111
6111
6161
6161
6161
6161
6161
6161
6161
6161
6145
6145
6094
6094
6094
6145
6145
6161
6111
6111
6111
6112
6112
6112
6096
6095
6111
6111
6112
6112
6112
6112
6112
6470
6470
6470
6470
6470
6470
6470
6470
6470
6469
6469
6369
6369
6419
6419
6419
6419
6419
6419
6419
6419
6403
6403
6403
6403
6503
6503
6503
6503
6503
6503
6503
6503
6503
6503
6503
6503
6503
6503
6503
6503
6503
6503
6519
6519
6503
6504
6504
6504
6504
6504
6520
6520
6520
6519
6519
6519
6519
6519
6237
6519
6520
6520
6520
6520
6520
6470
6470
6470
6470
6470
6470
6470
6470
6470
6470
6231
6231
6231
6215
6215
6215
6215
6215
6215
6115
6114
6114
6114
6353
6369
6369
6369
6369
6369
6369
6369
6369
6369
6370
6370
6370
6370
6370
6370
6370
6370
6370
6370
6370
6370
6370
6370
6370
6370
6370
6370
6370
6370
6370
6370
6370
6370
6370
6420
6420
6420
6420
6420
6420
6420
6370
6370
6370
6370
6370
6370
6370
6370
6370
6370
6370
6370
6370
6370
6370
6370
6370
6470
6454
6454
6470
6454
6454
6454
6470
6470
6470
6470
6470
6470
6470
6470
6454
6454
6454
6454
6454
6454
6454
6454
6454
6454
6454
6454
6454
6504
6504
6454
6403
6402
6402
6402
6402
6418
6418
6418
6418
6418
6418
6469
6469
6469
6469
6469
6469
6469
6469
6519
6519
6519
6503
6503
6503
6452
6468
6468
6468
6468
6468
6468
6468
6468
6468
6468
6468
6468
6469
6469
6469
6469
6469
6469
6469
6419
6319
6319
6318
6318
6318
6318
6318
6318
6302
6302
6402
6402
6402
6402
6402
6302
6302
6302
6302
6302
6302
6302
6302
6302
6402
6402
6402
6402
6402
6402
6402
6453
6453
6453
6453
6469
6469
6469
6469
6469
6469
6469
6469
6469
6469
6469
6469
6469
6470
6470
6454
6453
6402
6402
6402
6402
6402
6402
6402
6402
6402
6402
6402
6452
6352
6352
6352
6352
6352
6352
6353
6353
6369
6369
6420
6420
6420
6420
6420
6520
6520
6520
6519
6519
6469
6470
6470
6520
6520
6520
6520
6520
6520
6520
6520
6520
6520
6520
6504
6504
6504
6520
6470
6470
6469
6469
6469
6469
6469
6469
6469
6469
6469
6469
6469
6469
6469
6469
6453
6453
6453
6469
6469
6519
6469
6469
6469
6469
6469
6469
6453
6453
6453
6453
6454
6454
6454
6454
6454
6454
6454
6454
6454
6453
6453
6453
6453
6454
6454
6454
6453
6454
6454
6454
6454
6504
6504
6504
6504
6504
6504
6504
6503
6403
6403
6403
6403
6403
6403
6403
6403
6503
6503
6503
6503
6519
6519
6519
6519
6520
6520
6520
6470
6470
6470
6470
6470
6470
6470
6470
6470
6454
6454
6454
6454
6403
6403
6403
6403
6403
6403
6403
6403
6403
6403
6419
6419
6419
6469
6469
6469
6469
6469
6469
6469
6468
6468
6468
6469
6453
6453
6453
6452
6452
6452
6402
6402
6402
6402
6402
6402
6402
6402
6452
6452
6452
6352
6353
6353
6353
6353
6353
6404
6404
6404
6403
6403
6403
6403
6403
6403
6403
6404
6404
6404
6404
6403
6403
6403
6403
6403
6403
6403
6403
6503
6503
6503
6503
6503
6503
6503
6452
6452
6453
6453
6453
6504
6504
6520
6520
6520
6520
6520
6520
6520
6520
6520
6520
6520
6520
6520
6520
6520
6420
6420
6404
6404
6420
6369
6369
6420
6520
6520
6519
6519
6519
6519
6519
6519
6519
6519
6519
6519
6519
6519
6519
6519
6419
6420
6404
6404
6404
6404
6404
6354
6354
6404
6404
6404
6403
6403
6403
6403
6403
6403
6403
6403
6403
6403
6403
6403
6503
6503
6503
6503
6503
6503
6503
6503
6503
6503
6453
6453
6453
6453
6469
6469
6469
6418
6418
6418
6418
6418
6418
6418
6418
6418
6418
6418
6469
6469
6469
6469
6470
6470
6470
6470
6470
6470
6470
6470
6454
6454
6454
6504
6504
6504
6504
6504
6504
6454
6454
6454
6454
6454
6454
6454
6454
6454
6470
6470
6520
6519
6519
6519
6520
6520
6519
6519
6419
6419
6419
6419
6419
6419
6419
6419
6419
6419
6419
6419
6419
6368
6368
6368
6368
6368
6368
6352
6352
6352
6403
6403
6403
6403
6403
6353
6353
6403
6403
6403
6404
6404
6404
6404
6404
6404
6404
6404
6404
6404
6404
6404
6404
6404
6404
6404
6404
6404
6504
6504
6504
6504
6504
6504
6520
6520
6520
6520
6520
6469
6469
6469
6469
6469
6468
6469
6469
6469
6469
6469
6469
6469
6469
6469
6469
6469
6469
6469
6469
6469
6520
6520
6519
6519
6519
6520
6520
6520
6520
6520
6520
6520
6520
6520
6520
6519
6519
6519
6519
6519
6519
6519
6519
6519
6519
6519
6519
6520
6520
6520
6520
6520
6520
6520
6470
6470
6520
6520
6520
6520
6520
6520
6520
6519
6519
6519
6519
6519
6519
6519
6519
6519
6469
6469
6469
6469
6469
6469
6453
6453
6453
6453
6453
6453
6453
6453
6453
6453
6453
6453
6453
6453
6453
6453
6469
6469
6469
6469
6469
6469
6469
6469
6469
6469
6469
6469
6469
6469
6469
6469
6469
6469
6469
6469
6469
6469
6469
6469
6418
6418
6418
6418
6418
6418
6418
6468
6469
6469
6469
6469
6469
6469
6469
6469
6469
6419
6419
6419
6419
6419
6403
6403
6403
6403
6453
6453
6453
6504
6504
6504
6504
6504
6504
6504
6504
6504
6504
6504
6504
6504
6454
6454
6454
6454
6454
6454
6454
6454
6454
6454
6454
6454
6454
6454
6454
6454
6454
6454
6454
6454
6453
6453
6503
6504
6504
6520
6520
6520
6520
6520
6520
6520
6520
6520
6520
6520
6520
6520
6520
6520
6520
6520
6520
6520
6520
6520
6520
6519
6519
6519
6519
6519
6519
6519
6519
6519
6519
6519
6519
6519
6519
6519
6519
6519
6519
6519
6519
6519
6519
6519
6519
6468
6468
6468
6469
6469
6469
6469
6469
6469
6469
6469
6469
6469
6469
6520
6520
6520
6520
6520
6519
6519
6519
6519
6519
6519
6519
6519
6519
6419
6419
6419
6519
6519
6503
6503
6503
6503
6503
6503
6503
6503
6503
6503
6503
6519
6519
6519
6519
6519
6519
6519
6519
6519
6519
6519
6519
6520
6520
6520
6520
6520
6520
6520
6520
6520
6520
6520
6520
6520
6520
6520
6469
6469
6469
6469
6469
6469
6469
6469
6469
6469
6520
6520
6520
6520
6519
6519
6519
6519
6519
6519
6519
6519
6519
6519
6519
6519
6519
6519
6519
6519
6519
6519
6519
6519
6519
6519
6519
6519
6519
6519
6519
6519
6519
6519
6469
6469
6469
6469
6470
6470
6470
6470
6470
6470
6470
6470
6470
6454
6454
6454
6454
6454
6454
6454
6453
6453
6453
6453
6453
6453
6453
6453
6453
6453
6453
6469
6519
6519
6519
6519
6519
6520
6520
6520
6520
6520
6520
6520
6504
6504
6504
6504
6504
6504
6504
6504
6504
6520
6520
6520
6520
6520
6520
6504
6504
6504
6504
6504
6504
6504
6504
6504
6504
6504
6504
6504
6504
6504
6504
6504
6520
6520
6520
6520
6520
6520
6520
6520
6520
6520
6504
6503
6503
6504
6504
6504
6504
6503
6403
6403
6403
6403
6403
6419
6419
6419
6419
6403
6403
6403
6403
6403
6403
6404
6404
6404
6404
6404
6404
6404
6354
6404
6404
6404
6404
6420
6420
6520
6520
6519
6519
6519
6519
6520
6520
6520
6520
6520
6520
6520
6520
6520
6520
6520
6520
6520
6520
6520
6520
6520
6520
6520
6520
6520
6520
6520
6520
6470
6470
6470
6454
6454
6454
6454
6454
6454
6454
6454
6470
6470
6470
6470
6419
6419
6419
6319
6319
6319
6319
6319
6370
6369
6369
6369
6369
6469
6469
6469
6469
6469
6469
6453
6454
6454
6453
6453
6453
6453
6453
6453
6453
6453
6453
6453
6469
6469
6519
6519
6519
6519
6519
6519
6519
6519
6519
6520
6520
6520
6520
6520
6520
6520
6520
6520
6469
6469
6469
6469
6520
6520
6520
6520
6520
6520
6520
6520
6520
6520
6469
6469
6469
6469
6468
6468
6468
6468
6468
6418
6418
6418
6418
6418
6418
6418
6418
6469
6469
6469
6469
6519
6519
6519
6503
6403
6403
6403
6403
6403
6403
6403
6403
6403
6403
6503
6503
6503
6403
6403
6503
6503
6503
6503
6503
6503
6503
6403
6403
6403
6403
6404
6404
6404
6404
6404
6404
6404
6404
6404
6420
6420
6420
6420
6420
6420
6420
6404
6504
6504
6504
6504
6504
6504
6504
6520
6504
6454
6454
6454
6453
6453
6453
6453
6453
6453
6453
6454
6454
6454
6454
6470
6470
6470
6454
6470
6470
6520
6520
6470
6470
6470
6469
6519
6519
6519
6519
6503
6503
6503
6503
6503
6503
6503
6503
6503
6503
6503
6503
6504
6504
6504
6504
6504
6504
6504
6504
6504
6504
6504
6453
6504
6504
6503
6403
6503
6503
6503
6503
6503
6503
6503
6503
6503
6503
6503
6503
6503
6503
6503
6503
6503
6503
6503
6503
6503
6503
6503
6503
6503
6403
6403
6403
6503
6503
6452
6452
6352
6352
6352
6352
6352
6352
6352
6452
6452
6402
6402
6402
6402
6418
6418
6418
6418
6402
6302
6353
6353
6353
6353
6403
6403
6403
6403
6403
6403
6403
6419
6419
6419
6419
6419
6419
6419
6419
6419
6419
6419
6419
6419
6419
6419
6419
6419
6420
6520
6520
6520
6520
6520
6520
6520
6520
6520
6520
6520
6520
6520
6519
6519
6519
6519
6519
6519
6519
6519
6519
6520
6520
6520
6520
6520
6520
6520
6520
6520
6520
6520
6520
6520
6520
6520
6520
6520
6520
6520
6470
6470
6470
6470
6470
6470
6470
6470
6470
6470
6470
6470
6470
6470
6470
6470
6470
6470
6470
6454
6454
6454
6454
6454
6454
6454
6454
6454
6454
6504
6504
6504
6504
6504
6504
6504
6454
6454
6454
6454
6454
6454
6454
6454
6454
6454
6454
6454
6453
6453
6453
6453
6453
6453
6453
6453
6453
6453
6453
6453
6453
6453
6453
6453
6453
6454
6454
6454
6454
6454
6454
6454
6454
6454
6454
6403
6403
6403
6403
6403
6403
6403
6403
6403
6403
6403
6403
6403
6403
6403
6403
6403
6403
6403
6403
6403
6403
6403
6403
6403
6403
6419
6419
6419
6419
6419
6419
6419
6419
6419
6403
6403
6454
6454
6454
6454
6454
6454
6454
6454
6454
6454
6454
6454
6454
6454
6454
6454
6504
6504
6504
6504
6503
6504
6504
6504
6504
6504
6504
6504
6504
6504
6504
6504
6504
6504
6504
6503
6503
6503
6503
6453
6453
6453
6453
6453
6453
6469
6469
6469
6469
6469
6469
6469
6469
6469
6469
6453
6453
6453
6453
6469
6469
6469
6453
6453
6453
6453
6453
6503
6503
6503
6503
6453
6453
6453
6453
6453
6453
6453
6453
6469
6469
6519
6519
6519
6519
6519
6519
6519
6519
6519
6519
6519
6519
6519
6519
6519
6519
6519
6519
6503
6503
6503
6503
6503
6503
6503
6503
6503
6503
6503
6519
6519
6519
6519
6519
6519
6519
6519
6519
6519
6519
6520
6520
6519
6519
6519
6519
6519
6519
6519
6519
6519
6519
6519
6519
6520
6520
6520
6520
6520
6520
6520
6520
6520
6520
6520
6520
6520
6520
6520
6520
6520
6520
6520
6520
6520
6520
6519
6519
6519
6519
6519
6519
6519
6519
6520
6520
6520
6520
6520
6520
6520
6520
6520
6520
6520
6520
6520
6519
6519
6519
6519
6519
6519
6519
6519
6519
6519
6519
6519
6519
6519
6519
6519
6519
6519
6503
6503
6503
6503
6503
6503
6503
6503
6503
6503
6503
6503
6503
6453
6453
6453
6453
6453
6402
6402
6402
6402
6402
6402
6452
6452
6352
6352
6352
6352
6352
6352
6352
6403
6403
6403
6403
6403
6403
6403
6404
6404
6404
6404
6404
6404
6404
6404
6403
6503
6503
6503
6503
6503
6503
6503
6403
6403
6403
6403
6404
6404
6404
6404
6404
6404
6404
6404
6404
6404
6404
6404
6404
6404
6404
6404
6404
6404
6404
6404
6404
6404
6403
6403
6403
6403
6403
6403
6403
6503
6403
6403
6403
6403
6403
6403
6403
6403
6403
6403
6403
6403
6403
6403
6403
6403
6403
6503
6503
6503
6503
6503
6519
6519
6519
6519
6519
6519
6519
6519
6519
6519
6519
6519
6519
6519
6519
6519
6519
6519
6519
6519
6519
6519
6519
6519
6519
6519
6519
6519
6519
6520
6520
6520
6519
6519
6519
6519
6519
6519
6519
6520
6520
6520
6520
6520
6520
6520
6520
6520
6520
6520
6520
6520
6520
6520
6520
6520
6520
6520
6520
6520
6520
6520
6520
6519
6519
6519
6519
6503
6503
6503
6503
6503
6503
6503
6503
6503
6452
6503
6503
6503
6503
6503
6503
6503
6503
6503
6503
6503
6503
6503
6503
6503
6503
6503
6503
6503
6519
6519
6519
6519
6519
6519
6519
6520
6520
6520
6470
6470
6470
6470
6470
6470
6470
6470
6470
6470
6470
6470
6470
6470
6470
6470
6520
6520
6520
6520
6520
6520
6520
6520
6520
6520
6520
6520
6520
6520
6520
6520
6520
6520
6520
6520
6520
6520
6520
6520
6520
6520
6520
6520
6520
6520
6520
6520
6504
6504
6504
6504
6504
6503
6503
6503
6503
6503
6503
6503
6503
6519
6519
6519
6519
6519
6519
6519
6519
6519
6519
6519
6519
6519
6519
6519
6519
6519
6519
6519
6519
6519
6519
6519
6519
6519
6519
6519
6520
6520
6520
6520
6520
6520
6520
6520
6520
6520
6520
6520
6520
6520
6520
6520
6520
6520
6519
6519
6519
6519
6519
6519
6519
6519
6519
6519
6519
6519
6519
6519
6519
6519
6519
6519
6519
6519
6519
6519
6519
6519
6519
6519
6519
6519
6519
6519
6519
6519
6519
6519
6519
6519
6519
6519
6519
6519
6519
6519
6519
6519
6519
6519
6503
6503
6503
6503
6503
6403
6403
6403
6403
6403
6403
6403
6403
6403
6403
6403
6403
6403
6419
6419
6419
6419
6419
6419
6419
6419
6419
6419
6419
6419
6420
6420
6420
6420
6420
6420
6420
6420
6520
6469
6419
6419
6419
6419
6419
6419
6419
6419
6419
6419
6419
6419
6469
6469
6469
6469
6469
6469
6469
6469
6469
6469
6469
6469
6469
6469
6469
6469
6469
6468
6468
6519
6519
6519
6519
6519
6519
6519
6519
6519
6519
6519
6519
6519
6519
6519
6519
6519
6519
6519
6519
6519
6519
6519
6519
6519
6519
6519
6519
6519
6519
6519
6519
6519
6519
6519
6519
6519
6519
6503
6503
6503
6403
6403
6503
6503
6503
6503
6519
6519
6519
6519
6519
6519
6519
6519
6519
6520
6520
6520
6520
6520
6504
6504
6504
6504
6504
6504
6504
6504
6504
6520
6520
6520
6520
6520
6520
6520
6520
6520
6520
6520
6520
6520
6520
6519
6519
6519
6519
6469
6469
6519
6519
6519
6519
6519
6519
6519
6519
6520
6520
6520
6520
6519
6519
6519
6519
6519
6519
6519
6503
6503
6503
6503
6503
6503
6503
6503
6503
6503
6503
6503
6503
6503
6503
6503
6503
6519
6519
6519
6519
6519
6519
6519
6519
6519
6519
6519
6519
6519
6519
6519
6519
6519
6519
6519
6519
6519
6519
6519
6519
6519
6519
6519
6519
6519
6520
6520
6520
6520
6520
6520
6520
6520
6520
6520
6520
6520
6520
6520
6520
6520
6520
6520
6520
6520
6520
6520
6520
6520
6520
6520
6520
6519
6520
6520
6520
6520
6520
6520
6520
6520
6520
6520
6520
6520
6520
6520
6520
6520
6520
6520
6520
6520
6520
6520
6520
6520
6520
6520
6520
6520
6520
6520
6520
6520
6520
6520
6520
6520
6519
6519
6519
6519
6519
6519
6519
6519
6519
6519
6519
6519
6519
6519
6519
6519
6519
6519
6519
6519
6519
6519
6519
6503
6503
6503
6503
6503
6403
6403
6403
6403
6403
6403
6403
6403
6403
6503
6503
6503
6503
6503
6503
6503
6504
6504
6504
6504
6504
6504
6504
6504
6504
6520
6520
6520
6519
6519
6519
6519
6519
6519
6519
6519
6519
6519
6519
6519
6519
6519
6519
6519
6519
6519
6519
6519
6519
6519
6519
6519
6519
6519
6503
6403
6419
6419
6419
6419
6419
6419
6419
6419
6519
6519
6519
6519
6519
6519
6519
6519
6519
6519
6519
6519
6519
6519
6519
6520
6520
6520
6520
6520
6520
6520
6520
6520
6520
6520
6520
6520
6520
6520
6520
6520
6520
6520
6520
6520
6520
6520
6520
6520
6520
6520
6520
6520
6520
6520
6520
6520
6520
6520
6520
6519
6519
6519
6519
6519
6519
6519
6519
6519
6519
6519
6519
6519
6519
6519
6519
6520
6520
6520
6520
6520
6520
6520
6520
6520
6520
6520
6520
6520
6520
6520
6520
6520
6520
6520
6520
6520
6520
6520
6520
6520
6520
6520
6520
6520
6520
6520
6520
6519
6519
6519
6519
6519
6519
6519
6519
6519
6519
6519
6519
6519
6519
6519
6503
6503
6503
6503
6503
6504
6520
6520
6520
6520
6520
6504
6504
6504
6503
6503
6503
6503
6503
6503
6503
6503
6503
6503
6503
6503
6503
6503
6503
6504
6504
6504
6504
6504
6520
6520
6520
6520
6520
6520
6520
6520
6520
6520
6520
6520
6519
6519
6519
6519
6519
6519
6519
6519
6519
6519
6519
6519
6520
6520
6469
6469
6469
6453
6453
6453
6453
6453
6453
6453
6453
6453
6453
6453
6453
6453
6453
6453
6453
6453
6469
6520
6520
6519
6519
6519
6519
6519
6519
6519
6519
6519
6519
6519
6519
6519
6519
6519
6519
6519
6519
6519
6503
6503
6503
6503
6503
6403
6403
6403
6403
6403
6403
6403
6403
6403
6403
6403
6403
6403
6403
6403
6403
6403
6403
6403
6403
6403
6403
6403
6503
6503
6503
6503
6503
6503
6503
6503
6503
6503
6503
6503
6519
6519
6519
6519
6519
6519
6519
6519
6519
6519
6519
6519
6519
6519
6519
6519
6519
6519
6519
6520
6520
6519
6519
6519
6519
6519
6519
6519
6519
6519
6503
6503
6503
6503
6503
6503
6503
6503
6503
6503
6504
6504
6520
6520
6520
6520
6520
6520
6520
6520
6520
6520
6520
6520
6520
6520
6520
6519
6519
6519
6519
6519
6519
6519
6519
6519
6519
6519
6519
6519
6519
6519
6519
6519
6520
6520
6520
6520
6520
6520
6520
6520
6520
6520
6520
6519
6519
6519
6520
6520
6520
6520
6520
6520
6520
6520
6520
6520
6520
6520
6520
6520
6520
6520
6520
6520
6520
6520
6520
6520
6520
6520
6520
6520
6520
6520
6520
6520
6520
6520
6520
6520
6520
6520
6520
6520
6520
6520
6520
6520
6520
6520
6520
6520
6520
6520
6520
6520
6520
6520
6520
6520
6520
6520
6520
6520
6520
6520
6520
6520
6520
6520
6520
6520
6520
6520
6520
6520
6520
6520
6520
6520
6520
6504
6504
6520
6520
6520
6520
6520
6520
6520
6520
6520
6520
6520
6520
6520
6520
6520
6520
6520
6520
6520
6520
6520
6520
6520
6520
6520
6520
6520
6520
6520
6520
6504
6504
6504
6504
6504
6504
6504
6504
6503
6503
6503
6503
6503
6503
6503
6503
6503
6503
6503
6503
6503
6503
6503
6503
6503
6503
6503
6503
6503
6503
6503
6503
6503
6503
6403
6403
6403
6403
6403
6403
6404
6404
6404
6404
6404
6420
6420
6420
6420
6420
6420
6420
6420
6420
6420
6420
6420
6420
6420
6420
6420
6420
6420
6420
6420
6420
6420
6420
6420
6420
6420
6420
6420
6420
6420
6420
6420
6420
6420
6420
6420
6420
6420
6420
6420
6420
6520
6520
6520
6520
6520
6520
6520
6520
6520
6520
6520
6520
6520
6520
6520
6520
6520
6520
6520
6520
6520
6520
6520
6520
6520
6520
6520
6520
6520
6520
6520
6520
6520
6520
6519
6519
6519
6519
6519
6519
6519
6519
6519
6519
6519
6519
6519
6519
6519
6519
6519
6519
6519
6519
6519
6519
6519
6520
6520
6520
6520
6520
6520
6519
6519
6519
6519
6519
6519
6519
6519
6519
6519
6519
6519
6519
6519
6519
6519
6519
6519
6519
6519
6519
6519
6519
6519
6519
6519
6519
6519
6519
6519
6519
6519
6519
6519
6519
6520
6520
6520
6520
6520
6520
6520
6520
6520
6520
6520
6520
6520
6520
6520
6520
6519
6519
6519
6519
6519
6519
6519
6519
6519
6519
6519
6519
6519
6520
6520
6520
6520
6520
6520
6520
6520
6520
6520
6520
6520
6520
6520
6520
6520
6520
6520
6520
6520
6520
6520
6504
6503
6503
6503
6519
6519
6519
6519
6519
6520
6520
6520
6520
6520
6520
6520
6520
6520
6520
6520
6520
6520
6520
6520
6520
6520
6520
6520
6520
6520
6520
6520
6520
6520
6520
6520
6520
6520
6520
6520
6520
6519
6519
6519
6519
6519
6519
6519
6519
6519
6519
6519
6520
6520
6520
6520
6520
6520
6504
6503
6503
6503
6503
6503
6503
6503
6504
6504
6504
6503
6503
6503
6503
6503
6503
6503
6503
6503
6403
6403
6403
6403
6403
6403
6403
6403
6403
6403
6403
6403
6403
6419
6403
6403
6403
6403
6403
6403
6403
6403
6503
6503
6504
6504
6504
6504
6504
6503
6503
6519
6519
6503
6503
6503
6503
6503
6503
6503
6503
6519
6519
6519
6519
6519
6519
6520
6520
6520
6520
6520
6520
6520
6520
6520
6520
6520
6520
6520
6520
6520
6520
6520
6520
6519
6519
6519
6519
6519
6519
6519
6519
6519
6519
6519
6519
6519
6519
6519
6519
6519
6519
6520
6520
6520
6520
6520
6520
6520
6504
6504
6504
6504
6504
6504
6504
6504
6504
6504
6503
6503
6503
6503
6503
6503
6503
6503
6503
6503
6503
6503
6503
6503
6503
6503
6503
6503
6503
6503
6503
6503
6503
6503
6503
6503
6503
6504
6503
6503
6503
6504
6504
6504
6504
6504
6504
6504
6504
6504
6504
6504
6504
6504
6504
6504
6504
6504
6504
6504
6504
6504
6504
6504
6504
6504
6504
6504
6504
6504
6504
6504
6504
6504
6520
6520
6520
6520
6520
6520
6520
6520
6520
6520
6520
6520
6520
6520
6520
6520
6520
6520
6520
6520
6520
6520
6520
6520
6520
6520
6520
6520
6520
6520
6520
6520
6519
6519
6519
6519
6519
6519
6503
6503
6503
6503
6503
6503
6503
6503
6503
6503
6503
6503
6503
6503
6504
6504
6504
6504
6504
6504
6504
6504
6504
6520
6520
6520
6520
6520
6519
6519
6520
6520
6520
6520
6520
6520
6520
6520
6520
6520
6520
6520
6520
6520
6520
6520
6520
6520
6520
6520
6520
6520
6520
6520
6520
6520
6520
6520
6520
6520
6520
6520
6520
6520
6520
6520
6520
6520
6520
6520
6520
6520
6520
6520
6520
6520
6520
6520
6520
6520
6520
6520
6519
6519
6519
6519
6519
6519
6519
6520
6520
6520
6520
6520
6520
6520
6519
6519
6519
6519
6519
6519
6520
6520
6520
6520
6520
6520
6520
6520
6520
6520
6520
6520
6520
6520
6520
6520
6520
6520
6520
6520
6520
6520
6520
6520
6520
6520
6520
6520
6520
6520
6520
6520
6520
6520
6520
6520
6520
6519
6519
6519
6519
6519
6519
6519
6519
6519
6519
6519
6519
6519
6519
6519
6519
6519
6519
6519
6519
6519
6519
6519
6519
6519
6519
6519
6519
6519
6520
6520
6520
6520
6520
6520
6520
6520
6520
6520
6520
6520
6520
6520
6520
6520
6520
6519
6519
6519
6519
6519
6519
6519
6519
6519
6519
6519
6519
6519
6519
6519
6519
6519
6519
6519
6519
6520
6520
6520
6520
6520
6520
6520
6520
6520
6520
6520
6520
6520
6520
6520
6520
6520
6520
6520
6520
6520
6520
6520
6519
6519
6519
6519
6519
6519
6519
6519
6519
6519
6519
6519
6519
6519
6519
6519
6519
6519
6519
6519
6519
6520
6519
6519
6519
6519
6519
6519
6519
6519
6519
6519
6519
6519
6519
6519
6519
6519
6519
6520
6520
6520
6519
6519
6519
6519
6519
6519
6519
6519
6519
6519
6519
6519
6519
6519
6519
6519
6519
6520
6520
6519
6520
6520
6519
6519
6519
6519
6519
6519
6519
6519
6519
6519
6519
6519
6519
6520
6520
6520
6520
6520
6519
6519
6519
6519
6519
6519
6519
6519
6519
6519
6519
6520
6520
6520
6520
6520
6519
6519
6519
6519
6519
6519
6519
6519
6519
6519
6519
6519
6519
6519
6519
6519
6519
6519
6519
6519
6519
6519
6519
6519
6520
6520
6520
6520
6520
6520
6520
6520
6520
6520
6520
6520
6520
6520
6520
6520
6520
6520
6520
6520
6520
6520
6520
6520
6520
6520
6520
6504
6504
6504
6504
6504
6503
6503
6503
6519
6519
6519
6519
6519
6519
6519
6519
6519
6519
6519
6519
6519
6519
6519
6519
6519
6519
6519
6519
6519
6519
6519
6519
6519
6520
6520
6520
6520
6520
6520
6520
6520
6520
6520
6520
6520
6520
6520
6520
6520
6520
6520
6520
6520
6520
6519
6519
6519
6519
6519
6519
6519
6519
6519
6519
6519
6519
6519
6519
6519
6519
6519
6519
6519
6519
6519
6519
6519
6519
6519
6519
6519
6519
6519
6519
6519
6519
6519
6519
6519
6519
6519
6520
6520
6520
6520
6520
6520
6520
6520
6520
6520
6520
6520
6520
6520
6520
6520
6520
6520
6520
6520
6520
6520
6520
6520
6520
6520
6520
6520
6520
6520
6520
6520
6520
6520
6520
6520
6519
6519
6519
6519
6519
6519
6519
6519
6519
6519
6519
6519
6520
6520
6520
6520
6520
6520
6520
6520
6520
6520
6520
6520
6520
6520
6520
6520
6520
6519
6519
6519
6519
6519
6519
6519
6519
6519
6519
6519
6519
6520
6520
6520
6520
6520
6520
6520
6520
6520
6520
6520
6520
6520
6520
6520
6520
6520
6520
6520
6520
6520
6520
6520
6520
6520
6520
6520
6520
6520
6519
6519
6519
6519
6519
6519
6519
6519
6519
6519
6519
6519
6519
6519
6519
6519
6519
6519
6519
6519
6519
6519
6519
6519
6519
6520
6520
6520
6520
6520
6520
6520
6520
6520
6520
6520
6520
6520
6520
6520
6520
6520
6520
6520
6520
6520
6520
6520
6520
6520
6520
6520
6520
6520
6520
6520
6520
6519
6519
6519
6519
6519
6519
6519
6519
6519
6519
6519
6519
6519
6519
6519
6519
6519
6519
6519
6519
6519
6519
6519
6519
6519
6519
6519
6519
6519
6519
6519
6519
6519
6519
6519
6519
6519
6519
6519
6519
6519
6519
6519
6519
6519
6519
6519
6519
6519
6519
6519
6519
6519
6519
6519
6519
6519
6519
6519
6519
6520
6520
6520
6519
6519
6519
6519
6519
6519
6519
6519
6519
6519
6519
6519
6519
6519
6519
6519
6519
6519
6519
6519
6519
6519
6519
6519
6519
6519
6519
6519
6519
6519
6519
6519
6519
6519
6519
6519
6519
6520
6519
6519
6519
6519
6519
6520
6520
6520
6520
6520
6520
6520
6519
6520
6520
6520
6520
6520
6520
6520
6520
6520
6520
6520
6520
6520
6520
6520
6520
6520
6520
6520
6520
6520
6519
6519
6519
6519
6519
6519
6519
6519
6519
6519
6519
6519
6519
6519
6519
6520
6520
6520
6520
6520
6520
6520
6520
6520
6520
6520
6520
6520
6520
6520
6520
6520
6520
6520
6520
6520
6520
6520
6520
6520
6520
6520
6520
6520
6520
6520
6520
6519
6519
6519
6519
6519
6519
6519
6519
6519
6519
6519
6519
6519
6519
6503
6503
6503
6503
6504
6504
6504
6504
6504
6504
6504
6503
6503
6503
6403
6403
6403
6403
6403
6403
6403
6403
6503
6503
6503
6403
6403
6403
6403
6403
6403
6403
6403
6403
6404
6404
6404
6404
6404
6404
6404
6404
6420
6420
6420
6420
6420
6520
6520
6520
6520
6520
6520
6520
6520
6520
6520
6520
6520
6520
6520
6520
6520
6520
6520
6520
6520
6520
6520
6520
6520
6520
6520
6520
6520
6520
6520
6520
6520
6520
6520
6520
6520
6520
6520
6520
6520
6520
6520
6520
6520
6520
6520
6520
6520
6520
6520
6520
6520
6520
6520
6520
6520
6520
6520
6520
6520
6520
6520
6520
6520
6519
6519
6519
6519
6519
6519
6519
6519
6519
6519
6519
6519
6519
6519
6519
6519
6519
6520
6520
6520
6520
6520
6520
6520
6520
6520
6520
6520
6520
6520
6520
6520
6520
6520
6520
6520
6520
6520
6520
6520
6520
6520
6520
6520
6520
6520
6520
6520
6520
6520
6520
6520
6520
6520
6520
6520
6520
6520
6520
6519
6519
6519
6519
6520
6520
6520
6520
6520
6520
6520
6520
6520
6520
6520
6520
6520
6520
6520
6520
6520
6520
6520
6520
6520
6520
6520
6520
6520
6520
6520
6520
6520
6520
6520
6520
6520
6520
6520
6520
6520
6520
6520
6520
6520
6520
6520
6520
6520
6520
6520
6520
6520
6520
6520
6520
6520
6520
6519
6519
6519
6519
6519
6519
6519
6519
6519
6519
6519
6519
6519
6519
6519
6519
6519
6519
6519
6519
6519
6519
6519
6519
6519
6519
6519
6519
6519
6519
6519
6520
6520
6520
6520
6520
6520
6520
6520
6520
6520
6520
6520
6520
6520
6520
6520
6520
6520
6520
6520
6520
6520
6520
6520
6520
6520
6520
6520
6520
6520
6520
6520
6520
6520
6520
6520
6520
6520
6520
6520
6520
6520
6520
6520
6520
6520
6520
6520
6520
6520
6520
6520
6520
6520
6520
6520
6520
6520
6520
6520
6520
6520
6520
6520
6520
6520
6520
6520
6520
6520
6520
6520
6520
6520
6520
6520
6520
6520
6520
6520
6520
6520
6520
6520
6520
6520
6520
6520
6520
6520
6520
6520
6520
6520
6520
6520
6520
6519
6519
6519
6519
6519
6519
6519
6519
6519
6519
6519
6519
6519
6519
6519
6519
6519
6519
6519
6519
6520
6520
6520
6520
6520
6520
6520
6520
6520
6520
6520
6520
6520
6520
6520
6520
6520
6520
6520
6520
6520
6520
6520
6520
6520
6520
6520
6520
6520
6520
6520
6520
6520
6520
6520
6520
6520
6520
6520
6520
6520
6520
6520
6520
6520
6520
6520
6520
6520
6520
6520
6520
6520
6520
6520
6520
6520
6520
6520
6520
6520
6520
6520
6520
6520
6520
6520
6520
6519
6519
6519
6519
6519
6520
6520
6520
6520
6520
6520
6520
6520
6520
6520
6519
6519
6519
6519
6519
6519
6519
6519
6519
6519
6519
6519
6520
6520
6520
6520
6520
6520
6520
6520
6520
6520
6520
6520
6520
6520
6520
6520
6520
6520
6520
6520
6520
6520
6520
6520
6520
6520
6520
6520
6520
6520
6520
6520
6520
6519
6519
6519
6519
6519
6519
6519
6519
6519
6519
6519
6519
6519
6519
6519
6519
6519
6519
6519
6519
6519
6519
6519
6519
6519
6519
6519
6519
6519
6519
6519
6519
6519
6519
6519
6519
6520
6520
6520
6520
6520
6520
6520
6520
6520
6520
6520
6520
6520
6520
6520
6520
6520
6520
6520
6520
6520
6520
6520
6520
6520
6520
6520
6519
6519
6519
6519
6519
6519
6519
6519
6519
6519
6519
6519
6519
6519
6520
6520
6520
6520
6520
6520
6520
6520
6520
6520
6520
6520
6520
6520
6520
6520
6520
6520
6520
6520
6520
6520
6520
6520
6520
6520
6520
6520
6520
6520
6520
6520
6520
6520
6520
6520
6520
6520
6520
6520
6520
6519
6519
6519
6519
6519
6520
6520
6520
6520
6520
6520
6520
6520
6520
6520
6520
6520
6520
6520
6520
6520
6520
6520
6520
6520
6520
6520
6520
6520
6520
6520
6520
6520
6520
6520
6520
6520
6520
6520
6520
6520
6519
6519
6519
6519
6519
6519
6519
6519
6519
6519
6519
6519
6519
6519
6519
6519
6519
6519
6519
6519
6519
6519
6519
6519
6519
6519
6519
6519
6519
6519
6519
6519
6519
6519
6519
6519
6519
6519
6519
6519
6519
6519
6519
6519
6519
6519
6519
6519
6519
6519
6519
6519
6519
6519
6519
6519
6519
6519
6519
6519
6519
6519
6519
6519
6519
6519
6519
6519
6519
6519
6519
6519
6519
6519
6519
6519
6519
6520
6520
6520
6520
6519
6519
6519
6519
6519
6519
6519
6519
6519
6519
6519
6519
6519
6519
6519
6519
6519
6519
6519
6519
6520
6520
6520
6520
6520
6520
6520
6520
6519
6519
6519
6519
6519
6519
6519
6519
6519
6519
6519
6519
6519
6519
6519
6519
6519
6519
6519
6519
6520
6520
6520
6520
6520
6520
6520
6520
6520
6520
6520
6520
6520
6520
6520
6520
6520
6520
6520
6520
6520
6520
6520
6520
6520
6520
6520
6519
6519
6519
6519
6520
6519
6519
6519
6519
6520
6520
6520
6520
6520
6520
6520
6519
6519
6519
6519
6519
6519
6519
6519
6519
6519
6519
6519
6519
6519
6519
6519
6519
6519
6519
6519
6519
6519
6519
6519
6519
6519
6519
6519
6519
6519
6519
6519
6519
6519
6519
6519
6519
6519
6519
6519
6519
6519
6519
6519
6519
6519
6520
6520
6520
6520
6520
6520
6520
6520
6520
6520
6520
6520
6520
6520
6520
6520
6520
6520
6520
6520
6520
6520
6520
6520
6520
6520
6520
6520
6520
6520
6520
6520
6520
6520
6520
6520
6520
6520
6520
6520
6520
6520
6520
6520
6520
6520
6520
6520
6520
6520
6520
6520
6520
6520
6520
6520
6520
6520
6520
6520
6520
6520
6520
6520
6520
6520
6520
6520
6520
6520
6520
6520
6520
6520
6520
6520
6520
6520
6520
6520
6520
6520
6520
6520
6520
6520
6520
6519
6519
6519
6519
6519
6519
6519
6519
6519
6519
6519
6519
6519
6519
6519
6519
6519
6519
6519
6519
6519
6519
6519
6519
6519
6520
6520
6520
6520
6520
6520
6520
6520
6520
6520
6520
6520
6520
6520
6520
6520
6520
6520
6520
6520
6520
6519
6519
6519
6519
6519
6519
6519
6519
6519
6519
6519
6519
6519
6519
6519
6519
6519
6519
6519
6519
6519
6519
6519
6519
6519
6519
6519
6519
6519
6519
6519
6519
6520
6520
6520
6520
6520
6520
6520
6520
6520
6520
6520
6520
6520
6520
6520
6520
6520
6520
6520
6520
6520
6520
6520
6520
6520
6520
6520
6520
6520
6520
6520
6520
6520
6520
6520
6519
6519
6519
6519
6519
6519
6519
6519
6519
6519
6520
6520
6520
6520
6520
6520
6520
6520
6520
6520
6520
6520
6520
6519
6520
6520
6520
6520
6520
6520
6520
6520
6520
6520
6520
6520
6520
6520
6520
6520
6520
6520
6520
6520
6520
6520
6520
6520
6520
6520
6520
6520
6520
6520
6520
6520
6520
6520
6520
6520
6520
6520
6520
6520
6520
6520
6520
6520
6520
6520
6520
6520
6520
6520
6520
6520
6520
6520
6520
6520
6520
6520
6520
6520
6520
6520
6520
6520
6520
6520
6520
6520
6520
6520
6520
6520
6520
6520
6520
6520
6520
6520
6520
6520
6520
6520
6520
6520
6520
6520
6520
6520
6520
6520
6520
6519
6519
6520
6520
6520
6520
6520
6520
6520
6520
6520
6520
6520
6520
6520
6520
6520
6520
6520
6520
6520
6520
6520
6520
6520
6520
6520
6520
6520
6520
6520
6520
6520
6520
6520
6520
6520
6520
6520
6520
6520
6520
6520
6520
6520
6520
6520
6520
6520
6520
6520
6520
6520
6520
6520
6520
6520
6520
6520
6520
6520
6520
6520
6520
6520
6520
6520
6520
6520
6519
6519
6519
6519
6520
6520
6520
6520
6520
6520
6520
6520
6520
6520
6520
6520
6520
6519
6519
6519
6519
6519
6519
6519
6519
6519
6519
6520
6520
6520
6520
6520
6520
6520
6520
6520
6520
6520
6520
6520
6520
6520
6520
6520
6520
6520
6520
6520
6520
6520
6520
6520
6520
6519
6519
6519
6519
6519
6519
6519
6519
6519
6519
6519
6519
6519
6519
6519
6519
6519
6519
6519
6519
6519
6519
6519
6519
6519
6519
6520
6520
6520
6520
6520
6520
6520
6520
6520
6520
6520
6520
6520
6520
6520
6520
6520
6520
6520
6520
6520
6520
6520
6520
6520
6520
6520
6520
6520
6520
6520
6520
6520
6520
6520
6520
6520
6520
6520
6520
6520
6520
6520
6520
6520
6520
6520
6520
6520
6520
6520
6520
6520
6520
6520
6520
6520
6520
6520
6520
6520
6520
6520
6520
6520
6520
6520
6520
6520
6520
6520
6520
6520
6520
6520
6520
6520
6520
6520
6520
6519
6519
6519
6519
6519
6519
6519
6519
6519
6519
6519
6519
6519
6519
6519
6519
6519
6519
6519
6519
6519
6519
6519
6519
6519
6519
6519
6519
6519
6519
6519
6519
6519
6519
6519
6519
6519
6519
6519
6519
6519
6519
6519
6519
6519
6519
6519
6519
6519
6519
6519
6519
6519
6519
6519
6519
6519
6519
6519
6519
6519
6520
6520
6520
6520
6520
6520
6520
6520
6520
6520
6520
6520
6520
6520
6520
6520
6520
6520
6520
6520
6520
6520
6520
6520
6520
6520
6520
6520
6520
6520
6520
6520
6520
6520
6520
6520
6520
6520
6520
6520
6520
6520
6520
6520
6520
6520
6520
6520
6520
6520
6520
6520
6520
6520
6520
6520
6520
6520
6520
6520
6520
6520
6520
6520
6520
6520
6520
6520
6520
6520
6520
6520
6520
6519
6519
6519
6519
6519
6519
6519
6519
6519
6519
6519
6519
6519
6519
6519
6519
6519
6519
6519
6519
6519
6519
6519
6519
6519
6519
6519
6519
6519
6519
6519
6519
6519
6519
6519
6519
6519
6519
6519
6520
6520
6520
6520
6520
6520
6520
6520
6520
6520
6520
6520
6520
6520
6520
6520
6520
6520
6520
6520
6520
6520
6520
6519
6519
6519
6519
6519
6519
6519
6519
6519
6519
6519
6519
6519
6519
6519
6519
6520
6520
6520
6520
6520
6520
6520
6520
6520
6520
6520
6520
6520
6520
6520
6520
6520
6520
6520
6520
6520
6520
6520
6520
6520
6520
6520
6520
6520
6519
6520
6520
6520
6520
6520
6520
6520
6520
6520
6520
6520
6520
6520
6520
6520
6520
6520
6520
6520
6520
6520
6520
6520
6520
6520
6520
6520
6520
6520
6520
6520
6520
6520
6520
6520
6520
6520
6520
6520
6520
6520
6520
6520
6520
6520
6520
6520
6520
6520
6520
6520
6520
6520
6520
6520
6520
6520
6520
6520
6520
6520
6520
6520
6520
6520
6520
6520
6520
6520
6520
6520
6520
6520
6520
6520
6520
6520
6520
6520
6520
6520
6520
6520
6520
6520
6520
6520
6520
6520
6520
6520
6520
6520
6520
6520
6520
6520
6520
6520
6520
6520
6520
6520
6520
6520
6520
6520
6520
6520
6520
6520
6520
6520
6520
6520
6520
6520
6520
6520
6520
6520
6520
6520
6520
6520
6520
6520
6520
6520
6520
6520
6520
6520
6520
6520
6520
6520
6520
6520
6520
6520
6520
6520
6520
6520
6520
6520
6520
6520
6520
6520
6520
6520
6520
6520
6520
6520
6520
6520
6520
6520
6520
6520
6520
6520
6520
6520
6520
6520
6520
6520
6519
6519
6519
6519
6520
6520
6520
6520
6520
6520
6520
6520
6520
6520
6520
6520
6520
6520
6520
6520
6520
6520
6520
6520
6520
6520
6520
6520
6520
6520
6520
6520
6520
6520
6520
6520
6520
6520
6520
6520
6520
6520
6520
6520
6520
6520
6520
6520
6520
6520
6520
6520
6520
6520
6520
6520
6520
6520
6520
6520
6520
6520
6520
6520
6520
6520
6520
6520
6520
6520
6520
6520
6520
6520
6520
6520
6520
6520
6519
6519
6519
6519
6520
6520
6520
6520
6520
6520
6520
6520
6520
6520
6520
6520
6520
6520
6520
6520
6520
6520
6520
6520
6520
6520
6520
6520
6520
6520
6520
6520
6520
6520
6520
6520
6520
6520
6520
6520
6520
6520
6520
6520
6520
6520
6520
6520
6520
6520
6520
6520
6520
6520
6520
6520
6520
6520
6520
6520
6520
6520
6520
6520
6520
6520
6520
6520
6520
6520
6520
6520
6520
6520
6520
6520
6520
6520
6520
6520
6520
6520
6520
6520
6520
6520
6520
6520
6520
6520
6520
6520
6520
6520
6520
6520
6520
6520
6520
6520
6520
6520
6520
6520
6520
6520
6520
6520
6520
6520
6520
6520
6520
6520
6520
6520
6520
6520
6520
6520
6520
6520
6520
6520
6520
6520
6520
6520
6520
6520
6520
6520
6520
6520
6520
6520
6520
6520
6520
6520
6520
6520
6520
6520
6520
6520
6520
6520
6520
6520
6520
6520
6520
6520
6520
6520
6520
6520
6520
6520
6520
6520
6520
6520
6520
6520
6520
6520
6520
6520
6520
6520
6519
6519
6519
6519
6519
6519
6519
6519
6520
6520
6520
6520
6520
6520
6520
6520
6520
6520
6520
6520
6520
6520
6520
6520
6520
6520
6520
6520
6520
6520
6520
6519
6519
6519
6519
6519
6519
6519
6519
6519
6519
6519
6519
6519
6519
6519
6519
6519
6519
6519
6519
6519
6519
6519
6519
6519
6520
6520
6519
6519
6520
6520
6520
6520
6520
6520
6520
6520
6520
6520
6520
6520
6520
6520
6520
6520
6520
6520
6520
6520
6520
6520
6520
6520
6520
6520
6520
6520
6520
6520
6520
6520
6520
6520
6520
6520
6520
6520
6520
6520
6520
6520
6520
6520
6520
6520
6520
6520
6520
6520
6520
6520
6520
6520
6520
6520
6520
6520
6520
6520
6520
6520
6520
6520
6520
6520
6520
