2728
3066
2439
2444
2444
2008
2444
2444
2742
2737
2737
2340
2499
2500
2500
2500
2499
2161
2405
2504
2901
3239
3244
3245
3625
3625
3673
3625
3673
3673
3784
4029
3705
3325
3705
4332
4332
4173
4168
3788
3391
3146
3098
2800
2800
3045
3044
2502
2529
2284
2185
2699
2699
3023
3028
3570
3134
3135
3135
2593
2593
2692
2448
2828
3225
3225
2887
2485
3027
3027
3022
3022
3070
3506
3844
3844
3745
3407
3651
3656
4058
4157
4157
4158
3778
4076
4414
4413
4412
4792
4793
4166
4067
4068
4167
4140
3816
3815
3816
3572
3816
3816
3816
3717
3744
3843
3843
3744
3744
3744
3744
3744
4371
4371
4033
3653
3409
3568
3568
3409
3733
3728
3292
3536
3134
3133
3513
3512
3850
3850
3855
4257
4693
4694
4292
4451
4853
4853
4529
3987
3607
3602
3926
4025
4030
3706
3679
3706
3192
3437
3761
3734
4248
3621
3377
3376
3376
3376
3052
3052
3296
3297
2861
2617
2612
2367
2268
1930
1957
1962
1935
1533
1533
1560
1512
1611
1612
1098
1146
1470
1808
2350
2752
2454
2057
2057
1946
2573
2414
2811
3055
3569
3325
3226
3225
3469
3469
3628
3628
3926
3529
3015
3260
3774
3260
3212
3053
2808
2470
2984
3095
2771
3016
2771
3095
2851
3248
3296
3395
3639
3977
3950
3949
3552
3932
3594
3594
3595
3596
3548
3575
3464
3084
3132
3132
3105
3105
3443
3840
3596
3272
3516
3218
3218
3329
3653
3951
3950
3945
4190
3946
3622
3622
4058
4057
4062
4062
3951
4275
3951
4331
4655
4141
3705
4141
4252
4253
3856
3857
3612
3274
3433
3274
3433
3677
3241
3268
2866
2542
2944
2917
2869
3383
3410
3409
3250
3298
3297
3297
2917
2912
2912
2510
2510
2510
2510
2510
2946
2947
3327
3326
3331
3669
3670
3670
4072
3973
3862
3460
3216
3315
3712
3956
3955
3928
3928
3928
3955
3575
3955
4200
4602
4060
3658
3658
3610
3610
3721
3880
3635
3636
4178
4423
4825
4824
4824
4580
4628
4872
4873
4535
4534
4535
4290
4290
4285
4285
4285
4258
4258
4257
4257
3959
4257
4146
3744
3744
3989
3362
3117
2819
3117
3144
3482
3482
3806
3707
3707
3952
3654
3654
3952
4051
4162
4162
3864
3816
3816
3821
3822
3577
3197
3495
3396
3444
2930
2929
2929
2532
2421
2373
2775
2616
2996
2996
3044
3017
2615
2714
2741
2900
2900
2741
2742
2742
2742
2742
2737
2638
2590
2701
2701
3098
3197
3198
3357
3871
3547
3546
3302
3303
3303
3303
3930
3929
3770
3671
3671
3770
3771
3771
3660
4062
3724
3968
4292
3890
3863
3868
4270
4270
4269
4317
4318
3994
3480
3804
3831
3990
3990
3610
4124
4025
3998
4336
3934
4045
3747
3742
3345
3444
3824
3824
3823
3309
3065
2954
2953
2953
2954
3065
3066
3066
3364
3609
4011
4016
3614
3614
3369
2989
2989
2890
3135
3135
3024
3024
3268
2641
2740
2740
2581
2576
2687
2686
2638
2096
2123
2012
1985
2033
2547
2302
2844
2845
3090
2766
2793
2793
3195
3195
3195
3519
3519
3630
3531
3531
3286
3259
3264
3291
2967
2919
3078
3475
3474
3474
3077
3072
2774
3072
2913
2913
3012
3012
3060
2658
2903
2908
2472
2869
3496
3932
3884
3370
3369
3342
3343
3391
3292
3293
3293
3452
3452
3451
3451
3853
3853
3853
3853
3853
3848
3510
3351
3865
3865
3964
3964
3964
3865
3870
3870
3969
3964
3964
3719
4099
4051
4389
4388
4712
4374
3977
3982
4030
3919
3871
3898
3899
3357
3258
3655
3900
3900
3498
3657
3657
3143
3685
4087
4198
3762
3761
4275
4613
4614
4072
4614
4662
4035
4034
3637
3638
3394
4021
4120
3493
3929
3818
3416
3092
3087
3411
3412
2976
3378
3330
3329
3765
3765
3770
3770
3334
3329
3302
3929
3302
2964
2584
2695
2695
2743
2770
2446
2398
2398
2446
2843
2843
3087
3087
2842
3469
3370
3750
4186
4027
4032
4191
3649
3649
4191
4191
4290
4290
4290
4291
3889
3889
4213
4213
4165
4066
4066
4065
4164
4502
3988
3988
3650
3650
3698
3318
3563
3464
3416
3930
3771
3772
3474
3854
3743
3307
3307
3355
3514
3513
3354
3453
3889
3889
3889
4227
3713
4115
3713
4115
4088
3764
4088
4089
4200
4714
5012
5011
5038
4990
4990
4991
4880
4879
4874
4874
4438
4437
4338
4094
4099
4258
3934
4178
3781
3781
3781
3829
3829
3824
3935
3908
4344
4345
4345
4444
4200
4152
4153
4153
3773
3773
3800
3462
3461
3466
3467
3462
3510
3510
3399
3398
3722
3721
4059
4439
4439
4836
4809
4920
4920
4378
4133
4085
3974
3975
3975
3975
3975
3578
3578
3975
3975
4220
4247
4220
4268
4512
4511
4266
4267
3865
3865
3766
4168
4710
4330
4335
4335
3821
4066
4177
3932
3932
3821
3821
3821
3419
3260
3259
3286
3385
3630
3233
3613
4015
4015
3691
3393
3294
2752
3266
3239
3266
3808
4106
4058
4382
4382
4382
4058
3814
3913
3511
3506
3506
3506
3554
3554
3555
3217
3118
3118
3117
3117
3276
2840
2460
2460
2461
1947
2058
2302
2816
2571
2571
2570
2459
2839
3177
3177
3501
3502
3507
3508
3349
3460
3459
3459
3459
2832
2534
2507
2507
2909
3536
3531
3776
3776
3776
4212
3968
3969
3996
3369
2827
3224
3851
4010
4009
4108
4108
3949
4193
3869
3472
3227
3227
2825
2825
2726
3128
3017
2969
2974
2969
3511
3670
3915
3915
4213
4324
4324
4080
3969
3969
3968
3973
4370
4370
4370
4365
4609
4720
4720
4206
4206
4206
4206
4211
4052
4052
3941
3941
3989
3990
3963
4074
4173
4173
3737
4061
4575
4033
3922
3584
3583
3610
3611
3610
3611
4047
4020
4047
4046
4046
4046
3801
3477
3478
3379
3374
3712
4036
4036
4578
4577
4239
4350
4509
4509
4510
4515
3973
3675
3674
3350
3323
3323
3350
3351
3450
3748
3748
3749
3122
3446
4073
4072
4614
4614
4614
4615
4101
4100
4100
4073
3693
3693
3645
3645
3645
3645
3890
4404
4404
4452
4341
4452
4404
4742
4769
4817
4817
4812
4811
4811
4812
4785
4349
4785
5165
5192
5192
5192
4812
4298
3896
3572
2945
2944
2508
2409
2508
1966
2290
2804
2693
2693
2698
3100
3101
3101
3212
3754
3754
3754
3753
3508
3508
3409
3165
3117
3112
3112
3085
3465
3465
3465
3564
3565
3185
3184
3073
3317
3158
3317
3697
3598
3603
3714
3312
3939
4038
4039
3928
3927
3922
3927
4172
4172
4574
4601
4649
4351
3837
3837
3838
3833
3832
3832
3833
3833
3291
3805
3561
3561
3566
4002
3566
3565
3565
3863
3565
3565
3560
3561
3561
3561
3164
3169
3566
3677
4113
4114
4114
4066
3742
3345
3100
3099
3100
3095
3393
3638
3539
3539
3380
3380
3379
3538
3158
3402
3402
3726
3725
3211
3211
3211
3212
2776
3156
3592
3347
3348
3348
3321
3863
3704
3593
3704
3380
3894
3899
3899
3926
3490
3489
3488
3489
3886
3985
3687
3660
3660
3280
3525
3525
3849
3848
3221
2883
2878
2634
2634
2634
2878
2554
2559
2857
3195
3195
2950
2951
3275
3275
3274
3274
3275
3275
3275
3275
3274
3433
2919
2517
2565
2565
3001
3403
3105
3105
3057
3057
3057
3084
3084
3084
3132
3759
4139
4139
3895
4140
4141
4136
4136
4136
4088
4088
4088
4089
4089
4088
4061
4061
4575
4580
4580
4481
4322
4349
4238
3900
3576
3576
3034
3278
3437
3001
3100
3095
3096
3096
3638
3638
4074
4122
4095
4419
4419
4419
4260
3746
3746
3751
3750
3505
3069
3505
3504
3531
4045
4343
4244
4355
4355
4355
4600
4086
4059
4218
4732
4831
4783
4783
4538
4538
4538
4533
4534
4534
4534
4534
4423
4428
4026
3782
3783
4121
4121
4121
4148
4148
4148
3712
3414
3413
3413
3075
3076
3512
3512
3485
3887
3887
3490
3054
2895
3006
3251
3495
3396
3152
3490
3649
3649
3649
3893
3941
3941
3941
3968
3968
3426
3823
3664
3267
3664
3553
3548
3548
3548
3548
3548
4090
4090
4249
4005
4005
3846
3466
3128
3133
3132
3132
3430
3674
4110
4109
4489
4490
4601
4303
4303
4192
4351
4350
4449
4560
4560
4236
4236
4236
4236
4574
3947
3948
3900
3789
3409
3409
3409
3733
3844
3845
3601
3601
3649
3601
3899
3899
3463
3511
3947
3946
3701
4081
4080
4081
3922
3922
3542
4169
4058
4169
4413
4365
4365
4745
4118
4118
4019
3908
3903
3903
3903
3903
4148
4247
4247
4247
3850
3855
3828
3828
3828
3490
3491
3491
3486
3486
3645
3401
3401
3302
3640
3639
3639
3638
4035
4035
4083
3838
3839
3839
3839
3680
3791
3796
4423
4085
4085
4244
4343
4588
4583
4583
4338
4338
4343
3963
3963
4208
4208
4109
4108
4352
4054
4054
4055
3810
3699
3700
3695
3371
3616
3616
3457
3484
3484
3239
3239
3244
3489
3484
2970
3268
3606
3606
3579
3579
4093
3551
3503
3883
3447
3883
3883
3982
3982
4141
4252
3816
3816
3816
3572
3572
3571
3571
3895
4139
4028
4570
5006
5006
4762
4762
4663
4711
4169
3772
4169
4169
4280
4280
4379
3977
3653
3653
3026
2915
3457
3701
3728
3629
3470
3469
3033
2519
2520
2631
2636
3263
3263
3263
3422
3421
3421
3373
3373
3346
3346
3748
3748
3749
3749
3749
3848
4172
3848
3847
3847
3848
3843
3545
3843
3843
3598
3598
3201
3446
3335
3335
3340
3042
3478
3473
3473
3374
3888
3643
3888
3261
3585
3585
3590
3590
3590
3617
3617
3612
3612
3612
3232
3231
3611
3909
4536
4933
4933
4595
4595
4568
4568
4188
4188
4188
4215
4215
4215
3970
3970
3970
3970
3943
3944
4189
3647
3402
3104
2780
2780
2780
3322
3646
3694
4032
4131
4429
4330
4575
4575
4575
4580
4580
4960
4580
4282
3740
3740
3692
3791
3902
3902
3902
3903
3903
3902
3902
3902
3466
3466
3902
3950
3950
3705
4085
4627
4627
4622
4108
4109
4623
4524
4529
4285
4285
4285
4285
4285
3961
3802
3802
3802
3801
4125
3723
3612
3564
3808
3372
3670
3769
3928
3590
3431
3590
3638
3638
3665
4067
4312
4312
4312
4312
4311
4311
4311
4311
4311
4284
3887
3882
3882
3882
3909
4020
4020
4020
4456
4076
4076
4081
4082
3983
3581
3978
3978
3978
3867
3840
3951
3706
3706
3707
3952
3947
4349
4349
4376
4131
4131
4131
3734
3833
4078
4078
4078
4078
4078
4078
4458
4463
4463
4458
3944
3917
3290
3290
3628
3655
3655
3357
3655
3628
4142
4142
4142
4142
4141
3817
3817
3822
3774
3675
3675
3431
4058
4058
4058
4302
4626
4625
4626
4653
4654
4543
4516
4516
4136
4516
4515
4626
4626
4626
4626
4626
4626
4626
4621
4462
4462
4462
4217
4217
4614
4613
4502
4661
4661
4661
4119
4119
4364
3984
3984
3984
3984
3357
3198
3225
3384
3086
3713
3713
3718
3718
3718
3380
3380
3428
3726
3726
3726
4106
4106
4217
4217
4217
4217
4555
4550
4306
4311
3875
3875
3848
3849
3849
3849
3525
3525
3227
3228
3228
3770
3770
4206
4158
4158
4206
4504
4107
4059
4107
4107
4504
4499
4823
4823
4823
4823
4823
4485
4512
4214
4214
4214
4512
3998
3998
3998
3998
3998
3998
3950
3950
4049
3422
3422
3421
3310
3310
3012
3350
3026
3026
3653
3764
3765
4063
3725
3725
3566
3565
3565
3454
3613
3614
3613
3613
3614
3662
3364
3363
3687
3528
3528
3480
3453
3453
3501
3104
3104
3005
3010
3308
3303
3255
3255
2819
2918
2918
3162
3163
3163
3064
3064
3064
3064
3064
3223
3064
3064
3069
3069
3069
3064
3064
3063
3111
2813
2814
2766
2765
2765
2813
2813
2813
3111
3111
3111
3210
3210
3210
2966
2965
2917
2917
3028
3542
3543
3543
3543
3543
3787
3787
3788
3788
3788
3677
4113
4113
4113
4113
4510
4537
4140
4139
4144
4303
4303
4303
4303
4304
4299
4299
4055
4055
4055
4299
4299
4200
4200
4200
4205
4205
4204
4601
4221
4601
4601
4601
4165
4165
4160
4160
4596
4596
4596
4569
4569
4569
4668
4668
4668
4509
4668
4668
4668
4266
4668
4668
4668
4779
4455
4344
4455
4503
4503
4530
4530
4503
4503
4504
4345
4504
4504
4504
4504
4259
4258
4259
4211
4211
4210
4210
4111
4112
4112
4111
4111
4111
4356
4356
4383
4482
4530
4531
4286
4624
4624
4624
4624
4525
4128
3884
3884
3725
3824
3824
3824
3824
4068
4068
4068
4392
4391
4391
4396
4395
4640
4635
4636
4641
4641
4530
4525
4227
3791
3791
4089
4486
4486
4486
4089
4089
4088
4093
4093
4093
4093
4204
4199
3901
4337
3999
3999
3619
3619
3957
3957
3957
4337
4337
4496
4337
4337
4337
4734
4735
4735
4735
4740
5038
5038
5038
4793
4793
4766
4793
4455
4344
4344
4344
4503
4503
4455
4455
4455
4428
4428
4476
4476
4476
4814
5059
5059
5059
5058
5085
5196
5196
5196
5196
5197
5197
4859
4859
4615
4588
4588
4588
4583
4827
4826
4826
4826
4715
4556
4508
4508
4106
4154
4155
4155
4557
4668
4557
4558
4558
4558
4314
4341
4340
4451
4206
4206
4206
4450
4450
4152
4152
4490
4463
4463
4463
4463
4462
4462
4463
3949
3949
4247
4247
4247
4406
4406
4406
4358
4358
4020
3478
3478
3723
3723
3723
3723
3750
3750
3750
3755
3755
3755
3728
3723
3425
3425
3763
3790
3790
3791
3791
3791
3791
3791
3680
4222
4270
4784
4784
4736
4735
4735
4846
4846
4846
4846
5144
5144
5144
5144
5144
5144
5144
5144
5144
5144
5144
5144
4985
4985
4990
4990
4990
4891
4886
4886
4934
4935
4597
4597
4596
4596
4596
4934
4636
4641
4641
4099
4099
3854
4013
4013
4013
4013
4013
3965
3965
4507
4507
4507
4752
4752
4752
4210
4752
4752
4752
4752
4851
4471
4471
4851
4851
4851
4851
4851
4846
4735
4740
4740
4740
4740
4740
4713
4554
4554
4554
4665
4665
4963
4963
4962
4962
4962
4962
4962
5010
5005
5006
4958
4985
4958
4660
4659
4818
4819
4575
4575
4602
4607
4607
4607
4065
3954
3557
3668
3668
3668
4210
4258
4258
4258
4556
4508
4508
4210
4210
4210
4210
4258
4556
4556
4556
4232
4233
4074
4074
4233
4477
4477
4472
4472
4471
4372
4373
4373
4770
4770
4775
4775
4775
4775
4775
4775
4616
4616
4568
4568
4568
4568
4568
4616
4616
4278
4167
4167
4167
4167
4326
4650
4988
4987
4987
4939
4939
4939
4934
4934
4934
4934
4907
5006
5006
5006
5006
5011
5011
5006
5006
5054
5053
5053
5053
5005
5005
5005
5005
5005
4625
4625
4673
4673
5053
5054
4618
4618
4618
4618
4570
4569
4569
4680
4680
4680
4680
4680
4278
4278
4278
4283
4283
4283
4184
4184
4620
4620
4620
4615
4642
4647
4647
4647
4620
4240
4240
4241
4241
4241
3943
3943
3970
3811
3811
3811
3811
4191
4191
3811
3811
3811
3784
3883
3883
3883
3883
3931
3958
3959
3523
3518
3677
3682
4084
4520
4818
4818
4817
4817
4817
4658
4658
4658
4559
4261
4420
4420
4420
4421
4421
4421
4421
4310
4310
4310
4409
4361
4659
4500
4500
4500
4500
4500
4548
4304
4304
4304
4304
4304
4304
4304
4303
4683
4683
4281
4440
4440
4435
4435
4435
4435
4435
4837
4837
4838
4838
4838
4949
4949
4949
4949
4949
4949
5193
5166
5166
5193
5193
5034
5034
5193
5193
5198
5193
5193
5193
5193
5193
5193
5192
5192
5192
5144
4820
4820
4709
4710
4710
4710
4710
4710
4715
4715
5039
5087
5087
4988
4744
4744
4744
4744
4988
4987
4987
4986
4981
4736
4847
4549
4549
4549
4549
4549
4305
4310
4262
4262
4262
4257
4098
4343
4348
4396
4397
4397
4496
4496
4496
4496
4496
4491
4789
4789
4788
4789
4789
4794
4794
4397
4641
4317
4269
4242
4242
4242
4242
4237
4396
4397
4152
3750
3750
3749
3754
3749
4146
4146
3987
3987
4014
4416
4416
4416
4078
4323
4323
4323
4323
4328
4328
4652
4652
4652
4652
4990
4588
4588
4343
4343
4391
4391
4391
4392
4392
4387
4387
4387
4387
4387
4360
4387
4392
4012
4012
4012
4007
4007
4007
4166
4165
4545
4545
4545
4545
4545
4545
4031
4276
4276
4276
4165
3921
3926
3926
3878
3779
4293
4404
4404
4080
3921
3379
3379
3379
3921
3921
4165
4165
4567
4566
4567
4566
4566
4455
4455
4566
4566
4566
4566
4566
4566
4725
4725
4614
4938
4939
4939
5038
5038
4939
4940
4939
4939
4939
4542
4653
4653
4626
4626
4626
4626
4626
4626
4626
4625
4626
4467
4466
4466
4514
4514
4515
4515
4515
4515
4912
4912
4913
4865
5024
5024
5072
5072
4961
4961
4988
4988
4988
4940
4781
4829
4829
4829
4829
4829
4829
4829
4829
4829
4829
4940
4940
4616
4616
4616
4615
4615
4615
4615
4714
4714
4713
4714
4715
4710
4710
4710
4710
4710
4710
4710
4710
4683
4683
4683
4683
4683
4635
4635
4662
4661
4661
4661
4661
4661
4661
4416
4415
4035
4415
4574
4574
4574
4819
4824
4824
4824
5148
5149
5149
5149
5144
4630
5144
5145
5145
5034
5082
5082
5082
5081
5081
5081
5080
5080
5080
5080
5080
5080
5080
5080
4836
4538
4538
4538
4539
4539
4294
4592
4592
4592
4592
4592
4592
4592
4592
4565
4592
4592
4591
4591
4591
4592
4592
4592
4836
4836
4512
4512
4512
4512
4512
4836
4677
4678
4789
4788
4787
4787
4739
4739
4984
4957
4958
4958
4958
5117
5117
5117
5117
5117
5117
5117
5122
5123
5171
5171
4927
4926
4524
4524
4524
4524
4010
4010
4010
4010
4010
4010
4009
4009
3961
3961
4205
4200
4200
4201
4201
4603
4603
4603
4603
4603
4603
4602
5116
5116
5116
5005
4681
4681
4681
4681
4681
4686
4686
4686
4686
4713
4824
4825
4820
4819
4819
4819
4819
4708
4549
4549
4549
4251
4575
4873
4921
4922
4923
4923
4922
5033
5033
5033
5033
5033
5034
5034
4923
5082
5082
5082
5082
5082
5082
5193
5192
5144
5144
5144
5144
5144
5144
5144
5144
5144
5144
5144
5145
5145
5145
5145
5193
5193
5198
5198
5193
5193
5193
5193
5193
5193
5082
5082
5034
5034
4789
4789
4789
4789
4789
4789
5034
4736
4847
4847
4847
4847
4847
4847
4820
4820
4820
4820
4820
4820
5118
4959
4714
4714
4714
4714
4714
4714
4714
4714
4741
4714
4741
4741
4789
4789
4789
4789
4789
5034
5034
5034
5034
5034
5034
5033
4597
4597
4597
4597
4596
4569
4570
4570
4570
4570
4522
4570
4459
4464
4464
4459
4458
4458
4458
4458
4458
4458
4459
4460
4460
4619
4619
4375
4374
4374
4374
4379
4623
4623
4623
4524
4635
4635
4635
4635
4635
4635
4635
4635
4476
4503
4392
4828
4828
4828
4780
4780
4781
4781
4780
4780
4780
4780
4378
4477
4476
4476
4476
4878
4779
4779
4878
4878
4634
4634
4607
4602
4602
4602
4846
4846
4957
4957
4984
4984
4984
4984
4984
4989
4989
4989
4989
4984
4984
4984
4984
4984
4984
4984
4984
4957
4957
4957
4962
5121
5022
5023
5023
5022
5023
5023
5023
5023
5023
5023
5023
5050
5050
5050
5050
5050
5051
5051
5051
5051
5050
4939
4939
5038
5038
4939
4939
4912
4912
4907
4907
5006
5006
4379
4379
4379
4378
4378
4279
4327
4327
4328
4328
4328
4355
4355
4355
4466
4466
4466
4466
4418
4418
4418
4417
4417
5044
5044
5044
5143
5143
5143
5143
5143
5044
4720
4819
4819
4819
4819
4819
4819
4819
4819
4792
4792
4356
4356
4356
4356
4357
4405
4405
4405
4405
4405
4406
4406
4433
4433
4433
4406
4405
4405
4405
4410
4410
4008
4008
4332
4332
4333
4333
4333
4332
4734
4734
4635
4635
4630
4630
4630
4630
4630
4630
4630
4635
4635
4634
4634
4586
5022
5022
5017
5017
5017
5065
5065
4906
4907
4908
4908
5067
5067
5067
5067
5067
5066
5066
5066
5093
5094
5094
5094
5094
5099
4702
4702
5099
5099
5099
5094
5094
5094
5094
5093
5192
5192
5192
5192
5192
5192
5192
5192
5192
5192
5192
5192
5192
5192
5192
5192
5192
4868
4841
4841
4841
4597
4597
4598
4603
4602
4602
4602
4602
4357
4602
4443
4443
4442
4469
4469
4793
4793
4793
5037
4793
4793
4793
4793
4793
4793
4793
4788
4788
4788
4947
4947
4920
4872
4872
4872
4872
4872
4872
4872
4872
4872
4872
4872
4872
5116
5121
5148
5148
5148
5143
5143
5191
5191
5143
5116
5116
5116
5116
5164
5164
5165
5165
5165
5165
5117
5117
5117
4958
4959
4959
4959
4959
4848
4959
4959
4964
4626
4653
4652
4811
4811
5149
5149
5149
5149
5148
5148
5148
5148
5149
5149
5149
5149
5149
5149
5144
5117
5117
5117
5118
5118
5019
5019
4908
4913
4913
4913
4913
4913
4961
4961
5072
5072
5072
4913
4940
4940
4940
4940
4940
4939
4940
4940
4892
4892
4892
4892
5051
5051
5050
5050
4891
5050
5051
5051
5051
4806
4806
4806
4805
4805
4805
4408
4805
4694
4694
4694
4694
4694
4694
4694
4694
4694
4694
4694
4667
4667
4667
4667
4667
4668
4668
4767
4429
4428
4423
4423
4668
4668
4668
4668
4668
4667
4672
4672
4720
4720
4721
4721
4721
4721
4622
4622
4622
4622
4622
4622
4649
4649
4760
4755
4755
4755
4755
4755
4755
4707
4707
4707
4707
4707
5045
5045
5045
5045
5018
5066
5066
5067
5067
5067
5166
5166
5166
5166
5166
5166
5165
5170
5170
5170
5169
5169
5169
5169
5169
5170
5170
5170
5171
5171
5171
5171
5171
5171
5171
5171
5171
4926
4926
4926
4926
5171
5171
5171
5171
5171
5171
5171
5171
5171
5171
5171
5171
5171
4847
4847
4874
4874
4873
4873
4825
4825
4826
4825
4825
5149
5149
5197
5198
5087
5087
5060
5060
5055
5055
5055
5055
5055
5055
4731
4730
4730
4841
4841
4841
4841
4793
4793
4793
4841
5165
5165
5165
5192
5197
5197
5197
5197
5197
5197
5197
5197
5197
5196
5196
5196
5148
5149
5149
5149
5050
5050
5045
5044
5092
5044
5044
5045
5045
5045
5045
5045
5045
5044
5044
5044
5044
5044
5143
5143
5143
5191
5032
5032
5032
5032
4921
4921
4873
4984
4984
4985
4985
4985
4986
4991
5039
5039
5038
5038
5038
5038
5038
5038
4990
4891
4891
4891
4886
4886
4886
4886
4859
4859
4859
4859
4859
4886
4886
4886
4886
4891
4891
4891
4890
4890
4890
4890
4891
4892
4892
4865
4865
4892
4892
4892
4865
4864
4864
4864
4864
4912
4913
4913
4913
4802
4802
4802
4802
4901
4901
4901
4901
4901
4901
4901
4901
4901
4901
4896
4896
4895
4895
4895
4895
4895
4922
4921
4921
4894
4894
4895
4895
4895
4895
4895
4895
4895
5054
5054
5055
5054
5055
4956
4955
4956
5055
5055
5055
5055
5055
5055
5055
5055
5055
5055
5055
5055
5060
5060
5171
5171
5012
5011
5011
5011
5011
5011
5010
5010
5011
5170
5170
5197
5197
5197
5197
5197
5197
5197
5197
5197
5197
5197
5149
5149
5149
5149
5149
5149
5149
5197
5197
5197
5086
5081
5033
5033
5033
5034
5033
5033
5033
5033
5006
5006
5006
5006
5006
5006
5006
5006
5006
5006
5006
5006
5006
5006
5006
5006
5006
5006
5033
5033
5144
5144
5144
5144
5144
5144
5144
5145
5145
5144
5144
5144
4820
4820
4820
4820
4868
4868
5192
5192
5197
5197
5197
5197
5197
5198
5198
5198
5198
5198
5198
5193
5193
5193
5034
5034
5034
5034
5034
5034
5034
5034
5034
5034
5034
5034
5034
5034
5034
5034
5034
5034
5007
5166
5166
5166
5166
5166
5166
5166
5166
5166
5166
5166
5193
5193
5193
5193
5193
5082
5082
5082
5082
5082
5082
5082
5082
5193
5193
5193
5193
5193
5193
5193
5193
5192
5192
5197
5170
5011
5011
5011
5038
5038
5038
4990
4879
4879
4990
4990
4990
4989
5037
5038
5038
5038
5038
5038
5038
5038
5197
5197
5197
5197
5197
5197
5197
5149
5149
5149
5149
5149
5149
5149
5149
5150
5150
5150
5150
5150
5150
5150
5150
5150
5150
5150
5150
5150
5149
5149
5150
5150
5150
5150
4991
4964
4964
5012
5039
5039
5039
5039
5039
5198
5198
5198
5198
5198
5198
5198
5198
5198
5198
5198
5198
5198
5171
5198
5198
5198
5198
5198
5198
5198
5198
5198
5198
5198
5197
4873
4873
4873
4873
4873
4873
4873
4873
4873
4873
4873
4873
4873
4873
4825
4825
4873
4873
4873
4873
4846
4846
4846
4846
4846
4847
4842
4841
5165
5165
5164
5164
5164
5164
5164
5164
5164
5164
5164
5164
5164
5164
5169
5169
5169
5169
5170
5170
5170
5170
5170
5171
5171
5170
5170
5170
5170
5170
5170
5170
5170
5171
5166
5166
5165
5165
5165
5165
5165
5165
5165
5165
5165
5165
5165
5192
5192
5192
5192
5192
5192
5192
5192
5192
5192
5192
5192
5192
5192
5192
5191
5192
5192
5192
5192
5192
5192
5192
5192
5192
5192
5192
5192
5192
5192
5192
5192
5197
5197
5197
5197
5197
5192
5165
5165
5165
5165
5165
5165
5165
5165
5164
5164
5169
5169
5164
5164
5164
5116
5116
5116
5116
5005
5005
5005
5005
5010
5011
5011
5122
5117
5118
5118
5145
5144
4985
4985
4985
4985
4990
4990
4990
4985
4990
4990
4990
4990
4990
4989
4989
4989
4989
4989
4989
4962
4962
4962
4962
4962
4962
4962
4989
4989
4989
4984
4957
4957
4957
4957
4958
4958
4958
4958
4958
4958
4958
5117
5117
5117
5117
5144
5144
5144
5144
5144
5144
5144
5144
5144
5192
5192
5192
5192
5192
5192
5192
5192
5192
5192
5192
5192
5192
5192
5193
5193
5193
5082
5081
5080
5081
5081
5081
5081
5081
5082
5082
5082
5055
5055
5054
5054
5006
5006
5117
5122
5122
5149
5149
5149
5149
5144
5144
5144
5144
5144
5144
5143
5148
5149
5149
5149
5149
5149
5197
5197
5197
5197
5197
5197
5149
5149
5149
5149
5197
5197
5197
5197
5197
5197
5197
5197
5197
5197
5197
5197
5192
5192
5192
5191
5191
5191
5191
5191
5191
5191
5192
5192
5192
5192
5192
5191
5191
5191
5191
5191
5191
5191
5191
5191
5196
5196
5197
5196
5196
5196
5191
5191
5191
5192
5192
5192
5192
5165
5165
5165
5192
5192
5165
5165
5164
5164
5164
5164
5164
5164
5164
5164
5164
5165
5166
5166
5166
5166
5166
5118
5118
5118
5118
5118
5118
5117
5117
5117
5117
5116
5116
5116
5121
5121
5121
5121
5121
5121
5121
5121
5121
5121
5121
5121
5116
5143
5148
5148
5148
5148
5148
5149
5149
5149
5122
5123
5123
5123
5123
5123
5123
5123
5123
5150
5149
5150
5150
5150
5123
5123
5123
5123
5122
5122
5170
5170
5170
5170
5170
5170
5170
5170
5165
5165
5170
5170
5170
5170
5170
5170
5170
5170
5170
5170
5170
5170
5170
5170
5170
5170
5170
5170
5170
5122
5122
5122
5122
5122
5122
5117
5144
5144
5144
5145
5145
5145
5145
5145
5145
5193
5193
5198
5198
5198
5150
5150
5150
5150
5198
5198
5198
5198
5198
5193
5192
5191
5191
5191
5191
5191
5191
5191
5191
5192
5165
5165
5165
5165
5165
5165
5165
5165
5164
5164
5164
5164
5169
5169
5169
5164
5164
5164
5164
5164
5164
5164
5164
5164
5164
5164
5164
5164
5164
5164
5164
5164
5164
5164
5164
5164
5164
5164
5164
5164
5164
5164
5191
5191
5191
5191
5080
5085
5085
5196
5196
5196
5197
5197
5197
5149
5122
5122
5122
5122
5149
5149
5149
5149
5149
5149
5149
5148
5037
5037
5038
5038
5038
5038
5011
5011
5011
5010
5010
5005
5010
5010
5010
5058
5058
5058
5059
5059
5059
5060
5055
5166
5166
5166
5166
5166
5166
5166
5166
5165
5192
5192
5192
5192
5192
5192
5192
5192
5192
5192
5192
5192
5192
5192
5192
5191
5191
5191
5191
5192
5192
5192
5192
5192
5192
5165
5165
5165
5165
5165
5164
5164
5164
5164
5164
5164
5164
5164
5164
5165
5165
5165
5165
5166
5165
5165
5192
5192
5192
5192
5192
5192
5192
5165
5165
5165
5117
5117
5117
5117
5117
5117
5117
5117
5117
5118
5117
5117
5117
5117
5117
5122
5122
5170
5170
5170
5170
5170
5170
5170
5197
5197
5197
5197
5197
5197
5197
5197
5197
5197
5197
5196
5196
5196
5196
5196
5196
5196
5197
5197
5197
5197
5197
5197
5198
5198
5198
5198
5198
5198
5198
5198
5197
5192
5192
5192
5165
5165
5192
5192
5192
5192
5192
5191
5192
5192
5192
5192
5192
5192
5191
5191
5191
5191
5191
5191
5191
5196
5196
5196
5196
5196
5196
5196
5196
5196
5196
5197
5197
5197
5197
5197
5197
5198
5198
5197
5197
5197
5197
5197
5192
5192
5192
5192
5192
4947
4947
4947
4947
4920
4920
4920
4920
4920
4920
4921
4921
4921
4921
4921
4921
4921
4920
4920
4947
4947
4946
4946
4951
4951
4924
4924
4924
4924
4924
4924
4924
4924
4924
4924
4924
4924
4924
4924
4924
4924
4924
4925
4925
4925
4952
4951
4792
4792
4792
4792
4793
4793
4793
5038
5038
5038
5038
5038
5039
5039
5039
5039
5039
5034
5193
5193
5192
5191
5191
5191
5191
5191
5196
5196
5196
5196
5196
5196
5196
5197
5197
5197
5197
5197
5197
5197
5197
5198
5198
5198
5198
5198
5198
5198
5198
5198
5171
5171
5171
5171
5171
5171
5171
5171
5171
5171
5198
5198
5198
5198
5198
5198
5198
5198
5150
5149
5149
5149
5148
5148
5148
5148
5148
5148
5148
5196
5191
5191
5192
5192
5192
5192
5192
5192
5165
5165
5166
5165
5170
5170
5170
5170
5170
5165
5165
5165
5192
5192
5192
5192
5192
5192
5192
5192
5192
5192
5192
5192
5192
5192
5192
5192
5192
5192
5192
5197
5197
5197
5197
5197
5197
5197
5197
5197
5197
5197
5197
5197
5197
5197
5197
5197
5170
5170
5169
5169
5169
5164
5164
5164
5164
5164
5164
5164
5164
5164
5169
5169
5169
5169
5169
5121
5121
5121
5121
5169
5169
5169
5169
5169
5169
5169
5169
5169
5169
5169
5169
5170
5165
5165
5165
5170
5170
5170
5170
5170
5170
5170
5170
5170
5170
5197
5197
5197
5197
5197
5197
5197
5197
5197
5170
5170
5170
5165
5165
5165
5165
5165
5164
5164
5164
5165
5170
5165
5164
5164
5164
5164
5164
5164
5164
5165
5165
5165
5192
5192
5192
5192
5192
5192
5192
5192
5192
5192
5193
5193
5193
5193
5193
5193
5193
5193
5193
5193
5193
5193
5193
5198
5198
5198
5198
5198
5198
5198
5150
5150
5150
5150
5150
5150
5150
5150
5150
5150
5150
5145
5145
5144
5144
5144
5144
5117
5117
5117
5117
5117
5122
5170
5170
5170
5170
5170
5170
5170
5170
5171
5171
5171
5171
5171
5171
5171
5171
5171
5171
5171
5171
5171
5170
5197
5197
5197
5198
5198
5198
5198
5198
5171
5171
5171
5171
5171
5171
5170
5170
5171
5171
5171
5171
5171
5170
5170
5170
5165
5165
5165
5165
5166
5166
5166
5166
5171
5171
5171
5166
5166
5166
5165
5165
5165
5165
5165
5165
5165
5165
5170
5170
5170
5170
5170
5170
5170
5169
5169
5169
5169
5169
5169
5169
5169
5169
5169
5169
5169
5169
5170
5170
5170
5170
5170
5170
5170
5170
5197
5197
5197
5197
5170
5165
5165
5165
5165
5165
5166
5166
5166
5166
5166
5166
5166
5166
5166
5166
5166
5166
5055
5055
5082
5193
5193
5193
5193
5193
5193
5193
5193
5193
5193
5193
5198
5198
5198
5198
5197
5197
5197
5197
5197
5197
5197
5197
5197
5197
5197
5196
5196
5196
5196
5196
5197
5197
5196
5196
5197
5197
5197
5197
5197
5197
5197
5197
5197
5197
5197
5197
5197
5197
5197
5197
5197
5197
5197
5197
5196
5196
5196
5196
5197
5197
5197
5197
5197
5197
5197
5197
5192
5192
5165
5165
5165
5165
5165
5165
5165
5165
5165
5166
5171
5171
5171
5170
5165
5165
5165
5165
5170
5170
5170
5170
5170
5170
5170
5170
5169
5169
5169
5169
5170
5170
5170
5169
5169
5169
5169
5169
5169
5169
5169
5169
5196
5197
5197
5197
5197
5192
5192
5193
5193
5198
5198
5198
5198
5198
5197
5197
5197
5197
5197
5197
5197
5197
5197
5197
5197
5197
5198
5198
5198
5198
5198
5198
5198
5198
5198
5198
5171
5171
5171
5171
5171
5171
5170
5170
5170
5170
5170
5170
5170
5170
5170
5170
5170
5170
5170
5170
5170
5171
5171
5171
5171
5171
5171
5171
5170
5170
5170
5170
5170
5170
5170
5170
5169
5170
5170
5170
5165
5165
5165
5165
5165
5165
5165
5166
5166
5166
5166
5166
5166
5166
5165
5165
5165
5165
5165
5165
5165
5165
5165
5165
5164
5164
5164
5164
5164
5164
5164
5164
5165
5165
5164
5164
5191
5191
5191
5191
5192
5192
5192
5193
5193
5193
5198
5198
5198
5197
5197
5197
5197
5197
5197
5197
5197
5197
5197
5197
5197
5197
5197
5197
5197
5197
5170
5122
5121
5121
5121
5121
5121
5121
5148
5148
5196
5196
5196
5196
5196
5196
5196
5196
5196
5196
5196
5196
5196
5196
5196
5196
5196
5196
5196
5191
5191
5196
5196
5191
5191
5191
5191
5191
5191
5191
5191
5191
5192
5192
5192
5192
5192
5197
5197
5197
5197
5197
5197
5197
5197
5197
5192
5192
5192
5192
5192
5192
5192
5192
5197
5197
5170
5170
5197
5197
5196
5191
5191
5191
5191
5191
5191
5192
5192
5192
5192
5192
5193
5193
5193
5166
5166
5171
5171
5171
5171
5170
5170
5170
5170
5170
5170
5170
5170
5170
5170
5170
5170
5170
5170
5170
5170
5170
5170
5170
5170
5170
5170
5197
5197
5197
5197
5197
5197
5197
5197
5197
5170
5170
5170
5170
5170
5165
5165
5165
5165
5165
5165
5165
5165
5165
5165
5166
5166
5165
5165
5165
5165
5165
5165
5165
5165
5165
5165
5165
5165
5164
5164
5164
5164
5164
5164
5164
5164
5164
5164
5191
5191
5191
5191
5191
5191
5191
5191
5191
5191
5191
5191
5191
5192
5192
5192
5192
5192
5192
5192
5192
5192
5192
5192
5191
5191
5191
5191
5192
5192
5192
5192
5192
5192
5192
5192
5192
5192
5192
5192
5192
5192
5193
5193
5193
5193
5192
5192
5192
5192
5197
5197
5197
5192
5192
5192
5192
5192
5193
5193
5193
5193
5193
5193
5193
5193
5193
5193
5192
5192
5144
5145
5145
5145
5145
5145
5145
5145
5145
5145
5145
5145
5145
5145
5145
5145
5145
5145
5144
5144
5144
5144
5144
5144
5144
5144
5144
5144
5144
5143
5144
5143
5143
5143
5191
5191
5191
5191
5192
5192
5192
5192
5192
5191
5191
5191
5191
5191
5191
5196
5196
5197
5197
5197
5197
5197
5197
5197
5197
5197
5197
5197
5197
5197
5197
5197
5197
5197
5197
5197
5197
5197
5197
5197
5192
5192
5192
5191
5196
5196
5196
5196
5196
5196
5196
5196
5196
5196
5196
5196
5196
5196
5196
5196
5196
5196
5196
5196
5196
5197
5197
5196
5197
5198
5198
5198
5198
5198
5198
5198
5198
5198
5198
5198
5198
5198
5198
5198
5193
5192
5192
5192
5192
5192
5192
5192
5192
5191
5191
5191
5191
5191
5191
5191
5191
5191
5191
5191
5191
5191
5191
5191
5191
5191
5191
5191
5191
5191
5191
5191
5196
5197
5197
5197
5197
5197
5197
5197
5192
5192
5192
5192
5193
5193
5192
5192
5192
5192
5192
5192
5192
5192
5192
5193
5193
5192
5192
5192
5192
5192
5193
5193
5193
5193
5198
5198
5198
5198
5198
5198
5198
5198
5198
5198
5150
5150
5150
5150
5150
5150
5150
5150
5150
5150
5150
5150
5150
5150
5150
5150
5150
5150
5150
5150
5150
5150
5150
5149
5149
5149
5149
5149
5149
5149
5149
5149
5149
5197
5197
5197
5197
5197
5197
5197
5192
5192
5192
5192
5191
5191
5191
5191
5191
5191
5191
5191
5191
5191
5191
5191
5191
5196
5196
5196
5196
5196
5196
5196
5196
5196
5197
5197
5197
5197
5197
5197
5197
5197
5197
5197
5197
5198
5198
5198
5198
5198
5198
5198
5198
5198
5198
5198
5198
5198
5198
5198
5198
5198
5198
5198
5197
5197
5198
5198
5198
5198
5198
5198
5198
5198
5198
5198
5198
5198
5198
5198
5198
5198
5193
5193
5193
5193
5193
5193
5193
5193
5193
5193
5166
5166
5166
5166
5166
5166
5165
5165
5165
5165
5165
5165
5165
5165
5165
5165
5170
5165
5165
5164
5164
5164
5164
5191
5191
5191
5191
5192
5192
5192
5192
5192
5192
5192
5193
5193
5193
5193
5193
5193
5193
5193
5193
5193
5193
5193
5193
5193
5193
5193
5193
5193
5193
5193
5193
5198
5198
5198
5198
5198
5198
5197
5197
5197
5197
5197
5197
5197
5197
5197
5197
5197
5197
5197
5197
5198
5198
5198
5171
5166
5166
5166
5166
5171
5171
5171
5171
5171
5198
5198
5198
5198
5198
5198
5198
5198
5198
5198
5198
5198
5198
5198
5198
5198
5198
5198
5198
5198
5198
5198
5198
5198
5198
5198
5198
5198
5198
5198
5198
5198
5198
5197
5197
5197
5197
5197
5197
5197
5197
5197
5197
5197
5197
5197
5197
5197
5197
5197
5197
5197
5197
5197
5196
5196
5196
5169
5169
5169
5169
5169
5169
5169
5169
5169
5169
5170
5170
5171
5171
5171
5171
5171
5171
5171
5171
5171
5170
5170
5170
5170
5170
5170
5170
5170
5197
5197
5197
5197
5196
5196
5196
5196
5196
5196
5196
5196
5196
5196
5196
5197
5197
5197
5197
5197
5197
5197
5197
5197
5197
5197
5197
5197
5197
5197
5197
5197
5197
5197
5192
5192
5192
5197
5197
5197
5197
5197
5197
5197
5196
5196
5196
5196
5196
5197
5197
5197
5197
5197
5197
5197
5197
5197
5197
5197
5197
5197
5197
5197
5197
5170
5170
5197
5197
5197
5197
5197
5170
5170
5170
5170
5197
5197
5197
5197
5197
5197
5197
5197
5197
5197
5197
5197
5197
5197
5192
5192
5192
5192
5192
5192
5192
5192
5192
5192
5192
5192
5197
5197
5196
5196
5196
5196
5191
5191
5191
5191
5191
5191
5191
5191
5191
5191
5191
5191
5191
5191
5191
5196
5169
5169
5169
5169
5169
5169
5169
5169
5169
5170
5170
5170
5170
5170
5171
5171
5171
5171
5171
5170
5170
5170
5197
5198
5198
5198
5198
5198
5198
5198
5198
5198
5198
5198
5198
5198
5198
5198
5198
5198
5198
5198
5198
5198
5198
5198
5198
5198
5171
5166
5166
5166
5166
5166
5193
5193
5193
5192
5192
5192
5192
5192
5192
5192
5192
5191
5191
5191
5192
5192
5197
5197
5197
5197
5197
5197
5170
5197
5197
5197
5197
5197
5198
5198
5198
5198
5198
5198
5198
5198
5198
5198
5198
5198
5198
5198
5198
5198
5198
5197
5197
5197
5197
5197
5197
5197
5197
5197
5196
5196
5191
5191
5192
5192
5192
5191
5192
5192
5192
5192
5191
5191
5191
5191
5191
5192
5192
5192
5192
5192
5192
5192
5192
5192
5192
5192
5192
5192
5192
5192
5192
5192
5192
5192
5192
5192
5192
5192
5192
5192
5193
5193
5193
5193
5193
5193
5193
5193
5193
5193
5193
5193
5193
5198
5198
5198
5198
5198
5198
5198
5198
5198
5198
5198
5198
5198
5198
5198
5197
5197
5197
5197
5196
5196
5196
5196
5196
5196
5197
5197
5197
5197
5197
5197
5197
5197
5197
5192
5192
5192
5192
5192
5193
5193
5193
5193
5193
5193
5193
5192
5192
5192
5192
5192
5192
5192
5192
5192
5197
5197
5197
5197
5197
5197
5197
5197
5197
5197
5197
5197
5197
5197
5197
5197
5197
5197
5197
5198
5198
5197
5197
5197
5197
5197
5197
5197
5196
5196
5196
5196
5196
5196
5197
5197
5197
5197
5192
5192
5192
5192
5192
5192
5192
5192
5192
5191
5191
5191
5192
5192
5197
5197
5197
5197
5198
5198
5197
5198
5198
5198
5198
5198
5198
5197
5197
5196
5196
5196
5196
5196
5196
5196
5196
5196
5196
5197
5197
5198
5198
5198
5198
5198
5198
5198
5197
5197
5197
5197
5197
5197
5197
5197
5197
5198
5198
5198
5198
5198
5198
5198
5198
5198
5198
5198
5197
5197
5197
5197
5197
5197
5197
5197
5197
5197
5197
5197
5196
5196
5196
5196
5196
5196
5196
5196
5196
5196
5196
5196
5196
5197
5197
5192
5192
5192
5197
5197
5197
5197
5197
5196
5196
5196
5196
5196
5196
5196
5196
5196
5196
5196
5196
5196
5191
5191
5191
5192
5192
5193
5193
5193
5193
5193
5193
5192
5192
5192
5192
5192
5192
5192
5192
5192
5192
5192
5192
5192
5192
5192
5192
5192
5192
5192
5192
5192
5192
5192
5192
5193
5193
5193
5193
5193
5193
5193
5193
5193
5193
5193
5193
5193
5193
5193
5193
5192
5192
5192
5192
5192
5192
5192
5192
5192
5192
5191
5191
5191
5191
5191
5191
5191
5191
5196
5197
5197
5197
5197
5197
5197
5197
5198
5198
5198
5198
5198
5198
5198
5198
5198
5198
5198
5198
5198
5198
5198
5198
5198
5198
5198
5198
5198
5198
5198
5198
5198
5198
5198
5198
5198
5198
5198
5198
5198
5198
5198
5198
5198
5198
5198
5198
5198
5198
5198
5198
5198
5198
5198
5198
5198
5198
5198
5198
5198
5198
5198
5198
5198
5198
5198
5198
5198
5198
5198
5198
5198
5198
5198
5197
5197
5197
5197
5197
5197
5197
5197
5197
5197
5197
5197
5197
5197
5197
5197
5197
5197
5197
5197
5198
5198
5198
5198
5198
5198
5198
5198
5197
5197
5197
5197
5197
5197
5197
5197
5197
5197
5197
5197
5197
5197
5192
5191
5191
5191
5191
5191
5191
5191
5191
5191
5191
5192
5191
5192
5192
5192
5192
5193
5192
5192
5192
5192
5192
5192
5192
5192
5192
5192
5192
5192
5192
5192
5192
5192
5192
5192
5192
5192
5191
5191
5192
5192
5192
5192
5192
5192
5197
5197
5197
5197
5197
5197
5192
5192
5192
5192
5192
5192
5192
5192
5193
5193
5192
5192
5192
5193
5193
5193
5193
5193
5193
5193
5192
5192
5192
5192
5191
5192
5192
5192
5192
5192
5192
5191
5191
5191
5191
5192
5192
5192
5192
5192
5192
5192
5192
5192
5191
5191
5191
5191
5192
5192
5192
5192
5192
5192
5192
5192
5192
5197
5197
5197
5197
5197
5197
5197
5197
5197
5197
5197
5197
5197
5197
5197
5197
5197
5197
5197
5197
5197
5197
5197
5196
5196
5196
5196
5196
5197
5197
5197
5197
5197
5197
5197
5197
5197
5196
5196
5197
5197
5192
5192
5192
5192
5192
5192
5192
5197
5197
5198
5198
5198
5197
5192
5192
5192
5193
5166
5166
5166
5166
5166
5166
5166
5166
5165
5170
5170
5170
5170
5170
5170
5171
5170
5170
5170
5170
5170
5171
5171
5198
5198
5198
5198
5198
5198
5198
5198
5198
5198
5197
5197
5198
5198
5198
5198
5198
5198
5198
5198
5198
5198
5198
5198
5198
5198
5197
5197
5197
5197
5197
5197
5197
5197
5197
5192
5192
5192
5192
5192
5192
5192
5192
5193
5193
5193
5193
5193
5193
5193
5193
5193
5193
5193
5193
5192
5192
5191
5191
5191
5191
5191
5192
5192
5192
5191
5191
5191
5191
5191
5191
5191
5191
5191
5191
5191
5191
5191
5191
5191
5191
5191
5191
5191
5192
5192
5192
5192
5192
5192
5192
5192
5192
5192
5192
5192
5192
5192
5192
5192
5197
5197
5197
5197
5197
5197
5197
5197
5197
5197
5197
5197
5197
5197
5197
5196
5197
5198
5198
5198
5198
5198
5198
5198
5198
5198
5197
5197
5197
5196
5196
5196
5196
5196
5196
5197
5197
5197
5197
5197
5197
5197
5197
5197
5196
5196
5196
5196
5196
5196
5196
5196
5197
5196
5196
5196
5196
5196
5196
5196
5196
5196
5196
5196
5197
5197
5192
5192
5192
5191
5192
5192
5192
5192
5192
5192
5192
5192
5191
5191
5191
5192
5192
5192
5192
5191
5191
5191
5191
5191
5191
5191
5191
5191
5191
5192
5191
5191
5191
5191
5191
5191
5191
5191
5191
5191
5191
5191
5191
5191
5192
5192
5192
5192
5192
5192
5192
5192
5192
5192
5192
5193
5193
5193
5193
5193
5192
5192
5192
5192
5192
5192
5192
5192
5192
5192
5192
5192
5193
5193
5193
5193
5193
5193
5193
5193
5193
5193
5193
5192
5192
5192
5193
5192
5192
5192
5192
5192
5192
5192
5192
5192
5192
5192
5192
5192
5192
5192
5192
5192
5197
5197
5197
5197
5197
5197
5197
5197
5197
5197
5197
5197
5197
5196
5196
5196
5196
5196
5196
5197
5197
5197
5197
5197
5197
5197
5197
5197
5197
5197
5197
5197
5197
5197
5196
5196
5196
5196
5197
5197
5197
5197
5197
5197
5196
5196
5196
5196
5196
5196
5196
5196
5196
5196
5196
5196
5196
5196
5196
5197
5197
5197
5197
5197
5197
5197
5197
5197
5197
5197
5197
5197
5197
5197
5197
5197
5197
5197
5198
5198
5198
5198
5198
5198
5198
5198
5198
5198
5198
5198
5198
5198
5198
5198
5198
5198
5198
5198
5198
5198
5198
5198
5198
5198
5198
5198
5198
5198
5198
5198
5198
5198
5198
5198
5198
5198
5197
5197
5197
5197
5197
5197
5197
5197
5197
5197
5197
5197
5197
5197
5197
5197
5197
5197
5197
5197
5197
5197
5197
5197
5197
5197
5197
5197
5197
5197
5197
5197
5196
5196
5197
5198
5198
5198
5198
5198
5198
5198
5197
5197
5197
5197
5197
5197
5198
5198
5198
5197
5197
5197
5197
5197
5197
5197
5197
5197
5197
5197
5197
5197
5197
5197
5197
5197
5196
5196
5197
5197
5197
5197
5197
5197
5197
5198
5198
5198
5198
5198
5198
5198
5198
5198
5198
5198
5198
5198
5198
5198
5198
5198
5198
5198
5198
5198
5198
5198
5193
5193
5193
5193
5193
5193
5193
5193
5193
5193
5193
5193
5193
5193
5193
5193
5193
5193
5193
5193
5193
5193
5193
5192
5192
5192
5192
5192
5192
5192
5192
5192
5197
5197
5197
5197
5196
5196
5196
5196
5196
5196
5196
5196
5196
5196
5196
5196
5196
5197
5197
5197
5197
5197
5197
5197
5197
5197
5197
5197
5197
5197
5197
5197
5197
5197
5197
5197
5197
5197
5197
5197
5197
5197
5198
5198
5198
5198
5198
5198
5198
5198
5198
5198
5198
5198
5198
5198
5198
5198
5198
5198
5198
5198
5198
5198
5198
5198
5198
5197
5197
5197
5197
5198
5197
5197
5197
5197
5197
5197
5197
5197
5197
5197
5197
5197
5197
5197
5196
5196
5197
5197
5197
5198
5198
5198
5198
5198
5198
5198
5198
5198
5198
5198
5198
5198
5198
5198
5198
5198
5198
5198
5198
5198
5198
5198
5198
5198
5198
5198
5198
5198
5198
5198
5198
5198
5198
5198
5198
5198
5198
5198
5198
5198
5198
5198
5198
5198
5198
5193
5198
5198
5197
5197
5197
5197
5197
5197
5197
5197
5197
5197
5197
5198
5197
5197
5197
5197
5197
5197
5198
5198
5198
5198
5198
5197
5197
5197
5197
5197
5197
5197
5197
5197
5197
5197
5197
5198
5198
5198
5198
5198
5198
5198
5198
5198
5198
5198
5198
5197
5197
5197
5192
5192
5192
5192
5192
5192
5197
5197
5197
5197
5197
5197
5197
5197
5197
5197
5197
5197
5197
5197
5197
5197
5197
5197
5197
5197
5197
5197
5198
5198
5197
5197
5197
5197
5196
5196
5196
5197
5197
5197
5197
5197
5197
5197
5197
5197
5197
5197
5197
5197
5197
5197
5198
5198
5198
5197
5197
5197
5197
5197
5197
5197
5197
5197
5197
5197
5197
5197
5197
5197
5196
5196
5196
5196
5196
5196
5196
5196
5196
5196
5196
5196
5196
5196
5196
5196
5196
5197
5197
5197
5197
5197
5197
5197
5197
5197
5197
5197
5197
5197
5197
5197
5197
5197
5197
5197
5197
5197
5197
5197
5198
5198
5198
5197
5197
5197
5197
5198
5198
5198
5198
5198
5197
5197
5197
5197
5197
5197
5196
5196
5196
5196
5196
5196
5196
5197
5197
5197
5197
5197
5197
5197
5197
5197
5197
5197
5197
5197
5197
5197
5197
5197
5197
5196
5197
5197
5197
5197
5197
5197
5197
5197
5197
5197
5197
5197
5197
5197
5197
5192
5192
5192
5191
5191
5191
5196
5196
5196
5196
5196
5196
5196
5196
5196
5196
5196
5197
5197
5198
5198
5198
5198
5198
5198
5198
5198
5198
5198
5198
5197
5197
5197
5197
5197
5197
5197
5197
5197
5197
5197
5197
5197
5197
5197
5197
5197
5197
5197
5197
5197
5197
5197
5197
5197
5197
5197
5197
5197
5197
5197
5197
5197
5197
5197
5197
5197
5197
5197
5197
5197
5197
5197
5197
5197
5197
5197
5197
5197
5197
5197
5197
5197
5197
5197
5197
5197
5197
5196
5196
5196
5197
5197
5197
5197
5197
5197
5197
5197
5197
5197
5197
5197
5197
5197
5197
5197
5197
5198
5198
5198
5198
5198
5198
5198
5198
5197
5197
5197
5197
5196
5196
5196
5196
5196
5197
5197
5197
5197
5197
5197
5197
5197
5197
5197
5197
5198
5198
5198
5198
5198
5198
5198
5198
5197
5196
5197
5197
5197
5192
5192
5192
5192
5192
5192
5192
5192
5192
5192
5192
5192
5192
5192
5192
5191
5191
5191
5191
5191
5191
5191
5191
5191
5191
5191
5191
5191
5191
5191
5191
5191
5191
5191
5191
5192
5192
5192
5192
5192
5192
5192
5193
5193
5193
5192
5191
5192
5192
5197
5197
5197
5198
5198
5198
5198
5198
5198
5198
5198
5198
5198
5198
5198
5198
5198
5198
5198
5198
5198
5198
5193
5193
5193
5193
5193
5193
5193
5193
5193
5193
5193
5193
5193
5193
5193
5193
5193
5193
5193
5193
5193
5193
5193
5193
5193
5193
5193
5193
5192
5192
5192
5192
5192
5192
5192
5192
5192
5192
5192
5192
5192
5192
5192
5197
5197
5197
5197
5197
5197
5197
5196
5196
5196
5196
5197
5197
5197
5197
5197
5197
5197
5197
5197
5197
5197
5197
5197
5197
5197
5197
5197
5197
5197
5197
5197
5197
5197
5197
5197
5197
5197
5197
5197
5197
5197
5197
5197
5197
5197
5197
5197
5197
5197
5197
5197
5197
5198
5198
5198
5198
5198
5198
5198
5198
5198
5198
5198
5198
5198
5198
5198
5198
5198
5198
5198
5198
5198
5198
5198
5198
5198
5198
5198
5198
5198
5198
5198
5198
5198
5198
5198
5198
5198
5198
5198
5198
5198
5198
5198
5197
5197
5197
5197
5197
5197
5197
5197
5196
5197
5197
5197
5197
5197
5197
5197
5197
5197
5197
5197
5192
5191
5191
5191
5191
5191
5191
5191
5191
5192
5192
5192
5192
5192
5192
5192
5192
5192
5192
5192
5192
5192
5192
5197
5198
5198
5198
5198
5198
5198
5198
5198
5198
5198
5198
5198
5198
5197
5197
5197
5197
5197
5197
5197
5197
5197
5197
5198
5198
5197
5198
5198
5198
5197
5197
5197
5197
5197
5197
5197
5197
5197
5197
5197
5197
5197
5197
5197
5197
5197
5197
5197
5197
5197
5197
5197
5197
5197
5197
5197
5197
5197
5197
5197
5197
5197
5197
5197
5197
5197
5197
5197
5197
5198
5198
5193
5193
5193
5193
5193
5193
5193
5193
5193
5193
5193
5193
5192
5192
5192
5192
5192
5192
5192
5192
5192
5192
5192
5192
5192
5192
5192
5192
5192
5197
5197
5197
5197
5197
5197
5197
5197
5198
5198
5198
5198
5198
5198
5198
5198
5198
5198
5198
5198
5198
5198
5198
5198
5198
5198
5198
5197
5197
5197
5197
5197
5197
5196
5196
5196
5196
5196
5196
5196
5196
5196
5196
5196
5196
5196
5196
5196
5197
5197
5197
5197
5197
5197
5197
5197
5197
5197
5197
5197
5197
5197
5197
5197
5197
5197
5197
5197
5197
5197
5197
5197
5197
5197
5197
5197
5197
5197
5197
5197
5197
5197
5198
5198
5198
5198
5198
5198
5198
5198
5198
5198
5198
5198
5198
5198
5198
5198
5198
5198
5198
5198
5198
5198
5198
5198
5198
5198
5198
5198
5198
5198
5198
5198
5198
5198
5198
5198
5198
5198
5198
5197
5197
5197
5197
5197
5197
5197
5197
5196
5196
5196
5196
5196
5196
5196
5196
5196
5196
5197
5197
5197
5196
5196
5196
5196
5196
5191
5191
5191
5191
5191
5191
5191
5191
5191
5191
5191
5192
5192
5192
5192
5192
5192
5192
5193
5193
5193
5193
5193
5193
5193
5193
5193
5193
5193
5193
5193
5193
5192
5197
5197
5197
5197
5197
5198
5198
5198
5198
5198
5198
5198
5198
5198
5198
5198
5198
5198
5198
5198
5198
5198
5198
5198
5198
5198
5198
5198
5198
5198
5198
5198
5198
5198
5197
5197
5198
5198
5198
5198
5198
5198
5193
5193
5193
5198
5198
5198
5198
5198
5198
5198
5198
5198
5198
5198
5198
5198
5198
5198
5198
5198
5198
5198
5197
5197
5197
5196
5196
5196
5196
5196
5196
5196
5196
5196
5196
5196
5196
5196
5196
5196
5196
5196
5196
5196
5196
5196
5196
5196
5196
5196
5196
5196
5196
5196
5196
5196
5196
5196
5196
5196
5196
5196
5196
5196
5196
5197
5197
5197
5197
5197
5197
5197
5197
5197
5197
5197
5197
5197
5197
5198
5198
5198
5198
5198
5198
5198
5198
5198
5198
5198
5198
5198
5198
5198
5198
5198
5198
5198
5198
5198
5198
5198
5198
5198
5198
5198
5198
5198
5198
5198
5198
5197
5198
5198
5198
5198
5198
5197
5197
5198
5198
5198
5198
5198
5198
5198
5198
5198
5198
5197
5197
5197
5197
5197
5197
5197
5197
5197
5197
5197
5197
5197
5197
5198
5198
5198
5198
5198
5198
5198
5198
5198
5198
5198
5198
5198
5198
5198
5197
5197
5197
5197
5197
5197
5197
5197
5197
5197
5197
5197
5196
5196
5196
5196
5196
5196
5196
5196
5196
5196
5196
5196
5196
5196
5196
5196
5196
5196
5196
5196
5196
5196
5196
5196
5196
5196
5196
5196
5196
5196
5196
5196
5196
5196
5196
5196
5196
5196
5196
5196
5196
5196
5196
5196
5196
5196
5196
5196
5196
5196
5197
5197
5197
5197
5197
5197
5197
5197
5197
5197
5197
5197
5197
5197
5197
5197
5197
5197
5197
5197
5197
5197
5197
5197
5197
5197
5197
5197
5197
5197
5197
5197
5197
5197
5197
5197
5197
5197
5197
5197
5197
5197
5197
5197
5198
5198
5198
5198
5198
5198
5197
5197
5197
5197
5197
5197
5198
5198
5198
5198
5198
5198
5198
5198
5198
5198
5198
5198
5198
5198
5198
5198
5198
5197
5197
5197
5197
5197
5197
5197
5197
5197
5197
5198
5198
5198
5198
5198
5198
5198
5198
5198
5198
5197
5197
5197
5197
5197
5197
5197
5197
5198
5198
5198
5198
5198
5198
5198
5198
5198
5198
5198
5198
5198
5198
5198
5198
5198
5198
5197
5197
5197
5197
5197
5197
5197
5197
5197
5197
5197
5197
5197
5192
5193
5193
5193
5193
5193
5193
5193
5192
5192
5192
5192
5192
5192
5192
5192
5192
5192
5192
5192
5192
5192
5192
5192
5192
5192
5192
5192
5192
5192
5192
5192
5192
5192
5197
5197
5198
5198
5198
5198
5198
5197
5197
5197
5197
5197
5197
5197
5197
5197
5197
5197
5197
5197
5197
5197
5197
5197
5197
5197
5197
5197
5197
5197
5197
5197
5197
5197
5197
5197
5197
5197
5197
5197
5197
5197
5197
5197
5197
5197
5197
5197
5197
5197
5198
5198
5198
5198
5198
5198
5198
5198
5198
5198
5198
5198
5198
5193
5198
5198
5198
5198
5198
5198
5198
5198
5198
5198
5198
5198
5198
5198
5198
5198
5198
5198
5198
5198
5198
5198
5198
5197
5197
5197
5197
5197
5197
5197
5197
5197
5198
5197
5197
5197
5197
5198
5198
5198
5198
5198
5198
5198
5198
5198
5198
5198
5198
5198
5198
5198
5198
5198
5198
5198
5198
5198
5198
5198
5198
5198
5198
5198
5198
5198
5198
5198
5198
5198
5198
5198
5198
5198
5198
5198
5198
5198
5198
5198
5198
5197
5197
5197
5197
5197
5197
5197
5197
5198
5198
5198
5198
5198
5198
5198
5198
5198
5198
5198
5198
5198
5198
5198
5198
5198
5198
5198
5198
5198
5198
5198
5198
5198
5198
5198
5198
5198
5198
5197
5198
5198
5198
5198
5198
5198
5198
5198
5198
5198
5197
5197
5197
5197
5197
5197
5197
5197
5197
5197
5197
5197
5197
5197
5197
5197
5197
5197
5197
5197
5196
5196
5196
5196
5196
5196
5196
5197
5197
5196
5196
5196
5196
5196
5196
5196
5196
5196
5196
5196
5196
5196
5196
5196
5197
5197
5197
5197
5197
5197
5197
5197
5197
5197
5198
5198
5198
5198
5198
5198
5198
5198
5198
5198
5198
5198
5198
5198
5198
5198
5198
5198
5198
5198
5197
5197
5197
5197
5197
5197
5197
5198
5198
5198
5198
5198
5198
5198
5198
5198
5198
5198
5198
5198
5198
5198
5198
5198
5197
5197
5197
5197
5197
5197
5198
5198
5198
5198
5198
5198
5198
5198
5198
5198
5198
5198
5198
5198
5198
5198
5198
5198
5198
5198
5198
5198
5198
5198
5198
5198
5198
5198
5198
5198
5198
5198
5198
5197
5197
5197
5197
5197
5197
5197
5197
5197
5197
5197
5197
5197
5197
5197
5197
5197
5197
5197
5197
5197
5197
5197
5197
5197
5197
5197
5197
5197
5198
5198
5198
5198
5198
5198
5198
5198
5198
5198
5198
5198
5198
5198
5198
5198
5198
5198
5198
5198
5198
5198
5198
5198
5198
5198
5198
5198
5198
5198
5198
5198
5198
5198
5198
5198
5198
5198
5198
5198
5198
5198
5198
5198
5198
5198
5198
5198
5198
5198
5198
5198
5197
5197
5197
5197
5197
5197
5198
5198
5198
5198
5198
5198
5198
5198
5198
5198
5197
5197
5197
5197
5197
5198
5198
5198
5198
5198
5198
5198
5197
5197
5197
5197
5197
5197
5197
5197
5197
5197
5197
5197
5197
5197
5197
5197
5197
5197
5197
5196
5196
5196
5196
5196
5196
5197
5197
5197
5196
5196
5196
5196
5196
5196
5196
5196
5196
5196
5196
5196
5196
5197
5197
5197
5197
5197
5196
5196
5196
5196
5196
5196
5197
5197
5197
5197
5197
5197
5197
5197
5197
5197
5197
5197
5197
5197
5197
5197
5197
5197
5197
5197
5197
5197
5197
5197
5197
5197
5197
5197
5197
5197
5197
5197
5197
5198
5198
5198
5198
5198
5197
5197
5197
5197
5197
5197
5197
5197
5197
5197
5197
5197
5197
5198
5198
5198
5198
5198
5198
5198
5198
5198
5198
5198
5198
5198
5198
5198
5197
5197
5197
5197
5197
5197
5197
5197
5197
5198
5198
5198
5198
5198
5197
5197
5197
5197
5197
5197
5197
5197
5197
5197
5197
5197
5197
5197
5197
5198
5198
5198
5198
5198
5198
5198
5198
5198
5198
5197
5197
5197
5197
5197
5197
5196
5196
5197
5197
5197
5197
5197
5197
5197
5197
5197
5197
5197
5197
5197
5197
5197
5197
5197
5196
5196
5197
5197
5197
5196
5196
5196
5196
5196
5196
5196
5196
5196
5196
5196
5196
5196
5196
5196
5196
5196
5196
5196
5196
5197
5198
5198
5198
5198
5198
5198
5198
5197
5197
5197
5197
5197
5197
5197
5197
5197
5197
5197
5197
5197
5198
5198
5198
5198
5198
5198
5198
5198
5197
5197
5197
5197
5197
5197
5197
5197
5197
5197
5197
5197
5197
5197
5197
5197
5197
5197
5197
5197
5197
5197
5198
5198
5198
5198
5198
5198
5198
5198
5198
5198
5198
5198
5198
5198
5198
5198
5198
5198
5198
5198
5198
5198
5198
5198
5198
5198
5198
5198
5198
5198
5198
5198
5198
5198
5198
5198
5198
5198
5198
5198
5198
5198
5198
5198
5198
5198
5198
5198
5198
5198
5198
5198
5198
5198
5198
5198
5198
5198
5198
5198
5198
5198
5198
5197
5197
5197
5197
5197
5197
5197
5197
5197
5197
5197
5197
5197
5197
5197
5197
5197
5197
5197
5197
5197
5197
5197
5197
5197
5198
5198
5198
5198
5198
5198
5198
5198
5198
5198
5198
5198
5198
5198
5198
5198
5198
5198
5198
5198
5198
5198
5198
5198
5198
5198
5198
5198
5198
5198
5198
5198
5198
5198
5198
5198
5198
5198
5198
5198
5198
5198
5198
5198
5198
5198
5198
5198
5198
5198
5198
5198
5198
5198
5198
5198
5198
5198
5198
5198
5198
5198
5198
5198
5198
5197
5197
5196
5196
5196
5196
5196
5196
5196
5196
5196
5196
5196
5196
5196
5196
5196
5196
5196
5196
5196
5196
5196
5196
5196
5196
5196
5196
5197
5197
5198
5198
5198
5198
5198
5197
5197
5197
5197
5197
5197
5197
5197
5197
5196
5196
5197
5197
5197
5197
5197
5197
5197
5197
5197
5197
5197
5198
5198
5198
5198
5198
5198
5198
5198
5198
5198
5198
5198
5198
5198
5198
5198
5198
5198
5197
5197
5197
5197
5197
5197
5197
5198
5198
5198
5198
5197
5197
5197
5197
5197
5197
5197
5197
5197
5197
5196
5196
5196
5196
5196
5196
5196
5196
5196
5196
5196
5196
5196
5196
5196
5196
5196
5196
5196
5196
5196
5197
5197
5197
5197
5197
5197
5197
5197
5198
5198
5197
5197
5197
5197
5197
5197
5197
5197
5197
5197
5197
5197
5197
5197
5197
5197
5197
5197
5197
5197
5197
5198
5198
5198
5198
5198
5198
5198
5198
5198
5198
5198
5198
5198
5198
5198
5198
5198
5198
5198
5198
5198
5198
5198
5198
5198
5198
5198
5198
5198
5198
5198
5198
5198
5198
5198
5198
5198
5198
5198
5198
5198
5198
5198
5198
5198
5198
5198
5198
5198
5198
5198
5198
5198
5198
5198
5198
5198
5198
5198
5198
5198
5198
5198
5198
5198
5198
5198
5198
5198
5198
5198
5198
5198
5198
5198
5198
5198
5198
5198
5198
5198
5198
5198
5198
5198
5198
5198
5198
5198
5198
5198
5198
5198
5198
5198
5198
5198
5198
5198
5198
5198
5198
5198
5198
5198
5198
5198
5197
5197
5197
5197
5197
5198
5198
5198
5198
5198
5198
5198
5198
5198
5198
5198
5198
5198
5198
5198
5198
5198
5198
5198
5198
5198
5198
5198
5198
5198
5198
5198
5198
5198
5198
5198
5198
5198
5198
5198
5198
5198
5198
5198
5198
5198
5198
5198
5198
5198
5198
5198
5198
5198
5198
5198
5198
5198
5198
5198
5198
5198
5198
5198
5198
5197
5197
5197
5197
5197
5197
5197
5196
5196
5196
5196
5196
5196
5197
5197
5197
5197
5197
5197
5197
5197
5197
5197
5197
5197
5197
5197
5197
5197
5197
5197
5197
5197
5197
5197
5197
5197
5197
5197
5197
5197
5197
5197
5197
5197
5197
5197
5197
5197
5197
5197
5197
5197
5197
5198
5198
5198
5198
5198
5198
5198
5198
5198
5198
5198
5198
5198
5198
5198
5198
5198
5198
5198
5198
5198
5198
5198
5198
5198
5198
5198
5198
5198
5198
5198
5197
5197
5197
5197
5197
5197
5197
5197
5197
5197
5197
5197
5197
5197
5197
5197
5197
5198
5198
5198
5198
5198
5198
5198
5198
5198
5198
5198
5198
5198
5198
5198
5198
5198
5198
5198
5198
5198
5198
5198
5198
5198
5198
5198
5198
5198
5198
5198
5198
5198
5198
5198
5198
5198
5198
5198
5198
5198
5198
5198
5198
5198
5198
5198
5198
5198
5198
5198
5198
5198
5198
5198
5198
5198
5198
5198
5198
5198
5198
5197
5197
5197
5197
5197
5198
5198
5198
5198
5198
5198
5198
5198
5198
5198
5198
5198
5198
5198
5198
5198
5198
5198
5198
5198
5198
5198
5198
5198
5198
5198
5198
5198
5198
5198
5198
5198
5198
5198
5198
5198
5198
5198
5198
5198
5198
5198
5198
5198
5198
5198
5198
5198
5198
5198
5198
5198
5198
5198
5198
5198
5198
5198
5198
5198
5198
5198
5198
5198
5198
5198
5198
5198
5198
5198
5198
5198
5198
5198
5198
5198
5198
5198
5198
5198
5198
5198
5198
5198
5198
5198
5198
5198
5198
5198
5198
5198
5198
5197
5197
5197
5197
5197
5197
5197
5197
5197
5197
5197
5197
5197
5198
5198
5198
5198
5198
5198
5198
5198
5198
5198
5198
5198
5197
5197
5197
5197
5197
5197
5197
5197
5197
5197
5197
5197
5197
5197
5197
5197
5197
5198
5198
5198
5198
5198
5198
5198
5198
5198
5198
5198
5198
5198
5198
5198
5198
5198
5198
5198
5198
5198
5198
5198
5198
5198
5198
5198
5198
5198
5198
5198
5198
5198
5198
5198
5198
5198
5198
5198
5198
5198
5198
5198
5198
5198
5198
5198
5198
5198
5198
5198
5198
5198
5198
5198
5198
5198
5198
5198
5198
5198
5198
5198
5198
5198
5198
5198
5198
5198
5198
5198
5198
5197
5197
5197
5197
5197
5197
5197
5197
5197
5197
5197
5197
5197
5197
5197
5197
5197
5197
5197
5197
5197
5197
5197
5197
5197
5197
5197
5197
5198
5198
5198
5198
5198
5198
5198
5198
5198
5198
5198
5198
5198
5198
5198
5198
5198
5198
5198
5198
5198
5198
5198
5198
5198
5198
5198
5198
5198
5198
5198
5198
5198
5198
5198
5198
5198
5198
5198
5198
5198
5198
5198
5198
5198
5198
5198
5198
5198
5198
5198
5198
5198
5198
5198
5198
5198
5198
5198
5197
5197
5197
5197
5198
5198
5198
5198
5198
5198
5198
5198
5198
5198
5198
5198
5198
5198
5198
5198
5198
5198
5198
5198
5198
5198
5198
5198
5198
5198
5198
5198
5198
5198
5198
5198
5198
5198
5198
5198
5198
5198
5198
5198
5198
5198
5198
5198
5198
5198
5198
5198
5198
5198
5198
5198
5198
5198
5198
5198
5198
5198
5198
5198
5198
5198
5198
5198
5198
5198
5198
5198
5198
5198
5198
5198
5198
5198
5198
5198
5198
5198
5198
5198
5198
5198
5198
5198
5198
5198
5198
5198
5198
5198
5198
5198
5198
5198
5198
5198
5198
5198
5198
5198
5198
5198
5198
5198
5198
5198
5198
5198
5198
5198
5198
5198
5198
5198
5198
5198
5197
5197
5197
5197
5197
5198
5198
5198
5198
5198
5198
5198
5198
5198
5198
5198
5198
5198
5198
5198
5198
5198
5198
5198
5198
5198
5198
5198
5198
5198
5198
5198
5198
5198
5198
5198
5198
5198
5198
5198
5198
5198
5198
5198
5198
5198
5198
5198
5198
5198
5198
5198
5198
5198
5198
5198
5198
5198
5198
5198
5198
5198
5198
5198
5198
5198
5198
5198
5198
5198
5198
5197
5197
5197
5197
5198
5198
5198
5198
5198
5198
5198
5198
5198
5198
5198
5198
5198
5198
5198
5198
5198
5198
5198
5198
5198
5198
5198
5198
5198
5198
5198
5198
5198
5198
5198
5198
5198
5198
5198
5198
5198
5198
5198
5198
5198
5198
5198
5198
5198
5198
5198
5198
5198
5198
5198
5198
5198
5198
5198
5197
5197
5197
5197
5198
5198
5198
5198
5198
5198
5198
5198
5198
5198
5198
5198
5198
5198
5198
5198
5198
5198
5198
5198
5198
5198
5198
5198
5198
5198
5198
5198
5198
5198
5198
5198
5198
5198
5198
5198
5198
5198
5198
5198
5198
5198
5198
5198
5198
5198
5198
5198
5198
5198
5198
5198
5198
5198
5198
5198
5198
5198
5198
5198
5198
5198
5198
5198
5198
5198
5198
5198
5198
5198
5198
5198
5198
5198
5198
5198
5198
5198
5198
5198
5198
5198
5198
5198
5198
5198
5198
5198
5198
5198
5198
5198
5198
5198
5198
5198
5198
5198
5198
5198
5198
5198
5198
5198
5198
5198
5198
5198
5198
5198
5198
5198
5198
5198
5198
5198
5198
5198
5198
5198
5198
5198
5198
5198
5198
5198
5198
5198
5198
5198
5198
5198
5198
5198
5198
5198
5198
5198
5198
5198
5198
5198
5198
5198
5198
5198
5198
5198
5198
5198
5198
5198
5198
5198
5198
5198
5198
5198
5198
5198
5198
5198
5198
5198
5198
5198
5198
5198
5198
5198
5198
5198
5198
5198
5198
5198
5198
5198
5198
5198
5198
5198
5198
5198
5198
5198
5198
5198
5198
5198
5198
5198
5198
5198
5198
5198
5198
5198
5198
5198
5198
5198
5198
5198
5198
5198
5198
5198
5198
5198
5198
5198
5198
5198
5198
5198
5198
5198
5198
5198
5197
5197
5197
5197
5197
5197
5197
5197
5197
5197
5197
5197
5197
5197
5197
5197
5197
5197
5197
5197
5197
5197
5198
5198
5198
5198
5198
5198
5198
5198
5198
5198
5198
5198
5198
5198
5198
5198
5198
5198
5198
5198
5198
5198
5198
5198
5198
5198
5198
5198
5198
5198
5198
5198
5198
5198
5198
5198
5198
5198
5198
5198
5198
5198
5198
5198
5198
5198
5198
5198
5198
5198
5198
5198
5198
5198
5198
5198
5198
5198
5198
5198
5198
5198
5198
5198
5198
5198
5198
5198
5198
5198
5198
5198
5198
5198
5198
5198
5198
5198
5198
5198
5198
5198
5198
5198
5198
5198
5198
5198
5198
5198
5198
5198
5198
5198
5198
5198
5198
5198
5198
5198
5198
5198
5198
5198
5198
5198
5198
5198
5198
5198
5198
5198
5198
5198
5198
5198
5198
5198
5198
5198
5198
5198
5198
5198
5198
5198
5198
5198
5198
5198
5198
5198
5198
5198
5198
5198
5198
5198
5198
5198
5198
5198
5198
5198
5198
5198
5198
5198
5198
5198
5198
5198
5198
5198
5198
5198
5198
5198
5198
5198
5198
5198
5198
5198
5198
5198
5198
5198
5198
5198
5198
5198
5198
5198
5198
5198
5198
5198
5198
5198
5198
5198
5198
5198
5198
5198
5198
5198
5198
5198
5198
5198
5198
5198
5198
5198
5198
5198
5198
5197
5197
5197
5197
5197
5197
5197
5197
5197
5197
5197
5197
5197
5197
5197
5197
5197
5197
5197
5197
5197
5197
5198
5198
5198
5198
5198
5198
5198
5198
5198
5198
5198
5198
5198
5198
5198
5198
5198
5198
5198
5198
5198
5198
5198
5198
5198
5198
5198
5198
5198
5198
5198
5198
5198
5198
5198
5198
5198
5198
5198
5198
5198
5198
5198
5198
5198
5198
5198
5198
5198
5198
5198
5198
5198
5198
5198
5198
5198
5198
5198
5198
5198
5198
5198
5198
5198
5198
5198
5198
5198
5198
5198
5198
5198
5198
5198
5198
5198
5198
5198
5198
5198
5198
5198
5198
5198
5198
5198
5198
5198
5198
5198
5198
5198
5198
5198
5198
5198
5198
5198
5198
5198
5198
5198
5198
5198
5198
5198
5198
5198
5198
5198
5198
5198
5198
5198
5198
5198
5198
5198
5198
5198
5198
5198
5198
5198
5198
5198
5198
5198
5198
5198
5198
5198
5198
5198
5198
5198
5198
5198
5198
5198
5198
5198
5198
5198
5198
5198
5198
5198
5198
5198
5198
5198
5198
5198
5198
5198
5198
5198
5198
5198
5198
5198
5198
5198
5198
5198
5198
5198
5198
5198
5198
5198
5198
5198
5198
5198
5198
5198
5198
5198
5198
5198
5198
5198
5198
5198
5198
5198
5198
5198
5198
5198
5198
5198
5198
5198
5198
5198
5198
5198
5198
5198
5198
5198
5198
5198
5198
5198
5198
5198
5198
5198
5198
5198
5198
5198
5198
5198
5198
5198
5198
5198
5198
5197
5197
5197
5197
5197
5197
5197
5197
5197
5197
5197
5197
5197
5197
5197
5197
5197
5197
5197
5197
5197
5197
5198
5198
5198
5198
5198
5198
5198
5198
5198
5198
5198
5198
5198
5198
5198
5198
5198
5198
5198
5198
5198
5198
5198
5198
5198
5198
5198
5198
5198
5198
5198
5198
5198
5198
5198
5198
5198
5198
5198
5198
5198
5198
5198
5198
5198
5198
5198
5198
5198
5198
5198
5198
5198
5198
5198
5198
5198
5198
5198
5198
5198
5198
5198
5198
5198
5198
5198
5198
5198
5198
5198
5198
5198
5198
5198
5198
5198
5198
5198
5198
5198
5198
5198
5198
5198
5198
5198
5198
5198
5198
5198
5198
5198
5198
5198
5198
5198
5198
5198
5198
5198
5198
5198
5198
5198
5198
5198
5198
5198
5198
5198
5198
5198
5198
5198
5198
5198
5198
5198
5198
5198
5198
5198
5198
5198
5198
5198
5198
5197
5197
5197
5197
5198
5198
5198
5198
5198
5198
5198
5198
5198
5198
5198
5198
5198
5198
5198
5198
5198
5198
5198
5198
5198
5198
5198
5198
5198
5198
5198
5198
5198
5198
5198
5198
5198
5198
5198
5198
5198
5198
5198
5198
5198
5198
5198
5198
5198
5198
5198
5198
5198
5198
5198
5198
5198
5198
5198
5198
5198
5198
5198
5198
5198
5198
5198
5198
5198
5198
5198
5198
5198
5198
5198
5198
5198
5198
5198
5198
5198
5198
5198
5198
5198
5198
5198
5198
5198
5198
5198
5198
5198
5198
5198
5198
5198
5198
5198
5198
5198
5198
5198
5198
5198
5198
5198
5198
5198
5198
5198
5198
5198
5198
5198
5198
5198
5197
5197
5197
5197
5197
5197
5197
5197
5197
5198
5198
5198
5198
5198
5198
5198
5198
5198
5198
5198
5198
5198
5198
5198
5198
5198
5198
5198
5198
5198
5198
5198
5198
5198
5198
5198
5198
5198
5198
5198
5198
5198
5198
5198
5198
5198
5198
5198
5198
5198
5198
5198
5198
5198
5198
5198
5198
5198
5198
5198
5198
5198
5198
5198
5198
5198
5198
5198
5198
5198
5198
5198
5198
5198
5198
5198
5198
5198
5198
5198
5198
5198
5198
5198
5198
5198
5198
5198
5198
5198
5198
5198
5198
5198
5198
5198
5198
5198
5198
5198
5198
5198
5198
5198
5198
5198
5198
5198
5198
5198
5198
5198
5198
5198
5198
5198
5198
5198
5198
5198
5198
5198
5198
5198
5198
5198
5198
5198
5198
5198
5198
5198
5198
5198
5198
5198
5198
5198
5198
5198
5198
5198
5198
5198
5198
5198
5198
5198
5198
5198
5198
5198
5198
5198
5198
5198
5198
5198
5198
5198
5198
5198
5198
5198
5198
5198
5198
5198
5198
5198
5198
5198
5198
5198
5198
5198
5198
5198
5198
5198
5198
5198
5198
5198
5198
5198
5198
5198
5198
5198
5198
5198
5198
5198
5198
5198
5198
5198
5198
5198
5198
5198
5198
5198
5198
5198
5198
5198
5198
5198
5198
5198
5198
5198
5198
5198
5198
5198
5198
5198
5198
5198
5198
5198
5198
5198
5198
5198
5198
5198
5198
5198
5198
5198
5198
5198
5198
5198
5198
5198
5198
5198
5198
5198
5198
5198
5198
5198
5198
5198
5198
5198
5198
5198
5198
5198
5198
5198
5198
5198
5198
5198
5198
5198
5198
5198
5198
5198
5198
5198
5198
5198
5198
5198
5198
5198
5198
5198
5198
5198
5198
5198
5198
5198
5198
5198
5198
5198
5198
5198
5198
5198
5198
5198
5198
5198
5198
5198
5198
5198
5198
5198
5198
5198
5198
5198
5198
5198
5198
5198
5198
5198
5198
5198
5198
5198
5198
5198
5198
5198
5198
5198
5198
5198
5198
5198
5198
5198
5198
5198
