5112
5128
5388
5627
5627
5677
5728
5828
5436
4945
4561
4322
3964
4455
4864
5222
4962
5244
5194
5586
5024
5284
5668
5907
5908
5524
5523
6085
5630
6014
5523
5241
4857
4618
4618
4358
4618
4263
4718
4156
4540
4540
4540
4895
4795
4437
4537
4486
4536
4152
4434
4435
4926
5165
4833
4573
4164
4064
4448
4166
4165
4165
3781
4041
3550
4041
4603
4885
4835
4835
5219
5628
5628
5629
5138
5629
5067
5067
4683
5067
5399
5757
5425
4774
4825
4543
5194
5193
4801
4392
3943
3704
3986
4225
4226
3868
4200
3940
3289
3289
2934
2934
3343
3994
4386
3703
3464
4026
4076
4315
4415
4415
4415
4365
3874
3419
3777
3761
3710
3709
4064
4519
4161
4844
4512
4772
4533
4533
4533
4533
3882
3933
3983
3883
4122
4122
4222
4554
4554
5205
4821
4489
4489
4821
4721
4670
4670
4315
4806
4756
4756
4517
4568
4568
4006
3614
4176
4531
4531
4531
4531
4532
4532
4890
4207
4446
4546
4562
4562
4511
3860
3621
3672
3340
3732
3716
4048
3693
3743
3742
3642
3642
3643
3643
3659
3659
3759
3367
2912
2421
2421
2139
2588
2588
2328
1996
1638
2289
2549
2881
3236
2585
2485
2485
2869
2868
3226
3465
3465
3920
3588
3589
3589
3573
3573
3573
3522
4013
3604
3365
3774
3825
3824
3840
3385
3624
4307
3745
4307
4762
4711
4811
4795
4811
5203
4811
4811
4320
4081
4132
3723
3707
4198
4147
4539
4539
4439
4389
5040
5279
5279
5379
5379
5119
4727
5009
4326
4327
4736
4736
4736
4996
4736
4786
4686
4404
4796
4896
4487
4487
4747
5029
5029
5712
5662
5304
5044
5044
5094
4710
5042
5400
5300
4809
5193
5209
5209
5618
5618
5602
6093
6092
5441
5441
5492
5492
5253
4898
5158
5397
5005
5006
4724
4724
4724
4366
4366
4316
4598
4266
4215
4573
4965
4965
4965
5616
5258
5257
5612
5944
5495
5944
5560
5228
5228
5560
5560
5560
5321
5322
4990
4635
4735
4735
5090
5090
5090
4407
4457
4175
4457
4815
4866
4816
5200
5532
5174
5190
5240
4848
5087
4987
4748
4748
4748
4987
4986
4936
5294
4845
4490
4490
4882
4231
4914
4863
4864
4625
4609
5058
5058
4496
4496
4512
4103
3711
3711
3811
3862
4424
4408
3917
4408
4408
4408
4408
4024
4024
4024
3569
3568
3568
3119
3511
3229
3279
3280
3729
3968
3406
3406
3968
3968
4423
4423
4372
4272
4288
4339
3777
3322
3322
3322
3731
3715
3715
4366
4721
4366
4106
4561
4661
4561
4916
4524
4524
4523
4523
4191
4191
4191
4575
4591
4591
4851
4852
4836
4835
4835
4477
3794
3795
3794
3743
4135
3644
4206
4697
5055
4606
4556
4556
4556
4556
4101
4101
4101
4383
4383
4838
4838
5170
5619
5619
5619
5164
5164
5847
5608
5847
5489
5134
4643
4311
4051
4409
3960
4060
4060
4060
4060
4076
4076
4525
4525
4133
4183
4183
3825
3825
4180
3731
3731
3782
3782
3782
3782
3782
3782
4042
4042
4042
4042
4434
4079
4079
3840
3840
3790
3790
3840
4172
4072
4072
3688
3688
3672
3672
3672
3672
3672
3390
3130
3146
3246
3246
2684
3139
3139
3588
3946
3946
4206
4206
4207
4591
5153
5435
5435
5419
5419
5319
5319
5319
5319
5318
5334
5334
5334
5689
5690
5929
5929
5879
5470
5470
5454
5403
5403
5403
5453
5453
5944
5943
5943
5494
5494
5039
4707
4758
4758
4758
4758
5167
4928
4544
4544
3893
3842
3842
3842
3842
3842
3842
3893
4132
4132
4232
4248
3893
3893
4348
4999
4999
4590
4591
4923
4923
4922
4922
5371
5371
5321
5321
5705
5705
6114
6469
6469
6453
5891
5891
5892
5892
5892
5560
5560
5560
5460
5460
5460
5460
5460
5460
5409
5409
5409
5425
4934
5496
5496
5480
5480
5812
5812
5573
5573
5812
5363
5379
5379
5479
5530
5530
5530
5530
5530
5530
5270
5270
5270
5219
5219
5119
5119
5119
5119
5119
5610
5710
5970
5970
5970
5970
5479
5124
5108
5108
4716
4716
5207
5562
5562
5561
5561
5561
5611
5611
5611
5611
5611
5120
5120
4881
4897
4897
4637
4637
4637
4876
4876
4877
4876
4876
4492
4492
4492
4493
4492
4543
4543
4935
4935
4884
5333
5333
5333
5333
5333
5333
5333
5333
5334
5284
5544
5595
5595
5263
5263
5754
6138
6138
5878
6138
6122
6122
6071
6071
6071
5679
6071
5713
5764
6122
6122
5673
5723
5672
5314
5763
5763
5524
5242
5293
5651
5650
5599
5339
5340
4885
4885
5340
5622
5954
5954
5954
6005
6021
6281
6021
6021
6021
5921
5921
5921
5905
5905
5905
6165
6165
6165
6165
6114
6114
5756
5756
5756
5756
5772
5772
5772
6130
5775
5493
5493
5775
6130
6130
5681
5680
5680
5780
5780
5831
5815
5815
5460
5815
5764
5780
5680
5731
5373
5373
4964
5322
5322
5272
5681
5731
5732
5681
5681
5297
5297
5297
5297
5297
5297
5297
5297
5247
5247
5297
5536
5536
5181
5181
5536
5536
5297
5681
5681
5681
5631
5273
5722
5722
5367
5417
5417
5008
5059
5009
5364
5364
5364
5313
5313
5313
5313
5313
5413
5081
4981
5031
4771
4771
4771
4771
4771
4771
4771
4771
5129
5129
5129
5389
5721
5721
5721
6130
6130
6130
6114
5463
6114
6130
6181
6181
6181
6181
6181
6181
6181
5530
5769
5718
5718
5718
5718
5717
5333
5333
5717
5717
5817
5817
5817
5817
5817
5817
5817
5817
5717
5717
5701
5651
5651
5651
5651
5651
5651
5651
5702
5702
6353
6353
6353
6353
6353
6302
6302
6302
6302
6302
6318
6318
6368
6368
6369
6087
6187
6469
6469
6469
6469
6469
6469
6520
6520
6520
6520
6420
6369
6037
5653
5637
5637
5637
6021
6021
6021
6021
6021
5761
6021
6037
6037
6037
6037
6037
6037
6037
6037
6369
6319
6319
6319
6319
6319
6319
6319
6319
6319
6319
5870
5870
5870
5870
5870
5870
5870
5870
5870
5870
5921
5971
5971
5971
5921
5921
5921
5921
6370
6131
5640
5640
5640
5690
5430
5921
5921
5921
5921
6181
6181
6181
6181
6181
6181
6181
6181
6181
6181
6181
6181
6281
6281
6231
6231
6231
6215
5857
5857
5857
5857
5857
5857
5857
6215
6215
6454
6504
6503
6452
6402
6402
6418
6418
6418
6418
6418
6418
6418
6418
6402
6302
6302
6402
6402
6418
6418
6418
6418
6418
6418
6402
6402
6403
6403
6403
6403
6403
6419
6419
6418
6418
6418
6418
6469
6519
6519
6519
6519
6519
6519
6519
6519
6520
6504
6504
6146
6146
6146
6146
6096
6146
6146
6146
6146
6146
6146
6146
6145
6145
6145
6094
6110
6110
6060
6418
6418
6418
6419
6419
6419
6419
6470
6470
6470
6470
6454
6454
6504
6504
6172
6172
6172
6172
6172
6172
6172
6172
6172
6171
6171
6171
6171
6171
6171
6171
6171
6171
6171
6503
6504
6504
6504
6504
6504
6504
6504
6504
6504
6504
6504
6504
6504
6504
6504
6504
6504
6503
6503
6503
6503
6519
6469
6519
6519
6519
6519
6519
6519
6519
6519
6519
6519
6519
6519
6503
6503
6452
6452
6452
6452
6452
6503
6503
6503
6503
6503
6503
6503
6503
6503
6503
6503
6503
6503
6503
6503
6503
6503
6503
6503
6503
6403
6403
6403
6403
6403
6403
6403
6403
6403
6403
6403
6403
6403
6403
6403
6403
6403
6403
6403
6404
6353
6303
6303
6354
6354
6354
6354
6303
6303
6302
6302
6302
6302
6302
6302
6302
6302
6302
6302
6302
6302
6352
6352
6352
6353
6369
6369
6369
6369
6369
6369
6368
6368
6368
6368
6369
6420
6419
6419
6419
6419
6419
6419
6419
6419
6419
6419
6419
6419
6419
6419
6419
6419
6419
6419
6419
6368
6368
6368
6368
6368
6368
6368
6368
6368
6368
6368
6368
6368
6368
6368
6368
6368
6368
6368
6352
6352
6452
6452
6352
6352
6352
6352
6352
6352
6352
6352
6352
6352
6352
6352
6352
6352
6452
6452
6452
6452
6452
6452
6452
6452
6452
6452
6452
6452
6452
6452
6452
6452
6352
6352
6352
6352
6352
6352
6352
6352
6352
6352
6352
6352
6452
6352
6352
6352
6352
6352
6352
6352
6352
6352
6352
6352
6352
6352
6352
6352
6368
6368
6368
6368
6368
6368
6369
6369
6369
6369
6369
6369
6369
6369
6369
6369
6353
6353
6369
6369
6469
6469
6469
6469
6468
6468
6468
6468
6468
6468
6468
6418
6418
6418
6418
6469
6469
6469
6469
6469
6469
6469
6469
6469
6470
6470
6469
6469
6470
6419
6403
6403
6402
6418
6418
6418
6418
6418
6468
6468
6468
6469
6469
6469
6469
6469
6469
6453
6453
6453
6453
6403
6419
6419
6419
6419
6419
6469
6469
6469
6469
6469
6469
6520
6520
6520
6520
6520
6520
6520
6520
6520
6520
6504
6504
6504
6504
6504
6503
6503
6403
6403
6403
6403
6403
6403
6403
6404
6504
6504
6504
6504
6504
6504
6504
6504
6504
6520
6520
6519
6519
6519
6520
6520
6520
6520
6520
6520
6520
6520
6504
6504
6504
6504
6504
6504
6520
6520
6520
6520
6519
6519
6519
6519
6519
6519
6468
6519
6519
6519
6519
6519
6519
6519
6519
6519
6503
6503
6504
6504
6504
6504
6504
6504
6504
6504
6504
6504
6504
6503
6403
6403
6403
6403
6403
6419
6419
6419
6369
6369
6369
6369
6369
6369
6369
6369
6369
6369
6369
6369
6369
6369
6369
6369
6369
6369
6369
6469
6469
6469
6469
6469
6469
6453
6453
6453
6454
6454
6454
6454
6454
6454
6454
6454
6454
6454
6454
6454
6454
6454
6454
6454
6454
6454
6454
6454
6454
6454
6454
6454
6454
6454
6454
6454
6470
6470
6470
6470
6470
6454
6454
6454
6403
6403
6403
6403
6403
6403
6403
6403
6403
6403
6403
6402
6403
6403
6403
6403
6403
6453
6453
6453
6453
6453
6453
6453
6453
6453
6453
6453
6453
6452
6503
6503
6503
6504
6504
6504
6504
6504
6504
6504
6504
6504
6504
6504
6504
6504
6504
6504
6504
6504
6504
6504
6504
6504
6504
6504
6504
6504
6504
6504
6504
6504
6504
6504
6504
6504
6504
6504
6504
6503
6503
6503
6503
6503
6503
6503
6503
6403
6403
6403
6403
6403
6403
6403
6403
6503
6503
6503
6503
6503
6504
6504
6504
6504
6504
6504
6504
6504
6504
6503
6503
6503
6503
6503
6503
6503
6503
6503
6519
6519
6503
6503
6503
6503
6503
6503
6503
6503
6503
6503
6503
6503
6503
6403
6403
6403
6419
6419
6419
6419
6419
6419
6419
6419
6419
6419
6419
6369
6369
6369
6369
6369
6369
6419
6419
6419
6419
6419
6419
6420
6369
6369
6369
6369
6369
6369
6369
6369
6368
6368
6352
6352
6352
6352
6352
6352
6352
6352
6352
6352
6352
6352
6452
6452
6452
6468
6468
6519
6520
6520
6520
6520
6520
6520
6520
6520
6520
6520
6504
6504
6504
6504
6504
6504
6504
6504
6504
6503
6403
6403
6403
6403
6503
6503
6503
6519
6520
6519
6519
6519
6519
6519
6503
6519
6519
6520
6520
6520
6520
6520
6520
6470
6470
6470
6470
6470
6470
6470
6470
6470
6470
6470
6470
6470
6470
6470
6470
6470
6470
6470
6470
6470
6470
6470
6470
6470
6520
6520
6520
6520
6520
6520
6520
6520
6520
6520
6520
6520
6520
6520
6520
6520
6520
6520
6520
6520
6520
6520
6520
6520
6520
6520
6504
6504
6520
6520
6520
6520
6520
6520
6520
6520
6520
6520
6520
6520
6520
6520
6520
6469
6469
6469
6469
6469
6469
6469
6469
6469
6453
6453
6453
6453
6453
6504
6520
6520
6520
6504
6504
6503
6503
6503
6503
6503
6503
6503
6503
6503
6503
6503
6503
6503
6503
6503
6503
6503
6504
6504
6520
6520
6520
6519
6519
6519
6519
6519
6519
6519
6519
6519
6519
6519
6519
6519
6520
6520
6520
6520
6520
6520
6520
6504
6504
6504
6504
6504
6504
6504
6504
6520
6520
6520
6520
6520
6520
6520
6520
6520
6520
6520
6519
6519
6519
6519
6519
6519
6519
6519
6519
6519
6519
6519
6519
6519
6519
6519
6519
6519
6519
6519
6519
6519
6519
6519
6519
6519
6520
6520
6520
6520
6520
6520
6520
6520
6520
6520
6520
6520
6520
6520
6520
6520
6520
6520
6519
6520
6520
6520
6520
6520
6520
6520
6520
6520
6520
6520
6519
6519
6519
6519
6519
6503
6503
6503
6503
6519
6503
6503
6503
6503
6503
6503
6503
6503
6503
6503
6503
6503
6503
6503
6503
6503
6503
6503
6503
6503
6503
6503
6503
6503
6503
6503
6519
6519
6520
6519
6519
6519
6519
6519
6519
6519
6519
6519
6519
6519
6519
6519
6519
6519
6519
6519
6519
6519
6520
6520
6520
6520
6520
6520
6520
6520
6520
6520
6520
6520
6520
6520
6520
6520
6520
6520
6520
6520
6520
6520
6520
6520
6520
6520
6520
6520
6520
6520
6520
6519
6519
6519
6519
6519
6519
6519
6519
6519
6519
6519
6519
6519
6519
6519
6519
6519
6519
6519
6519
6519
6519
6519
6519
6519
6519
6519
6519
6519
6519
6519
6519
6519
6519
6519
6519
6519
6519
6519
6519
6519
6519
6519
6519
6519
6520
6520
6520
6520
6519
6519
6519
6519
6519
6519
6519
6519
6519
6519
6519
6519
6519
6519
6519
6519
6519
6519
6519
6519
6519
6519
6519
6519
6519
6519
6519
6519
6519
6519
6519
6519
6519
6519
6519
6519
6519
6519
6519
6519
6519
6519
6519
6519
6519
6519
6519
6520
6520
6520
6520
6520
6520
6520
6520
6520
6520
6520
6520
6520
6520
6520
6520
6520
6520
6520
6520
6520
6520
6520
6520
6520
6520
6520
6519
6519
6519
6520
6520
6520
6520
6519
6519
6519
6519
6519
6519
6519
6519
6520
6520
6520
6519
6519
6519
6519
6519
6519
6519
6519
6519
6519
6519
6519
6519
6519
6519
6519
6519
6519
6519
6519
6519
6519
6519
6519
6519
6519
6519
6519
6519
6519
6519
6519
6519
6519
6519
6519
6520
6520
6520
6520
6520
6520
6520
6520
6520
6520
6520
6519
6519
6519
6519
6519
6519
6519
6519
6519
6519
6519
6519
6519
6519
6519
6519
6519
6519
6519
6519
6519
6519
6519
6519
6519
6519
6519
6519
6519
6519
6519
6519
6519
6519
6519
6519
6520
6520
6520
6520
6519
6519
6519
6519
6519
6520
6520
6520
6520
6520
6520
6520
6520
6520
6520
6520
6520
6520
6520
6520
6520
6520
6520
6520
6520
6520
6520
6520
6520
6520
6520
6520
6520
6520
6520
6520
6520
6520
6520
6520
6520
6520
6520
6520
6520
6520
6520
6520
6520
6520
6520
6520
6520
6520
6520
6520
6520
6520
6520
6520
6520
6520
6520
6520
6520
6520
6520
6520
6520
6520
6520
6520
6520
6520
6520
6520
6520
6520
6520
6520
6520
6520
6520
6520
6520
6520
6520
6520
6520
6520
6520
6519
6519
6519
6519
6519
6519
6519
6519
6519
6519
6519
6519
6519
6519
6519
6519
6519
6520
6520
6520
6520
6520
6520
6520
6520
6520
6520
6520
6520
6520
6520
6520
6520
6520
6520
6520
6520
6520
6520
6520
6520
6520
6520
6520
6520
6520
6519
6519
6520
6520
6520
6520
6520
6519
6519
6519
6520
6520
6520
6520
6520
6519
6519
6519
6519
6519
6519
6519
6519
6519
6519
6519
6519
6519
6519
6519
6519
6519
6519
6519
6519
6519
6519
6519
6519
6519
6519
6519
6519
6519
6519
6519
6519
6519
6519
6519
6519
6519
6519
6519
6519
6519
6519
6520
6520
6520
6520
6520
6520
6520
6520
6520
6520
6520
6520
6520
6520
6520
6519
6519
6520
6520
6520
6520
6520
6520
6520
6520
6520
6520
6520
6520
6520
6520
6520
6520
6520
6520
6520
6520
6520
6520
6520
6520
6520
6520
6520
6520
6520
6520
6520
6520
6520
6520
6520
6520
6520
6520
6520
6520
6520
6520
6520
6520
6520
6520
6520
6520
6520
6520
6520
6520
6520
6520
6520
6520
6519
6519
6519
6520
6520
6520
6520
6520
6520
6520
6520
6520
6520
6520
6520
6520
6520
6520
6520
6520
6520
6520
6520
6520
6520
6520
6520
6520
6520
6520
6520
6520
6520
6520
6520
6520
6520
6520
6520
6520
6520
6520
6520
6520
6520
6519
6519
6519
6519
6519
6519
6519
6519
6519
6519
6519
6520
6520
6520
6520
6520
6520
6520
6520
6520
6520
6520
6520
6520
6520
6520
6520
6519
6519
6519
6519
6519
6519
6519
6519
6519
6519
6519
6519
6519
6519
6519
6519
6519
6519
6519
6519
6519
6519
6519
6519
6519
6519
6519
6519
6519
6519
6520
6520
6520
6520
6520
6520
6520
6520
6520
6520
6520
6520
6520
6520
6520
6520
6520
6520
6520
6520
6520
6520
6520
6520
6520
6520
6520
6520
6520
6520
6520
6520
6520
6520
6520
6520
6520
6519
6519
6519
6519
6519
6519
6519
6519
6519
6519
6519
6519
6519
6519
6519
6519
6519
6519
6519
6519
6519
6519
6519
6519
6519
6519
6519
6519
6519
6520
6520
6520
6520
6520
6520
6519
6519
6519
6519
6519
6519
6519
6519
6520
6520
6520
6520
6520
6520
6520
6520
6520
6520
6520
6520
6520
6520
6520
6520
6520
6520
6520
6520
6520
6520
6520
6520
6520
6520
6520
6520
6520
6520
6520
6520
6520
6520
6520
6520
6520
6520
6520
6520
6520
6519
6519
6519
6519
6519
6519
6519
6519
6519
6519
6519
6519
6519
6519
6519
6519
6519
6519
6519
6519
6519
6519
6519
6519
6519
6520
6520
6520
6520
6520
6520
6520
6520
6520
6520
6520
6520
6520
6520
6520
6520
6520
6520
6520
6520
6520
6520
6520
6520
6520
6520
6520
6520
6520
6520
6520
6520
6520
6520
6520
6520
6520
6520
6520
6520
6520
6520
6520
6520
6520
6520
6520
6520
6520
6520
6520
6520
6520
6520
6520
6520
6520
6520
6520
6520
6520
6520
6520
6520
6520
6520
6520
6520
6520
6520
6520
6520
6520
6520
6520
6520
6520
6520
6520
6520
6519
6519
6519
6519
6519
6519
6519
6520
6520
6520
6520
6520
6520
6520
6520
6520
6520
6520
6520
6520
6520
6520
6520
6520
6520
6520
6520
6520
6520
6520
6520
6520
6520
6520
6520
6520
6520
6520
6520
6520
6520
6520
6520
6520
6520
6520
6520
6520
6520
6520
6520
6520
6520
6520
6520
6520
6520
6520
6520
6519
6519
6519
6520
6520
6520
6520
6520
6520
6520
6520
6520
6520
6520
6520
6520
6520
6520
6520
6520
6520
6520
6520
6520
6520
6520
6520
6520
6520
6520
6520
6520
6520
6520
6520
6520
6520
6520
6520
6520
6520
6520
6520
6520
6520
6520
