2112
2283
2283
2283
2283
2106
1883
2060
2060
2061
2060
2060
1889
1718
1718
1941
1738
1738
1541
1712
1909
1745
1745
1745
1948
1784
1948
1948
1949
1950
1747
1918
1919
1605
1632
1631
1631
1460
1461
1625
1461
1462
1463
1135
1108
1107
1107
936
1264
1263
1427
1204
1203
1374
1375
1375
1376
1179
1343
1015
838
674
871
872
708
879
1102
1101
1278
1279
1108
1311
1475
1474
1310
1311
1134
1311
1312
1311
1312
1483
1510
1511
1484
1798
1962
1961
1960
1796
1960
1959
1959
1782
1959
2287
2116
2117
2288
2117
2144
1967
1770
1771
1607
1293
1470
1469
1246
1245
1244
1408
1408
1244
1558
1722
1721
1518
1519
1520
1343
1344
1030
859
695
695
695
866
1030
1030
1207
1043
1207
1208
1372
1371
1043
1042
1356
1357
1528
1528
1856
1679
1365
1364
1567
1403
1239
1416
1213
1416
1613
1436
1436
1233
1234
1234
1398
1621
1824
1601
1600
1599
1396
1396
1619
1455
1232
1546
1375
1211
1040
1039
1040
1041
1014
1185
1388
1191
1388
1388
1191
1020
692
889
890
1067
864
687
714
714
687
858
857
858
858
544
708
709
708
544
544
858
857
856
883
883
882
883
1211
1212
1383
1382
1383
1586
1559
1723
1559
1782
1783
1782
1946
1723
1724
1396
1619
1646
1646
1646
1645
1646
1646
1647
1646
1645
1809
2137
2136
2137
1823
1822
1822
1795
1822
1823
1822
1821
1650
1486
1487
1664
1665
1666
1639
1953
1954
1790
1789
1953
1953
1782
1781
1610
1610
1637
1414
1578
1414
1415
1586
1415
1415
1416
1639
1462
1461
1147
1318
1489
1488
1317
1316
988
1302
1479
1480
1481
1481
1480
1644
1645
1644
1480
1481
1304
1304
1303
1467
1264
1441
1612
1441
1442
1442
1441
1264
1263
1040
1041
1040
1041
1014
850
1027
1191
1190
1189
1188
1188
1189
1190
1191
1394
1223
1222
1058
744
743
914
913
1227
1398
1569
1570
1734
1735
1571
1572
1795
2123
2150
1822
1986
1783
1784
1613
1586
1363
1192
1015
1238
1238
1237
1237
1565
1565
1565
1564
1563
1766
1767
1564
1735
1734
1563
1564
1236
1439
1268
1295
1072
1236
1235
921
922
921
894
894
895
1066
1065
1065
901
900
1228
1228
1229
1229
1058
1229
1230
1229
1452
1451
1254
1090
1117
914
914
915
914
915
916
1080
1251
1252
1251
1565
1566
1395
1395
1067
1395
1395
1224
1395
1559
1558
1335
1558
1559
1560
1246
1449
1285
1599
1572
1572
1572
1572
1573
1370
1369
1370
1541
1377
1206
1233
1232
1231
1231
1232
1409
1186
1185
871
1035
1199
1422
1245
1081
1081
1081
1081
1082
1081
1252
1423
1200
1364
1200
1200
1514
1737
1940
1769
1768
1767
1964
1636
1472
1473
1650
1479
1650
1479
1650
1651
1652
1980
2144
2144
2143
1972
1973
2144
2143
1972
1795
1598
1270
1269
1268
1267
1268
1596
1595
1596
1773
1944
1767
1768
1454
1453
1453
1454
1283
1282
1283
1283
1256
1427
1598
1599
1598
1597
1394
1597
1598
1427
1256
1033
1033
1033
1034
1205
1519
1742
1571
1768
1571
1735
1564
1735
1906
1703
1703
1389
1389
1388
1591
1905
1904
1733
1732
1509
1510
1687
1884
1884
1883
1884
1884
1885
1886
1885
1884
1884
2107
2278
2279
1965
1966
1965
1801
1972
1973
1973
1750
1750
1914
1913
1742
1965
1768
1591
1427
1256
1257
1256
1053
889
889
890
890
1087
759
1087
1088
917
944
1121
1120
1119
1118
1118
1432
1596
1282
1283
1597
1269
955
1269
1092
1420
1420
1419
1590
1262
1465
1464
1267
953
954
1268
1465
1268
1267
1444
1445
1444
1221
1222
1445
1131
1104
1103
1274
1275
1275
1276
1275
1111
1138
1137
1465
1242
1243
1244
1441
1664
1664
1978
1755
1728
1729
1558
1244
1244
1408
1211
1238
1061
1375
1552
1723
1559
1558
1394
1393
1394
1066
1066
1067
1066
1066
1067
1231
1232
1231
1230
1053
1026
1190
1189
1025
1025
1026
1027
856
692
869
1040
1041
838
524
525
525
689
518
517
340
339
667
666
667
668
832
833
832
1003
1030
1029
1002
1173
1337
1364
1363
1362
1363
1364
1363
1362
1335
1362
1565
1564
1565
1565
1362
1198
1199
1199
1376
1377
1350
1349
1350
1664
1350
1349
1349
1376
1349
1349
1021
1185
1186
1015
1016
852
1023
1024
1247
1247
1274
1273
1437
1273
1437
1436
1436
1437
1273
1102
1103
1102
1101
1100
1428
1264
1087
1251
1252
1081
1252
1252
1253
925
924
1101
1429
1265
1429
1428
1427
1598
1427
1256
1257
1256
1257
1258
1258
1461
1658
1631
1467
1468
1469
1468
1469
1468
1467
1296
1297
1297
1296
1297
1611
1782
1783
1560
1724
1724
1724
1895
1731
1403
1430
1431
1430
1430
1429
1593
1764
1765
1929
2257
1943
1943
1772
1771
1772
1773
1772
1745
1542
1365
1542
1765
1588
1615
1616
1615
1614
1791
1994
1830
1829
1632
1633
1632
1631
1632
1429
1626
1790
1789
1790
1593
1790
1613
1790
1567
1396
1710
1710
1513
1514
1186
1185
1186
1187
1023
1023
1022
1193
1416
1415
1579
1265
1264
1265
1579
1415
1416
1416
1416
1587
1586
1585
1584
1584
1748
1747
1720
1721
1722
1545
1381
1545
1742
1742
1519
1518
1846
1682
1885
2049
1885
1886
1886
1913
1912
1912
1709
1709
1710
1546
1382
1585
1586
1585
1271
1270
1434
1231
1434
1231
1060
1237
1460
1631
1632
1461
1664
1828
1605
1441
1441
1441
1238
1239
1212
1015
1014
1178
1177
1176
1175
1004
840
841
842
1156
1183
1184
1355
1354
1355
1356
1355
1356
1355
1354
1183
1184
1013
699
870
1184
1185
1186
1186
1389
1560
1559
1723
1724
1723
1722
1723
1920
1592
1763
1736
1572
1573
1796
1797
1796
1593
1592
1421
1420
1419
1420
1419
1248
1248
1247
1418
1195
881
882
881
1052
881
1084
907
908
908
1085
1084
1084
881
1084
1084
1085
1249
1249
1249
1248
1249
1248
1249
1250
1578
1414
1441
1605
1441
1414
1414
1578
1577
1576
1575
1576
1576
1577
1578
1407
1236
1407
1434
1605
1919
1742
1571
1571
1570
1373
1544
1380
1551
1550
1550
1379
1379
1352
1353
1352
1353
1150
1150
1347
1348
1525
1728
1729
1893
1690
1690
1717
1717
1718
1717
1553
1552
1551
1551
1754
1754
1918
1919
1748
1747
1747
1748
1912
1913
1599
1598
1427
1263
935
935
936
937
760
1088
1259
1423
1423
1646
1645
1645
1816
1652
1653
1967
1744
1743
1744
1744
1743
1920
1921
1921
1750
1749
1920
1756
1579
1579
1251
937
936
909
1080
1081
1081
1108
1436
1750
1927
1756
1920
1920
1919
1920
1921
1922
1921
1920
1592
1428
1599
1428
1257
1257
1421
1257
1258
1055
1226
1226
1199
1199
1199
1422
1586
1587
1586
1587
1751
1554
1553
1376
1377
1376
1375
1546
1382
1211
1539
1540
1539
1566
1402
1566
1769
1441
1414
1413
1242
1039
1038
1065
1393
1170
1143
979
978
1005
1169
1170
1334
1333
1333
1333
1504
1504
1340
1504
1505
1505
1334
1170
1169
1169
1005
841
840
1011
1214
1378
1207
1208
1209
1208
1372
1373
1544
1373
1373
1374
1210
1387
1388
1387
1610
1781
1952
2116
2280
2281
1967
1968
1640
1639
1468
1467
1264
1263
1099
1302
1303
1500
1277
1100
1414
1415
1579
1580
1581
1581
1581
1582
1581
1378
1214
1213
1214
1017
1240
1213
1042
1041
1068
1068
1069
905
904
903
732
732
733
904
904
903
902
1066
1237
1237
1238
1239
1442
1415
1414
1413
1413
1412
1609
1445
1446
1610
1787
1786
1787
1564
1563
1563
1734
1570
1570
1571
1572
1736
1900
2123
2122
1958
1958
1755
1754
1755
1755
1754
1590
1276
1440
1269
1269
1296
1125
1296
1269
1296
1296
1297
1297
1270
1434
1434
1762
1598
1597
1768
1768
1597
1597
1598
1801
1965
1964
2135
2134
1957
1786
1963
1792
1595
1596
1595
1596
1597
1433
1604
1605
1606
1442
1442
1441
1442
1441
1468
1297
1298
1297
1297
1270
1270
1434
1461
1775
1774
1747
1570
1571
1735
1734
1735
1736
1907
1907
1743
1579
1415
1442
1114
1285
1114
1442
1441
1440
1112
1112
1289
1290
1290
1289
1453
1250
1414
1578
1577
1400
1401
1400
1373
1372
1372
1543
1544
1380
1209
1038
1039
1039
1040
1040
1039
1236
1236
1439
1438
1602
1930
1759
1936
1937
2108
2108
2109
1912
1748
1747
1748
1748
1919
1755
1552
1224
1225
1422
1422
1199
1422
1586
1585
1584
1584
1583
1583
1584
1583
1412
1439
1440
1441
1440
1440
1243
1079
1079
1052
1051
874
901
900
1228
1228
900
900
901
1098
1301
1300
1301
1104
940
940
940
1104
1275
1248
1412
1413
1412
1576
1405
1404
1431
1208
1207
1430
1601
1929
1929
1758
1587
1588
1759
1431
1260
1260
1588
1589
1588
1588
1759
1760
1760
1957
1956
1957
1754
1755
1755
1532
1532
1533
1756
1592
1591
1427
1263
1264
1265
1429
1600
1573
1572
1573
1572
1571
1400
1229
1228
1431
1103
939
625
625
796
960
961
962
1290
1317
1316
1316
1493
1492
1315
1316
1145
1144
1145
1459
1458
1261
1038
835
836
1039
1040
1211
1408
1381
1382
1553
1552
1551
1774
1773
1774
1773
1937
1938
1939
1625
1625
1402
1573
1376
1377
1206
1205
1034
1035
1258
1285
1284
1283
1480
1480
1479
1276
1453
1289
1290
1119
1120
1119
1120
1121
1121
1120
1284
1285
1284
1285
1284
1284
1283
1283
1284
956
956
955
1269
1440
1243
1079
1243
1414
1415
1743
1579
1402
1401
1400
1603
1289
1262
1426
1427
1256
1420
1197
1374
1373
1373
1374
1046
1374
1401
1374
1373
1400
1401
1715
1538
1709
1886
1885
1571
1243
1244
1243
1244
1080
1081
1304
1475
1475
1475
1803
1967
1764
1763
2077
2076
1912
2076
2075
1911
1740
1569
1569
1740
1741
1518
1347
1347
1019
1216
1217
1216
1387
1388
1716
1552
1525
1526
1527
1554
1725
1411
1634
1635
1634
1411
1410
1409
1238
1237
1066
1230
1231
1454
1625
1402
1402
1403
1403
1206
1207
1206
1206
1207
1371
1574
1771
1770
1599
1598
1401
1402
1403
1402
1573
1573
1572
1244
1073
909
908
1131
1130
1131
1295
1295
1294
1294
1294
1491
1268
1596
1819
1990
2304
2277
2074
1851
1852
1852
1853
1854
1683
1506
1505
1177
1400
1571
1400
1399
1400
1401
1402
1401
1578
1578
1781
1617
1788
1787
1958
1957
1958
1787
1786
1787
1623
1622
1623
1452
1780
1951
1952
2123
1926
1755
1755
1756
1755
1591
1591
1590
1591
1277
1100
1101
1298
1127
1126
1127
1126
1153
1153
982
981
982
983
760
557
360
359
332
333
332
535
535
699
726
725
1039
1038
1209
1373
1372
1569
1372
1595
1424
1221
1385
1386
1222
1419
1392
1393
1393
1229
1406
1209
1373
1374
1210
1407
1408
1244
1243
1244
1415
1087
1086
1250
1251
1252
1416
1416
1443
1443
1442
1219
1219
1218
1546
1545
1544
1715
1551
1715
1716
1539
1710
1913
1742
1742
1742
1571
1572
1571
1742
1741
1570
1373
1570
1571
1572
1572
1572
1545
1544
1380
1381
1552
1381
1053
1224
1060
1061
1225
1054
1382
1382
1381
1178
1178
1178
1355
1354
1355
1355
1382
1605
1277
1441
1769
1598
1769
1933
1769
1972
1973
1770
1769
1598
1421
1420
1256
1420
1419
1420
1420
1393
1229
1400
1236
908
1072
1249
1276
1276
1277
1250
1421
1624
1651
1979
2143
2143
1972
2143
1815
1651
1651
1651
1651
1651
1474
1473
1637
1637
1638
1638
1638
1441
1441
1442
1441
1270
1441
1442
1128
957
956
1133
1447
1618
1447
1446
1643
1616
1616
1780
1781
1467
1494
1317
1153
989
988
961
1289
961
960
1137
1308
1144
1308
1105
1106
929
706
870
869
1072
1386
1387
1388
1389
1388
1217
1216
1217
1394
1197
1026
849
876
1047
1211
1212
1211
1210
1046
1210
1183
1210
1387
1388
1389
1218
1054
1055
1054
1225
1224
1225
1448
1271
1068
1041
1212
1211
1210
1211
1210
896
897
897
1211
1211
1539
1538
1702
1703
1532
1531
1367
1366
1367
1368
1369
1370
1369
1368
1368
1204
1203
980
1151
1348
1349
1035
1238
1237
1264
1263
1263
1264
1487
1486
1486
1486
1800
1799
1800
1799
1963
1962
1963
2127
2128
2127
1924
1760
1931
1932
1932
1709
1710
1710
1913
1742
1919
1920
1920
1919
1919
1919
1920
1756
1755
1756
1756
1757
1756
1920
1756
1756
1559
1395
1592
1593
1594
1567
1731
1528
1527
1526
1527
1691
1855
2026
2025
1828
1829
1828
1651
1480
1480
1657
1860
1860
1861
1690
1689
1860
1860
1683
1880
2103
2130
2130
2129
1932
1931
1760
1937
1936
1937
1734
1557
1558
1557
1754
1754
1727
1754
1931
1904
1733
1760
1596
1597
1761
1761
1734
1735
1736
1907
1593
1592
1795
1795
1794
1794
1597
1598
1597
1269
1440
1263
1099
1099
928
1105
1433
1210
882
1079
1080
1079
876
1047
1048
1212
1415
1251
1422
1258
1087
1088
1087
1088
1088
924
753
924
924
923
922
921
1144
1308
1307
1308
1308
1309
1310
1309
1480
1808
1644
1643
1807
1604
1603
1604
1605
1434
1211
1210
1209
1209
1523
1523
1524
1524
1551
1380
1603
1603
1604
1605
1604
1381
1380
1381
1210
1381
1382
1605
1408
1381
1381
1552
1551
1748
1551
1237
1236
1407
1571
1572
1886
1722
1722
1545
1742
1519
1191
1190
1413
1413
1413
1413
1577
1413
1413
1616
1445
1446
1617
1618
1619
1619
1783
1782
1585
1414
1243
1420
1419
1418
1104
1275
1276
1276
1303
1303
1302
1616
1393
1616
1617
1616
1439
1440
1441
1605
1782
1781
1952
2280
2116
2117
2116
2115
1944
1943
1944
1741
1742
1741
1714
1715
1715
1886
1885
1912
1748
1721
1550
1549
1746
1747
1748
1577
1406
1570
1256
1427
1428
1205
1232
1068
1067
1068
904
1218
1219
1219
1220
1423
1220
1219
1383
1206
1377
1063
1064
1063
1227
1228
1227
1430
1429
1428
1599
1763
1764
1600
1599
1402
1199
1402
1402
1402
1402
1599
1600
1403
1600
1600
1403
1402
1074
1047
1047
1048
1212
1212
1540
1541
1540
1369
1205
1204
1427
1426
1603
1917
1918
1917
1918
1919
2116
1945
1722
1558
1729
1952
1979
1979
1980
2151
1980
1979
1978
1775
1598
1284
1461
1434
1433
1604
1440
1604
1605
1808
1808
1808
1807
1808
1809
1632
1631
1630
1630
1631
1631
1632
1461
1625
1789
1625
1454
1455
1291
1290
1126
1125
1289
1290
1291
1291
1462
1462
1461
1775
1774
1774
1603
1630
1629
1629
1800
1801
1802
1803
1804
1803
1967
1967
1967
1639
1638
1809
1645
1331
1330
1330
1329
1158
1158
1158
1159
1159
1473
1473
1474
1638
1611
1414
1591
1590
1591
1592
1591
1590
1591
1618
1617
1590
1590
1589
1275
1439
1275
1446
1760
1760
1761
1761
1762
1591
1755
1926
1926
1925
1754
1755
1755
1591
1591
1762
1598
1598
1599
1598
1597
1598
1597
1433
1597
1596
1596
1425
1426
1453
1624
1625
1624
1624
1624
1421
1394
1395
1394
1394
1597
1794
1794
1591
1590
1426
1425
1426
1590
1419
1420
1623
1623
1794
1623
1787
1786
1785
1812
1983
1806
1970
1767
1768
1768
1597
1774
1774
1775
1774
1610
1610
1610
1611
1447
1650
1336
1336
1336
1172
1336
1507
1506
1505
1505
1506
1506
1834
1998
1775
1776
1612
1612
1585
1585
1414
1415
1251
1252
1416
1088
1088
1252
1416
1416
1415
1414
1585
1584
1585
1584
1585
1421
1420
1420
1421
1244
1245
1042
1041
1042
1042
1042
1265
1265
1101
930
930
1107
1107
1106
1106
1107
1278
1442
1441
1270
1271
1270
1434
1433
1433
1433
1761
1964
1964
1965
1964
1793
1794
1617
1617
1644
1617
1453
1289
1288
1117
894
893
894
1058
1059
1236
1407
1578
1749
1748
1571
1571
1400
1236
1400
1427
1428
1257
1257
1428
1427
1604
1433
1656
1657
1828
1829
1828
1657
1658
1658
1658
1657
1821
1820
1991
1663
1664
1663
1499
1472
1473
1302
1473
1473
1787
1623
1624
1625
1625
1624
1623
1622
1621
1620
1621
1622
1622
1451
1452
1453
1452
1623
1309
1138
1139
1303
1304
1303
1474
1475
1278
1442
1265
1436
1436
1613
1449
1449
1449
1449
1450
1764
1593
1757
1756
1755
1754
1755
1755
1756
1755
1591
1388
1388
1559
1559
1558
1558
1558
1559
1388
1559
1245
1272
1600
1429
1101
1429
1430
1601
1600
1803
1803
1804
1803
1803
1626
1625
1626
1626
1625
1624
1460
1459
1236
1235
1549
1550
1379
1380
1381
1380
1544
1543
1543
1544
1517
1518
1545
1518
1517
1518
1682
1905
2076
2253
2089
2089
2088
2087
2088
2087
2088
1924
1701
1701
1701
1701
1387
1414
1237
1434
1263
1264
1100
1073
1074
1101
1272
1273
1273
1587
1390
1389
1390
1567
1567
1731
1730
1730
1894
1730
1894
2117
1789
1789
1762
1598
1597
1374
1375
1402
1402
1403
1403
1089
1090
1089
1090
913
914
1242
1241
1555
1554
1383
1382
1383
1384
1385
1608
1607
1771
1607
1607
1606
1606
1442
1441
1441
1638
1611
1775
1774
1773
1774
1774
1773
1772
1772
1936
1733
1733
1733
1734
1734
1733
1904
1904
1904
1905
1905
1741
1544
1373
1150
1321
1322
1545
1546
1573
1259
1260
1260
1259
1258
1455
1454
1455
1619
1455
1456
1457
1457
1456
1456
1456
1770
1947
1776
1777
1778
1779
1608
1608
1607
1607
1606
1383
1356
1383
1384
1384
1383
1383
1384
1385
1549
1549
1549
1522
1693
1692
1693
1864
1693
1692
1691
1690
1691
1718
1554
1527
1691
1855
1854
1854
2025
2024
2023
2050
1886
2050
2051
2051
2274
2477
2477
2478
2478
2301
2300
2301
2478
2275
1947
1946
1947
1776
2104
2104
1940
1940
1769
1441
1644
1815
1816
1815
1816
1789
1953
1789
1789
1790
1961
1960
1959
1958
1787
1788
1787
1616
1617
1945
2116
2116
2117
2144
2144
2144
1973
1973
1973
1750
1914
1913
1749
1913
1585
1756
1755
1756
1756
1757
1586
1389
1560
1559
1560
1389
1212
1212
1409
1586
1585
1584
1585
1756
1979
1978
1814
1814
1815
2143
2144
2143
2144
2143
2307
2306
2142
2143
2143
1946
1618
1618
1782
1782
1605
1434
1435
1408
1237
1434
1211
1382
1381
1381
1382
1383
1383
1383
1554
1351
1180
1179
1507
1506
1342
1565
1565
1742
1769
1933
1933
1769
1769
1972
1971
1768
1932
1933
1769
1768
1932
1933
2104
2275
2478
2314
2000
2000
1999
2000
2001
2000
2001
2000
2000
1829
1830
1666
1639
1638
1467
1466
1780
1781
1780
1452
1453
1624
1623
1452
1453
1282
1453
1454
1453
1452
1451
1615
1786
1957
1956
1792
2120
2120
2119
2119
2119
2119
2119
2119
2119
1948
1948
1948
1948
2119
2120
1923
2087
2251
2278
1950
1949
1950
1951
1950
2278
2279
2280
2281
2282
2282
2479
2480
2152
2151
1974
1974
1947
1948
1777
1613
1449
1448
1449
1135
1134
1298
1462
1265
1101
1100
1101
1101
1102
1101
1102
1101
1101
1298
1298
1462
1463
1634
1948
1947
1776
1777
1613
1442
1606
1403
1402
1605
1782
1782
2110
2110
2109
1906
1905
1906
2109
2280
2279
2279
2279
2278
2277
2304
2305
2141
1827
1828
1827
1998
1998
1834
1833
1806
1807
1808
1808
1605
1606
1770
1973
1974
1973
1973
1776
1776
1776
1775
1776
1776
1776
1776
1803
1632
1631
1630
1631
1630
1801
1802
1801
1630
1630
1629
1630
1801
1774
1446
1447
1761
1584
1781
1945
1742
1578
1407
1407
1408
1409
1408
1237
1236
1072
1072
1249
1248
1248
1451
1622
1621
1621
1398
1399
1400
1427
1755
1552
1552
1551
1237
1236
1209
1032
1033
1034
1211
1210
1209
1523
1522
1686
1889
1686
1687
1687
1687
1687
1714
1715
1715
1716
1715
1879
1880
1879
1879
2082
2083
2306
2305
2476
2279
2280
2057
1886
1885
1858
1858
1858
1885
1885
1885
1886
1887
1716
1939
1775
1611
1610
1446
1446
1445
1445
1642
1813
1814
1787
1786
1787
1564
1563
1562
1562
1563
1392
1393
1222
1222
1221
1221
1221
1385
1386
1557
1780
1780
1780
1779
1780
1781
1945
1631
1303
1303
1474
1475
1646
1673
1509
1509
1837
1837
1836
1836
1613
1612
1612
1612
1435
1238
1237
1551
1380
1380
1577
1578
1801
1800
1801
1800
1801
1801
1800
1629
1800
1801
1800
1801
1965
2142
2306
2307
2143
1979
1808
1494
1493
1494
1493
1492
1465
1779
1943
1720
1719
1720
1556
1557
1557
1386
1557
1780
1781
1782
1618
1618
1789
1953
1952
1952
1781
1782
1783
1784
1784
1811
1982
1981
1980
1979
1980
1980
1803
1632
1633
1305
1305
1469
1468
1639
1810
1810
1646
1810
1639
1475
1161
1332
1646
1823
1646
1475
1474
1473
1159
1487
1488
1317
1481
1317
1146
1317
1488
1487
1664
1441
1270
1434
1435
1436
1437
1266
1266
1102
1273
1496
1319
1320
1156
1156
1155
1319
1318
1319
1318
1482
1646
1960
2131
2130
2129
2306
2307
2143
1966
1966
1769
1742
1741
1518
1695
1695
1696
1525
1748
1747
1747
1774
1551
1348
1020
856
856
1027
850
1073
1072
901
1098
1269
1270
1073
1073
1074
1075
1075
1075
1076
1075
1075
1403
1403
1404
1405
1569
1740
1739
1738
1739
1916
1916
1745
1942
2106
2105
1928
1901
2104
1940
1941
1940
1939
1966
1652
1324
1488
1489
1325
1326
1129
1129
958
1129
958
787
786
785
784
1112
1111
1112
909
908
1079
1052
881
881
882
882
1053
1053
1053
1052
1216
1413
1413
1584
1585
1585
1421
1735
1912
1748
1951
1950
1950
1951
2122
2121
2148
2149
2149
2149
1985
2149
1821
1820
1820
1821
1820
1984
2312
2285
2114
1943
2114
2115
1938
1939
1775
1774
1603
1603
1767
1767
1767
1768
1767
1767
1603
1774
1945
1774
1773
1774
1773
1602
1603
1774
1551
1578
1578
1407
1584
1413
1414
1414
1413
1210
1381
1552
1552
1381
1380
1544
1544
1544
1544
1544
1708
1709
1682
1682
1682
1682
1683
1682
1683
1682
1683
1683
1682
1885
1885
1721
1720
1721
1885
1884
2055
1891
1694
1694
1695
1518
1695
1696
1867
1868
1868
2065
2288
2287
2110
2110
1939
1939
1768
1939
2103
2274
2077
2077
1854
1853
1854
1854
1854
1854
1690
1689
1690
1887
1886
1885
1682
1905
1906
1907
1908
1580
1744
1744
1580
1357
1186
1185
1014
1185
1184
1348
1347
1348
1347
1347
1518
1741
1742
1741
1570
1569
1897
1733
1734
1563
1340
1340
1340
1341
1341
1340
1543
1714
1891
1892
1695
1859
1682
1682
1859
1858
1858
1655
1655
1858
1859
1531
1531
1532
1703
1704
1390
1704
1704
1703
1702
1531
1532
1531
1702
1701
1702
1729
1565
1564
1565
1564
1393
1394
1394
1080
1277
1278
1251
1422
1423
1424
1423
1737
1764
1765
1764
1764
1763
2091
2090
2090
2091
2090
2089
2312
2313
2312
1984
1985
1814
1815
1986
1822
1823
1824
1824
1988
1817
1816
1987
1986
1986
1815
1816
1619
1618
1454
1427
1427
1256
1256
1427
1428
1455
1252
1225
1252
1253
1253
1252
1088
1252
1251
1422
1586
1587
1915
1601
1600
1600
1436
1437
1601
1765
1594
1593
1429
1430
1431
1254
1425
1424
1601
1798
1798
1601
1915
1915
1915
1915
1587
1586
1789
1790
1476
1475
1475
1803
1967
1968
1968
1967
1968
1968
1640
1954
1955
1956
1956
1955
1641
1642
1641
1640
1640
1639
1836
1835
1638
1474
1475
1789
1788
1788
1985
1985
2149
2150
2150
2150
1973
1770
1456
1292
1620
1823
1822
1986
1985
1958
1958
1957
2134
2134
1970
1970
1997
1820
1623
1800
1997
1774
1775
1774
1775
1748
1749
1776
1776
1599
1402
1199
1198
1199
1172
1369
1683
1682
1905
1905
1905
1906
1905
1734
1735
1736
1939
2110
2110
2274
2273
2272
2273
2274
2110
2137
2137
2136
1933
2097
2097
2098
2097
1933
1932
1933
1933
1762
1761
1760
1563
1563
1563
1766
1767
1767
1768
1767
1964
1937
1734
1735
1564
1563
1727
1728
1564
1564
1563
1563
1590
1591
1394
1393
1394
1565
1342
1341
1342
1506
1506
1506
1683
1684
1657
1658
1481
1482
1509
1509
1345
1522
1521
1724
1560
1561
1560
1559
1560
1357
1356
1520
1520
1723
1894
1580
1579
1578
1579
1578
1579
1578
1407
1079
1079
1079
1393
1222
1223
1223
1223
1394
1722
1722
1545
1742
1743
1966
1966
1802
1966
1965
1762
1763
1566
1567
1567
1566
1566
1567
1566
1567
1396
1599
1770
1934
1935
1935
1934
1763
1449
1450
1449
1449
1626
1797
2111
2111
2110
2110
1887
1888
2059
1882
1718
1941
1738
1738
1739
1575
1752
1752
1751
1437
1437
1751
1580
1581
1580
1744
1908
1744
1743
1914
1913
1913
1912
1735
1734
1707
1707
1379
1380
1380
1381
1545
1374
1375
1552
1553
1554
1240
1240
1240
1267
1266
1463
1464
1464
1267
1103
1102
1075
1074
1238
1238
1265
1468
1639
1468
1467
1296
1132
1133
1330
1658
1631
1467
1638
1467
1467
1467
1638
1802
1973
1776
1775
1972
1973
1973
1973
1974
1975
1752
1751
1751
1752
1588
1385
1208
1207
1207
1208
1372
1371
1370
1370
1369
1198
1197
1374
1375
1374
1210
1211
1211
1211
1210
1210
1381
1545
1709
1545
1768
1971
1972
1999
1822
1823
1823
1822
1658
1658
1494
1493
1322
1322
1322
1323
1120
1120
1121
1298
1298
1462
1461
1434
1434
1434
1598
1598
1762
1763
1763
1764
1764
1763
1764
1541
1540
1743
1579
1580
1579
1579
1578
1605
1606
1607
1830
1633
1633
1797
1797
1796
1797
1968
1967
1968
1967
1968
1967
1796
1632
1633
1410
1411
1608
1608
1609
1412
1411
1410
1409
1409
1409
1408
1572
1769
1992
1992
1993
1993
1993
2164
1987
1986
1822
1822
1619
1618
1618
1619
1620
1620
1621
1620
1619
1448
1421
1422
1421
1250
1251
1415
1414
1617
1644
1645
1644
1643
1957
1793
1794
1965
2142
2141
2140
2140
2139
1916
1917
1918
1604
1605
1604
1604
1605
1604
1604
1407
1408
1579
1802
1802
1638
1638
1467
1466
1466
1439
1439
1439
1438
1439
1603
1774
1603
1602
1425
1425
1425
1596
1595
1792
1792
1792
2106
2106
2106
2106
1942
1942
1942
1942
1771
1771
1935
1935
1935
1935
1935
1771
1771
1771
1771
1942
1942
1942
1942
1942
1942
1942
1942
1942
1771
1771
1443
1240
1240
1241
1241
1077
1248
1451
1450
1477
1805
1634
1634
1635
1635
1812
1812
1976
1976
1976
1976
1662
1661
1832
1661
1661
1661
1662
1663
1663
1664
1664
1493
1493
1493
1664
1665
1665
1829
1829
1829
1829
1665
1488
1659
1488
1489
1490
1804
1581
1745
1745
1968
1797
1974
1810
1810
1809
1481
1645
1442
1278
1442
1441
1442
1441
1612
1448
1651
1815
1815
1814
1814
1787
2115
1944
2115
2286
2286
2122
2121
2121
2285
2284
2081
2081
2081
2108
2081
2081
2081
2108
2109
1938
1911
1910
1937
1910
1911
1912
1748
1775
1447
1446
1446
1446
1445
1609
1412
1412
1248
1248
1249
1078
1275
1275
1439
1439
1439
1440
1440
1768
1768
1768
1769
1770
1770
1456
1627
1791
1620
1621
1620
1621
1621
1620
1619
1620
1934
1934
1933
1710
1933
2104
2077
1913
1912
1912
1913
1716
1716
1715
1912
2083
2286
2286
2285
2121
1807
1806
1807
1808
1631
1658
1494
1808
1781
1453
1250
1027
1028
1356
1357
1357
1358
1359
1536
1759
1758
1758
1759
1758
1757
1921
1750
1921
1920
1749
1749
1750
1527
1730
1729
1532
1729
1952
1952
1951
1951
1774
1938
1939
1611
1612
1298
1299
1299
1298
1297
1297
1298
1297
1474
1474
1475
1475
1474
1473
1801
2115
1951
2115
2116
2115
2116
2115
2114
1917
2114
2278
2279
2280
2116
2116
1919
2116
2116
2115
1951
1623
1623
1623
1622
1950
2121
2120
2284
2113
2114
2114
2113
2113
1942
1942
2113
1936
1937
1937
1936
1765
1765
1936
1937
2101
1878
1879
1880
1880
1880
1881
1882
2059
2086
1922
2093
2094
2093
2092
2092
2093
2092
2091
2255
2052
1888
2111
1888
1724
1725
1725
1724
1927
1926
1926
1926
1927
1928
1928
1757
1757
1756
1756
1757
1757
1921
1750
1921
1920
1920
1920
1921
1920
2143
2143
2143
2314
2314
2314
2111
2111
2111
2110
1782
1611
1610
1609
1812
1813
1499
1499
1827
1991
1990
1826
1826
1603
1603
1826
1799
1628
1457
1628
1799
1596
1760
1760
1596
1268
1269
1270
1093
1092
1091
894
895
896
896
897
897
896
897
896
1093
922
751
750
921
922
758
758
759
1087
1087
1401
1087
1251
1251
1250
1027
1341
1342
1342
1342
1342
1343
1507
1508
1507
1506
1309
1336
1507
1193
1507
1480
1481
1481
1481
1704
1703
1702
1374
1577
1576
1577
1578
1578
1755
1755
1756
1756
1756
1756
1757
1534
1534
1731
1732
1732
1732
1903
1732
1561
1889
1888
1724
1723
1946
1769
1572
1571
1572
1573
1744
1573
1572
1749
1749
1748
1748
1775
1774
1774
1775
1774
1603
1576
1577
1748
1912
2083
2280
2116
2116
2116
2117
2117
2116
2143
2143
2116
2280
2109
2110
2137
2136
2137
2136
1959
1932
1931
1932
1932
1932
1933
1933
1932
1931
1708
1708
1709
1709
1710
1881
2104
2105
1777
1613
1777
1776
1775
1775
1802
1802
1638
1802
1802
1638
1474
1638
1637
1323
1323
1296
1460
1459
1459
1460
1637
1638
1637
1808
1809
1808
1808
1585
1584
1584
1584
1807
1643
1472
1472
1499
1500
1500
1501
1501
1815
1815
1788
1788
1617
1617
1616
1617
1414
1191
1218
1218
1382
1382
1382
1218
1047
1020
1019
1020
1019
1046
1217
1218
1047
883
882
1053
1224
1053
1217
1218
1054
1055
1054
1257
1257
1257
943
1114
1442
1443
1444
1444
1615
1614
1778
1778
1779
1778
1778
1778
1778
1777
1613
1613
1436
1435
1435
1435
1435
1434
1748
1749
1748
1577
1578
1579
1580
1581
1581
1417
1417
1416
1639
1638
1802
1966
1966
1965
1966
1795
1796
1795
1794
1794
1793
1590
1591
1592
1428
1592
1593
1594
1594
1771
1607
1436
1272
1049
1213
1213
885
1049
1048
1049
1050
1049
1048
1021
1022
1225
1396
1567
1790
1789
1789
1788
1789
1789
1625
1625
1789
1789
1816
1815
1814
1814
2142
2141
2142
1971
1807
1806
1807
1808
1809
1808
1809
1973
1946
2117
2117
2117
2117
2118
2117
2116
1893
1920
1920
2091
1777
1941
1941
1940
1940
1913
1914
1750
1777
1778
1777
1776
1775
1604
1401
1401
1402
1402
1403
1606
1579
1579
1415
1415
1416
1415
1414
1578
1578
1577
1578
1414
1415
1087
916
1080
1107
1330
1330
1329
1165
1166
963
964
1167
990
963
962
1126
1125
1124
1125
1125
1296
1460
1461
1290
1290
1290
1291
1619
1619
1796
1795
1794
1794
1965
1964
1963
1792
1793
1820
1819
1820
1617
1788
1789
1790
1790
2104
1927
1926
1925
1898
2075
1898
1570
1570
1570
1570
1741
1742
1743
1743
1920
1920
1919
2122
2122
2121
1950
2121
2122
2122
1808
1809
1808
1807
1807
1808
1807
1808
1809
2123
1809
1809
1808
1808
1809
1809
1645
1474
1251
1250
1251
1087
1251
1252
1475
1502
1502
1502
1666
1665
1664
1637
1638
1638
1637
1637
1636
1433
1433
1256
1283
1284
1285
1286
1457
1458
1458
1457
1458
1458
1458
1457
1771
1607
1935
1607
1784
1783
1612
1611
1814
2142
1971
1971
1972
1971
1970
1793
1794
1795
1794
1793
1793
1792
1792
1621
1457
1458
1629
1628
1629
1628
1425
1426
1427
1426
1426
1427
1598
1598
1434
1434
1435
1606
1809
1638
1611
1414
1415
1442
1442
1442
1606
1607
1778
1779
1943
1942
1778
1942
1941
1940
1612
1448
1612
1776
1749
1435
1436
1272
1108
1108
1107
1106
1107
1421
1421
1422
1422
1421
1421
1422
1586
1586
1586
1586
1422
1421
1618
1421
1421
1421
1749
1913
1912
1912
1913
1912
1913
1914
1743
1742
1741
1741
1905
1905
1906
2103
1789
1790
1790
1789
1789
1788
1789
1960
1960
2137
2138
2137
1973
1972
1801
2115
2115
1918
1715
1742
1945
1946
1632
1631
1828
1657
1656
1656
1656
1656
1657
1821
1822
1494
1493
1821
1822
1821
1624
1624
1938
1938
1610
1807
1978
2149
2149
2150
1979
1979
1808
1808
1605
1382
1382
1553
1554
1554
1390
1389
1390
1389
1389
1389
1388
1389
1390
1363
1362
1363
1192
1192
1363
1534
1698
1698
1698
1698
1698
1698
1698
2026
2053
1882
1711
1712
1883
1883
1882
1882
1882
1881
1881
1880
1881
1881
1881
2084
2084
2083
2082
2081
2054
2055
1858
1859
1860
1859
1656
1853
1854
1855
1854
1677
1854
1853
1853
1852
2075
2076
2077
2076
2103
1880
1881
1882
1882
1711
1882
1882
1718
1889
1889
1889
2053
1856
2079
2078
2078
1914
1914
1913
1912
2076
2076
1853
1853
1854
2077
1763
1763
1966
1763
1763
1592
1369
1369
1368
1369
1540
1541
1541
1540
1737
1738
1738
1961
1961
1962
1961
1960
1933
1934
2248
2249
2276
2099
1928
1731
1560
1396
1599
1599
1572
1571
1572
1571
1570
1570
1570
1767
1766
1766
1543
1714
1885
1886
1722
1722
1722
1899
1898
1899
1900
1901
2065
2064
2063
1899
1899
1728
1728
1755
1919
1748
1584
1748
1748
1434
1434
1433
1433
1604
1427
1426
1427
1428
1427
1263
1427
1428
1742
1743
1744
1745
1744
1915
1751
1751
1580
1252
1580
1580
1553
1554
1553
1554
1554
1555
1732
1731
1528
1527
1750
1751
1751
1752
1752
1424
1424
1424
1423
1422
1422
1625
1625
1624
1623
1624
1624
1623
1794
1794
1958
1959
1959
1756
1756
1756
1920
1947
1947
2275
2275
2274
2051
1723
1722
1945
2273
2273
2274
2274
2273
2476
2477
2450
2279
2279
1965
1965
1966
1965
1966
2280
2280
2279
2280
2280
2279
2279
2278
2278
2278
2278
2279
2278
2278
2279
2115
2115
2116
2115
1944
1741
1912
1939
1762
1434
1433
1434
1598
1434
1434
1435
1434
1637
1473
1637
1610
1610
1611
1440
1617
1945
1972
1972
2136
2109
2280
2451
2280
2109
2108
2108
1911
1911
1912
1912
1912
1913
1912
1911
1911
1910
1910
1746
1773
1774
1597
1794
1795
1795
1794
1794
1795
1795
1631
1631
1631
1802
1802
1802
1979
1776
1776
1775
1939
1939
1940
1940
1941
1777
1613
1777
1776
1776
1605
1606
1777
1606
1605
1604
1605
1808
1611
1612
1448
1645
1644
1644
1643
1329
1330
1494
1494
1493
1492
1663
1636
1635
1636
1637
1636
1637
1638
1639
1638
1474
1474
1473
1472
1636
1636
1637
1808
1808
1807
1808
2122
2123
2122
2122
2122
2123
2123
2122
2122
1951
1951
1952
1951
1952
2123
1952
1952
1952
1952
1952
1953
1756
1756
1592
1592
1591
1388
1388
1552
1716
1919
1919
1919
1919
1748
1749
1749
1748
1748
1748
1571
1742
1519
1519
1690
1519
1519
1518
1518
1518
1517
1518
1682
1683
1512
1512
1348
1348
1349
1520
1520
1547
1546
1546
1519
1520
1521
1357
1534
1533
1532
1696
1919
2090
2117
2118
2118
2117
1946
1946
1946
1945
1946
1945
1945
2109
2082
1911
1911
1910
1910
1911
1912
1912
1913
1940
1941
1613
1612
1611
1782
1782
1782
1781
1782
1782
1781
1782
1782
1782
1781
1610
1446
1446
1446
1447
1224
1395
1396
1396
1619
1618
1619
1619
1619
1619
1592
1789
1790
1791
1790
1789
1618
1645
1645
1809
1809
1809
1808
1809
1808
1807
1807
1643
1814
1650
1978
1977
1977
1977
1806
1807
1630
1794
1795
1972
1973
1809
1638
1637
1808
1637
1636
1637
1637
1638
1637
1638
1638
1809
1782
1782
1782
1946
1973
1809
1808
1809
1808
1809
1809
1808
1808
1972
1972
1945
1945
1972
1749
1913
1710
1710
1913
1749
1750
1750
1921
2085
2084
2085
1921
1922
1922
1921
1922
1921
1920
1920
1921
1920
1921
1921
2085
1921
1744
1743
1742
1742
1715
1714
1713
1714
1715
1544
1545
1545
1545
1342
1545
1546
1717
1940
2104
2103
2103
2104
2104
2281
2280
2279
2280
2280
2279
2278
2278
2278
2278
2277
2278
2278
2055
2056
2227
2227
2227
2227
2056
2279
2056
1892
1891
1918
2141
2141
2140
2140
2140
2140
1963
1963
2134
2135
2136
2137
2314
2111
2110
2110
2274
2275
2276
2276
2276
2479
2478
2314
2313
2110
2110
1939
2142
2141
2142
1965
2142
2143
1920
1919
1920
1723
1559
1730
1729
1730
1703
1703
1704
1705
1706
1903
1903
1903
1902
2125
1954
1783
1782
1946
1946
1947
1947
1947
1946
2110
2109
2109
1906
1735
1938
1939
1939
1938
1938
1938
2109
2110
2109
2110
2110
2281
2058
1861
1697
1698
1698
1697
1697
1696
1493
1322
1008
1008
837
837
1151
1150
1149
1148
1149
1149
1150
1150
1150
1314
1314
1485
1486
1487
1486
1486
1322
1321
1321
1322
1322
1321
1321
1320
1491
1492
1491
1491
1490
1491
1694
1695
1696
1893
1894
2065
2065
2065
2065
2064
2063
1899
1898
1898
2121
2121
2285
2285
2284
2285
2285
2121
2122
1808
1807
1807
1808
1808
1808
1809
1808
1807
1807
1806
1806
1603
1603
1603
1603
1603
1603
1604
1440
1440
1754
1754
1754
1781
1782
1782
1783
1782
1946
1947
2150
2149
2150
2150
1947
1947
1920
1920
1921
1920
2084
2085
2084
2083
1912
1912
1912
1912
1913
1914
1913
1913
1913
1912
1913
1742
1742
1769
1940
1939
1939
1912
1912
1912
1913
1913
2084
1913
1736
1913
1912
1912
1911
1911
1747
1748
1749
1749
1749
1749
1750
1914
1750
1914
1914
2085
2084
2083
1912
1939
1762
1598
1598
1597
1598
1762
1762
1761
1761
1597
1598
1375
1375
1539
1538
1367
1368
1367
1570
1571
1735
1736
1533
1534
1534
1370
1370
1547
1711
1711
1914
1914
1887
1886
2109
2280
2279
2278
2277
2276
2276
2276
2276
2276
2276
2276
2276
2276
2276
2276
2112
2112
2276
2276
2276
2276
2276
2276
2276
2276
2099
2099
1928
1928
1928
1928
1928
1928
1928
1928
1928
2099
2099
2099
1935
1936
1765
1936
1937
1938
1939
2116
2116
1952
1781
1781
1781
1781
1952
1953
1954
1954
1954
1783
1783
1954
1954
1777
1776
1777
1954
1954
1955
1954
1953
1954
1953
1952
1638
1637
1638
1665
1638
1637
1466
1780
1944
1971
1971
1971
2142
2306
2305
2305
2134
1970
1806
1806
1807
1808
1807
1808
1808
1972
1971
1971
2142
2143
2144
2144
2145
2316
2315
2144
2144
2308
2111
2084
2111
2111
2110
2110
1946
2117
2118
1954
1783
1612
1776
1947
2111
2110
1939
1736
1735
1736
1735
1735
1735
1571
1571
1735
1735
1735
1735
1735
1734
1735
1735
1906
1905
2102
2075
2076
2076
2075
2074
2075
2075
2075
2075
2075
2102
1938
1938
1939
1938
1937
1937
2140
2304
2304
2140
2141
1938
1767
1767
1768
1768
1768
1591
1591
1427
1428
1427
1400
1564
1564
1728
1727
1898
1899
1899
1899
1926
1927
1926
1925
1898
1898
1898
2101
1930
1930
1931
1931
1932
1932
2109
2110
2110
2109
1781
1952
1952
1952
1951
1951
1951
1774
1577
1604
1604
1605
1604
1604
1605
1291
1468
1468
1639
1638
1966
1966
1967
1967
1796
1797
1796
1967
1968
1968
1967
1803
1803
2117
2116
2117
2281
2281
2117
1803
1639
1639
1468
1469
1666
1666
1666
1665
1665
1462
1461
1461
1297
1296
1499
1813
1813
1812
1812
1813
1813
1812
1813
1814
1813
1984
1761
1558
1559
1532
1696
1696
1519
1722
1519
1520
1349
1348
1347
1347
1347
1347
1348
1551
1348
1347
1518
1518
1347
1346
1549
1550
1347
1511
1512
1511
1511
1675
1675
1674
1674
1674
1845
2048
2049
2050
2050
2050
2051
2274
2273
2274
2273
2274
2274
2051
2051
2051
1880
2051
2052
2052
2052
2051
2051
2051
2078
1907
1906
2077
2078
2077
2050
2051
2228
2228
2051
2051
2052
2051
2078
2051
2051
1880
2103
2102
2103
2102
1938
1939
2116
2280
2281
2281
2280
2279
2279
2280
2280
2077
2078
2077
2077
2076
2076
2075
2102
2103
2102
2102
2102
2101
2102
2103
2104
2105
1777
1778
1777
1776
1777
1776
1777
1776
1775
1775
1775
1774
1977
2148
2148
2147
2147
1944
1945
1945
2148
2149
2149
2149
2477
2477
2477
2477
2476
2476
2475
2475
2476
2449
2449
2121
2120
1923
1923
1923
1923
2251
2074
2075
2272
2271
2271
2271
2298
2134
1970
2134
2135
2135
2135
1964
1965
1964
2141
2312
2135
2135
2136
2136
2136
1972
1972
1801
1801
1800
1801
1630
1630
1630
1801
1972
1769
1946
1947
1946
1947
1946
1946
1775
1774
1774
1460
1459
1459
1459
1623
1624
1624
1625
1624
1624
1624
1788
1565
1566
1880
2051
2051
2051
2052
2051
2052
1888
2111
2110
2110
2110
2110
1933
1933
2097
2098
2098
1901
1737
1737
1737
1738
1935
2099
2098
1934
1934
2098
2099
2098
1934
1934
1934
1933
1933
1933
2136
2136
2109
2136
2300
1986
2300
2301
2301
2302
2302
2303
2480
2480
2479
2479
2479
2479
2302
2301
2274
2110
2110
2109
2109
2273
2109
2109
2109
2109
2110
2287
2288
2315
2315
2112
1915
1916
1916
1752
1751
1751
1948
1949
1949
1778
1779
1752
1752
1751
1750
1573
1572
1571
1571
1572
1599
1599
1763
1763
1934
1934
1933
1933
1933
1934
1907
2071
2248
2248
2249
2249
2249
2248
2247
2083
2083
2084
1913
1913
1914
1737
1736
1737
1737
1738
1902
1902
1705
1706
1706
1705
1705
1704
1704
1704
1875
1874
1875
2072
2071
2072
2071
2070
1906
1735
1735
1734
1733
1733
1732
1732
1732
1732
1568
1568
1745
1745
1745
1745
1909
1909
1909
1909
1745
1909
1909
1909
1909
1909
1745
1745
1909
1909
1909
1732
1732
1935
2099
2099
2099
2099
2099
1928
1928
1928
1928
2099
2100
1903
1903
1903
2074
2073
1902
1731
1908
1908
2079
2079
2079
2079
2079
2079
2079
1908
1744
1744
1744
1744
1915
1692
1692
1692
1915
1915
2112
2112
2112
2112
2112
1915
1712
1883
1883
1883
1883
1883
1883
1883
2086
2086
2086
1915
1915
1915
1915
1915
1915
1915
1915
1915
1915
1915
2086
2086
2086
2086
2086
2086
2086
1909
1909
1909
1909
1909
1909
1909
1909
1686
1687
1884
2107
2106
2106
1935
1935
1935
1935
1732
1732
1732
1561
1397
1397
1397
1397
1397
1397
1397
1397
1568
1568
1568
1732
1732
1909
1738
1738
1738
1738
1738
1941
1941
1941
1941
2112
2112
2276
2276
2276
2053
2053
2053
2276
2276
2276
2276
2276
2276
2276
2276
2276
2105
2105
2105
1934
1934
1934
1934
1934
1934
1934
1934
2105
1928
1928
1928
1928
1928
1928
1928
1928
1764
1764
1764
1928
1928
1928
2105
2105
2105
2105
2105
2105
2105
2105
2105
2105
2276
2276
2276
2276
2276
2276
2276
2276
2276
2276
2105
2105
1941
1941
1941
1941
1941
1941
1941
1941
1777
1778
1779
1779
1780
1779
1556
1392
1393
1616
1615
1786
1787
1788
1789
1788
1788
1788
1617
1440
1604
1604
1604
1775
1775
1775
1775
1774
1571
1570
1569
1570
1734
1734
1905
1906
1906
1592
1593
1594
1593
1593
1757
1784
1783
1783
1756
1756
1592
1592
1906
1906
1905
1734
1734
1735
1735
1735
1736
1736
1736
1939
1938
1938
1939
1939
1938
1774
1774
1775
1604
1775
1776
1776
1776
1777
1463
1292
1469
1469
1496
1299
1299
1298
1134
1133
1133
1134
911
910
910
1074
1073
1237
1238
1237
1238
1435
1435
1434
1435
1434
1434
1106
1107
1107
1107
1107
1106
942
942
942
1256
1256
1229
1230
1230
1401
1428
1429
1600
1599
1598
1821
1618
1617
1618
1619
1592
1591
1755
1756
1920
1920
1920
1920
1920
1919
1918
1754
1755
1756
1442
1441
1644
1643
1957
1958
1957
2121
2122
2122
2123
1959
1986
1815
1815
1815
1815
1815
1815
2143
2143
2307
2143
2143
2314
2315
2315
2479
2452
2452
2479
2480
2480
2480
2480
2480
2303
2303
2302
2105
2078
2078
2255
2256
2256
2092
2091
2090
2091
2091
2092
2091
2091
1868
2091
1920
1919
1919
1919
1918
1918
1918
2082
2081
2082
2082
2082
2081
2081
2278
2278
2277
2448
2225
2224
2021
2021
2022
2049
2049
2252
2088
1891
1727
1727
1924
1924
1897
1726
1890
1726
1726
1897
1897
1897
2061
1897
1897
1897
1898
1727
1728
1729
1728
1728
1728
1728
1951
1951
1952
1788
1787
1787
1951
1951
1952
1952
1952
1951
1978
1979
1978
1977
1976
2140
2140
2141
2312
2312
2141
2141
2141
2141
2141
2312
2312
2135
2134
2135
2136
1965
1965
1964
1965
1966
1966
2143
1946
1946
1945
1945
1945
1722
1695
1918
1919
1755
1754
1755
1754
1753
1917
1918
1917
1916
1916
1917
1918
1741
1742
1913
2110
2111
2112
1948
1948
1947
1776
1777
1776
1776
1776
1940
1940
1940
2117
2281
2281
2282
2282
2282
2282
2282
2281
2280
2280
2281
2281
2281
2281
2280
2280
2280
2451
2452
2255
2256
2256
2256
2256
2256
2256
2255
2254
2254
2253
2450
2279
2279
2279
2450
2450
2477
2306
2477
2477
2477
2477
2476
2449
2449
2450
2450
2286
1958
1958
1958
1959
1960
1961
1960
1960
1796
1960
1960
1987
1987
2315
2314
2150
2149
1952
1729
1728
1729
1729
1729
1730
1731
1560
1559
1558
1729
1729
1729
1730
1729
1729
1729
1728
1729
1893
1893
1893
1892
1893
1894
1894
1893
1893
1866
1866
1702
1866
1867
2090
2091
2090
2090
2117
2281
2281
2280
2280
2280
2279
2279
2278
2278
2114
1800
2114
2115
2116
2115
2115
1892
1893
1893
1893
1893
2116
2116
2116
2115
2115
2116
2116
2280
2280
2477
2476
2476
2475
2476
2299
2298
2127
2128
2129
2129
2129
2129
2128
2128
1957
1957
1957
2128
2129
2128
2128
2127
2128
2128
2299
2299
2300
2299
2298
2299
2299
2300
2300
2300
2136
2136
2313
2313
2313
2314
2313
2110
2111
1947
1750
1750
1750
1953
1952
1952
1951
1951
1951
2148
2147
2148
2148
2147
2146
2146
2146
2146
2146
2146
2146
2146
2146
2146
2146
2146
2146
2310
2310
2310
2310
2310
2310
2310
2310
2146
2146
2146
2146
1949
1949
1949
1949
1949
1949
1949
2146
2147
2148
1977
1976
1977
1977
1977
2148
2121
2121
2122
1925
1925
1925
1925
1926
1926
1755
1754
1754
1753
1753
1753
1950
1950
1950
1950
1951
1952
1952
1951
1952
1951
1952
1952
2116
2116
2117
1920
1920
1947
1947
1948
1947
1946
1947
1920
1920
1920
1920
2084
1913
1912
1913
1912
1912
1912
1939
1938
1938
1938
1937
1937
1937
1937
1937
1938
1761
1762
1598
1597
1598
1598
1598
1769
1566
1565
1566
1565
1565
1565
1565
1729
1728
1729
1729
1729
1906
1879
1708
1879
2050
2050
2049
2050
2049
2050
2051
2051
2052
2053
2080
2079
2079
2079
1908
1908
1908
1907
2110
2110
2111
2110
2109
2109
2109
2110
2109
1945
1946
2143
2142
2143
2143
2143
2307
2478
2477
2313
2313
2313
2314
2143
2143
2143
2314
2313
1985
1985
1985
1986
1986
1985
1985
1814
1814
1814
1814
1814
1813
1814
1814
1815
1815
1815
1644
1644
1808
1979
1980
1980
2308
2308
2308
2479
2452
2451
2248
2247
2248
2248
2248
2077
2076
2075
2076
2247
2247
2248
2248
2249
2249
2249
2249
2250
2086
2086
2085
2084
2084
1913
1913
2084
2083
2084
2084
2083
1912
1715
1716
1717
1716
1717
1717
1403
1606
1606
1633
1634
1633
1634
1431
1430
1601
1798
1798
1798
2112
2085
2086
2086
2086
2087
2086
2085
2084
2084
2084
2248
2077
2077
2076
2075
1904
1905
1741
1741
1768
1767
1766
1766
1766
1766
1767
1768
1768
1768
1440
1441
1441
1440
1276
1276
1604
1604
1604
1775
1978
1979
1815
1814
1787
1787
1788
1787
1786
1786
1785
1786
1786
1787
1788
1617
1618
1618
1617
1618
1789
1618
1789
1789
1788
1789
1461
1461
1460
1624
1624
1624
1795
1795
1795
1959
1959
1959
1958
1787
1787
1786
2114
2115
1938
1937
1938
2115
2114
2115
2279
2279
2108
2135
1912
1911
1912
1913
1913
1914
1913
2084
2255
2091
2091
2090
2063
2227
2226
2225
2225
2054
2055
1891
1918
1918
1917
1720
1720
1721
1721
1722
1722
1893
1893
1894
1894
1691
1690
1362
1362
1361
1361
1361
1362
1526
1525
1526
1749
1750
1749
1749
1749
1749
1750
1749
1749
1749
1748
1434
1435
1436
1435
1435
1435
1435
1435
1434
1407
1408
1408
1605
1605
1605
1605
1605
1605
1606
1605
1606
1605
1933
1933
1960
1960
2274
2110
2109
2110
2110
2110
2274
2275
2478
2478
2478
2478
2477
2450
2451
2451
2451
2451
2287
2286
2083
2082
2083
2082
2082
2083
2084
2248
2248
2451
2451
2452
2452
2451
2478
2451
2280
2280
2280
2281
2281
2281
2084
2084
1913
1912
1741
1938
1939
1938
1939
1966
1966
2137
2308
2308
2144
2145
2309
2308
2307
2478
2479
2480
2316
2480
2480
2316
2315
2314
2150
2123
2123
1809
1973
1750
1777
1776
1940
1776
1777
1776
1777
1777
1750
1750
1750
1749
1913
1914
1914
1717
1717
1717
1940
1939
1940
1939
1940
1769
1769
1769
1770
1967
1968
1968
2139
2139
2138
2139
2138
2139
1975
1975
2139
2140
2139
2139
2138
2137
2136
2136
2135
2135
2136
2136
2135
2162
2161
2134
2134
2134
2134
2135
1938
2252
2088
2089
2090
2090
2287
2286
2115
2115
2116
2280
2103
2130
2130
1959
1958
1958
1787
1788
1788
1959
1959
1959
1958
1958
1958
1958
1957
1957
1958
1794
1793
1792
1793
1794
1965
1762
1565
1565
1566
1565
1768
1767
1767
1768
1768
1768
1768
1768
1768
1768
1768
1769
1769
1770
1771
1770
1770
1947
1946
1947
1947
1947
1744
1743
1940
1941
1941
1941
1942
1765
1765
1594
1765
1765
1765
1764
1567
1567
1253
1252
1252
1566
1566
1566
1343
1546
1546
1545
1545
1709
1708
1537
1510
1511
1512
1539
1710
1546
1547
1546
1545
1709
1709
1709
1886
2083
2083
2083
2083
2083
2082
2081
2081
2082
2083
1912
1913
1912
1913
1912
2135
2136
2137
2136
2136
1822
1822
1823
1822
1821
1821
1992
1991
1992
1821
1821
1820
1821
1821
1821
1821
1821
1820
1821
2135
2136
2135
2306
2135
2135
2134
2134
2134
1911
2134
2135
1938
1911
1911
1911
1910
1739
1739
1740
1740
1739
1766
1765
1766
1767
1938
1939
1775
1775
1774
1945
2109
2280
2109
2108
2107
2108
2108
2108
2109
2109
2109
2108
2108
2108
2109
2109
2108
2108
2108
1794
1794
1794
1794
1767
1768
1795
1618
1618
1454
1768
1767
1767
1767
1767
1767
1768
1769
1770
1770
1547
1770
1934
1770
1770
1770
1941
1940
1940
1940
1940
1939
2103
2103
2103
2103
2300
2300
2477
2477
2477
2476
2253
2253
2254
2057
2057
2254
2254
2255
2478
2477
2478
2478
2477
2477
2477
2476
2475
2304
2303
2303
2304
2303
2303
1989
1989
1989
2303
2303
2303
2303
2303
2304
2305
2134
2134
2134
2134
2135
2136
2137
1973
1974
1947
1948
1948
1947
1783
1782
1953
1954
2125
2124
2288
2124
2124
2288
2287
2286
2285
2312
2312
2313
2313
2313
2477
2477
2306
2306
2307
2143
2143
2143
2143
2142
2142
2143
1979
1979
1980
1980
1816
1645
1809
1808
1644
1643
1643
1807
1807
1807
1636
1800
1800
1800
1800
1800
1800
1636
1636
1636
1609
1609
1610
1781
1945
1945
1944
1944
1943
1944
1945
1945
1945
1722
1893
1893
1894
1894
1730
1729
1728
1728
1951
1774
1774
1773
1773
1772
1949
1976
1976
1976
1977
1806
1805
1806
1807
1808
1972
1972
2136
2136
2136
2136
2135
2136
2135
2134
1820
1821
1821
1821
1794
1795
1795
1794
1794
1794
1821
1820
1821
1821
1821
1992
1993
1992
1664
1992
1991
1991
1820
1991
1992
1965
1801
1801
1801
1801
1802
1801
2115
2114
2114
2114
2114
1891
2114
2141
2142
2141
2141
2142
2142
2142
2313
2313
2314
2313
2312
2313
2313
2313
2313
2142
2141
2141
2141
2141
2140
2140
2141
2141
2141
2141
2141
2141
2114
2115
2142
2141
2141
2142
2142
2141
2140
2141
2142
2313
2312
2313
2313
2312
2312
2312
2312
2312
2312
2312
2115
2116
2115
2115
2115
2115
2114
2114
2114
2278
2279
2280
2281
2281
2280
2077
1913
1913
1913
1913
1913
2110
2110
2110
1939
1775
1776
1775
1946
1946
1946
1947
1946
2110
2110
2109
2273
2274
2274
2274
2275
2111
2112
2111
2084
2085
2084
1770
1547
1546
1547
1548
1771
1770
1770
2084
2084
2084
2083
2083
2110
2110
2313
2313
2312
2312
2311
2311
2311
2140
2140
2140
2141
2142
2143
2143
2143
2142
1978
1977
1977
2148
2312
2313
2313
2313
2313
2313
2142
2142
2143
2142
2313
2313
2313
2286
2083
2083
2083
2083
2286
2286
2286
2286
2286
2285
2286
2285
2285
2286
2286
2286
2285
2285
2114
2114
1943
2107
2108
2107
2106
1942
1941
1941
1941
1777
1777
1777
1948
1948
1948
1948
1948
2112
2112
2112
2112
2112
2112
2139
2139
2139
2139
1968
1968
1968
1968
1968
1968
1968
1941
1941
1941
1941
1941
1941
2112
2112
2112
2276
2276
2276
2276
2112
2112
2112
2112
2276
2276
2276
2276
2276
2276
2276
2276
2276
2276
2276
2276
2276
2105
2105
2105
2105
2105
2105
2105
2105
1902
2105
2276
2276
2276
2099
1902
1902
1902
1902
1902
1902
1902
1731
1908
1908
1908
1908
2079
2079
2276
2276
2276
2277
2277
2277
2448
2449
2448
2448
2449
2272
2272
2273
2272
2272
2273
2300
2301
2301
2137
2137
2110
2110
1913
1914
1913
2077
2077
2274
2273
2109
2109
2109
2109
2109
2109
2109
2110
2110
2110
2110
2137
2137
1940
2137
2136
2136
2137
2137
2136
2137
2301
2300
2300
2299
2299
2476
2305
2305
2305
2305
2082
2082
2082
2083
2306
2306
2305
2305
2306
2306
2477
2477
2477
2477
2477
2478
2478
2314
2150
2150
2149
2149
2149
2149
2150
2150
2149
2148
1971
1972
1973
1973
1974
1974
1974
1974
2138
2315
2314
2478
2478
2478
2478
2478
2478
2478
2255
2084
2085
2084
2307
2306
2279
2279
2278
2101
2100
2101
2102
2102
2102
2101
2101
2101
2101
2102
2102
2103
2280
2280
2280
2281
2308
2479
2479
2479
2480
2480
2480
2480
2480
2479
2479
2480
2480
2479
2479
2479
2452
2451
2451
2287
2288
2288
2288
2288
2288
2288
2288
2287
2287
2314
2315
2315
2315
2315
2315
2315
2112
2276
2479
2479
2478
2479
2478
2307
2308
2307
2306
2307
2308
2309
2309
2309
2309
2308
2308
2308
2307
2306
2306
2306
2103
2103
2103
2102
2102
2102
2103
2306
2306
2306
2142
2141
1964
2141
2305
2134
2107
2107
2108
2107
2107
2278
2305
2306
2305
2305
2305
2141
2141
2140
2140
2140
2140
2140
1943
1943
1944
1944
1943
2107
2107
2107
2108
2109
2109
2108
2108
2107
2108
2108
2081
2082
2081
2082
2081
2081
2080
2080
2251
2252
2252
2252
2252
2253
2254
2254
2451
2451
2450
2449
2450
2449
2450
2450
2450
2450
2449
2450
2449
2449
2449
2450
2451
2450
2450
2449
2449
2449
2448
2277
2278
2114
2114
2115
2115
2142
2143
2307
2307
2307
2307
2306
2305
2304
2304
2304
2305
2306
2306
2306
2307
2308
2307
2307
2308
2307
2110
2109
2108
2109
2108
2108
2305
2304
2133
2134
2135
2306
2306
2306
2307
2308
2308
2307
2306
2306
2142
2142
1971
1972
1972
2136
2136
2135
2135
2136
2135
2135
2108
2108
2109
2109
2110
2110
2137
2137
2138
2137
2137
2137
2137
2136
2135
2135
2136
2136
2136
2137
2137
2137
2136
2136
2137
2137
2137
2137
2137
2136
2136
2137
2137
2136
2136
2136
2137
2137
2136
2307
2306
2306
2306
2306
2306
2306
2477
2477
2313
2312
2312
2313
2314
2314
2314
2315
2144
2144
2143
2143
2143
2143
2142
2143
2143
2143
2314
2315
2315
2315
2315
2288
2288
2288
2288
2288
2287
2451
2452
2452
2452
2451
2451
2478
2478
2477
2477
2477
2477
2476
2476
2476
2476
2477
2477
2477
2477
2477
2477
2477
2280
2116
2117
2117
2090
2090
2089
2286
2287
2287
2287
2287
2116
2116
2116
2116
2116
2115
2114
2115
2115
2142
2142
1828
1827
1656
1656
1657
1828
1651
1650
1650
1649
1649
1478
1478
1479
1479
1650
1814
1814
1814
1813
1814
1985
1985
1985
1984
1985
1958
1959
1795
2109
2108
2108
2108
2108
2272
2271
2271
2271
2271
2271
2272
2075
2076
2076
2273
2300
2300
2301
2300
2300
2477
2477
2477
2477
2280
2281
2280
2279
2279
2279
2279
2476
2477
2476
2449
2450
2450
2451
2452
2452
2451
2280
2279
2279
2280
2116
2116
2116
2280
2280
2280
2451
2451
2451
2254
2255
2254
2090
2091
2090
2090
2117
1953
1952
1953
1953
2117
2117
2117
2116
2116
2117
2117
2118
2315
2316
2145
2316
2145
2145
2144
2145
2309
2309
2309
2310
2310
2310
2310
2309
2308
2307
2306
2142
2142
2313
2313
2313
2313
2477
2477
2476
2476
2312
2312
2312
2141
2141
2140
2140
2140
2140
2113
2114
2278
2278
2279
2279
2108
2108
1931
1931
1932
1933
1932
1931
1931
1767
1767
1767
1938
2115
2114
2114
2114
2114
2141
2142
2141
2114
2114
2285
2285
2286
2313
2312
2312
2312
2285
2286
2286
2285
2285
2286
2286
2286
2115
2279
2279
2056
2055
2278
2278
2278
2278
2277
2277
2080
1877
1877
1876
1877
1878
1879
1879
1878
1877
1877
1904
1905
1905
2102
2102
2103
2103
2274
2274
2274
2274
2275
2275
2275
2275
2275
2275
2248
2249
2248
2247
2274
2275
2274
2274
2275
2478
2477
2477
2477
2478
2478
2478
2479
2479
2479
2479
2479
2479
2478
2478
2478
2478
2478
2478
2478
2314
2314
2313
2313
2313
2314
2478
2478
2477
2477
2477
2476
2475
2475
2475
2475
2476
2476
2477
2477
2306
2306
2306
2306
2135
2134
2134
2134
2134
2134
2134
2134
2134
2135
2136
2307
2308
2281
2282
2283
2283
2310
2310
2310
2310
1982
1982
1981
1981
1981
1981
1981
1980
1757
1756
1756
1756
1757
1593
1416
1417
1416
1417
1745
1744
1743
1743
1743
1742
1742
1742
1742
1906
1906
1905
1905
2082
2083
2084
2084
2084
2084
2307
2307
2308
2307
2280
2280
2307
2307
2306
2307
2306
2306
2306
2306
2306
2306
2306
2279
2306
2477
2476
2476
2476
2477
2313
2313
2313
2314
2314
2314
2314
2313
2313
2149
2313
2313
2286
2286
2286
2287
2286
2287
2287
2287
2286
2286
2286
2285
2286
2313
2312
2312
2312
2312
2109
2109
2109
2082
2083
1912
1911
1911
1912
1939
1939
1939
1939
2103
2104
2104
2104
2104
1776
1605
1578
1578
1578
1577
1577
1577
1577
1578
1605
1605
1606
1777
1777
1777
1778
1778
1778
1981
1981
1982
1982
1982
1955
1955
1955
2283
2282
2281
2452
2479
2479
2478
2477
2478
2255
2255
2255
2255
2255
2255
2254
2254
2254
2083
2306
2306
2307
2307
2306
2307
2306
2306
2306
2307
2280
2103
2102
2102
2103
2102
2102
2102
2102
2102
2103
2103
2104
2103
2102
1938
2102
2103
2103
2102
2101
2102
2102
2103
2280
2451
2451
2451
2451
2452
2451
2451
2287
2286
2287
2287
2287
2287
2451
2452
2452
2452
2451
2451
2451
2451
2451
2451
2450
2451
2450
2451
2451
2451
2274
2275
2275
2275
2274
2273
2273
2272
2272
2272
2272
2272
2273
2272
2299
2299
2299
2300
2300
2300
2300
2300
2300
2299
2299
2299
2102
2075
2076
2075
2076
2075
2075
2075
2272
2273
2273
2274
2274
2273
2274
2274
2274
2274
2274
2274
2274
2275
2276
2276
2275
2275
2275
2275
2275
2274
2274
2274
2110
2110
2110
2274
2273
2273
2272
2449
2450
2279
2279
2279
2279
2279
2279
2279
2280
2280
2451
2451
2450
2450
2450
2450
2449
2450
2450
2449
2450
2450
2477
2477
2477
2477
2306
2307
2478
2478
2479
2479
2276
2276
2276
2276
2275
2275
2275
2104
2103
2102
1938
1938
1939
1939
1939
1939
1939
1938
1939
1912
2076
2076
2247
2248
2248
2249
2248
2247
2246
2246
2246
2247
2076
2076
2279
2279
2279
2279
2278
2279
2279
2279
2279
2279
2280
2280
2279
2279
2279
2279
2108
2108
2108
2108
2109
2109
2110
2109
2109
2108
2108
2109
2280
2451
2451
2450
2450
2450
2450
2451
2451
2478
2477
2476
2476
2305
2306
2306
2305
2141
2141
2141
2140
2140
2140
2140
2113
2113
2113
2112
2112
2112
2112
2112
2112
2112
1935
1771
1935
1935
1935
1935
1935
1935
1935
1935
1935
2106
2133
2133
2133
2310
2310
2310
2310
2310
2310
2310
2310
2310
2310
2310
2310
2310
2310
2310
2310
2310
2310
2146
2146
2146
2146
2146
2146
2146
2119
2119
2283
2283
2283
2283
2283
2283
2283
2447
2447
2447
2447
2447
2283
2283
2447
2270
2270
2270
2270
2270
2099
2276
2079
2079
2079
2079
2276
2276
2276
2276
2276
2276
2276
2276
2276
2276
2276
2276
2276
2276
2276
2276
2276
2276
2447
2447
2447
2447
2447
2447
2447
2447
2447
2447
2276
2276
2276
2276
2447
2447
2283
2283
2080
2080
2080
2080
2244
2244
2080
2080
2283
2283
2283
2283
2060
2060
2060
2060
2060
2060
2060
2060
2060
2224
2224
2224
2224
2060
2060
2060
2060
2060
2060
2224
2224
2224
2224
2224
2447
2447
2447
2447
2447
2447
2447
2447
2447
2447
2447
2283
2283
2283
2447
2447
2447
2447
2447
2447
2447
2447
2447
2447
2447
2447
2447
2447
2447
2447
2283
2283
2447
2447
2447
2447
2447
2447
2447
2447
2447
2447
2447
2447
2283
2447
2447
2447
2447
2447
2447
2447
2447
2447
2447
2447
2447
2447
2447
2447
2447
2447
2447
2447
2447
2447
2447
2447
2447
2447
2447
2447
2447
2447
2276
2276
2276
2276
2276
2276
2276
2276
2276
2276
2276
2276
2276
2276
2276
2276
2276
2276
2276
2276
2276
2447
2283
2283
2283
2283
2283
2283
2283
2283
2283
2283
2283
2447
2447
2283
2283
2283
2283
2447
2447
2447
2447
2447
2447
2447
2447
2447
2447
2447
2447
2447
2447
2447
2447
2447
2447
2447
2447
2447
2447
2447
2447
2447
2447
2283
2283
2283
2283
2106
2283
2283
2283
2283
2283
2283
2283
2283
2283
2283
2283
2283
2283
2283
2283
2283
2283
2283
2283
2283
2283
2112
2112
2112
2112
2283
2283
2283
2283
2283
2283
2283
2283
2283
2283
2283
2283
2283
2283
2283
2283
2283
2283
2283
2283
2283
2283
2283
2283
2283
2283
2283
2283
2283
2112
2112
2112
2112
2112
2112
2112
2112
2276
2276
2276
2276
2112
2112
2112
2112
2112
2112
2112
2112
2112
2112
2112
2112
2112
2112
2112
2112
2112
2112
2112
2112
2112
2112
2283
2283
2283
2283
2283
2283
2283
2283
1969
1969
2283
2283
2283
2283
2283
2283
2283
2283
2283
2283
2283
2283
2283
2283
2283
2283
2283
2283
2283
2283
2283
2283
2283
2112
2112
2112
2112
2112
2112
2112
2112
2276
2276
2276
2112
2112
2112
2112
2112
2112
2112
2112
2112
2112
2112
2112
2112
2276
2276
2276
2276
2276
2276
2276
2276
2276
2276
2276
2276
2276
2447
2447
2447
2447
2447
2447
2447
2447
2447
2447
2447
2447
2447
2447
2447
2447
2447
2447
2447
2447
2447
2447
2276
2276
2276
2276
2276
2276
2276
2276
2276
2276
2276
2276
2276
2276
2276
2276
2276
2112
2112
2112
2112
2112
2276
2276
2276
2447
2447
2447
2447
2447
2447
2447
2447
2447
2133
2447
2447
2447
2447
2224
2224
2224
2224
2224
2224
2224
2224
2224
2224
2224
2224
2224
2224
2224
2224
2060
2060
2060
2283
2447
2447
2447
2447
2447
2283
2283
2283
2283
2283
2447
2447
2447
2276
2276
2276
2276
2276
2276
2112
2112
2112
2112
2112
2112
2112
2112
2112
2112
2112
2112
2112
2112
2112
2283
2283
2283
2283
2283
2283
2283
2283
2283
2283
2283
2283
2283
2283
2283
2283
2283
2283
2283
2283
2283
2283
2283
2283
2283
2283
2283
2283
2283
2283
2283
2283
2283
2283
2283
2283
2283
2283
2283
2283
2447
2447
2447
2283
2283
2283
2106
2106
2106
2106
2106
2106
2106
2106
2106
2106
2106
2106
2106
2106
2106
2106
2106
2106
2106
2106
2106
2106
2106
2106
2106
1903
1903
2106
2106
2106
2270
2270
2270
2447
2447
2447
2447
2447
2447
2447
2447
2447
2447
2447
2447
2447
2447
2447
2447
2447
2447
2447
2447
2447
2283
2283
2283
2283
2283
2283
2283
2283
2086
2086
2086
2086
2086
2250
2250
2250
2447
2447
2447
2447
2447
2447
2447
2447
2447
2283
2283
2283
2283
2283
2283
2283
2283
2283
2283
2283
2283
2283
2283
2119
2119
2119
2119
2119
2119
2119
2119
2119
2119
2119
2119
2119
2119
2119
2119
2283
2283
2283
2283
2283
2283
2283
2283
2283
2283
2283
2283
2283
2447
2447
2447
2447
2447
2447
2447
2447
2447
2447
2270
2270
2270
2270
2270
2270
2270
2270
2270
2270
2270
2270
2270
2270
2270
2270
2270
2270
2447
2447
2447
2447
2447
2447
2133
2133
2133
2133
2133
2133
2133
2133
2133
2133
2133
2133
2133
2133
2133
2133
1956
1792
1792
1792
1792
1792
1792
1792
1792
1792
1792
1792
1792
1792
1792
1792
1792
1792
1792
1792
1792
1792
1792
1792
1969
1969
2283
2283
2283
2283
2283
2283
2283
2447
2447
2447
2447
2447
2447
2447
2447
2447
2447
2447
2447
2447
2447
2447
2447
2447
2447
2447
2447
2447
2447
2447
2447
2447
2447
2447
2447
2447
2447
2447
2447
2447
2447
2447
2447
2447
2447
2447
2447
2447
2447
2447
2447
2447
2447
2447
2447
2447
2447
2244
2244
2244
2080
2080
2080
2080
2080
2080
2283
2283
2283
2310
2310
2310
2310
2310
2310
2310
2310
2310
2310
2310
2283
2283
2310
2310
2310
2310
2283
2447
2270
2270
2270
2270
2270
2270
2270
2270
2270
2270
2270
2270
2270
2447
2447
2447
2447
2447
2447
2276
2276
2276
2276
2276
2447
2447
2447
2447
2447
2447
2447
2447
2447
2447
2447
2447
2447
2447
2447
2447
2447
2447
2447
2447
2447
2447
2283
2283
2283
2283
2283
2283
2283
2283
2283
2283
2283
2283
2119
2119
2119
2146
2146
2146
2146
2146
2146
2146
2146
2310
2310
2310
2310
2310
2139
2139
2139
2139
2112
2112
2283
2283
2112
2112
2112
2112
2276
2276
2276
2276
2276
2276
2276
2276
2276
2276
2276
2276
2276
2276
2276
2276
2276
2276
2276
2276
2276
2276
2276
2276
2276
2276
2276
2276
2276
2276
2276
2447
2447
2447
2447
2447
2447
2447
2447
2447
2447
2447
2447
2276
2276
2276
2276
2112
2112
2112
2112
2112
2112
2112
2112
2112
2112
2112
2112
2112
2112
2112
2112
2112
2112
2112
2112
2112
2112
2112
2112
2112
2283
2283
2283
2283
2283
2283
2283
2283
2112
2112
2112
2112
2112
2276
2276
2276
2276
2276
2276
2447
2447
2447
2447
2447
2447
2447
2447
2447
2447
2447
2447
2447
2447
2447
2447
2447
2447
2447
2447
2447
2447
2447
2447
2447
2447
2447
2447
2447
2447
2447
2447
2447
2447
2447
2447
2447
2447
2447
2447
2447
2447
2447
2447
2447
2276
2276
2447
2447
2447
2447
2447
2447
2447
2447
2447
2447
2447
2447
2447
2447
2447
2283
2283
2283
2283
2283
2283
2283
2283
2283
2283
2283
2283
2283
2283
2283
2283
2283
2283
2283
2283
2283
2283
2283
2283
2283
2283
2283
2283
2283
2283
2283
2283
2447
2447
2447
2447
2447
2447
2447
2447
2447
2447
2447
2447
2447
2447
2447
2447
2447
2447
2447
2447
2447
2447
2447
2447
2447
2447
2447
2447
2447
2447
2447
2447
2447
2447
2447
2447
2447
2447
2447
2447
2447
2447
2447
2447
2447
2447
2447
2447
2447
2447
2447
2447
2447
2447
2447
2224
2224
2224
2224
2224
2224
2224
2224
2224
2224
2224
2224
2224
2224
2224
2224
2224
2224
2224
2224
2224
2447
2447
2447
2447
2447
2447
2447
2447
2447
2447
2447
2447
2447
2447
2447
2447
2447
2447
2447
2447
2447
2447
2447
2447
2447
2447
2447
2447
2447
2447
2447
2447
2447
2447
2447
2447
2447
2447
2447
2447
2447
2447
2447
2447
2447
2447
2447
2447
2447
2447
2447
2447
2447
2447
2447
2447
2447
2447
2447
2447
2447
2447
2447
2447
2447
2447
2447
2447
2447
2447
2276
2276
2276
2276
2276
2276
2276
2276
2276
2276
2112
2112
2112
2112
2112
2112
2276
2276
2276
2276
2105
2105
2105
2105
2105
2105
2105
2105
2276
2276
2276
2276
2276
2276
2447
2447
2447
2447
2447
2447
2447
2447
2447
2447
2447
2447
2447
2283
2283
2283
2310
2310
2310
2310
2310
2133
2133
2133
2133
2133
2133
2133
2133
2133
2133
2133
2133
2133
2133
2133
2133
2133
2106
2106
2133
2133
2310
2310
2310
2310
2283
2310
2310
2310
2310
2310
2310
2310
2310
2310
2310
2310
2310
2310
2310
2310
2310
2310
2310
2310
2310
2310
2310
2310
2310
2310
2310
2310
2310
2310
2310
2310
2310
2283
2283
2283
2283
2283
2310
2310
2310
2310
2139
2139
2139
2139
2139
2139
2139
2139
2139
2139
2310
2310
2310
2283
2283
2283
2310
2310
2310
2310
2310
2310
2310
2310
2310
2310
2310
2310
2310
2310
2310
2310
2310
2310
2310
2310
2310
2133
2133
2133
2133
2133
2133
2133
2133
2133
2133
2310
2310
2310
2310
2283
2283
2283
2283
2283
2283
2283
2283
2283
2283
2283
2283
2283
2283
2283
2283
2447
2447
2447
2447
2447
2447
2447
2447
2447
2447
2447
2447
2447
2447
2447
2447
2447
2447
2447
2447
2447
2283
2283
2283
2447
2447
2224
2224
2224
2224
2224
2224
2224
2224
2224
2224
2224
2224
2224
2224
2224
2224
2224
2224
2224
2224
2224
2224
2224
2224
2224
2224
2224
2224
2224
2224
2224
2224
2224
2224
2224
2224
2224
2224
2224
2060
2060
2060
2060
2060
2060
2283
2283
2283
2283
2283
2283
2283
2283
2283
2283
2283
2283
2283
2283
2283
2283
2283
2283
2283
2283
2283
2283
2283
2283
2283
2283
2283
2283
2283
2283
2283
2447
2447
2447
2447
2447
2447
2447
2447
2447
2447
2447
2447
2447
2447
2447
2447
2447
2447
2447
2447
2447
2447
2447
2447
2447
2447
2447
2447
2447
2447
2447
2447
2447
2447
2447
2447
2447
2447
2447
2447
2447
2447
2447
2447
2447
2447
2447
2447
2447
2283
2283
2283
2283
2283
2447
2447
2447
2447
2447
2447
2447
2447
2447
2447
2447
2447
2447
2447
2447
2447
2447
2447
2447
2447
2447
2447
2447
2447
2447
2447
2447
2447
2447
2447
2447
2447
2447
2447
2447
2447
2447
2447
2447
2447
2447
2447
2447
2447
2447
2447
2447
2447
2447
2447
2447
2447
2447
2447
2447
2447
2447
2447
2447
2447
2447
2447
2447
2447
2447
2447
2447
2447
2447
2447
2447
2447
2447
2447
2447
2447
2447
2447
2447
2447
2447
2447
2447
2447
2447
2276
2276
2276
2276
2276
2276
2276
2276
2447
2447
2447
2447
2447
2447
2447
2447
2447
2447
2447
2447
2447
2447
2447
2447
2447
2447
2447
2447
2447
2447
2447
2447
2447
2447
2447
2447
2283
2283
2283
2283
2283
2283
2283
2283
2283
2283
2283
2283
2283
2283
2283
2283
2283
2283
2283
2283
2283
2283
2283
2283
2283
2283
2283
2080
2283
2283
2283
2283
2283
2283
2283
2283
2283
2283
2283
2283
2283
2283
2447
2447
2447
2447
2447
2447
2447
2283
2283
2283
2283
2283
2283
2283
2283
2283
2283
2283
2283
2283
2283
2283
2283
2283
2283
2283
2283
2283
2283
2283
2283
2283
2283
2283
2283
2283
2283
2283
2283
2283
2283
2283
2283
2447
2447
2270
2270
2270
2270
2270
2270
2270
2447
2447
2447
2447
2447
2447
2447
2447
2447
2447
2447
2447
2447
2447
2447
2447
2447
2447
2447
2447
2447
2447
2447
2447
2447
2283
2283
2283
2283
2283
2283
2283
2283
2283
2283
2283
2283
2283
2060
2060
2060
2060
2060
2060
2060
2060
2060
2060
2060
2060
2060
2060
2060
2060
2224
2224
2224
2224
2224
2224
2224
2224
2224
2224
2224
2224
2224
2224
2224
2053
2053
2053
2053
2053
2053
2224
2224
2224
2224
2224
2224
2224
2224
2224
2447
2447
2447
2447
2447
2447
2447
2447
2447
2447
2447
2447
2447
2447
2447
2447
2447
2447
2447
2447
2447
2447
2447
2447
2447
2447
2447
2447
2447
2447
2447
2447
2447
2447
2447
2447
2447
2447
2447
2447
2447
2447
2447
2447
2447
2447
2447
2447
2447
2447
2447
2447
2447
2447
2447
2447
2447
2447
2447
2447
2447
2447
2447
2447
2447
2447
2447
2447
2447
2447
2447
2447
2447
2447
2447
2447
2447
2447
2447
2447
2447
2447
2447
2447
2447
2447
2447
2447
2447
2447
2447
2447
2447
2447
2447
2447
2447
2447
2447
2447
2447
2447
2447
2447
2447
2447
2447
2447
2447
2447
2447
2447
2447
2447
2447
2447
2447
2447
2447
2447
2447
2447
2270
2270
2270
2270
2270
2106
2106
2106
2106
2106
2106
2106
2106
2106
2106
2106
2270
2270
2270
2270
2270
2270
2270
2270
2270
2270
2447
2447
2447
2447
2447
2447
2447
2447
2447
2447
2447
2447
2447
2447
2447
2447
2447
2447
2447
2447
2447
2447
2447
2447
2447
2447
2447
2447
2447
2447
2447
2447
2447
2447
2447
2447
2447
2447
2447
2447
2447
2447
2447
2447
2447
2447
2447
2447
2447
2447
2447
2447
2447
2447
2447
2447
2447
2447
2447
2447
2250
2027
2027
2027
2027
2027
2027
2027
2250
2250
2250
2250
2250
2250
2250
2250
2250
2250
2250
2250
2250
2250
2250
2250
2250
2250
2250
2250
2250
2250
2250
2250
2250
2250
2447
2447
2447
2447
2447
2447
2447
2447
2447
2447
2447
2447
2447
2447
2447
2447
2447
2447
2447
2447
2447
2447
2447
2447
2447
2447
2447
2447
2447
2447
2447
2447
2447
2447
2447
2447
2447
2447
2447
2447
2447
2447
2447
2447
2447
2447
2447
2447
2447
2447
2447
2447
2447
2447
2447
2447
2447
2447
2447
2447
2447
2447
2447
2447
2447
2447
2447
2447
2447
2447
2447
2447
2447
2447
2447
2447
2447
2447
2447
2447
2447
2447
2447
2447
2447
2447
2447
2447
2447
2447
2447
2447
2447
2447
2447
2447
2447
2447
2447
2447
2447
2447
2447
2447
2447
2447
2447
2447
2447
2447
2447
2447
2447
2447
2447
2447
2447
2447
2447
2447
2447
2447
2447
2447
2447
2447
2447
2447
2447
2447
2447
2447
2447
2447
2447
2447
2447
2447
2447
2447
2447
2447
2447
2447
2447
2447
2447
2447
2447
2447
2447
2447
2447
2447
2447
2447
2447
2447
2447
2447
2447
2447
2447
2447
2447
2447
2447
2447
2447
2447
2447
2447
2447
2447
2447
2447
2447
2447
2447
2447
2447
2447
2447
2447
2447
2447
2447
2447
2447
2447
2447
2447
2447
2283
2283
2447
2447
2447
2447
2447
2447
2447
2447
2447
2447
2447
2447
2447
2447
2447
2447
2447
2447
2447
2447
2447
2447
2447
2447
2447
2447
2447
2447
2447
2447
2447
2447
2447
2447
2447
2447
2447
2447
2447
2447
2447
2447
2447
2447
2447
2447
2447
2447
2447
2447
2447
2447
2447
2447
2447
2447
2447
2447
2447
2447
2447
2447
2447
2447
2447
2447
2447
2447
2447
2447
2447
2447
2447
2447
2447
2447
2447
2447
2447
2447
2447
2447
2447
2447
2447
2447
2447
2447
2447
2447
2447
2447
2447
2447
2447
2447
2447
2447
2447
2447
2447
2447
2447
2447
2447
2447
2447
2447
2447
2447
2447
2447
2447
2447
2447
2447
2447
2447
2447
2447
2447
2447
2447
2447
2447
2447
2447
2447
2447
2447
2447
2447
2447
2447
2447
2447
2447
2447
2447
2447
2447
2447
2447
2250
2250
2250
2250
2250
2250
2250
2447
2447
2447
2447
2447
2447
2447
2447
2447
2447
2447
2447
2447
2447
2447
2447
2447
2447
2447
2447
2447
2250
2447
2447
2447
2447
2447
2447
2447
2447
2447
2447
2447
2447
2447
2447
2447
2447
2447
2447
2447
2447
2447
2447
2447
2447
2447
2447
2447
2447
2447
2447
2447
2447
2447
2447
2447
2447
2447
2447
2447
2447
2447
2447
2447
2447
2447
2447
2447
2283
2283
2283
2283
2283
2283
2283
2283
2283
2283
2283
2283
2283
2283
2283
2283
2283
2283
2283
2283
2283
2283
2283
2283
2283
2283
2283
2283
2283
2283
2283
2283
2283
2283
2283
2283
2283
2283
2283
2283
2283
2283
2283
2283
2283
2283
2283
2283
2283
2283
2283
2283
2283
2283
2283
2283
2283
2283
2283
2283
2283
2283
2283
2283
2283
2283
2283
2283
2283
2283
2283
2283
2283
2283
2283
2283
2283
2283
2283
2283
2283
2283
2283
2283
2283
2283
2283
2283
2283
2283
2283
2447
2447
2447
2447
2447
2447
2447
2447
2447
2447
2447
2447
2447
2447
2447
2447
2447
2447
2447
2447
2447
2447
2447
2447
2447
2447
2447
2447
2447
2447
2447
2447
2447
2447
2447
2447
2447
2447
2447
2447
2447
2447
2447
2447
2447
2447
2447
2447
2447
2447
2447
2447
2447
2447
2447
2447
2447
2447
2447
2447
2447
2447
2447
2447
2447
2447
2447
2447
2447
2283
2283
2283
2283
2283
2283
2283
2283
2283
2283
2283
2283
2447
2447
2447
2447
2447
2447
2447
2447
2447
2447
2447
2447
2447
2447
2447
2447
2447
2447
2447
2447
2447
2447
2447
2447
2447
2447
2447
2447
2447
2447
2447
2447
2447
2447
2447
2447
2447
2447
2447
2447
2447
2447
2447
2447
2447
2447
2447
2447
2447
2447
2447
2447
2447
2447
2447
2447
2447
2447
2447
2283
2447
2447
2447
2447
2447
2447
2447
2447
2447
2447
2447
2447
2447
2447
2447
2447
2447
2447
2447
2447
2447
2447
2447
2447
2447
2447
2447
2447
2447
2447
2447
2447
2447
2447
2447
2447
2447
2447
2447
2447
2447
2276
2276
2276
2276
2276
2276
2276
2276
2276
2276
2276
2276
2105
2105
2105
2105
2105
2276
2276
2276
2276
2276
2276
2276
2276
2276
2276
2276
2276
2276
2276
2276
2276
2276
2276
2276
2276
2276
2276
2276
2276
2276
2276
2276
2276
2276
2276
2276
2276
2276
2276
2276
2276
2276
2276
2276
2447
2447
2447
2447
2447
2447
2447
2447
2447
2447
2447
2447
2447
2447
2447
2447
2447
2447
2447
2447
2447
2447
2447
2447
2447
2447
2447
2447
2447
2447
2447
2447
2447
2447
2447
2447
2447
2447
2447
2447
2447
2447
2447
2447
2447
2447
2447
2447
2447
2447
2447
2447
2447
2447
2447
2447
2447
2447
2447
2447
2447
2447
2447
2447
2447
2447
2447
2447
2447
2447
2447
2447
2447
2447
2447
2447
2447
2447
2447
2447
2447
2447
2447
2447
2447
2447
2447
2447
2447
2447
2447
2447
2447
2447
2447
2447
2447
2447
2447
2447
2447
2447
2447
2447
2447
2447
2447
2447
2447
2447
2447
2447
2447
2447
2447
2447
2447
2447
2447
2447
2447
2447
2447
2447
2447
2447
2447
2447
2447
2447
2447
2447
2447
2447
2447
2447
2447
2447
2447
2447
2447
2447
2447
2447
2447
2447
2447
2447
2447
2447
2447
2447
2447
2447
2447
2447
2447
2447
2447
2447
2447
2447
2447
2447
2447
2447
2447
2447
2447
2447
2447
2447
2447
2447
2447
2447
2447
2447
2447
2447
2447
2447
2447
2447
2447
2447
2447
2447
2447
2447
2447
2447
2447
2447
2447
2447
2447
2447
2447
2447
2447
2447
2224
2224
2224
2224
2224
2224
2224
2224
2224
2224
2224
2224
2224
2224
2224
2224
2224
2224
2224
2224
2224
2224
2224
2224
2224
2224
2224
2447
2447
2447
2447
2447
2447
2447
2447
2447
2447
2447
2447
2447
2447
2447
2447
2447
2447
2447
2447
2447
2447
2447
2447
2447
2447
2447
2447
2447
2447
2447
2447
2447
2447
2447
2447
2447
2447
2447
2447
2447
2447
2447
2447
2447
2447
2447
2447
2447
2447
2447
2447
2447
2447
2447
2447
2447
2447
2447
2447
2447
2447
2447
2447
2447
2447
2447
2447
2447
2447
2447
2447
2447
2447
2447
2447
2447
2447
2447
2447
2447
2447
2447
2447
2447
2447
2447
2447
2447
2447
2447
2447
2447
2447
2447
2447
2447
2447
2447
2447
2447
2447
2447
2447
2447
2447
2447
2447
2447
2447
2447
2447
2447
2447
2447
2447
2447
2447
2447
2447
2447
2447
2447
2447
2447
2447
2447
2447
2447
2447
2447
2447
2447
2447
2447
2447
2447
2447
2447
2447
2447
2447
2447
2447
2447
2447
2447
2447
2447
2447
2447
2447
2447
2447
2447
2447
2447
2447
2447
2447
2447
2447
2447
2447
2447
2447
2447
2447
2447
2447
2447
2447
2447
2447
2447
2447
2447
2447
2447
2447
2447
2447
2447
2447
2447
2447
2447
2447
2447
2447
2447
2447
2447
2447
2447
2447
2447
2447
2447
2447
2447
2447
2447
2447
2447
2447
2447
2447
2447
2447
2447
2447
2447
2447
2447
2447
2447
2447
2447
2447
2447
2447
2447
2447
2447
2447
2447
2447
2447
2447
2447
2447
2447
2447
2447
2447
2447
2447
2447
2447
2447
2447
2447
2447
2447
2447
2447
2447
2447
2447
2447
2447
2447
2447
2447
2447
2447
2447
2447
2447
2447
2447
2447
2447
2447
2447
2447
2447
2447
2447
2447
2447
2447
2447
2447
2447
2447
2447
2447
2447
2447
2447
2447
2447
2447
2447
2447
2447
2447
2447
2447
2447
2447
2447
2447
2447
2447
2447
2447
2447
2447
2447
2447
2447
2447
2447
2447
2447
2447
2447
2447
2447
2447
2447
2447
2447
2447
2447
2447
2447
2447
2447
2447
2447
2447
2447
2447
2447
2447
2447
2224
2224
2224
2224
2224
2224
2224
2224
2224
2224
2224
2224
2224
2224
2224
2224
2224
2224
2224
2224
2224
2224
2224
2224
2224
2224
2224
2447
2447
2447
2447
2447
2447
2447
2447
2447
2447
2447
2447
2447
2447
2447
2447
2447
2447
2447
2447
2447
2447
2447
2447
2447
2447
2447
2447
2447
2447
2447
2447
2447
2447
2447
2447
2447
2447
2447
2447
2447
2447
2447
2447
2447
2447
2447
2447
2447
2447
2447
2447
2447
2447
2447
2447
2447
2447
2447
2447
2447
2447
2447
2447
2447
2447
2447
2447
2447
2447
2447
2447
2447
2447
2447
2447
2447
2447
2447
2447
2447
2447
2447
2447
2447
2447
2447
2447
2447
2447
2447
2447
2447
2447
2447
2447
2447
2447
2447
2447
2447
2447
2447
2447
2447
2447
2447
2447
2447
2447
2447
2447
2447
2447
2447
2447
2447
2447
2447
2447
2447
2447
2447
2447
2447
2447
2447
2447
2447
2447
2447
2447
2447
2447
2447
2447
2447
2447
2447
2447
2447
2447
2447
2447
2447
2447
2447
2447
2447
2447
2447
2447
2447
2447
2447
2447
2447
2447
2447
2447
2447
2447
2447
2447
2447
2447
2447
2447
2447
2447
2447
2447
2447
2447
2447
2447
2447
2447
2447
2447
2447
2447
2447
2447
2447
2447
2447
2447
2447
2447
2447
2447
2447
2447
2447
2447
2447
2447
2447
2447
2447
2447
2447
2283
2283
2283
2283
2283
2283
2283
2283
2283
2283
2283
2283
2283
2283
2283
2283
2283
2283
2283
2283
2283
2283
2283
2283
2283
2283
2283
2283
2283
2283
2283
2283
2283
2283
2283
2283
2283
2283
2283
2447
2447
2447
2447
2447
2447
2447
2447
2447
2447
2447
2447
2447
2447
2447
2447
2447
2447
2447
2447
2447
2447
2447
2447
2447
2447
2447
2447
2447
2447
2447
2447
2447
2447
2447
2447
2447
2447
2447
2447
2447
2447
2447
2447
2447
2447
2447
2447
2447
2447
2447
2447
2447
2447
2447
2447
2447
2447
2447
2447
2447
2447
2447
2447
2447
2447
2447
2447
2447
2447
2447
2447
2447
2447
2447
2447
2447
2447
2447
2447
2447
2447
2447
2447
2447
2447
2447
2447
2447
2447
2447
2447
2447
2447
2447
2447
2447
2447
2447
2447
2447
2447
2447
2447
2447
2447
2447
2447
2447
2447
2447
2447
2447
2447
2447
2447
2447
2447
2447
2447
2447
2447
2447
2447
2447
2447
2447
2447
2447
2447
2447
2447
2447
2447
2447
2447
2447
2447
2447
2447
2447
2447
2447
2447
2447
2447
2447
2447
2447
2447
2447
2447
2447
2447
2447
2447
2447
2447
2447
2447
2447
2447
2447
2447
2447
2447
2447
2447
2447
2447
2447
2447
2447
2447
2447
2447
2447
2447
2447
2447
2447
2447
2447
2447
2447
2447
2447
2447
2447
2447
2447
2447
2447
2447
2447
2447
2447
2447
2447
2447
2447
2447
2447
2447
2447
2447
2447
2447
2447
2447
2447
2447
2447
2447
2447
2447
2447
2447
2447
2447
2447
2447
2447
2447
2447
2447
2447
2447
2447
2447
2447
2447
2447
2447
2447
2447
2447
2447
2447
2447
2447
2447
2276
2276
2276
2276
2276
2276
2276
2276
2447
2447
2447
2447
2447
2447
2447
2447
2447
2447
2447
2447
2447
2447
2447
2447
2447
2447
2447
2447
2447
2447
2447
2447
2447
2447
2447
2447
2447
2447
2447
2447
2447
2447
2447
2447
2447
2447
2447
2447
2447
2447
2447
2447
2447
2447
2447
2447
2447
2447
2447
2447
2447
2447
2447
2447
2447
2447
2447
2447
2447
2447
2447
2447
2447
2447
2447
2447
2447
2447
2447
2447
2447
2447
2447
2447
2447
2447
2447
2447
2447
2447
2447
2447
2447
2447
2447
2447
2447
2447
2447
2447
2447
2447
2447
2447
2447
2447
2447
2447
2447
2447
2447
2447
2447
2447
2447
2447
2447
2447
2447
2447
2447
2447
2447
2447
2447
2447
2447
2447
2447
2447
2447
2447
2447
2447
2447
2447
2447
2447
2447
2447
2447
2447
2447
2447
2447
2447
2447
2447
2447
2447
2447
2447
2447
2447
2447
2447
2447
2447
2447
2447
2447
2447
2447
2447
2447
2447
2447
2447
2447
2447
2447
2447
2447
2447
2447
2447
2447
2447
2447
2447
2447
2447
2447
2447
2447
2447
2447
2447
2447
2447
2447
2447
2447
2447
2447
2447
2447
2447
2447
2447
2447
2447
2447
2447
2447
2447
2447
2447
2447
2447
2447
2447
2447
2447
2447
2447
2447
2447
2447
2447
2447
2447
2447
2447
2447
2447
2447
2447
2447
2447
2447
2447
2447
2447
2447
2447
2447
2447
2447
2447
2447
2447
2447
2447
2447
2447
2447
2447
2447
2447
2447
2447
2447
2447
2447
2447
2447
2447
2447
2447
2447
2447
2447
2447
2447
2447
2447
2447
2447
2447
2447
2447
2447
2447
2447
2447
2447
2447
2447
2447
2447
2447
2447
2447
2447
2447
2447
2447
2447
2447
2447
2447
2447
2447
2447
2447
2447
2447
2447
2447
2447
2447
2447
2447
2447
2447
2447
2447
2447
2447
2447
2447
2447
2447
2447
2447
2447
2447
2447
2447
2447
2447
2447
2447
2447
2447
2447
2447
2447
2276
2276
2276
2276
2276
2276
2276
2276
2276
2276
2276
2276
2276
2276
2276
2276
2447
2447
2447
2447
2447
2447
2447
2447
2447
2447
2447
2447
2447
2447
2447
2447
2447
2447
2447
2447
2447
2447
2447
2447
2447
2447
2447
2447
2447
2447
2447
2447
2447
2447
2447
2447
2447
2447
2447
2447
2447
2447
2447
2447
2447
2447
2447
2447
2447
2447
2447
2447
2447
2447
2447
2447
2447
2447
2447
2447
2447
2447
2447
2447
2447
2447
2447
2447
2447
2447
2447
2447
2447
2447
2447
2447
2447
2447
2447
2447
2447
2447
2447
2447
2447
2447
2447
2447
2447
2447
2447
2447
2447
2447
2447
2447
2447
2447
2447
2447
2447
2447
2447
2447
2447
2447
2447
2447
2447
2447
2447
2447
2447
2447
2447
2447
2447
2447
2447
2447
2447
2447
2447
2447
2447
2447
2447
2447
2447
2447
2447
2447
2447
2447
2447
2447
2447
2447
2447
2447
2447
2447
2447
2447
2447
2447
2447
2447
2447
2447
2447
2447
2447
2447
2447
2447
2447
2447
2447
2447
2447
2447
2447
2447
2447
2447
2447
2447
2447
2447
2447
2447
2447
2447
2447
2447
2447
2447
2447
2447
2447
2447
2447
2447
2447
2447
2447
2447
2447
2447
2447
2447
2447
2447
2447
2447
2447
2447
2447
2447
2447
2447
2447
2447
2447
2447
2447
2447
2447
2447
2447
2447
2447
2447
2447
2447
2447
2447
2447
2447
2447
2447
2447
2447
2447
2447
2447
2447
2447
2447
2447
2447
2447
2447
2447
2447
2447
2447
2447
2447
2447
2447
2447
2447
2447
2447
2447
2447
2447
2447
2447
2447
2447
2447
2447
2447
2447
2447
2447
2447
2447
2447
2447
2447
2447
2447
2447
2447
2447
2447
2447
2447
2447
2447
2447
2447
2447
2447
2447
2447
2447
2447
2447
2447
2447
2447
2447
2447
2447
2447
2447
2447
2447
2447
2447
2447
2447
2447
2447
2447
2447
2447
2447
2447
2447
2447
2447
2447
2447
2447
2447
2447
2447
2447
2447
2447
2447
2447
2447
2447
2447
2447
2447
2447
2447
2447
2447
2447
2447
2447
2447
2447
2447
2447
2447
2447
2447
2447
2447
2447
2447
2447
2447
2447
2447
2447
2447
2447
2447
2447
2447
2447
2447
2447
2447
2447
2447
2447
2447
2447
2447
2447
2447
2447
2447
2447
2447
2447
2447
2447
2447
2447
2447
2447
2447
2447
2447
2447
2447
2447
2447
2447
2447
2447
2447
2447
2447
2447
2447
2447
2447
2447
2447
2447
2447
2447
2447
2447
2447
2447
2447
2447
2447
2447
2447
2447
2447
2447
2447
2447
2447
2447
2447
2447
2447
2447
2447
2447
2447
2447
2447
2447
2447
2447
2447
2447
2447
2447
2447
2447
2447
2447
2447
2447
2447
2447
2447
2447
2447
2447
2447
2447
2447
2447
2447
2447
2447
2447
2447
2447
2447
2447
2447
2447
2447
2447
2447
2447
2447
2447
2447
2447
2447
2447
2447
2447
2447
2447
2447
2447
2447
2447
2447
2447
2447
2447
2447
2447
2447
2447
2447
2447
2447
2447
2447
2447
2447
2447
2447
2447
2447
2447
2447
2447
2447
2447
2447
2447
2447
2447
2447
2447
2447
2447
2447
2447
2447
2447
2447
2447
2447
2447
2447
2447
2447
2447
2447
2447
2447
2447
2447
2447
2447
2447
2447
2447
2447
2447
2447
2447
2447
2447
2447
2447
2447
2447
2447
2447
2447
2447
2447
2447
2447
2447
2447
2447
2447
2447
2447
2447
2447
2447
2447
2447
2447
2447
2447
2447
2447
2447
2447
2447
2447
2447
2447
2447
2447
2447
2447
2447
2447
2447
2447
2447
2447
2447
2447
2447
2447
2447
2447
2447
2447
2447
2447
2447
2447
2447
2447
2447
2447
2447
2447
2447
2447
2447
2447
2447
2447
2447
2447
2447
2447
2447
2447
2447
2447
2447
2447
2447
2447
2447
2447
2447
2447
2447
2447
2447
2447
2447
2447
2447
2447
2447
2447
2447
2447
2447
2447
2447
2447
2447
2447
2447
2447
2447
2447
2447
2447
2447
2447
2447
2447
2447
2447
2447
2447
2447
2447
2447
2447
2447
2447
2447
2447
2447
2447
2447
2447
2447
2447
2447
2447
2447
2447
2447
2447
2447
2447
2447
2447
2447
2447
2447
2447
2447
2447
2447
2447
2447
2447
2447
2447
2447
2447
2447
2447
2447
2447
2447
2447
2447
2447
2447
2447
2447
2447
2447
2447
2447
2447
2447
2447
2447
2447
2447
2447
2447
2447
2447
2447
2447
2447
2447
2447
2447
2447
2447
2447
2447
2447
2447
2447
2447
2447
2447
2447
2447
2447
2447
2447
2447
2447
2447
2447
2447
2447
2447
2447
2447
2447
2447
2447
2447
2447
2447
2447
2447
2447
2447
2447
2447
2447
2447
2447
2447
2447
2447
2447
2447
2447
2447
2447
2447
2447
2447
2447
2447
2447
2447
2447
2447
2447
2447
2447
2447
2447
2447
2447
2447
2447
2447
2447
2447
2447
2447
2447
2447
2447
2447
2447
2447
2447
2447
2447
2447
2447
2447
2447
2447
2447
2447
2447
2447
2447
2447
2447
2447
2447
2447
2447
2447
2447
2447
2447
2447
2447
2447
2447
2447
2447
2447
2447
2447
2447
2447
2447
2447
2447
2447
2447
2447
2447
2447
2447
2447
2447
2447
2447
2447
2447
2447
2447
2447
2447
2447
2447
2447
2447
2447
2447
2447
2447
2447
2447
2447
2447
2447
2447
2447
2447
2447
2447
2447
2447
2447
2447
2447
2447
2447
2447
2447
2447
2447
2447
2447
2447
2447
2447
2447
2447
2447
2447
2447
2447
2447
2447
2447
2447
2447
2447
2447
2447
2447
2447
2447
2447
2447
2447
2447
2447
2447
2447
2447
2447
2447
2447
2447
2447
2447
2447
2447
2447
2447
2447
2447
2447
2447
2447
2447
2447
2447
2447
2447
2447
2447
2447
2447
2447
2447
2447
2447
2447
2447
2447
2447
2447
2447
2447
2447
2447
2447
2447
2447
2447
2447
2447
2447
2447
2447
2447
2447
2447
2447
2447
2447
2447
2447
2447
2447
2447
2447
2447
2447
2447
2447
2447
2447
2447
2447
2447
2447
2447
2447
2447
2447
2447
2447
2447
2447
2447
2447
2447
2447
2447
2447
2447
2447
2447
2447
2447
2447
2447
2447
2447
2447
2447
2447
2447
2447
2447
2447
2447
2447
2447
2447
2447
2447
2447
2447
2447
2447
2447
2447
2447
2447
2447
2447
2447
2447
2447
2447
2447
2447
2447
2447
2447
2447
2447
2447
2447
2447
2447
2447
2447
2447
2447
2447
2447
2447
2447
2447
2447
2447
2447
2447
2447
2447
2447
2447
2447
2447
2447
2447
2447
2447
2447
2447
2447
2447
2447
2447
2447
2447
2447
2447
2447
2447
2447
2447
2447
2447
2447
2447
2447
2447
2447
2447
2447
2447
2447
2447
2447
2447
2447
2447
2447
2447
2447
2447
2447
2447
2447
2447
2447
2447
2447
2447
2447
2447
2447
2447
2447
2447
2447
2447
2447
2447
2447
2447
2447
2447
2447
2447
2447
2447
2447
2447
2447
2447
2447
2447
2447
2447
2447
2447
2447
2447
2447
2447
2447
2447
2447
2447
2447
2447
2447
2447
2447
2447
2447
2447
2447
2447
2447
2447
2447
2447
2447
2447
2447
2447
2447
2447
2447
2447
2447
2447
2447
2447
2447
2447
2447
2447
2447
2447
2447
2447
2447
2447
2447
2447
2447
2447
2447
2447
2447
2447
2447
2447
2447
2447
2447
2447
2447
2447
2447
2447
2447
2447
2447
2447
2447
2447
2447
2447
2447
2447
2447
2447
2447
2447
2447
2447
2447
2447
2447
2447
2447
2447
2447
2447
2447
2447
2447
2447
2447
2447
2447
2447
2447
2447
2447
2447
2447
2447
2447
2447
2447
2447
2447
2447
2447
2447
2447
2447
2447
2447
2447
2447
2447
2447
2447
2447
2447
2447
2447
2447
2447
2447
2447
2447
2447
2447
2447
2447
2447
2447
2447
2447
2447
2447
2447
2447
2447
2447
2447
2447
2447
2447
2447
2447
2447
2447
2447
2447
2447
2447
2447
2447
2447
2447
2447
2447
2447
2447
2447
2447
2447
2447
2447
2447
2447
2447
2447
2447
2447
2447
2447
2447
2447
2447
2447
2447
2447
2447
2447
2447
2447
2447
2447
2447
2447
2447
2447
2447
2447
2447
2447
2447
2447
2447
2447
2447
2447
2447
2447
2447
2447
2447
2447
2447
2447
2447
2447
2447
2447
2447
2447
2447
2447
2447
2447
2447
2447
2447
2447
2447
2447
2447
2447
2447
2447
2447
2447
2447
2447
2447
2447
2447
2447
2447
2447
2447
2447
2447
2447
2447
2447
2447
2447
2447
2447
2447
2447
2447
2447
2447
2447
2447
2447
2447
2447
2447
2447
2447
2447
2447
2447
2447
2447
2447
2447
2447
2447
2447
2447
2447
2447
2447
2447
2447
2447
2447
2447
2447
2447
2447
2447
2447
2447
2447
2447
2447
2447
2447
2447
2447
2447
2447
2447
2447
2447
2447
2447
2447
2447
2447
2447
2447
2447
2447
2447
2447
2447
2447
2447
2447
2447
2447
2447
2447
2447
2447
2447
2447
2447
2447
2447
2447
2447
2447
2447
2447
2447
2447
2447
2447
2447
2447
2447
2447
2447
2447
2447
2447
2447
2447
2447
2447
2447
2447
2447
2447
2447
2447
2447
2447
2447
2447
2447
2447
2447
2447
2447
2447
2447
2447
2447
2447
2447
2447
2447
2447
2447
2447
2447
2447
2447
2447
2447
2447
2447
2447
2447
2447
2447
2447
2447
2447
2447
2447
2447
2447
2447
2447
2447
2447
2447
2447
2447
2447
2447
2447
2447
2447
2447
2447
2447
2447
2447
2447
2447
2447
2447
2447
2447
2447
2447
2447
2447
2447
2447
2447
2447
2447
2447
2447
2447
2447
2447
2447
2447
2447
2447
2447
2447
2447
2447
2447
2447
2447
2447
2447
2447
2447
2447
2447
2447
2447
2447
2447
2447
2447
2447
2447
2447
2447
2447
2447
2447
2447
2447
2447
2447
2447
2447
2447
2447
2447
2447
2447
2447
2447
2447
2447
2447
2447
2447
2447
2447
2447
2447
2447
2447
2447
2447
2447
2447
2447
2447
2447
2447
2447
2447
2447
2447
2447
2447
2447
2447
2447
2447
2447
2447
2447
2447
2447
2447
2447
2447
2447
2447
2447
2447
2447
2447
2447
2447
2447
2447
2447
2447
2447
2447
2447
2447
2447
2447
2447
2447
2447
2447
2447
2447
2447
2447
2447
2447
2447
2447
2447
2447
2447
2447
2447
2447
2447
2447
2447
2447
2447
2447
2447
2447
2447
2447
2447
2447
2447
2447
2447
2447
2447
2447
2447
2447
2447
2447
2447
2447
2447
2447
2447
2447
2447
2447
2447
2447
2447
2447
2447
2447
2447
2447
2447
2447
2447
2447
2447
2447
2447
2447
2447
2447
2447
2447
2447
2447
2447
2447
2447
2447
2447
2447
2447
2447
2447
2447
2447
2447
2447
2447
2447
2447
2447
2447
2447
2447
2447
2447
2447
2447
2447
2447
2447
2447
2447
2447
2447
2447
2447
2447
2447
2447
2447
2447
2447
2447
2447
2447
2447
2447
2447
2447
2447
2447
2447
2447
2447
2447
2447
2447
2447
2447
2447
2447
2447
2447
2447
2447
2447
2447
2447
2447
2447
2447
2447
2447
2447
2447
2447
2447
2447
2447
2447
2447
2447
2447
2447
2447
2447
2447
2447
2447
2447
2447
2447
2447
2447
2447
2447
2447
2447
2447
2447
2447
2447
2447
2447
2447
2447
2447
2447
2447
2447
2447
2447
2447
2447
2447
2447
2447
2447
2447
2447
2447
2447
2447
2447
2447
2447
2447
2447
2447
2447
2447
2447
2447
2447
2447
2447
2447
2447
2447
2447
2447
2447
2447
2447
2447
2447
2447
2447
2447
2447
2447
2447
2447
2447
2447
2447
2447
2447
2447
2447
2447
2447
2447
2447
2447
2447
2447
2447
2447
2447
2447
2447
2447
2447
2447
2447
2447
2447
2447
2447
2447
2447
2447
2447
2447
2447
2447
2447
2447
2447
2447
2447
2447
2447
2447
2447
2447
2447
2447
2447
2447
2447
2447
2447
2447
2447
2447
2447
2447
2447
2447
2447
2447
2447
2447
2447
2447
2447
2447
2447
2447
2447
2447
2447
2447
2447
2447
2447
2447
2447
2447
2447
2447
2447
2447
2447
2447
2447
2447
2447
2447
2447
2447
2447
2447
2447
2447
2447
2447
2447
2447
2447
2447
2447
2447
2447
2447
2447
2447
2447
2447
2447
2447
2447
2447
2447
2447
2447
2447
2447
2447
2447
2447
2447
2447
2447
2447
2447
2447
2447
2447
2447
2447
2447
2447
2447
2447
2447
2447
2447
2447
2447
2447
2447
2447
2447
2447
2447
2447
2447
2447
2447
2447
2447
2447
2447
2447
2447
2447
2447
2447
2447
2447
2447
2447
2447
2447
2447
2447
2447
2447
2447
2447
2447
2447
2447
2447
2447
2447
2447
2447
2447
2447
2447
2447
2447
2447
2447
2447
2447
2447
2447
2447
2447
2447
2447
2447
2447
2447
2447
2447
2447
2447
2447
2447
2447
2447
2447
2447
2447
2447
2447
2447
2447
2447
2447
2447
2447
2447
2447
2447
2447
2447
2447
2447
2447
2447
2447
2447
2447
2447
2447
2447
2447
2447
2447
2447
2447
2447
2447
2447
2447
2447
2447
2447
2447
2447
2447
2447
2447
2447
2447
2447
2447
2447
2447
2447
2447
2447
2447
2447
2447
2447
2447
2447
2447
2447
2447
2447
2447
2447
2447
2447
2447
2447
2447
2447
2447
2447
2447
2447
2447
2447
2447
2447
2447
2447
2447
2447
2447
2447
2447
2447
2447
2447
2447
2447
2447
2447
2447
2447
2447
2447
2447
2447
2447
2447
2447
2447
2447
2447
2447
2447
2447
2447
2447
2447
2447
2447
2447
2447
2447
2447
2447
2447
2447
2447
2447
2447
2447
2447
2447
2447
2447
2447
2447
2447
2447
2447
2447
2447
2447
2447
2447
2447
2447
2447
2447
2447
2447
2447
2447
2447
2447
2447
2447
2447
2447
2447
2447
2447
2447
2447
2447
2447
2447
2447
2447
2447
2447
2447
2447
2447
2447
2447
2447
2447
2447
2447
2447
2447
2447
2447
2447
2447
2447
2447
2447
2447
2447
2447
2447
2447
2447
2447
2447
2447
2447
2447
2447
2447
2447
2447
2447
2447
2447
2447
2447
2447
2447
2447
2447
2447
2447
2447
2447
2447
2447
2447
2447
2447
2447
2447
2447
2447
2447
2447
2447
2447
2447
2447
2447
2447
2447
2447
2447
2447
2447
2447
2447
2447
2447
2447
2447
2447
2447
2447
2447
2447
2447
2447
2447
2447
2447
2447
2447
2447
2447
2447
2447
2447
2447
2447
2447
2447
2447
2447
2447
2447
2447
2447
2447
2447
2447
2447
2447
2447
2447
2447
2447
2447
2447
2447
2447
2447
2447
2447
2447
2447
2447
2447
2447
2447
2447
2447
2447
2447
2447
2447
2447
2447
2447
2447
2447
2447
2447
2447
2447
2447
2447
2447
2447
2447
2447
2447
2447
2447
2447
2447
2447
2447
2447
2447
2447
2447
2447
2447
2447
2447
2447
2447
2447
2447
2447
2447
2447
2447
2447
2447
2447
2447
2447
2447
2447
2447
2447
2447
2447
2447
2447
2447
2447
2447
2447
2447
2447
2447
2447
2447
2447
2447
2447
2447
2447
2447
2447
2447
2447
2447
2447
2447
2447
2447
2447
2447
2447
2447
2447
2447
2447
2447
2447
2447
2447
2447
2447
2447
2447
2447
2447
2447
2447
2447
2447
2447
2447
2447
2447
2447
2447
2447
2447
2447
2447
2447
2447
2447
2447
2447
2447
2447
2447
2447
2447
2447
2447
2447
2447
2447
2447
2447
2447
2447
2447
2447
2447
2447
2447
2447
2447
2447
2447
2447
2447
2447
2447
2447
2447
2447
2447
2447
2447
2447
2447
2447
2447
2447
2447
2447
2447
2447
2447
2447
2447
2447
2447
2447
2447
2447
2447
2447
2447
2447
2447
2447
2447
2447
2447
2447
2447
2447
2447
2447
2447
2447
2447
2447
2447
2447
2447
2447
2447
2447
2447
2447
2447
2447
2447
2447
2447
2447
2447
2447
2447
2447
2447
2447
2447
2447
2447
2447
2447
2447
2447
2447
2447
2447
2447
2447
2447
2447
2447
2447
2447
2447
2447
2447
2447
2447
2447
2447
2447
2447
2447
2447
2447
2447
2447
2447
2447
2447
2447
2447
2447
2447
2447
2447
2447
2447
2447
2447
2447
2447
2447
2447
2447
2447
2447
2447
2447
2447
2447
2447
2447
2447
2447
2447
2447
2447
2447
2447
2447
2447
2447
2447
2447
2447
2447
2447
2447
2447
2447
2447
2447
2447
2447
2447
2447
2447
2447
2447
2447
2447
2447
2447
2447
2447
2447
2447
2447
2447
2447
2447
2447
2447
2447
2447
2447
2447
2447
2447
2447
2447
2447
2447
2447
2447
2447
2447
2447
2447
2447
2447
2447
2447
2447
2447
2447
2447
2447
2447
2447
2447
2447
2447
2447
2447
2447
2447
2447
2447
2447
2447
2447
2447
2447
2447
2447
2447
2447
2447
2447
2447
2447
2447
2447
2447
2447
2447
2447
2447
2447
2447
2447
2447
2447
2447
2447
2447
2447
2447
2447
2447
2447
2447
2447
2447
2447
2447
2447
2447
2447
2447
2447
2447
2447
2447
2447
2447
2447
2447
2447
2447
2447
2447
2447
2447
2447
2447
2447
2447
2447
2447
2447
2447
2447
2447
2447
2447
2447
2447
2447
2447
2447
2447
2447
2447
2447
2447
2447
2447
2447
2447
2447
2447
2447
2447
2447
2447
2447
2447
2447
2447
2447
2447
2447
2447
2447
2447
2447
2447
2447
2447
2447
2447
2447
2447
2447
2447
2447
2447
2447
2447
2447
2447
2447
2447
2447
2447
2447
2447
2447
2447
2447
2447
2447
2447
2447
2447
2447
2447
2447
2447
2447
2447
2447
2447
2447
2447
2447
2447
2447
2447
2447
2447
2447
2447
2447
2447
2447
2447
2447
2447
2447
2447
2447
2447
2447
2447
2447
2447
2447
2447
2447
2447
2447
2447
2447
2447
2447
2447
2447
2447
2447
2447
2447
2447
2447
2447
2447
2447
2447
2447
2447
2447
2447
2447
2447
2447
2447
2447
2447
2447
2447
2447
2447
2447
2447
2447
2447
2447
2447
2447
2447
2447
2447
2447
2447
2447
2447
2447
2447
2447
2447
2447
2447
2447
2447
2447
2447
2447
2447
2447
2447
2447
2447
2447
2447
2447
2447
2447
2447
2447
2447
2447
2447
2447
2447
2447
2447
2447
2447
2447
2447
2447
2447
2447
2447
2447
2447
2447
2447
2447
2447
2447
2447
2447
2447
2447
2447
2447
2447
2447
2447
2447
2447
2447
2447
2447
2447
2447
2447
2447
2447
2447
2447
2447
2447
2447
2447
2447
2447
2447
2447
2447
2447
2447
2447
2447
2447
2447
2447
2447
2447
2447
2447
2447
2447
2447
2447
2447
2447
2447
2447
2447
2447
2447
2447
2447
2447
2447
2447
2447
2447
2447
2447
2447
2447
2447
2447
2447
2447
2447
2447
2447
2447
2447
2447
2447
2447
2447
2447
2447
2447
2447
2447
2447
2447
2447
2447
2447
2447
2447
2447
2447
2447
2447
2447
2447
2447
2447
2447
2447
2447
2447
2447
2447
2447
2447
2447
2447
2447
2447
2447
2447
2447
2447
2447
2447
2447
2447
2447
2447
2447
2447
2447
2447
2447
2447
2447
2447
2447
2447
2447
2447
2447
2447
2447
2447
2447
2447
2447
2447
2447
2447
2447
2447
2447
2447
2447
2447
2447
2447
2447
2447
2447
2447
2447
2447
2447
2447
2447
2447
2447
2447
2447
2447
2447
2447
2447
2447
2447
2447
2447
2447
2447
2447
2447
2447
2447
2447
2447
2447
2447
2447
2447
2447
2447
2447
2447
2447
2447
2447
2447
2447
2447
2447
2447
2447
2447
2447
2447
2447
2447
2447
2447
2447
2447
2447
2447
2447
2447
2447
2447
2447
2447
2447
2447
2447
2447
2447
2447
2447
2447
2447
2447
2447
2447
2447
2447
2447
2447
2447
2447
2447
2447
2447
2447
2447
2447
2447
2447
2447
2447
2447
2447
2447
2447
2447
2447
2447
2447
2447
2447
2447
2447
2447
2447
2447
2447
2447
2447
2447
2447
2447
2447
2447
2447
2447
2447
2447
2447
2447
2447
2447
2447
2447
2447
2447
2447
2447
2447
2447
2447
2447
2447
2447
2447
2447
2447
2447
2447
2447
2447
2447
2447
2447
2447
2447
2447
2447
2447
2447
2447
2447
2447
2447
2447
2447
2447
2447
2447
2447
2447
2447
2447
2447
2447
2447
2447
2447
2447
2447
2447
2447
2447
2447
2447
2447
2447
2447
2447
2447
2447
2447
2447
2447
2447
2447
2447
2447
2447
2447
2447
2447
2447
2447
2447
2447
2447
2447
2447
2447
2447
2447
2447
2447
2447
2447
2447
2447
2447
2447
2447
2447
2447
2447
2447
2447
2447
2447
2447
2447
2447
2447
2447
2447
2447
2447
2447
2447
2447
2447
2447
2447
2447
2447
2447
2447
2447
2447
2447
2447
2447
2447
2447
2447
2447
2447
2447
2447
2447
2447
2447
2447
2447
2447
2447
2447
2447
2447
2447
2447
2447
2447
2447
2447
2447
2447
2447
2447
2447
2447
2447
2447
2447
2447
2447
2447
2447
2447
2447
2447
2447
2447
2447
2447
2447
2447
2447
2447
2447
2447
2447
2447
2447
2447
2447
2447
2447
2447
2447
2447
2447
2447
2447
2447
2447
2447
2447
2447
2447
2447
2447
2447
2447
2447
2447
2447
2447
2447
2447
2447
2447
2447
2447
2447
2447
2447
2447
2447
2447
2447
2447
2447
2447
2447
2447
2447
2447
2447
2447
2447
2447
2447
2447
2447
2447
2447
2447
2447
2447
2447
2447
2447
2447
2447
2447
2447
2447
2447
2447
2447
2447
2447
2447
2447
2447
2447
2447
2447
2447
2447
2447
2447
2447
2447
2447
2447
2447
2447
2447
2447
2447
2447
2447
2447
2447
2447
2447
2447
2447
2447
2447
2447
2447
2447
2447
2447
2447
2447
2447
2447
2447
2447
2447
2447
2447
2447
2447
2447
2447
2447
2447
2447
2447
2447
2447
2447
2447
2447
2447
2447
2447
2447
2447
2447
2447
2447
2447
2447
2447
2447
2447
2447
2447
2447
2447
2447
2447
2447
2447
2447
2447
2447
2447
2447
2447
2447
2447
2447
2447
2447
2447
2447
2447
2447
2447
2447
2447
2447
2447
2447
2447
2447
2447
2447
2447
2447
2447
2447
2447
2447
2447
2447
2447
2447
2447
2447
2447
2447
2447
2447
2447
2447
2447
2447
2447
2447
2447
2447
2447
2447
2447
2447
2447
2447
2447
2447
2447
2447
2447
2447
2447
2447
2447
2447
2447
2447
2447
2447
2447
2447
2447
2447
2447
2447
2447
2447
2447
2447
2447
2447
2447
2447
2447
2447
2447
2447
2447
2447
2447
2447
2447
2447
2447
2447
2447
2447
2447
2447
2447
2447
2447
2447
2447
2447
2447
2447
2447
2447
2447
2447
2447
2447
2447
2447
2447
2447
2447
2447
2447
2447
2447
2447
2447
2447
2447
2447
2447
2447
2447
2447
2447
2447
2447
2447
2447
2447
2447
2447
2447
2447
2447
2447
2447
2447
2447
2447
2447
2447
2447
2447
2447
2447
2447
2447
2447
2447
2447
2447
2447
2447
2447
2447
2447
2447
2447
2447
2447
2447
2447
2447
2447
2447
2447
2447
2447
2447
2447
2447
2447
2447
2447
2447
2447
2447
2447
2447
2447
2447
2447
2447
2447
2447
2447
2447
2447
2447
2447
2447
2447
2447
2447
2447
2447
2447
2447
2447
2447
2447
2447
2447
2447
2447
2447
2447
2447
2447
2447
2447
2447
2447
2447
2447
2447
2447
2447
2447
2447
2447
2447
2447
2447
2447
2447
2447
2447
2447
2447
2447
2447
2447
2447
2447
2447
2447
2447
2447
2447
2447
2447
2447
2447
2447
2447
2447
2447
2447
2447
2447
2447
2447
2447
2447
2447
2447
2447
2447
2447
2447
2447
2447
2447
2447
2447
2447
2447
2447
2447
2447
2447
2447
2447
2447
2447
2447
2447
2447
2447
2447
2447
2447
2447
2447
2447
2447
2447
2447
2447
2447
2447
2447
2447
2447
2447
2447
2447
2447
2447
2447
2447
2447
2447
2447
2447
2447
2447
2447
2447
2447
2447
2447
2447
2447
2447
2447
2447
2447
2447
2447
2447
2447
2447
2447
2447
2447
2447
2447
2447
2447
2447
2447
2447
2447
2447
2447
2447
2447
2447
2447
2447
2447
2447
2447
2447
2447
2447
2447
2447
2447
2447
2447
2447
2447
2447
2447
2447
2447
2447
2447
2447
2447
2447
2447
2447
2447
2447
2447
2447
2447
2447
2447
2447
2447
2447
2447
2447
2447
2447
2447
2447
2447
2447
2447
2447
2447
2447
2447
2447
2447
2447
2447
2447
2447
2447
2447
2447
2447
2447
2447
2447
2447
2447
2447
2447
2447
2447
2447
2447
2447
2447
2447
2447
2447
2447
2447
2447
2447
2447
2447
2447
2447
2447
2447
2447
2447
2447
2447
2447
2447
2447
2447
2447
2447
2447
2447
2447
2447
2447
2447
2447
2447
2447
2447
2447
2447
2447
2447
2447
2447
2447
2447
2447
2447
2447
2447
2447
2447
2447
2447
2447
2447
2447
2447
2447
2447
2447
2447
2447
2447
2447
2447
2447
2447
2447
2447
2447
2447
2447
2447
2447
2447
2447
2447
2447
2447
2447
2447
2447
2447
2447
2447
2447
2447
2447
2447
2447
2447
2447
2447
2447
2447
2447
2447
2447
2447
2447
2447
2447
2447
2447
2447
2447
2447
2447
2447
2447
2447
2447
2447
2447
2447
2447
2447
2447
2447
2447
2447
2447
2447
2447
2447
2447
2447
2447
2447
2447
2447
2447
2447
2447
2447
2447
2447
2447
2447
2447
2447
2447
2447
2447
2447
2447
2447
2447
2447
2447
2447
2447
2447
2447
2447
2447
2447
2447
2447
2447
2447
2447
2447
2447
2447
2447
2447
2447
2447
2447
2447
2447
2447
2447
2447
2447
2447
2447
2447
2447
2447
2447
2447
2447
2447
2447
2447
2447
2447
2447
2447
2447
2447
2447
2447
2447
2447
2447
2447
2447
2447
2447
2447
2447
2447
2447
2447
2447
2447
2447
2447
2447
2447
2447
2447
2447
2447
2447
2447
2447
2447
2447
2447
2447
2447
2447
2447
2447
2447
2447
2447
2447
2447
2447
2447
2447
2447
2447
2447
2447
2447
2447
2447
2447
2447
2447
2447
2447
2447
2447
2447
2447
2447
2447
2447
2447
2447
2447
2447
2447
2447
2447
2447
2447
2447
2447
2447
2447
2447
2447
2447
2447
2447
2447
2447
2447
2447
2447
2447
2447
2447
2447
2447
2447
2447
2447
2447
2447
2447
2447
2447
2447
2447
2447
2447
2447
2447
2447
2447
2447
2447
2447
2447
2447
2447
2447
2447
2447
2447
2447
2447
2447
2447
2447
2447
2447
2447
2447
2447
2447
2447
2447
2447
2447
2447
2447
2447
2447
2447
2447
2447
2447
2447
2447
2447
2447
2447
2447
2447
2447
2447
2447
2447
2447
2447
2447
2447
2447
2447
2447
2447
2447
2447
2447
2447
2447
2447
2447
2447
2447
2447
2447
2447
2447
2447
2447
2447
2447
2447
2447
2447
2447
2447
2447
2447
2447
2447
2447
2447
2447
2447
2447
2447
2447
2447
2447
2447
2447
2447
2447
2447
2447
2447
2447
2447
2447
2447
2447
2447
2447
2447
2447
2447
2447
2447
2447
2447
2447
2447
2447
2447
2447
2447
2447
2447
2447
2447
2447
2447
2447
2447
2447
2447
2447
2447
2447
2447
2447
2447
2447
2447
2447
2447
2447
2447
2447
2447
2447
2447
2447
2447
2447
2447
2447
2447
2447
2447
2447
2447
2447
2447
2447
2447
2447
2447
2447
2447
2447
2447
2447
2447
2447
2447
2447
2447
2447
2447
2447
2447
2447
2447
2447
2447
2447
2447
2447
2447
2447
2447
2447
2447
2447
2447
2447
2447
2447
2447
2447
2447
2447
2447
2447
2447
2447
2447
2447
2447
2447
2447
2447
2447
2447
2447
2447
2447
2447
2447
2447
2447
2447
2447
2447
2447
2447
2447
2447
2447
2447
2447
2447
2447
2447
2447
2447
2447
2447
2447
2447
2447
2447
2447
2447
2447
2447
2447
2447
2447
2447
2447
2447
2447
2447
2447
2447
2447
2447
2447
2447
2447
2447
2447
2447
2447
2447
2447
2447
2447
2447
2447
2447
2447
2447
2447
2447
2447
2447
2447
2447
2447
2447
2447
2447
2447
2447
2447
2447
2447
2447
2447
2447
2447
2447
2447
2447
2447
2447
2447
2447
2447
2447
2447
2447
2447
2447
2447
2447
2447
2447
2447
2447
2447
2447
2447
2447
2447
2447
2447
2447
2447
2447
2447
2447
2447
2447
2447
2447
2447
2447
2447
2447
2447
2447
2447
2447
2447
2447
2447
2447
2447
2447
2447
2447
2447
2447
2447
2447
2447
2447
2447
2447
2447
2447
2447
2447
2447
2447
2447
2447
2447
2447
2447
2447
2447
2447
2447
2447
2447
2447
2447
2447
2447
2447
2447
2447
2447
2447
2447
2447
2447
2447
2447
2447
2447
2447
2447
2447
2447
2447
2447
2447
2447
2447
2447
2447
2447
2447
2447
2447
2447
2447
2447
2447
2447
2447
2447
2447
2447
2447
2447
2447
2447
2447
2447
2447
2447
2447
2447
2447
2447
2447
2447
2447
2447
2447
2447
2447
2447
2447
2447
2447
2447
2447
2447
2447
2447
2447
2447
2447
2447
2447
2447
2447
2447
2447
2447
2447
2447
2447
2447
2447
2447
2447
2447
2447
2447
2447
2447
2447
2447
2447
2447
2447
2447
2447
2447
2447
2447
2447
2447
2447
2447
2447
2447
2447
2447
2447
2447
2447
2447
2447
2447
2447
2447
2447
2447
2447
2447
2447
2447
2447
2447
2447
2447
2447
2447
2447
2447
2447
2447
2447
2447
2447
2447
2447
2447
2447
2447
2447
2447
2447
2447
2447
2447
2447
2447
2447
2447
2447
2447
2447
2447
2447
2447
2447
2447
2447
2447
2447
2447
2447
2447
2447
2447
2447
2447
2447
2447
2447
2447
2447
2447
2447
2447
2447
2447
2447
2447
2447
2447
2447
2447
2447
2447
2447
2447
2447
2447
2447
2447
2447
2447
2447
2447
2447
2447
2447
2447
2447
2447
2447
2447
2447
2447
2447
2447
2447
2447
2447
2447
2447
2447
2447
2447
2447
2447
2447
2447
2447
2447
2447
2447
2447
2447
2447
2447
2447
2447
2447
2447
2447
2447
2447
2447
2447
2447
2447
2447
2447
2447
2447
2447
2447
2447
2447
2447
2447
2447
2447
2447
2447
2447
2447
2447
2447
2447
2447
2447
2447
2447
2447
2447
2447
2447
2447
2447
2447
2447
2447
2447
2447
2447
2447
2447
2447
2447
2447
2447
2447
2447
2447
2447
2447
2447
2447
2447
2447
2447
2447
2447
2447
2447
2447
2447
2447
2447
2447
2447
2447
2447
2447
2447
2447
2447
2447
2447
2447
2447
2447
2447
2447
2447
2447
2447
2447
2447
2447
2447
2447
2447
2447
2447
2447
2447
2447
2447
2447
2447
2447
2447
2447
2447
2447
2447
2447
2447
2447
2447
2447
2447
2447
2447
2447
2447
2447
2447
2447
2447
2447
2447
2447
2447
2447
2447
2447
2447
2447
2447
2447
2447
2447
2447
2447
2447
2447
2447
2447
2447
2447
2447
2447
2447
2447
2447
2447
2447
2447
2447
2447
2447
2447
2447
2447
2447
2447
2447
2447
2447
2447
2447
2447
2447
2447
2447
2447
2447
2447
2447
2447
