3235
2608
2635
2608
2609
2271
2609
2657
2756
2867
2867
2872
2867
2487
2189
2816
2419
1983
1984
1983
2281
2823
2982
3009
3009
2850
2823
2196
1682
1583
1742
2066
2446
2473
2446
2545
2981
2439
2391
2011
1766
1767
1794
1695
1743
1988
1829
2456
2615
3129
3102
2991
2991
2746
2232
2477
2721
2094
1756
1432
1829
1585
1829
2231
2342
2097
1986
1584
1148
1584
1425
1763
1862
2107
2431
2133
2085
1986
1986
2145
1821
2335
2335
2633
2197
2824
2580
2183
2210
2321
2369
2693
3129
2970
2456
2461
2123
2461
2620
2719
2719
3261
3641
3014
3411
3384
3628
4030
3786
3785
3780
3378
3054
3053
3058
3058
2899
2654
2356
2600
2898
2850
3095
3143
3144
3145
3034
3548
3250
3361
3360
3022
3181
3208
3209
2695
3322
3620
4022
3625
3514
3078
2536
1909
2247
2002
1903
1744
2141
2140
2251
1913
1533
1857
1852
2288
2533
3047
3047
3206
3586
3427
3103
2706
2706
2706
2304
2305
2305
2707
2866
2866
2871
2870
2871
2866
2839
3177
3276
3031
2872
3499
3658
3031
2872
3196
3738
4365
4027
4365
4067
3823
3443
3443
3840
4084
4243
3841
3793
3549
3450
3498
3498
3160
3405
3410
3299
3637
3589
3430
3832
3827
3489
3489
3488
3052
3079
2834
2833
3269
3270
3270
3369
3480
3485
3049
3294
3592
3190
3528
3204
3584
3632
3252
3654
3813
3702
3946
3319
2922
3302
3058
3494
3058
3494
3156
3156
3108
3446
3441
3196
3593
4220
4464
4575
4820
4576
4278
4602
4650
4539
4538
4293
4404
4305
3925
3814
3814
4059
4060
3815
3301
3142
3147
3099
3100
3199
3198
3712
3760
3755
3866
4025
3623
3623
3226
2684
2636
2635
2636
2122
2095
1936
1941
1942
1990
1942
1843
2141
2189
1851
1740
2137
2137
2136
2136
2235
2573
2732
2434
2335
2334
2334
2714
2390
2489
2490
3032
3033
3435
3462
3457
3456
3461
3123
2743
2743
2201
2539
2784
2625
2526
1899
2197
1952
2051
2052
2025
2652
2897
2849
3173
2776
3290
2888
2550
2661
2147
1902
2416
1980
1975
2372
2617
2617
2997
2997
2617
2861
3403
3783
3241
2997
2600
2599
2354
2402
2291
1993
2429
2456
2754
2727
2347
2049
2591
2836
2400
2076
2028
2187
2088
2187
2188
2590
2987
2828
3166
3165
2763
2790
3192
3165
3463
2921
2583
2285
2583
2963
2990
2588
2636
2635
2794
2767
2768
2769
3311
3338
3676
3279
2981
2986
2985
2443
2198
2198
2193
2034
2039
2363
2264
2661
2906
2905
3149
3149
3150
3151
3250
2912
2911
2863
2911
3209
3110
2786
2541
2542
2515
2467
2578
2578
2902
2897
3142
2897
2996
2616
2102
2150
2039
2419
2418
2577
2418
2854
3368
2741
2852
2753
2753
2642
2741
3143
3388
3389
3290
2854
3013
3640
3260
3640
3978
3733
3395
3347
3346
3888
3261
2937
3275
3711
3810
3374
3379
3374
3130
3454
3502
2988
3015
3014
2472
2583
2556
2457
2458
2459
2973
2862
2862
2348
2862
2814
2516
2761
2423
2471
3013
3112
3548
3389
3500
3255
3282
3580
3580
3580
3183
3182
3183
2781
2483
2047
2483
2781
2780
2456
2429
1915
2317
2316
2268
1832
1721
2235
2480
2078
2475
2177
2515
2839
2840
2999
2485
2783
2538
2379
2427
2428
2104
2104
2618
2221
2465
2901
2900
2905
2905
2906
2662
2986
3013
3013
3410
3654
3653
3653
3554
3549
3035
2987
3086
2762
3086
2544
2789
2762
2518
3032
3659
3659
3223
3223
2899
2654
2898
2799
2804
2424
1910
1937
1693
1937
1540
1976
1977
2374
2374
2473
2473
2374
2374
2130
2125
1787
2301
1904
1903
1876
2278
2602
2713
2761
2761
2788
3032
3574
3573
3573
3249
3138
3139
3091
2464
2575
2576
2575
2548
2146
1632
2146
1710
1955
2293
1955
1844
2471
2809
2808
3205
3253
2915
2920
2523
2523
2524
2551
2503
2905
2660
2660
2759
3139
3477
3801
3796
3796
3458
3796
4193
4094
3697
3856
4292
3890
4001
4000
3973
4072
3961
4358
4469
4171
3657
3319
2939
3319
2939
2944
2945
3243
3270
3672
3667
3667
4047
4052
3728
3569
3893
3595
3193
2949
2850
3188
3077
3236
3284
3383
3897
3270
3897
4142
3762
3762
3761
3762
4142
4115
4116
4518
4273
4384
4384
4384
4384
4384
3842
3841
3214
3103
3104
3731
3975
3348
3189
3487
3085
2841
2841
3243
2863
3405
2891
3518
3513
3077
2675
2675
2048
2428
2864
2816
2478
2477
2879
2879
3506
3533
3871
4115
4120
3876
3876
3871
3329
3574
3685
4227
4471
4471
4069
3731
4133
4292
3994
3367
3881
4508
4806
4426
4474
4038
4011
3900
3602
3200
3200
2686
2587
2263
2018
1774
1801
2237
2639
2638
2639
2937
2942
2942
2942
2941
3279
3280
3232
3233
3232
3556
3551
3795
3457
3055
3457
3298
3298
2756
2129
2130
2241
2868
2841
3179
2841
2868
3027
2916
2915
3160
3702
3750
3208
2964
2965
2965
2965
2917
2290
1854
1853
1952
1628
1601
1502
2044
1799
1402
1450
1152
1450
1886
1891
1593
1704
1162
1162
1161
1485
1437
1735
2249
2348
2349
2190
1866
2493
2541
2493
2890
2890
2938
2937
2540
2785
3123
2878
2879
3123
3282
3283
3825
3198
3099
3099
3098
2800
2398
2287
1773
1872
1436
1431
1383
1410
1521
1520
1182
1155
1155
1453
1354
1692
1354
1981
2008
2346
2726
3240
3129
3453
3453
3454
3890
3592
3592
3593
3051
2615
2277
2277
2522
2924
2929
2605
1978
1464
1220
1331
1728
2026
2025
2025
1628
1966
2508
1966
1586
1585
1829
1824
1579
1903
2300
2680
2681
2383
2431
2430
2271
1933
1885
2321
1885
1561
1317
1562
1998
2322
1920
1523
1524
1862
1835
1834
2078
1967
2066
2608
3005
3632
3743
3201
3090
2752
3294
3342
3680
3053
3351
3027
3541
3297
3249
3493
4120
3493
3096
2798
2460
3087
3198
2818
2977
2977
2977
2977
2977
3374
2747
2502
1960
1965
2367
2367
2368
2416
2740
2740
3367
3394
3639
3634
3007
2959
2800
2555
2554
2527
2865
2866
2865
3407
3069
2555
2800
2403
2403
2292
1968
2595
2754
3268
3592
3593
3598
3274
3269
3269
3607
3987
4035
4146
4147
4147
3605
3091
3118
3632
3388
2874
2826
2826
3124
2786
2627
2225
2225
2225
1927
1816
1927
1900
1948
1512
1948
1953
1854
1806
2104
1806
2050
2388
2388
2387
2387
2546
3088
3602
3602
3602
3443
3332
2818
3332
3088
3490
3538
3637
3392
3637
3095
2693
2852
3249
2852
2847
2848
2800
3202
3202
3250
3249
3090
2576
2577
2821
2577
2577
2529
2528
3070
2825
3069
3117
2490
2788
3185
3344
3345
3007
2571
2576
2603
3039
3363
3362
3361
3362
3314
3828
4166
3868
3868
3466
3577
3197
2655
2703
2189
1792
1791
1453
1855
1807
2052
1893
1569
1542
2169
2169
2170
2494
2495
1868
1867
1768
2395
2693
2693
2741
2900
2999
3000
3514
3216
2971
2872
2971
2966
3304
3304
3304
3060
2901
2900
2273
2273
2273
2272
2431
2431
2432
2677
2566
2242
2566
2228
2526
2531
2286
2624
3021
3132
2730
2757
2419
2320
2862
3489
3489
3092
3093
3192
3191
3080
3191
3436
3816
3768
3768
4012
3853
3848
3849
3335
3037
3551
3953
4112
3868
3709
3329
3573
3573
3871
3357
3695
4075
4075
3976
4373
4075
4234
4333
3936
3777
3777
3782
3782
3671
3347
2911
2911
2911
3070
2825
2798
3312
3068
3063
3499
3547
3658
4055
4055
4082
4055
4379
4220
4219
3705
3594
3192
3437
3442
3956
3908
3935
3935
4094
4093
4093
4093
4094
3756
3756
4158
4059
4107
4102
4054
4053
4053
3894
3894
3899
3894
3942
3943
3916
4160
4458
4061
3816
3975
3975
3976
3981
3822
3981
4092
4092
4430
4050
3423
3423
3522
3008
3007
3007
3521
3918
3482
3477
3318
3477
3366
3366
3366
3068
3020
3068
3020
3131
3032
3031
3058
2544
2924
2586
2634
2586
2586
2342
2441
2441
2039
2039
1659
1560
1940
1913
2211
2212
1815
2212
2648
2648
2647
2647
3161
3166
3167
2731
2732
2977
2976
3024
3426
3181
2883
3181
3617
3862
3348
3862
3751
3752
3454
3454
3481
4108
3784
4122
4121
4120
3578
3876
3717
3718
4042
4015
3677
3672
3292
3297
3839
3838
3211
3211
2913
2516
2543
2841
2836
2947
2433
2947
2947
3285
3529
3529
4156
4157
4537
4696
4451
4696
4669
4289
4178
3776
3875
3716
3721
3476
3587
3746
3747
3205
3205
3747
4149
4038
4283
4278
3651
3650
3651
3651
3656
3254
2916
3318
3945
3945
4342
3828
3828
4342
4342
4369
4364
4363
4039
3603
3603
3305
3146
3151
2907
3018
3262
3262
3263
3164
2920
2406
1779
1779
1752
2188
2188
2568
2812
2568
2568
2567
2811
2269
2607
2766
3308
3308
3308
2766
2428
2429
2767
3281
3281
3037
2523
2622
2621
2219
2246
2001
2543
2945
2565
2466
2355
2355
2735
2735
3249
2847
2848
2847
3092
2754
2754
2509
2753
2864
3188
2808
3435
3191
2755
2644
2617
2293
2404
2742
2737
2737
2981
3279
2941
2314
2559
2939
2397
2721
2820
2819
3157
3699
4101
4728
4617
4617
4279
4306
4147
4583
4556
4561
4556
4311
4422
4449
4450
4455
4356
3976
3976
3349
3051
3052
2808
2697
3324
3276
3324
3704
3190
3185
3284
3529
4043
4043
4042
4201
3765
3441
3779
3534
3435
3435
3871
4169
4493
4113
3711
3955
4357
4019
4019
4024
3780
3456
3567
3562
3567
3811
4056
3897
4277
3880
4277
4278
4278
4616
4180
3783
3735
3734
3729
3484
3583
3980
3583
3583
3556
3176
3077
3082
3083
2569
2668
2668
2992
3019
3019
2721
2622
2781
2781
2829
2828
2584
2585
2585
2982
2580
2579
2678
2519
2514
2519
2471
2471
2630
2629
2873
2331
2767
2740
2343
2338
2735
2736
3278
3326
2699
2361
1925
2552
3066
3071
3473
3425
2798
2797
2798
2846
3091
3043
3042
3037
2713
2714
2312
2067
2115
2551
2552
2393
2393
2393
2420
2321
2321
2326
1929
1928
1923
1923
2550
2555
2311
2312
2692
2687
2846
2735
2834
2945
2945
2403
2800
2701
2304
2309
2553
2552
2525
2281
2276
1896
1785
2165
2006
2006
2005
2547
2574
2574
2733
2978
2951
2951
2952
3354
3381
3381
2867
2867
3205
3316
2936
3260
3212
3217
3217
2893
3137
3534
3132
3131
3455
3969
3970
3970
3970
3970
3456
3059
3357
3759
3435
3434
3136
3516
3840
3298
2960
2961
2637
2235
2632
2605
2605
3119
2739
3281
3308
3308
3303
3402
3375
3130
3454
3453
3698
3699
3375
3374
3672
3699
3699
3700
3186
3185
3186
3187
3076
3075
3048
3428
3428
3539
3941
4279
4284
4173
4687
4688
4529
4093
4120
4120
3740
4120
3740
3343
3045
3156
3480
3860
4019
3920
4019
4019
4019
4014
3855
3531
3432
3405
3404
3431
3431
3431
3320
3431
3431
3867
3867
3915
4074
4074
4074
4026
3399
3399
3400
3400
3400
3400
3399
3447
3203
2661
2760
2515
2488
2489
2886
2886
2775
2780
2779
2441
2686
2685
3023
3023
3023
2975
2539
2540
2976
3003
2976
3300
3300
3842
4086
3684
3585
3987
3987
4086
4713
4375
3748
3749
3352
3650
3248
3004
3003
3002
3399
3154
3154
3399
3101
3212
3260
3504
3393
3234
3345
3683
3635
3635
4262
4421
4422
3795
3843
3744
4371
4212
4213
4212
3968
3454
3553
3117
3006
2761
3005
2608
3010
2383
2383
2819
2575
2575
2734
2761
2756
2320
2272
2245
2489
2489
2516
2178
2614
3241
3242
2918
2674
2047
1948
1948
1546
1943
1546
1519
1857
1315
1942
2041
2041
2089
2333
2578
2334
2334
2632
2631
2293
2293
2293
2194
2146
2173
1793
1794
2336
2336
2660
2362
2764
2519
2518
2518
2629
2305
2685
2658
2657
2981
2982
2355
2355
2355
2599
2647
2488
2488
2786
2462
2489
2494
3121
2685
2305
2819
2978
3375
3216
3216
2702
2701
2304
2549
3063
3387
3276
3249
3646
3249
3629
3629
4065
4065
4403
4403
4502
4503
4404
4404
4080
3566
3565
3566
3321
3321
3566
3566
3321
3432
3591
3253
2711
2467
2468
2468
2420
2664
3178
3575
3464
3788
4330
4329
4356
4355
4403
4159
4159
4404
4007
3762
3603
3279
3390
3363
3363
3462
3707
3734
3978
4302
4004
4005
4164
3920
3893
3351
3350
2723
2750
3377
3621
3573
3462
3463
3463
3574
3971
4269
4269
4268
4241
3997
3898
3271
3271
2869
3113
2869
3496
3251
2854
2854
2854
2854
2855
2341
2341
2341
2738
3140
3385
3899
3654
3899
4441
4489
4484
4048
4048
4292
4133
3889
3778
3480
3579
3877
3878
3251
3495
3522
3125
3125
3130
2728
3164
3566
4193
4590
3963
4301
3977
3977
3597
3083
2647
2646
2970
2965
2627
3007
3008
3008
2981
3417
4044
4049
4001
4001
4001
4001
4001
4000
4000
4048
3803
3803
3559
3897
3798
3793
4307
3983
4142
3740
4064
4063
4063
4063
4465
4167
4168
4466
4711
4466
4493
4498
4096
4498
4499
4451
4562
4562
4807
4807
4648
4310
4554
4549
4549
3922
3678
3777
3776
4403
4403
4451
4451
4451
4071
3529
3688
3688
3286
3286
3286
3286
3041
2717
2716
2689
2175
2180
2582
2906
2933
3178
3178
3173
3174
3174
3173
3174
2738
2738
2579
2552
2552
2504
2206
2642
2642
2886
2913
3293
2857
2857
2746
3044
3017
3017
3016
3017
2772
2392
2730
2103
2214
2650
2539
2295
2675
2786
3413
3011
3038
3038
2714
2715
3039
3044
2933
2906
3151
3310
3554
3554
3549
3576
2949
2651
2651
2650
2651
2492
2603
2602
2650
2655
2655
2814
2417
2412
2412
2710
3107
3107
3112
3107
2671
2671
2671
3298
3303
3276
3177
2879
2878
2879
2879
2879
2879
2878
2554
2174
2201
2201
1957
2393
2393
2393
2393
2492
2492
2465
2460
2974
3272
3161
3541
4083
3924
3586
3538
3586
3697
3697
3452
3452
3611
3855
3313
2916
2917
2818
3142
3539
3491
4033
4060
4060
4462
4462
4462
4800
4801
4800
4805
4805
4291
4291
4339
4339
4584
4584
4584
4182
4183
4135
3891
3511
3075
3074
2677
2677
2379
2893
2892
2865
2865
2865
2865
2620
2620
2621
2621
2720
3100
3536
3537
3537
3934
3934
3933
3834
3398
3398
3287
3287
2907
3343
3641
3244
3244
3239
3484
3186
3297
2755
2755
2596
2597
2624
2868
2354
2652
2652
2657
2657
2657
3054
3027
2782
2346
2345
2345
2345
2725
3267
3315
3314
2934
3448
3828
4264
4291
4292
4265
3638
4040
4040
4667
4912
4912
4912
4939
4912
4668
4668
4668
4344
4344
4344
4443
4046
4047
3936
3936
3931
3883
3931
3958
3957
3930
4041
4041
3796
3685
3283
3680
3924
3626
3229
2985
2985
3387
3632
3631
3955
4199
3875
4173
4497
4608
4608
4613
4613
4565
4613
4233
4234
4233
4234
4233
4233
4260
3824
3983
4380
3983
3984
3873
3873
3774
4171
3657
4171
4123
3581
3576
3576
3624
3624
3735
3490
2976
2928
3173
3062
3161
3160
3702
3702
3703
3751
4187
3785
4187
4567
4678
4678
4433
4947
4947
4320
4321
4321
3919
3405
3405
3405
3294
3294
3294
3405
3008
3253
3253
3008
2981
2981
2981
2980
2736
2737
3364
3253
3094
3491
3735
3411
3416
3019
2477
2477
2477
2139
2653
3055
3379
3490
4032
4032
3652
3541
3541
3652
3651
3646
3646
3645
4025
3589
3490
3491
3247
3252
2928
3172
3167
3505
3941
4186
3888
3643
3888
3987
3939
3537
3537
3696
3744
3500
2986
2986
3388
3632
3632
3632
3473
2846
2846
2601
2628
2628
2873
2873
2873
3387
3685
3143
2898
2871
3195
2815
2704
2949
2949
2625
2784
2811
2811
3208
2870
3497
3496
3469
3469
4011
4012
3853
3417
3444
3782
3782
3781
3781
3537
3023
3023
3347
3348
3507
3507
3408
3409
3409
3408
3519
3195
3631
3631
3234
3631
3875
3874
3536
3536
3874
3879
3874
3847
3603
3444
3445
3446
2904
2904
3446
3445
3446
3826
3826
3284
3443
3443
3957
3956
3520
3956
3957
3909
4153
4201
4200
3686
3442
3956
3957
3957
3555
3555
3560
3560
3659
3658
3658
3547
3448
3449
3449
3449
3204
3204
3203
3605
4147
3767
3767
3768
3430
3430
3810
3810
4055
3896
3895
3922
4260
4371
4344
4668
4668
4557
4259
4259
4259
4260
3936
4095
4090
3463
3462
3573
3573
3573
3193
3220
3061
2547
2546
2547
2791
2680
3004
3103
3103
3103
3004
3384
3046
3344
3343
3343
3343
3454
3454
3156
2759
2764
2737
3134
2737
2737
2896
3293
3807
4145
4172
4145
3631
3307
3063
3090
3388
4015
4529
4530
4774
4476
4476
4477
4775
4770
4472
4472
4445
4201
4201
3687
4201
3765
3764
3653
3605
3446
3473
3473
3472
3520
3472
3770
3929
3929
3929
3929
3929
3930
3930
3931
4030
4030
4030
3633
4030
4035
3697
4021
4016
4016
3692
3691
3802
4140
4140
4140
4188
3890
3890
3645
3645
3650
3650
3023
3347
3347
3342
3586
3184
3586
4213
4114
3712
3388
3388
2874
2874
2874
2874
2973
2973
3487
3487
3243
3243
3195
3195
3168
3167
3167
3167
3491
3491
3496
3523
3524
3926
3767
4203
4447
4442
4442
4045
4045
4045
4290
4295
4290
4290
4338
4311
4067
4311
4212
4510
4510
4669
4424
4376
4217
3919
4217
4265
4424
4821
4826
4488
4489
4484
4373
4378
4378
4377
4376
3749
3750
3750
3750
3750
4377
3941
3941
3697
3698
3697
3697
3697
3697
3941
3941
3968
3968
3644
3644
3596
4032
4080
4080
4418
4529
4231
3851
3851
3851
3803
3803
4048
4346
4008
4388
3874
3494
3494
3467
3805
3467
3466
3461
3461
3461
3216
3315
3363
3363
3364
3265
3265
3106
2995
2996
2996
2698
2698
2943
2943
2948
3047
3047
3042
3041
2499
2823
3121
3232
3184
3343
3343
3723
3723
3564
3564
3564
3564
3564
3465
3564
3564
4106
4620
4958
4985
4985
4647
4349
4354
4652
4652
4647
4402
4022
4022
4267
4268
4268
4267
4267
4647
4648
4696
4696
4701
4860
4860
4615
4615
4614
4316
4311
4311
4152
4125
4125
4125
4125
4014
4041
4041
3942
4041
4041
3717
3717
3722
3695
3940
3967
3967
3967
3919
3967
3967
4078
3676
3676
3835
3835
3676
3675
3675
3627
3965
4263
4263
4164
3784
3784
3673
3673
3668
3668
4070
4043
4044
4044
4044
3746
3857
3857
3857
3857
3884
3639
3639
3612
3612
3612
3613
3772
3772
4017
3679
3137
2978
3276
3614
3662
3614
3614
3369
3396
3641
3396
3401
3157
3537
3023
3018
2907
2907
3421
3532
3691
3696
3585
3830
3830
3492
3247
3247
3789
3789
4127
4126
3967
3967
3967
3967
3453
3452
3447
3495
3739
3342
3004
3004
2602
2602
3116
3116
3116
3275
3275
3275
3031
3276
3276
3249
3250
3250
3250
3250
3250
3202
3446
3447
3447
3474
3474
3871
3871
3870
3981
3954
3327
3327
3729
3729
3728
3728
3214
3241
3340
3967
3723
3723
3723
3723
4237
4210
4210
4237
4237
4238
4238
4238
4238
4562
4562
4610
4365
4206
4158
4402
4401
4560
4533
4131
4131
4131
4131
4131
4533
4560
4560
4805
4507
4396
4694
4699
4747
4423
4423
4424
4424
4126
4126
4078
4078
4073
3974
4312
4636
4256
4636
4234
4234
4333
4333
4333
4306
4306
4604
4445
4445
4445
4446
4445
4556
4457
4462
4510
4510
4511
4913
4913
4913
5072
5067
5019
5046
5046
5045
5045
5045
5050
4939
4912
4668
4667
4667
4911
4912
4912
4911
4531
4532
4532
4532
4096
4096
4532
4532
4527
4527
3985
3985
3985
3990
4017
4017
4397
4397
4508
4508
4508
4072
4508
4263
4263
4263
4362
4904
4904
4904
4899
4872
4492
3978
3978
3978
3879
3635
3734
3782
3683
3782
3809
3782
3787
3787
3787
4301
4545
4540
4540
3913
3913
3814
3814
3841
3517
3518
3518
3491
3247
3246
3491
3490
2976
2976
3075
3076
2917
2672
2831
2732
3056
3055
3435
3440
3392
3387
3392
3419
3392
3392
3419
3419
3664
3664
3664
3664
3637
3095
3096
3096
3340
3854
3610
3610
3709
3709
3953
3953
3953
3953
4580
4580
4580
4580
4580
4335
4383
4384
4384
4411
4410
4411
4411
4167
4162
4162
4162
3838
3837
3499
3388
3388
3361
3366
3366
3366
3704
3948
3512
3464
3464
3788
3836
3836
3737
3737
4173
4173
3929
3929
3930
3606
3705
3950
3950
3977
4301
4274
4274
4301
3899
4010
3983
3983
3982
3982
4009
3685
3684
3525
4067
4067
4067
4019
4019
4019
4019
4019
4019
4019
4421
4422
4422
4422
4417
4318
4642
4642
4641
4689
4689
4933
4934
4907
4907
4934
4934
4554
4506
4261
4017
4261
4260
4260
4260
4233
4478
4478
4505
4261
4261
4261
4261
4261
4234
4235
4234
3936
3936
3936
3937
4036
4036
4037
4037
4037
4335
4715
4313
4557
4557
4562
4562
4126
4126
4126
3746
3746
3746
3746
3794
3793
3495
2981
3008
3008
3167
3167
3167
3569
3569
3564
3944
3944
3949
3901
3949
4463
4364
4364
4316
4316
4289
4289
4725
4725
5023
4778
4778
4778
4778
4667
4667
4508
4184
4183
4231
4476
4476
4178
4173
3835
3835
3836
3836
3995
3994
3994
3994
3749
3749
3750
3506
3506
3804
3804
3804
4128
4128
4128
4372
4483
4483
4582
4258
4258
4099
4423
4668
4669
5007
5007
5034
5193
5193
4855
4854
4755
4644
4644
4644
4644
4982
4982
4982
4738
4982
5081
5086
4987
4987
4987
4960
4912
4907
4934
4934
4907
4934
4934
4933
4933
4689
4689
4444
4444
3930
3771
3744
3989
3989
3994
4508
4508
4508
4619
4619
4718
4766
4766
4766
4793
4793
4396
4348
4321
4321
4316
4316
4217
4461
4461
4560
4561
4561
4237
4285
4237
4237
4237
4285
3743
3743
3743
3743
4140
3704
3704
3731
3731
3731
3730
3730
3730
3432
3321
3619
3620
3731
3731
3732
4274
4273
4273
4274
4029
4029
4028
4028
4028
4001
4000
4324
4483
4483
4483
4483
4086
4091
4091
4092
4092
3993
3993
3993
3993
3655
3357
3384
3384
3225
2711
2711
2711
3225
3523
3412
3848
4245
4245
4245
4240
4245
3843
3843
3843
3954
3710
3710
3710
3954
3954
3440
3441
3843
4002
4002
4340
4016
3619
3618
3591
3591
3591
3591
3618
3618
3280
3604
3603
3598
3598
3598
3598
3598
3599
3604
3942
3942
3831
3830
3831
3830
3831
3804
3804
3915
4014
3634
3634
3634
4031
4276
4276
4303
4302
4297
4052
4052
4052
3425
3326
3706
3711
3387
3089
3089
3603
3603
3206
3504
3504
3828
3426
3426
3823
3818
4063
4063
4063
4162
4162
4162
4162
4564
4564
4564
4569
4569
4569
4569
4569
4564
5191
5092
5065
5017
5017
4772
4777
4778
4773
4778
4778
4778
4778
4778
4779
5024
5024
5024
4779
4778
4778
4778
4778
4778
4667
4778
4778
4779
4774
4773
4772
4474
4772
4772
4772
4820
4820
4820
4821
4662
4418
4577
4577
4577
4529
4529
4628
4655
4655
4258
4258
4147
4147
3988
3988
3988
4099
4099
4099
4147
4048
4048
4053
4053
4054
4054
4054
4053
4053
4212
4212
4456
4456
4555
4555
4555
4555
4555
4555
4555
4555
4153
4153
3829
4074
4069
4069
4471
4471
4312
4312
4312
4312
4313
4472
4472
4424
4748
4748
4748
4747
4747
4747
4752
4747
4636
4636
4391
4391
4391
4439
4440
4439
4684
4795
4795
4795
4795
4794
4794
4794
4799
4800
4800
4800
4800
4800
4799
4363
4315
4204
4204
4204
4204
4199
4200
4200
4200
4200
4200
4200
3798
3798
3798
4195
4243
4243
4216
4216
4216
4216
4216
3836
3836
3836
3836
3677
3836
3835
3835
3835
4237
4348
4348
4348
4348
4784
4784
4625
4652
4625
4625
4626
4302
4461
4488
4243
4488
4488
4488
4493
4492
4492
4816
5196
4799
4772
4772
4528
4528
4772
5169
5196
5169
5169
5169
5169
5169
5070
4528
4204
4204
4199
3954
4496
4496
4496
4497
4497
4497
4497
4449
4548
4596
4596
4623
4623
4623
4623
4623
4623
4622
4622
4523
4528
4501
4453
4453
4453
4698
4698
4725
4726
4721
4721
4820
4821
4821
4821
4722
4722
5046
5145
5145
5145
5118
5118
4959
4959
4959
4860
4908
4860
4749
4748
4748
4748
4748
4907
4906
4906
4906
4906
4661
4662
4773
4778
4778
4773
4773
4773
4773
4773
4773
4773
4435
4440
4440
4440
4043
4091
4091
4092
4092
4087
4484
4484
4729
4756
4756
4729
4828
4828
4828
4828
4827
4582
4581
4422
4020
3921
3921
3921
4259
4259
4259
4259
4259
4259
4661
4264
4153
3909
4154
4159
4270
4222
4619
4718
4718
4718
4718
4718
4420
4420
4420
4664
4665
4692
4990
5149
5149
5149
5149
5148
5148
5148
5037
5037
5037
5037
4739
4739
4739
4739
4739
4740
4495
4495
4495
4495
4793
4549
4550
4451
4451
4562
4561
4534
4534
4423
4450
4695
4695
4695
4696
4744
4499
4743
4988
4650
4645
4645
4645
4645
4983
4983
4935
4934
4934
4934
4933
4933
4933
4906
5005
5005
5005
5005
5005
5006
5006
5033
4874
4874
4874
4985
4984
4984
4548
4549
4549
4035
3924
3924
3924
3897
3896
3897
3559
3607
3607
3718
3718
3718
3718
3718
3718
4056
4008
3606
3606
3633
3633
3309
3309
3309
3823
3828
4230
4230
4230
4119
4118
4118
4118
4554
4554
4554
4713
4713
4713
4713
4686
4686
4686
4289
4337
4289
3991
3991
3991
3364
3364
3364
3364
3761
3761
3761
3788
3788
3789
3837
3838
3838
3838
3838
3838
3838
3838
3838
3838
3790
3545
3386
3386
3385
3358
3358
3358
3385
3385
3544
3544
3544
3545
3545
3545
3545
3843
3843
3842
3842
3598
3922
3922
3922
4166
4793
4279
4278
4279
4279
4280
4280
4280
4280
4280
4794
4794
4794
4794
4842
4815
4815
4815
4815
4815
4842
4842
4842
4842
4842
4953
4948
4900
4900
4873
4873
4873
4873
4873
4873
4873
4714
4719
4878
4905
4878
4877
4877
4877
4539
4877
4877
4441
4441
4441
4441
4197
4197
4198
4197
4197
4196
4196
4196
4196
4244
4244
4245
4245
4245
4489
4489
4925
4925
5170
5170
5170
5170
5170
5170
5170
5059
5054
5054
4674
4701
4706
4706
4706
4706
4706
4679
5059
4960
4961
4988
4988
4988
4988
4690
4690
4690
4789
4789
4789
4788
4788
4740
4788
4788
4788
4788
4788
4788
5086
5086
5197
5197
4859
4748
4721
5059
5086
5086
5081
5081
5054
5054
5054
5006
5006
5011
5011
5059
5059
5060
5059
5060
5060
5060
5060
5171
5170
5170
5170
5170
5170
5170
5170
4846
4846
4846
4846
4846
4747
4747
4699
4588
4636
4636
4636
4636
4636
4635
4734
4729
4729
4630
4630
4582
4582
4202
4203
4204
3959
3958
3958
3957
4202
4202
4582
4582
4582
4582
4582
4582
4582
4582
4582
4681
4729
4730
5054
4730
4730
4682
4523
4524
4635
4635
4635
4635
4635
4536
4536
4536
4536
4541
4541
4589
4589
4688
4640
4640
4640
4640
4799
4799
4799
5123
5123
5171
5170
5170
4790
4631
4632
4632
5012
5012
5011
5010
4765
4467
4468
4468
4713
4469
4469
4469
4628
4290
4588
4589
4589
4291
4629
4629
4581
4581
4576
4576
4624
4624
4624
4868
4868
4895
4895
4847
4847
4852
4455
4455
4455
4454
4454
4454
4074
3829
4209
4257
4257
4252
4252
4257
4258
4258
4257
4257
4257
4257
4098
4396
4396
4369
4369
4369
4369
4614
4641
4800
4800
4800
4420
4420
4420
4800
4800
4800
4800
4800
4502
4502
4502
4502
4502
4502
4502
4454
4455
4455
4455
4455
4455
4455
4455
4455
4503
4165
4503
4801
4801
4801
4800
4800
4800
4799
4799
4555
4555
4799
4799
4799
4799
4799
4799
4799
4799
4800
4800
4800
4773
4773
4772
4772
4772
4772
4772
4772
4772
4772
4772
4773
4725
4724
4724
4724
4751
4799
4794
4794
4794
4794
4795
4795
4795
4795
4795
4794
4795
4795
4795
4794
4794
4794
4794
4794
4794
4795
4795
4768
4768
4768
4768
4773
4773
4662
4773
4773
4772
4773
4773
4773
4773
4773
4614
4515
4515
4674
4675
4675
4516
4615
4615
4614
4609
4609
4609
4609
4609
4561
4450
4450
4450
4477
4477
4233
4238
4238
4238
4238
4233
4233
4281
4678
4678
4579
4579
4738
4738
4711
4711
4716
4717
4717
4717
4716
4716
4668
4668
4668
4669
4345
4372
4372
4372
4372
4372
4372
4372
4483
4483
4482
4237
4237
4237
4561
4561
4561
4561
4562
4562
4562
4561
4560
4555
4528
4533
4581
4680
4680
4680
4681
4681
4681
4633
4633
4634
4310
4310
4310
4310
4358
4603
4603
4555
4582
4582
4582
4582
4906
4568
4568
4563
4563
4563
4563
4563
4563
4452
4452
4452
4452
4451
4206
4207
4207
4255
4366
4371
4260
4371
4615
4218
4107
4107
4107
4107
4107
4107
4107
4107
4107
4106
4106
4007
4007
4007
3959
3959
3800
3800
4197
4535
4535
4646
4646
4619
4864
4864
4912
4864
4864
4963
4963
4963
4963
4963
4963
4963
5122
5122
5122
5023
5050
5023
5023
5023
5024
5024
5024
5051
5051
5051
5051
4509
4509
5051
5051
5051
5051
5051
5051
5051
5051
5099
5099
5099
5099
5099
5099
5098
5097
5097
5097
5098
5093
5092
5092
5044
5044
5044
5045
5045
5093
5045
5045
5045
5045
5045
5045
5045
5044
5044
5044
5017
5017
5022
5049
5049
5097
5196
5196
4794
4794
4794
4794
4794
4794
4794
4794
4794
4794
4794
4795
4795
4795
4795
4795
4550
4952
4952
5197
5170
5170
5170
5011
4912
4912
4864
4864
4864
4912
4911
4911
4911
4911
4911
4800
4800
4800
4801
4796
4796
4748
4748
4748
4748
4907
4906
4906
4608
4656
4954
4959
4959
4959
5058
5058
5058
5058
4720
4720
4715
4715
4715
4715
4715
4715
4715
4716
4716
4716
4716
5054
5054
5006
4907
5018
5018
5066
5066
5067
5067
5067
5067
5166
5193
5193
5193
5198
5197
5086
5081
5081
5081
5081
5081
5054
4895
4796
4801
4796
4796
4797
4796
4796
4795
4795
4795
4906
4906
4906
4933
4938
4938
4890
4890
4891
4891
4864
4864
4864
4864
4859
4859
4859
4859
4907
4907
4907
5006
5007
5007
5166
4730
4729
4729
4730
4730
4729
5165
4768
5165
5165
5165
5165
5165
5170
5170
4926
4926
4926
4827
4822
4822
4827
4822
4921
4921
4921
4921
4921
5165
5054
5054
5081
5192
5192
5191
5191
5191
5191
5191
4946
4946
4946
4946
4947
4947
4947
4947
4947
4947
4405
4405
4405
4357
4356
4356
4329
4329
4574
4574
4475
4475
4475
4475
4475
4475
4480
5022
5023
5023
5023
5024
5023
5023
5024
5024
5024
5024
5051
5051
5046
5046
5094
4714
4813
4813
4813
4813
4813
4786
4786
4786
4786
4786
4786
4786
4786
4786
4785
4786
4785
4737
4737
4736
4736
4736
4737
4737
4638
4638
4638
4638
4638
4665
4665
4665
4665
4670
4670
4670
4670
4670
4670
4769
4769
4658
4658
4659
5039
5039
5034
5034
5034
5034
5034
5034
5034
5034
5007
5007
5007
5007
5007
5012
5012
5012
5012
5012
5012
5123
5123
5123
5122
5121
5121
5121
5121
5148
5148
5148
5149
5149
5144
5144
5144
5144
5144
5144
4985
4985
4985
4740
4740
4745
4745
4745
4746
4719
4719
4719
4719
4718
4717
4717
4717
4765
4717
4717
4717
4718
4607
4602
4847
4847
4847
4874
4874
5033
5033
5033
5081
5081
5081
5081
5080
5080
5081
5080
5080
5080
5080
5053
5053
5053
5054
5054
5054
5054
5054
5054
5054
5054
5055
5060
5060
5055
5055
5082
5082
5082
5082
5055
5055
5055
5055
5055
5055
5055
5055
5007
5034
5034
5034
5034
5082
5087
5087
5087
5087
5087
5060
5060
5060
5060
5060
5060
5060
5087
5086
5086
5197
5198
5198
5198
5198
5198
5198
5193
5193
5193
5193
5192
5192
5192
5192
5192
5192
5144
5144
5192
5193
5193
5193
5192
5193
5193
5193
5193
4949
5193
5193
5192
5197
5197
5197
5198
5193
5193
5193
5193
5192
4947
4947
4947
4952
4841
4841
4841
4840
4840
4840
4840
4741
4741
4741
4742
4742
4742
4737
4737
4982
4934
4934
4934
4907
4906
4907
4907
4907
4906
4906
4906
5017
5017
5017
5017
5017
5017
5017
5017
5116
5164
5164
5164
5164
5164
5164
5164
5164
5164
5165
5165
5165
5165
5165
5166
5118
5118
5118
5118
5118
5118
5118
5118
5118
5123
5123
5123
5123
5123
5123
5123
5123
5123
5123
5171
5171
5166
5165
5165
5164
5164
5164
5169
5169
5169
5170
5169
5169
5169
5169
5164
5164
5191
5191
5191
5191
5191
5191
5196
5196
5197
5197
5197
5196
5148
5149
5149
5149
5197
5192
5192
5192
5192
5192
5192
5192
5191
5191
5191
5191
5191
5191
5191
5191
5191
5191
5191
5191
5192
4948
4948
4948
4949
4949
4949
4949
4949
4949
4949
4922
4922
5166
5165
5165
5165
5165
5164
5164
5164
5116
5116
5116
5116
5116
5164
5165
5006
5033
5033
5038
5038
5033
5033
5192
5192
5192
5192
5197
5197
5197
5197
5196
5197
5149
5148
5148
5148
4824
4872
4872
4872
4872
4873
4873
4873
4873
4873
4873
4873
4873
4872
4867
4819
4819
4819
4820
4820
4820
4821
4821
4821
4821
4821
4821
4821
4821
4821
4821
4821
4820
4820
4825
4798
4798
4798
4799
4799
4799
4799
4799
5123
5123
5150
5150
5123
5123
5123
5150
5150
5150
5150
5150
5123
5118
5118
5118
5118
5123
5122
5122
5122
5122
5122
5122
5122
5122
5122
5117
5118
5118
5118
5118
5117
5117
5117
5122
5123
5123
5123
5123
5123
5123
5123
5123
5122
5122
5122
5122
5122
5122
5122
5122
5149
5149
5122
5170
5169
5169
5169
5164
5164
5169
5169
5169
5169
5164
5164
5165
5165
5165
5165
5165
5165
5165
5165
5164
5164
5164
5164
5164
5164
5191
5191
5191
5191
5191
4794
4799
4799
4799
4799
4799
4799
5196
5196
5196
5196
5196
5196
5196
5148
5149
5150
5150
5150
5149
5148
5148
5148
5121
5121
5121
5121
5121
5121
5121
5121
5121
5121
5121
5121
5121
5121
5121
5121
5122
5122
5122
5122
5122
5170
5170
5170
5170
5170
5122
5122
5123
5123
5171
5171
5171
5171
5171
5171
5171
5166
5166
5166
5166
5165
5165
5165
5165
5192
5192
5192
5192
5165
5165
5165
5192
5192
5192
5192
5192
5192
5197
5197
5197
5197
5197
5197
5197
5197
5197
5197
5192
5192
5197
5197
5197
5198
5198
5198
5197
5170
5169
5169
5169
5169
5169
5169
5169
5169
5170
5122
5122
5122
4824
4824
4824
4824
4851
4851
4851
4850
4850
4850
4850
4845
4845
4846
4846
4847
4847
4852
4852
4852
4852
4852
4852
4852
4851
4851
4851
4851
4851
4851
4846
4846
4846
4846
4846
4846
4845
4845
5143
5143
5143
5143
5032
5032
5032
5032
5032
5037
5037
5032
5032
5037
5037
5010
5010
5058
5058
5058
5053
5053
5053
5053
5053
5053
5053
5054
5054
5054
5081
5080
5080
5081
5081
5081
5081
5054
5054
4955
4955
4955
4955
4955
4955
4955
4955
4955
5054
4955
4955
4955
4960
5059
5059
5058
5058
5059
5059
5011
5011
5011
5012
5123
5123
5118
5118
5118
5117
5117
5144
5144
5144
5144
5144
5192
5197
5197
5197
5149
5149
5149
5149
5149
5150
5150
5150
5150
5198
5198
5198
5198
5197
5197
5197
5197
5197
5197
5197
5197
5197
5197
5197
5197
5170
5170
5170
5170
5170
5170
5170
5170
5170
5170
5170
5170
5170
5197
5197
5197
5197
5196
5197
5197
5197
5197
5192
5192
5197
5197
5197
5197
5197
5197
5197
5197
5197
5197
5197
5197
5149
5149
5149
5144
5144
5144
4985
4985
4985
4985
4985
4985
4985
4985
4985
4985
4985
4985
4985
4985
4985
4985
5033
5006
5006
5006
5006
5007
5007
5007
5007
5007
5007
5006
5007
5006
5006
5006
5006
4907
4908
4913
4908
4908
4908
4907
4907
4912
4912
4912
4912
4912
4912
4912
4912
4912
4912
4911
4911
4906
5065
5065
5065
5065
5017
5116
5116
5116
4957
4957
4957
4957
4957
4962
4962
4962
4962
4962
4962
4962
4963
4963
4963
4963
4963
4963
4963
4964
4964
4959
4959
4959
4959
4959
4959
4959
4959
4959
4959
4959
4959
5007
5007
5034
5034
5033
5032
5032
5032
5032
5032
5191
5191
5191
5191
5191
5191
5191
5191
5191
5191
5191
5191
5191
5191
5191
5191
5191
5191
5191
5196
5196
5196
5197
5197
5196
5196
5196
5196
5196
5196
5197
5197
5038
5038
5038
5038
5038
5037
4989
4989
4962
5121
5116
5116
5116
5116
5143
5143
5143
5144
5144
5144
5144
5144
5144
5144
5144
5144
5117
5117
5117
5122
5122
5122
5122
5123
5123
5123
5123
5171
5171
5171
5171
5171
5171
5198
5150
5150
5150
5150
5149
5149
5149
5149
5149
5149
5149
5149
5150
5198
5198
5197
5197
5197
5196
5196
5196
5196
5196
5196
5085
5196
5196
5197
5197
5192
5197
5197
5197
5197
5197
5197
5197
5197
5197
5197
5197
5196
5196
5191
5191
5191
5191
5191
5191
5191
5196
5196
5196
5196
5196
5191
5192
5192
5093
5094
5094
5094
5094
5193
5193
5193
5193
5193
5193
5192
5192
5192
5192
5192
5192
5192
5192
5192
5192
5192
5192
5192
5144
5144
5144
5144
5144
5144
5144
5192
5197
5197
5197
5197
5192
5192
5192
5192
5193
5193
5193
5198
5197
5197
5197
5192
5192
5192
5197
5197
5197
5197
5197
5197
5192
5192
5191
5191
5196
5196
5196
5196
5196
5196
5196
5196
5196
5196
5196
5196
5196
5196
5196
5196
5197
5197
5149
5197
5197
5197
5197
5197
5197
5170
5170
5170
5170
5170
5170
5197
5197
5197
5197
5197
5197
5197
5197
5197
5197
5197
5149
5149
5149
5149
5149
5149
5122
5122
5122
5122
5122
5149
5149
5149
5122
5122
5122
5122
5117
5117
5117
5117
5117
5117
5117
5117
5117
5117
5117
5117
5117
5122
5122
5122
5170
5170
5165
5165
5165
5165
5170
5170
5170
5170
5170
5171
5170
5170
5170
5170
5170
5170
5170
5171
5171
5166
5166
5166
5165
5165
5165
5165
5117
5117
5117
5118
5117
5117
5144
5144
5144
5144
5144
5144
5144
5144
5144
5144
5144
5144
5145
5145
5145
5145
5193
5193
5198
5198
5197
5192
5192
5192
5192
5192
5192
5192
5192
5192
5192
5192
5192
5192
5197
5197
5197
5197
5197
5197
5197
5197
5197
5197
5197
5196
5196
5196
5196
5197
5197
5197
5197
5197
5197
5197
5197
5197
5197
5197
5197
5196
5196
5169
5170
5170
5170
5170
5169
5169
5169
5169
5169
5170
5170
5170
5170
5170
5170
5170
5165
5165
5165
5165
5165
5164
5164
5164
5164
5164
5164
5165
5165
5165
5165
5165
5165
5170
5170
5170
5170
5170
5171
5171
5171
5171
5171
5198
5198
5198
5198
5150
5150
5150
5150
5150
5149
5149
5149
5150
5150
5150
5150
5150
5150
5150
5150
5198
5198
5198
5198
5198
5198
5198
5198
5198
5197
5197
5197
5170
5170
5171
5166
5166
5166
5166
5166
5166
5166
5166
5166
5166
5166
5166
5193
5198
5198
5193
5193
5193
5192
5165
5165
5166
5166
5166
5165
5165
5165
5165
5165
5165
5165
5165
5165
5165
5165
5166
5166
5166
5166
5166
5166
5166
5166
5193
5193
5193
5193
5193
5193
5193
5193
5193
5193
5193
5193
5193
5193
5193
5193
5193
5193
5193
5193
5193
5193
5193
5193
5193
5193
5193
5193
5192
5192
5192
5192
5192
5192
5192
5192
5192
5192
5192
5192
5192
5192
5192
5192
5192
5192
5192
5192
5192
5192
5192
5192
5192
5192
5192
5192
5192
5192
5192
5192
5192
5192
5192
5192
5197
5197
5197
5197
5197
5197
5192
5192
5192
5192
5192
5192
5192
5192
5192
5192
5192
5192
5192
5192
5192
5192
5192
5192
5192
5191
5191
5191
5191
5191
5191
5164
5164
5164
5164
5164
5165
5165
5165
5165
5170
5170
5171
5171
5171
5171
5171
5171
5171
5171
5171
5171
5171
5171
5171
5171
5171
5171
5171
5171
5170
5170
5170
5170
5170
5170
5170
5170
5170
5170
5170
5170
5170
5170
5170
5170
5170
5197
5197
5197
5149
5197
5197
5197
5197
5197
5197
5197
5196
5196
5196
5196
5191
5191
5192
5192
5192
5165
5165
5165
5164
5164
5165
5165
5165
5165
5165
5192
5192
5192
5192
5192
5192
5192
5192
5192
5191
5191
5191
5191
5192
5192
5192
5192
5192
5193
5193
5193
5193
5193
5192
5192
5191
5191
5191
5191
5191
5192
5192
5192
5192
5192
5192
5193
5193
5193
5193
5193
5166
5166
5166
5166
5166
5166
5166
5165
5165
5166
5118
5117
5117
5117
5117
5117
5117
5118
5118
5117
5117
5117
5117
5117
5117
5117
5117
5117
5117
5117
5117
5117
5144
5144
5144
5144
5144
5144
5144
5144
5145
5145
5150
5149
5149
5148
5148
5148
5148
5149
5149
5149
5149
5149
5149
5149
5149
5149
5148
5148
5148
5149
5149
5149
5149
5122
5122
5122
5170
5170
5170
5170
5197
5197
5197
5197
5197
5197
5197
5197
5197
5197
5197
5197
5198
5198
5150
5150
5150
5150
5150
5150
5150
5150
5150
5150
5198
5198
5198
5198
5198
5198
5197
5197
5197
5197
5197
5197
5197
5197
5197
5197
5197
5198
5198
5198
5198
5193
5193
5193
5193
5193
5193
5193
5193
5193
5193
5193
5193
5193
5193
5193
5193
5198
5198
5198
5198
5198
5198
5198
5198
5198
5198
5198
5197
5197
5197
5197
5197
5192
5192
5192
5192
5192
5191
5191
5191
5196
5196
5196
5197
5197
5197
5197
5196
5196
5196
5191
5192
5192
5192
5192
5192
5192
5192
5192
5192
5192
5192
5192
5192
5192
5192
5191
5191
5191
5191
5191
5191
5191
5143
5143
5143
5144
5144
5144
5144
5144
5144
5144
5144
5144
5144
5145
5145
5150
5150
5150
5150
5150
5150
5150
5150
5150
5150
5150
5150
5150
5150
5150
5150
5150
5150
5149
5148
5148
5149
5149
5149
5149
5149
5038
5038
5038
5038
5038
5038
5038
5038
5086
5086
5086
5086
5086
5086
5086
5086
5086
5086
5086
5086
5086
5087
5082
5082
5082
5082
5082
5082
5082
5082
5193
5193
5193
5193
5193
5193
5193
5193
5193
5193
5193
5193
5193
5193
5145
5145
5144
5144
5144
5144
5192
5192
5192
5192
5192
5193
5193
5193
5193
5193
5198
5198
5198
5197
5197
5197
5197
5197
5197
5197
5197
5197
5197
5197
5197
5196
5196
5196
5196
5196
5196
5196
5196
5197
5197
5192
5192
5192
5192
5192
5193
5193
5193
5193
5193
5193
5193
5193
5193
5193
5193
5192
5191
5191
5191
5191
5191
5192
5193
5192
5192
5197
5197
5197
5197
5197
5197
5197
5196
5196
5196
5196
5196
5196
5191
5192
5193
5193
5192
5192
5192
5192
5192
5192
5192
5192
5192
5192
5192
5192
5192
5192
5192
5192
5192
5192
5192
5197
5197
5197
5196
5196
5196
5196
5196
5196
5196
5197
5197
5197
5197
5197
5197
5197
5196
5196
5196
5196
5196
5196
5197
5197
5197
5197
5197
5197
5197
5197
5197
5197
5197
5197
5197
5197
5197
5197
5197
5198
5198
5193
5192
5192
5192
5193
5193
5193
5193
5193
5193
5193
5192
5192
5192
5191
5191
5191
5191
5191
5191
5191
5191
5191
5191
5196
5196
5196
5196
5196
5196
5196
5196
5196
5196
5196
5196
5196
5196
5196
5196
5196
5196
5196
5196
5191
5191
5191
5191
5191
5191
5191
5191
5191
5191
5191
5191
5191
5191
5191
5191
5191
5192
5192
5197
5198
5198
5198
5198
5198
5198
5198
5197
5197
5197
5197
5197
5197
5197
5197
5197
5197
5197
5197
5197
5197
5198
5198
5198
5198
5198
5198
5197
5197
5197
5197
5197
5197
5197
5197
5196
5196
5196
5196
5196
5197
5197
5197
5197
5197
5197
5170
5170
5170
5170
5170
5170
5170
5170
5169
5169
5169
5169
5169
5169
5169
5170
5169
5169
5169
5169
5169
5169
5169
5169
5196
5196
5196
5196
5196
5169
5169
5169
5169
5170
5170
5170
5170
5170
5170
5165
5165
5165
5165
5165
5170
5197
5197
5197
5197
5197
5197
5197
5197
5197
5197
5197
5197
5197
5197
5197
5197
5197
5197
5197
5197
5197
5197
5197
5197
5197
5196
5196
5196
5196
5196
5197
5197
5196
5196
5196
5196
5196
5196
5196
5196
5196
5196
5196
5196
5196
5196
5191
5191
5191
5191
5191
5192
5192
5192
5192
5192
5192
5192
5192
5192
5192
5192
5192
5192
5192
5192
5192
5192
5192
5192
5192
5192
5192
5193
5193
5193
5193
5193
5193
5198
5198
5198
5198
5198
5198
5198
5198
5198
5198
5198
5198
5198
5198
5198
5198
5198
5198
5193
5193
5193
5193
5193
5193
5193
5193
5193
5193
5193
5193
5193
5193
5193
5193
5193
5192
5193
5193
5193
5193
5192
5192
5192
5192
5192
5191
5191
5191
5191
5192
5191
5191
5191
5192
5192
5192
5192
5191
5191
5191
5191
5191
5191
5191
5191
5191
5192
5193
5193
5193
5193
5193
5193
5193
5192
5197
5197
5198
5198
5198
5198
5193
5193
5193
5193
5193
5193
5193
5198
5198
5198
5198
5198
5198
5198
5198
5198
5198
5198
5197
5197
5197
5197
5197
5197
5197
5197
5197
5197
5197
5198
5197
5197
5198
5198
5198
5198
5198
5198
5198
5198
5198
5198
5198
5198
5197
5197
5198
5197
5198
5198
5198
5198
5198
5197
5192
5192
5192
5192
5192
5192
5193
5193
5193
5193
5193
5193
5193
5193
5193
5193
5193
5193
5193
5193
5193
5193
5193
5193
5198
5198
5198
5197
5197
5197
5170
5170
5170
5170
5170
5170
5170
5170
5170
5170
5197
5197
5197
5197
5197
5197
5197
5197
5197
5197
5197
5197
5197
5197
5197
5192
5192
5192
5192
5192
5192
5193
5193
5193
5192
5192
5192
5192
5191
5191
5192
5192
5192
5192
5192
5192
5192
5192
5192
5192
5192
5192
5192
5192
5192
5192
5192
5192
5192
5192
5192
5192
5192
5192
5192
5192
5192
5192
5192
5193
5193
5198
5198
5198
5198
5198
5198
5197
5197
5197
5196
5196
5196
5196
5196
5197
5197
5197
5197
5197
5196
5196
5196
5196
5196
5196
5196
5196
5196
5196
5196
5196
5196
5196
5196
5196
5196
5197
5198
5198
5198
5198
5198
5198
5198
5198
5198
5198
5198
5198
5198
5198
5198
5198
5198
5198
5198
5198
5193
5193
5192
5192
5197
5197
5197
5197
5197
5197
5197
5197
5197
5197
5197
5197
5196
5196
5196
5196
5196
5196
5196
5196
5196
5196
5196
5196
5196
5196
5196
5196
5196
5196
5197
5197
5197
5197
5197
5197
5197
5197
5197
5149
5149
5149
5149
5149
5149
5149
5149
5150
5198
5198
5198
5198
5198
5198
5198
5198
5198
5198
5198
5198
5198
5198
5198
5198
5198
5198
5198
5198
5198
5198
5198
5198
5198
5198
5198
5198
5198
5198
5198
5193
5193
5192
5192
5192
5192
5192
5192
5144
5144
5144
5144
5144
5144
5144
5144
5144
5144
5144
5144
5144
5192
5197
5192
5192
5192
5192
5192
5192
5192
5192
5192
5192
5192
5192
5192
5193
5193
5193
5193
5198
5198
5198
5197
5197
5197
5197
5197
5197
5197
5197
5197
5197
5197
5197
5197
5197
5197
5197
5197
5197
5197
5170
5170
5170
5170
5197
5197
5197
5196
5196
5197
5198
5198
5197
5197
5197
5197
5197
5197
5196
5196
5197
5197
5192
5192
5192
5197
5197
5197
5197
5197
5197
5197
5197
5197
5197
5197
5197
5197
5197
5197
5197
5197
5197
5198
5198
5198
5198
5198
5198
5198
5198
5198
5198
5197
5197
5197
5192
5192
5192
5192
5192
5192
5192
5192
5192
5192
5192
5192
5197
5197
5197
5197
5197
5197
5197
5197
5197
5197
5197
5197
5197
5197
5197
5197
5197
5197
5197
5170
5171
5170
5170
5171
5171
5171
5171
5171
5171
5171
5171
5170
5170
5170
5170
5197
5197
5192
5197
5197
5197
5197
5192
5192
5192
5192
5192
5192
5192
5192
5192
5192
5192
5197
5197
5197
5197
5197
5197
5197
5197
5197
5197
5197
5198
5198
5197
5197
5197
5197
5197
5197
5197
5197
5197
5197
5197
5197
5197
5197
5197
5197
5197
5197
5197
5197
5197
5197
5197
5198
5198
5197
5197
5197
5197
5197
5198
5197
5192
5192
5192
5192
5192
5192
5192
5192
5192
5192
5192
5192
5192
5192
5192
5191
5191
5191
5191
5191
5191
5196
5196
5196
5197
5197
5197
5198
5198
5198
5198
5198
5198
5198
5198
5197
5197
5197
5197
5192
5192
5192
5192
5192
5193
5193
5193
5193
5193
5193
5193
5193
5193
5192
5192
5192
5191
5191
5191
5191
5191
5191
5191
5191
5191
5191
5191
5191
5191
5191
5191
5191
5191
5191
5191
5196
5196
5196
5197
5197
5197
5196
5197
5197
5197
5197
5197
5197
5197
5197
5197
5197
5197
5197
5197
5197
5197
5197
5197
5197
5197
5197
5198
5198
5193
5193
5193
5193
5193
5193
5193
5193
5193
5193
5193
5193
5193
5193
5193
5193
5193
5193
5193
5193
5193
5193
5192
5192
5192
5192
5192
5192
5192
5192
5192
5192
5192
5192
5192
5192
5192
5192
5193
5193
5193
5193
5193
5192
5192
5192
5197
5196
5196
5196
5196
5196
5196
5196
5196
5169
5170
5170
5170
5170
5170
5170
5170
5170
5170
5170
5170
5169
5169
5169
5169
5169
5169
5169
5169
5169
5169
5169
5170
5170
5170
5170
5170
5170
5170
5170
5170
5171
5171
5171
5170
5170
5170
5170
5170
5170
5170
5169
5169
5169
5169
5169
5169
5169
5169
5169
5169
5169
5169
5169
5170
5170
5170
5170
5170
5197
5197
5197
5197
5197
5197
5197
5197
5197
5197
5197
5198
5198
5198
5198
5198
5198
5198
5198
5198
5198
5198
5198
5198
5198
5193
5193
5193
5193
5193
5193
5193
5193
5193
5193
5193
5193
5193
5193
5193
5193
5193
5193
5193
5193
5193
5193
5193
5198
5198
5198
5198
5198
5198
5197
5197
5197
5197
5197
5170
5170
5170
5197
5197
5197
5197
5196
5197
5198
5198
5198
5193
5193
5193
5193
5193
5193
5193
5193
5193
5193
5192
5192
5197
5197
5197
5197
5197
5197
5197
5197
5197
5192
5192
5192
5192
5192
5192
5192
5192
5192
5192
5197
5197
5197
5197
5197
5197
5197
5197
5197
5197
5197
5197
5197
5197
5197
5197
5197
5197
5197
5197
5197
5197
5197
5197
5197
5197
5197
5197
5197
5197
5197
5197
5197
5197
5196
5197
5197
5197
5197
5197
5197
5197
5197
5197
5197
5197
5197
5197
5197
5196
5196
5196
5197
5197
5198
5198
5198
5198
5198
5198
5197
5197
5197
5197
5197
5198
5198
5198
5198
5198
5198
5198
5198
5198
5198
5198
5198
5197
5197
5197
5197
5198
5198
5198
5198
5198
5197
5197
5197
5198
5198
5198
5198
5198
5198
5198
5198
5198
5198
5197
5197
5197
5197
5197
5197
5197
5197
5197
5192
5192
5192
5192
5192
5192
5192
5192
5192
5192
5192
5192
5192
5192
5192
5197
5197
5197
5197
5197
5197
5198
5198
5198
5198
5198
5198
5198
5198
5197
5197
5197
5196
5196
5196
5196
5196
5196
5196
5196
5196
5196
5197
5197
5197
5197
5197
5197
5197
5197
5197
5197
5198
5198
5198
5198
5198
5198
5198
5198
5198
5198
5198
5198
5198
5198
5197
5197
5197
5197
5197
5197
5197
5197
5197
5197
5197
5197
5197
5198
5198
5198
5198
5198
5197
5197
5197
5197
5197
5192
5192
5192
5192
5192
5193
5193
5193
5193
5193
5193
5193
5193
5193
5193
5193
5193
5193
5193
5193
5193
5192
5192
5192
5192
5192
5192
5192
5192
5192
5192
5192
5192
5197
5197
5197
5197
5196
5196
5196
5196
5196
5197
5197
5197
5197
5197
5197
5197
5197
5197
5197
5192
5192
5192
5192
5192
5192
5192
5192
5192
5192
5192
5192
5192
5192
5192
5192
5192
5191
5191
5191
5191
5192
5197
5197
5198
5198
5198
5198
5198
5198
5198
5198
5198
5198
5198
5197
5197
5197
5197
5197
5198
5198
5193
5193
5193
5193
5193
5193
5193
5198
5198
5198
5198
5198
5198
5198
5198
5198
5198
5198
5198
5198
5198
5198
5198
5197
5197
5197
5197
5197
5197
5197
5197
5196
5196
5196
5196
5196
5196
5196
5196
5196
5196
5191
5191
5191
5191
5191
5191
5192
5192
5192
5191
5192
5192
5197
5170
5170
5170
5197
5197
5197
5197
5197
5197
5197
5197
5197
5197
5197
5197
5197
5197
5197
5197
5197
5192
5192
5192
5192
5192
5192
5192
5192
5193
5193
5193
5193
5193
5193
5193
5193
5193
5193
5193
5193
5193
5193
5193
5193
5193
5198
5193
5193
5198
5198
5198
5198
5198
5198
5197
5198
5198
5198
5198
5198
5198
5198
5198
5198
5197
5197
5198
5197
5197
5197
5197
5197
5197
5197
5196
5196
5196
5196
5197
5197
5197
5197
5197
5197
5197
5197
5197
5197
5197
5197
5197
5197
5197
5197
5197
5197
5197
5192
5192
5192
5192
5192
5192
5191
5191
5191
5191
5192
5192
5192
5197
5198
5198
5198
5198
5198
5198
5198
5198
5198
5198
5198
5197
5197
5197
5197
5197
5197
5197
5197
5197
5197
5198
5198
5198
5198
5198
5198
5198
5198
5198
5198
5198
5198
5198
5198
5198
5198
5198
5198
5198
5198
5198
5198
5198
5198
5198
5197
5197
5197
5197
5197
5197
5197
5197
5197
5192
5192
5192
5192
5192
5192
5192
5192
5192
5197
5197
5197
5197
5197
5197
5197
5197
5197
5197
5197
5197
5197
5197
5197
5197
5197
5197
5197
5197
5197
5196
5197
5197
5197
5197
5197
5197
5197
5197
5197
5197
5197
5197
5198
5198
5197
5197
5197
5197
5197
5198
5198
5198
5198
5198
5198
5198
5198
5198
5198
5198
5197
5197
5197
5197
5197
5197
5197
5197
5197
5198
5198
5198
5197
5197
5197
5197
5197
5197
5197
5197
5197
5197
5197
5197
5197
5197
5197
5197
5198
5198
5198
5198
5198
5197
5197
5198
5198
5198
5198
5198
5198
5198
5198
5198
5198
5198
5198
5197
5197
5198
5198
5198
5198
5197
5197
5197
5197
5196
5196
5196
5196
5196
5196
5196
5196
5196
5196
5196
5196
5196
5196
5196
5196
5196
5196
5196
5196
5196
5196
5197
5197
5192
5192
5192
5192
5197
5197
5197
5197
5197
5197
5197
5197
5197
5198
5198
5198
5198
5198
5198
5198
5198
5198
5198
5198
5198
5198
5198
5193
5193
5193
5193
5193
5193
5192
5197
5197
5197
5197
5197
5197
5197
5197
5197
5197
5197
5197
5197
5197
5197
5197
5197
5197
5197
5197
5197
5197
5197
5197
5197
5197
5197
5197
5197
5197
5196
5196
5196
5196
5196
5196
5169
5169
5169
5169
5169
5169
5169
5169
5169
5169
5169
5169
5196
5196
5196
5196
5196
5196
5196
5196
5197
5197
5197
5197
5197
5197
5197
5197
5197
5197
5197
5197
5197
5197
5197
5198
5198
5198
5198
5198
5198
5198
5198
5198
5198
5198
5198
5197
5198
5198
5198
5198
5198
5198
5198
5197
5197
5197
5197
5197
5197
5197
5197
5197
5197
5197
5197
5197
5197
5197
5192
5192
5192
5192
5192
5192
5192
5192
5192
5197
5197
5197
5197
5197
5197
5197
5197
5197
5197
5197
5197
5197
5197
5197
5197
5197
5196
5196
5197
5197
5197
5197
5197
5197
5197
5197
5197
5197
5197
5197
5197
5197
5197
5197
5197
5197
5197
5197
5197
5197
5197
5197
5197
5197
5197
5198
5198
5198
5198
5198
5198
5198
5193
5193
5193
5193
5193
5193
5193
5193
5193
5193
5198
5198
5193
5193
5193
5192
5192
5192
5192
5192
5192
5197
5197
5197
5197
5197
5197
5192
5192
5192
5192
5191
5191
5191
5191
5191
5191
5191
5191
5191
5192
5191
5191
5192
5192
5191
5191
5192
5192
5192
5192
5191
5191
5191
5191
5191
5191
5191
5191
5196
5196
5196
5196
5196
5196
5196
5196
5196
5196
5196
5196
5196
5196
5196
5197
5197
5197
5197
5197
5197
5197
5196
5196
5196
5196
5196
5196
5196
5196
5196
5196
5196
5196
5196
5196
5196
5196
5196
5196
5196
5196
5196
5191
5191
5191
5191
5191
5191
5191
5191
5191
5191
5191
5191
5191
5191
5191
5192
5192
5192
5192
5192
5192
5192
5192
5192
5192
5192
5192
5192
5192
5192
5192
5192
5192
5192
5192
5192
5192
5192
5192
5193
5193
5193
5193
5193
5193
5193
5193
5193
5193
5193
5193
5193
5193
5193
5193
5193
5193
5193
5193
5193
5193
5193
5193
5193
5193
5193
5193
5193
5193
5193
5193
5193
5193
5193
5193
5193
5193
5193
5193
5193
5193
5193
5193
5193
5193
5192
5192
5192
5192
5192
5192
5192
5192
5192
5192
5192
5191
5191
5191
5196
5196
5196
5197
5197
5197
5197
5197
5198
5198
5198
5198
5198
5198
5198
5198
5198
5198
5198
5198
5193
5193
5193
5193
5193
5193
5193
5193
5193
5193
5193
5193
5193
5193
5193
5193
5193
5193
5193
5192
5192
5193
5193
5193
5198
5198
5198
5198
5198
5198
5198
5198
5198
5198
5198
5198
5198
5198
5198
5198
5198
5198
5198
5198
5198
5198
5198
5198
5198
5198
5198
5198
5198
5198
5198
5198
5198
5198
5198
5198
5198
5198
5198
5198
5198
5198
5198
5198
5198
5198
5198
5198
5198
5198
5198
5198
5198
5198
5198
5198
5198
5198
5198
5198
5198
5197
5197
5197
5197
5197
5197
5197
5198
5198
5198
5198
5198
5198
5198
5198
5198
5198
5198
5198
5198
5198
5198
5198
5198
5198
5198
5198
5198
5198
5198
5198
5198
5198
5198
5198
5198
5198
5198
5198
5198
5198
5198
5198
5198
5198
5198
5197
5197
5197
5197
5197
5197
5197
5197
5197
5197
5197
5197
5197
5197
5197
5197
5197
5197
5197
5197
5197
5197
5197
5197
5197
5197
5198
5198
5198
5198
5198
5198
5198
5198
5198
5197
5197
5197
5197
5197
5197
5197
5197
5197
5197
5197
5197
5197
5197
5197
5197
5197
5197
5197
5197
5197
5198
5198
5198
5198
5198
5197
5197
5198
5198
5198
5198
5198
5197
5197
5197
5197
5197
5197
5197
5198
5198
5198
5198
5198
5198
5198
5198
5198
5198
5198
5198
5198
5198
5197
5197
5197
5192
5192
5191
5191
5191
5191
5191
5191
5191
5196
5196
5197
5197
5197
5197
5197
5197
5197
5197
5197
5197
5197
5197
5197
5197
5197
5197
5197
5197
5197
5197
5197
5197
5197
5198
5197
5197
5197
5197
5197
5196
5196
5196
5196
5196
5197
5197
5197
5197
5197
5197
5197
5197
5197
5197
5197
5197
5197
5197
5197
5197
5197
5197
5197
5197
5197
5197
5197
5197
5197
5197
5197
5197
5197
5197
5198
5198
5198
5198
5198
5198
5198
5198
5198
5198
5198
5198
5198
5198
5198
5198
5198
5198
5198
5197
5197
5197
5197
5197
5196
5196
5196
5196
5191
5191
5191
5191
5191
5191
5191
5191
5191
5191
5191
5191
5191
5191
5191
5191
5191
5191
5196
5196
5196
5196
5196
5196
5196
5196
5197
5197
5197
5197
5197
5197
5197
5197
5197
5197
5197
5197
5197
5197
5197
5197
5197
5197
5198
5198
5198
5198
5198
5197
5192
5192
5197
5196
5197
5197
5197
5198
5198
5198
5198
5198
5198
5197
5197
5197
5197
5198
5197
5197
5197
5197
5197
5197
5197
5197
5197
5197
5197
5197
5197
5197
5197
5197
5198
5198
5198
5198
5198
5198
5198
5198
5198
5197
5197
5197
5198
5198
5198
5198
5198
5198
5197
5197
5197
5197
5197
5197
5197
5197
5197
5197
5197
5197
5197
5197
5197
5197
5197
5197
5197
5197
5197
5197
5198
5198
5198
5198
5198
5198
5198
5198
5197
5197
5197
5197
5197
5197
5197
5197
5197
5196
5196
5196
5196
5196
5196
5196
5196
5196
5196
5196
5197
5197
5197
5197
5198
5198
5198
5198
5198
5198
5198
5198
5198
5198
5198
5198
5198
5197
5197
5197
5197
5197
5197
5197
5197
5197
5198
5198
5198
5198
5198
5198
5197
5197
5197
5197
5197
5197
5197
5197
5197
5197
5198
5198
5198
5198
5198
5198
5198
5198
5198
5198
5198
5198
5198
5198
5198
5198
5198
5198
5198
5198
5198
5198
5198
5198
5198
5198
5198
5198
5198
5198
5198
5193
5192
5192
5192
5192
5192
5192
5192
5192
5192
5192
5192
5192
5192
5192
5192
5192
5192
5192
5192
5192
5193
5193
5193
5193
5193
5192
5193
5193
5193
5193
5193
5193
5193
5193
5193
5193
5198
5198
5198
5197
5197
5197
5192
5192
5192
5193
5192
5192
5192
5192
5192
5192
5192
5192
5192
5192
5192
5193
5193
5193
5193
5193
5193
5193
5193
5193
5193
5193
5193
5193
5193
5193
5192
5192
5192
5192
5192
5192
5192
5192
5192
5192
5192
5192
5191
5191
5191
5191
5191
5191
5191
5191
5191
5191
5191
5191
5192
5192
5192
5192
5192
5197
5197
5197
5198
5198
5198
5198
5198
5198
5198
5198
5198
5198
5198
5198
5198
5198
5198
5198
5198
5198
5198
5198
5198
5198
5198
5198
5198
5198
5198
5198
5198
5198
5197
5197
5196
5196
5196
5196
5196
5196
5196
5196
5196
5196
5196
5196
5196
5196
5196
5196
5196
5197
5197
5197
5197
5197
5197
5197
5197
5197
5197
5197
5197
5197
5197
5197
5197
5197
5197
5197
5197
5197
5197
5197
5197
5197
5197
5197
5197
5197
5197
5197
5197
5197
5197
5197
5197
5197
5197
5197
5197
5197
5197
5197
5197
5197
5197
5197
5197
5197
5197
5197
5197
5197
5197
5197
5197
5197
5197
5197
5197
5197
5197
5197
5198
5198
5198
5198
5198
5198
5198
5198
5198
5198
5198
5198
5198
5198
5198
5197
5198
5193
5193
5193
5193
5193
5193
5193
5193
5193
5193
5193
5193
5193
5193
5193
5193
5193
5193
5193
5193
5193
5193
5193
5193
5193
5193
5193
5193
5192
5192
5191
5191
5191
5191
5191
5191
5192
5192
5192
5192
5192
5192
5192
5192
5197
5197
5197
5197
5197
5197
5197
5197
5197
5197
5197
5197
5197
5197
5196
5196
5196
5196
5196
5196
5196
5196
5196
5196
5196
5196
5196
5196
5196
5197
5197
5197
5197
5197
5197
5197
5197
5197
5197
5197
5197
5197
5197
5197
5197
5197
5196
5196
5196
5196
5196
5196
5197
5197
5197
5197
5197
5197
5197
5197
5197
5197
5197
5197
5197
5197
5197
5197
5192
5192
5192
5192
5192
5192
5192
5192
5192
5193
5193
5193
5193
5193
5193
5193
5193
5193
5193
5193
5198
5198
5198
5198
5198
5198
5198
5198
5198
5198
5198
5198
5198
5198
5198
5198
5198
5198
5198
5198
5198
5197
5197
5197
5197
5197
5197
5197
5197
5197
5197
5197
5197
5197
5197
5197
5197
5197
5197
5196
5196
5196
5196
5196
5196
5196
5196
5196
5196
5196
5196
5196
5196
5196
5196
5196
5196
5196
5196
5196
5196
5196
5196
5196
5196
5196
5196
5196
5196
5196
5196
5196
5196
5196
5196
5196
5196
5196
5196
5196
5197
5197
5197
5197
5197
5197
5197
5197
5197
5197
5197
5197
5197
5197
5197
5197
5197
5197
5197
5197
5197
5198
5198
5198
5198
5198
5198
5198
5198
5198
5198
5198
5197
5197
5197
5197
5197
5197
5197
5197
5197
5197
5197
5197
5197
5196
5196
5196
5196
5196
5196
5196
5196
5196
5196
5196
5196
5196
5196
5196
5196
5197
5197
5197
5197
5197
5197
5197
5196
5197
5197
5197
5197
5197
5197
5197
5197
5197
5197
5197
5197
5197
5197
5197
5197
5197
5197
5197
5197
5197
5197
5197
5197
5197
5197
5197
5197
5197
5197
5197
5197
5197
5197
5197
5197
5197
5197
5197
5197
5197
5196
5196
5196
5196
5196
5196
5196
5196
5196
5196
5196
5196
5197
5197
5197
5197
5197
5197
5197
5197
5197
5197
5197
5197
5197
5198
5198
5198
5198
5198
5198
5198
5198
5198
5198
5198
5198
5198
5198
5198
5198
5198
5198
5198
5197
5197
5197
5197
5197
5196
5196
5196
5196
5196
5196
5196
5196
5196
5196
5196
5196
5196
5191
5191
5196
5196
5196
5196
5196
5196
5196
5196
5196
5196
5196
5196
5196
5196
5196
5196
5196
5196
5196
5196
5196
5196
5196
5196
5196
5196
5196
5196
5196
5196
5196
5196
5196
5196
5196
5197
5197
5197
5197
5197
5197
5197
5197
5196
5196
5196
5197
5197
5197
5197
5197
5197
5197
5198
5197
5197
5197
5197
5197
5198
5198
5198
5198
5198
5197
5197
5197
5197
5197
5197
5197
5197
5197
5197
5197
5197
5197
5196
5196
5196
5196
5196
5196
5196
5196
5196
5196
5196
5196
5196
5196
5196
5196
5196
5197
5197
5197
5197
5197
5197
5197
5197
5197
5197
5197
5197
5197
5197
5197
5197
5197
5197
5196
5196
5196
5197
5197
5197
5197
5197
5197
5197
5197
5197
5197
5197
5198
5198
5197
5197
5197
5197
5197
5197
5197
5197
5197
5197
5197
5197
5197
5198
5198
5198
5198
5198
5197
5197
5197
5197
5197
5196
5196
5196
5196
5197
5197
5197
5197
5197
5197
5198
5198
5198
5198
5198
5197
5197
5197
5197
5197
5197
5197
5197
5197
5192
5192
5192
5192
5192
5192
5192
5192
5192
5192
5192
5192
5192
5192
5192
5192
5192
5192
5192
5192
5192
5192
5192
5192
5192
5192
5192
5192
5192
5197
5197
5197
5197
5196
5196
5197
5197
5197
5197
5197
5197
5197
5197
5197
5197
5197
5197
5197
5197
5198
5198
5198
5198
5198
5198
5198
5198
5198
5198
5198
5198
5198
5198
5198
5198
5198
5198
5198
5198
5198
5198
5198
5198
5198
5198
5198
5198
5198
5198
5198
5198
5198
5198
5198
5198
5198
5198
5198
5198
5198
5198
5198
5198
5198
5198
5198
5198
5198
5197
5197
5197
5197
5197
5197
5197
5197
5197
5197
5197
5197
5197
5197
5197
5197
5197
5197
5197
5197
5197
5197
5197
5197
5197
5198
5198
5198
5198
5198
5198
5198
5198
5198
5198
5197
5198
5198
5198
5198
5198
5198
5198
5198
5198
5198
5198
5198
5198
5198
5198
5198
5198
5198
5198
5198
5198
5198
5198
5198
5198
5198
5198
5198
5198
5197
5197
5197
5197
5198
5198
5198
5198
5198
5198
5198
5198
5198
5198
5198
5198
5198
5198
5198
5198
5198
5198
5198
5198
5198
5198
5198
5198
5198
5198
5198
5198
5198
5197
5197
5197
5197
5197
5197
5197
5197
5197
5197
5197
5197
5197
5197
5197
5197
5197
5197
5197
5197
5197
5197
5197
5197
5197
5197
5197
5197
5197
5197
5197
5197
5197
5197
5197
5197
5197
5197
5197
5198
5198
5198
5198
5198
5198
5198
5198
5198
5198
5198
5198
5198
5198
5198
5198
5198
5198
5198
5198
5198
5198
5198
5198
5198
5198
5198
5198
5198
5198
5198
5198
5198
5198
5198
5198
5198
5198
5198
5198
5197
5197
5196
5196
5196
5196
5196
5196
5196
5196
5196
5197
5197
5197
5197
5196
5196
5196
5197
5197
5197
5197
5197
5197
5197
5197
5197
5197
5197
5197
5197
5197
5197
5197
5197
5197
5197
5197
5197
5197
5197
5197
5197
5197
5196
5196
5196
5196
5196
5196
5196
5196
5196
5196
5196
5196
5196
5196
5196
5196
5196
5196
5196
5196
5196
5196
5196
5196
5196
5196
5196
5196
5196
5196
5196
5196
5196
5196
5196
5196
5196
5196
5196
5196
5196
5196
5196
5196
5197
5198
5198
5198
5198
5198
5198
5198
5198
5198
5198
5198
5198
5198
5198
5198
5198
5197
5197
5197
5197
5197
5197
5197
5197
5198
5198
5198
5198
5198
5198
5198
5198
5198
5198
5198
5198
5198
5198
5198
5198
5198
5198
5198
5198
5198
5198
5198
5198
5198
5198
5198
5198
5198
5198
5198
5197
5197
5197
5197
5198
5198
5198
5197
5197
5197
5197
5197
5197
5197
5197
5197
5197
5197
5197
5197
5197
5197
5197
5197
5197
5197
5197
5197
5197
5198
5198
5198
5197
5197
5197
5197
5197
5197
5197
5197
5197
5197
5197
5197
5197
5197
5197
5197
5197
5197
5197
5197
5197
5197
5197
5197
5197
5197
5197
5197
5197
5197
5197
5197
5198
5198
5198
5198
5198
5198
5198
5198
5198
5198
5198
5198
5197
5197
5197
5197
5198
5198
5198
5198
5198
5198
5198
5198
5198
5198
5198
5198
5198
5198
5198
5198
5198
5198
5198
5198
5198
5198
5198
5197
5197
5197
5197
5197
5197
5197
5197
5197
5197
5198
5198
5198
5198
5198
5198
5198
5198
5198
5198
5198
5198
5198
5198
5198
5198
5198
5198
5198
5198
5198
5198
5198
5198
5198
5198
5198
5198
5198
5198
5198
5198
5198
5198
5198
5198
5198
5198
5198
5198
5198
5198
5198
5198
5198
5198
5198
5198
5198
5198
5198
5198
5198
5198
5198
5198
5198
5198
5198
5198
5198
5198
5198
5198
5198
5198
5198
5198
5198
5198
5198
5198
5198
5198
5198
5198
5198
5198
5198
5198
5198
5198
5198
5198
5198
5198
5198
5198
5198
5198
5198
5197
5197
5197
5197
5197
5197
5197
5197
5197
5197
5197
5197
5197
5197
5197
5197
5197
5197
5197
5197
5197
5197
5197
5198
5197
5197
5197
5197
5197
5197
5197
5197
5197
5197
5197
5197
5197
5197
5197
5197
5197
5197
5197
5197
5197
5197
5197
5197
5197
5197
5197
5197
5197
5196
5196
5196
5196
5196
5196
5196
5196
5196
5196
5196
5196
5196
5196
5196
5196
5196
5197
5197
5197
5197
5197
5197
5197
5197
5197
5197
5197
5197
5197
5197
5197
5197
5197
5197
5197
5197
5197
5197
5197
5197
5197
5197
5197
5198
5198
5198
5198
5198
5198
5197
5198
5198
5198
5198
5198
5198
5198
5197
5197
5197
5197
5197
5197
5197
5197
5196
5196
5197
5197
5197
5197
5197
5197
5197
5197
5197
5197
5197
5197
5197
5198
5198
5198
5198
5198
5198
5198
5198
5198
5198
5198
5197
5197
5197
5197
5197
5197
5197
5197
5197
5197
5197
5197
5197
5197
5197
5197
5197
5197
5197
5197
5197
5197
5197
5197
5197
5197
5197
5197
5197
5197
5197
5197
5197
5197
5197
5197
5197
5197
5198
5198
5198
5198
5198
5198
5198
5198
5198
5198
5198
5198
5197
5197
5197
5197
5197
5198
5198
5198
5198
5198
5198
5198
5198
5198
5198
5198
5198
5198
5198
5198
5198
5198
5198
5198
5198
5198
5198
5198
5198
5198
5198
5198
5198
5198
5198
5198
5198
5198
5198
5198
5198
5198
5198
5198
5198
5198
5198
5198
5198
5198
5198
5198
5198
5198
5198
5198
5198
5198
5198
5198
5198
5198
5198
5198
5198
5198
5198
5198
5198
5198
5198
5198
5198
5198
5198
5198
5198
5198
5198
5198
5198
5198
5198
5198
5198
5197
5197
5197
5197
5197
5198
5198
5198
5198
5198
5198
5198
5198
5198
5198
5198
5198
5198
5198
5198
5198
5198
5198
5198
5198
5198
5198
5198
5198
5198
5198
5198
5198
5198
5198
5198
5198
5198
5198
5198
5198
5197
5197
5197
5197
5197
5197
5197
5198
5198
5198
5198
5198
5198
5198
5198
5198
5198
5198
5198
5198
5198
5198
5198
5198
5198
5198
5198
5198
5198
5198
5198
5198
5198
5198
5198
5198
5198
5198
5198
5198
5198
5198
5198
5198
5198
5198
5198
5198
5198
5198
5198
5198
5198
5198
5198
5198
5198
5198
5198
5197
5197
5197
5197
5197
5197
5197
5197
5197
5197
5197
5198
5198
5198
5198
5198
5198
5198
5198
5198
5198
5198
5198
5198
5198
5198
5198
5198
5198
5198
5198
5197
5197
5197
5197
5197
5197
5197
5197
5197
5197
5197
5197
5197
5197
5197
5197
5197
5197
5197
5197
5197
5197
5197
5197
5197
5197
5197
5197
5197
5197
5197
5197
5198
5198
5198
5198
5198
5198
5198
5198
5198
5197
5197
5198
5198
5198
5198
5198
5198
5198
5198
5198
5198
5198
5198
5198
5198
5198
5198
5198
5198
5198
5198
5198
5198
5198
5198
5198
5198
5198
5198
5198
5198
5198
5198
5198
5198
5198
5198
5198
5198
5198
5198
5198
5198
5198
5198
5198
5198
5198
5198
5198
5198
5198
5198
5198
5198
5198
5198
5198
5198
5198
5198
5198
5197
5198
5198
5198
5197
5197
5197
5197
5197
5197
5197
5197
5197
5197
5197
5197
5197
5197
5197
5197
5197
5197
5197
5197
5197
5197
5197
5197
5197
5197
5197
5197
5197
5197
5197
5197
5197
5197
5197
5197
5197
5197
5197
5197
5197
5197
5197
5197
5197
5197
5197
5197
5197
5197
5197
5197
5197
5197
5197
5197
5197
5197
5197
5197
5197
5197
5197
5197
5197
5197
5197
5197
5196
5196
5196
5196
5196
5196
5196
5196
5196
5197
5197
5197
5197
5197
5197
5197
5197
5197
5197
5197
5197
5197
5197
5197
5197
5197
5197
5197
5197
5197
5197
5197
5197
5197
5197
5197
5197
5197
5197
5197
5197
5197
5197
5197
5197
5197
5196
5196
5196
5196
5196
5196
5196
5196
5197
5197
5197
5197
5197
5197
5197
5197
5197
5197
5197
5197
5197
5197
5197
5197
5197
5197
5197
5197
5197
5197
5197
5197
5197
5198
5198
5198
5198
5198
5198
5198
5198
5198
5198
5198
5198
5198
5198
5198
5198
5198
5198
5198
5198
5198
5198
5198
5198
5198
5198
5198
5198
5198
5198
5198
5198
5198
5198
5198
5198
5198
5198
5198
5198
5198
5198
5198
5198
5198
5198
5197
5197
5197
5197
5197
5197
5197
5197
5197
5197
5197
5197
5197
5197
5197
5197
5197
5197
5197
5197
5197
5197
5198
5198
5198
5198
5198
5198
5198
5198
5198
5198
5198
5198
5198
5198
5198
5198
5198
5198
5198
5198
5198
5198
5198
5198
5198
5198
5198
5198
5198
5198
5198
5198
5198
5198
5198
5198
5198
5198
5198
5198
5198
5198
5198
5198
5198
5198
5198
5198
5198
5198
5198
5198
5198
5198
5198
5198
5198
5198
5198
5198
5198
5198
5198
5198
5198
5198
5198
5198
5198
5198
5198
5198
5198
5198
5198
5198
5198
5198
5198
5198
5198
5198
5198
5198
5198
5198
5198
5198
5197
5197
5197
5197
5197
5197
5197
5197
5197
5197
5197
5197
5197
5197
5197
5197
5197
5197
5197
5197
5197
5197
5197
5197
5198
5198
5198
5198
5198
5198
5198
5198
5198
5198
5198
5198
5198
5198
5198
5198
5198
5198
5198
5198
5198
5198
5198
5198
5198
5198
5197
5197
5197
5197
5197
5197
5197
5197
5197
5197
5197
5197
5197
5197
5197
5197
5197
5197
5197
5197
5197
5197
5197
5197
5197
5197
5197
5197
5197
5197
5197
5197
5197
5197
5197
5197
5197
5197
5197
5197
5197
5197
5197
5197
5197
5197
5197
5197
5197
5197
5197
5197
5197
5198
5198
5198
5198
5198
5198
5198
5198
5198
5198
5198
5198
5198
5198
5198
5198
5198
5198
5198
5198
5198
5198
5198
5198
5198
5198
5198
5198
5198
5198
5198
5198
5198
5198
5198
5198
5198
5198
5198
5198
5198
5198
5198
5198
5198
5198
5198
5198
5198
5198
5198
5198
5198
5198
5198
5198
5198
5198
5198
5198
5198
5198
5198
5198
5198
5198
5198
5198
5198
5198
5198
5198
5198
5198
5198
5198
5198
5198
5198
5198
5198
5198
5198
5198
5198
5198
5198
5198
5198
5198
5198
5198
5198
5198
5198
5198
5198
5198
5198
5198
5198
5198
5198
5198
5198
5198
5198
5198
5198
5198
5198
5198
5198
5198
5198
5198
5198
5198
5198
5198
5198
5198
5198
5198
5198
5198
5198
5198
5198
5198
5198
5198
5198
5198
5198
5198
5198
5198
5198
5198
5198
5198
5198
5198
5198
5198
5198
5198
5198
5198
5198
5198
5198
5198
5198
5198
5198
5198
5198
5198
5198
5198
5198
5198
5198
5198
5197
5197
5197
5197
5197
5197
5197
5197
5197
5197
5197
5197
5197
5197
5197
5197
5197
5197
5197
5197
5197
5197
5197
5197
5197
5197
5197
5197
5197
5197
5197
5197
5197
5197
5197
5197
5197
5197
5197
5197
5197
5197
5197
5197
5197
5197
5197
5197
5197
5197
5197
5197
5197
5197
5197
5197
5197
5197
5197
5197
5197
5197
5197
5197
5197
5197
5197
5197
5197
5197
5197
5197
5197
5197
5197
5197
5197
5197
5197
5197
5197
5197
5197
5197
5197
5197
5197
5197
5197
5197
5197
5197
5197
5197
5197
5197
5198
5198
5198
5198
5198
5198
5198
5198
5198
5198
5198
5198
5198
5198
5198
5198
5198
5198
5198
5198
5198
5198
5198
5198
5198
5198
5198
5198
5198
5198
5198
5198
5198
5198
5198
5198
5198
5198
5198
5198
5198
5198
5198
5198
5198
5198
5198
5198
5198
5198
5198
5198
5198
5198
5198
5198
5198
5198
5198
5198
5198
5198
5198
5198
5198
5198
5198
5198
5198
5198
5198
5198
5198
5198
5198
5198
5198
5198
5198
5197
5197
5197
5197
5197
5197
5198
5198
5198
5198
5198
5198
5198
5198
5198
5198
5198
5198
5198
5198
5198
5198
5198
5198
5198
5198
5198
5198
5198
5198
5198
5198
5198
5198
5198
5198
5198
5198
5198
5198
5198
5198
5198
5198
5198
5198
5198
5198
5198
5198
5198
5198
5198
5198
5198
5198
5198
5198
5198
5198
5198
5198
5198
5198
5198
5198
5198
5198
5198
5198
5198
5198
5198
5198
5198
5198
5198
5198
5198
5198
5198
5198
5198
5198
5198
5198
5198
5198
5198
5198
5198
5198
5198
5198
5198
5198
5198
5198
5198
5198
5198
5198
5198
5198
5198
5198
5198
5198
5198
5198
5198
5198
5198
5198
5198
5198
5198
5198
5198
5198
5198
5198
5198
5198
5198
5198
5198
5198
5198
5198
5198
5198
5198
5198
5198
5198
5198
5198
5198
5198
5198
5198
5198
5198
5198
5198
5198
5198
5198
5198
5198
5198
5198
5197
5197
5197
5197
5197
5197
5197
5197
5197
5197
5197
5197
5197
5197
5197
5197
5197
5197
5197
5197
5197
5197
5197
5197
5197
5197
5197
5197
5197
5197
5197
5197
5197
5197
5197
5197
5197
5197
5197
5197
5197
5197
5197
5197
5197
5197
5197
5197
5197
5197
5197
5197
5197
5197
5197
5197
5197
5197
5197
5197
5197
5197
5197
5197
5197
5197
5197
5197
5197
5197
5197
5197
5197
5197
5197
5197
5197
5197
5197
5197
5197
5197
5197
5197
5197
5197
5197
5197
5197
5197
5197
5197
5197
5197
5197
5197
5197
5197
5197
5197
5197
5197
5197
5197
5197
5197
5197
5197
5197
5197
5197
5197
5197
5197
5197
5197
5197
5197
5197
5197
5197
5197
5197
5197
5197
5197
5197
5197
5197
5197
5197
5197
5197
5197
5197
5197
5197
5198
5198
5198
5198
5198
5198
5198
5198
5198
5198
5198
5198
5198
5198
5198
5198
5198
5198
5198
5198
5198
5198
5198
5198
5198
5198
5198
5198
5198
5198
5198
5198
5198
5198
5198
5198
5198
5198
5198
5198
5198
5198
5198
5198
5198
5198
5198
5198
5198
5198
5198
5198
5198
5198
5198
5198
5198
5198
5198
5198
5198
5198
5198
5198
5198
5198
5198
5198
5198
5198
5198
5198
5198
5198
5198
5198
5198
5198
5198
5198
5198
5198
5198
5198
5198
5198
5198
5198
5198
5198
5198
5198
5198
5198
5198
5198
5198
5198
5198
5198
5198
5198
5198
5198
5198
5198
5198
5198
5198
5198
5198
5198
5198
5198
5198
5198
5198
5198
5198
5198
5198
5198
5198
5198
5198
5198
5198
5198
5198
5198
5198
5198
5198
5198
5198
5198
5198
5198
5198
5198
5198
5198
5198
5198
5198
5198
5198
5198
5198
5198
5198
5198
5198
5198
5198
5198
5198
5198
5198
5198
5198
5198
5198
5198
5198
5198
5198
5198
5198
5198
5198
5198
5198
5198
5198
5198
5198
5198
5198
5198
5198
5198
5198
5198
5198
5198
5198
5198
5198
5198
5198
5198
5198
5198
5198
5198
5198
5198
5198
5198
5198
5198
5198
5198
5198
5198
5198
5198
5198
5198
5198
5198
5198
5198
5198
5198
5198
5198
5198
5198
5198
5198
5198
5198
5198
5198
5198
5198
5198
5198
5198
5198
5198
5198
5198
5198
5198
5198
5198
5198
5198
5198
5198
5198
5198
5198
5198
5198
5198
5198
5198
5198
5198
5198
5198
5198
5198
5198
5198
5198
5198
5198
5198
5198
5198
5198
5198
5198
5198
5198
5198
5198
5198
5198
5198
5198
5198
5198
5198
5198
5198
5198
5198
5198
5198
5198
5198
5198
5198
5198
5198
5198
5198
5198
5198
5198
5198
5198
5198
5198
5198
5198
5198
5198
5198
5198
5198
5198
5198
