6068
5578
5578
2900
2905
3004
2462
2363
2364
2906
3005
3164
3164
3159
2779
2784
2270
2318
2698
2539
2538
2539
3053
3351
2949
3351
2949
3108
3009
3406
3505
3125
3369
3270
3026
3428
3766
3655
3654
3898
3898
4334
4335
4715
4960
4333
4334
4333
4088
4083
3647
3133
3085
2683
2439
2487
3001
2487
2487
2328
1990
2426
2426
2431
2675
2627
2085
1761
1762
2276
2521
2859
2479
2141
1744
2124
2223
2218
1704
1704
2028
2076
2076
2075
2186
1888
2402
2078
2402
2429
2330
2330
2628
2629
3031
2517
3144
3541
3139
3653
3409
3811
3910
3883
3882
3881
4040
4041
3993
3894
3380
3624
3624
3380
3269
3269
3269
3269
3110
3269
3317
3317
3019
3018
2582
3096
3123
2799
2898
3009
2764
2769
2142
2043
2142
2115
1713
1602
1603
1504
1505
1616
1940
2567
2566
3108
3108
3510
3511
3947
3946
3973
4218
4218
4462
4462
4303
4462
4060
4060
4159
4154
3995
3559
3315
2918
3315
3315
3314
3612
4014
3769
3227
3386
3630
3603
3444
3042
3287
3689
4125
4125
3801
3690
3176
3176
2774
2775
2477
2477
2879
3038
3038
2939
2939
3263
2827
3165
3165
3192
3628
3226
2982
2983
2547
3089
3089
3088
2691
2149
2122
1784
1811
2353
2358
2199
2713
2333
2444
2444
2396
2734
3114
3511
3114
3273
3372
3213
3615
3504
3901
4145
4145
4118
3491
3789
3837
3499
3610
3230
3230
3231
3226
2902
2902
2500
2880
2635
2238
2237
1857
1559
1586
1884
2281
2440
2142
2387
2143
2044
2043
2044
2044
2049
2049
2387
1990
2392
2147
2391
2827
2822
2822
2386
1984
1984
2386
2684
2282
2718
2559
2956
2908
3232
3233
3332
3331
3332
3337
3332
3337
2901
2563
2901
2896
2558
2558
2260
2260
2016
2418
2417
2853
2826
2826
2424
2313
2318
2562
2673
2700
2695
2854
2855
2854
2902
2803
3141
3141
3140
3140
2816
3061
3061
3385
3140
2896
3194
3195
3168
2844
2546
2573
2414
2414
2513
2402
2375
2699
2302
2547
2547
2944
2547
2548
3175
3572
3816
3815
3842
3843
4223
3681
3680
3653
3256
3011
3011
3553
3309
2971
2976
3087
3087
3332
3087
3114
3452
3849
3222
3174
3418
2982
3418
3094
3721
3094
3496
3741
3741
3199
3247
3136
3247
3874
3775
3775
4317
3881
3770
3743
3744
3743
3854
3806
3264
3264
3588
3583
2956
2712
2332
2380
2269
2368
2479
2723
2399
2288
2447
3074
2736
2737
2335
2715
2667
2778
3180
3081
3405
3404
3742
3790
4332
4768
4767
4429
4381
3754
3755
3353
2811
2652
3279
3035
3577
3063
2683
2981
3029
2918
2594
2705
2407
2705
2269
2221
2220
2225
2324
2648
2648
2648
2986
2688
2715
3013
2902
2564
2465
2465
2709
2710
2705
2678
2678
2777
3157
2777
2888
3047
3048
3450
3450
3351
3450
3964
3805
3853
3858
3857
3559
3897
3270
2932
2927
3265
3645
4272
3870
3822
3723
4125
4284
4125
4561
4159
3762
4164
4169
4467
4468
4467
4065
4064
4064
3740
3113
3113
2869
3028
2917
2375
2376
2475
2475
2523
2523
2009
2523
2424
2424
2126
2126
1612
1367
931
883
1285
1583
2210
2454
2210
2454
2968
3292
3319
3021
3069
3505
3902
3875
3537
3875
3631
3742
3694
3938
3938
3965
4013
4555
4555
4555
4175
4174
4175
3661
3634
3092
3337
3851
4149
4691
4294
4295
3971
4351
4350
4349
4105
4204
3866
3867
3431
3320
3564
3591
3347
2967
2919
2918
2919
3030
2871
2329
2031
2030
2410
2299
2272
2431
1804
1915
1916
2240
2235
2236
2574
2818
2438
2339
2881
2637
2664
2150
2586
2966
3210
3209
3308
3313
3940
3829
3505
3167
3167
3068
3116
2489
2787
2407
2162
2003
2248
2628
2966
2668
2767
2740
2767
2522
2142
1740
1741
1741
1740
2367
2123
2421
2416
2740
2851
2553
2526
2770
3068
3069
2633
2534
2693
2693
3090
3604
4006
3958
3620
3647
3488
3488
2946
2946
2945
2431
2034
2007
2252
2411
2847
2852
2416
2852
2693
2720
2693
2792
2787
2786
3183
3231
2987
2876
2876
2552
2504
2842
3086
3245
2809
2650
2809
2564
2565
2566
2677
3001
3028
2869
2869
3028
3028
2690
2695
2397
1995
2397
2445
2444
2200
2201
2743
2116
2552
2551
2546
3173
3178
3019
3019
2908
2907
2907
2902
2903
2903
2876
2440
2876
2440
1898
1899
1899
2413
2658
2902
2505
2261
2288
1886
2184
2183
2427
1800
1502
1501
1612
1513
1269
1368
1612
1910
2307
2009
2009
1961
1961
2259
2259
2661
3203
3639
3125
3173
3800
3364
2822
3202
3091
2767
3091
3250
2848
2468
2170
2572
2175
2076
2175
2689
2444
2880
2444
2396
2396
2832
3130
3031
3079
2755
2756
2729
3126
3371
3751
3507
3508
3263
3362
2735
2979
3224
2827
2779
2779
2680
2244
2343
2348
2890
2889
2487
2811
3247
3003
2998
2674
2132
2137
2764
2765
2251
2246
2246
2087
1789
1816
1436
1760
1324
1483
1482
1884
1889
1790
1790
1785
2182
2724
2835
2934
3314
3612
3950
3950
3949
3922
4436
4441
4061
4061
4062
4061
4109
3567
3322
3223
3224
3224
2822
2425
2524
3066
2524
2413
1899
2335
2336
2878
3275
2977
3275
2977
2977
2653
2494
2446
2848
3362
3357
3384
3357
3258
3503
3502
3550
3551
3306
3258
2744
3042
2704
2709
3089
3413
3572
3175
3689
3689
3688
3683
3927
4038
3496
3834
3432
3094
3094
2658
2685
3227
3275
3227
3068
3068
2824
3226
3385
3723
4120
4120
4364
4800
4502
4105
4105
4104
4105
3767
3767
3815
3814
3655
3544
3164
2728
2729
2728
2680
2839
2950
2323
1921
1922
2324
2080
2079
2080
2460
2080
2179
2517
2761
2602
2200
2827
2826
3228
3201
3090
3117
2575
2576
2577
3013
3172
3177
3177
2550
3092
3092
3719
3205
2803
2367
2367
2340
2737
2737
2732
3246
3251
3631
3472
3717
3473
3717
3765
4167
4167
4326
4437
4389
4825
4825
4852
4852
4852
4851
4607
4283
4256
3876
3479
3478
3479
3506
3261
3559
2932
3312
3709
3598
3843
3891
3489
3462
3363
3358
3310
2930
3254
3255
3635
3640
3639
3242
3290
2966
3290
2992
3389
3144
3546
3844
3408
3006
3001
3000
3099
2761
2766
2793
2794
3039
3377
2980
2881
2501
2342
2586
2745
3181
3022
3424
2988
2988
2961
2559
2560
2957
2659
2654
2409
2361
2409
2520
2123
2421
2421
2448
2850
2849
2848
2947
2609
2768
2470
3097
3070
3315
3070
2668
2557
2937
2937
3339
2797
2802
2703
2459
2460
2571
2670
3106
3350
2723
2968
2454
2454
2355
1975
2602
2940
3482
3238
2836
2831
3228
2890
2889
3269
3269
3270
3672
3671
3915
3373
3374
2977
3374
3401
3699
3319
2883
2884
2883
3319
3833
4213
4213
4551
4524
4551
4307
4308
4308
4407
4407
4069
4069
4407
4083
3647
3652
3541
3296
3296
3295
3406
3307
3406
3406
3842
3440
3392
3392
3934
3982
3585
3426
3426
3823
3724
3097
3341
3230
2892
2991
2693
3031
3031
2517
2517
2919
3546
3705
4003
3904
3877
3829
3449
3548
3928
3928
4039
4284
3946
3994
3696
3299
3696
3451
3775
3373
2993
3373
3325
3001
3325
3352
3193
3438
3327
3326
3082
3326
3327
3327
3486
3784
3757
3130
2806
2805
2805
2646
2694
2853
2854
2854
3178
2934
3178
2934
3178
3205
3106
3105
2861
2834
2454
2856
2856
3236
3263
2866
2866
2866
2866
2707
2707
2951
3110
2812
2376
2349
2025
2652
2272
2652
2025
2323
2323
2837
3161
3499
3598
3056
3492
3519
4146
4146
3902
3903
3898
3898
3799
3804
3915
3910
4452
4341
3961
3962
4359
4603
3976
3817
3415
3091
3091
3250
3652
4032
4032
4037
4036
3639
3638
3340
3664
3659
3145
3146
3660
3633
3931
4558
4399
4101
4498
4096
4394
3852
3514
3514
3216
3243
2807
3209
2807
2759
2759
2759
2132
2231
1717
2119
2661
2999
3435
3435
3436
3547
3547
3302
3301
3057
3058
2947
2952
2614
2212
2839
2838
3136
3136
3381
3136
3037
3136
3137
2813
2861
3263
3215
3188
3347
3671
3670
3372
3372
3373
3400
2964
2640
2639
2012
2257
2771
2744
2792
2793
2413
2657
2657
2995
3375
3327
3651
3552
3551
3849
4476
4575
4330
4325
3811
3838
3458
3120
3093
3529
3867
3623
3299
3623
3623
3464
3469
3468
2926
2827
2827
3072
3586
3830
3428
3476
3587
3343
3338
3582
3146
3146
2808
2809
2809
3351
3378
3383
3378
3133
3133
3378
3134
2836
2809
2814
2913
2913
3349
3593
3079
3238
3237
2992
3394
3908
3903
3501
3390
3390
3417
3417
3417
3369
2933
3335
2708
2713
2554
2665
2566
2455
2455
1913
1886
1886
1489
1484
1643
1691
1447
1691
2029
2274
2572
2671
2676
2787
3329
3230
2985
2937
2937
2613
3010
2496
2491
2590
2591
2480
2994
2835
2736
2339
2663
3290
3289
2951
2999
3000
3397
3735
3437
3113
3224
3223
3250
3223
3322
3078
3322
3481
3482
3806
3833
4213
3969
3631
3604
3280
2883
2724
3048
3207
3212
2810
2699
2072
2699
2997
2997
2699
2694
2693
2151
1827
1828
1833
1674
1998
1993
2429
2456
2132
1752
2090
2201
2201
2174
2576
2576
2575
2602
2503
2801
2801
2801
3181
3723
3612
3585
3590
3590
3987
4311
4263
4507
4618
4294
3956
4004
4005
4343
3963
3449
3449
3151
3146
3245
3244
3245
3244
3403
3430
3754
3357
2955
3200
3201
3202
2766
3280
3716
3721
4019
4019
3477
3450
3450
3339
2903
3283
3825
3820
3772
3772
3527
3526
3146
3047
2803
2851
3287
3531
3531
3207
3234
3207
2909
3233
3074
3075
2561
2958
2620
2223
2603
2279
1899
2296
2296
2395
2151
2310
2608
2608
2853
3097
3097
3097
3097
3611
3512
3892
3350
3106
3058
3460
3784
3784
3783
3459
3797
3400
3400
3797
3824
3422
3025
3349
3104
3646
3757
3762
4159
4561
4263
4263
4258
4556
4120
4121
4120
3718
3420
3665
4067
4311
3914
3590
3563
3404
3840
3840
3840
3845
4143
4032
4032
3694
3314
3652
3250
3652
3751
3453
3453
3354
2952
2708
2708
3110
3354
2952
2952
3000
3324
3323
3318
3319
2692
2851
2852
3232
3073
3072
3183
2859
2859
3486
3241
3643
3643
3888
3889
3889
3645
3889
4048
3612
3367
3256
3261
3360
2846
2687
2682
2927
3441
3393
3552
2925
2680
2707
2707
2548
2006
2304
2628
3025
3184
2782
3218
3119
2821
2821
2662
2338
2740
2226
2853
2853
3012
3123
3123
3096
2716
3014
3338
3337
3879
3880
3880
3879
3720
3720
3396
3397
3642
3206
3211
3535
3535
3534
3693
3582
3577
3253
2626
2626
3253
3258
2920
2921
2921
2676
2675
2278
2616
2617
2617
2279
2306
2354
2353
2677
3191
2789
2465
2464
2788
3185
3185
3186
3524
3476
3587
3587
3249
3138
3574
3976
3817
4197
3795
3843
3942
3915
4074
3750
3750
3749
3776
3234
3234
3572
3413
2786
2488
2488
2890
2646
2266
2266
2590
3132
2735
3115
2777
2678
2678
3075
3234
3479
3452
3055
3353
3980
3980
4224
4323
4324
4323
4350
4461
4350
4052
4052
4449
4290
3854
3474
3474
3475
3151
2637
2796
2769
2610
2605
2605
2604
2359
2683
2684
2843
2843
2843
3357
2730
2406
2406
2406
3033
3357
2730
2328
2439
2444
2444
2047
2674
2673
2562
2563
2999
2485
2999
2485
2512
2513
2512
2623
2624
2624
2624
3138
3383
2869
2869
2864
2765
2654
2765
3063
2818
3220
3061
3458
2916
2921
2873
3387
3143
3116
3115
3359
3115
3115
2718
2204
2252
2649
2538
2538
2538
2782
2734
2734
2734
2761
2761
2761
2756
2757
3137
2735
2834
2993
2993
2992
3237
3236
2800
2173
2014
1769
1742
1901
1928
1901
1902
1803
1803
2317
2562
2562
2562
2562
3104
3104
2707
2707
2707
2463
2865
2463
2468
2469
2496
2495
1981
2029
2426
2102
2201
2042
2041
2042
2153
2667
3005
3005
2667
2619
3055
3299
3926
3827
3826
3715
3471
3466
3710
3710
3313
2877
2250
2223
2625
2963
2968
2566
2567
2891
2886
2997
2886
2891
2990
3149
2607
2634
2336
2335
1821
1821
2335
2335
2446
2446
2446
2447
2849
2849
3285
3174
3169
3467
3467
3223
2885
2885
2483
3025
3427
3427
3427
3268
3023
3182
3181
3426
3046
2722
2320
2717
2717
3097
3421
3394
3395
3422
3427
3426
3828
3801
3849
3447
3348
3348
3349
3104
3104
3215
3167
3505
4132
4534
4236
4236
4236
3898
3898
4236
3694
3370
2856
2459
2348
2862
2961
2956
3004
3003
3004
2845
2465
1951
1978
2520
2521
2473
2472
2717
2716
3096
3420
2878
3176
3335
3335
3335
2997
2997
3108
3081
3325
3001
2599
2599
2937
2937
2938
2986
2991
2991
2611
2606
2495
2336
2878
2830
2829
2988
2743
3067
3115
3115
2573
2474
3016
3016
3017
2390
2635
2476
2476
2878
2879
2878
2977
2977
3136
3163
3164
3137
2595
2595
2297
2408
2408
2805
2832
2494
3036
3035
3034
2935
3034
2923
2923
2896
3276
3276
3277
3791
3818
3817
3420
3176
3176
2662
2614
2952
2707
2708
2681
2682
2682
2926
2953
3251
3224
2788
2246
2491
2496
3123
3118
3118
3019
2617
3019
2774
2774
2615
2642
2642
2641
3077
3125
3077
3591
3690
3663
3149
3149
3149
3546
2919
2581
2580
2183
2521
2422
2423
2085
2627
2654
2753
3091
3336
3038
2939
3453
3453
3850
3823
3824
3935
4562
4182
3785
3790
3790
3452
3447
3827
3583
3582
3581
3879
3337
3734
3782
3268
2866
3110
2730
3068
3020
2696
2696
3020
2623
2671
2672
2673
2046
2046
2046
2073
1829
1928
1683
1656
1220
1847
2091
2471
2985
3382
3627
3382
3409
3845
4004
3377
4004
4003
3376
3265
3265
3667
3640
3640
3316
3217
2973
2576
3118
2716
2715
3342
3343
3740
3741
3227
2889
2841
3165
3276
3165
3276
3275
2977
2580
2878
2442
2686
2691
2691
2686
2691
3093
3490
3490
3491
3491
3491
3491
3491
4005
3625
3327
2813
2813
3193
3192
2948
2943
2619
2508
2607
2227
2254
2259
2597
2841
2742
3040
3151
3250
3764
3466
3711
3552
3850
3898
3898
3898
4278
4230
3833
4269
4593
4269
4242
3700
3701
3602
3357
3357
3681
3343
3442
3062
3400
3427
3475
3475
3039
3034
2736
2398
2287
2286
2042
2042
1718
1691
1696
2020
2456
2455
2482
2434
2732
2732
2780
3025
3025
3026
2728
2728
2727
2727
2403
2376
2620
2620
2572
2473
2468
2766
2252
2252
2766
2766
2766
3104
3104
5612
5612
5612
6406
6406
6406
6406
7490
7490
7490
7490
7490
7490
6696
6020
6020
6780
6780
6780
6290
6290
6966
6094
2533
2153
2398
2834
2292
2340
2638
2011
1673
2053
2058
2010
2005
2402
1966
2077
2415
2171
2171
2176
1878
2314
2315
2613
2712
2739
3063
3063
3605
3653
3605
3764
3765
4009
4009
3671
4185
4026
4021
3776
3935
3983
3983
3983
3872
3548
3304
2762
2761
2602
2503
2748
2503
3045
3383
2981
2643
2967
3126
3099
3099
3344
3971
3812
4214
4214
4325
4663
4227
4254
4254
4254
3916
4160
4259
3935
3935
4273
4272
4277
4713
4714
4317
4317
4218
4317
4312
3974
4371
3974
4298
4199
4198
4203
4204
4204
3880
3875
3361
3361
3250
3361
3758
3710
3711
3870
3626
3626
3626
3626
3870
3869
3710
3709
3167
3709
4047
3749
3848
4362
4660
4819
4422
4422
4084
4132
3696
3597
3570
3411
3416
3416
3036
3360
3796
3685
3685
3058
3685
3686
3144
2820
2979
2820
2522
2919
2920
3300
2920
3244
2842
2328
2328
2083
2078
2592
2890
2917
2520
1893
2435
1893
2004
2546
2222
2467
2864
3202
3582
3146
3151
3553
3553
3308
2906
2392
2365
2610
3046
3045
2934
3045
3204
3045
2609
2768
3204
2960
2580
2960
2912
2370
2397
2396
2237
2126
1788
1490
2032
1490
2117
2118
1721
1721
2045
2045
2156
2156
2156
2157
2554
1927
2265
2364
2363
2661
2225
2852
2753
2997
3399
3288
2908
2956
2559
2532
2968
2723
2834
2834
2834
3231
2834
3348
3024
3025
3052
3025
2914
3311
3556
3583
3583
3583
3181
3133
3457
3452
3832
3534
3196
3195
3306
3354
3243
2919
2918
3216
2918
2891
3293
3298
3299
3637
3393
3552
3155
3156
3155
3154
2909
2910
2572
2572
2571
2571
2169
2507
2805
3347
2805
3049
3148
3550
3212
3212
3213
3213
3610
3610
3610
3213
2833
3230
3071
3451
3789
3690
4232
4477
4477
4477
4041
4140
3760
3462
3462
3217
3244
3244
3244
3244
3680
4060
4055
4056
4056
4380
3983
3547
3944
4103
3701
3946
3946
4244
4243
4216
4618
4076
4076
4618
4519
4195
4195
4519
4518
4629
5065
4685
4574
4236
3912
3510
3510
3351
2915
3074
3173
3609
3450
3402
3513
2971
2872
2873
2476
2476
2178
2205
2205
1578
1578
1916
2543
2591
2690
2690
2849
2335
2633
2633
2633
2585
2633
2632
2521
2522
2522
2474
2475
2523
2523
2634
2336
2341
2314
2215
2215
2617
2915
2756
2756
2512
2836
3080
3460
3162
3321
3348
3862
3862
3618
3591
3346
3644
3643
3241
3130
3131
3130
3241
3241
3240
3637
3010
3011
3011
3553
3798
3460
3461
3460
3136
3088
3087
3088
3490
3245
3293
2751
3293
3631
3229
3473
4100
3473
3468
3468
3088
3087
3332
3173
3332
3359
3739
3744
3843
3684
3684
4086
4086
4081
4081
3645
3131
3131
3032
3131
3567
3468
3468
3627
3329
2991
2991
2832
2991
2992
3091
3605
3605
3203
2689
2662
2662
3064
2965
2964
2562
2661
2562
3076
3103
2706
3108
3432
3405
3246
3246
3247
3874
3472
3424
2882
2502
2904
3242
3639
4181
3745
3231
3231
2893
2496
2932
2932
3446
3545
3545
3546
3546
3447
3011
3011
2687
2576
2603
2983
2988
2988
2361
2797
3121
3419
3518
3082
3082
3077
3125
3077
3474
3633
3633
3119
3119
3118
3554
3665
3554
3554
3455
4082
3923
4437
4410
4112
3788
3789
3789
4113
4411
4570
4570
4570
4134
4139
4138
3979
4027
3729
4027
4463
4562
4589
4562
4563
4590
4590
4589
4490
4490
4489
4053
3539
3159
2835
2994
2592
2593
2593
2917
2917
2916
3430
3185
3186
3186
3159
3497
3173
3173
3174
3419
3446
3545
3947
3947
4058
4438
4438
4438
4874
4874
4874
4494
4092
4472
4472
4075
4075
4074
4074
4073
3828
3530
3016
3340
3737
3301
3703
3704
3460
3758
3753
3726
3753
3997
3370
3322
3321
3077
2675
2516
2760
2516
2761
2364
2364
2365
2524
2926
3170
3059
2814
2814
2516
1974
1974
1594
1642
2078
1754
1999
1563
1563
2105
2105
1946
2343
2342
2453
2612
2613
2368
2692
3072
3072
3077
3072
2670
2643
2484
2484
2483
2484
2104
2104
2540
2541
2217
2222
1786
2222
2217
1879
2217
2244
1808
2322
2322
2702
3000
2458
2214
1916
2543
2444
2880
3422
3422
3666
3671
3995
4240
3804
3777
3777
3397
3799
3794
3392
3392
3794
3793
3794
3799
3799
3397
3397
3396
3396
3396
3395
2881
2637
2736
3172
2927
2491
2492
2492
2492
2736
3034
3279
3278
2954
2954
3278
3230
3230
2985
3033
2934
2929
3088
2546
3060
5472
5472
5472
5472
5472
5376
5376
5376
5376
2291
2180
2560
2587
3023
3268
3109
3109
3651
3652
3653
4055
4055
4214
4187
4187
4028
4033
4060
4219
3677
3677
3275
2761
2860
2522
2521
2516
2516
3030
3003
2904
2905
2932
2905
2905
2607
2905
2904
3306
3062
2764
3102
2943
3102
2700
2455
2779
2780
2456
2020
2020
2020
2417
2741
2741
2985
3387
3414
3170
3414
3413
3386
3385
3484
3485
3326
3374
3374
2747
2423
2965
3124
3124
3076
2832
3156
2832
3076
2917
2918
2945
2945
2701
2701
2946
3244
3568
4004
3568
3270
3270
3429
3429
3032
3005
3005
3303
2965
2720
3117
3117
3117
2793
2391
2391
2391
2391
2636
2684
2795
2281
2281
2281
2182
2520
2361
2361
1819
1708
1311
1938
2335
2771
2930
2929
2881
2636
2635
2635
2746
2794
2893
2845
2746
2845
2893
3137
3137
3461
3462
3489
3734
3635
3635
3635
3297
3296
3296
3810
3183
3725
3730
3571
3273
3273
3029
3029
3030
3657
3657
3816
3915
4213
3889
3778
3679
3790
4128
3748
3748
3450
3748
4128
4452
4425
4669
4127
4079
4080
4075
4102
3475
3151
2637
2636
2684
2684
2684
2684
2573
2573
2137
2539
2295
2295
2296
1998
2242
1998
2097
2395
2150
2102
1700
1811
1810
1810
1810
2212
2212
2754
2754
2754
2999
2999
2900
2602
2602
2264
1884
2222
2111
2222
2546
2545
2545
2843
3087
3087
3467
3223
3223
3737
3357
3362
3742
4178
4178
4173
4173
3793
4420
4096
3798
3401
3699
3943
4042
4042
4366
4339
3797
3499
3500
3500
2873
2900
2900
2873
2762
2438
2465
2366
2366
2465
2763
2664
2262
2361
2361
2262
2361
2362
2759
2759
3161
3788
3450
3291
3192
3351
3350
3351
3731
3731
3572
3572
3572
3136
3136
3295
2997
2997
3002
3340
3313
3313
3637
3636
3298
2974
3022
3023
3023
3347
3346
3341
3368
3467
2840
2839
2839
2844
2447
2420
2856
2697
2649
2676
3073
3068
2688
2689
3316
3696
4034
4145
4046
3419
3419
3419
3717
3690
3849
3511
3510
3515
3217
3058
3058
3058
3396
3072
3614
3100
2856
2857
3016
3115
3116
3116
2680
2679
2727
2347
2299
2299
2299
2543
2538
2538
2543
3170
3170
2773
3209
3209
3257
3637
3935
3936
3825
3777
3804
3799
3501
4015
4126
4015
3501
3402
3501
2874
2873
2471
2582
2423
2312
2360
2365
2663
2663
2774
3401
3725
3289
3725
3401
3401
3725
3626
3381
3895
3895
3268
3268
3670
3622
3781
3267
3267
3266
3314
3413
3414
3387
3632
3584
3579
3335
3383
3897
4294
4299
4543
4542
4542
4244
3808
3428
3429
3318
3318
3270
3271
3271
3651
3492
3928
3955
3519
3122
3558
3955
3575
3686
3442
3740
3402
3561
3556
3258
2861
2860
2861
2762
3159
2762
2762
2762
2761
2734
3131
2729
3067
2670
2669
3296
3395
3395
3395
2881
2886
2881
2882
2881
3283
3283
3680
3569
3813
3411
3411
3411
3411
3411
3252
2855
2610
2990
2746
2991
3102
3616
3775
3823
3196
3037
3037
3038
3065
3224
3176
3177
3225
3627
3871
3876
3875
3473
3875
3874
4501
4496
4497
4253
4154
3527
3416
3813
3475
3427
3047
3345
3725
3725
3725
3725
3725
3724
3724
3835
3835
3883
3888
3508
3481
3861
3319
2805
2904
3242
3143
3143
3032
3032
2984
3228
2890
2938
2614
2614
2952
2793
2455
2211
2535
2694
2694
2689
2800
2801
2503
3130
3130
3468
3032
3033
3060
3060
3060
3602
3701
3653
3554
3152
3152
2814
2490
2814
2187
2814
2819
2918
3256
3770
4068
3957
3858
3853
3529
3529
2987
2987
3389
3825
4149
3747
3752
3414
3414
3255
3255
2858
2857
3254
3796
3796
3955
3575
2948
2948
2650
2214
1700
1541
1514
1514
1541
1589
1748
2086
2600
2573
2817
3219
3214
3841
3841
3841
3842
3794
3793
3792
3819
3867
3867
3622
3721
4019
3992
3992
3992
3365
3366
3318
3563
3590
3048
2949
2552
2932
2905
2906
2911
3538
3293
3134
3134
3133
3160
2533
2532
2643
2644
2743
2363
2363
2363
2760
3196
3823
3822
4067
3968
3941
3941
4483
4483
4145
4304
4299
3785
3383
3059
3439
3763
3811
3487
3439
3487
3514
3466
2839
2595
2997
2998
2997
3511
3511
3512
4139
4187
3790
3889
3888
3729
3630
3088
2977
3301
3301
3302
3057
2733
2977
2679
2679
2790
2354
2353
2358
2114
2412
2385
2821
2848
3390
3549
3550
3549
3549
3873
3873
3868
3570
3570
3028
2626
2627
2579
2824
3122
3011
3011
3011
3110
3110
3221
2841
3243
3244
2617
2617
2997
3394
2992
2556
2445
2450
2445
2783
3410
3311
3310
3309
3420
3425
3045
3040
2881
2557
3099
3100
3344
3443
3823
3823
4225
4225
4230
4278
4714
4715
4714
4687
4687
4173
3875
3495
3654
3654
3654
3653
3653
3217
3515
3467
3368
3369
3883
3772
3772
4096
4096
4144
3602
3601
3712
3467
3065
3060
2433
2433
2532
2532
2934
2934
2835
2511
2610
2562
3189
3434
3434
3976
3579
3241
3242
3290
3290
3179
3517
3469
3580
3038
3037
2739
3175
2739
2740
2740
2402
2450
2788
2788
2789
3225
3224
3548
3846
4388
4388
4388
4143
4142
4142
4142
4043
4288
4240
4245
4625
4189
3809
3809
3836
3591
3293
3392
3233
3669
3042
3090
3090
3090
2846
3226
3226
2888
2888
2840
2999
3396
4023
3912
4210
4211
4210
4455
4455
4131
3504
3552
3504
3504
3552
3876
3777
3618
3717
3961
4072
3973
3925
3545
3301
3928
3929
4028
4001
4160
4498
4101
4101
3587
3249
3763
3763
3811
3513
3851
3878
3719
3963
3962
3638
3639
3937
3937
3693
4017
4012
3767
3429
3434
3772
4017
4016
4017
4017
3772
3771
3771
3771
3766
4146
3519
3420
3309
3309
3420
3420
3393
3420
3393
3394
3399
3394
3394
3638
3527
3229
3328
2926
3171
3172
3283
3282
3038
2524
2524
2200
2597
2549
2549
3176
3176
2740
2641
3043
3367
3367
3415
3367
2987
2986
3422
3427
3586
3587
3967
3531
3967
4211
3809
3804
4206
4504
4505
4505
4505
4510
4510
4505
4181
4186
4186
4186
4285
4174
4285
4285
4285
4312
3915
3914
3670
3669
3570
3168
3168
2923
2812
2432
2405
2405
2406
2401
2646
2673
2721
2721
2423
2424
2424
2423
2667
3181
2843
2843
2844
2408
2408
2746
2746
2751
2862
2857
2746
2745
2407
2745
2500
2936
2936
3316
3317
2979
3381
3381
3626
3112
3450
3449
3111
2731
2731
2830
2829
2802
2807
3131
3158
3158
3110
3110
3105
3105
3153
2611
2175
2127
2563
2611
2611
2611
2611
3125
3505
3803
3479
3479
3590
3590
3590
3563
3127
3451
3887
4429
4767
4768
4388
4388
4387
4228
3904
3905
3910
3862
3564
3944
3845
4143
4032
4080
3566
3561
3566
3518
3629
3728
3727
3291
3615
3615
3615
4012
3913
3575
2948
2837
2885
3223
3218
3218
2838
2593
2620
2621
2377
2382
2382
2493
2493
2592
2592
2294
2538
2200
2538
2918
2919
2919
2914
3073
3371
3370
2990
2891
2891
2890
2592
2433
2385
2385
2821
2794
2358
2985
2358
2517
2815
2863
3377
3622
3574
3673
3673
4300
4300
4301
3899
3561
3047
3046
3047
2803
2176
2176
1931
1936
1935
2180
2181
2229
2229
2230
2119
2119
2119
2118
2070
2070
1825
1726
1726
1721
2235
2283
2394
2732
3168
3173
3173
3173
3173
2849
2307
2308
2552
2552
3179
3178
3277
3277
3033
3277
3033
3033
3033
3033
2985
3365
3027
2868
2863
2863
2864
2864
2863
3108
3446
3451
3015
3417
3853
3754
3754
3998
3998
3998
3754
3352
3754
3754
3374
2938
2541
2921
2810
3054
3053
3101
3096
3101
3425
3127
3127
3127
3122
3149
3122
3221
3122
3123
2878
2498
2498
2597
3033
3060
2961
2962
3073
2749
3047
3046
2644
2644
2968
2941
2505
2532
2934
3314
3287
3723
3722
4119
4120
4120
4121
3724
3724
4266
4271
4271
3729
3729
3215
3215
3612
3612
3612
3232
3232
3331
3033
3028
3028
3028
3027
3407
3083
2984
2936
3035
3035
2936
3234
3123
2726
2726
2726
2837
2838
2838
3162
3161
3675
3431
3431
3431
3431
3431
3828
3717
4259
3857
3884
3546
3519
3122
3122
3367
3367
3705
3381
3382
2946
2946
3270
3270
2728
2430
2478
2478
2233
2635
2297
2296
1916
2313
2312
2264
2423
2721
3157
3157
2643
2888
2261
2599
2604
2652
2653
2408
2653
2605
2849
3229
3229
3328
3439
3195
2759
2760
3196
3196
3244
3085
2974
3133
3377
3133
3085
3712
3707
3383
3224
3383
3383
3494
4008
4252
3816
3302
3302
3302
3301
3202
3203
3230
3666
3666
3665
3764
3605
3929
3818
3823
3796
3472
3520
3844
4003
3623
3624
4004
4004
3706
3706
3368
3910
3910
3513
3513
3189
3527
3479
3876
3876
4174
4169
4168
3923
4168
3830
4168
4168
3541
3541
3541
3541
4055
3541
3541
3540
3540
3441
3446
3148
3148
2904
2566
3193
3193
3491
3491
3492
3736
3847
3445
3769
3658
3360
3874
4172
4167
3540
3567
4194
4194
4596
4351
4356
3954
3954
3954
3954
4053
3729
3974
3974
3730
4054
4053
4053
4053
4054
4054
4049
3507
3507
3555
3560
3560
3559
3559
3400
3003
3405
3107
3102
3003
3102
3400
3797
3797
3797
3797
3499
3102
3103
3076
3414
3441
3838
3837
3789
3392
3068
2969
3128
3128
2790
2763
3305
3603
3603
3608
3608
3946
3608
3603
3603
3603
3847
3848
3853
3853
3852
3554
3581
3179
3517
3841
3940
3940
3616
3616
3664
3665
3421
3322
3566
3228
3566
3322
3620
3864
3864
3864
3350
3350
3864
3484
3595
3484
3881
3992
3992
3748
3351
3351
3450
3694
3667
3694
4018
3970
3646
3647
3620
4000
4000
4397
4396
4720
4561
4561
4317
4317
4072
3973
4000
3662
3821
3385
3723
4125
4120
4125
4370
4806
4805
4806
4854
4474
4474
4474
4718
4394
4283
4283
4283
4394
4493
4493
4492
4492
4492
4381
4381
3839
3839
3839
3950
3950
3612
3612
3585
3585
3183
3183
3585
3486
3810
3296
2972
2999
2999
3337
3289
3289
3289
3178
3558
3531
3558
4072
3636
3684
3440
3876
3538
3649
3538
3538
3141
2896
2896
3141
3141
3141
3141
3142
2740
3064
3461
3462
3561
4103
4102
4103
4103
4102
3705
3705
3606
3717
3690
3310
3310
3311
3649
3648
4028
3869
4271
4271
4160
3862
3861
3861
3616
3643
3319
3292
3287
3287
3386
3006
2379
2490
2490
2495
2875
2876
3035
3035
3035
3662
3907
4304
4628
4623
4575
4173
4173
4074
4101
4101
4399
4400
3964
3337
3226
3226
2981
3608
3719
3692
3692
3150
3150
3150
3150
3198
3203
3302
3297
3302
3297
3699
4241
4485
4484
4436
4436
4337
4337
4336
4435
4276
4324
4351
4351
4352
4352
4357
4793
4793
4745
4745
4746
4746
4745
4744
4446
4744
4744
4446
4335
4335
4335
4383
4383
4542
4840
4813
4714
4317
4428
3801
3503
3503
3504
3504
3166
3265
3260
3016
2968
2968
2857
2858
2863
2863
2862
2910
3021
3021
3021
3021
3021
3016
3261
3162
3162
3051
3162
3163
3115
3114
3741
3227
3741
4039
4377
4053
4297
3959
3964
4361
4117
4117
4361
3959
3960
3959
3562
3959
3958
3847
3874
4276
3879
3879
3852
3847
3852
4249
4360
4459
4459
4797
4797
4553
4553
4394
4389
4437
4040
3638
3638
3539
3241
2727
3124
3124
3124
3124
3013
3415
3713
3714
3713
3277
3277
3277
3277
3277
3436
3872
3872
3983
3983
3824
3422
3427
3454
3454
3427
3316
3311
3013
2965
2627
2627
2628
3142
6282
6878
7366
7366
7366
7366
7366
7366
7366
8042
8846
8846
8846
8846
8356
8356
8356
7596
7596
7596
7000
7000
7000
7000
7000
7000
7760
7760
8356
9004
9004
9004
9004
9004
9004
9004
9004
9004
9004
9004
9004
9004
9004
9004
9004
9004
9004
9004
8200
8200
7552
7552
7552
7552
7552
7552
7552
8042
8042
8042
8042
8846
8170
8846
8846
8846
8846
8358
8846
8846
8846
8250
8250
8250
7762
6678
6678
7274
7496
7496
7496
6900
6900
6096
6096
6096
6692
6692
6692
6692
6692
6692
6692
7496
7496
6736
6736
6736
6736
6140
6140
6140
6140
6140
6140
6140
6140
6140
6736
6736
6736
6514
6514
7274
7274
7274
7274
7762
7272
7272
7272
7272
6676
6676
6676
7166
6676
6676
6676
6898
6898
6094
6898
6898
6676
7166
7166
7166
7166
7166
7166
8250
7378
7378
7974
7378
6888
6888
6888
6888
6212
7084
7732
7732
7732
8050
8050
8050
8050
8050
7562
6768
5740
5740
5740
5740
4980
4980
4980
5178
5178
4860
5178
5178
5178
5178
5178
5178
5178
5178
5178
5972
5972
5972
5972
5972
5972
4718
4718
4718
4718
5972
5972
5972
5654
5654
5654
5654
5654
5654
5654
6414
6414
6414
6414
6414
6414
6732
6534
6216
5422
5422
6216
6892
6892
6892
6892
7488
7488
7488
7488
7488
7488
6694
6694
5822
5822
5822
5822
5822
5822
5822
5822
6694
6694
6694
6694
6694
6694
5934
5934
5934
5258
5258
6286
6286
6604
6604
6604
6604
5576
5576
5258
5748
5748
4944
4944
4944
5704
5704
5704
5704
5704
5704
6508
6508
6508
7302
7302
7302
7302
7302
7302
6706
6706
6706
7302
7978
7978
7978
7978
7978
7978
7488
7488
7488
7488
7488
7488
7488
6694
6694
6694
6694
6694
6694
6694
5890
6918
6918
6918
6270
6270
6270
6270
6270
5674
5674
4914
5718
5718
4914
4914
4914
5510
4914
4914
4914
4914
5402
5720
5232
5232
2621
5232
5232
5232
5720
5720
6480
6162
6956
6956
6196
6196
6196
6514
6514
6514
6514
6514
6514
6514
6514
6514
6514
6514
6514
6514
6514
6026
6674
6674
5998
5998
5998
5998
5998
5998
5998
5680
6440
6440
6440
6930
6930
7606
6958
6958
6958
6468
6468
6468
5708
6512
7108
7108
7108
7868
7868
7868
8516
8516
8516
7756
7756
7756
7756
8516
8516
7840
7840
7080
6432
6432
6432
6432
6750
6750
6750
6750
6750
7238
7238
7238
7238
7238
7238
7238
7238
7238
7238
7238
7238
7238
7238
7238
7238
7238
7238
7238
7238
7238
7238
7238
7238
7238
7238
7238
7238
7238
7238
7238
3864
3864
3350
3864
3891
3891
3892
3892
3648
3986
3985
3986
3688
3986
4097
4196
4196
4576
4196
4169
4168
4195
3568
3270
2932
2937
2937
3317
2920
2920
2378
2378
2379
2134
2135
2135
2135
2379
2379
2374
2672
2671
2670
2671
2676
3218
3218
3119
3119
2577
3204
3199
3199
3523
3279
3279
3120
3120
3662
3551
3227
3624
3723
4061
4172
4172
3658
3658
3903
3506
3208
3097
3256
3256
3500
3548
3006
3006
2907
2748
3072
3072
3614
3613
3565
3565
3227
3227
3565
3565
3163
3163
3262
3560
3565
2938
2911
2911
3022
2777
2825
3070
3070
3697
4211
4211
4370
4371
4323
4720
4621
4720
4715
4377
4377
4378
4267
4669
4717
4315
4717
4717
4203
3767
3522
3423
3099
3099
3613
3071
3395
3422
3395
3394
3421
3426
3421
3420
3531
3776
3452
3404
3404
3405
3405
3743
4179
3881
3881
3881
3854
3855
3610
3366
3255
3254
3254
3498
4040
4040
3638
4040
4040
4338
4179
3777
3777
3439
6876
7098
7098
7098
6338
6338
6656
6656
6656
6656
6656
6656
6656
6656
6656
6656
6656
6656
6656
6656
6656
3730
3975
3975
4002
4382
3980
3985
4309
4309
4309
3985
3985
3958
4360
3846
3847
3847
3847
3874
3715
3715
3470
3068
3227
3227
3227
3222
3560
3559
3448
3448
3449
3422
3936
3936
4035
4035
4280
4035
4035
4062
3724
4048
3804
3915
3816
4061
4060
4061
4061
4160
4159
3914
3914
3815
3816
3816
3864
3753
3705
3078
3051
3099
3501
3501
3501
3612
3857
3857
3612
3711
3716
3717
3558
3447
3149
3149
3393
3552
3453
3452
3563
3563
3558
3896
3896
3896
3896
3848
3896
3848
3847
3895
3847
3847
3847
3847
3688
3986
3987
3987
4014
3770
4014
4113
4272
4272
4272
4028
4027
4027
4271
4898
4462
4898
4898
4898
4739
4739
4744
4744
4989
4989
4744
4744
4744
4744
4645
4645
4534
4534
4535
4634
4634
4793
4841
4793
4793
4251
3737
3737
3340
3451
3451
3696
4093
4092
4606
4226
4274
4247
4247
3909
3910
3862
3863
3539
3877
4201
4102
4102
4102
4097
3799
3804
4346
4346
4373
4372
4128
3804
3852
3455
3835
3835
3835
4232
4232
4231
4555
4528
4523
4524
4186
4524
4524
4524
4768
4769
4768
4767
4429
4430
4529
4127
4154
3527
3282
3282
3282
3255
3156
3401
3428
3433
3433
3053
2894
2893
2893
2888
2888
2840
3178
3178
3277
3032
3032
3032
3005
3006
2907
3287
3287
3335
3633
3878
4280
4285
4284
4173
3928
4087
4087
3928
3928
3492
3603
3603
3279
3280
3280
3525
3414
3573
3031
3031
3030
2650
3030
2633
2474
2585
2586
2983
2983
3610
4046
4047
4589
4688
4589
4209
3965
4064
4064
3965
4289
4284
4284
4528
4528
4555
4714
4087
4092
3847
3846
3846
4473
4718
4321
4210
4590
4590
4590
4266
4261
3859
3615
2988
2988
2988
2989
3616
3715
3715
3959
3332
3332
3337
3337
3332
3233
3344
3344
3233
2895
2847
3171
3171
3171
3282
2740
2739
3077
3704
3704
3752
4294
4293
4294
4294
4267
4366
4366
4763
4327
4029
4465
4466
4466
4466
4221
3977
3541
3786
3791
3790
3679
3679
3052
3052
3296
3698
3296
3594
3705
3705
3705
3407
3248
3407
4034
4029
4029
4029
4029
3691
3989
3665
3665
3665
4101
3474
3094
3094
3095
3094
3094
3496
3876
3632
3631
3636
3477
3097
2700
2700
2700
2727
2679
2568
2616
2860
3240
3240
2942
2937
2938
2938
2939
2939
2695
2694
2695
2695
2694
2694
2695
2694
2694
3321
3480
3432
3543
3940
3939
3840
3595
3595
3643
3207
3207
3180
3180
2666
2910
2937
3275
3599
3599
4113
4113
3869
4167
4140
4239
4080
4080
3742
3742
3742
4178
4130
4031
4031
4032
3596
3596
3695
3596
3934
4093
4093
4098
4098
3471
3133
3133
3181
3176
3065
3092
3336
2956
2908
2366
2414
2415
2415
2414
2414
2850
2850
3230
3475
3474
3475
3448
3448
3051
3051
3389
3230
3772
3771
3771
3771
3771
3772
3474
3473
3473
3771
3335
3771
3771
3771
3526
3526
3526
3526
3282
2740
2740
2226
2471
2715
2313
2827
2583
2583
3210
3607
3766
3766
3718
3204
3315
3315
3717
3718
4260
4774
4775
4775
4775
4780
4153
4153
4201
3903
3903
4002
3757
3757
3377
3621
3648
3106
3733
3733
3733
4275
4176
4176
4175
4473
4468
4071
4023
4071
4071
4070
4467
4467
4472
4467
4467
4467
4065
4065
4164
4169
4170
4059
4059
4060
4060
4305
4278
4680
4791
4791
4786
4786
4785
4785
4674
4626
5006
5006
4708
4819
4820
4820
4820
4576
4465
4063
4063
3521
3521
3276
3276
3520
4062
4089
4200
4498
4497
4497
4899
4904
4899
4800
4800
4398
4239
4212
4239
4239
4239
4239
4239
4239
4240
4240
4642
4642
4642
4642
4398
4397
4286
4286
4286
4334
4334
4578
4583
4742
4742
4743
4742
4694
4695
4695
4694
4667
4778
4773
4231
3834
3675
3834
3861
3861
3861
3861
4258
4800
4502
4502
4258
4257
3743
3743
3405
3743
3791
3355
3355
3355
3869
3869
3758
3710
3710
3809
4107
4543
4543
4544
4544
4517
4544
4789
4465
4465
4085
4085
4084
4195
3793
3798
3771
3771
3819
4063
4090
3846
3548
3437
3389
3051
3052
3052
3052
3376
3376
3674
3277
3118
3456
3429
2915
3429
3429
3430
3478
3478
3478
3477
3378
3378
3622
4024
4051
4051
4052
4211
3967
4078
4078
3967
3966
3628
3383
3628
3727
3482
3455
3456
3700
3264
3259
3656
4092
3690
3690
3717
3722
3722
3717
3717
3717
3690
3801
3690
3446
3473
3037
3473
3473
3472
3473
3717
4055
3811
3811
3763
4008
3981
3981
3882
3993
3993
3596
3160
2618
2618
2618
2666
3208
3605
3610
3286
3313
3749
3993
3993
3992
3992
3992
3944
4346
4235
4235
4235
4235
4208
4208
3910
3665
3229
3256
3251
3251
3362
3203
3639
3639
3644
3644
3643
3643
3644
3692
3692
3791
3791
3680
4060
4033
4028
4033
4033
4028
3514
3514
3673
3673
3918
3918
3580
3585
3341
3855
3807
3855
3854
3854
3806
3806
3806
4050
4374
4375
4673
4784
4784
4783
4783
4539
4540
4441
4143
4143
4138
4382
4382
4382
3980
4028
4127
4529
4867
4623
4464
4469
4496
4496
4496
4740
4740
4739
4740
4740
4740
4740
4740
4740
4739
4739
4739
5037
4713
4333
4333
3931
3932
4312
4312
4067
4019
3920
4165
4165
4264
4264
4264
4165
4165
4165
4324
4297
4292
4292
4292
4340
4340
4439
4438
4465
4220
4220
4220
4109
4109
4109
3595
4109
4082
4082
4087
3749
3590
3591
3592
3837
3837
3789
3789
3544
3164
3544
3946
3946
4284
4283
4284
4283
4283
4039
4363
4363
4358
4358
4357
4357
4357
4601
4649
4676
4677
4677
4650
4649
4649
4760
4787
4688
4689
4690
4935
4597
4597
4083
4082
3971
4309
4309
4309
4420
4421
4177
4177
4177
3775
3775
4177
4150
4102
4129
4373
3976
4490
4495
4495
4171
4171
4171
4170
3926
3974
4133
4133
3731
3830
3203
3447
3844
4246
3849
3844
3745
3750
3702
3701
3590
3210
3183
3507
3507
3887
3485
3485
3882
3882
3502
3257
3257
3257
3258
3638
4040
3716
3815
3815
3815
3815
3842
3842
3842
3544
3539
3540
3540
3785
3784
3539
3539
4166
4166
4166
4166
4411
4411
4412
3870
3870
3875
3875
3986
3986
3986
3589
4131
4131
4131
4131
4429
4424
4424
4424
4423
4423
4423
3796
3769
4166
4166
3828
3828
3876
3876
3362
3362
3362
2960
2961
3363
3363
3363
3363
3363
3362
3362
3686
3587
4214
4213
4214
4055
4082
4596
4596
4595
4350
4351
4510
4510
4266
4239
4239
4244
3808
3808
3181
3180
3279
3274
3279
3180
3180
3424
3424
3451
3451
3451
3550
3550
3551
3551
4178
4614
4952
4952
4410
4952
4952
4952
4951
4571
4572
4572
4524
4524
4904
4468
4170
4170
4170
4165
4165
4165
4213
4213
3671
3916
4214
3812
3474
3473
3473
4015
4015
4015
3771
3612
3856
3612
3215
3215
3188
3585
3585
3987
3473
3362
2982
3141
3042
3478
3478
3816
3843
3844
3845
3797
3802
3797
4041
4046
4041
4152
3828
3828
3828
3801
3801
3800
3799
3799
3799
4313
4361
4741
4630
4630
4250
4277
3650
3602
3575
3955
3955
3960
4284
4284
3960
3961
3802
3850
3949
3547
3547
3658
3982
3977
4136
4141
4168
4168
4168
4168
4163
4163
4164
4163
3865
4163
4052
4052
4454
3940
4051
4678
4340
4340
4678
4677
4678
4281
3901
3900
3900
3900
3900
3905
3905
3905
3906
3906
3568
3568
3520
3520
3421
3421
3421
2985
3499
3499
3896
3651
3646
3645
4025
4030
3919
4018
4454
4449
4422
4449
4560
4561
4561
4181
4229
4234
4207
4545
4148
4148
4147
3605
3605
3605
3203
3448
3448
3475
3476
3476
3476
3471
3227
3228
3608
3270
3672
3672
3672
3672
3672
3916
4313
4313
4651
4215
4215
4215
4220
4219
3974
3974
3974
3926
3926
3628
3529
3370
3370
3469
3370
3529
3577
3577
3572
3572
3817
3817
3916
3916
3868
3868
3868
4304
4277
4277
3897
3652
3652
3652
3250
3630
3630
3630
3630
3630
3928
4173
4575
4416
4317
4316
4072
4099
4343
4502
4502
4391
4391
4011
4011
4011
4011
3609
3609
3609
3582
3681
3681
3686
3797
3792
3793
3841
3846
4388
4388
4388
4289
4316
3978
3819
3918
3918
3620
3620
3376
3756
3511
3511
3512
3512
3413
3412
3412
3301
3274
3274
3274
3385
3385
3385
3386
3545
3545
3545
3434
3434
3434
3434
3429
3428
3673
3674
3918
4320
4658
4610
4637
4685
4690
4690
4148
4148
4259
4259
4259
4358
4900
4900
4900
4386
4275
3937
3937
3937
4048
4048
4048
3889
4403
4292
4292
3912
3912
3912
3912
3907
3907
3859
3859
4018
4018
3859
4018
4356
4467
4467
4308
4308
3970
4018
4017
4017
4017
4017
4017
4018
4023
4023
3779
3779
3382
2755
2999
3297
3198
3198
3595
3351
3351
3978
3978
3867
3543
3542
3494
3493
3541
3542
3515
3514
3514
3514
3514
3514
3515
3516
3854
3609
3854
3457
3568
3567
3567
3568
3568
3568
3568
3568
3568
3568
3270
3222
3222
3520
3764
4088
3686
3686
3685
3685
3685
3844
3302
3191
3191
2947
3344
3886
3259
3358
3738
3739
3734
3734
3575
3575
3686
3845
4247
4247
4274
4279
4120
3740
3740
3788
3740
3740
4120
4115
3718
3718
3962
3717
3722
3722
3722
3721
3880
3880
3853
3852
4479
4141
4168
4168
3788
3274
3274
3275
3248
2621
2522
2860
2616
2643
3157
3157
3537
3239
3212
3212
3207
3451
3450
3455
3455
3455
3503
3498
3499
3499
3499
3504
3531
3531
3531
3483
3531
3531
3531
3928
3928
3817
3790
3631
3631
3730
3731
3758
3753
3705
3705
3705
3705
3753
3705
3308
3553
3173
3173
3074
3073
3073
3121
3121
3121
3121
3518
3518
3629
3788
3788
3761
3766
4393
4393
4393
4393
4055
3811
3566
3593
3973
4218
4218
4218
4556
4311
4410
4410
4299
4299
3961
4206
4450
4450
4450
4070
4070
3971
3970
3343
3343
3338
3437
4064
4064
4016
3989
3745
3745
3772
3772
4152
4152
4200
4200
3876
3876
4200
4200
4101
4345
4456
4457
4457
4462
4463
4463
4463
4304
4642
4304
4304
4304
4059
3815
3704
3704
3704
3162
3406
3401
3401
3374
3373
3915
3942
3915
4160
4259
3862
3862
3863
3863
3863
3863
3863
3862
3862
3617
4014
4352
4304
4304
4060
4305
4549
4847
4847
4852
4900
5059
5054
4895
4515
4674
4701
4403
4403
4403
4355
4355
4328
3701
3812
3488
3493
4120
3493
3493
3494
3494
3792
3787
3787
3786
3244
3871
3871
4413
4461
4461
4413
4737
4737
4493
4493
4394
4395
4284
4284
3946
3994
3946
3994
3994
3558
3557
3656
3656
3557
3801
3800
3801
3642
3741
3443
3443
3470
3470
3581
3581
3581
3586
3586
3966
3642
3940
3939
4098
4436
4437
4437
4437
4437
4437
4139
4040
4040
3796
4120
4120
4556
4556
4556
4556
4556
4557
4552
4116
3957
3957
3957
3846
3846
4005
3681
4005
4249
4547
4552
4552
4552
4988
4987
4987
4986
4938
4986
4662
4662
4662
4148
4148
4149
4144
4468
4441
4540
4540
4567
4025
4025
3589
3700
4136
4141
4141
4141
4141
4141
4683
4678
4678
4519
4519
4519
4181
4181
4695
4854
4854
4827
4503
4503
4258
4159
4159
4158
4158
4110
4110
4110
4355
4355
4355
4454
4459
4797
4499
3985
3986
4500
4500
4798
4798
4418
4417
4015
3904
3905
3905
4285
3849
4285
4285
4333
4333
4333
4333
4088
4088
4089
4088
3929
3929
3928
4087
4087
4039
4039
4039
3642
3690
3690
3690
3690
3717
3712
3712
3712
3712
3198
3198
3198
3198
3198
2900
2901
2902
2902
2902
3299
3299
3299
3544
3946
3946
3701
3706
3706
3701
3542
3840
4354
4110
4110
4354
3974
4219
4543
4543
4543
4543
4543
4543
4543
4444
4543
4516
4627
4191
4196
4196
4196
4097
4124
4223
4222
3977
4222
4658
4658
4610
4610
4610
4605
4605
4360
3958
3714
3873
3873
3873
3774
3774
3747
3795
3795
3795
3796
3796
3795
3471
3471
3471
3471
3471
3471
3716
3715
3720
3720
3720
3720
3819
3192
3144
2985
2986
2444
2846
2841
3468
3627
3627
3632
3632
3627
3627
3675
3919
3919
4299
4299
4200
4524
5066
5071
4691
4691
4691
5071
5066
5093
5066
5066
4630
4471
4471
4907
4908
4664
4669
4668
4663
4365
4663
4663
4662
4821
4848
4848
4510
4399
4510
4510
4754
4754
4318
3921
3921
3597
3597
3597
3598
3995
3995
3968
3968
3968
3723
3723
3096
3532
3870
3870
3870
3822
3822
3849
3822
3822
3822
3822
3822
3822
3420
3744
3744
3446
3545
3301
3302
3301
3301
3703
3947
4245
3947
3948
4193
3948
4575
4820
4819
4818
4818
4818
4845
4465
4466
4466
4466
4367
3970
4018
4316
4316
4321
4718
4718
4691
4580
4335
3899
4335
3938
4335
4176
4176
4176
4421
4532
4912
4864
4620
4620
4620
4218
4462
4462
4461
4461
4863
4863
4863
4863
4911
4911
4911
4666
4422
4423
4522
4767
4767
4767
4794
4794
4789
4794
4794
4397
4397
4397
4397
4556
4042
4556
4218
3894
3894
3895
3381
3380
3894
3894
3895
3894
3894
4232
4232
4556
4556
4529
4524
4365
4370
4370
4371
4530
4530
4530
4557
4219
4219
3839
4236
4236
4574
4574
4574
4526
4526
4906
4582
4582
4483
4483
4086
4086
4483
4324
4079
3643
3616
4052
3672
4052
4376
4376
4376
4424
4376
4620
4620
4779
4481
4726
4825
4825
4825
4666
4714
4714
4714
4714
4714
4666
4666
4666
4666
4666
4666
4286
4334
4632
4388
4388
4388
4388
4383
4383
4383
4272
4272
4272
4173
4178
3551
3551
3795
3795
3795
3822
3822
3795
4175
4175
4274
4274
4273
4900
4655
4654
4654
4654
4681
4343
4344
4344
4343
4343
4454
4699
4588
4699
4699
4672
4236
4231
4231
4667
4265
4265
4265
4265
4265
4266
3724
4266
3942
3942
3894
3894
3894
3497
3502
3502
3502
3904
3905
4243
4243
4144
4144
4143
4143
4191
4191
4186
4213
3777
3776
4173
4332
4656
4656
4656
4755
4755
4511
4484
4484
4436
4484
4484
4325
4214
4214
3916
3917
3922
4081
4081
4081
4081
4379
4379
4406
4406
4406
4307
4307
4418
4120
4120
4120
4093
4088
4088
3708
3708
3708
3549
3847
3847
3847
4283
4284
3882
3882
3882
3887
3642
3887
3839
3887
3914
3866
3861
3861
3909
3909
3909
3861
3861
3861
4105
3807
4187
3849
3822
3822
3821
3869
3870
4029
4029
4029
4327
3947
3788
3788
3887
3642
3642
4044
4071
3972
4310
4310
4310
4309
3907
3907
3912
3912
3668
3667
3667
3556
3556
3556
3556
3715
3715
3715
3710
3821
3821
4223
4467
4468
4469
4442
4442
4541
4568
4520
4222
4111
4111
4111
4222
4222
4221
3707
3706
4004
4005
3978
3983
3983
4228
4228
4228
3984
3984
3984
3686
3686
3348
3348
3349
3397
3392
3772
3724
3724
4238
4238
4536
4536
4536
4536
4874
4536
4536
4536
4291
4291
4291
4291
4291
4629
4628
4628
4873
4878
4878
4878
4878
4481
4481
4725
5122
4798
4798
4825
4580
4575
4575
4575
4580
4579
4552
4441
4441
4441
4342
4441
4441
4441
4441
4103
4104
4215
4215
4214
4538
4538
3996
3996
3997
3997
3998
4540
4441
4441
4540
4540
4540
4441
4441
4686
4686
4442
4686
4685
4685
4685
4440
4281
4281
4276
4375
4375
4375
4077
4236
4263
4508
4508
4513
4851
4851
4415
4415
4018
4018
3694
3694
3694
3595
3919
3760
4157
4157
4157
4158
4158
4158
3834
3320
3320
3320
3479
3478
3914
3803
3803
3803
3804
3903
3744
3792
3792
3792
3903
3506
3903
3903
3902
3902
3902
3901
3902
3902
3875
3875
3875
3776
3776
3776
3776
3875
4173
4173
4173
4173
4332
4359
4200
4200
4200
4200
4200
4200
4201
4201
3799
3799
3700
3402
3804
3804
3804
3799
3799
3799
3798
3750
3506
3506
4020
4068
4073
4232
4530
4285
4174
4285
4285
4530
4525
4123
4447
4447
4447
4067
4067
4068
4068
4067
3956
3955
4066
4310
4315
4288
4177
4172
4172
4172
4199
4200
3764
3863
3863
3863
4299
3961
3802
3802
3807
4187
3560
3962
4073
4073
4073
4025
3511
3187
3235
3235
3235
3235
3187
3182
3183
3072
3396
3396
3072
3072
2670
2426
2828
2939
2944
3458
3347
3347
3671
3671
3269
3380
3782
3782
3755
3803
3798
3798
3798
3825
3726
3726
3725
3614
4241
3844
3843
4240
4192
4192
4530
4530
4530
4128
4530
4530
4531
4642
4741
4417
4417
4417
4417
4417
4418
4742
4742
4742
4742
4742
4742
4418
4423
4418
4391
4093
4098
4097
4097
4092
3981
4092
4092
4390
4390
4395
4150
4150
4039
4040
4151
3853
4151
4178
4178
3798
3687
3687
3687
3682
3927
3926
3529
3529
3529
3926
3931
3904
3931
3932
3927
3926
3926
3926
3628
3629
3628
4008
4332
4332
4380
4042
3943
3943
4102
4213
4457
4457
4298
4298
4298
4297
4298
4298
4298
4298
4298
4298
4054
4054
4352
4353
4353
4353
4353
4326
4325
4325
4325
3698
3698
4036
4036
3656
4283
4283
4382
4381
4381
4381
4381
4333
4333
4492
4492
4381
4381
4043
3944
3620
3620
3620
3620
6922
7682
7682
7682
7682
7682
8358
8846
8846
8846
8250
8250
8250
7762
7762
7762
7762
8358
8358
8358
8358
8358
8358
8358
8358
9006
9006
9006
9006
8358
8358
8358
8358
8358
8358
8358
8358
8358
9006
9006
9006
9006
9006
9006
9006
9006
9006
9006
9006
9006
9006
9006
9006
9006
9006
9006
8516
8516
8516
8516
8516
8516
8516
8516
9006
9006
8358
8358
8358
8358
8358
8846
8846
8846
8250
7762
7762
7762
7762
7762
7762
7762
7762
8358
8358
8358
7868
7868
7868
7868
7868
7868
8358
8358
8358
8358
8358
7868
7868
7868
8516
8516
8516
8516
8516
8516
8516
8516
8516
8516
8516
8516
8516
8516
8516
8516
8516
9004
9004
9004
9004
8356
8356
7680
7680
7680
7680
7192
7680
8356
8356
8356
8356
8356
9004
8328
8328
8328
8328
9004
9004
9004
9004
9004
9004
9004
9004
9004
9004
9004
9494
9494
9494
9494
9494
9494
9494
9494
9494
9494
9494
9494
9494
9494
9494
9494
9494
9494
9494
9494
9494
9494
9494
9494
9494
9494
9494
9494
9494
9494
8622
8622
9494
9494
9494
9494
9494
8898
8408
8408
8408
8408
8408
8408
9004
9004
9004
9004
9004
9004
9004
8328
8328
8328
8328
8328
8328
8328
8646
8646
8646
8646
8646
8646
8646
8646
8646
8646
8646
8646
8646
8328
8328
8328
9004
9004
9004
9004
9004
9004
9494
9494
9494
9494
8898
8898
9494
9494
9494
9494
9494
9494
9494
9494
8846
8846
8846
8846
8846
8846
8846
8846
8846
8846
8846
8846
9494
9494
9494
9494
9494
9494
9494
9494
9494
9494
9494
9494
9494
9494
9494
9494
9494
9494
9494
9494
9494
9494
9494
9494
9494
9494
9494
9494
9004
9004
9004
9004
9004
9004
9004
9004
9004
9004
9004
9004
9004
9004
9004
9004
9004
8408
8408
8408
8408
8408
7920
7920
7920
7920
7920
7920
7920
7920
7920
7920
7920
7920
7920
7920
7920
7920
7920
7920
7920
7920
7920
7920
7920
7920
7920
7920
7920
7920
7920
7920
7920
7920
8516
7262
7262
7262
7262
7262
7262
7262
7262
7262
7262
7262
7262
6586
6586
6586
6586
6586
6586
6586
6586
6586
6586
5826
5826
5826
5826
5826
7080
7080
7080
7570
7570
7570
7570
7570
7080
7080
7080
7080
7080
7080
7080
6432
6432
6432
6432
6432
6432
6432
6432
6432
6432
6432
6432
7080
7080
7080
7080
7840
7840
7840
7840
7840
7840
7840
8158
8158
8158
8158
8158
8646
8646
8646
8646
8646
8646
8646
8646
8646
8646
8646
8646
8646
8646
8646
8646
8646
8646
8328
8328
8328
8328
8646
8646
8646
8646
8646
8646
8646
8646
8646
8646
8646
8646
8646
8646
8646
8646
8646
8646
8646
8646
8646
8646
8646
8158
8158
8158
8158
8158
7510
7510
7510
7510
7510
7998
7998
8646
8646
8646
8646
8646
8646
8646
8646
8646
8646
8646
8646
8646
8646
8646
8646
8646
8646
8646
8646
8646
8646
8646
8646
8646
8646
8646
8646
8646
8646
8646
8646
7998
7510
7510
7510
8158
8158
8158
8158
8158
8158
8158
8158
8158
8158
8158
8158
8158
7840
7840
8328
8328
8328
8328
8646
8646
8646
8646
8646
8646
8646
8646
8646
8646
8646
8646
8646
8646
8646
8646
8646
8646
8646
8646
8646
8646
7842
7842
8040
7842
7842
8646
8646
7842
8646
8646
8646
8646
7842
7842
7842
7842
7842
7842
7842
7842
8646
8646
8646
7842
7842
7842
7842
7842
7842
7842
8646
8328
9004
9004
9004
9004
9004
9004
9004
9004
9004
9004
9004
9004
9004
9004
9004
8408
8408
8408
8408
8408
8408
9004
9004
9004
9004
9004
8356
8356
8356
7760
7760
7760
7760
7760
7760
7760
7760
7760
7760
7760
7760
7760
8250
8250
8250
8250
8250
8250
8250
8250
8846
8846
8846
8846
8846
8846
8846
8846
8846
8250
8250
8250
8250
8250
8250
7490
8250
8250
8250
8250
8250
7574
7574
8250
8250
8250
8250
8250
8250
8250
8250
8250
8250
8250
8250
8250
8250
8250
8250
8250
8250
8250
8250
8250
7762
8410
8410
8410
8410
8410
8410
7616
7126
7614
8408
8408
8408
8408
8408
8408
8408
8408
8408
8408
7920
7116
7116
7116
7116
7604
7922
7922
7922
7922
7922
7922
7922
7922
7922
7922
7922
7922
7922
7922
7922
7922
7604
7604
7604
7604
7604
7604
8408
8408
7732
7732
8328
8328
8328
8328
8328
8328
9004
9004
8408
8408
8408
8408
8408
8408
8408
8408
8408
7920
7920
7920
7920
7920
7920
7920
7920
7920
8408
8408
8408
8408
8408
8408
8408
8408
8408
9004
9004
9494
9494
9494
8846
8846
8846
8846
8846
8846
8086
8086
8086
8086
8086
8086
8086
8086
8086
8086
8086
8086
8086
8086
8086
8086
8086
8086
8086
8086
8086
8086
8086
7282
7282
7282
7282
7282
7282
7282
7282
7282
8086
8086
8086
8086
8086
8086
8086
8086
8086
8086
8086
8086
8086
8846
8846
8846
8846
8846
8846
8846
8846
8846
8846
8846
9494
9494
9494
9494
9494
9494
9494
9494
9494
9494
9494
9494
9494
9494
9494
9494
9494
9494
9494
9494
9494
9494
9494
9494
9494
9494
9494
9494
9494
9494
8846
8846
8846
8846
8846
8846
8846
8846
8846
8846
8846
8846
8846
8846
8358
8358
8358
8358
8358
8358
8358
8358
8358
9006
9006
9006
9006
9006
9006
9006
9494
9494
9494
9494
8622
8622
8134
8134
8134
8134
8134
8134
8134
8134
8134
8622
8622
8622
8622
8622
8622
8622
8622
8622
8718
8718
8718
8718
8718
8718
8718
8070
8070
8070
8070
8070
8070
8070
8070
8718
8718
8718
8718
8718
8718
8622
8622
8622
8622
8622
8622
8718
8718
8718
8718
8718
8718
8718
8718
8718
8718
8718
8228
8228
8228
8228
8228
8132
7484
7484
7484
7484
7484
8132
8132
8132
8132
8132
8132
9004
9004
9004
9004
9004
9004
9004
9004
9004
9004
9004
9004
9004
9004
9004
9004
8408
8408
8408
8408
8408
8408
8408
8408
8408
8408
8408
8898
8898
8898
8898
8898
8898
8898
8898
8898
8898
8898
8898
8898
8898
8898
9494
9494
9494
9494
9494
9494
9494
9494
9494
9494
9494
9494
9494
9494
9494
9494
9494
9494
9494
9494
9494
9494
9494
9494
9494
9494
9494
9494
9494
9494
9494
9494
9494
9494
9494
9494
9494
9494
9494
8898
8898
8898
8898
8898
8898
8898
8898
8898
8898
8898
8898
8898
8898
8898
8898
8898
8898
8898
8898
8898
9494
9006
9006
9006
9006
9006
9006
9006
9006
9494
9494
9494
9494
9494
9494
9494
9006
9006
9006
9006
9006
9006
9006
9006
9006
9006
9006
9006
9006
9006
9006
9006
9006
9494
9494
9494
9494
9494
9494
9494
9494
9494
9494
9494
9006
9006
9006
9494
9494
9494
9494
9494
9494
9494
9494
8898
8898
8898
8898
8898
9494
9494
9494
9494
9494
9494
9494
9494
9494
9494
9494
9494
9494
9494
9494
9494
8898
8898
8898
8898
8898
8898
8898
8898
8898
8898
8898
8898
8898
9494
9494
9494
9494
9494
9494
9494
8846
8846
8846
8250
8250
8250
8250
8250
8250
8250
8250
8250
8250
8898
8898
8898
8898
8898
8898
8898
8898
8898
8898
8898
9494
9494
9494
9494
9494
9494
9494
9494
8846
8846
8250
7762
8358
9006
9006
8516
8516
8516
8516
8516
8516
9004
9004
9004
9004
9004
9494
9494
9004
9004
9494
9494
9494
9494
9494
9494
9494
9494
9494
9494
9494
9494
9494
9494
9494
9494
8818
8818
8818
8818
8818
9494
9494
9494
9494
9494
9494
9494
9494
9494
9494
9494
9494
9494
9494
9494
9494
9494
9494
9494
9494
9494
9494
9494
9494
9004
8132
8132
8132
8132
8132
8132
8132
7456
8132
8132
8132
8132
8622
8622
8718
8718
8718
8718
8718
8718
8718
8718
8718
8718
8718
8718
8718
8718
8718
8718
8230
8134
8622
8718
8718
8622
8622
8622
9494
9494
9494
9494
9494
9494
9494
9004
9004
9004
9004
9004
9004
9004
9004
9494
9494
9494
9494
9494
9494
9494
9494
9494
9494
9494
9494
9494
8818
8818
8818
8818
7946
7946
7946
8622
8622
8718
8718
8718
8070
8070
8070
8070
8070
8070
8070
8070
8070
8070
8070
8070
8070
8070
8070
8070
8070
8070
8070
8070
7582
7582
7582
7582
7582
7582
7582
7582
8230
8230
8230
7436
6676
6676
6676
6676
6676
6676
6676
6676
6676
6676
6676
6676
6676
6676
6676
6676
7470
6980
6980
6980
6980
6980
6980
6980
6980
6980
6980
6884
7756
7756
7756
7756
8516
9004
9004
9004
9004
9004
9004
9004
8132
8132
8132
8132
8132
9004
9004
9004
8516
8516
9006
9006
9006
9006
9006
9006
9006
9006
8330
8330
8818
8818
8818
8818
8818
8818
8818
8818
8818
8818
8818
8818
8818
9494
9494
9494
9494
9494
9494
9494
9494
9494
9494
9494
9494
9494
9494
9494
9494
9494
9494
9494
9494
9494
9494
9494
9494
8622
8622
8622
8622
8622
8622
8622
8134
8134
8134
8134
8134
8622
8718
8718
8718
8718
8718
8718
8718
8718
8718
8718
8718
8718
8718
8230
8230
8230
8230
8230
8230
8230
8230
8134
8134
8134
8134
8134
8134
8230
8230
8230
8230
8230
8230
8230
8230
8230
8230
8230
8230
8230
8230
8230
8230
8230
8230
8230
8230
8230
8230
8230
8230
8230
8230
8230
8230
8230
8230
8230
8230
8230
8230
7740
7644
8132
8132
8132
8132
8132
8132
8132
8132
8132
7536
7536
7536
7536
7536
7536
7536
7536
7536
7536
7536
7536
7536
7536
7536
8132
8132
8132
8132
8132
8132
8132
9004
9004
8408
8408
8408
9004
9004
9004
9004
8356
8356
8356
8356
8356
7868
7868
7868
7868
7868
7868
7108
6314
6314
7108
7756
8516
8516
8516
8516
8516
8516
8516
8516
9004
9004
9004
9004
8328
8818
8818
9494
9494
9494
9494
9494
9494
9494
9494
9494
9494
9494
9494
9494
9494
9494
9004
9004
9004
9004
9004
9004
9004
9004
9004
9004
8328
7732
7732
7732
7732
8050
8050
8050
8050
8050
7256
7256
7256
8050
8050
8050
8050
8050
8050
8050
8050
8050
8050
8050
8050
8050
8050
8050
8050
8050
8050
8050
8050
8050
8050
8050
8050
8050
8050
8050
8050
8050
8050
8050
7246
7246
7246
7246
7246
7246
7444
7444
7444
7444
7444
7444
7444
7444
7444
7444
7444
7246
7246
7246
7246
7246
7246
7246
6928
7150
7150
7150
7150
7150
7746
7524
8014
8014
8690
8690
8690
8690
8690
8690
8690
8690
8690
8690
8690
8690
8690
8690
8690
8690
8690
8690
8690
9494
9494
9494
9006
9006
9006
9494
9494
9494
9494
9494
9494
9494
9494
9494
9004
9494
9494
9494
9494
9494
9494
9494
9494
9494
9494
9494
9494
9494
9494
9494
9494
9494
9494
9494
9494
8898
8898
8898
8898
8898
8898
8898
8898
8898
8898
8898
8898
8898
8898
8898
8898
8898
8898
8222
7428
7428
7428
7428
7428
7428
7428
7428
7428
7428
7428
7428
7428
7428
7428
7428
7428
8104
8104
8104
8104
8104
8104
8898
8898
8898
8898
8898
8898
8898
8898
8898
8898
8898
8898
8898
8898
8408
8898
8026
8026
8026
8026
8026
8026
8026
8026
8026
8026
8026
8026
8026
7538
7538
7538
7538
7538
7538
8410
8410
8410
8410
8410
8410
8410
8410
8410
8410
8410
8410
9006
9006
9006
9006
9006
9006
9006
8516
8516
7722
7722
7722
7722
7722
8516
8516
8516
8516
8516
8516
7712
7712
7712
7712
7712
7712
7712
8030
8030
8030
8030
8030
8030
8030
8030
8030
8030
8030
8030
8030
8030
8030
8030
8030
8030
8030
8030
8030
8030
8030
8030
8030
8030
8030
8030
8518
8518
7922
7922
7922
7922
7922
7922
7922
7922
7922
7922
7922
7922
7922
7922
7922
7604
8408
8408
8408
8408
8408
8408
8408
8898
8898
8898
8898
8898
8898
8898
8898
8898
8898
8898
8898
8898
8898
8898
8222
8222
8898
8898
8898
8898
8898
8898
8898
8898
8898
8898
8898
8898
8898
8898
8898
8898
8094
8094
8094
8094
8094
8898
8898
8898
8898
8898
8898
8898
8898
8898
8222
7734
7734
7734
7734
7734
7734
7734
7734
7734
7734
7734
7734
7734
7734
7734
7734
8222
8818
8818
8818
8818
8818
8818
8818
8818
8818
8818
8818
9494
9494
9494
9494
9494
9494
9494
9494
9494
9494
9494
9494
9494
9494
9494
9494
9494
9494
9494
9494
9494
9494
9494
9494
9494
9494
9494
9494
9494
9494
9494
8898
8898
8898
8898
8898
8898
8898
8898
8898
8898
8898
8898
8898
8898
8898
8898
8898
8898
8898
8898
8898
8898
8898
8898
8898
8250
8250
8898
8898
8898
8898
8898
8898
8898
8898
8898
8898
8898
8898
9494
9494
9494
9494
8690
8690
8690
8690
8690
8690
8690
8690
8690
8690
8690
8690
9494
9494
9494
9494
9494
9004
9004
9004
9494
9494
8898
8898
8898
8898
8898
8094
8094
8094
8094
8094
8094
8094
8094
8690
8690
8690
8690
8690
8690
8690
8690
8690
8690
8690
8690
8690
8690
8690
8690
8690
8690
8690
8690
8690
8690
8690
8690
8690
8690
8690
8690
8690
8690
8690
8690
8690
8690
8690
9494
9494
9494
9494
9494
9494
9494
9494
9494
9494
9494
9494
9494
9494
9494
9494
9494
8898
8898
8898
8898
8898
8898
8898
8250
8250
8250
8250
8250
8250
8846
8846
8846
8846
8846
8846
8846
9494
9494
9494
9494
9494
8846
8846
8250
8250
8250
8250
8250
8250
8250
8250
8250
8898
8898
8898
8898
8898
8898
8898
8898
8898
8898
8898
8898
8898
8898
8898
8898
8898
8898
8898
8898
8898
8410
8410
8410
8410
8410
8410
8410
8410
8410
8410
8410
8410
8410
9006
9494
9494
9494
9494
9494
9494
9494
9494
9494
9494
9494
9494
9494
9494
9494
9494
9494
9494
9494
9494
9494
9494
9494
9494
9494
9494
9494
9494
9494
9494
9494
9494
9494
9494
9494
9494
9494
9494
9494
9494
9494
9494
9494
9494
9494
9494
9494
9494
9494
9494
9494
8898
8898
8898
8898
8898
8898
8898
8898
8898
8898
8898
8898
8898
8898
8898
8898
8898
8410
8410
8410
8410
8410
8410
8410
8410
9006
9006
9006
9006
9006
9006
9006
9006
9494
9494
9494
9494
9494
9494
9494
9494
9494
9494
9494
9494
9494
9494
9494
9494
9494
9494
9494
9494
9494
9494
9494
9494
9494
9494
9494
9494
9494
9494
9494
9494
9494
9494
9494
9494
9494
9494
9494
9494
9494
9494
9494
9494
9494
9494
9494
9494
9494
9494
9494
9494
9494
9494
9494
9494
9494
9494
9494
9494
9494
8690
9494
9494
9494
9494
9494
9494
9004
9004
9004
9004
9004
9004
9004
9004
9004
8200
8200
8200
8200
9004
9004
9004
9004
9004
9004
9004
9004
9004
9004
9004
9004
9004
9004
9004
9004
9004
9004
9004
9004
9004
9004
9004
9004
9004
8328
8328
8328
8328
8328
8646
8646
8328
8818
8818
8818
8818
8818
8818
8818
8818
8818
9494
9494
9494
9494
9494
9494
9494
9494
8690
8690
9494
9494
9494
9494
9494
9494
9494
9494
9494
9494
9494
9494
9494
9494
9494
9006
9006
9006
9006
9006
9006
9006
9006
9006
9006
9494
9494
9494
9494
9494
9494
9494
9494
9494
9494
9494
9494
9494
9494
9494
9494
8622
8622
8622
8622
8622
8622
8622
8622
8622
8622
8622
8622
8718
8622
8622
8622
8622
8134
8230
8230
8230
7470
7470
7470
7470
7470
7470
7470
7470
7374
7374
7374
7374
7374
7374
7374
7374
7374
7470
7470
7470
7470
7470
7470
7374
7374
7374
7374
8134
8134
8134
7644
7644
7644
7740
7740
7740
7740
7740
8228
8228
8228
8718
8718
8718
8718
8718
8718
8718
8718
8718
8718
8718
8718
8718
8718
8718
8070
8070
8070
8070
8070
8070
8070
8070
8070
8070
8070
8070
8070
8070
8070
8070
7974
8622
9494
9494
9494
9494
9494
9494
9494
9494
9494
9494
9494
9494
9494
9494
9494
9494
9494
9494
9494
9494
8818
8330
9006
9006
9006
9006
9006
9006
9006
9006
9006
9006
9006
9006
9006
9006
9006
9006
9006
9006
9006
9006
9006
9006
9006
9006
9494
9494
9494
9494
9494
9494
9494
9494
9494
9494
9494
9494
9494
9494
9494
9494
9494
9494
9494
9494
9494
9494
9494
9494
9494
9494
9494
9494
9494
9494
9494
9494
9494
9494
9494
9494
9494
9494
9494
9494
9494
9494
9494
9494
9494
9494
9494
9494
9494
9494
9004
9004
9004
9004
9004
9004
9004
9004
9004
9004
9004
9004
9004
9004
9004
9004
9494
9494
9494
9494
9494
9494
9494
9494
9494
9494
9494
9494
9494
9494
9494
9494
9494
9494
9494
9494
9494
9494
9494
9494
9494
9494
9494
9494
9494
9494
9494
9494
9494
9494
9494
9494
9494
9494
9494
9494
9494
9494
9494
9494
9494
9494
9494
9494
9494
9494
9494
9494
9004
9004
9004
9004
9004
9004
9004
9004
9004
9004
9494
9494
9494
9494
9494
9494
9494
9494
9494
9494
9494
9494
8846
9494
9494
9494
9494
9494
9494
9494
9494
9494
9494
9494
9494
9494
9494
9494
9494
9494
9494
9494
9494
9494
8818
8818
8818
8818
8818
8818
8818
8818
8330
9006
8202
8202
8202
8202
8202
8202
8202
8202
8202
8690
8690
8690
8690
8690
8690
8690
8690
8690
8690
8690
8690
8690
8690
9494
9494
9494
9494
9494
9494
9494
9494
9494
9494
9494
9494
9494
9494
9494
9494
9494
9494
9494
9494
9494
9494
9494
9494
9494
9494
9494
9494
9494
9494
9494
9494
9494
9494
9494
9494
9494
9494
9494
9494
9494
9494
9494
9494
9494
9494
9494
9494
9494
9494
9494
9494
9494
8846
8846
8846
8846
8846
8846
8846
8846
8846
8846
8846
8846
8846
8846
8846
8846
8846
8846
8846
8846
8846
8846
8846
8846
8846
8358
8358
8358
8358
8358
8358
8358
8358
9006
9006
9006
9006
9006
9006
9006
9006
9006
9006
9006
9006
8410
8410
8410
8410
8410
8410
8410
8410
8410
8410
8410
8410
8410
8410
8410
9006
9006
9006
9006
9494
9494
9494
9494
9494
9494
9494
9494
9494
9494
9494
9494
9494
9494
9494
9494
9494
8818
8818
8818
8818
8818
8818
8818
8818
8818
8818
8818
8818
8818
8818
8818
8818
8818
9494
9494
9494
9494
9004
9004
9494
9494
9494
9494
9494
9494
9494
9494
9494
9494
9494
9494
9494
9494
9494
9494
9494
9494
9494
9494
9494
9494
9494
9494
9494
9494
9494
9494
9494
9494
9494
9494
9494
9494
9494
9494
9494
9494
9494
9494
9494
9494
9494
9494
9494
9494
9494
9494
9494
8898
8898
8898
8898
8898
8898
8408
8408
8408
8408
8408
8408
8408
8408
8408
8408
8408
8408
8408
8408
8408
8408
8408
8408
9004
9004
9004
9004
9004
9004
9004
9004
9004
9004
9004
9004
9004
9004
9004
9004
9004
9004
9004
9004
9004
9004
9004
9004
9004
9004
9004
9004
9004
9004
9004
9004
9004
9004
9004
9004
9004
9004
9004
9004
9004
9004
9004
9004
9004
9004
9004
8408
8408
8408
8408
8408
8408
9004
9004
9004
9004
9494
9494
9494
9494
9494
9494
9494
9494
9494
9494
9494
9494
9494
9494
9494
9494
9494
9494
9494
9494
9494
8846
8846
8846
8846
8846
8846
8846
8846
8846
8250
8250
8250
8250
8250
8250
8250
8250
8250
8250
8898
8898
8898
8898
8898
8898
8898
8898
8898
8898
8898
8898
8898
8898
8898
8898
8898
8898
9494
9494
9494
9494
9494
9494
9494
9494
9494
9494
9494
9494
9494
9494
9494
9494
9494
9494
9494
9494
9494
9494
9494
9494
9494
9494
9494
9494
9494
9494
9494
9494
9494
9494
9494
9494
9494
9494
9494
9494
9494
9494
9494
9494
9494
9494
9494
9494
9494
9494
9494
9494
9494
9494
9494
9494
9494
9494
9494
9494
9494
9494
9494
9494
9494
9494
9494
9494
9494
9494
9494
9494
9494
9494
9494
9494
9494
9494
9494
9494
9494
9494
9494
9494
9494
8622
8622
8622
8622
8622
8622
8622
8622
8622
8622
8622
8622
8622
8718
8718
8718
8718
8718
8718
8622
8622
8622
8622
9494
9494
9494
9494
9494
9494
9494
9494
9494
9494
9494
9494
9494
9494
9494
9494
9494
9494
9494
9494
9494
9494
9494
9494
9494
9494
9494
9494
9494
9494
9494
9494
9494
9494
9494
9494
9494
9494
8818
8818
8818
8818
8818
8818
8818
8818
8818
8818
8818
8818
8818
8818
8818
8818
8818
8818
8818
8818
8818
8818
8818
8818
8818
8818
8818
8818
8818
8818
8818
8818
8818
8818
8818
8818
8818
8328
8328
8328
8818
8818
8818
8818
8818
9494
9494
9494
9494
9494
9494
9494
9494
9494
9494
9494
9006
9006
9006
9006
9494
9494
9494
9494
9494
9494
9494
9494
9494
9494
9494
9494
9494
9494
9494
9494
9494
9494
9494
9494
9494
9494
9494
9494
9494
9494
9494
9494
9494
9494
9494
9494
9494
9494
9494
9494
9494
9494
9494
9494
9494
9494
9494
9494
9494
9494
9494
9494
9494
9494
9494
9494
9494
9494
9494
9494
9494
9494
9494
9494
9494
9494
9494
9494
9494
8846
8846
8846
8846
8846
8846
8846
8846
8846
8846
8846
8846
8846
8846
8846
8846
8846
8846
8846
8846
8846
8846
8846
8846
8846
8846
8846
8846
8846
8846
8846
8846
8846
8846
8846
8846
9494
9494
9494
9494
9494
9494
9494
9494
9494
9494
9494
9494
9494
9494
9494
9494
9494
9494
9494
9494
9494
9006
9006
9006
9006
9006
9006
9006
9006
9006
9006
9006
9006
9006
9006
9006
9006
9006
9006
9006
9006
9006
9006
9006
9006
9006
9006
9006
9006
9006
9006
9006
9006
9006
9006
9006
9006
9006
9006
9006
9006
9006
9006
9006
9006
9006
9006
9006
9006
9006
9006
9006
9494
9494
9494
9494
9494
9494
9494
9494
9494
9494
9494
9494
9494
9494
9494
9494
9494
9494
9494
9494
9494
9494
9494
9494
9494
9494
9494
9494
9494
9494
9494
9494
9494
9494
9494
9494
9494
9494
9494
9494
9494
9494
9494
9494
9494
9494
9494
9494
9494
9494
9494
9494
9494
9494
9494
9494
9494
9494
9494
9494
9494
9494
9494
9494
9494
9494
9494
9494
9494
9494
9494
9494
9494
9494
9494
9494
9494
9494
9494
9494
9494
9494
9494
9494
9494
9494
9494
9494
9004
9004
9004
9004
9004
9004
9004
9004
9004
9004
9004
9004
9004
9004
9004
9004
9004
9004
9004
9004
9004
9004
9004
9004
9004
9004
9004
9004
9004
9004
9004
9004
9004
9004
9004
9004
9004
9004
9004
9004
9004
9004
9004
9004
9004
9004
9004
9004
9494
9494
9494
9494
9494
9494
9494
9494
9494
9494
9494
9494
9494
9494
9494
9494
9494
9494
9494
9494
9494
9494
9494
9494
9494
9494
9494
9494
9494
9494
9494
9494
8818
8818
8818
8818
8818
8818
8818
8818
8818
8818
8818
8818
8818
8818
8818
8818
8818
8818
8818
8818
8818
8818
8818
8818
8818
8818
8818
8818
8818
8818
8818
8818
8818
9494
9494
9494
9494
9494
9494
9494
9494
9494
9494
9494
9494
9494
9494
9494
9494
9494
9494
9494
8846
8846
8846
8846
8358
8358
8846
8846
8846
8846
9494
9494
9494
9494
9494
9494
9494
9494
9494
9494
9494
9494
9494
9494
9494
9494
9494
9494
9004
9004
9004
9004
9004
9004
9004
9004
9004
9004
9004
9004
9494
9494
9494
9494
9494
9494
9494
9494
9494
9006
9006
9006
9006
9006
9006
9006
9006
9006
9494
9494
9494
9494
9494
9494
9494
9494
9494
9494
9494
9494
9494
9494
9494
9494
9494
9494
9494
9494
9494
9494
9494
9494
9494
9494
9494
9494
9494
9494
9494
9494
9494
9494
9494
9494
9494
9494
9494
9494
9494
9494
9494
9494
9494
9494
9494
9494
9494
9494
9494
9494
9494
9494
9494
9494
9494
9494
9494
9494
9494
9494
9494
9494
9494
9494
9494
9494
9494
9494
9494
9494
9494
9494
9494
9494
9494
9494
9494
9006
9006
8134
8134
8134
8134
8134
8134
8134
8134
8134
9006
9006
9006
9006
9006
9006
9494
9494
9494
9494
8898
8408
8408
8408
8408
8408
8408
9004
9004
9004
9004
9004
9004
9004
9004
9004
9004
9004
9004
9004
9004
9004
9004
9004
9004
9004
9004
9004
9004
9004
9004
9004
9004
9004
9004
9004
9004
9004
9004
9004
9004
9004
9004
9004
9004
9004
9004
9004
9004
9004
9004
9004
9004
9004
9004
9004
9004
9004
9004
9004
9004
9004
9004
9004
9004
9004
9004
9004
9004
9004
9004
9004
9004
9004
9494
9494
9494
9494
9494
9494
9494
9494
9494
9494
9494
9494
9494
9494
9494
9494
9494
9494
9494
9494
9494
9494
9494
9494
9494
9494
9494
9494
9494
9494
9494
9494
9494
9494
9494
9494
9494
9494
9494
9494
9494
9494
9494
9494
9494
9494
9494
9494
9494
9494
9494
9494
9494
9494
9494
9494
9494
9494
9494
9494
9494
9494
9494
9494
9494
9494
9494
9494
9494
9494
9494
9494
9494
9494
9494
9494
9494
9494
9494
9494
9494
9494
9494
9494
9494
9494
9494
9494
9494
9494
9494
9494
9494
9494
9494
9494
9494
9494
9494
9494
9494
9494
9494
9494
9494
9494
9494
9494
9494
9494
9494
9494
9494
9494
9494
9494
9494
9494
9494
9494
9494
9494
9494
9494
9494
9494
9494
9494
9494
9494
9494
9494
9494
9494
9494
9494
9494
9494
9494
9494
9494
9494
9494
9494
9494
9494
9494
9006
9006
9006
9006
9006
9006
9006
9006
9006
9006
9006
9006
9006
9006
9006
9006
9006
9006
9006
9006
9006
9006
9006
9006
9006
9006
9006
9006
8330
8330
8330
8330
8330
8330
8330
8330
8330
8330
8330
8330
8330
8330
8330
8330
8330
9006
9006
9494
9494
9494
9494
9494
9494
9494
9494
9494
9494
9494
9006
9006
9006
9006
9006
9006
9006
9006
9006
9006
9006
9006
9006
9006
9006
8358
8358
8358
8358
9006
9006
9006
9006
9006
9006
9006
9006
9006
9006
9006
9006
9006
9006
9006
9006
9006
9006
9006
9006
9006
9006
9006
9006
9006
9006
9006
9006
9006
9006
9006
9006
9006
9494
9494
9494
9494
9494
9494
9494
9494
9494
9494
9494
9494
9494
9494
9494
9494
9494
9494
9494
8846
8846
8846
8846
8846
8846
8846
8846
8846
8846
8846
8846
8846
8846
8846
8846
8846
9494
9494
9494
9494
9494
8818
8818
8818
8818
8818
8818
8818
8818
8818
8818
8818
8818
8818
8818
8818
8818
8818
8818
8818
8818
8818
8818
8818
8818
8818
9494
9494
9494
9494
9494
9494
9494
9494
9494
9494
9494
9494
9494
9494
9494
9494
9494
9494
9494
9494
9494
9494
9494
9494
9494
9494
9494
9494
9494
9494
9494
9494
9494
9494
9494
9494
9494
9494
9494
9494
9494
9494
9494
9494
9494
9494
9494
9494
9494
9494
9494
9494
9494
9494
9494
9494
9494
9494
9494
9494
9494
9494
9494
9494
9494
9494
9494
9494
9494
9494
9494
9494
9494
9494
9494
9004
9004
9004
9004
9004
9004
9004
9004
9004
9004
9004
9004
9494
9494
9494
9494
9494
9494
9494
9494
9494
9494
9494
9494
9494
9494
9494
9494
9494
9494
9494
9494
9494
9494
9494
9494
9494
9494
9494
9494
9494
9494
9494
9494
9494
9494
9494
9494
9494
9494
9494
9494
9494
9494
9494
9494
9494
9494
9494
9494
9494
9494
9494
9494
9494
9494
9494
9494
9494
9494
9494
9494
9004
9004
9004
9004
9004
9004
9004
9004
9004
9494
9494
9494
9494
9494
9494
9494
9494
9494
9494
9494
9004
9004
9004
9004
9004
9004
9004
9004
9004
9004
9004
9004
9004
9004
9004
9004
9004
9004
9004
9004
9004
8356
8356
8356
8356
8356
8356
8846
8846
8846
8846
8846
8846
8846
8846
8846
8846
9494
9494
9494
9494
9494
9494
9494
9494
9494
9494
9494
9494
9494
9494
9494
9494
9494
9494
9494
9494
9494
9494
9494
9494
9494
9494
9494
9494
9494
9494
9494
9494
9494
9494
9494
9494
9494
9494
9494
9494
9494
9494
9494
9494
9494
9494
9494
9494
9494
9494
9494
9494
9494
9494
9494
9494
9494
9494
9494
9494
9494
9494
9494
9494
9494
9494
9494
9494
9494
9494
9494
9494
9494
9494
9494
9494
9494
9494
9494
9494
9494
9494
9494
9494
9494
9494
9494
9494
9494
9494
9494
9494
9494
9494
9494
9494
9494
9494
9494
9494
9494
9494
9494
9494
9494
9494
9494
9494
9494
9494
9494
9494
9494
9494
9494
9494
9494
9494
9494
9494
9494
9494
9494
9494
9494
9494
9494
9494
9494
9494
9494
9494
9494
9494
9494
9494
9494
9494
9494
9494
9494
9494
9494
9494
9494
9494
9494
9494
9494
9494
9494
9494
9494
9494
9494
9494
9494
9494
9494
9494
9494
9494
9494
9494
9494
9494
9494
9494
9494
9494
9494
9494
9494
9494
9494
9494
9494
9494
9494
9494
9494
9494
9494
9494
9494
9494
9494
9494
9494
9494
9494
9494
9494
9494
9494
9494
9494
9494
9494
9494
9494
9494
9494
9494
9494
9494
9494
9494
9494
9494
9494
9494
9494
9494
9494
9494
9494
9494
9494
9494
9494
9494
9494
9494
9494
9494
9494
9494
9494
9494
9494
9494
9494
9494
9494
9494
9494
9494
9494
9494
9494
9494
9494
9494
9494
9494
9494
9494
9494
9494
9494
9494
9494
9494
9494
9494
9494
9494
9494
9494
9494
9004
9004
9004
9004
9004
9004
9004
9004
9004
9004
9004
9004
9004
9004
9494
9494
9494
9494
9494
9494
9494
9494
9494
9494
9494
9494
9494
9494
9494
9494
9494
9494
9494
9494
9494
9494
9494
9494
9494
9494
9494
9494
9494
9494
9494
9494
9494
9494
9494
9494
9494
9494
9494
9494
9494
9494
9494
9494
9494
9494
9494
9494
9494
9494
9494
9494
9494
9494
9006
9006
9006
9006
9006
9006
9006
9006
9006
9006
9006
9006
9006
9006
9006
9006
9006
9006
8330
8330
8330
8330
8330
8818
8818
8818
8818
8818
8818
8818
8818
8818
8818
8818
8818
8818
8818
8818
8818
8818
8818
8818
8818
8818
8818
8818
8818
8818
8818
8818
8818
8818
8818
8818
8818
8818
8818
8818
8818
8818
8818
8818
8818
8818
8818
8818
8818
8818
8818
8818
8818
9494
9494
9494
9494
9494
9494
9494
9494
9494
9494
9494
9494
9494
9494
9494
9494
9494
9494
9494
9494
9494
9494
9494
9494
9494
9494
9494
9494
9494
9494
9494
9494
9494
9494
9494
9494
9494
9494
9494
9494
9494
9494
9494
9494
9494
9494
9494
9494
9494
9494
9494
9494
9494
9494
9494
9494
9494
9494
9494
9494
9494
9494
9494
9494
9494
9494
9494
9494
9494
9494
9494
9494
9494
9494
9494
9494
9494
9494
9494
9494
9494
9494
9494
9494
9494
9494
9494
9494
9494
9494
9494
9494
9494
9494
9494
9494
9494
9494
9494
9494
9494
9494
9494
9494
9494
9494
9494
9494
9494
9494
9494
9494
9494
9494
9494
9494
9494
9494
9494
9494
9494
9494
9494
9494
9494
9494
9494
9494
9494
9494
9494
9494
9494
9494
9494
9494
9494
9494
9494
9494
9494
9494
9494
9494
9494
9494
9494
9494
9494
9494
9494
9494
9494
9494
9494
9494
9494
9494
9494
9494
9494
9494
9494
9494
9494
9494
9494
9494
9494
9494
9494
9494
9494
9494
9494
9494
9494
9494
9494
9494
9494
9494
9494
9494
9494
9494
9494
9494
9494
9494
9494
9494
9494
9494
9494
9494
9494
9494
9494
9494
9494
9494
9494
9494
9494
9494
9494
9494
9494
9494
9494
9494
9494
9494
9494
9494
9494
9494
9494
9494
9494
9494
9494
9494
9494
9494
9494
9494
9494
9494
9494
9494
9494
9494
9494
9494
9494
9494
9494
9494
9494
9494
9494
9494
9494
9494
9494
9494
9494
9494
9494
9494
9494
9494
9494
9494
9494
9494
9494
9494
9494
9494
9494
9494
9494
9494
9494
9494
9494
9494
9494
9494
9494
9494
9494
9494
9494
9494
9494
9494
9494
9494
9494
9494
9494
9494
9494
9494
9494
9494
9494
9004
9004
9004
9004
9494
9494
9494
9494
9494
9494
9494
9494
9494
9494
9494
9494
9494
9494
9494
9494
9494
9494
9494
9494
9494
9494
9494
9494
9494
9494
9494
9494
9494
9494
9494
9494
9494
9494
9494
9494
9494
9494
9494
9494
9494
9494
9494
9494
9494
9494
9494
9494
9494
9494
9494
9494
9494
9494
9494
9494
9494
9494
9494
9494
9494
9494
9494
9494
9494
9494
9494
9494
9494
9494
9494
9494
9494
9494
9494
9494
9494
9494
9494
9494
9494
9494
9494
9494
9494
9494
9494
9494
9494
9494
9494
9494
9494
9494
9494
9494
9494
9494
9494
9494
9494
9494
9494
9494
9494
9494
9494
9494
9494
9494
9494
9494
9494
9494
9494
9494
9494
9494
9494
9494
9494
9494
9494
9494
9494
9494
9494
9494
9494
9494
9494
9494
9494
9494
9494
9494
9494
9494
9494
9494
9494
9494
9494
9494
9494
9494
9494
9494
9494
9494
9494
9494
9494
9494
9494
9494
9494
9494
9494
9494
9494
9494
9494
9494
9494
9494
9494
9494
9494
9494
9494
9494
9494
9494
9494
9494
9494
9494
9494
9494
9494
9494
9494
9494
9494
9494
9494
9494
9494
9494
9494
9494
9494
9494
9494
9494
9494
9494
9494
9494
9494
9494
9494
9494
9494
9494
9494
9494
9494
9494
9494
9494
9494
9004
9494
9494
9494
9494
9494
9494
9494
9494
9494
9494
9494
9494
9494
9494
9494
9494
9494
9494
9494
9494
9494
9494
9494
9494
9494
9494
9494
9494
9494
9494
9494
9494
9494
9494
9494
9494
9494
9494
9494
9494
9494
9494
9494
9494
9494
9494
9494
9494
9494
9494
9494
9494
9494
9494
9494
9494
9494
9494
9494
9494
9494
9494
9494
9494
9494
9494
9494
9494
9494
9494
9494
9494
9494
9494
9494
9494
9494
9494
9494
9494
9494
9494
9494
9494
9494
9494
9494
9494
9494
9494
9494
9494
9494
9494
9494
9494
9494
9494
9494
9494
9494
9494
9494
9494
9494
9494
9494
9494
9004
9004
9004
9004
9004
9004
9004
9004
9004
9004
9004
9004
9004
9004
9004
9004
9004
9004
9494
9494
9494
9494
9494
9494
9494
9494
9494
9494
9494
9494
9494
9494
9494
9494
9494
9494
9494
9494
9494
9494
9494
9494
9494
9494
9004
9004
9004
9004
9004
9004
9004
9004
9004
9004
9004
9004
9004
9004
9004
9004
9004
9004
9004
9004
9004
9004
9004
9004
9004
9004
9004
9004
9004
9004
9004
9004
9004
9004
9004
9004
9004
9004
9004
9004
9004
9004
9004
9004
9004
9004
9004
9004
9004
9004
9004
9004
9004
9004
9004
9004
9004
9004
9004
9004
9004
9004
9004
9004
9004
9004
9004
9004
9004
9004
9004
9004
9004
9004
9004
9004
9004
9004
9004
9004
9004
9004
9004
9004
9004
9004
9004
9004
9004
9004
9004
9004
9004
9004
9004
8328
8328
8646
8646
8646
8646
8646
8646
8646
8646
8646
8646
8646
8646
8646
8646
8646
8646
8646
8646
8646
8646
8646
8646
8646
8646
8646
8646
8646
8646
8646
8646
8646
8646
8646
8646
8646
8646
8646
8646
8646
8646
8646
8646
8646
8646
8646
8646
8328
8328
8328
9004
9004
9004
9004
9004
9004
9494
9494
9494
9494
9494
9494
9494
9494
9494
9494
9494
9494
9494
9494
9494
9494
9494
9494
9494
9494
9494
9494
9494
9494
9494
9494
9494
9494
9494
9494
9494
9494
9494
8898
8898
9494
9494
9494
9494
9494
9494
9494
9494
9494
9494
9494
9494
9494
9494
9494
9494
9494
9494
9494
9494
9494
9494
9494
9494
9494
9494
9494
9494
9494
9494
9494
9494
9494
9494
9494
9494
9494
9494
9494
9494
9494
9494
9494
9494
9494
9494
9494
9494
9494
9494
9494
9494
9494
9494
9494
9494
9494
9494
9494
9494
9494
9494
9494
9494
9494
9494
9494
9494
9494
9494
9494
9494
9494
9494
9494
9494
9494
9494
9494
9494
9494
9494
9494
9494
9494
9494
9494
9494
9494
9494
9494
9494
9494
9494
9494
9494
9494
9494
9494
9494
9494
9494
9494
9494
9494
9494
9494
9494
9494
9494
9494
9494
9494
9494
9494
9494
9494
9494
9494
9494
9494
9494
9494
9494
9494
9494
9494
9494
9494
9494
9494
9494
9494
9494
9494
9494
9494
9494
9494
9494
9494
9494
9494
9494
9494
9494
9494
9494
9494
9494
9494
9494
9494
9494
9494
9494
9494
9494
9494
9494
9494
9494
9494
9494
9494
9494
9494
9494
9494
9494
9494
9494
9494
9494
9494
9494
9494
9494
9494
9494
9494
9494
9494
9494
9494
9494
9494
9494
9494
9494
9494
9494
9494
9494
9494
9494
9494
9494
9494
9494
9494
9494
9494
9494
9494
9494
9494
9494
9494
9494
9494
9494
9494
9494
9494
9494
9494
9494
9494
9494
9494
9494
9494
9494
9494
9494
9494
9494
9494
9494
9494
9494
9494
9494
9494
9494
9494
9494
9494
9494
9494
9494
9494
9494
9494
9494
9494
9494
9494
9494
9494
9494
9494
9494
9494
9494
9494
9494
9494
9494
9494
9494
9494
9494
9494
9494
9494
9494
9494
9494
9494
9494
9494
9494
9494
9494
9494
9494
9494
9494
9494
9494
9494
9494
9494
9494
9494
9494
9494
9494
9494
9494
9494
9494
9494
9494
9494
9494
9494
9494
9494
9494
9494
9494
9494
9494
9494
9494
9494
9494
9494
9494
9494
9494
9494
9494
9494
9494
9494
9494
9494
9494
9494
9494
9494
9494
9494
9494
9494
9494
9494
9494
9494
9494
9494
9494
9494
9494
9494
9494
9494
9494
9494
9494
9494
9494
9494
9494
9494
9494
9494
9494
9494
9494
9494
9494
9494
9494
9494
9494
9494
9494
9494
9494
9494
9494
9494
9494
9494
9494
9494
9494
9494
9494
9494
9494
9494
9494
9494
9494
9494
9494
9494
9494
9494
9494
9494
9494
9494
9494
9494
9494
9494
9494
9494
9494
9494
9494
9494
9494
9494
9494
9494
9494
9494
9494
9494
9494
9494
9494
9494
9494
9494
9494
9494
9494
9494
9494
9494
9494
9494
9494
9494
9494
9494
9494
9494
9494
9494
9494
9494
9494
9494
9494
9494
9494
9494
9494
9494
9494
9494
9494
9494
9494
9494
9494
9494
9494
9494
9494
9494
9494
9494
9494
9494
9494
9494
9494
9494
9494
9494
9494
9494
9494
9494
9494
9494
9494
9494
9494
9494
9494
9494
9494
9494
9494
9494
9494
9494
9494
9494
9494
9494
9494
9494
9494
9494
9494
9494
9494
9494
9494
9494
9494
9494
9494
9494
9494
9494
9494
9494
9494
9494
9494
9494
9494
9494
9494
9494
9494
9494
9494
9494
9494
9494
9494
9494
9494
9494
9494
9494
9494
9494
9494
9494
9494
9494
9494
9494
9494
9494
9494
9494
9494
9494
9494
9494
9494
9494
9494
9494
9494
9494
9494
9494
9494
9494
9494
9494
9494
9494
9494
9494
9494
9494
9494
9494
9494
9494
9494
9494
9494
9494
9494
9494
9494
9494
9494
9494
9494
9494
9494
9494
9494
9494
9494
9494
9494
9494
9494
9494
9494
9494
9494
9494
9494
9494
9494
9494
9494
9494
9494
9494
9494
9494
9494
9494
9494
9494
9494
9494
9494
9494
9494
9494
9494
9494
9494
9494
9494
9494
9494
9494
9494
9494
9494
9494
9494
9494
9494
9494
9494
9494
9494
9494
9494
9494
9494
9494
9494
9494
9494
9494
9494
9494
9494
9494
9494
9494
9494
9494
9494
9494
9494
9494
9494
9494
9494
9494
9494
9494
9494
9494
9494
9494
9494
9494
9494
9494
9494
9494
9494
9494
9494
9494
9494
9494
9494
9494
9494
9494
9494
9494
9494
9494
9494
9494
9494
9494
9494
9494
9494
9494
9494
9494
9494
9494
9494
9494
9494
9494
9494
9494
9494
9494
9494
9494
9494
9494
9494
9494
9494
9494
9494
9494
9494
9494
9494
9494
9494
9494
9494
9494
9494
9494
9494
9494
9494
9494
9494
9494
9494
9494
9494
9494
9494
9494
9494
9494
9494
9494
9494
9494
9494
9494
9494
9494
9494
9494
9494
9494
9494
9494
9494
9494
9494
9494
9494
9494
9494
9494
9494
9494
9494
9494
9494
9494
9494
9494
9494
9494
9494
9494
9494
9494
9494
9494
9494
9494
9494
9494
9494
9494
9494
9494
9494
9494
9494
9494
9494
9494
9494
9494
9494
9494
9494
9494
9494
9494
9494
9494
9494
9494
9494
9494
9494
9494
9494
9494
9494
9494
9494
9494
9494
9494
9494
9494
9494
9494
9494
9494
9494
9494
9494
9494
9494
9494
9494
9494
9494
9494
9494
9494
9494
9494
9494
9494
9494
9494
9494
9494
9494
9494
9494
9494
9494
9494
9494
9494
9494
9494
9494
9494
9494
9494
9494
9494
9494
9494
9494
9494
9494
9494
9494
9494
9494
9494
9494
9494
9494
9494
9494
9494
9494
9494
9494
9494
9494
9494
9494
9494
9494
9494
9494
9494
9494
9494
9494
9494
9494
9494
9494
9494
9494
9494
9494
9494
9494
9494
9494
9494
9494
9494
9494
9494
9494
9494
9494
9494
9494
9494
9494
9494
9494
9494
9494
9494
9494
9494
9494
9494
9494
9494
9494
9494
9494
9494
9494
9494
9494
9494
9494
9494
9494
9494
9494
9494
9494
9494
9494
9494
9494
9494
9494
9494
9494
9494
9494
9494
9494
9494
9494
9494
9494
9494
9494
9494
9494
9494
9494
9494
9494
9494
9494
9494
9494
9494
9494
9494
9494
9494
9494
9494
9494
9494
9494
9494
9494
9494
9494
9494
9494
9494
9494
9494
9494
9494
9494
9494
9494
9494
9494
9494
9494
9494
9494
9494
9494
9494
9494
9494
9494
9494
9494
9494
9494
9494
9494
9494
9494
9494
9494
9494
9494
9494
9494
9494
9494
9494
9494
9494
9494
9494
9494
9494
9494
9494
9494
9494
9494
9494
9494
9494
9494
9494
9494
9494
9494
9494
9494
9494
9494
9494
9494
9494
9494
9494
9494
9494
9494
9494
9494
9494
9494
9494
9494
9494
9494
9494
9494
9494
9494
9494
9494
9494
9494
9494
9494
9494
9494
9494
9494
9494
9494
9494
9494
9494
9494
9494
9494
9494
9494
9494
9494
9494
9494
9494
9494
9494
9494
9494
9494
9494
9494
9494
9494
9494
9494
9494
9494
9494
9494
9494
9494
9494
9494
9494
9494
9494
9494
9494
9494
9494
9494
9494
9494
9494
9494
9494
9494
9494
9494
9494
9494
9494
9494
9494
9494
9494
9494
9494
9494
9494
9494
9494
9494
9494
9494
9494
9494
9494
9494
9494
9494
9494
9494
9494
9494
9494
9494
9494
9494
9494
9494
9494
9494
9494
9494
9494
9494
9494
9494
9494
9494
9494
9494
9494
9494
9494
9494
9494
9494
9494
9494
9494
9494
9494
9494
9494
9494
9494
9494
9494
9494
9494
9494
9494
9494
9494
9494
9494
9494
9494
9494
9494
9494
9494
9494
9494
9494
9494
9494
9494
9494
9494
9494
9494
9494
9494
9494
9494
9494
9494
9494
9494
9494
9494
9494
9494
9494
9494
9494
9494
9494
9494
9494
9494
9494
9494
9494
9494
9494
9494
9494
9494
9494
9494
9494
9494
9494
9494
9494
9494
9494
9494
9494
9494
9494
9494
9494
9494
9494
9494
9494
9494
9494
9494
9494
9494
9494
9494
9494
9494
9494
9494
9494
9494
9494
9494
9494
9494
9494
9494
9494
9494
9494
9494
9494
9494
9494
9494
9494
9494
9494
9494
9494
9494
9494
9494
9494
9494
9494
9494
9494
9494
9494
9494
9494
9494
9494
9494
9494
9494
9494
9494
9494
9494
9494
9494
9494
9494
9494
9494
9494
9494
9494
9494
9494
9494
9494
9494
9494
9494
9494
9494
9494
9494
9494
9494
9494
9494
9494
9494
9494
9494
9494
9494
9494
9494
9494
9494
9494
9494
9494
9494
9494
9494
9494
9494
9494
9494
9494
9494
9494
9494
9494
9494
9494
9494
9494
9494
9494
9494
9494
9494
9494
9494
9494
9494
9494
9494
9494
9494
9494
9494
9494
9494
9494
9494
9494
9494
9494
9494
9494
9494
9494
9494
9494
9494
9494
9494
9494
9494
9494
9494
9494
9494
9494
9494
9494
9494
9494
9494
9494
9494
9494
9494
9494
9494
9494
9494
9494
9494
9494
9494
9494
9494
9494
9494
9494
9494
9494
9494
9494
9494
9494
9494
9494
9494
9494
9494
9494
9494
9494
9494
9494
9494
9494
9494
9494
9494
9494
9494
9494
9494
9494
9494
9494
9494
9494
9494
9494
9494
9494
9494
9494
9494
9494
9494
9494
9494
9494
9494
9494
9494
9494
9494
9494
9494
9494
9494
9494
9494
9494
9494
9494
9494
9494
9494
9494
9494
9494
9494
9494
9494
9494
9494
9494
9494
9494
9494
9494
9494
9494
9494
9494
9494
9494
9494
9494
9494
9494
9494
9494
9494
9494
9494
9494
9494
9494
9494
9494
9494
9494
9494
9494
9494
9494
9494
9494
9494
9494
9494
9494
9494
9494
9494
9494
9494
9494
9494
9494
9494
9494
9494
9494
9494
9494
9494
9494
9494
9494
9494
9494
9494
9494
9494
9494
9494
9494
9494
9494
9494
9494
9494
9494
9494
9494
9494
9494
9494
9494
9494
9494
9494
9494
9494
9494
9494
9494
9494
9494
9494
9494
9494
9494
9494
9494
9494
9494
9494
9494
9494
9494
9494
9494
9494
9494
9494
9494
9494
9494
9494
9494
9494
9494
9494
9494
9494
9494
9494
9494
9494
9494
9494
9494
9494
9494
9494
9494
9494
9494
9494
9494
9494
9494
9494
9494
9494
9494
9494
9494
9494
9494
9494
9494
9494
9494
9494
9494
9494
9494
9494
9494
9494
9494
9494
9494
9494
9494
9494
9494
9494
9494
9494
9494
9494
9494
9494
9494
9494
9494
9494
9494
9494
9494
9494
9494
9494
9494
9494
9494
9494
9494
9494
9494
9494
9494
9494
9494
9494
9494
9494
9494
9494
9494
9494
9494
9494
9494
9494
9494
9494
9494
9494
9494
9494
9494
9494
9494
9494
9494
9494
9494
9494
9494
9494
9494
9494
9494
9494
9494
9494
9494
9494
9494
9494
9494
9494
9494
9494
9494
9494
9494
9494
9494
9494
9494
9494
9494
9494
9494
9494
9494
9494
9494
9494
9494
9494
9494
9494
9494
9494
9494
9494
9494
9494
9494
9494
9494
9494
9494
9494
9494
9494
9494
9494
9494
9494
9494
9494
9494
9494
9494
9494
9494
9494
9494
9494
9494
9494
9494
9494
9494
9494
9494
9494
9494
9494
9494
9494
9494
9494
9494
9494
9494
9494
9494
9494
9494
9494
9494
9494
9494
9494
9494
9494
9494
9494
9494
9494
9494
9494
9494
9494
9494
9494
9494
9494
9494
9494
9494
9494
9494
9494
9494
9494
9494
9494
9494
9494
9494
9494
9494
9494
9494
9494
9494
9494
9494
9494
9494
9494
9494
9494
9494
9494
9494
9494
9494
9494
9494
9494
9494
9494
9494
9494
9494
9494
9494
9494
9494
9494
9494
9494
9494
9494
9494
9494
9494
9494
9494
9494
9494
9494
9494
9494
9494
9494
9494
9494
9494
9494
9494
9494
9494
9494
9494
9494
9494
9494
9494
9494
9494
9494
9494
9494
9494
9494
9494
9494
9494
9494
9494
9494
9494
9494
9494
9494
9494
9494
9494
9494
9494
9494
9494
9494
9494
9494
9494
9494
9494
9494
9494
9494
9494
9494
9494
9494
9494
9494
9494
9494
9494
9494
9494
9494
9494
9494
9494
9494
9494
9494
9494
9494
9494
9494
9494
9494
9494
9494
9494
9494
9494
9494
9494
9494
9494
9494
9494
9494
9494
9494
9494
9494
9494
9494
9494
9494
9494
9494
9494
9494
9494
9494
9494
9494
9494
9494
9494
9494
9494
9494
9494
9494
9494
9494
9494
9494
9494
9494
9494
9494
9494
9494
9494
9494
9494
9494
9494
9494
9494
9494
9494
9494
9494
9494
9494
9494
9494
9494
9494
9494
9494
9494
9494
9494
9494
9494
9494
9494
9494
9494
9494
9494
9494
9494
9494
9494
9494
9494
9494
9494
9494
9494
9494
9494
9494
9494
9494
9494
9494
9494
9494
9494
9494
9494
9494
9494
9494
9494
9494
9494
9494
9494
9494
9494
9494
9494
9494
9494
9494
9494
9494
9494
9494
9494
9494
9494
9494
9494
9494
9494
9494
9494
9494
9494
9494
9494
9494
9494
9494
9494
9494
9494
9494
9494
9494
9494
9494
9494
9494
9494
9494
9494
9494
9494
9494
9494
9494
9494
9494
9494
9494
9494
9494
9494
9494
9494
9494
9494
9494
9494
9494
9494
9494
9494
9494
9494
9494
9494
9494
9494
9494
9494
9494
9494
9494
9494
9494
9494
9494
9494
9494
9494
9494
9494
9494
9494
9494
9494
9494
9494
9494
9494
9494
9494
9494
9494
9494
9494
9494
9494
9494
9494
9494
9494
9494
9494
9494
9494
9494
9494
9494
9494
9494
9494
9494
9494
9494
9494
9494
9494
9494
9494
9494
9494
9494
9494
9494
9494
9494
9494
9494
9494
9494
9494
9494
9494
9494
9494
9494
9494
9494
9494
9494
9494
9494
9494
9494
9494
9494
9494
9494
9494
9494
9494
9494
9494
9494
9494
9494
9494
9494
9494
9494
9494
9494
9494
9494
9494
9494
9494
9494
9494
9494
9494
9494
9494
9494
9494
9494
9494
9494
9494
9494
9494
9494
9494
9494
9494
9494
9494
9494
9494
9494
9494
9494
9494
9494
9494
9494
9494
9494
9494
9494
9494
9494
9494
9494
9494
9494
9494
9494
9494
9494
9494
9494
9494
9494
9494
9494
9494
9494
9494
9494
9494
9494
9494
9494
9494
9494
9494
9494
9494
9494
9494
9494
9494
9494
9494
9494
9494
9494
9494
9494
9494
9494
9494
9494
9494
9494
9494
9494
9494
9494
9494
9494
9494
9494
9494
9494
9494
9494
9494
9494
9494
9494
9494
9494
9494
9494
9494
9494
9494
9494
9494
9494
9494
9494
9494
9494
9494
9494
9494
9494
9494
9494
9494
9494
9494
9494
9494
9494
9494
9494
9494
9494
9494
9494
9494
9494
9494
9494
9494
9494
9494
9494
9494
9494
9494
9494
9494
9494
9494
9494
9494
9494
9494
9494
9494
9494
9494
9494
9494
9494
9494
9494
9494
9494
9494
9494
9494
9494
9494
9494
9494
9494
9494
9494
9494
9494
9494
9494
9494
9494
9494
9494
9494
9494
9494
9494
9494
9494
9494
9494
9494
9494
9494
9494
9494
9494
9494
9494
9494
9494
9494
9494
9494
9494
9494
9494
9494
9494
9494
9494
9494
9494
9494
9494
9494
9494
9494
9494
9494
9494
9494
9494
9494
9494
9494
9494
9494
9494
9494
9494
9494
9494
9494
9494
9494
9494
9494
9494
9494
9494
9494
9494
9494
9494
9494
9494
9494
9494
9494
9494
9494
9494
9494
9494
9494
9494
9494
9494
9494
9494
9494
9494
9494
9494
9494
9494
9494
9494
9494
9494
9494
9494
9494
9494
9494
9494
9494
9494
9494
9494
9494
9494
9494
9494
9494
9494
9494
9494
9494
9494
9494
9494
9494
9494
9494
9494
9494
9494
9494
9494
9494
9494
9494
9494
9494
9494
9494
9494
9494
9494
9494
9494
9494
9494
9494
9494
9494
9494
9494
9494
9494
9494
9494
9494
9494
9494
9494
9494
9494
9494
9494
9494
9494
9494
9494
9494
9494
9494
9494
9494
9494
9494
9494
9494
9494
9494
9494
9494
9494
9494
9494
9494
9494
9494
9494
9494
9494
9494
9494
9494
9494
9494
9494
9494
9494
9494
9494
9494
9494
9494
9494
9494
9494
9494
9494
9494
9494
9494
9494
9494
9494
9494
9494
9494
9494
9494
9494
9494
9494
9494
9494
9494
9494
9494
9494
9494
9494
9494
9494
9494
9494
9494
9494
9494
9494
9494
9494
9494
9494
9494
9494
9494
9494
9494
9494
9494
9494
9494
9494
9494
9494
9494
9494
9494
9494
9494
9494
9494
9494
9494
9494
9494
9494
9494
9494
9494
9494
9494
9494
9494
9494
9494
9494
9494
9494
9494
9494
9494
9494
9494
9494
9494
9494
9494
9494
9494
9494
9494
9494
9494
9494
9494
9494
9494
9494
9494
9494
9494
9494
9494
9494
9494
9494
9494
9494
9494
9494
9494
9494
9494
9494
9494
9494
9494
9494
9494
9494
9494
9494
9494
9494
9494
9494
9494
9494
9494
9494
9494
9494
9494
9494
9494
9494
9494
9494
9494
9494
9494
9494
9494
9494
9494
9494
9494
9494
9494
9494
9494
9494
9494
9494
9494
9494
9494
9494
9494
9494
9494
9494
9494
9494
9494
9494
9494
9494
9494
9494
9494
9494
9494
9494
9494
9494
9494
9494
9494
9494
9494
9494
9494
9494
9494
9494
9494
9494
9494
9494
9494
9494
9494
9494
9494
9494
9494
9494
9494
9494
9494
9494
9494
9494
9494
9494
9494
9494
9494
9494
9494
9494
9494
9494
9494
9494
9494
9494
9494
9494
9494
9494
9494
9494
9494
9494
9494
9494
9494
9494
9494
9494
9494
9494
9494
9494
9494
9494
9494
9494
9494
9494
9494
9494
9494
9494
9494
9494
9494
9494
9494
9494
9494
9494
9494
9494
9494
9494
9494
9494
9494
9494
9494
9494
9494
9494
9494
9494
9494
9494
9494
9494
9494
9494
9494
9494
9494
9494
9494
9494
9494
9494
9494
9494
9494
9494
9494
9494
9494
9494
9494
9494
9494
9494
9494
9494
9494
9494
9494
9494
9494
9494
9494
9494
9494
9494
9494
9494
9494
9494
9494
9494
9494
9494
9494
9494
9494
9494
9494
9494
9494
9494
9494
9494
9494
9494
9494
9494
9494
9494
9494
9494
9494
9494
9494
9494
9494
9494
9494
9494
9494
9494
9494
9494
9494
9494
9494
9494
9494
9494
9494
9494
9494
9494
9494
9494
9494
9494
9494
9494
9494
9494
9494
9494
9494
9494
9494
9494
9494
9494
9494
9494
9494
9494
9494
9494
9494
9494
9494
9494
9494
9494
9494
9494
9494
9494
9494
9494
9494
9494
9494
9494
9494
9494
9494
9494
9494
9494
9494
9494
9494
9494
9494
9494
9494
9494
9494
9494
9494
9494
9494
9494
9494
9494
9494
9494
9494
9494
9494
9494
9494
9494
9494
9494
9494
9494
9494
9494
9494
9494
9494
9494
9494
9494
9494
9494
9494
9494
9494
9494
9494
9494
9494
9494
9494
9494
9494
9494
9494
9494
9494
9494
9494
9494
9494
9494
9494
9494
9494
9494
9494
9494
9494
9494
9494
9494
