3347
2833
2453
2833
3078
2754
2802
3316
3317
2803
3205
3046
3205
3157
2615
2456
2429
2753
2753
2508
2753
2508
2556
2583
2535
3049
2613
2099
2343
2740
2741
2714
2741
2740
2496
2099
2072
2120
2418
2854
2556
2154
2265
2265
2563
1936
1612
1617
1237
1561
1562
1561
1237
1561
1806
1468
1495
2122
2502
2904
3003
3247
3003
3400
3155
3150
3151
3310
3852
3693
3698
3697
4211
3697
3670
4008
4007
4034
4193
3791
3792
3468
3071
3473
3037
2926
3250
2848
3245
3356
3600
3573
3818
3845
3818
3845
3746
4182
4023
3912
3912
3885
4399
4426
3799
3800
3800
4427
4047
4146
4145
4547
3920
3378
3133
2835
2994
2993
2596
2597
2708
2609
2582
2581
2582
2534
2914
2915
3312
3307
2983
3610
4152
4450
4053
3715
3763
3762
4100
4345
4350
3808
3803
4200
4089
3692
3256
2629
2740
2839
2594
3136
2977
2878
2540
2429
1887
2225
2252
2252
2497
2252
2688
3315
2935
2637
2935
3259
3232
3184
3581
4123
4122
3725
3726
4106
4105
3563
3265
3265
2638
2638
3265
3376
3376
3773
3529
3093
3141
3386
3928
3386
3822
3484
3489
3733
3685
3361
3117
3216
3540
3104
3105
3100
2776
3074
2829
2427
2829
2718
3154
3153
3180
3425
2989
3148
3486
3730
3328
3084
3089
3413
3115
2791
2791
2792
3194
2949
3273
3246
3147
3246
3147
3142
2983
2645
2889
2988
2474
3016
3016
3015
3020
2921
2922
2525
2281
2380
2381
2778
3214
2778
2777
2380
2625
2869
3028
3055
3353
2726
3162
3676
3162
3163
3004
3401
3400
4027
3647
3349
3647
3349
3105
3619
3618
3666
3152
2755
2999
3396
3396
3776
3728
3728
3101
2857
2477
2041
2041
1644
1102
857
1101
1537
1538
1649
1550
1795
1684
2198
1874
2416
2813
2569
2568
2132
2470
1928
2039
2337
2226
2227
1825
1873
1868
2027
2032
2434
2032
1694
1695
1181
1519
1471
1173
1800
1773
2071
2170
2169
2196
1799
1501
1496
1898
1946
2382
2355
2360
2201
2196
2710
2821
3201
3201
2765
2717
2606
2717
3114
2776
2935
2555
2582
2582
2582
2555
2560
2884
2639
2237
2779
3159
2617
3053
2894
2894
3436
3774
4018
4420
3793
3279
3906
3807
4321
4420
4579
4580
4575
4623
4299
4055
4300
4141
3514
3269
3567
3812
3567
3131
3020
3179
3020
2618
2777
3101
2559
2235
2559
2559
2586
2559
2803
3430
3429
3456
3701
4103
4108
4219
4060
3961
3956
3554
3527
3147
3689
3365
3121
3557
3312
2974
2974
3219
3318
2691
2691
2177
2066
2065
2224
1926
2440
2778
3158
2820
2423
2667
2672
3299
3410
3251
3152
2525
2011
2525
2526
2685
2171
2573
2329
2328
2329
1949
1790
1817
1275
1519
1843
1942
1941
1942
2569
2867
3381
3083
3078
3051
2807
2293
1891
1567
1468
1495
1468
1467
1566
1946
2460
2619
2374
2374
2916
2943
2844
3246
3584
3584
3425
3822
3827
3926
4250
4245
4246
4198
3801
3801
3690
3366
3267
3378
3267
2865
2351
2462
2124
2124
2223
2222
2195
2196
2534
2936
2937
2310
2937
3181
2554
2174
2075
2074
1963
1421
1666
1671
2051
2046
2157
2554
2852
2951
2549
2450
2455
2211
2753
2748
2796
2955
2710
3224
3229
2687
3229
3473
3037
2739
2734
2979
3415
3739
3359
3364
3040
3041
3140
2896
3298
3297
3677
3677
3672
3970
3534
3289
2892
2512
2836
2434
2836
3233
3860
4105
3994
3946
3946
4382
4084
3760
3363
3474
3375
3037
3042
3042
3037
3434
3758
3759
3600
3898
3574
3673
3700
3705
3606
3605
3600
3058
2431
2530
2016
2396
2734
2396
1999
2158
2206
1804
1756
1757
1658
1663
1662
2204
1662
2176
2177
1879
1634
2031
2030
2328
2666
2665
2229
2328
1948
1949
1651
2193
2595
2257
2502
2502
2391
2689
2530
2854
2855
2458
2134
2293
2266
2261
2288
2336
2674
2785
2447
2336
2580
2579
2531
2536
2536
2972
3599
3996
3997
4321
4076
3832
3508
3619
3508
3846
3219
2921
3219
3060
3033
2636
2537
2101
2128
2128
2373
3000
3436
3034
3278
3437
3436
3816
3816
3915
3914
3669
3042
2528
3042
3043
3042
3042
2943
2507
2831
2930
2550
2391
2550
2598
2084
2481
2454
2699
2651
3031
2634
2296
2693
3095
2715
2763
3101
2704
2605
2281
1983
2082
2034
1790
1691
2071
2066
2067
2115
1870
1328
948
953
1495
1875
2119
2417
2258
2885
3399
3498
3822
3723
3399
3061
3061
3399
3399
3155
3479
3506
3665
3285
3682
3358
3602
3443
3438
3437
2895
2381
2333
2847
2852
2825
2873
2873
3253
2739
3175
3420
3447
3606
3606
3705
3700
3320
3161
3162
3162
3542
3701
3812
3812
3812
3474
3363
3701
4025
3781
3401
3353
3597
3645
3401
3063
3015
2988
2591
2293
2294
2299
2299
2200
2248
1924
2304
2818
2191
2515
2813
2377
2376
2812
3056
3167
3119
3119
2739
2415
2442
2443
2198
2193
2192
2291
2339
2344
2668
3006
2958
2799
2958
3338
3311
3853
3515
4142
3628
3623
3081
3595
3484
3485
3730
3729
3840
3839
4381
4282
4283
4621
3994
3656
3254
3353
3691
4093
3691
3718
4115
4115
4115
4114
3955
3856
3342
3969
3970
3975
3677
3678
3678
3726
3678
3777
3936
3777
3777
3776
3771
3776
3340
3388
3143
3138
3383
3356
3112
3271
2729
2405
2729
3165
3166
3007
2627
2626
3168
2626
2578
2737
3035
3035
2737
2492
2736
2736
2577
2239
1915
2074
2476
2476
2721
3019
3067
2968
3510
3265
3154
3399
3002
3113
3451
3451
3206
3158
3158
3555
3311
3556
3397
3396
3151
3250
3250
3574
3818
3707
3712
3739
3734
3707
3369
3045
3383
3542
3543
3923
3971
3872
3628
3655
3607
3065
3164
3212
2914
3158
2999
3004
3328
3870
3546
3547
3209
3161
3320
3368
2826
2667
2965
2960
2580
3094
3067
2968
2571
2576
2062
2604
2306
2604
2604
2849
3187
2849
2844
2849
2848
2843
2407
2434
2533
2644
3158
3158
3496
3932
3884
3342
3004
3328
2701
2187
2567
2468
2441
2446
2784
2539
2698
2943
2619
2508
2349
1947
2344
2339
2498
2200
2311
2635
2390
2231
2231
2231
2858
2520
3034
3061
3060
3159
3207
3452
3452
3208
2694
2699
3101
2856
2757
3271
2947
2899
3441
3779
3752
3752
4076
4320
3940
3940
4039
3795
3696
3795
3822
4120
4500
3873
4500
4744
4989
5148
5149
5149
4635
4390
3988
3877
3579
3199
2875
2986
2985
2986
2827
2800
3202
3361
3362
3357
3602
3358
3113
3118
2491
1949
2576
2624
2868
2471
2372
2752
3266
2928
2928
3470
3311
3200
2820
2576
2820
3217
3515
3515
3079
3079
3459
3215
3167
2787
2489
2733
2336
2581
2961
3397
3445
3445
3065
3176
3171
2927
2927
2932
3230
2794
2893
2920
2809
2804
2963
3343
3316
3427
3047
2645
2486
2888
3268
3704
3731
3351
3303
3641
3640
3964
4123
4122
3877
3539
3215
3104
2668
3006
3007
2493
2466
2128
2133
2513
2133
2377
2715
2742
2715
2826
2874
2775
2775
3289
3178
3130
3454
3502
3882
3544
3544
3789
3900
3901
3896
3895
3651
3327
3426
2799
2751
2756
2376
1974
2410
2299
2926
2490
2538
2782
3106
3107
2565
2565
2903
3339
3736
3735
3735
3576
3735
3338
3338
3333
2897
2896
2896
3276
3276
2952
2904
2277
2278
2305
2353
2358
2114
2225
2225
2469
2421
2123
1879
1541
1161
1563
1464
1708
1807
2105
2443
2416
1902
2299
2623
2623
2464
2844
3471
3360
3036
3550
3545
3165
3166
2868
3027
2630
2630
3066
3463
3490
3246
2908
2663
2711
2822
3202
3526
3864
3863
3836
3836
3498
3450
3455
2941
2936
2612
2176
1779
2176
2176
2514
2514
2838
3082
2702
2947
2974
2815
2413
1786
2222
2520
2520
2196
2823
2828
2829
3371
3371
3126
3285
3186
3181
3181
2554
2256
2501
2163
1919
2257
2884
2546
1919
2243
2242
1997
1970
1573
1600
1699
1698
1943
1698
1943
1916
1921
1762
2389
2278
2792
3036
3084
3486
3486
3084
2648
3050
2806
2807
2808
2807
2802
2961
3072
2558
2994
2994
3374
3375
3374
3375
3619
3460
3460
3465
3465
3354
3349
3354
2952
3111
3409
3811
3431
2804
2831
2587
2539
2587
3214
3325
3325
3027
3541
3921
3541
2999
2372
2372
2372
2127
2016
2314
2287
2684
3064
2965
3076
3075
3074
3701
3701
3701
3653
3898
3898
3898
3946
3947
4046
3947
3947
3649
3748
3121
3148
3037
3037
2989
3616
3589
3209
3209
3208
3319
3208
3208
3750
3208
3049
3208
3209
3320
3347
3645
3646
3646
3646
3019
3019
2920
2484
2239
2238
2483
2185
2185
2233
2233
2074
2318
1916
2254
2249
2791
2890
2791
3193
3491
3491
3490
3192
2948
2900
2999
2754
2759
3003
3051
2952
3388
2846
2444
2445
2445
3072
3067
2743
3285
3384
3140
3092
3416
3796
3169
3467
3468
3144
3303
3276
3165
3006
3330
3330
3330
2933
2834
3078
3077
3078
2780
2344
2343
2454
1912
1532
1532
1631
1630
2066
2463
2464
3006
3054
3681
3682
3358
3357
3357
2815
3217
2590
2193
2193
2193
2198
2150
2530
2557
2552
2949
2950
2548
2548
2304
2931
2551
2452
2697
2697
2696
2696
2701
2860
2701
2265
2265
1927
2363
2363
2765
2363
2363
1849
1822
1822
1195
1354
1598
1978
1598
2112
1598
1487
1535
1290
1317
1312
1317
1697
1696
1941
1696
2210
2211
2212
2536
2531
2095
1698
1184
1581
1919
2546
2546
2551
2551
3065
2727
2213
2165
2264
2237
2673
2514
2513
2513
2514
3028
3028
2514
2270
2381
2895
3193
2757
2757
2658
3094
2796
2844
3246
3245
3244
3542
3787
3407
3407
3434
3435
2808
3146
3098
2696
2855
2850
2850
2739
2303
2930
2930
3332
2705
2678
2678
2677
2678
3058
3063
3063
3605
3632
3387
3498
3498
2984
3498
3498
3471
3471
3360
3471
3312
3556
3445
3043
3479
3480
3480
2966
2966
2965
2992
2992
3394
3150
2748
2748
2368
2368
2995
2697
2670
2914
3013
3527
3522
3423
3428
3031
2404
3031
3026
2702
2861
3263
3268
2930
3268
3379
3268
2641
2641
3021
3016
3261
3017
3128
2614
3241
3241
3539
3936
3777
3876
3538
3293
3194
2792
2356
2356
2455
2454
2792
2951
2952
2951
3353
3353
2951
2653
2653
2654
2543
2544
2789
2630
2657
2657
2656
2767
2772
2772
3174
3174
3222
3546
3545
3148
3143
3116
3552
3150
3552
3579
3738
3738
3738
3414
3414
3366
3366
3371
3372
3616
3074
3398
3795
3359
3359
3021
2624
2300
2300
2842
2841
2841
2439
2440
2435
1893
1649
2046
1887
1788
1947
1567
2109
2353
2354
2790
2546
2645
2943
2401
2156
2057
1660
1660
1904
2284
2383
2383
2356
2601
2939
2840
2840
2840
3242
3241
3240
2860
3240
2995
3240
2613
2640
2395
2395
2937
2693
2693
2694
2694
3018
2859
3256
2820
2820
2825
2873
2872
2867
2872
2475
2475
2475
2719
2671
3107
2783
2485
2533
2930
2528
2190
2190
2289
2290
2290
2290
2046
2019
2533
2831
2832
2831
3233
3571
3816
3811
3811
3970
3456
3456
3456
3700
3700
3601
3204
3204
2960
2524
3038
2793
2279
2378
2892
2897
2559
2400
2738
3365
2985
2985
2471
2472
2424
2424
2451
2887
2886
2450
2964
2964
2959
2960
2558
2220
2558
2557
2881
2339
2881
3317
3719
3620
4017
4017
4016
3905
3567
3131
3104
3104
3104
2806
2806
2806
2917
2917
2965
2966
3125
3124
3129
3018
2616
2617
2103
2214
2215
2056
2056
1514
1466
1466
1514
1758
1857
2016
1772
1661
1660
2202
2202
2638
2749
2749
2744
2633
2634
2639
2638
2638
2749
3087
3331
3845
3601
3490
3490
3485
2943
2844
3386
3788
3274
3274
3275
3789
3465
3789
3465
2923
2923
2923
3221
3221
3466
3030
2982
2981
3305
3353
3789
3392
2956
2711
2810
2512
2539
2215
2215
2116
1489
1330
1331
1331
1629
1629
1291
1918
1917
2076
2321
2321
2321
2565
2962
2448
2453
2051
1806
1806
1805
2050
2161
2050
2051
2051
2003
2341
2721
2820
2721
2423
2178
2614
2938
2938
2938
2938
2938
3480
3321
3619
3619
3667
3369
3370
3322
3481
3529
3827
3489
3441
3552
3441
3540
3878
3878
3851
4096
4095
3553
3117
3018
3117
3631
3472
3874
3874
4416
4415
4526
4962
4582
4962
4957
4984
4984
4984
4582
4582
4471
4472
4227
3847
3852
3554
3230
3610
3769
3769
3525
2983
3228
3229
3229
3277
3178
3177
3501
3177
2780
3322
3077
3474
3474
3772
3767
4012
4256
3820
3931
4030
3919
3621
3621
3594
3593
3434
3096
3096
2997
3335
3659
3415
3077
3077
3415
3091
3091
3202
3202
3202
3526
3527
3526
3526
3685
3637
3392
3392
3637
3095
3122
2495
2793
3229
3230
3119
2960
3362
3362
3362
3362
3410
3569
3570
3570
3570
3570
3814
3814
3814
3476
3481
3819
3819
3814
3913
3918
3917
3758
3731
3295
2971
2726
2885
2996
2752
3379
3280
3281
3276
3165
3164
3169
3169
3268
3704
3605
3929
3924
3924
3297
3324
3324
3423
3965
3563
3965
3970
3590
3188
2674
3054
3006
3250
3250
3652
3763
3811
3811
3763
4277
4178
4178
4179
4178
4177
3839
3839
3938
3640
3640
3641
3636
3200
3101
3399
2885
2587
2343
2391
1849
2093
1696
1697
1995
1995
2537
2378
2892
2892
3137
3137
3136
3137
3142
3137
3236
3236
3235
3136
3136
3136
3137
3137
3236
2912
2911
2916
2374
2326
2321
2210
2548
2548
2521
3148
3307
3704
3731
3487
3487
3149
2904
2745
2904
2524
2572
1945
2325
2761
2734
2978
2978
2978
2542
2880
3125
3125
3667
3672
3783
3782
3537
3782
4106
4106
3782
3782
3782
3444
3782
3782
3777
3777
3777
3778
3805
3757
3757
3758
3513
3513
3513
3513
3215
3460
4087
3685
3685
3690
3738
3358
3357
3737
3732
3190
3190
3626
3950
3791
3411
3709
3598
3201
3201
3201
3598
3353
2839
2838
3083
3625
3287
3446
3557
3558
3558
4072
4410
4410
4299
4001
4381
4783
4624
4576
4140
3802
3850
3851
3850
4148
3521
3632
3791
4418
3791
3680
3685
3680
3521
3632
3387
3143
3387
3725
3328
3328
2948
3193
3193
2651
2540
2202
2203
1905
2285
2623
2623
3059
3601
3502
3501
3121
2877
3175
3175
3174
3801
3463
3139
3536
3695
3700
3701
3701
3701
3304
3548
3389
3500
3202
3154
3127
3175
2931
3269
3368
3765
3520
2978
2973
3353
3677
3922
3542
3542
3542
3541
3541
3493
3057
3216
3758
4138
4139
4139
3980
3979
3437
2810
2810
2811
2811
2812
2812
3248
2851
3248
2868
3495
3495
3495
3500
3499
2872
3031
3411
3709
3709
3411
3312
3339
3339
3339
3339
3180
3175
3174
3273
3900
3562
3563
3564
3563
3049
2613
2613
2951
2952
2951
2571
2869
2571
2576
3012
3060
3440
3440
3392
3392
3551
3154
3155
3155
3155
3453
3294
3294
3183
3342
3342
3342
3739
3739
3787
3787
3787
3787
3786
3781
3892
3512
3188
3702
3404
3007
2908
3305
3194
3035
3333
3334
3876
3849
4008
4107
3710
3821
3826
3826
4150
4149
4050
3536
2994
2989
2553
2797
3233
3238
3752
3752
3508
3507
3507
3507
3507
3459
3703
3703
3301
3349
3301
3698
3698
3797
3638
3527
3527
3686
3686
3687
3442
3844
3546
3547
3574
3569
3568
3948
4246
4087
4087
4332
4874
4874
4875
4874
4629
4630
4531
4193
4352
4400
4241
4241
3917
4255
4254
3874
4119
4443
4119
4443
4554
4216
4221
3897
3898
3893
3595
3754
3509
3265
3238
3337
3337
3661
3905
3806
4144
4144
3985
3661
3661
3613
3640
3640
3938
4318
4366
4366
4366
4028
4273
4273
4432
4431
4430
4132
4132
4133
4022
4360
4116
4116
3719
3719
3719
3818
3819
4216
4189
4030
4141
4141
4042
4042
3994
4021
3507
3262
3560
3560
3262
2865
3262
3151
3124
3448
3448
3496
3448
3692
3692
3851
3950
3950
4464
4463
4463
4464
4709
4709
4550
4709
4708
4735
4338
4735
4636
4684
4982
4982
4934
4596
4597
4596
4352
4451
4054
4451
4450
4450
4561
4561
4562
4535
4099
4343
4343
4098
4099
4099
4535
4534
4423
4264
3722
3723
3722
3723
4061
4061
4088
4247
4003
3679
3678
3519
3520
3844
3844
4003
3606
3606
3851
3851
3851
3856
3967
4364
4364
3967
3962
3638
3638
3236
2991
2832
3077
3619
3619
3321
3321
3321
3480
3321
3723
3723
3287
3531
3531
3530
3966
3966
3971
4368
4368
4341
4242
3728
3887
3914
3670
3670
3769
3670
3670
4184
4184
4184
4184
3846
3945
4243
4291
4243
4243
3616
3616
3617
3617
3617
3237
3237
3237
3237
3126
3464
3028
3028
2783
2445
2445
2043
2042
1943
1991
1991
2618
2618
2618
2956
3280
3280
3379
3379
3379
3815
3815
3477
3476
3079
3324
3325
3569
3569
3569
3568
3569
3542
3537
3293
3293
3320
3075
3080
3482
3483
3728
3728
4108
3949
4108
4108
3728
3728
3728
4066
4066
4177
4177
3775
3775
3775
3774
3774
3774
3769
4166
4055
4007
4006
3907
4287
3773
3435
3483
3435
3137
3248
3296
3810
4108
4108
3810
3413
3711
3711
3711
3275
3275
2951
2706
2595
3031
2983
3228
3233
3234
3478
3880
3853
4250
3870
3434
3434
3545
3545
3869
3869
3968
3723
3968
3869
3472
3520
3547
3646
3641
3593
3990
3891
4327
4665
4554
3927
4554
4554
4555
4555
4041
3882
3930
3930
4444
4444
4444
3930
3494
3467
3494
4008
4008
4167
4547
4983
4356
4455
4454
4156
4454
4454
3940
3940
3696
3648
3310
3315
3310
3358
2922
3166
3680
3791
3791
4418
4391
4391
4391
4146
4173
4174
4015
4260
4260
4260
4161
4166
4165
4503
4504
4504
4166
4166
4139
3895
3895
3268
3367
3366
3393
3829
3829
3829
3829
3718
3718
3718
3619
3619
3295
3539
3539
3539
3534
3535
4162
4162
4161
3781
3880
3880
4218
4223
3925
3925
3411
3384
2757
2757
2757
3384
3411
3167
3119
3363
3363
3877
4036
4009
4036
4035
4035
4083
3647
3648
3246
3357
3357
3019
2908
2908
2908
2907
3343
3343
3344
3317
3428
3183
3183
3183
3183
3183
3183
3563
3563
3563
3166
2730
2730
2731
2731
3055
3457
3457
3077
3077
3322
3719
3746
3698
3698
3698
3156
3156
3204
3584
3425
3424
3424
3722
3424
3860
4019
4019
4019
3775
4073
4073
3974
4073
4073
3914
3815
3914
3914
3534
3534
3872
3871
3533
3533
3533
3533
3913
3589
3833
3833
3992
3556
3556
3508
4050
3891
3891
3792
4130
4454
4343
4343
4316
4317
4318
4313
4312
3685
3690
3690
3690
3801
3801
3404
3106
3106
3733
3353
3452
3452
3611
3659
3032
2694
2721
3157
3157
3554
3455
3455
3053
3351
3351
3192
3187
3589
3589
3688
3688
3286
3238
3640
3640
3396
4023
3509
3398
3778
3779
4293
4631
4604
4848
4524
4683
4683
4710
4710
5034
5034
5034
5007
4571
5007
5118
5118
5118
5123
5123
5122
5122
4824
4579
4627
4225
3711
3552
3552
3441
3436
3595
3595
3840
3840
4242
4242
4242
4247
4247
4246
4246
4241
3805
3467
3467
3368
3373
3809
3809
3809
3809
4147
4142
4094
4094
4095
4194
4194
4195
4243
4243
4243
4243
4541
4541
4296
4296
3972
3971
4485
4809
4565
4565
4676
4517
4761
4761
4761
4761
4761
4761
4761
4760
4422
4311
4649
4601
4606
4282
4282
4183
3803
3176
3335
3335
3434
3545
3545
3546
3546
3546
4173
4173
4200
4041
4041
4041
4042
3528
3687
3687
3389
3437
3389
3687
3687
3686
3659
3659
3707
4221
4216
4057
4381
4382
4762
4220
4172
4172
4331
4330
4357
4357
3960
3960
3960
4008
3897
3898
4295
4540
4492
4492
4603
4201
3863
3704
3380
3922
3922
3921
3922
3624
3672
3573
3573
3573
3975
4134
4086
4091
4190
4488
4487
4535
4873
4873
4471
4471
4227
4227
3847
3847
3847
3848
4092
4092
4092
4416
4415
4416
4368
4368
4368
4368
4416
4411
4384
4384
4384
4384
4139
4139
4541
4541
4541
3914
4541
4541
4493
4873
5118
5118
5118
5145
4631
4631
4679
4679
4652
4679
4434
4948
4900
4801
4801
4557
4556
4556
4604
4605
4203
4202
4201
4201
4446
4446
4108
4109
3811
3763
3768
4066
4066
4039
4040
4040
4040
4040
4442
4442
4441
4540
4878
4877
4877
4872
4899
5143
5143
5143
5191
5164
5164
4866
5164
5191
5191
4794
4795
4795
4768
4388
4388
4388
4143
3629
4026
4026
3688
3688
3689
3689
3689
3689
3689
3689
3716
3280
3036
2634
2633
2585
2987
2888
2936
2941
2782
2782
3026
3027
3027
3027
3463
3463
3436
3138
2814
2703
2703
2703
2730
2841
2841
2841
3355
2953
3277
3436
3838
4136
4136
4088
4083
4421
3907
4006
4006
4006
4520
4520
4525
4525
4573
4474
4230
4230
4119
4118
4363
4474
3960
3960
4474
4474
4474
4072
4072
4045
4040
4040
4139
4139
3980
3980
3682
3634
3661
3820
3868
3868
3868
4270
4270
4270
3873
3878
3877
3878
3851
3851
4248
4200
4200
4101
4481
4482
4482
4323
4212
4323
4323
4322
4323
4567
4726
4721
4726
4726
4825
4825
4487
4825
4825
4825
4852
4847
4847
4846
4747
4747
4795
4795
4795
4551
4551
4551
4795
4768
4795
4795
4359
4359
4359
4311
4311
4410
4846
4846
4735
4735
4846
4894
4795
4457
4133
4133
4133
4085
4084
4084
4089
4084
4408
4507
4507
4507
4408
4706
4706
4408
4746
4502
4503
4602
4278
4278
4251
4299
4140
4140
4140
4140
4140
4140
4140
4140
4145
4145
4389
4416
4317
4290
4290
4290
4290
4045
4343
4588
4046
3935
3935
3930
4089
4089
4089
4090
4090
4090
4090
4189
4300
4201
4206
4206
4095
4637
4736
4736
4736
4731
4731
4730
5054
4427
4129
4129
3970
3590
3048
3048
3053
3080
3191
3191
3818
4198
4198
4199
4194
4193
4193
4193
4194
4193
4193
4193
3949
4247
4247
4247
4220
4220
4225
4384
4273
4273
4517
4517
4137
4164
4164
3920
4300
4300
4300
4295
4295
4295
4295
4295
4295
4406
4948
4406
4161
4113
4113
3677
3677
3650
3650
3551
3551
3551
3551
3551
3551
4093
3934
4033
4469
4358
4358
4358
4406
4406
4406
4405
4410
4569
4570
4570
4522
4522
4517
4762
4789
4789
4789
4789
4544
4544
4544
4592
4837
4837
4837
4837
4837
4837
4842
4842
4842
4842
4842
5086
4987
4828
4828
4829
4824
4824
4579
4579
4584
4584
4584
4536
4584
4536
4647
4403
4451
4451
4054
4213
4213
4458
4458
4457
4457
4556
4218
4218
4556
4953
4708
4708
4952
4925
4925
4681
4383
4383
4410
4654
4654
4899
4899
4655
4655
4655
4628
4628
4580
4580
4824
4580
4580
4580
4824
4824
4725
4725
4752
4752
4753
4753
4801
4801
4801
4801
5099
4940
4939
4939
4939
4939
4939
4397
4396
4152
3828
3828
3583
3828
3780
3442
3984
4083
4083
4083
4421
4421
4421
4421
4580
4904
4390
4438
4438
4682
4634
4629
4630
4635
4634
5148
5049
5049
4751
4507
4183
4231
4204
4204
4448
4289
4388
4388
4686
4348
4672
4672
4672
4673
4673
4673
4673
4672
4561
4556
4014
3915
4074
4079
4074
4026
4074
4074
3672
3771
3771
3771
3772
3613
3618
4160
4160
4160
4160
4562
4514
4515
4514
4190
4190
4238
4265
4265
4265
4589
4589
4562
4900
4498
4254
4413
4413
4440
4440
4392
4392
4392
4503
4504
4405
4404
4399
4399
4399
4154
4153
4153
4555
4175
4180
4181
4181
4229
4474
4573
4573
4568
4568
4568
4568
4569
4167
4167
4068
4068
3909
3909
3909
3909
4008
4008
4008
4008
3710
3611
3611
3611
3710
3710
4090
4090
4090
4090
4090
4090
4090
4095
4254
4254
4143
4143
4441
3927
3927
3927
3927
4329
4329
4329
3991
3943
3943
3943
3943
3943
3943
4187
4701
4701
4700
4320
4320
4320
4319
4021
4021
4021
4021
4021
4069
3910
3911
3911
3911
3911
3884
3879
3879
3879
3555
3582
3582
3582
3581
3586
3697
3670
4008
4008
3897
3897
3897
4056
4167
4068
4095
4475
4475
4475
4475
4470
4226
4226
4226
4226
4226
4325
4277
4277
4277
4277
4277
4278
4277
4277
4278
4283
4284
4039
4039
3940
3940
3940
3939
3939
3912
3912
3912
4236
4236
4335
4335
4334
4334
4334
4334
4632
4633
4633
4633
4295
4633
4633
4878
4873
4873
4873
4873
4873
4874
4922
4811
4811
4811
4811
5055
5060
5087
5087
5082
5082
5082
5082
5082
4923
5034
5034
5039
5012
5012
5012
5012
5012
5012
5011
5006
5006
5006
5006
5006
5006
5006
5006
5006
5006
4907
5006
5011
5011
5011
4963
4963
5011
5038
5038
5011
4575
4602
4602
4602
4602
4602
5038
5011
5011
5011
5011
4614
4615
4610
4610
4610
4637
4636
4635
4635
4635
4635
4635
4635
4608
4609
4609
4609
4610
4610
4511
4511
4510
4510
4510
4511
4511
4610
4610
4609
4609
4609
4364
4391
4636
4298
4298
4298
4298
4250
4250
4250
4250
4255
4254
4254
4254
4254
4254
4227
4128
4128
4227
4128
4176
4176
4176
4177
4177
4177
4515
4515
4515
4515
4614
4614
4614
3987
3986
3986
3986
3938
3965
4592
4640
4640
4342
4343
3963
3964
3964
3964
4262
4262
4262
4235
4394
4394
4394
4394
4393
4790
4790
4691
4691
4690
4690
4690
5070
5097
5097
5070
5070
5065
5065
5070
5070
5070
5070
5065
5065
5017
5116
5116
5116
5116
5116
4574
4574
4622
4649
4649
4650
4650
4649
4649
4649
4622
4622
4622
4622
4622
4623
4623
4623
4623
5165
5165
5165
5165
5165
5165
5170
5165
5165
5165
5170
5170
5170
5170
5171
5166
5166
5067
5067
5067
5067
5067
5067
5072
5071
5071
5071
5066
5066
5066
4822
4823
4823
4823
4823
4822
4822
4822
4822
4822
4822
4822
5066
5066
5066
5067
5066
5066
5066
5066
5066
5093
5093
5093
5093
5098
4987
4986
4938
5049
5148
5049
5022
4625
5022
4911
4911
4509
4510
4537
4537
4537
4585
4585
4585
4684
4684
4684
5086
4927
4927
4879
4878
4878
4779
4779
4827
4779
4878
4878
4878
4878
4879
4541
4541
4541
4541
4700
4700
4700
4673
4674
4722
4722
4722
4722
5060
5060
4901
4900
4852
4852
4852
5011
5011
5122
5117
5117
5117
5117
5117
5117
5117
5122
5122
5122
5170
5170
5170
4832
4832
4832
4832
4721
4721
4721
4832
4832
4832
4435
4435
4773
4773
4371
4371
4371
4371
4126
4126
4121
4126
4126
4126
4126
4126
4125
4370
4370
4271
4271
4223
4223
4223
3978
3978
4375
4051
4051
4052
4297
4297
4138
4137
4137
4137
4296
4296
4323
4422
4323
4323
4323
4323
4725
4345
4345
4444
4417
4417
4465
4417
4417
4417
4741
4741
4741
4741
4742
4742
4742
4742
4741
4741
4741
4741
4339
4366
4367
4367
4340
4339
4741
4741
4741
4741
4741
5121
5121
5121
5121
4823
4823
4824
4823
4823
5121
5121
5121
5121
5122
5122
5121
5121
5121
5121
5122
4798
4798
4500
4500
4401
4401
4396
4396
4397
4402
4402
4000
4000
4000
4000
4000
4000
3889
3888
3888
3987
3987
3987
4098
4098
4098
4098
4098
4098
4098
4099
4094
4093
4093
4093
4098
4098
4098
4500
4255
4553
4580
4553
4553
4552
4552
4552
4552
4393
4393
4394
4295
4295
4394
4394
4718
4718
4718
4719
4878
4767
4370
4370
4370
4370
4370
4481
4481
4476
4317
4317
4322
4322
4322
4322
4321
4321
4321
4321
4321
4321
4321
4480
4480
4480
4725
4626
4621
4621
4621
4622
4622
4622
4622
4622
4622
4627
4627
4726
4726
4726
4725
4725
4725
4725
4726
4726
4726
5123
5150
4753
4753
4753
4753
4753
4753
4748
4748
4410
4410
4383
4383
4383
4383
4383
4780
4780
4780
4828
4828
4855
4744
4744
4744
4744
4743
4743
5081
5081
5081
5086
5086
4842
4743
4854
4854
4806
4806
4806
4695
4806
4854
4853
4853
4952
4952
4952
4550
4550
4550
4550
4523
4524
4525
4769
4769
4769
4769
4796
4796
4796
4796
4796
5198
5198
5198
5198
5198
5198
5198
5198
5099
4940
5039
5039
5038
5011
5011
5011
5006
5165
5165
5164
5164
5053
4715
4715
4715
4667
4568
4568
4568
4568
4569
4569
4569
4574
4574
4574
4574
4574
4330
4330
4325
4325
4325
4330
4330
4325
4325
4326
4374
4076
4076
4076
4075
4102
4102
4054
4054
4054
4054
4054
4054
4153
4201
4201
4202
4202
4202
4201
4201
4201
4174
4174
4201
4201
4153
4397
4402
4402
4402
4402
4401
4401
4401
4699
4699
4699
4600
4595
4595
4694
4805
4805
4560
4449
4454
4454
4454
4455
4455
4456
4456
4456
4456
4567
4567
4567
4567
4468
4468
4806
4806
4647
4647
4267
4267
4267
4267
4512
4512
4611
4611
4611
4584
4584
4584
4611
4611
4659
4659
4632
4632
4659
4659
4659
4632
4521
4520
4519
4519
4519
4519
4520
4520
4520
4900
4900
5059
5059
5170
5170
5170
5170
5170
5170
5170
5170
5170
5170
5170
5197
5197
5192
5192
5192
5197
5197
5197
4952
4952
4708
4708
4708
4708
4708
4708
4708
4707
4708
4708
4707
4596
4841
4841
5085
5085
5085
5058
5058
5059
5059
5059
5086
5086
5086
5086
5086
5086
5086
5086
5081
5081
5081
5081
5033
5081
5082
5082
5193
5193
5193
5034
5034
5034
5033
5192
5192
5192
5192
5192
5081
5081
5081
5081
5192
5144
4806
4806
4805
4778
4778
4381
4719
4719
4719
4719
4719
4719
4719
4719
4746
4344
4349
4751
4752
4752
4752
4508
4556
4555
4555
4555
4556
4556
4556
4556
4445
4445
4445
4445
4397
4392
4392
4392
4397
4397
4397
4641
4641
4636
4636
4641
5038
4794
4794
4842
4842
4953
4953
4655
4654
4649
4649
4649
4649
4622
4623
4464
4464
4464
4464
4464
4464
4463
4463
4352
4352
4352
4511
4516
4517
4517
4517
4517
4517
4628
4628
4628
4629
4624
4651
4650
4948
4546
4551
4551
4551
4550
4551
4551
4551
4551
4552
4552
4552
4796
4796
4796
4769
4796
4748
4748
4748
4747
4747
4747
4747
4747
4747
4795
4795
4747
4795
4790
4790
4790
4789
4789
4790
4790
4790
4631
4631
4630
4630
4385
4385
4787
4787
4787
4787
4788
4788
4788
4740
4641
4641
4689
4688
4689
4689
4688
4688
4847
4847
4847
4847
4847
4820
4820
4821
4848
4848
4848
4848
5093
5093
5094
5093
5093
5093
5066
5066
5066
5071
5071
5071
5066
4955
4710
4715
4715
4826
4778
4778
4877
4878
4878
4878
4878
4878
4877
4877
4876
4876
4578
4578
4579
4580
4580
4575
4575
4575
4575
4575
4575
4574
4574
4819
4819
4819
4846
4846
4846
4846
4847
4846
4847
4847
4847
4895
5193
5193
5082
5082
5081
5081
5086
5086
5086
5086
5197
5197
4800
5197
5197
5198
5198
5198
5171
5171
4926
4926
4925
5170
5170
5122
5122
5122
4878
4878
4905
4905
4905
4953
4953
4953
4948
4948
4948
4948
5192
5192
5192
5192
5192
5192
5192
5192
5192
5192
5192
5193
5193
5193
5193
5193
5193
5166
5166
5166
5166
5166
5166
5166
5165
5165
5165
5165
5165
5165
5165
5165
5164
5164
5164
5164
5165
5117
4737
4737
4493
4493
4498
4878
4878
4481
4481
4481
4481
4508
4508
4507
4262
4262
4262
4163
4163
4163
4136
4136
4136
4136
4136
4381
4381
4381
4381
4381
4381
4381
4381
4381
4381
4381
4381
4381
4381
4408
4507
4507
4507
4507
4507
4480
4507
4508
4503
4476
4475
4475
4475
4476
4524
4529
4529
4528
4528
4528
4528
4523
4523
4523
4524
4476
4476
4476
4476
4476
4476
4524
4551
4550
4550
4550
4551
4795
4795
4795
5192
5191
5191
5191
5191
5191
5191
5191
5191
5196
5196
5196
5169
5070
5070
5070
5070
5070
4911
4911
4938
4939
5098
5098
5197
5197
5098
5098
5099
5098
5098
5098
4987
4987
4987
4988
4988
4988
4988
4987
4987
4987
4960
4960
5059
5170
5170
5011
5011
5011
5006
5011
5011
5011
4912
4864
4864
4864
4912
4912
4912
4912
5071
5170
5170
5197
5197
5086
5086
5086
5086
4987
4987
4986
4938
4938
4939
5038
5038
5038
5038
5038
5038
5038
5038
5038
5149
5144
5144
5144
5144
5144
5144
5144
5144
5144
5144
5149
5149
5149
5149
5149
5149
5149
5149
5122
5149
5149
5149
5149
5149
5148
5121
5121
5121
5121
5169
5169
5169
5169
5169
5170
5170
5170
5170
5170
5170
5171
5171
5171
5170
5170
5170
5169
5169
5169
5169
5169
5169
5164
5164
5164
5164
5165
5165
5165
5165
5165
5165
5165
5165
5165
5165
5165
5165
5192
5192
5192
5192
5193
5193
5192
5192
5192
5192
5093
5093
5093
5093
5093
5093
5066
5066
5066
5066
5066
5066
5066
5066
5066
5067
5067
5067
5067
5067
5067
5072
5072
5072
5071
5071
5071
5071
5071
5071
5071
5071
5071
5071
5072
5072
5072
5072
5072
5072
5072
5072
5171
5171
5171
5170
5197
5197
5086
5086
5086
5087
5087
5087
5087
5087
5060
5012
5012
5012
5012
5012
5012
5012
5012
5012
5012
5012
5012
5060
5060
5060
5060
5060
5060
5059
5170
5170
5197
5198
5198
5198
5198
5171
5171
5198
5099
5099
5099
5099
5098
5098
5098
5098
5197
5197
5098
5098
5098
5098
5097
5097
5196
5196
5196
5196
5196
5196
5197
5196
5196
5191
5191
5191
5191
5164
5164
5164
5164
5164
5065
5065
5092
5092
5093
5093
5094
5094
5094
5094
5094
5093
5092
5092
5092
5092
5093
5093
5093
4982
4934
4775
4775
4775
4823
4828
4828
4828
4828
4927
4927
4927
4927
4927
4927
4927
4927
4927
4922
4922
4923
4875
4875
4874
4874
4874
4874
4879
4879
4879
4879
4879
4879
4879
4879
4927
4927
4547
4548
4548
4928
4928
4928
5039
5039
5039
5039
5039
5039
5012
5171
5171
5171
5171
5171
5171
5171
5171
5171
5198
5198
5198
5198
5198
5198
5197
5197
5197
5197
5149
5150
5150
5150
5150
5145
5145
5150
5149
5149
5149
5149
5149
5149
5149
5149
5144
5144
5144
5144
5144
5149
5149
5149
5197
5197
5197
5197
5197
5197
5197
5198
5198
5198
5198
5198
5198
5198
5198
5198
5198
5198
5198
5198
5198
5198
5198
5193
5193
5192
5193
5193
5193
5193
5193
5193
5193
5193
5193
5193
5193
5193
5193
5193
5193
5193
5192
5192
5081
5081
5081
5081
5081
5081
5081
5081
5081
5081
5081
5081
5081
5081
5192
5165
5165
5166
5166
5166
5166
5166
5166
5166
5166
5165
5165
5165
5165
5165
5166
5166
5166
5166
5166
5166
5166
5165
5165
5165
5165
5165
5165
5166
5166
5166
5166
5166
5166
5166
5166
5166
5166
5166
5165
5165
5165
5165
5165
5165
5165
5117
5117
5117
5117
5117
5117
5117
5117
5117
5117
5122
5122
5122
5121
5121
5121
5121
5122
5122
5122
5170
5170
5170
5170
5170
5169
5169
5170
5170
5170
5171
5198
5198
5198
5198
5197
5197
5197
5197
5197
5197
5197
5197
5197
5197
5197
5197
5197
5197
5170
5170
5170
5170
5170
5122
5122
5170
5170
5170
5170
5170
5171
5171
5171
5171
5171
5171
5171
5171
5171
5198
5198
5198
5193
5193
5193
5193
5166
5166
5193
5193
5193
5193
5193
5193
5193
5192
5192
5192
5197
5197
5197
5197
5170
5169
5169
5164
5165
5192
5192
5165
5165
5165
5165
5165
5165
5165
5165
5164
5165
5165
5165
5165
5170
5170
5165
5165
5165
5165
5165
5117
5117
5116
5164
5164
5164
5164
5165
5165
5164
5164
5164
5165
5165
5165
5165
5165
5170
5170
4925
4925
4925
4926
4926
4926
4926
5171
5171
5198
5198
5198
5193
5193
5193
5193
5193
5193
5166
5166
5166
5166
5165
5165
5165
5170
5170
5170
5170
5011
5011
5011
5011
5011
5011
4900
4900
5011
5011
5011
5012
5012
5011
5011
5012
5011
5011
5011
5012
5012
5012
5011
5011
5006
5006
5006
4958
4958
4958
4958
4958
4958
4958
4958
4958
4958
4958
4859
4859
4859
4859
4859
4859
4858
4906
4906
4906
5005
5005
5005
5005
5164
5165
5170
5171
5171
5171
5171
5171
5198
5198
5198
5198
5198
5198
5198
5198
5198
5198
5198
5198
5198
5198
5198
5198
5198
5198
5198
5198
5198
5198
5198
5198
5193
5193
5193
5193
5193
5193
5094
5094
5094
5046
5019
5019
5019
5019
5019
5019
5019
5018
5018
5018
5066
5066
5066
5066
5066
5066
5066
5066
5066
5066
5165
5165
5165
5165
5165
5165
5165
5165
5165
5192
5191
5191
5191
5191
5191
5191
5192
5165
5165
5192
5191
5191
5191
5191
5191
5191
5191
5191
5191
5191
5191
5191
5191
5191
5191
5191
5191
5191
5191
5191
5191
5191
5191
5191
5191
5191
5191
5143
5143
5143
5143
5143
5143
5032
5032
5032
5032
5032
5032
5032
5032
5032
5032
5032
5143
5143
5144
5144
5144
5144
5144
5144
5143
5143
5143
5143
5143
5143
5116
5116
5143
5144
5144
5144
5144
5144
5144
5144
5045
5045
5045
5045
5045
5045
5045
4934
4934
4933
4933
4933
4934
4934
4934
4934
4934
4933
4933
4933
4933
4933
5032
5032
5032
5032
5032
5033
5032
5032
5032
5032
5032
5032
5032
5032
5032
5032
5032
5032
5033
5033
5033
5144
5145
5144
5144
5144
5144
5144
5144
5144
5144
5144
5144
5144
5144
5144
5145
5144
5144
5144
5117
5118
5118
5118
5123
5123
5123
5122
5122
5122
5122
5122
5122
5122
5122
5122
5023
5023
5023
5071
5071
5170
5170
5171
5171
5171
5171
5198
5198
5198
5198
5198
5198
5150
5150
5150
5150
5198
5198
5198
5171
5171
5171
5171
5170
5170
5170
5170
5170
5197
5196
5197
5197
5197
5192
5192
5197
5197
5198
5198
5198
5198
5198
5198
5193
5193
5193
5193
5193
5198
5198
5198
5198
5198
5198
5198
5198
5198
5198
5198
5198
5197
5197
5197
5197
5197
5197
5198
5198
5198
5198
5198
5198
5198
5198
5198
5198
5198
5198
5197
5198
5198
5193
5193
5193
5193
5193
5193
5192
5192
5192
5192
5192
5191
5191
5191
5191
5191
5191
5191
5192
5192
5192
5192
5192
5144
5144
5143
5143
5144
5144
5144
5144
5143
5143
5143
5143
5143
5144
5144
5144
5145
5145
5145
5145
5145
5145
5145
5145
5145
5145
5144
5144
5192
5192
5192
5192
5197
5197
5197
5197
5197
5197
5197
5197
5197
5197
5197
5198
5198
5198
5198
5198
5198
5198
5198
5198
5198
5198
5198
5198
5197
5197
5192
5192
5192
5165
5164
5164
5164
5164
5164
5164
5164
5164
5116
5116
5164
5164
5191
5191
5191
5192
5193
5198
5198
5198
5197
5197
5198
5198
5198
5193
5193
5193
5193
5193
5193
5198
5198
5197
5197
5198
5197
5197
5197
5197
5197
5197
5197
5197
5196
5196
5196
5196
5197
5197
5197
5197
5197
5197
5197
5197
5192
5192
5192
5192
5191
5191
5191
5192
5192
5192
5192
5165
5165
5165
5165
5165
5165
5165
5192
5192
5192
5192
5192
5192
5192
5192
5191
5191
5191
5191
5191
5191
5191
5191
5191
5191
5191
5191
5191
5196
5196
5196
5196
5196
5196
5196
5169
5169
5169
5169
5121
5121
5116
5116
5116
5116
5116
5116
5116
5117
5117
5117
5117
5117
5117
5144
5149
5149
5149
5149
5149
5149
5149
5149
5149
5149
5149
5149
5149
5149
5149
5149
5122
5122
5122
5123
5123
5123
5123
5123
5123
5123
5123
5123
5171
5171
5171
5123
5123
5123
5123
5123
5123
5123
5123
5123
5123
5123
5123
5123
5123
5118
5118
5118
5118
5118
5118
5118
5118
5118
5118
5118
5117
5117
5117
5117
5117
5118
5118
5118
5019
5019
5019
5019
5018
5018
5066
5066
5066
5066
5066
5018
5018
5018
5018
5018
5018
5018
5045
5045
5045
5045
5045
5050
5050
5050
5050
5050
5050
5050
5050
5049
5049
5049
5148
5148
5148
5149
5149
5149
5144
5143
5148
5148
5148
5148
5148
5148
5148
5143
5116
5116
5116
5143
5144
5144
5144
5144
5144
5144
5144
5144
5144
5145
5145
5193
5193
5193
5193
5193
5193
5193
5192
5192
5192
5165
5165
5165
5165
5192
5192
5197
5197
5197
5197
5197
5197
5197
5197
5197
5197
5197
5197
5197
5197
5197
5197
5197
5192
5192
5192
5193
5166
5171
5170
5170
5197
5197
5198
5198
5198
5198
5193
5193
5193
5193
5192
5192
5192
5192
5192
5193
5198
5198
5198
5198
5198
5198
5198
5198
5198
5198
5198
5198
5171
5171
5171
5171
5123
5122
5122
5122
5122
5122
5122
5170
5170
5170
5170
5170
5170
5170
5170
5170
5169
5169
5169
5169
5121
5121
5148
5148
5148
5196
5196
5197
5197
5192
5192
5192
5192
5192
5192
5192
5192
5192
5144
5149
5149
5144
5144
5144
5144
5144
5149
5149
5148
5049
5049
5097
5196
5196
5196
5169
5169
5169
5169
5169
5169
5169
5169
5169
5169
5169
5169
5169
5169
5169
5169
5169
5169
5169
5196
5196
5196
5196
5191
5196
5191
5191
5191
5191
5191
5191
5164
5164
5169
5170
5170
5170
5170
5170
5170
5169
5169
5170
5170
5170
5169
5169
5169
5169
5169
5170
5197
5197
5197
5192
5197
5196
5196
5196
5191
5191
5191
5191
5192
5192
5192
5192
5191
5191
5191
5191
5191
5191
5191
5191
5191
5191
5191
5191
5191
5191
5191
5191
5191
5191
5143
5143
5191
5191
5191
5191
5191
5191
5191
5191
5196
5196
5196
5196
5196
5197
5149
5149
5149
5149
5149
5149
5149
5149
5144
5143
5143
5143
5143
5143
5143
5143
5143
5143
5143
5143
5143
5143
5143
5143
5143
5143
5143
5143
5143
5143
5143
5143
5144
5144
5144
5144
5144
5144
5145
5145
5145
5145
5145
5145
5145
5145
5193
5193
5193
5193
5193
5193
5193
5193
5193
5193
5193
5193
5166
5193
5193
5193
5192
5192
5192
5192
5192
5192
5192
5192
5192
5192
5192
5192
5165
5165
5165
5165
5165
5165
5165
5165
5170
5170
5170
5170
5170
5170
5170
5197
5197
5198
5198
5198
5198
5198
5198
5197
5197
5197
5197
5198
5198
5197
5197
5197
5197
5170
5170
5170
5170
5170
5170
5197
5197
5197
5197
5197
5192
5192
5192
5192
5192
5193
5193
5193
5193
5193
5193
5193
5193
5193
5193
5193
5193
5193
5198
5198
5198
5197
5197
5197
5197
5197
5197
5197
5197
5197
5197
5197
5197
5198
5198
5198
5198
5171
5171
5198
5198
5198
5198
5198
5198
5198
5198
5198
5197
5197
5197
5192
5192
5193
5145
5145
5145
5145
5145
5145
5145
5145
5145
5145
5150
5150
5150
5150
5145
5145
5144
5149
5149
5148
5196
5196
5148
5148
5148
5148
5148
5148
5148
5148
5148
5148
5148
5121
5121
5116
5116
5117
5117
5117
5117
5122
5122
5122
5122
5122
5170
5171
5171
5171
5198
5198
5197
5197
5197
5197
5197
5196
5196
5196
5196
5196
5196
5197
5196
5196
5196
5197
5197
5197
5197
5197
5197
5197
5197
5198
5198
5198
5198
5198
5198
5198
5193
5193
5193
5198
5198
5198
5198
5198
5198
5198
5171
5171
5171
5171
5171
5171
5171
5170
5197
5197
5197
5197
5197
5197
5197
5197
5197
5197
5197
5197
5197
5197
5197
5197
5197
5197
5198
5198
5198
5198
5198
5198
5198
5198
5198
5198
5198
5198
5198
5197
5197
5197
5197
5197
5197
5197
5198
5198
5198
5198
5198
5197
5197
5197
5197
5197
5170
5170
5170
5170
5170
5170
5170
5197
5197
5196
5196
5196
5196
5196
5197
5197
5197
5198
5198
5198
5198
5198
5198
5198
5198
5198
5198
5198
5198
5193
5193
5193
5193
5193
5193
5198
5198
5198
5198
5198
5198
5198
5198
5198
5198
5198
5198
5198
5198
5198
5198
5198
5198
5198
5198
5198
5198
5198
5198
5198
5193
5193
5198
5198
5198
5198
5198
5197
5197
5197
5197
5198
5198
5198
5198
5198
5198
5198
5198
5198
5193
5193
5193
5193
5193
5082
5082
5082
5082
5082
5082
5082
5082
5193
5198
5198
5198
5197
5197
5197
5198
5198
5198
5198
5198
5198
5198
5198
5198
5198
5198
5198
5198
5198
5198
5197
5197
5197
5197
5197
5197
5197
5197
5197
5197
5197
5197
5197
5197
5197
5197
5197
5197
5197
5170
5170
5170
5170
5170
5170
5170
5170
5170
5170
5171
5171
5171
5171
5171
5198
5198
5198
5198
5198
5193
5193
5193
5193
5193
5193
5193
5193
5193
5193
5193
5193
5193
5193
5193
5193
5193
5193
5193
5193
5193
5193
5192
5197
5197
5198
5198
5198
5198
5171
5171
5198
5198
5197
5197
5197
5197
5196
5196
5196
5196
5196
5196
5196
5196
5196
5196
5197
5197
5197
5197
5197
5196
5196
5196
5196
5196
5196
5196
5196
5196
5196
5196
5196
5196
5196
5191
5191
5191
5191
5191
5192
5192
5193
5193
5193
5192
5192
5165
5192
5192
5192
5192
5192
5193
5193
5193
5193
5193
5193
5193
5193
5193
5193
5193
5193
5193
5192
5192
5192
5193
5193
5193
5193
5192
5192
5192
5192
5192
5192
5192
5192
5192
5192
5192
5192
5192
5192
5191
5191
5191
5191
5191
5191
5191
5191
5191
5191
5191
5192
5192
5192
5192
5192
5192
5192
5192
5192
5192
5192
5192
5197
5197
5197
5197
5198
5198
5198
5198
5198
5198
5193
5192
5192
5191
5191
5191
5191
5191
5191
5191
5191
5191
5192
5192
5192
5192
5192
5192
5191
5191
5191
5191
5191
5192
5192
5192
5192
5192
5192
5197
5197
5197
5197
5197
5197
5197
5197
5198
5198
5198
5197
5197
5196
5196
5196
5196
5196
5196
5196
5196
5196
5191
5191
5191
5191
5191
5191
5191
5191
5192
5192
5197
5197
5196
5196
5197
5196
5196
5196
5196
5196
5196
5196
5196
5196
5196
5196
5196
5197
5192
5192
5192
5192
5192
5192
5165
5165
5165
5166
5166
5165
5165
5165
5165
5192
5192
5192
5191
5191
5191
5196
5191
5191
5191
5192
5192
5165
5165
5165
5165
5166
5165
5165
5165
5165
5170
5170
5170
5169
5169
5169
5169
5169
5169
5169
5169
5169
5169
5169
5169
5196
5196
5196
5196
5196
5196
5196
5196
5148
5143
5148
5148
5149
5149
5149
5149
5149
5149
5149
5197
5197
5196
5196
5197
5196
5196
5196
5196
5196
5197
5197
5197
5197
5197
5197
5197
5197
5197
5197
5197
5197
5197
5196
5196
5191
5191
5191
5191
5191
5191
5191
5192
5192
5191
5191
5191
5191
5191
5191
5191
5191
5191
5191
5192
5192
5192
5192
5191
5191
5191
5191
5196
5196
5196
5196
5196
5196
5196
5196
5196
5196
5196
5196
5196
5196
5196
5196
5196
5196
5196
5196
5197
5197
5197
5197
5197
5196
5196
5196
5196
5196
5196
5196
5197
5197
5197
5198
5198
5198
5198
5197
5197
5197
5197
5197
5197
5197
5197
5197
5197
5197
5197
5197
5197
5197
5197
5197
5197
5197
5197
5197
5197
5197
5197
5197
5197
5197
5197
5197
5197
5197
5197
5197
5192
5192
5192
5192
5192
5197
5197
5197
5197
5197
5198
5198
5198
5198
5198
5198
5198
5198
5198
5198
5198
5198
5198
5198
5198
5197
5197
5197
5197
5197
5192
5192
5192
5192
5192
5192
5192
5192
5192
5192
5192
5192
5193
5193
5193
5193
5193
5193
5193
5193
5193
5193
5193
5193
5198
5198
5198
5198
5198
5198
5198
5198
5198
5198
5198
5198
5198
5198
5198
5198
5198
5198
5198
5198
5198
5198
5198
5198
5198
5198
5198
5197
5197
5197
5198
5198
5198
5198
5150
5150
5150
5150
5150
5150
5150
5150
5150
5150
5150
5150
5150
5145
5145
5145
5193
5193
5193
5193
5198
5198
5198
5198
5198
5198
5198
5198
5197
5197
5197
5197
5197
5197
5197
5197
5197
5197
5197
5197
5197
5197
5196
5197
5198
5198
5197
5197
5197
5197
5197
5197
5197
5197
5197
5197
5197
5197
5197
5197
5197
5197
5192
5192
5192
5192
5192
5193
5192
5192
5192
5197
5197
5196
5196
5196
5196
5196
5196
5197
5149
5149
5149
5149
5149
5150
5150
5150
5150
5150
5150
5150
5150
5150
5198
5198
5198
5198
5198
5198
5198
5197
5197
5197
5198
5197
5197
5197
5197
5197
5197
5196
5196
5196
5196
5196
5196
5196
5196
5196
5191
5191
5191
5191
5192
5192
5192
5192
5192
5192
5192
5192
5192
5192
5192
5197
5197
5197
5197
5197
5197
5197
5197
5197
5197
5197
5197
5197
5197
5197
5197
5197
5197
5197
5197
5198
5198
5171
5171
5166
5166
5165
5165
5165
5165
5165
5165
5165
5165
5165
5165
5165
5165
5165
5165
5165
5165
5165
5165
5165
5165
5165
5165
5165
5192
5192
5192
5192
5192
5192
5192
5192
5192
5192
5192
5192
5192
5192
5192
5192
5192
5192
5192
5192
5192
5192
5192
5197
5197
5197
5197
5197
5197
5197
5197
5197
5197
5197
5197
5197
5197
5197
5197
5197
5197
5197
5196
5196
5197
5197
5196
5196
5197
5197
5197
5198
5198
5197
5197
5197
5197
5197
5197
5197
5197
5197
5197
5197
5197
5197
5197
5197
5197
5197
5197
5197
5197
5197
5197
5197
5197
5197
5197
5197
5197
5197
5197
5197
5197
5197
5197
5197
5197
5197
5197
5197
5197
5197
5197
5197
5197
5197
5197
5197
5197
5197
5197
5197
5197
5197
5197
5198
5198
5198
5193
5193
5193
5193
5193
5193
5193
5193
5193
5193
5193
5193
5193
5192
5192
5192
5192
5192
5193
5193
5193
5193
5193
5193
5193
5192
5192
5192
5192
5192
5191
5191
5191
5192
5192
5192
5192
5192
5192
5192
5192
5192
5192
5192
5192
5192
5192
5197
5197
5197
5197
5197
5197
5198
5198
5198
5198
5198
5198
5198
5198
5198
5198
5198
5198
5198
5198
5198
5198
5198
5198
5198
5198
5198
5198
5198
5198
5198
5198
5198
5198
5198
5198
5198
5198
5198
5198
5198
5198
5197
5197
5197
5197
5197
5197
5197
5197
5197
5197
5149
5149
5148
5148
5148
5148
5196
5196
5196
5196
5196
5196
5196
5196
5196
5196
5196
5196
5196
5196
5191
5191
5191
5191
5191
5191
5191
5191
5191
5191
5191
5196
5191
5191
5192
5192
5193
5192
5192
5192
5193
5193
5193
5193
5193
5193
5192
5192
5192
5192
5192
5192
5192
5192
5197
5198
5198
5198
5198
5198
5198
5198
5198
5193
5193
5193
5193
5193
5193
5193
5193
5193
5193
5193
5193
5193
5193
5192
5192
5192
5192
5192
5192
5192
5192
5192
5192
5192
5192
5193
5193
5193
5193
5193
5193
5193
5193
5192
5192
5192
5192
5192
5192
5197
5197
5197
5197
5197
5197
5197
5198
5198
5198
5198
5198
5198
5198
5198
5198
5198
5198
5198
5198
5198
5198
5198
5198
5198
5197
5198
5198
5198
5198
5198
5198
5198
5193
5193
5193
5193
5193
5193
5193
5193
5193
5193
5193
5193
5193
5193
5193
5192
5192
5193
5193
5193
5193
5193
5193
5192
5197
5197
5197
5197
5197
5197
5197
5197
5197
5197
5197
5198
5197
5197
5198
5171
5171
5171
5170
5197
5197
5197
5197
5197
5197
5197
5197
5197
5197
5197
5197
5197
5197
5197
5197
5197
5198
5198
5198
5198
5193
5193
5193
5193
5193
5193
5193
5193
5193
5193
5193
5193
5193
5198
5193
5192
5192
5192
5197
5197
5197
5197
5197
5197
5197
5197
5197
5196
5196
5196
5196
5196
5196
5196
5196
5196
5196
5196
5196
5196
5196
5196
5196
5196
5196
5196
5196
5196
5196
5196
5197
5196
5196
5196
5196
5196
5196
5196
5191
5191
5191
5191
5191
5191
5192
5192
5192
5192
5192
5192
5192
5192
5192
5192
5192
5192
5193
5193
5192
5192
5192
5197
5197
5197
5197
5197
5197
5197
5197
5197
5197
5197
5197
5197
5197
5197
5197
5197
5197
5197
5197
5197
5197
5192
5192
5192
5192
5192
5192
5193
5193
5193
5193
5192
5192
5192
5192
5192
5192
5192
5192
5192
5192
5192
5192
5192
5197
5197
5197
5197
5196
5196
5196
5196
5196
5196
5196
5196
5196
5196
5196
5196
5196
5196
5196
5196
5197
5197
5197
5197
5197
5197
5197
5197
5197
5197
5197
5197
5197
5197
5197
5197
5197
5197
5197
5197
5197
5197
5197
5197
5198
5197
5198
5193
5193
5193
5193
5193
5193
5193
5193
5193
5192
5192
5192
5192
5192
5191
5191
5191
5191
5191
5191
5191
5191
5191
5191
5191
5191
5192
5192
5192
5192
5192
5192
5192
5193
5193
5198
5197
5197
5197
5197
5197
5197
5197
5197
5197
5198
5198
5198
5198
5198
5198
5198
5198
5198
5198
5198
5198
5198
5198
5198
5198
5198
5198
5198
5198
5198
5198
5197
5198
5198
5198
5198
5198
5198
5198
5198
5193
5193
5193
5193
5192
5197
5197
5197
5197
5197
5197
5197
5197
5197
5197
5197
5198
5193
5193
5193
5193
5193
5193
5193
5193
5193
5193
5193
5193
5198
5198
5198
5198
5198
5198
5198
5198
5198
5198
5198
5198
5197
5197
5197
5197
5197
5197
5197
5197
5197
5197
5197
5197
5197
5197
5197
5197
5197
5197
5197
5196
5196
5196
5196
5196
5196
5196
5196
5196
5196
5191
5191
5191
5192
5192
5192
5192
5193
5193
5193
5193
5193
5193
5193
5192
5192
5192
5192
5192
5191
5191
5192
5192
5192
5192
5192
5192
5192
5192
5192
5192
5192
5191
5191
5191
5191
5191
5191
5196
5196
5196
5196
5196
5196
5196
5197
5197
5197
5197
5197
5192
5192
5192
5192
5192
5192
5192
5192
5192
5192
5192
5192
5192
5192
5192
5191
5191
5191
5191
5192
5192
5192
5192
5192
5192
5192
5192
5192
5192
5192
5192
5191
5191
5191
5191
5191
5191
5192
5192
5192
5193
5193
5193
5193
5193
5193
5193
5193
5193
5193
5192
5192
5197
5197
5197
5197
5196
5196
5196
5196
5196
5196
5196
5196
5197
5197
5197
5197
5197
5197
5196
5196
5196
5196
5196
5196
5196
5196
5196
5196
5196
5196
5196
5196
5196
5196
5196
5196
5197
5197
5197
5197
5197
5197
5192
5192
5192
5192
5192
5192
5192
5192
5192
5192
5192
5191
5196
5196
5196
5197
5197
5197
5197
5197
5197
5197
5192
5192
5191
5191
5191
5191
5191
5191
5191
5191
5191
5192
5192
5192
5192
5192
5192
5192
5192
5197
5197
5197
5197
5197
5197
5197
5197
5197
5197
5197
5197
5197
5197
5197
5198
5197
5197
5196
5196
5196
5196
5196
5196
5196
5196
5196
5196
5196
5196
5196
5196
5196
5196
5196
5196
5197
5196
5196
5196
5196
5196
5196
5196
5196
5196
5196
5197
5197
5197
5197
5197
5196
5196
5196
5197
5197
5197
5198
5198
5198
5198
5198
5198
5198
5198
5198
5198
5198
5198
5198
5198
5198
5198
5198
5198
5198
5198
5198
5198
5198
5198
5198
5198
5198
5198
5198
5198
5198
5198
5198
5193
5193
5193
5193
5193
5192
5192
5192
5192
5192
5192
5192
5192
5192
5192
5192
5192
5192
5191
5191
5191
5191
5191
5192
5192
5192
5192
5192
5197
5197
5197
5197
5197
5197
5198
5197
5197
5197
5197
5197
5197
5197
5197
5197
5198
5198
5198
5198
5198
5198
5198
5198
5198
5198
5198
5198
5198
5198
5198
5198
5198
5198
5198
5197
5197
5197
5197
5197
5197
5197
5197
5192
5193
5192
5192
5191
5191
5191
5191
5191
5191
5191
5191
5192
5192
5192
5192
5192
5192
5192
5192
5192
5192
5192
5192
5197
5197
5197
5197
5197
5197
5197
5197
5197
5196
5196
5196
5191
5191
5192
5192
5192
5192
5192
5192
5192
5192
5192
5192
5192
5192
5192
5192
5192
5192
5192
5193
5193
5193
5193
5193
5193
5193
5193
5193
5192
5192
5192
5192
5192
5192
5192
5192
5192
5192
5192
5192
5192
5192
5197
5197
5198
5198
5197
5197
5197
5197
5197
5197
5197
5197
5197
5197
5197
5197
5197
5197
5197
5197
5197
5197
5197
5197
5197
5197
5197
5198
5198
5198
5198
5198
5198
5198
5198
5198
5198
5198
5198
5198
5198
5198
5198
5198
5198
5198
5198
5198
5198
5198
5198
5198
5198
5198
5198
5198
5198
5198
5198
5198
5198
5198
5198
5198
5198
5198
5198
5198
5198
5198
5198
5198
5198
5198
5198
5198
5198
5198
5198
5198
5198
5198
5198
5198
5198
5197
5197
5197
5197
5197
5197
5197
5197
5197
5197
5197
5197
5197
5197
5197
5197
5197
5192
5192
5192
5192
5192
5192
5192
5192
5192
5192
5192
5192
5192
5192
5192
5192
5192
5192
5192
5192
5192
5192
5192
5192
5192
5192
5192
5192
5197
5198
5198
5198
5198
5198
5198
5198
5198
5198
5198
5198
5198
5198
5198
5197
5197
5197
5197
5197
5197
5197
5197
5197
5197
5198
5198
5198
5198
5198
5197
5197
5197
5197
5197
5197
5197
5197
5197
5197
5196
5196
5196
5196
5196
5196
5196
5196
5196
5196
5196
5196
5196
5196
5197
5197
5197
5197
5197
5197
5197
5197
5197
5197
5197
5196
5196
5196
5197
5197
5197
5197
5197
5197
5197
5197
5197
5197
5197
5197
5197
5197
5197
5197
5197
5197
5197
5197
5197
5197
5197
5197
5197
5197
5197
5197
5198
5198
5198
5197
5197
5197
5197
5197
5197
5197
5197
5197
5197
5198
5198
5198
5198
5198
5198
5198
5198
5198
5198
5198
5198
5198
5198
5198
5198
5198
5197
5197
5196
5196
5196
5196
5196
5196
5197
5197
5197
5197
5197
5197
5197
5197
5197
5197
5197
5197
5197
5197
5197
5197
5197
5197
5197
5197
5198
5198
5198
5198
5198
5198
5198
5198
5198
5197
5197
5197
5197
5198
5198
5198
5198
5198
5198
5198
5198
5198
5198
5198
5198
5198
5198
5198
5198
5198
5197
5197
5197
5197
5197
5197
5197
5197
5197
5198
5198
5198
5198
5198
5198
5198
5198
5198
5198
5198
5198
5198
5198
5198
5198
5198
5198
5198
5198
5197
5197
5197
5197
5197
5197
5197
5197
5197
5197
5197
5198
5198
5198
5198
5198
5198
5198
5198
5198
5198
5198
5197
5197
5197
5197
5197
5197
5197
5198
5198
5197
5197
5197
5197
5197
5197
5197
5197
5197
5197
5197
5197
5197
5197
5197
5197
5197
5197
5197
5197
5197
5197
5197
5197
5196
5196
5196
5196
5197
5197
5197
5198
5198
5198
5198
5198
5198
5198
5193
5193
5192
5192
5192
5192
5192
5192
5193
5193
5193
5193
5193
5193
5193
5193
5193
5193
5193
5193
5193
5193
5193
5192
5192
5191
5192
5192
5192
5192
5192
5192
5197
5197
5197
5197
5197
5197
5197
5197
5197
5197
5197
5197
5196
5196
5196
5196
5197
5197
5197
5197
5197
5196
5196
5196
5196
5196
5196
5196
5196
5196
5196
5196
5196
5196
5196
5197
5197
5197
5197
5197
5198
5198
5198
5198
5198
5198
5198
5198
5198
5198
5198
5198
5193
5193
5193
5192
5192
5192
5192
5192
5192
5192
5192
5192
5192
5192
5192
5192
5192
5193
5193
5193
5193
5193
5193
5192
5192
5191
5191
5196
5196
5196
5196
5191
5191
5191
5191
5191
5191
5191
5191
5191
5191
5191
5192
5192
5192
5192
5192
5192
5192
5192
5192
5192
5192
5192
5192
5192
5192
5192
5192
5192
5192
5192
5192
5192
5192
5191
5191
5191
5191
5191
5191
5191
5192
5192
5192
5192
5192
5192
5192
5191
5191
5191
5191
5191
5191
5191
5191
5191
5191
5191
5191
5191
5191
5191
5191
5191
5191
5191
5191
5191
5191
5191
5191
5191
5191
5191
5191
5191
5191
5191
5191
5191
5191
5191
5191
5191
5191
5191
5191
5191
5191
5191
5191
5191
5191
5191
5192
5192
5192
5192
5197
5197
5196
5196
5196
5197
5197
5197
5197
5197
5197
5197
5197
5197
5197
5196
5196
5196
5196
5196
5196
5196
5197
5197
5197
5197
5197
5197
5197
5197
5197
5197
5197
5197
5197
5198
5198
5197
5198
5198
5198
5198
5198
5198
5198
5198
5198
5198
5198
5198
5198
5198
5198
5193
5192
5197
5197
5197
5197
5197
5197
5197
5197
5197
5197
5197
5197
5197
5197
5197
5197
5197
5197
5197
5197
5196
5196
5197
5197
5197
5197
5197
5197
5197
5197
5197
5197
5197
5197
5197
5197
5197
5197
5198
5198
5198
5197
5197
5197
5197
5197
5197
5197
5197
5197
5197
5197
5197
5198
5198
5198
5198
5198
5198
5198
5198
5198
5197
5196
5196
5196
5196
5196
5196
5196
5197
5197
5197
5197
5197
5197
5196
5196
5196
5196
5197
5197
5197
5197
5197
5197
5197
5197
5197
5197
5197
5197
5197
5197
5196
5197
5197
5197
5197
5197
5197
5197
5197
5197
5197
5198
5198
5198
5198
5198
5198
5198
5198
5198
5198
5198
5198
5198
5198
5198
5198
5198
5198
5198
5198
5197
5197
5197
5197
5197
5197
5197
5197
5197
5197
5197
5197
5197
5197
5197
5197
5197
5197
5197
5197
5198
5198
5198
5198
5198
5198
5198
5198
5197
5197
5197
5197
5197
5197
5197
5197
5197
5197
5197
5198
5198
5198
5198
5198
5198
5198
5198
5198
5198
5198
5197
5197
5197
5197
5197
5198
5198
5197
5197
5197
5197
5197
5197
5197
5197
5197
5197
5197
5197
5197
5197
5197
5197
5197
5197
5197
5197
5197
5197
5197
5197
5197
5197
5197
5197
5197
5197
5197
5197
5197
5197
5197
5196
5196
5196
5196
5196
5196
5196
5191
5191
5192
5192
5192
5192
5193
5193
5198
5198
5198
5198
5198
5198
5198
5198
5198
5198
5198
5198
5198
5198
5198
5198
5198
5197
5197
5197
5197
5197
5197
5197
5197
5197
5197
5197
5197
5197
5197
5197
5197
5197
5197
5198
5198
5197
5197
5197
5198
5198
5198
5198
5198
5198
5198
5198
5198
5198
5198
5198
5198
5198
5198
5198
5198
5198
5198
5198
5198
5198
5197
5197
5198
5198
5198
5198
5198
5197
5198
5198
5198
5198
5197
5197
5198
5198
5198
5198
5197
5197
5197
5197
5197
5197
5197
5197
5197
5197
5197
5197
5197
5197
5197
5197
5197
5197
5197
5197
5197
5197
5197
5197
5197
5197
5197
5197
5197
5197
5197
5197
5197
5196
5196
5196
5196
5196
5196
5196
5196
5196
5196
5196
5196
5196
5196
5196
5196
5196
5196
5196
5196
5196
5196
5196
5196
5196
5196
5197
5197
5197
5197
5198
5198
5198
5198
5198
5198
5198
5198
5198
5198
5198
5198
5198
5198
5198
5198
5198
5198
5198
5198
5198
5198
5197
5197
5197
5197
5197
5197
5197
5197
5197
5197
5197
5197
5197
5197
5197
5197
5197
5197
5197
5197
5197
5197
5197
5197
5197
5197
5197
5197
5197
5197
5197
5197
5197
5197
5196
5196
5196
5196
5196
5197
5197
5197
5197
5197
5197
5197
5198
5198
5198
5198
5198
5198
5198
5198
5198
5198
5198
5198
5198
5198
5198
5198
5198
5198
5198
5198
5198
5198
5198
5198
5198
5198
5198
5198
5198
5198
5198
5198
5198
5198
5198
5198
5198
5198
5198
5197
5197
5197
5197
5197
5197
5197
5197
5197
5197
5197
5197
5197
5196
5196
5197
5197
5197
5198
5198
5198
5198
5198
5198
5198
5198
5198
5198
5198
5198
5198
5198
5198
5198
5198
5198
5198
5198
5198
5198
5198
5198
5198
5198
5198
5198
5198
5198
5198
5198
5198
5197
5197
5197
5197
5197
5197
5197
5198
5198
5198
5198
5198
5198
5198
5198
5198
5198
5197
5197
5197
5197
5197
5197
5197
5197
5197
5196
5196
5197
5197
5197
5196
5196
5196
5196
5196
5196
5196
5197
5196
5196
5196
5196
5196
5196
5196
5197
5197
5197
5197
5197
5197
5197
5197
5197
5197
5197
5197
5197
5197
5197
5197
5197
5197
5197
5197
5197
5197
5197
5197
5197
5197
5197
5197
5197
5197
5197
5197
5197
5197
5197
5197
5197
5197
5197
5197
5197
5198
5198
5198
5198
5198
5198
5197
5197
5197
5197
5197
5197
5197
5197
5197
5197
5197
5197
5197
5197
5197
5197
5196
5197
5197
5198
5198
5198
5198
5198
5198
5198
5198
5198
5198
5198
5198
5198
5198
5198
5198
5198
5198
5198
5198
5198
5198
5198
5198
5198
5198
5193
5193
5193
5193
5193
5193
5193
5193
5193
5193
5193
5193
5193
5193
5193
5193
5193
5193
5193
5193
5193
5193
5193
5193
5193
5193
5198
5198
5198
5198
5198
5198
5198
5198
5198
5198
5198
5198
5198
5198
5198
5198
5198
5198
5198
5198
5198
5198
5198
5198
5198
5198
5198
5198
5198
5198
5198
5198
5198
5198
5198
5198
5198
5198
5198
5198
5198
5198
5198
5198
5198
5198
5198
5198
5198
5198
5198
5198
5198
5198
5198
5198
5198
5198
5198
5198
5198
5198
5198
5198
5198
5198
5198
5198
5198
5198
5198
5198
5198
5198
5198
5198
5198
5198
5198
5198
5198
5198
5198
5198
5198
5198
5198
5198
5198
5198
5198
5198
5198
5197
5197
5197
5197
5197
5197
5198
5198
5198
5198
5198
5198
5198
5198
5198
5197
5197
5197
5197
5197
5197
5197
5197
5197
5197
5197
5197
5197
5197
5197
5197
5197
5197
5197
5197
5197
5198
5198
5198
5198
5198
5197
5197
5198
5198
5198
5198
5198
5198
5198
5198
5198
5198
5198
5198
5198
5198
5198
5198
5198
5198
5198
5198
5198
5198
5198
5198
5198
5198
5198
5198
5198
5198
5198
5198
5198
5198
5198
5198
5198
5198
5198
5197
5197
5197
5197
5197
5197
5197
5197
5197
5197
5197
5197
5197
5198
5198
5198
5198
5197
5197
5197
5197
5197
5197
5197
5197
5197
5197
5197
5198
5198
5198
5197
5197
5197
5197
5197
5197
5197
5197
5196
5196
5196
5196
5196
5196
5197
5197
5197
5197
5197
5197
5197
5197
5197
5197
5197
5197
5197
5197
5197
5197
5197
5197
5197
5197
5197
5198
5198
5197
5197
5197
5197
5197
5197
5197
5197
5197
5197
5197
5197
5197
5197
5197
5197
5197
5197
5197
5197
5197
5197
5197
5197
5197
5197
5198
5198
5198
5198
5198
5198
5198
5198
5198
5198
5198
5198
5198
5198
5198
5197
5197
5197
5197
5197
5197
5197
5197
5197
5197
5197
5197
5197
5197
5197
5197
5198
5198
5198
5198
5198
5198
5198
5198
5197
5197
5197
5197
5197
5197
5197
5197
5197
5197
5197
5197
5197
5197
5197
5197
5197
5197
5197
5197
5197
5197
5197
5196
5196
5196
5196
5196
5196
5196
5196
5196
5196
5196
5196
5196
5196
5196
5196
5196
5196
5197
5198
5198
5198
5198
5197
5197
5197
5197
5197
5197
5197
5197
5197
5198
5198
5198
5198
5197
5197
5197
5197
5197
5197
5197
5197
5197
5197
5197
5197
5197
5197
5197
5197
5197
5197
5197
5197
5197
5197
5197
5197
5197
5197
5197
5197
5197
5197
5197
5197
5197
5198
5198
5198
5198
5198
5198
5198
5198
5198
5198
5198
5198
5198
5198
5198
5198
5198
5198
5198
5198
5198
5198
5198
5198
5198
5198
5198
5198
5198
5198
5198
5198
5198
5198
5198
5198
5198
5198
5198
5198
5198
5198
5198
5198
5198
5198
5198
5198
5198
5198
5198
5198
5198
5198
5198
5197
5197
5197
5197
5197
5197
5197
5197
5197
5197
5197
5197
5197
5197
5197
5197
5197
5197
5197
5196
5197
5197
5197
5197
5197
5197
5197
5197
5197
5197
5197
5197
5197
5196
5196
5196
5196
5196
5196
5196
5196
5196
5196
5196
5196
5196
5196
5196
5196
5196
5196
5196
5196
5196
5196
5196
5196
5196
5196
5196
5196
5196
5196
5196
5196
5196
5196
5196
5196
5196
5196
5197
5197
5197
5197
5197
5197
5197
5197
5197
5197
5197
5197
5197
5197
5197
5197
5197
5197
5197
5197
5197
5197
5197
5197
5197
5197
5197
5197
5197
5197
5197
5197
5197
5197
5197
5197
5197
5197
5197
5197
5197
5197
5197
5197
5197
5197
5197
5197
5197
5197
5197
5197
5197
5197
5197
5197
5197
5197
5197
5197
5197
5197
5197
5197
5197
5197
5197
5197
5197
5197
5197
5197
5197
5197
5197
5197
5197
5197
5197
5197
5197
5197
5198
5198
5198
5198
5198
5198
5198
5198
5198
5198
5198
5198
5198
5198
5198
5198
5198
5198
5198
5198
5198
5198
5198
5198
5198
5198
5198
5198
5198
5198
5198
5198
5198
5198
5198
5198
5198
5198
5198
5198
5198
5198
5198
5198
5198
5198
5198
5198
5198
5198
5198
5198
5198
5198
5198
5197
5197
5197
5197
5197
5197
5198
5198
5198
5198
5198
5198
5198
5198
5198
5198
5198
5198
5198
5198
5198
5198
5198
5198
5198
5198
5198
5198
5198
5198
5198
5198
5198
5198
5198
5198
5198
5198
5198
5198
5198
5198
5198
5198
5198
5198
5198
5198
5197
5197
5197
5197
5197
5197
5197
5197
5197
5197
5198
5198
5198
5198
5198
5198
5198
5198
5198
5198
5198
5198
5198
5198
5198
5198
5198
5198
5198
5198
5198
5198
5198
5198
5198
5198
5198
5198
5198
5198
5198
5198
5198
5198
5198
5198
5198
5198
5197
5197
5197
5197
5197
5197
5197
5197
5197
5197
5197
5197
5197
5197
5197
5197
5197
5197
5197
5197
5197
5197
5197
5197
5197
5197
5198
5198
5198
5198
5198
5198
5198
5198
5198
5198
5198
5198
5197
5197
5197
5197
5197
5197
5197
5197
5197
5197
5197
5197
5197
5197
5198
5198
5198
5198
5198
5198
5198
5198
5198
5198
5198
5198
5198
5198
5198
5198
5198
5198
5198
5198
5198
5198
5198
5198
5198
5198
5198
5198
5198
5198
5198
5198
5198
5198
5198
5198
5198
5198
5198
5198
5198
5198
5198
5198
5198
5198
5198
5198
5198
5198
5198
5198
5198
5198
5198
5198
5198
5198
5198
5198
5198
5198
5198
5198
5198
5198
5198
5198
5198
5198
5198
5197
5197
5197
5197
5197
5197
5197
5197
5197
5197
5197
5197
5197
5197
5197
5197
5197
5197
5198
5198
5198
5198
5198
5198
5198
5197
5197
5197
5197
5197
5197
5197
5197
5197
5197
5197
5197
5197
5197
5198
5198
5198
5198
5198
5198
5198
5198
5197
5197
5197
5197
5197
5198
5198
5198
5198
5198
5198
5198
5198
5198
5198
5198
5198
5198
5198
5198
5198
5198
5198
5198
5198
5198
5197
5197
5197
5197
5197
5197
5197
5197
5197
5197
5197
5197
5197
5197
5197
5197
5197
5197
5197
5197
5197
5197
5197
5197
5197
5197
5197
5197
5197
5198
5198
5198
5198
5198
5198
5198
5198
5198
5198
5198
5197
5197
5197
5197
5197
5197
5197
5197
5197
5197
5197
5197
5197
5197
5197
5197
5197
5197
5197
5197
5197
5197
5197
5197
5197
5197
5197
5197
5197
5197
5197
5197
5197
5197
5197
5197
5197
5197
5197
5197
5197
5197
5197
5197
5197
5197
5197
5197
5197
5197
5197
5197
5197
5197
5197
5197
5197
5197
5197
5197
5197
5197
5197
5197
5197
5197
5197
5197
5197
5197
5197
5197
5197
5197
5197
5197
5197
5197
5197
5197
5197
5197
5197
5197
5197
5197
5197
5197
5196
5196
5196
5196
5196
5197
5197
5197
5197
5197
5197
5197
5198
5198
5198
5198
5198
5198
5198
5198
5198
5198
5198
5198
5198
5198
5198
5198
5198
5198
5198
5198
5198
5198
5198
5198
5198
5198
5198
5198
5198
5198
5198
5198
5198
5198
5198
5197
5197
5197
5197
5197
5197
5197
5197
5197
5197
5197
5197
5197
5197
5197
5197
5197
5197
5197
5197
5197
5197
5197
5197
5197
5197
5197
5197
5197
5197
5197
5197
5197
5197
5197
5197
5197
5197
5197
5198
5198
5198
5198
5198
5198
5198
5197
5197
5197
5197
5197
5197
5197
5197
5197
5197
5197
5197
5197
5197
5196
5196
5196
5196
5196
5196
5196
5196
5196
5196
5196
5196
5196
5196
5196
5196
5196
5196
5196
5196
5196
5196
5196
5196
5196
5196
5196
5196
5196
5196
5196
5197
5197
5197
5197
5197
5197
5197
5197
5197
5197
5197
5197
5198
5198
5198
5198
5198
5198
5198
5198
5198
5198
5198
5198
5198
5198
5198
5198
5198
5198
5198
5198
5198
5198
5198
5198
5197
5197
5197
5197
5197
5197
5197
5197
5197
5197
5197
5197
5197
5197
5197
5197
5197
5198
5198
5198
5198
5198
5198
5198
5198
5198
5198
5198
5198
5198
5198
5197
5197
5197
5197
5197
5197
5197
5197
5197
5197
5197
5197
5197
5197
5197
5197
5197
5197
5197
5197
5197
5197
5197
5197
5197
5198
5198
5198
5198
5198
5198
5198
5198
5198
5198
5198
5198
5198
5198
5198
5198
5198
5198
5198
5198
5198
5198
5198
5198
5198
5198
5198
5198
5198
5198
5198
5198
5198
5198
5198
5198
5198
5198
5198
5198
5198
5198
5198
5198
5198
5198
5198
5198
5198
5198
5198
5198
5198
5198
5198
5198
5198
5198
5198
5198
5198
5198
5198
5198
5198
5198
5198
5198
5198
5198
5197
5197
5197
5197
5197
5197
5197
5197
5197
5197
5197
5197
5197
5197
5197
5197
5197
5197
5197
5197
5197
5197
5197
5197
5197
5197
5197
5197
5197
5197
5197
5197
5197
5197
5197
5197
5197
5197
5197
5197
5197
5197
5197
5197
5197
5197
5197
5197
5197
5197
5197
5197
5197
5197
5197
5197
5198
5198
5198
5198
5198
5198
5198
5198
5198
5198
5198
5198
5198
5198
5198
5198
5198
5198
5198
5198
5198
5198
5198
5198
5198
5198
5198
5198
5198
5198
5198
5198
5198
5198
5198
5198
5198
5198
5198
5198
5198
5198
5198
5198
5198
5198
5198
5198
5198
5198
5198
5198
5198
5198
5198
5198
5198
5198
5198
5198
5198
5198
5198
5198
5198
5198
5198
5198
5198
5198
5198
5198
5198
5198
5198
5198
5198
5198
5198
5198
5198
5198
5198
5198
5198
5198
5198
5198
5198
5198
5198
5198
5198
5198
5198
5198
5198
5198
5198
5198
5198
5198
5198
5198
5198
5198
5198
5198
5198
5198
5198
5198
5198
5198
5198
5198
5198
5198
5198
5198
5198
5198
5198
5198
5198
5198
5198
5198
5198
5198
5198
5198
5198
5198
5198
5198
5198
5198
5198
5198
5198
5198
5198
5198
5198
5198
5198
5198
5198
5198
5198
5198
5198
5198
5198
5198
5198
5197
5198
5198
5198
5198
5198
5198
5198
5198
5198
5198
5198
5198
5198
5198
5198
5198
5198
5198
5198
5198
5198
5198
5198
5198
5198
5198
5198
5198
5198
5198
5198
5198
5198
5198
5198
5198
5198
5198
5198
5198
5198
5198
5198
5198
5198
5198
5198
5198
5198
5198
5198
5198
5198
5198
5198
5198
5198
5198
5198
5198
5198
5198
5198
5198
5198
5198
5198
5198
5198
5197
5197
5197
5197
5197
5197
5197
5197
5197
5197
5197
5197
5197
5197
5197
5197
5197
5197
5197
5197
5197
5197
5197
5197
5197
5197
5197
5197
5197
5197
5197
5197
5197
5197
5197
5197
5197
5197
5197
5197
5198
5198
5198
5198
5198
5198
5198
5198
5198
5198
5198
5198
5198
5198
5198
5198
5198
5198
5198
5198
5198
5198
5198
5198
5198
5198
5198
5198
5198
5198
5198
5198
5198
5198
5198
5198
5198
5198
5198
5198
5198
5198
5198
5198
5198
5198
5198
5198
5198
5198
5198
5198
5198
5197
5198
5198
5198
5198
5198
5198
5198
5198
5198
5198
5198
5198
5198
5198
5198
5198
5198
5198
5198
5198
5198
5198
5198
5198
5198
5198
5198
5198
5198
5198
5198
5198
5198
5198
5198
5198
5198
5198
5198
5198
5198
5198
5198
5198
5198
5198
5198
5198
5198
5198
5198
5198
5198
5198
5198
5198
5198
5198
5198
5198
5198
5198
5198
5198
5198
5198
5198
5198
5198
5198
5198
5198
5198
5198
5198
5198
5198
5198
5198
5198
5198
5198
5198
5198
5198
5198
5198
5198
5198
5198
5198
5198
5198
5198
5198
5198
5198
5198
5198
5198
5198
5198
5198
5198
5198
5198
5198
5198
5198
5198
5198
5198
5198
5198
5198
5198
5198
5198
5198
5198
5198
5198
5198
5198
5198
5198
5198
5198
5198
5198
5198
5198
5198
5198
5198
5198
5198
5198
5198
5198
5198
5198
5198
5198
5198
5198
5198
5198
5198
5198
5198
5198
5198
5198
5198
5198
5198
5198
5198
5198
5198
5198
5198
5198
5198
5198
5198
5198
5198
5198
5198
5198
5198
5198
5198
5198
5198
5198
5198
5198
5198
5198
5198
5198
5198
5198
5198
5198
5198
5198
5198
5198
5198
5198
5198
5198
5198
5198
5198
5198
5198
5198
5198
5198
5198
5198
5198
5198
5198
5198
5198
5198
5198
5198
5198
5198
5198
5198
5198
5198
5198
5198
5198
5198
5198
5198
5198
5198
5198
5198
5198
5198
5198
5198
5198
5198
5198
5198
5198
5198
5198
5198
5198
5198
5198
5198
5198
5198
5198
5198
5198
5198
5198
5198
5198
5198
5198
5198
5198
5198
5198
5198
5198
5198
5198
5198
5198
5198
5198
5198
5198
5198
5198
5198
5198
5198
5198
5198
5198
5198
5198
5198
5198
5198
5198
5198
5198
5198
5198
5198
5198
5198
5198
5198
5198
5198
5198
5198
5198
5198
5198
5198
5198
5198
5198
5198
5198
5198
5198
5198
5198
5198
5198
5198
5198
5198
5198
5198
5198
5198
5198
5198
5198
5198
5198
5198
5198
5198
5198
5198
5198
5198
5198
5198
5198
5198
5198
5198
5198
5198
5198
5198
5198
5198
5198
5198
5198
5198
5198
5198
5198
5198
5198
5198
5198
5198
5198
5198
5198
5198
5198
5198
5198
5198
5198
5198
5198
5198
5198
5198
5198
5198
5198
5198
5198
5198
5198
5198
5198
5198
5198
5198
5198
5198
5198
5198
5198
5198
5198
5198
5198
5198
5198
5198
5198
5198
5198
5198
5198
5198
5198
5198
5198
5198
5198
5198
5198
5198
5198
5198
5198
5198
5198
5198
5198
5198
5198
5198
5198
5198
5198
5198
5198
5198
5198
5198
5198
5198
5198
5198
5198
5198
5198
5198
5198
5198
5198
5198
5198
5198
5198
5198
5198
5198
5198
5198
5198
5198
5198
5198
5198
5198
5198
5198
5198
5197
5198
5198
5198
5198
5198
5198
5198
5198
5198
5198
5198
5198
5198
5198
5198
5198
5198
5198
5198
5198
5198
5198
5198
5198
5198
5198
5198
5198
5198
5198
5198
5198
5198
5198
5198
5198
5198
5198
5198
5198
5198
5198
5198
5198
5198
5198
5198
5198
5198
5198
5198
5198
5198
5198
5198
5198
5198
5198
5198
5198
5198
5198
5198
5198
5198
5198
5198
5198
5198
5198
5198
5198
5198
5198
5198
5198
5198
5198
5198
5198
5198
5198
5198
5198
5198
5198
5198
5198
5198
5198
5198
5198
5198
5198
5198
5198
5198
5198
5198
5198
5198
5198
5198
5198
5198
5198
5198
5198
5198
5198
5198
5198
5198
5198
5198
5198
5198
5198
5198
5198
5198
5198
5198
5198
5198
5198
5198
5198
5198
5198
5198
5198
5198
5198
5198
5198
5198
5198
5198
5198
5197
5197
5197
5197
5197
5197
5197
5198
5198
5198
5198
5198
5198
5198
5198
5198
5198
5198
5198
5198
5198
5198
5198
5198
5198
5198
5198
5198
5198
5198
5198
5198
5198
5198
5198
5198
5198
5198
5198
5198
5198
5198
5198
5198
5198
5198
5198
5198
5198
5198
5198
5198
5198
5198
5198
5198
5198
5198
5198
5198
5198
5198
5198
5198
5198
5198
5198
5198
5198
5198
5198
5198
5198
5198
5198
5198
5198
5198
5198
5198
5198
5198
5198
5198
5198
5198
5198
5198
5198
5198
5198
5198
5198
5198
5198
5198
5198
5198
5198
5198
5198
5198
5198
5198
5198
5198
5198
5198
5198
5198
5198
5198
5198
5198
5198
5198
5198
5198
5198
5198
5198
5198
5198
5198
5198
5198
5198
5198
5198
5198
5198
5198
5198
5198
5198
5198
5198
5198
5198
5198
5198
5198
5198
5198
5198
5198
5198
5198
5198
5198
5198
5198
5198
5198
5198
5198
5198
5198
5198
5198
5198
5198
5198
5198
5198
5198
5198
5198
5198
5198
5198
5198
5198
5198
5198
5198
5198
5198
5198
5198
5198
5198
5198
5198
5198
5198
5198
5198
5198
5198
5198
5198
5198
5198
5198
5198
5198
5198
5198
5198
5198
5198
5198
5198
5198
5198
5198
5198
5198
5198
5198
5198
5198
5198
5198
5198
5198
5198
5198
5198
5198
5198
5198
5198
5198
5198
5198
5198
5198
5198
5198
5198
5198
5198
5198
5198
5198
5198
5198
5198
5198
5198
5198
5198
5198
5198
5198
5198
5198
5198
5198
5198
5198
5198
5198
5198
5198
5198
5198
5198
5198
5198
5198
5198
5198
5198
5198
5198
5198
5198
5198
5198
5198
5198
5198
5198
5198
5198
5198
5198
5198
5198
5198
5198
5198
5198
5198
5198
5198
5198
5198
5198
5198
5198
5198
5198
5198
5198
5198
5198
5198
5198
5198
5198
5198
5198
5198
5198
5198
5198
5198
5198
5198
5198
5198
5198
5198
5198
5198
5198
5198
5198
5198
5198
5198
5198
5198
5198
5198
5198
5198
5198
5198
5198
5198
5198
5198
5198
5198
5198
5198
5198
5198
5198
5198
5198
5198
5198
5198
5198
5198
5198
5198
5198
5198
5198
5198
5198
5198
5198
5198
5198
5198
5198
5198
5198
5198
5198
5198
5198
5198
5198
5198
5198
5198
5198
5198
5198
5198
5198
5198
5198
5198
5198
5198
5198
5198
5198
5198
5198
5198
5198
5198
5198
5198
5198
5198
5198
5198
5198
5198
5198
5198
5198
5198
5198
5198
5198
5198
5198
5198
5198
5198
5198
5198
5198
5198
5198
5198
5198
5198
5198
5198
5198
5198
5198
5198
5198
5198
5198
5198
5198
5198
5198
5198
5198
5198
5198
5198
5198
5198
5198
5198
5198
5198
5198
5198
5198
5198
5198
5198
5198
5198
5198
5198
5198
5198
5198
5198
5198
5198
5198
5198
5198
5198
5198
5198
5198
5198
5198
5198
5198
5198
5198
5198
5198
5198
5198
5198
5198
5198
5198
5198
5198
5198
5198
5198
5198
5198
5198
5198
5198
5198
5198
5198
5198
5198
5198
5198
5198
5198
5198
5198
5198
5198
5198
5198
5198
5198
5198
5198
5198
5198
5198
5198
5198
5198
5198
5198
5198
5198
5198
5198
5198
5198
5198
5198
5198
5198
5198
5198
5198
5198
5198
5198
5198
5198
5198
5198
5198
5198
5198
5198
5198
5198
5198
5198
5198
5198
5198
5198
5198
5198
5198
5198
5198
5198
5198
5198
5198
5198
5198
5198
5198
5198
5198
5198
5198
5198
5198
5198
5198
5198
5198
5198
5198
5198
5198
5198
5198
5198
5198
5198
5198
5198
5198
5198
5198
5198
5198
5198
5198
5198
5198
5198
5198
5198
5198
5198
5198
5198
5198
5198
5198
5198
5198
5198
5198
5198
5198
5198
5198
5198
5198
5198
5198
5198
5198
5198
5198
5198
5198
5198
5198
5198
5198
5198
5198
5198
5198
5198
5198
5198
5198
5198
5198
5198
5198
5198
5198
5198
5198
5198
5198
5198
5198
5198
5198
5198
5198
5198
5198
5198
5198
5198
5198
5198
5198
5198
5198
5198
5198
5198
5198
5198
5198
5198
5198
5198
5198
5198
5198
5198
5198
5198
5198
5198
5198
5198
5198
5198
5198
5198
5198
5198
5198
5198
5198
5198
5198
5198
5198
5198
5198
5198
5198
5198
5198
5198
5198
5198
5198
5198
5198
5198
5198
5198
5198
5198
5198
5198
5198
5198
5198
5198
5198
5198
5198
5198
5198
5198
5198
5198
5198
5198
5198
5198
5198
5198
5198
5198
5198
5198
5198
5198
5198
5198
5198
5198
5198
5198
5198
5198
5198
5198
5198
5198
5198
5198
5198
5198
5198
5198
5198
5198
5198
5198
5198
5198
5198
5198
5198
5198
5198
5198
5198
5198
5198
5198
5198
5198
5198
5198
5198
5198
5198
5198
5198
5198
5198
5198
5198
5198
5198
5198
5198
5198
5198
5198
5198
5198
5198
5198
5198
5198
5198
5198
5198
5198
5198
5198
5198
5198
5198
5198
5198
5198
5198
5198
5198
5198
5198
5198
5198
5198
5198
5198
5198
5198
5198
5198
5198
5198
5198
5198
5198
5198
5198
5198
5198
5198
5198
5198
5198
5198
5198
5198
5198
5198
5198
5198
5198
5198
5198
5198
5198
5198
5198
5198
5198
5198
5198
5198
5198
5198
5198
5198
5198
5198
5198
5198
5198
5198
5198
5198
5198
5198
5198
5198
5198
5198
5198
5198
5198
5198
5198
5198
5198
5198
5198
5198
5198
5198
5198
5198
5198
5198
5198
5198
5198
5198
5198
5198
5198
5198
5198
5198
5198
5198
5198
5198
5198
5198
5198
5198
5198
5198
5198
5198
5198
5198
5198
5198
5198
5198
5198
5198
5198
5198
5198
5198
5198
5198
5198
5198
5198
5198
5198
5198
5198
5198
5198
5198
5198
5198
5198
5198
5198
5198
5198
5198
5198
5198
5198
5198
5198
5198
5198
5198
5198
5198
5198
5198
5198
5198
5198
5198
5198
5198
5198
5198
5198
5198
5198
5198
5198
5198
5198
5198
5198
5198
5198
5198
5198
5198
5198
5198
5198
5198
5198
5198
5198
5198
5198
5198
5198
5198
5198
5198
5198
5198
5198
5198
5198
5198
5198
5198
5198
5198
5198
5198
5198
5198
5198
5198
5198
5198
5198
5198
5198
5198
5198
5198
5198
5198
5198
5198
5198
5198
5198
5198
5198
5198
5198
5198
5198
5198
5198
5198
5198
5198
5198
5198
5198
5198
5198
5198
5198
5198
5198
5198
5198
5198
5198
5198
5198
5198
5198
5198
5198
5198
5198
5198
5198
5198
5198
5198
5198
5198
5198
5198
5198
5198
5198
5198
5198
5198
5198
5198
5198
5198
5198
5198
5198
5198
5198
5198
5198
5198
5198
5198
5198
5198
5198
5198
5198
5198
5198
5198
5198
5198
5198
5198
5198
5198
5198
5198
5198
5198
5198
5198
5198
5198
5198
5198
5198
5198
5198
5198
5198
5198
5198
5198
5198
5198
5198
5198
5198
5198
5198
5198
5198
5198
5198
5198
5198
5198
5198
5198
5198
5198
5198
5198
5198
5198
5198
5198
5198
5198
5198
5198
5198
5198
5198
5198
5198
5198
5198
5198
5198
5198
5198
5198
5198
5198
5198
5198
5198
5198
5198
5198
5198
5198
5198
5198
5198
5198
5198
5198
5198
5198
5198
5198
5198
5198
5198
5198
5198
5198
5198
5198
5198
5198
5198
5198
5198
5198
5198
5198
5198
5198
5198
5198
5198
5198
5198
5198
5198
5198
5198
5198
5198
5198
5198
5198
5198
5198
5198
5198
5198
5198
5198
5198
5198
5198
5198
5198
5198
5198
5198
5198
5198
5198
5198
5198
5198
5198
5198
5198
5198
5198
5198
5198
5198
5198
5198
5198
5198
5198
5198
5198
5198
5198
5198
5198
5198
5198
5198
5198
5198
5198
5198
5198
5198
5198
5198
5198
5198
5198
5198
5198
5198
5198
5198
5198
5198
5198
5198
5198
5198
5198
5198
5198
5198
5198
5198
5198
5198
5198
5198
5198
5198
5198
5198
5198
5198
5198
5198
5198
5198
5198
5198
5198
5198
5198
5198
5198
5198
5198
5198
5198
5198
5198
5198
5198
5198
5198
5198
5198
5198
5198
5198
5198
5198
5198
5198
5198
5198
5198
5198
5198
5198
5198
5198
5198
5198
5198
5198
5198
5198
5198
5198
5198
5198
5198
5198
5198
5198
5198
5198
5198
5198
5198
5198
5198
5198
5198
5198
5198
5198
5198
5198
5198
5198
5198
5198
5198
5198
5198
5198
5198
5198
5198
5198
5198
5198
5198
5198
5198
5198
5198
5198
5198
5198
5198
5198
5198
5198
5198
5198
5198
5198
5198
5198
5198
5198
5198
5198
5198
5198
5198
5198
5198
5198
5198
5198
5198
5198
5198
5198
5198
5198
5198
5198
5198
5198
5198
5198
5198
5198
5198
5198
5198
5198
5198
5198
5198
5198
5198
5198
5198
5198
5198
5198
5198
5198
5198
5198
5198
5198
5198
5198
5198
5198
5198
5198
5198
5198
5198
5198
5198
5198
5198
5198
5198
5198
5198
5198
5198
5198
5198
5198
5198
5198
5198
5198
5198
5198
5198
5198
5198
5198
5198
5198
5198
5198
5198
5198
5198
5198
5198
5198
5198
5198
5198
5198
5198
5198
5198
5198
5198
5198
5198
5198
5198
5198
5198
5198
5198
5198
5198
5198
5198
5198
5198
5198
5198
5198
5198
5198
5198
5198
5198
5198
5198
5198
5198
5198
5198
5198
5198
5198
5198
5198
5198
5198
5198
5198
5198
5198
5198
5198
5198
5198
5198
5198
5198
5198
5198
5198
5198
5198
5198
5198
5198
5198
5198
5198
5198
5198
5198
5198
5198
5198
5198
5198
5198
5198
5198
5198
5198
5198
5198
5198
5198
5198
5198
5198
5198
5198
5198
5198
5198
5198
5198
5198
5198
5198
5198
5198
5198
5198
5198
5198
5198
5198
5198
5198
5198
5198
5198
5198
5198
5198
5198
5198
5198
5198
5198
5198
5198
5198
5198
5198
5198
5198
5198
5198
5198
5198
5198
5198
5198
5198
5198
5198
5198
5198
5198
5198
5198
5198
5198
5198
5198
5198
5198
5198
5198
5198
5198
5198
5198
5198
5198
5198
5198
5198
5198
5198
5198
5198
5198
5198
5198
5198
5198
5198
5198
5198
5198
5198
5198
5198
5198
5198
5198
5198
5198
5198
5198
5198
5198
5198
5198
5198
5198
5198
5198
5198
5198
5198
5198
5198
5198
5198
5198
5198
5198
5198
5198
5198
5198
5198
5198
5198
5198
5198
5198
5198
5198
5198
5198
5198
5198
5198
5198
5198
5198
5198
5198
5198
5198
5198
5198
5198
5198
5198
5198
5198
5198
5198
5198
5198
5198
5198
5198
5198
5198
5198
5198
5198
5198
5198
5198
5198
5198
5198
5198
5198
5198
5198
5198
5198
5198
5198
5198
5198
5198
5198
5198
5198
5198
5198
5198
5198
5198
5198
5198
5198
5198
5198
5198
5198
5198
5198
5198
5198
5198
5198
5198
5198
5198
5198
5198
5198
5198
5198
5198
5198
5198
5198
5198
5198
5198
5198
5198
5198
5198
5198
5198
5198
5198
5198
5198
5198
5198
5198
5198
5198
5198
5198
5198
5198
5198
5198
5198
5198
5198
5198
5198
5198
5198
5198
5198
5198
5198
5198
5198
5198
5198
5198
5198
5198
5198
5198
5198
5198
5198
5198
5198
5198
5198
5198
5198
5198
5198
5198
5198
5198
5198
5198
5198
5198
5198
5198
5198
5198
5198
5198
5198
5198
5198
5198
5198
5198
5198
5198
5198
5198
5198
5198
5198
5198
5198
5198
5198
5198
5198
5198
5198
5198
5198
5198
5198
5198
5198
5198
5198
5198
5198
5198
5198
5198
5198
5198
5198
5198
5198
5198
5198
5198
5198
5198
5198
5198
5198
5198
5198
5198
5198
5198
5198
5198
5198
5198
5198
5198
5198
5198
5198
5198
5198
5198
5198
5198
5198
5198
5198
5198
5198
5198
5198
5198
5198
5198
5198
5198
5198
5198
5198
5198
5198
5198
5198
5198
5198
5198
5198
5198
5198
5198
5198
5198
5198
5198
5198
5198
5198
5198
5198
5198
5198
5198
5198
5198
5198
5198
5198
5198
5198
5198
5198
5198
5198
5198
5198
5198
5198
5198
5198
5198
5198
5198
5198
5198
5198
5198
5198
5198
5198
5198
5198
5198
5198
5198
5198
5198
5198
5198
5198
5198
5198
5198
5198
5198
5198
5198
5198
5198
5198
5198
5198
5198
5198
5198
5198
5198
5198
5198
5198
5198
5198
5198
5198
5198
5198
5198
5198
5198
5198
5198
5198
5198
5198
5198
5198
5198
5198
5198
5198
5198
5198
5198
5198
5198
5198
5198
5198
5198
5198
5198
5198
5198
5198
5198
5198
5198
5198
5198
5198
5198
5198
5198
5198
5198
5198
5198
5198
5198
5198
5198
5198
5198
5198
5198
5198
5198
5198
5198
5198
5198
5198
5198
5198
5198
5198
5198
5198
5198
5198
5198
5198
5198
5198
5198
5198
5198
5198
5198
5198
5198
5198
5198
5198
5198
5198
5198
5198
5198
5198
5198
5198
5198
5198
5198
5198
5198
5198
5198
5198
5198
5198
5198
5198
5198
5198
5198
5198
5198
5198
5198
5198
5198
5198
5198
5198
5198
5198
5198
5198
5198
5198
5198
5198
5198
5198
5198
5198
5198
5198
5198
5198
5198
5198
5198
5198
5198
5198
5198
5198
5198
5198
5198
5198
5198
5198
5198
5198
5198
5198
5198
5198
5198
5198
5198
5198
5198
5198
5198
5198
5198
5198
5198
5198
5198
5198
5198
5198
5198
5198
5198
5198
5198
5198
5198
5198
5198
5198
5198
5198
5198
5198
5198
5198
5198
5198
5198
5198
5198
5198
5198
5198
5198
5198
5198
5198
5198
5198
5198
5198
5198
5198
5198
5198
5198
5198
5198
5198
5198
5198
5198
5198
5198
5198
5198
5198
5198
5198
5198
