3412
3511
3267
2640
2395
2640
2884
2504
2505
2406
2808
2856
2856
2611
2856
2856
2829
2781
2781
3408
3507
3831
3586
3587
3698
3703
3189
3703
4041
3527
3203
2767
2815
3139
2815
2273
2518
2180
2560
2315
2314
2341
2639
2242
2143
2242
2784
3029
3353
2973
3132
3033
3132
3529
3418
3854
4192
3894
3894
3895
3650
3650
3406
3405
3405
3008
3253
3226
3221
2679
2679
2355
1728
1680
2307
2355
2679
3059
3058
3600
3198
3099
3210
3454
3209
3214
2876
2975
3377
3715
3335
3011
2852
2514
2852
3366
2739
3037
2938
2694
2689
2689
2147
2174
1876
2503
2504
2749
2347
2591
2596
2993
2366
2365
2365
2366
2339
2741
2741
2900
2900
2895
2651
2678
2976
2638
2962
2717
2716
2815
3153
3154
3534
4161
4134
4161
4406
4358
4020
3909
4247
4358
4331
4007
4007
3571
3273
3597
3273
2759
2759
2760
2358
2259
1632
1521
2035
2040
2151
2587
2151
1637
1935
1555
1879
1906
2150
2198
2198
2600
2203
2830
3266
3218
3615
3610
3272
3028
3542
3218
2782
2782
2671
2644
2242
2644
3186
3213
2811
2784
2783
2894
2735
2740
3120
2578
2626
2725
3267
2753
2508
1966
2304
1907
1280
1604
1605
2007
2521
2223
2112
2739
2983
3380
3379
3815
3379
3331
3442
3437
3464
3126
3127
3126
3126
3099
3099
2719
2878
2554
2559
2560
2559
1932
1927
1768
1669
1674
1673
1832
2170
2712
3148
3149
3148
3472
3520
3765
3521
3197
3824
3819
3660
3263
3643
3595
3992
3993
3655
3754
3998
3997
4156
4157
3912
4210
4099
4423
4264
3750
3208
2811
2838
2839
3177
2741
2114
2087
2629
2874
2873
2629
2249
2004
2440
2102
2440
2488
2440
2341
2452
2050
1939
1940
1939
2336
2384
2336
2435
1999
1999
2244
2243
2243
1998
2243
2248
1910
1612
2014
2394
2830
2831
2942
2942
2990
3234
2832
2588
2587
2587
2885
2488
2052
2004
2342
2343
2502
3016
2857
2477
2874
2869
3028
3076
3703
3405
3160
3540
3838
4083
4327
3813
3818
3818
3520
3275
2648
2648
2251
2549
2007
1959
2007
2521
3063
3063
3465
3460
3487
3107
3107
3487
3189
2647
2548
2547
2547
2552
2525
3067
2665
3292
2778
2454
2553
2548
2210
2455
2296
2052
1672
1831
2129
2453
2833
3347
3348
3353
3353
3305
3146
3548
3449
3693
4090
4117
4165
3763
3465
3624
3623
3109
2785
3187
3187
2790
2763
2758
3056
2676
2432
2812
3150
3150
2523
2475
2989
2609
2609
2989
3425
2883
3425
3426
2884
2586
2587
2635
3032
3031
3130
3454
3454
3130
2971
2971
2574
2575
2819
3143
2741
2403
2403
2800
3342
3341
3342
3369
3321
2885
2505
2394
2150
2530
2529
2931
2389
2633
2634
2120
2120
2458
2134
2458
2359
2873
2629
2115
2359
2359
2359
2407
2518
2470
2359
2021
2457
2505
2181
2723
2723
2882
2887
2860
3158
2761
2761
3099
3423
3085
3196
3148
3147
2903
3002
3399
3002
3001
2890
2592
2703
2704
2302
1866
2268
1726
2268
2665
2713
3051
3050
3051
2952
2793
2952
2979
3606
3605
3606
3268
3241
2844
3088
3524
3862
3857
3857
3857
3856
3745
3746
3745
4142
3600
3605
3716
3743
4041
4041
4042
4042
4043
4557
4177
4557
4509
3995
3559
3314
3413
3011
3525
3128
2748
2748
3290
3191
3593
3588
3985
3990
3588
2961
2564
2266
1928
1923
2359
1923
1923
1922
1763
1439
2066
2364
2523
2225
2273
2653
2111
2409
2733
2685
2526
2685
2685
2658
2658
2996
2996
2369
2374
2050
2452
2114
2438
2327
2763
2249
2876
2876
3273
2837
2513
2540
2785
2780
3216
2589
2594
3136
3135
3234
3748
3450
3206
3047
3048
3096
2851
2850
2961
2862
3106
2592
3106
3058
3058
3058
3396
3495
4122
4122
4420
3878
3476
3377
3377
3377
3919
3920
3484
3186
3185
2847
2847
2895
3140
3464
3353
3651
3651
3271
3430
3529
3529
3530
3525
3201
2957
2956
2956
3294
3674
3132
2505
2907
3534
3196
2682
2687
2931
3042
3042
3043
2995
2968
2670
2670
2290
2290
2045
2369
2364
2369
2396
2285
1658
1653
2280
2391
2147
2391
2905
2508
2905
2806
2806
2811
2409
2410
1783
1672
1671
2298
2543
3085
3085
3465
3803
3803
3479
3452
3072
3067
2822
2280
2682
2730
2757
3002
3438
3390
3770
4068
4167
4140
4140
3842
3842
3953
3517
3273
2876
2876
2881
2254
2255
1853
2097
2092
2494
1980
1869
1869
1896
1895
1650
1698
1697
1538
1539
1540
1937
1889
1888
1887
2429
2091
2202
2500
2098
2099
1702
2040
2285
2682
3309
3065
3065
3070
3070
2443
2687
2576
2238
2640
2635
2636
3263
3263
2866
3190
2648
2404
2515
2951
2653
3167
3564
3612
3215
3612
3585
3584
3148
3049
3591
3835
3591
3690
3690
3642
3980
3985
3740
3343
3740
3767
4012
3688
3847
3333
3847
4091
4527
4500
4499
4254
4302
3760
3787
3688
4012
3610
4152
3814
3815
4060
4060
4033
4028
4127
4127
4127
3747
3752
3751
3354
3355
3653
3605
3600
3600
3441
3143
3044
2608
2946
2622
2721
2383
2272
2272
2431
2479
1937
1778
1778
1778
1783
1735
1636
2033
2132
2180
2180
2132
2180
2181
2208
1581
1337
1336
1288
1043
1016
1011
1391
2018
2454
2856
3100
3100
3100
3100
3099
3147
3147
3445
3048
3372
3074
3372
2745
2904
2909
3536
3437
3834
3835
3830
3830
3830
4075
4186
4185
4185
4074
4074
4074
4026
3590
3701
3706
3805
3646
3805
3694
3805
4143
3805
3560
3158
3206
2692
2693
3129
3124
2688
2364
2369
2396
2396
2798
3340
3096
3096
3069
3583
3584
3922
4358
4199
4226
4178
3664
3664
3823
4147
4146
4391
4391
4635
4634
4535
4535
4237
3801
3900
3498
3118
3091
3118
2721
2721
3118
3520
3956
3329
3329
3956
3956
3956
3712
3712
3315
3315
3316
3830
3203
3447
3745
3745
3744
3745
4142
4141
4042
4042
3798
3362
3461
3461
3064
2953
2953
2948
2948
3575
2948
3575
3955
3960
3955
3955
3710
4107
3769
3769
3770
3769
3769
3372
3345
2831
2831
3267
2969
2969
2645
2209
2453
2453
2354
2354
2354
2354
2652
2653
2898
2997
2838
3274
3273
3278
3279
2737
2764
2759
2732
3056
2620
2668
3182
3182
3182
3183
3210
3369
3270
3381
3817
3916
4254
4254
4254
4651
4650
4023
3621
3241
3868
3544
3868
3432
3188
3568
3970
4406
4406
4406
4405
4649
4252
3954
3574
3872
4414
4387
4387
3951
3549
3550
3549
3985
3443
3845
3331
3336
2900
2789
2784
2736
2784
2895
2796
2796
3232
3612
3368
3257
3356
3308
3419
3121
3148
3392
3068
3068
3068
2730
3272
3272
3272
2892
2865
2706
3030
3544
3030
3057
3395
3400
3559
3559
4073
3914
3590
3585
3744
3749
3722
4102
3722
3722
4119
4499
4161
3917
4241
4485
4783
4269
4296
4137
4137
4138
4652
4647
4403
4105
4105
3703
3676
3676
3835
3736
3625
3466
3804
3803
3803
3804
3424
3424
3804
4048
4159
4186
4186
4075
4075
4075
4075
4174
4174
4147
4147
4306
3926
3602
3601
3606
2979
2979
3606
3633
3957
3957
3798
3474
3475
3475
3470
3475
3475
3773
3773
3746
3448
3496
3523
3522
2980
3139
3139
3139
3519
3519
3420
3420
3082
3082
2837
2838
3083
3083
3625
3625
3625
3724
3724
4048
4450
4070
4070
4181
3857
3746
3746
4070
4071
4071
3912
4210
3808
3563
3901
4303
4255
4255
4500
4548
4547
4448
4547
4658
4414
4303
4303
4276
4276
4520
4900
4386
3984
3686
3587
3587
3045
2801
2828
3342
3640
3260
3255
3228
3255
3255
3010
2962
3504
3603
2976
3220
3121
2724
2723
3103
3103
3103
3214
3215
3842
3847
3895
3895
3557
3954
4356
3920
3540
3785
3487
3460
3619
3619
3619
3619
3619
3620
3296
3323
3323
3322
3317
3416
3415
3416
3416
3416
3317
3269
3607
3363
3661
3660
4096
3554
3309
3633
3638
3479
3578
3737
3737
3737
3737
3710
3308
3308
3688
3736
3980
3353
3242
3869
3870
3532
3531
3869
4114
4141
3897
3798
3799
3751
4153
4695
4668
4344
3964
3991
3990
3991
3991
3964
3959
3523
3528
3852
3851
3962
3962
3962
4010
4010
4254
3627
3230
3230
3231
3330
3710
3737
3578
3578
3578
3577
4013
3965
3866
4025
4026
4074
3694
3258
3258
3258
3885
3984
3983
3983
3884
3546
3144
3546
3884
4320
4321
4321
4316
4315
4071
4071
4468
4468
3841
3517
3219
3060
2518
2898
3525
3525
3498
3525
3849
3849
3469
3469
3131
3673
3673
3562
3562
3562
3048
3386
3684
3142
2804
2506
2886
3428
3433
3947
3405
3649
3325
3649
3987
4086
4087
4198
4198
4171
4123
4124
3688
3736
3735
3730
3757
3419
2792
2681
2682
2655
2410
2415
2753
2753
2753
2998
2998
2998
3109
3651
3552
3552
3150
3102
3538
3533
3533
3831
3990
3990
3990
3990
3610
3610
3213
3240
3239
3239
3239
3244
3244
2702
3082
3181
3723
3723
3696
3696
3697
3696
3372
3371
3371
3371
3371
3126
3528
3555
3879
3879
3720
3476
3476
3476
3476
3873
3774
4019
4019
3622
3866
4025
3914
3915
3617
3373
3373
3373
3421
3373
3472
3467
3467
3368
3341
3639
3639
3301
3302
3302
3302
3929
3928
3928
4027
4138
4137
4137
3813
3813
3813
4151
4151
4151
4151
4475
4316
4343
4343
4343
4343
4343
4343
4244
4641
4317
4317
4206
3868
4206
3961
3623
3596
3596
3920
3920
4258
4258
4258
4258
4258
3822
3822
4067
4067
4311
4311
4311
4311
4359
4359
4359
4359
4114
4066
4502
4502
4502
4502
4502
4502
4747
4747
4747
4747
4747
4747
4747
4502
4502
4502
4066
4311
4311
4311
4311
4747
4747
4747
4747
4747
4449
4449
4449
4449
4449
4449
4449
4449
4449
4449
4449
4449
4125
4125
4125
3583
3583
3583
3583
3583
3583
3339
3637
3637
3637
3637
3637
3637
3637
3637
3637
3637
3637
3637
3881
3881
3881
3881
3992
3748
3748
3637
3637
3637
3637
3637
3637
3881
3881
3881
3881
3881
3637
3637
3240
3240
3288
3043
3044
3044
3044
3044
2664
2669
2669
2621
2732
2977
2977
2679
2678
2678
2433
2481
2725
3049
2725
2725
2752
2911
3010
3010
3010
2851
2851
2852
2852
3394
3718
3619
3618
3618
3618
3591
3591
3592
3544
3544
3544
3924
3813
4058
3734
4131
4158
4269
4269
4270
4270
4270
4270
4270
4270
4594
4892
4781
4780
4266
4266
4780
4891
4886
4489
4489
4489
4648
4310
4310
4310
4310
4310
4310
4310
4065
4065
4064
4064
4309
4706
4679
4679
4679
4680
4680
4679
4568
4568
4323
4323
4323
4323
4079
4079
3920
4258
4258
4502
4502
4502
4502
4502
4502
4502
4502
4502
4100
4502
4502
4502
4502
4502
4502
4747
4747
4747
4747
4747
4345
4345
4345
4345
4345
4345
4345
4345
4345
4345
4345
4100
4100
4345
4345
4747
4747
4747
4747
4747
4747
4747
4747
4747
4747
4747
4503
4123
4123
4123
4123
4123
4123
4123
4123
4123
4123
4123
4123
4503
4503
4503
4503
4503
4503
4503
4503
4503
4503
4503
4503
4503
4503
4503
4503
4503
4503
4747
4747
4747
4345
4345
4345
4345
4345
4345
4345
4345
4345
4345
4007
3709
3709
4007
4345
4101
4101
4101
4101
4101
4101
4101
3856
4015
4015
4015
3856
4100
4100
4100
4100
4100
4345
4345
4345
4747
4747
4747
4409
4164
4164
4164
4323
4323
4164
4409
4409
4409
4409
4409
4409
4409
4409
4409
4409
4409
4409
4409
4409
4409
4409
4409
4409
4409
4409
4409
4409
4409
4409
4409
4409
4164
4164
4323
4323
4323
4323
4323
4323
4323
4323
4323
4323
4323
4323
4323
4323
4323
4323
4323
4323
4323
4323
4323
4323
3921
3921
3921
3921
3921
4259
4259
4259
4259
4259
4259
4259
4259
4259
4259
4259
4259
4259
4259
4259
4259
4259
4259
4259
4259
4259
4259
4259
4100
4100
4100
4345
4345
4345
4345
4345
4345
4345
4345
4345
4345
4345
4047
4047
4047
4047
4047
4047
4047
4449
4449
4449
4449
4449
4449
4449
4449
4449
4449
4449
4449
4449
4449
4449
4449
4449
4449
4449
4205
4205
4205
4205
4503
4503
4503
4503
4106
4106
4106
4106
4106
4106
4503
4503
4503
4503
4503
4503
4123
4123
4123
3726
3726
3726
4106
4106
4106
4106
4106
4106
4106
4106
3808
3808
3808
3808
3808
3808
3808
4106
4106
4106
4106
3768
3768
3768
3768
3768
3768
3768
3768
3768
3768
3768
3768
3768
3768
3768
3470
3470
3470
3470
3470
3470
3470
3768
4165
4165
4165
4165
4503
4503
4503
4503
4503
4747
4747
4747
4747
4747
4747
4747
4502
4502
4502
4258
4258
4258
4258
3934
3934
3934
3934
3934
3934
3934
3934
3934
3934
3934
3934
3934
3934
4258
4258
4258
4258
4258
4503
4503
4503
4747
4311
4311
4311
4311
4311
4311
4311
4311
4311
4311
4311
4311
4311
4311
4311
4311
4311
4311
4747
4747
4747
4747
4503
4503
4503
4503
4747
4747
4747
4747
4747
4747
4747
4747
4747
4503
4503
4503
4503
4503
4503
4503
4503
4503
4747
4747
4747
4747
4747
4747
4747
4747
4747
4747
4747
4747
4747
4747
4747
4747
4747
4747
4747
4747
4747
4747
4747
4747
4747
4747
4747
4747
4747
4747
4747
4503
4503
4503
4503
4503
4747
4747
4747
4747
4747
4747
4747
4747
4747
4747
4747
4747
4747
4747
4747
4747
4747
4503
4503
4503
4503
4503
4503
4101
4101
4101
4101
4503
4503
4503
4503
4503
4503
4503
4503
4503
4503
4503
4503
4503
4503
4503
4503
4503
4503
4503
4503
4503
4503
4503
4503
4503
4503
4503
4503
4503
4503
4503
4503
4503
4747
4747
4747
4747
4747
4747
4747
4747
4747
4747
4747
4747
4747
4747
4747
4747
4747
4747
4747
4747
4747
4747
4747
4747
4747
4747
4747
4747
4747
4747
4747
4747
4747
4747
4747
4747
4747
4747
4747
4747
4747
4747
4747
4747
4747
4747
4747
4747
4747
4747
4747
4747
4747
4747
4747
4747
4747
4747
4747
4747
4502
4502
4502
4502
4502
4747
4747
4747
4747
4747
4747
4747
4747
4747
4747
4747
4747
4747
4747
4747
4747
4747
4747
4747
4747
4747
4747
4747
4747
4747
4747
4747
4747
4747
4747
4747
4747
4747
4747
4747
4747
4747
4747
4747
4747
4747
4747
4747
4747
4747
4747
4747
4747
4747
4747
4747
4747
4747
4747
4747
4747
4503
4503
4503
4503
4503
4503
4503
4503
4503
4747
4747
4747
4747
4747
4747
4747
4747
4747
4747
4747
4747
4747
4449
4449
4449
4449
4449
4449
4111
4409
4409
4409
4409
4409
4409
4409
4409
4409
4409
4409
4409
4409
4409
4409
4409
4409
4409
4409
4409
4409
4409
4409
4747
4747
4747
4747
4747
4747
4747
4747
4747
4747
4747
4747
4747
4747
4747
4747
4747
4747
4747
4747
4747
4503
4503
4503
4503
4503
4503
4503
4503
4503
4503
4503
4503
4503
4747
4747
4747
4747
4747
4747
4747
4747
4747
4747
4747
4747
4747
4747
4747
4747
4747
4747
4747
4747
4747
4747
4747
4747
4747
4747
4747
4747
4747
4747
4747
4747
4747
4747
4747
4747
4747
4747
4747
4747
4747
4747
4747
4747
4747
4747
4747
4747
4747
4747
4747
4747
4747
4747
4747
4747
4747
4747
4747
4747
4747
4747
4747
4747
4747
4747
4747
4747
4747
4747
4747
4747
4747
4747
4747
4747
4747
4747
4747
4747
4747
4747
4747
4747
4747
4747
4747
4747
4747
4747
4747
4747
4747
4747
4747
4747
4747
4747
4747
4747
4747
4747
4747
4747
4747
4747
4747
4747
4747
4747
4747
4747
4747
4747
4747
4747
4747
4747
4747
4747
4747
4747
4747
4747
4747
4747
4747
4747
4747
4747
4747
4747
4747
4747
4747
4747
4747
4747
4747
4747
4747
4747
4747
4747
4747
4747
4747
4747
4747
4747
4747
4747
4747
4747
4747
4747
4747
4747
4747
4747
4747
4747
4747
4747
4747
4747
4747
4747
4747
4747
4747
4747
4747
4747
4747
4747
4747
4747
4747
4747
4747
4747
4747
4747
4747
4747
4747
4747
4747
4747
4747
4747
4747
4747
4747
4747
4747
4747
4747
4747
4747
4747
4747
4747
4747
4747
4747
4747
4747
4747
4747
4747
4747
4747
4747
4747
4747
4747
4747
4747
4747
4747
4747
4747
4747
4747
4747
4747
4747
4747
4747
4747
4747
4747
4747
4747
4747
4747
4747
4747
4747
4747
4747
4747
4747
4747
4747
4747
4747
4747
4747
4747
4747
4747
4747
4747
4747
4747
4747
4747
4747
4747
4747
4747
4747
4747
4747
4747
4747
4747
4747
4747
4747
4747
4747
4747
4747
4747
4747
4747
4747
4747
4747
4747
4747
4747
4747
4747
4747
4747
4747
4747
4747
4747
4747
4747
4747
4747
4747
4747
4747
4747
4747
4747
4747
4747
4747
4747
4747
4747
4747
4747
4747
4747
4747
4747
4747
4747
4747
4747
4747
4747
4747
4747
4747
4747
4747
4747
4747
4747
4747
4747
4747
4747
4747
4747
4747
4747
4747
4747
4747
4747
4747
4747
4747
4747
4747
4747
4747
4747
4747
4747
4747
4747
4747
4747
4747
4747
4747
4747
4747
4747
4747
4747
4747
4747
4747
4747
4747
4747
4747
4747
4747
4747
4747
4747
4747
4747
4747
4747
4747
4747
4747
4747
4747
4747
4747
4747
4747
4747
4747
4747
4747
4747
4747
4747
4747
4747
4747
4747
4747
4747
4747
4747
4747
4747
4747
4747
4747
4747
4747
4747
4747
4747
4747
4747
4747
4747
4747
4747
4747
4747
4747
4747
4747
4747
4747
4747
4747
4747
4747
4747
4747
4747
4747
4747
4747
4747
4747
4747
4747
4747
4747
4747
4747
4747
4747
4747
4747
4747
4747
4747
4747
4747
4747
4747
4747
4747
4747
4747
4747
4747
4747
4747
4747
4747
4747
4747
4747
4747
4747
4747
4747
4747
4502
4502
4502
4502
4502
4502
4502
4502
4502
4502
4747
4747
4747
4747
4747
4747
4747
4747
4747
4747
4747
4747
4747
4747
4747
4747
4747
4747
4747
4747
4747
4747
4747
4747
4747
4747
4747
4747
4747
4747
4747
4503
4503
4503
4503
4503
4503
4503
4503
4503
4503
4503
4503
4503
4503
4503
4503
4503
4747
4747
4747
4747
4747
4747
4747
4747
4747
4747
4747
4747
4747
4747
4747
4747
4747
4747
4747
4747
4747
4747
4747
4747
4747
4747
4747
4747
4747
4747
4747
4747
4747
4747
4747
4747
4747
4747
4747
4747
4747
4747
4747
4747
4747
4747
4747
4747
4747
4747
4747
4747
4747
4747
4747
4747
4747
4747
4747
4747
4747
4747
4747
4747
4747
4747
4747
4747
4747
4747
4747
4747
4747
4747
4747
4747
4747
4747
4747
4747
4747
4747
4747
4747
4747
4747
4747
4747
4747
4747
4747
4747
4747
4747
4747
4747
4747
4747
4747
4747
4747
4747
4747
4747
4747
4747
4747
4747
4747
4747
4747
4747
4747
4747
4747
4747
4747
4747
4747
4747
4747
4747
4747
4747
4747
4747
4747
4747
4747
4747
4747
4747
4747
4747
4747
4747
4747
4747
4747
4747
4747
4747
4747
4747
4747
4747
4747
4747
4747
4747
4747
4747
4747
4747
4747
4747
4747
4747
4747
4747
4747
4747
4747
4747
4747
4747
4747
4747
4747
4747
4747
4747
4747
4747
4747
4747
4747
4747
4747
4747
4747
4747
4747
4747
4747
4747
4747
4747
4747
4747
4747
4747
4747
4747
4747
4747
4747
4747
4747
4747
4747
4747
4747
4747
4747
4747
4747
4747
4747
4747
4747
4747
4747
4747
4747
4747
4747
4747
4747
4747
4747
4747
4747
4747
4747
4747
4747
4747
4747
4747
4747
4747
4747
4747
4747
4747
4747
4747
4747
4747
4747
4747
4747
4747
4747
4747
4747
4747
4747
4747
4747
4747
4747
4747
4747
4747
4747
4747
4747
4747
4747
4747
4747
4747
4747
4747
4747
4747
4747
4747
4747
4747
4747
4747
4747
4747
4747
4747
4747
4747
4747
4747
4747
4747
4747
4747
4747
4747
4747
4747
4747
4747
4747
4747
4747
4747
4747
4747
4747
4747
4747
4747
4747
4747
4747
4747
4747
4747
4747
4747
4747
4747
4747
4747
4747
4747
4747
4747
4747
4747
4747
4747
4747
4747
4747
4747
4747
4747
4747
4747
4747
4747
4747
4747
4747
4747
4747
4747
4747
4747
4747
4747
4747
4747
4747
4747
4747
4747
4747
4747
4747
4747
4747
4747
4747
4747
4747
4747
4747
4747
4747
4747
4747
4747
4747
4747
4747
4747
4747
4747
4747
4747
4747
4747
4747
4747
4747
4747
4747
4747
4747
4747
4747
4747
4747
4747
4747
4747
4747
4747
4747
4747
4747
4747
4747
4747
4747
4747
4747
4747
4747
4747
4747
4747
4747
4747
4747
4747
4747
4747
4747
4747
4747
4747
4747
4747
4747
4747
4747
4747
4747
4747
4747
4747
4747
4747
4747
4747
4747
4747
4747
4747
4747
4747
4747
4747
4747
4747
4747
4747
4747
4747
4747
4747
4747
4747
4747
4747
4747
4747
4747
4747
4747
4747
4747
4747
4747
4747
4747
4747
4747
4747
4747
4747
4747
4747
4747
4747
4747
4747
4747
4747
4747
4747
4747
4747
4747
4747
4747
4747
4747
4747
4747
4747
4747
4747
4747
4747
4747
4747
4747
4747
4747
4747
4747
4747
4747
4747
4747
4747
4747
4747
4747
4747
4747
4747
4747
4747
4747
4747
4747
4747
4747
4747
4747
4747
4747
4747
4747
4747
4747
4747
4747
4747
4747
4747
4747
4747
4747
4747
4747
4747
4747
4747
4747
4747
4747
4747
4747
4747
4747
4747
4747
4747
4747
4747
4747
4747
4747
4747
4747
4747
4747
4747
4747
4747
4747
4747
4747
4747
4747
4747
4747
4747
4747
4747
4747
4747
4747
4747
4747
4747
4747
4747
4747
4747
4747
4747
4747
4747
4747
4747
4747
4747
4747
4747
4747
4747
4747
4747
4747
4747
4747
4747
4747
4747
4747
4747
4747
4747
4747
4747
4747
4747
4747
4747
4747
4747
4747
4747
4747
4747
4747
4747
4747
4747
4747
4747
4747
4747
4747
4747
4747
4747
4747
4747
4747
4747
4747
4747
4747
4747
4747
4747
4747
4747
4747
4747
4747
4747
4747
4747
4747
4747
4747
4747
4747
4747
4747
4747
4747
4747
4747
4747
4747
4747
4747
4747
4747
4747
4747
4747
4747
4747
4747
4747
4747
4747
4747
4747
4747
4747
4747
4747
4747
4747
4747
4747
4747
4747
4747
4747
4747
4747
4747
4747
4747
4747
4747
4747
4747
4747
4747
4747
4747
4747
4747
4747
4747
4747
4747
4747
4747
4747
4747
4747
4747
4747
4747
4747
4747
4747
4747
4747
4747
4747
4747
4747
4747
4747
4747
4747
4747
4747
4747
4747
4747
4747
4747
4747
4747
4747
4747
4747
4747
4747
4747
4747
4747
4747
4747
4747
4747
4747
4747
4747
4747
4747
4747
4747
4747
4747
4747
4747
4747
4747
4747
4747
4747
4747
4747
4747
4747
4747
4747
4747
4747
4747
4747
4747
4747
4747
4747
4747
4747
4747
4747
4747
4747
4747
4747
4747
4747
4747
4747
4747
4747
4747
4747
4747
4747
4747
4747
4747
4747
4747
4747
4747
4747
4747
4747
4747
4747
4747
4747
4747
4747
4747
4747
4747
4747
4747
4747
4747
4747
4747
4747
4747
4747
4747
4747
4747
4747
4747
4747
4747
4747
4747
4747
4747
4747
4747
4747
4747
4747
4747
4747
4747
4747
4747
4747
4747
4747
4747
4747
4747
4747
4747
4747
4747
4747
4747
4747
4747
4747
4747
4747
4747
4747
4747
4747
4747
4747
4747
4747
4747
4747
4747
4747
4747
4747
4747
4747
4747
4747
4747
4747
4747
4747
4747
4747
4747
4747
4747
4747
4747
4747
4747
4747
4747
4747
4747
4747
4747
4747
4747
4747
4747
4747
4747
4747
4747
4747
4747
4747
4747
4747
4747
4747
4747
4747
4747
4747
4747
4747
4747
4747
4747
4747
4747
4747
4747
4747
4747
4747
4747
4747
4747
4747
4747
4747
4747
4747
4747
4747
4747
4747
4747
4747
4747
4747
4747
4747
4747
4747
4747
4747
4747
4747
4747
4747
4747
4747
4747
4747
4747
4747
4747
4747
4747
4747
4747
4747
4747
4747
4747
4747
4747
4747
4747
4747
4747
4747
4747
4747
4747
4747
4747
4747
4747
4747
4747
4747
4747
4747
4747
4747
4747
4747
4747
4747
4747
4747
4747
4747
4747
4747
4747
4747
4747
4747
4747
4747
4747
4747
4747
4747
4747
4747
4747
4747
4747
4747
4747
4747
4747
4747
4747
4747
4747
4747
4747
4747
4747
4747
4747
4747
4747
4747
4747
4747
4747
4747
4747
4747
4747
4747
4747
4747
4747
4747
4747
4747
4747
4747
4747
4747
4747
4747
4747
4747
4747
4747
4747
4747
4747
4747
4747
4747
4747
4747
4747
4747
4747
4747
4747
4747
4747
4747
4747
4747
4747
4747
4747
4747
4747
4747
4747
4747
4747
4747
4747
4747
4747
4747
4747
4747
4747
4747
4747
4747
4747
4747
4747
4747
4747
4747
4747
4747
4747
4747
4747
4747
4747
4747
4747
4747
4747
4747
4747
4747
4747
4747
4747
4747
4747
4747
4747
4747
4747
4747
4747
4747
4747
4747
4747
4747
4747
4747
4747
4747
4747
4747
4747
4747
4747
4747
4747
4747
4747
4747
4747
4747
4747
4747
4747
4747
4747
4747
4747
4747
4747
4747
4747
4747
4747
4747
4747
4747
4747
4747
4747
4747
4747
4747
4747
4747
4747
4747
4747
4747
4747
4747
4747
4747
4747
4747
4747
4747
4747
4747
4747
4747
4747
4747
4747
4747
4747
4747
4747
4747
4747
4747
4747
4747
4747
4747
4747
4747
4747
4747
4747
4747
4747
4747
4747
4747
4747
4747
4747
4747
4747
4747
4747
4747
4747
4747
4747
4747
4747
4747
4747
4747
4747
4747
4747
4747
4747
4747
4747
4747
4747
4747
4747
4747
4747
4747
4747
4747
4747
4747
4747
4747
4747
4747
4747
4747
4747
4747
4747
4747
4747
4747
4747
4747
4747
4747
4747
4747
4747
4747
4747
4747
4747
4747
4747
4747
4747
4747
4747
4747
4747
4747
4747
4747
4747
4747
4747
4747
4747
4747
4747
4747
4747
4747
4747
4747
4747
4747
4747
4747
4747
4747
4747
4747
4747
4747
4747
4747
4747
4747
4747
4747
4747
4747
4747
4747
4747
4747
4747
4747
4747
4747
4747
4747
4747
4747
4747
4747
4747
4747
4747
4747
4747
4747
4747
4747
4747
4747
4747
4747
4747
4747
4747
4747
4747
4747
4747
4747
4747
4747
4747
4747
4747
4747
4747
4747
4747
4747
4747
4747
4747
4747
4747
4747
4747
4747
4747
4747
4747
4747
4747
4747
4747
4747
4747
4747
4747
4747
4747
4747
4747
4747
4747
4747
4747
4747
4747
4747
4747
4747
4747
4747
4747
4747
4747
4747
4747
4747
4747
4747
4747
4747
4747
4747
4747
4747
4747
4747
4747
4747
4747
4747
4747
4747
4747
4747
4747
4747
4747
4747
4747
4747
4747
4747
4747
4747
4747
4747
4747
4747
4747
4747
4747
4747
4747
4747
4747
4747
4747
4747
4747
4747
4747
4747
4747
4747
4747
4747
4747
4747
4747
4747
4747
4747
4747
4747
4747
4747
4747
4747
4747
4747
4747
4747
4747
4747
4747
4747
4747
4747
4747
4747
4747
4747
4747
4747
4747
4747
4747
4747
4747
4747
4747
4747
4747
4747
4747
4747
4747
4747
4747
4747
4747
4747
4747
4747
4747
4747
4747
4747
4747
4747
4747
4747
4747
4747
4747
4747
4747
4747
4747
4747
4747
4747
4747
4747
4747
4747
4747
4747
4747
4747
4747
4747
4747
4747
4747
4747
4747
4747
4747
4747
4747
4747
4747
4747
4747
4747
4747
4747
4747
4747
4747
4747
4747
4747
4747
4747
4747
4747
4747
4747
4747
4747
4747
4747
4747
4747
4747
4747
4747
4747
4747
4747
4747
4747
4747
4747
4747
4747
4747
4747
4747
4747
4747
4747
4747
4747
4747
4747
4747
4747
4747
4747
4747
4747
4747
4747
4747
4747
4747
4747
4747
4747
4747
4747
4747
4747
4747
4747
4747
4747
4747
4747
4747
4747
4747
4747
4747
4747
4747
4747
4747
4747
4747
4747
4747
4747
4747
4747
4747
4747
4747
4747
4747
4747
4747
4747
4747
4747
4747
4747
4747
4747
4747
4747
4747
4747
4747
4747
4747
4747
4747
4747
4747
4747
4747
4747
4747
4747
4747
4747
4747
4747
4747
4747
4747
4747
4747
4747
4747
4747
4747
4747
4747
4747
4747
4747
4747
4747
4747
4747
4747
4747
4747
4747
4747
4747
4747
4747
4747
4747
4747
4747
4747
4747
4747
4747
4747
4747
4747
4747
4747
4747
4747
4747
4747
4747
4747
4747
4747
4747
4747
4747
4747
4747
4747
4747
4747
4747
4747
4747
4747
4747
4747
4747
4747
4747
4747
4747
4747
4747
4747
4747
4747
4747
4747
4747
4747
4747
4747
4747
4747
4747
4747
4747
4747
4747
4747
4747
4747
4747
4747
4747
4747
4747
4747
4747
4747
4747
4747
4747
4747
4747
4747
4747
4747
4747
4747
4747
4747
4747
4747
4747
4747
4747
4747
4747
4747
4747
4747
4747
4747
4747
4747
4747
4747
4747
4747
4747
4747
4747
4747
4747
4747
4747
4747
4747
4747
4747
4747
4747
4747
4747
4747
4747
4747
4747
4747
4747
4747
4747
4747
4747
4747
4747
4747
4747
4747
4747
4747
4747
4747
4747
4747
4747
4747
4747
4747
4747
4747
4747
4747
4747
4747
4747
4747
4747
4747
4747
4747
4747
4747
4747
4747
4747
4747
4747
4747
4747
4747
4747
4747
4747
4747
4747
4747
4747
4747
4747
4747
4747
4747
4747
4747
4747
4747
4747
4747
4747
4747
4747
4747
4747
4747
4747
4747
4747
4747
4747
4747
4747
4747
4747
4747
4747
4747
4747
4747
4747
4747
4747
4747
4747
4747
4747
4747
4747
4747
4747
4747
4747
4747
4747
4747
4747
4747
4747
4747
4747
4747
4747
4747
4747
4747
4747
4747
4747
4747
4747
4747
4747
4747
4747
4747
4747
4747
4747
4747
4747
4747
4747
4747
4747
4747
4747
4747
4747
4747
4747
4747
4747
4747
4747
4747
4747
4747
4747
4747
4747
4747
4747
4747
4747
4747
4747
4747
4747
4747
4747
4747
4747
4747
4747
4747
4747
4747
4747
4747
4747
4747
4747
4747
4747
4747
4747
4747
4747
4747
4747
4747
4747
4747
4747
4747
4747
4747
4747
4747
4747
4747
4747
4747
4747
4747
4747
4747
4747
4747
4747
4747
4747
4747
4747
4747
4747
4747
4747
4747
4747
4747
4747
4747
4747
4747
4747
4747
4747
4747
4747
4747
4747
4747
4747
4747
4747
4747
4747
4747
4747
4747
4747
4747
4747
4747
4747
4747
4747
4747
4747
4747
4747
4747
4747
4747
4747
4747
4747
4747
4747
4747
4747
4747
4747
4747
4747
4747
4747
4747
4747
4747
4747
4747
4747
4747
4747
4747
4747
4747
4747
4747
4747
4747
4747
4747
4747
4747
4747
4747
4747
4747
4747
4747
4747
4747
4747
4747
4747
4747
4747
4747
4747
4747
4747
4747
4747
4747
4747
4747
4747
4747
4747
4747
4747
4747
4747
4747
4747
4747
4747
4747
4747
4747
4747
4747
4747
4747
4747
4747
4747
4747
4747
4747
4747
4747
4747
4747
4747
4747
4747
4747
4747
4747
4747
4747
4747
4747
4747
4747
4747
4747
4747
4747
4747
4747
4747
4747
4747
4747
4747
4747
4747
4747
4747
4747
4747
4747
4747
4747
4747
4747
4747
4747
4747
4747
4747
4747
4747
4747
4747
4747
4747
4747
4747
4747
4747
4747
4747
4747
4747
4747
4747
4747
4747
4747
4747
4747
4747
4747
4747
4747
4747
4747
4747
4747
4747
4747
4747
4747
4747
4747
4747
4747
4747
4747
4747
4747
4747
4747
4747
4747
4747
4747
4747
4747
4747
4747
4747
4747
4747
4747
4747
4747
4747
4747
4747
4747
4747
4747
4747
4747
4747
4747
4747
4747
4747
4747
4747
4747
4747
4747
4747
4747
4747
4747
4747
4747
4747
4747
4747
4747
4747
4747
4747
4747
4747
4747
4747
4747
4747
4747
4747
4747
4747
4747
4747
4747
4747
4747
4747
4747
4747
4747
4747
4747
4747
4747
4747
4747
4747
4747
4747
4747
4747
4747
4747
4747
4747
4747
4747
4747
4747
4747
4747
4747
4747
4747
4747
4747
4747
4747
4747
4747
4747
4747
4747
4747
4747
4747
4747
4747
4747
4747
4747
4747
4747
4747
4747
4747
4747
4747
4747
4747
4747
4747
4747
4747
4747
4747
4747
4747
4747
4747
4747
4747
4747
4747
4747
4747
4747
4747
4747
4747
4747
4747
4747
4747
4747
4747
4747
4747
4747
4747
4747
4747
4747
4747
4747
4747
4747
4747
4747
4747
4747
4747
4747
4747
4747
4747
4747
4747
4747
4747
4747
4747
4747
4747
4747
4747
4747
4747
4747
4747
4747
4747
4747
4747
4747
4747
4747
4747
4747
4747
4747
4747
4747
4747
4747
4747
4747
4747
4747
4747
4747
4747
4747
4747
4747
4747
4747
4747
4747
4747
4747
4747
4747
4747
4747
4747
4747
4747
4747
4747
4747
4747
4747
4747
4747
4747
4747
4747
4747
4747
4747
4747
4747
4747
4747
4747
4747
4747
4747
4747
4747
4747
4747
4747
4747
4747
4747
4747
4747
4747
4747
4747
4747
4747
4747
4747
4747
4747
4747
4747
4747
4747
4747
4747
4747
4747
4747
4747
4747
4747
4747
4747
4747
4747
4747
4747
4747
4747
4747
4747
4747
4747
4747
4747
4747
4747
4747
4747
4747
4747
4747
4747
4747
4747
4747
4747
4747
4747
4747
4747
4747
4747
4747
4747
4747
4747
4747
4747
4747
4747
4747
4747
4747
4747
4747
4747
4747
4747
4747
4747
4747
4747
4747
4747
4747
4747
4747
4747
4747
4747
4747
4747
4747
4747
4747
4747
4747
4747
4747
4747
4747
4747
4747
4747
4747
4747
4747
4747
4747
4747
4747
4747
4747
4747
4747
4747
4747
4747
4747
4747
4747
4747
4747
4747
4747
4747
4747
4747
4747
4747
4747
4747
4747
4747
4747
4747
4747
4747
4747
4747
4747
4747
4747
4747
4747
4747
4747
4747
4747
4747
4747
4747
4747
4747
4747
4747
4747
4747
4747
4747
4747
4747
4747
4747
4747
4747
4747
4747
4747
4747
4747
4747
4747
4747
4747
4747
4747
4747
4747
4747
4747
4747
4747
4747
4747
4747
4747
4747
4747
4747
4747
4747
4747
4747
4747
4747
4747
4747
4747
4747
4747
4747
4747
4747
4747
4747
4747
4747
4747
4747
4747
4747
4747
4747
4747
4747
4747
4747
4747
4747
4747
4747
4747
4747
4747
4747
4747
4747
4747
4747
4747
4747
4747
4747
4747
4747
4747
4747
4747
4747
4747
4747
4747
4747
4747
4747
4747
4747
4747
4747
4747
4747
4747
4747
4747
4747
4747
4747
4747
4747
4747
4747
4747
4747
4747
4747
4747
4747
4747
4747
4747
4747
4747
4747
4747
4747
4747
4747
4747
4747
4747
4747
4747
4747
4747
4747
4747
4747
4747
4747
4747
4747
4747
4747
4747
4747
4747
4747
4747
4747
4747
4747
4747
4747
4747
4747
4747
4747
4747
4747
4747
4747
4747
4747
4747
4747
4747
4747
4747
4747
4747
4747
4747
4747
4747
4747
4747
4747
4747
4747
4747
4747
4747
4747
4747
4747
4747
4747
4747
4747
4747
4747
4747
4747
4747
4747
4747
4747
4747
4747
4747
4747
4747
4747
4747
4747
4747
4747
4747
4747
4747
4747
4747
4747
4747
4747
4747
4747
4747
4747
4747
4747
4747
4747
4747
4747
4747
4747
4747
4747
4747
4747
4747
4747
4747
4747
4747
4747
4747
4747
4747
4747
4747
4747
4747
4747
4747
4747
4747
4747
4747
4747
4747
4747
4747
4747
4747
4747
4747
4747
4747
4747
4747
4747
4747
4747
4747
4747
4747
4747
4747
4747
4747
4747
4747
4747
4747
4747
4747
4747
4747
4747
4747
4747
4747
4747
4747
4747
4747
4747
4747
4747
4747
4747
4747
4747
4747
4747
4747
4747
4747
4747
4747
4747
4747
4747
4747
4747
4747
4747
4747
4747
4747
4747
4747
4747
4747
4747
4747
4747
4747
4747
4747
4747
4747
4747
4747
4747
4747
4747
4747
4747
4747
4747
4747
4747
4747
4747
4747
4747
4747
4747
4747
4747
4747
4747
4747
4747
4747
4747
4747
4747
4747
4747
4747
4747
4747
4747
4747
4747
4747
4747
4747
4747
4747
4747
4747
4747
4747
4747
4747
4747
4747
4747
4747
4747
4747
4747
4747
4747
4747
4747
4747
4747
4747
4747
4747
4747
4747
4747
4747
4747
4747
4747
4747
4747
4747
4747
4747
4747
4747
4747
4747
4747
4747
4747
4747
4747
4747
4747
4747
4747
4747
4747
4747
4747
4747
4747
4747
4747
4747
4747
4747
4747
4747
4747
4747
4747
4747
4747
4747
4747
4747
4747
4747
4747
4747
4747
4747
4747
4747
4747
4747
4747
4747
4747
4747
4747
4747
4747
4747
