3090
3189
3348
2968
2968
2969
3349
3250
3091
3190
3217
3461
3572
3572
3461
3081
3240
3578
3980
3821
3821
3932
3688
3640
3639
3963
4011
3384
2842
2518
2273
1837
1539
2166
2067
2447
2691
2850
3286
3127
3524
3683
4225
3823
4147
4147
3823
3824
3824
3580
3679
3631
3631
3631
3532
3194
3035
2521
1979
1980
2304
2548
2547
2706
3248
3493
3096
3498
3796
3498
3546
3302
3301
3056
3301
3306
3307
3280
2900
2901
3000
3000
2995
2593
3107
2996
3398
3778
3783
3783
4027
3647
3133
3471
3227
3068
3068
3448
3012
2674
2918
2376
2052
2047
1948
1568
1568
1906
1906
2065
2064
1437
1437
1761
1872
2499
2526
2625
2223
2196
2097
1852
1951
2387
2392
2392
2391
2280
2121
2501
2898
3009
2685
3087
3082
2983
2872
2470
2581
2879
2978
3137
3138
3139
3028
2401
2063
2690
2690
2310
2555
2935
2934
3336
3850
3470
3470
2843
2407
2308
2063
2015
2557
2895
3331
3033
2491
2736
2736
3034
2875
2439
2439
2598
2625
2380
2380
1978
1979
1979
2381
2381
2137
1799
1798
2425
2424
2425
2805
2806
2917
2917
3241
2839
2844
2892
3137
3679
3631
3631
3089
3089
3088
2977
2978
3089
2462
3089
3089
2692
3094
3432
3676
3274
3710
3705
3546
3519
2892
2594
2599
2594
2599
3001
3160
3159
3159
3159
3186
2942
2540
2381
2540
2937
2937
2826
3368
3612
3612
3232
3232
3232
3227
3227
2982
3093
2849
2849
3476
2849
2738
2743
3041
3040
3040
2702
2160
2208
2208
1884
2286
2666
2765
2766
2761
2359
2332
2874
2715
2715
2716
3343
3244
3271
3223
3223
3467
3467
3791
3791
4129
4134
4129
3749
3860
3463
3463
3865
3865
3964
4123
4171
4012
3610
4007
3908
4007
3896
3896
4276
4276
4521
4183
4183
3803
3776
4156
4494
4493
4493
4895
4459
4459
4215
4214
4325
4080
4080
3981
3982
4009
4254
4227
4386
4385
4385
4385
4274
4385
4385
4821
4307
4009
3629
4143
3601
3602
2975
3355
3355
3653
3605
3605
3360
2924
3168
3168
3168
3413
3302
3844
4471
4227
4471
4173
4272
3875
4272
4272
4272
3730
3333
3333
3631
3251
3152
2907
2955
2328
2280
2280
2279
2906
2907
3018
3117
3362
3361
3361
3117
3659
3660
4040
4041
3882
4318
4317
4561
4450
4477
4378
4477
4075
4076
4075
4076
4049
4049
3805
3832
3831
3493
3466
3142
3147
3549
3549
3549
3873
3873
3437
3338
2796
2795
2795
2471
2519
2630
2630
2116
2360
2361
2250
2202
2716
2715
2710
3034
3035
3194
3194
3195
2950
3061
3109
2811
2810
2837
2842
2215
2167
1843
2167
2162
2003
2400
2836
2835
2836
2512
2401
2500
2401
2500
3042
3366
2930
2606
2606
2765
2813
3111
3111
3111
3012
2985
2937
3261
3260
3359
3407
3412
3750
3702
4329
4085
4085
3543
3591
3591
3591
3618
3591
3592
3212
3754
3754
3655
3655
3028
2980
3416
3416
3416
3464
3464
3463
3027
2513
2508
2184
2428
2455
2700
2541
2921
2541
2541
2541
2977
3357
3113
3627
3579
3903
3908
3511
3131
3132
3131
3230
3474
3475
3470
3470
3471
3471
3582
3587
3587
3560
3315
3342
3739
3712
3871
4498
4743
4644
4743
4405
4160
4208
4588
4588
4926
4926
4628
4384
3948
4384
4336
4335
4580
4824
4665
4665
4421
4421
4665
4038
4033
3934
4093
4094
3658
3658
3657
3705
3657
3412
3417
3418
3445
3445
3334
3333
3381
2867
2487
2460
2412
2074
2074
2073
2172
2073
2073
1676
2190
2238
2337
2178
2179
2180
1778
1778
1777
2115
2116
2143
2143
2545
2143
2138
2436
2872
2872
3252
3649
3760
4005
4004
3956
4358
3961
4358
3961
3862
3862
3862
3538
2996
2996
3001
2890
3214
3213
3214
3214
3611
4153
3611
3659
3659
3257
2919
3546
3884
3487
3487
3242
2918
3315
3717
3717
3419
3578
3064
3388
3340
3340
3439
3439
3440
3102
3101
3212
3101
3074
3074
3122
3122
3023
3537
3835
4080
4179
4174
3547
3547
3499
3499
3547
3145
3145
3687
3307
3645
3645
3646
3646
3547
3209
3209
3214
3594
3435
3038
2658
2657
2657
2412
2792
2951
3062
3061
3688
4026
4026
4271
4272
4371
4323
4350
4105
4106
3782
4106
4106
3862
4107
4509
4350
4012
4350
4105
4100
4100
3698
3400
3559
3400
3399
3558
3558
3803
3802
3802
3807
3780
3780
3456
3456
3853
3853
3853
4097
4097
3661
3688
3688
3291
3286
3683
3683
3683
3286
3286
3286
3722
4046
4443
4443
4444
4449
4450
4206
3882
3340
3340
3339
3312
3312
3201
3201
3200
2820
3362
3362
3389
3633
3633
3634
3475
3470
3471
3471
3471
2844
2849
2307
2631
2386
3013
3124
3526
3685
3685
3288
3288
2886
2885
2774
2885
2449
2350
2752
3294
2752
2800
2800
2773
3209
2885
2837
2838
2436
2463
2463
2865
3189
3184
3184
3183
3188
3433
3433
3433
3433
3532
3421
3083
3381
3381
3923
3923
3625
3625
3673
3971
4351
4351
4351
4352
4463
4219
4108
4103
4441
4342
4347
4049
4048
4445
4286
4259
4260
4260
4260
4504
4663
4227
4326
4326
4325
4325
4277
4325
4623
4299
4299
4299
4300
4411
4847
4847
4847
4602
4304
4304
4256
3859
3859
3760
3760
3760
3601
3925
3925
3587
3586
3585
3474
3501
3099
3099
3501
3839
3839
3839
3595
3595
3706
3706
3326
3326
3327
3300
3295
2893
3273
3321
3480
3321
3566
3566
3725
3969
3996
4095
4094
4046
4046
4094
4067
3823
4121
4518
4518
4121
4121
4518
3976
4378
4405
4649
4654
4316
3914
3915
3915
4317
4290
4290
4628
4628
4623
4325
4324
4325
4226
3824
3444
3444
3199
3151
3449
3449
3290
3535
3915
3963
3963
3963
3639
3639
3666
3152
2814
2378
2378
2267
2267
2426
2764
3088
3602
3603
3603
3265
3265
3376
3381
3001
2996
2995
2995
3537
3140
2513
2513
2269
2671
3068
3041
2796
2748
2847
2305
2643
2643
3023
3023
3023
3023
2621
3023
3023
3023
3023
3023
2685
2685
2574
2574
2601
2649
2987
2992
2992
2991
3427
3427
3671
3671
3623
3524
3525
3573
3684
4311
3987
4086
3842
3544
3544
3517
3512
3512
3810
3374
3263
3263
3263
3290
2893
2893
2894
3291
3264
3216
3652
3657
3981
3981
3981
4008
3684
3732
3705
3407
3652
3604
3445
3689
3309
3309
3309
2912
3071
3071
3071
2826
2825
2826
3206
2868
3166
3166
3166
3166
3708
4046
4041
3797
3908
3749
3908
3956
3955
3955
3955
3955
4200
4227
4128
4017
4017
4414
4414
4414
4414
4413
4414
4414
4414
4116
4116
4116
3736
3300
3399
3399
3835
3835
3946
4326
3812
3812
3785
3737
3737
3737
3737
3737
3301
2899
2904
2904
3202
3638
3633
3236
2609
2498
2742
2200
2524
2524
2524
2551
2452
3079
3079
3127
3226
3226
3337
3226
3226
3226
3231
3132
2752
2508
2508
2752
2125
2124
2124
2504
2504
2504
2901
2901
2901
3000
2620
2282
2662
2662
2265
2662
2663
2283
2283
2283
2283
2910
2910
2905
2904
3446
3446
3848
3848
3848
3848
3848
3849
3525
3426
3378
3351
3351
3351
3356
3356
2954
2955
2954
2953
2954
3356
3357
3112
3160
3160
3160
3159
3159
3497
3498
3498
3743
4257
4257
4257
4284
4257
4257
4257
4098
3471
3851
3851
3846
3845
3844
3796
3823
3823
3982
3738
3711
3711
3759
3759
3600
3600
3627
3627
3726
3678
3922
3922
3922
3923
4247
4002
4629
4740
4740
4713
4713
4740
4745
4745
4793
4793
4793
4357
4033
3985
3985
3886
3881
4126
4126
4174
4174
4147
3633
3732
3487
3487
3488
3493
3493
3249
3249
3249
3244
3133
3133
3132
3568
3892
4136
4247
4247
4199
4199
4199
4199
4199
3572
3572
3572
3572
3248
3493
3520
3844
3408
3408
3413
3412
3413
3412
3412
3168
3168
3057
3493
3169
3169
3280
2844
2464
2788
2836
2836
3272
3272
3272
3652
3896
3869
4496
4496
4158
4158
4158
4059
3815
3816
4330
3933
3933
3933
3933
3933
4177
4178
4178
4575
4575
4602
4601
4700
4652
4625
4963
4336
4331
4331
3934
3596
3485
3240
3267
3267
3894
4232
4629
4629
4629
4629
4629
4629
4634
4390
4390
4549
4794
4794
4794
4280
3878
3719
3767
3766
4010
4010
4010
4005
4005
3760
3765
3765
3765
3521
3632
3090
3090
2991
3150
3145
3118
3118
3118
3118
3118
3119
3661
3337
3661
3666
3667
3231
3231
3226
3225
3230
2688
3090
3085
3085
3599
3551
3578
3823
3824
3824
3829
3670
3914
3914
3913
3913
3913
3908
4067
4067
4067
4072
4171
4170
4059
4059
3814
3815
3815
3816
3816
3927
3683
3683
3683
3682
4118
4118
4118
4118
4166
4167
4167
4166
4166
4166
4410
4410
4409
3782
3783
3783
3783
4325
4570
4325
4570
4522
4224
4224
4272
4113
4108
4108
4108
3594
3594
4221
4221
4221
4221
3841
3730
3729
3729
3730
3841
3503
3841
3841
3841
3841
4139
4028
4027
3783
3783
3783
3783
4163
3825
3826
4164
4164
4164
4164
4164
4164
4164
4165
4324
3944
3944
4188
3944
3943
3943
4323
4323
4324
4276
3874
3873
3878
3878
3926
3925
3877
3877
3878
3851
3513
3513
3508
3509
3211
3211
3549
3549
3225
3469
3983
3983
3988
3591
3591
3591
3253
3551
3171
3012
2768
2767
2767
2794
2842
3180
3339
3339
3338
3449
3449
3449
3450
3402
3646
3645
3645
3546
3546
3546
3546
3519
3899
3899
3899
3899
3900
3900
3895
3943
3507
3507
3507
3507
3508
3910
3751
3751
3507
3169
3413
3413
3512
3511
3835
3736
4133
3889
4227
4228
4228
4228
4472
4472
4471
4471
4471
4069
4069
4096
4096
4101
4100
4101
4074
4074
4074
4476
4476
4178
3636
3298
3250
3349
3785
3785
3784
3784
3779
3779
3779
3780
3456
3456
3456
3456
3211
3535
4077
4077
4077
4077
4236
4241
4241
4130
3886
3886
3886
3450
3788
3788
3899
3899
3899
3947
3947
3948
3900
3900
3900
3900
3900
3900
4144
4139
4139
4028
4028
3869
3917
3917
3917
4353
3956
4353
4353
4352
4304
4602
4761
4872
4574
4475
4476
4475
4720
4819
4819
4819
4574
4574
4574
4574
4574
4579
4606
3979
3465
3465
3465
3465
3465
3464
3084
3084
3084
3711
3711
3956
4470
4073
4453
4453
4850
4850
5148
5148
5148
5148
5148
5121
5121
5121
5121
5121
5121
5122
4725
4725
4480
4475
4475
4475
3933
3933
3933
3933
3933
3933
3960
3961
3961
3961
4009
4008
4008
4008
3960
4008
4008
3960
4008
4405
4947
4947
4511
4511
4267
4512
4511
4512
4512
4513
4513
4513
4513
4513
4513
4513
4513
4189
4189
4189
4030
4030
4003
4439
4439
4439
4444
4768
4768
4768
4768
4768
4927
4927
4828
4828
4431
4431
4431
4431
4431
4426
4431
4431
4431
4383
4383
4138
4382
4382
4382
4223
4223
4382
4481
4481
4481
4476
4476
4503
4503
4748
4637
4685
4685
4387
4360
4360
4471
4471
4471
4476
4476
4476
4476
4428
4428
4825
4824
4824
4824
4824
4824
4580
4824
4713
4714
4714
4390
4390
4390
4390
4390
4390
4438
4762
4789
4789
4789
4630
4928
4927
4927
4927
4927
4385
4385
4544
4544
4544
4300
4300
4544
4544
4544
4220
4215
4167
4168
4167
4172
4172
4172
4172
4172
4171
4172
4220
4544
4544
4539
4650
4650
4650
4650
4491
4491
4246
4246
4405
4008
4008
4013
3914
4456
4701
4701
4701
4674
4674
4674
4674
5071
5071
4733
4574
4574
4733
4728
4728
4728
4728
5066
5066
5071
5098
5098
5050
5050
5050
5045
4801
4801
4849
4849
4801
4801
4774
4774
4873
4873
5117
5117
5117
5117
5117
5117
5117
5116
5121
5121
5121
5121
5121
5121
5121
5121
5169
5169
5169
5169
5058
5058
5058
4959
4959
4959
4715
4715
4556
4583
4583
4556
4800
4800
4800
4827
4827
4447
4558
4657
4657
4657
4657
4657
4657
4657
4657
4652
4652
4652
4652
4354
4355
4653
4652
4653
4812
4764
4764
4737
4737
4737
4736
4784
4784
4539
4539
4539
4539
4540
4143
4148
4149
4149
4149
4149
3811
3811
3811
4208
4208
4208
4208
4208
4208
4208
4235
4234
4234
4233
4233
4233
4185
4180
4153
4153
4533
4871
5116
5116
5116
5117
5117
5117
5117
4873
4873
4535
4424
4762
4767
4365
4206
4206
4206
4207
4451
4153
4153
4153
4451
4853
5012
5039
5034
5034
5034
5034
5034
5034
5034
5034
4789
4690
4690
4935
4934
4934
5033
5006
5033
5033
5038
5038
5037
5037
5037
5037
5037
5037
5037
5010
5010
5058
5059
5059
5059
5059
5059
5059
5059
5059
5059
5059
4761
4761
4761
4761
4761
4872
4492
4492
4491
4055
4055
4055
4055
4491
4491
4491
4392
4392
4392
4393
4393
4055
4082
4082
4081
4082
4082
4420
4176
4149
4393
4393
4393
4388
4388
4388
4229
4609
4609
4498
4498
4174
4333
4631
4472
4477
4576
4576
4576
4576
4575
4602
4602
4602
4713
4686
4681
4840
4840
4840
4741
4742
4769
4868
4868
4868
4868
4488
4488
4488
4487
4487
4487
4487
4439
4439
4439
4439
4819
4819
4819
4819
4574
4574
4574
4574
4575
4575
4416
4416
4415
4415
4660
4660
4819
4819
5143
5143
5143
5143
5143
4984
5032
5032
5191
5143
5143
5143
5116
5143
5143
5143
5148
5148
5196
5196
5196
5196
5196
4952
4793
4794
4953
4953
4953
4953
4953
4953
4953
5197
5197
5197
5197
5197
5197
5197
5197
5197
5098
5098
5098
5098
5098
5197
5197
5197
5197
5196
5196
5196
5191
5191
5191
5191
5191
5191
5191
5196
5196
5097
5097
5098
4774
4530
4529
4529
4529
4529
4530
4419
4663
4663
4663
4663
4774
4774
4773
4773
4773
4773
4773
4773
4725
4480
4480
4480
4480
4480
4481
4481
4481
4529
4529
4529
4529
4481
4481
4482
4481
4481
4480
4480
4475
4523
4523
4528
4528
4528
4528
4528
4528
4528
4528
4480
4804
4804
5049
5049
5049
4938
4938
4938
4938
4938
4938
4938
5037
5037
5037
5037
5037
5037
5037
5038
5038
5038
5038
5039
5039
5039
5087
4928
4829
4829
4828
4828
4828
4780
4780
4780
4780
4780
4780
4780
4891
4891
4891
4891
4891
4891
4891
4864
4864
4864
4865
4754
4754
4913
4913
4913
4961
4961
5060
5060
5060
5060
5060
5060
5060
5060
5055
5054
5054
5054
5054
5054
5054
5081
5054
5006
5006
5006
5006
5006
5006
5054
5054
5054
5054
5165
4867
4894
4894
4795
4795
4795
4800
4773
4773
4773
4800
4800
4800
4799
4800
4800
4899
4899
4899
4899
4899
4899
4788
4761
4713
4713
4740
4416
4389
4389
4389
4713
4740
4360
4360
4740
4740
4740
4740
4740
4740
4641
4641
4689
4800
4800
4799
4772
4772
4772
4772
4773
4872
4872
4872
4872
4872
4773
4768
4768
4795
4795
4800
4899
4899
4788
4788
5086
5086
5086
5087
5087
5198
5171
5171
5171
5171
5171
5171
5171
5170
5197
5149
5149
5148
5143
5144
5144
5144
5144
5117
5117
5117
5118
5118
5117
5117
5118
5118
5118
5118
5118
5117
5117
5144
5192
5192
5192
5192
5192
5192
5191
5191
5191
5191
5191
5191
5191
5191
4946
5191
5191
5191
5196
5191
5143
5143
5143
5148
5148
5148
5148
5148
5148
5148
5143
5143
5143
5143
5143
5191
5191
5196
5196
5169
5169
5169
5169
5164
5164
5164
5164
5164
5164
5191
5191
5196
5196
5191
5191
5191
5191
5191
4947
4947
5191
5191
5191
5192
5192
5192
5192
5192
5192
5192
5081
5086
5086
5086
5086
5087
5087
5086
5059
5059
5059
5086
5086
5081
5086
5081
5081
5086
5086
5087
5087
5198
5198
5197
5197
5149
5149
5150
5149
5149
5149
5149
5149
5149
5149
5148
5148
5148
5121
5121
4876
4876
4877
4878
4878
4878
4878
4878
4926
4682
4677
4677
4677
4677
4682
4677
4677
4677
4677
4677
4682
4927
4879
4879
4879
4878
4878
4878
4877
4877
4877
4904
4904
4904
4904
4904
4904
4904
4904
4904
4904
4904
4904
4899
4904
4904
5148
5149
5149
5149
5149
5149
5149
5149
5149
5149
5148
5148
5148
5196
5196
5196
5196
5196
5169
5169
5164
5164
5165
5166
5166
5166
5166
5166
5166
5118
5117
5117
5144
5045
5045
5045
5045
5045
5093
5093
5094
5094
5094
5093
5093
5093
5093
5093
5093
5093
5093
5093
5093
5093
5093
5093
5098
5197
5197
5192
5192
5192
5192
5192
5192
5165
5165
5165
5165
5165
4841
4841
4840
4840
4840
4595
4596
4596
4596
4596
4595
4919
4919
4919
4920
4921
4921
4810
4837
4738
4738
4738
4738
4738
4738
4738
4738
4738
4738
4738
4738
4737
4737
4737
4737
4742
4715
4715
4715
4715
4715
4715
4960
4960
4987
4988
4988
4988
4988
4940
4940
4940
5051
5051
5099
5099
5072
5072
5072
5071
5071
5071
5071
5071
5071
5071
5098
5098
5098
5098
5098
5098
5098
5098
4987
4987
4987
4987
4987
4987
4987
4987
4939
4939
4939
4939
4939
4939
4939
4940
4939
4934
4907
4907
4907
4907
4907
4907
4907
4907
4907
4934
4934
4934
4934
4934
4934
4934
4934
4982
4983
4982
4981
4981
4981
4981
4981
4981
4982
4982
4982
4982
4982
4982
4982
4981
4981
5092
5092
5092
4848
4848
4849
4849
4738
4738
4690
4690
4738
4738
4738
4837
4837
4837
4837
4837
4948
5192
5144
5144
5149
5149
5150
5150
5123
5150
5150
5150
5150
5150
5150
5150
5150
5145
5144
5045
5045
5045
5045
5045
4934
4982
4983
4983
4983
4983
4982
4987
4988
5087
4988
5099
5099
5099
5099
5099
5072
5071
5071
5071
5071
5070
5070
5070
5070
5070
5065
5065
5065
5070
5071
5071
5071
5066
5065
5066
5066
5066
5071
5071
5071
5071
5071
5071
5070
5070
5070
5070
4959
4959
5058
5053
5053
5053
5053
5053
5053
5053
4809
4809
4809
4836
5080
5080
5080
5080
5080
5080
5080
5080
5032
5032
5033
5034
5033
5034
5034
5034
5145
5145
5145
5145
5145
5145
5118
5118
5118
5118
5118
5118
5117
5117
5117
5117
5165
5170
5170
5170
5170
5170
5170
5170
5170
5170
5170
5197
5197
5197
5197
5086
5197
5197
5098
5097
5098
5093
5066
5066
5066
5066
5065
5070
5070
5070
5070
5070
5071
5071
5071
5071
4960
4960
5059
5059
5059
5059
5060
5059
5059
5059
5059
5059
5059
5059
5058
5058
5059
5059
5059
5058
5058
5058
5059
5059
5059
5059
5059
5059
5170
5170
5170
5171
5171
5171
5171
5171
5166
5166
5193
5192
5192
5192
5193
5145
5145
5150
5150
5150
5149
5149
5149
5149
5149
5149
5149
5149
5149
5149
5149
5149
5122
5123
5123
5123
5171
5171
5171
5171
5171
5170
5170
5171
5171
5171
5171
5170
5122
5122
5122
5122
5122
5122
5122
5122
5170
5170
5170
5170
5169
5169
5169
5170
5170
5170
5170
5170
5170
5170
5165
5165
5165
5165
5165
5164
5164
5164
5164
5191
5191
5191
5164
5164
5165
5165
5117
5117
5116
5116
5164
5164
5164
5164
5164
5165
5165
5165
5166
5166
5166
5165
5165
5165
5165
5164
5164
5164
5164
5164
5164
5164
5164
5164
5164
5164
5165
5165
4920
4920
4920
4921
4921
4921
4926
4926
4926
4926
4926
4926
4926
4925
4925
4925
4924
4924
4924
4924
4924
4924
4925
4925
4925
4952
4952
4853
4853
4853
4853
4852
4852
4951
4924
4924
4924
4919
4919
4919
4919
5164
5164
5065
5065
5066
5066
5066
5165
5192
5192
5192
5192
5192
5192
5197
5197
5198
5198
5193
5193
5192
5192
5192
5192
5191
5191
5191
5191
5092
5092
5092
5092
5092
5092
5097
5097
5097
5097
5098
5099
5099
5099
5072
4961
4961
4961
4961
4961
4961
4961
4961
4961
4961
4961
4956
4961
4956
4956
4956
4956
4955
5054
5054
5165
5165
5165
5165
5165
5165
5166
5166
5166
5166
5166
5171
5171
5171
5170
5170
5197
5196
5196
5196
5196
5196
5197
5197
5197
5197
5197
5196
5197
5197
5197
5197
5197
5197
5197
5197
5197
5197
5197
5197
5197
5197
5197
5198
5171
5171
5171
5171
5171
5171
5171
5198
5198
5198
5198
5197
5197
5197
5149
5149
5197
5197
5197
5197
5197
5197
5197
5197
5196
5196
5196
5196
5197
5192
5192
5192
5191
5191
5191
5191
5191
5191
5192
5192
5193
5166
5166
5166
5166
5165
5165
5170
5170
5170
5170
5170
5197
5197
5197
5170
5170
5170
5165
5165
5165
5165
5165
5165
5165
5165
5165
5165
5165
5054
5054
5054
5054
5054
5055
5055
5055
5166
5166
5166
5166
5165
5165
5165
5165
5170
5170
5170
5170
5170
5165
5165
5165
5165
5165
5165
5066
5066
5018
5023
5022
5023
5023
5023
5024
5024
5024
5024
5024
5024
5024
5123
5123
5123
5123
5123
5122
5122
5122
5122
5122
5122
5149
5149
5149
5149
5149
5149
5197
5197
5197
5197
5149
5149
5149
5197
5170
5170
5170
5170
5122
5123
5123
5118
5118
5118
5117
5117
5117
5118
5118
5145
5145
5193
5193
5193
5094
5094
5193
5193
5193
5193
5193
5193
5193
5198
5198
5198
5171
5171
5171
5171
5171
5166
5166
5165
5165
5165
5165
5165
5165
5165
5165
5165
5165
5166
5166
5166
5165
5165
5165
5165
5165
5192
5191
5191
5191
5191
5191
5191
5191
5191
5191
5191
5191
5191
5192
5192
5192
5192
5192
5191
5191
5191
5191
5191
5191
5191
5191
5191
5192
5192
5192
5192
5192
5192
5192
5191
5143
5143
5143
5116
5116
5116
5116
5121
5121
5122
5121
5169
5169
5170
5170
5171
5198
5198
5198
5198
5193
5193
5193
5193
5193
5193
5193
5193
5192
5192
5192
5193
5193
5193
5193
5193
5193
5193
5193
5192
5193
5193
5193
5193
5193
5193
5193
5198
5198
5198
5198
5198
5198
5198
5198
5197
5197
5197
5197
5149
5144
5192
5192
5165
5165
5165
5165
5192
5192
5165
5165
5164
5164
5164
5164
5164
5164
5164
5164
5164
5164
5169
5169
5169
5196
5196
5196
5196
5197
5197
5197
5197
5197
5192
5192
5192
5197
5197
5197
5197
5197
5198
5150
5150
5123
5123
5123
5123
5123
5150
5149
5149
5148
5121
5122
5122
5123
5123
5123
5123
5123
5123
5123
5123
5122
5122
5122
5122
5122
5122
5122
5122
5122
5122
5122
5122
5122
5122
5149
5149
5149
5149
5144
5149
5149
5148
5148
5143
5143
5143
5143
5143
5148
5148
5149
5149
5150
5150
5150
5149
5149
5149
5149
5149
5149
5149
5149
5149
5149
5149
5149
5149
5149
5149
5149
5144
5192
5192
5144
5144
5144
5144
5045
5045
5093
5098
5098
5098
5197
5197
5197
5197
5197
5197
5197
5197
5197
5197
5196
5197
5197
5197
5197
5198
5198
5198
5198
5198
5198
5198
5198
5198
5198
5198
5198
5198
5198
5198
5198
5198
5198
5198
5198
5198
5198
5198
5198
5198
5198
5198
5198
5198
5198
5198
5198
5171
5171
5171
5171
5171
5171
5171
5171
5171
5171
5171
5171
5171
5171
5171
5170
5170
5171
5171
5171
5171
5171
5171
5171
5171
5171
5171
5171
5171
5123
5150
5145
5145
5145
5145
5145
5145
5144
5144
5144
5144
5144
5144
5144
5144
5144
5144
5144
5144
5144
5144
5144
5144
5149
5150
5150
5149
5149
5149
5148
5143
5143
5116
5116
5116
5116
5116
5116
5164
5169
5169
5170
5170
5170
5170
5170
5170
5170
5197
5197
5197
5197
5197
5196
5196
5196
5196
5196
5196
5196
5196
5196
5196
5196
5191
5191
5143
5143
5143
5143
5143
5143
5191
5191
5191
5191
5191
5191
5191
5191
5191
5191
5191
5191
5191
5192
5192
5192
5192
5192
5192
5192
5192
5192
5192
5192
5192
5192
5192
5192
5192
5192
5192
5192
5192
5192
5192
5192
5192
5193
5193
5193
5192
5197
5197
5197
5197
5198
5198
5198
5198
5198
5198
5198
5197
5197
5197
5197
5197
5197
5197
5197
5197
5197
5197
5197
5197
5197
5197
5197
5197
5197
5197
5197
5197
5197
5197
5197
5197
5192
5192
5192
5144
5144
5144
5144
5144
5144
5144
5144
5143
5143
5144
5144
5144
5149
5149
5149
5149
5149
5149
5149
5149
5149
5149
5148
5148
5143
5143
5191
5191
5191
5191
5191
5191
5191
5191
5192
5192
5192
5192
5192
5192
5192
5192
5197
5197
5192
5192
5191
5192
5192
5192
5191
5191
5191
5191
5191
5191
5191
5191
5191
5191
5092
5092
5093
5093
5093
5093
5093
5098
5098
5098
5098
5098
5099
5099
5099
5099
5099
5099
5099
5098
5098
5098
5099
5099
5099
5099
5099
5099
5198
5198
5198
5198
5197
5197
5197
5196
5169
5170
5170
5197
5197
5197
5197
5197
5197
5197
5197
5197
5197
5196
5196
5197
5197
5197
5197
5197
5197
5197
5196
5196
5196
5169
5169
5169
5169
5169
5169
5169
5170
5170
5169
5169
5169
5169
5169
5169
5170
5170
5170
5170
5170
5165
5165
5165
5165
5165
5165
5165
5165
5165
5192
5192
5192
5192
5192
5193
5193
5193
5193
5193
5193
5193
5193
5192
5192
5192
5192
5192
5192
5192
5192
5192
5192
5192
5193
5193
5193
5193
5192
5192
5192
5192
5192
5192
5192
5192
5192
5191
5191
5191
5191
5191
5191
5191
5164
5164
5164
5164
5164
5164
5165
5165
5166
5193
5192
5192
5192
5192
5192
5192
5192
5192
5192
5144
5144
5144
5144
5144
5144
5144
5144
5192
5192
5192
5192
5192
5192
5197
5197
5198
5198
5198
5198
5150
5150
5150
5150
5150
5149
5150
5150
5150
5149
5149
5149
5197
5197
5192
5192
5197
5197
5197
5197
5197
5197
5197
5197
5197
5197
5197
5197
5197
5196
5196
5196
5196
5196
5196
5196
5196
5196
5196
5196
5196
5196
5196
5197
5197
5197
5198
5198
5198
5198
5193
5193
5193
5193
5193
5192
5192
5197
5197
5197
5197
5197
5197
5197
5197
5197
5197
5197
5198
5198
5198
5150
5150
5150
5150
5150
5198
5198
5198
5198
5198
5198
5198
5198
5198
5198
5198
5198
5198
5198
5198
5198
5198
5198
5171
5166
5165
5192
5192
5192
5192
5192
5197
5197
5197
5197
5197
5197
5197
5197
5192
5192
5192
5197
5197
5197
5197
5197
5197
5196
5196
5196
5196
5196
5196
5196
5196
5196
5197
5197
5197
5197
5198
5198
5198
5198
5198
5198
5198
5198
5198
5197
5197
5197
5197
5197
5197
5197
5197
5197
5197
5197
5197
5197
5197
5197
5197
5197
5197
5197
5197
5197
5197
5197
5197
5197
5197
5198
5198
5198
5198
5198
5198
5198
5198
5197
5197
5197
5197
5197
5197
5197
5198
5198
5198
5198
5198
5198
5198
5198
5198
5198
5198
5198
5198
5198
5198
5198
5198
5198
5198
5198
5198
5198
5198
5198
5198
5198
5198
5198
5198
5197
5197
5197
5197
5197
5197
5197
5197
5197
5192
5192
5192
5191
5191
5191
5191
5191
5191
5192
5192
5192
5192
5192
5192
5192
5192
5191
5191
5191
5191
5164
5164
5165
5165
5192
5193
5193
5193
5192
5192
5192
5192
5192
5197
5197
5197
5197
5197
5192
5165
5165
5165
5165
5165
5165
5165
5165
5165
5117
5117
5117
5117
5117
5117
5117
5117
5144
5144
5144
5117
5117
5117
5117
5117
5117
5144
5144
5144
5144
5144
5144
5144
5144
5144
5144
5144
5144
5144
5144
5144
5144
5149
5149
5149
5149
5149
5150
5150
5150
5149
5149
5149
5149
5149
5149
5149
5149
5197
5197
5197
5198
5198
5171
5171
5171
5171
5171
5171
5171
5171
5171
5171
5171
5171
5171
5171
5166
5166
5166
5166
5166
5166
5166
5166
5171
5171
5171
5171
5171
5171
5171
5171
5171
5171
5171
5171
5171
5171
5170
5170
5170
5170
5171
5171
5170
5170
5170
5170
5197
5198
5198
5198
5198
5198
5198
5198
5171
5171
5171
5171
5171
5170
5170
5170
5170
5170
5170
5170
5170
5170
5170
5169
5169
5169
5169
5169
5169
5169
5169
5169
5169
5169
5169
5169
5169
5169
5169
5169
5169
5169
5169
5170
5170
5170
5170
5169
5169
5169
5169
5196
5196
5196
5196
5196
5196
5196
5169
5169
5169
5169
5169
5169
5196
5196
5196
5196
5196
5196
5196
5196
5196
5196
5196
5196
5196
5196
5169
5196
5196
5197
5197
5197
5197
5197
5197
5197
5197
5197
5197
5197
5197
5197
5197
5197
5197
5197
5197
5196
5196
5196
5196
5196
5196
5196
5191
5191
5191
5191
5191
5192
5192
5192
5192
5192
5193
5193
5193
5193
5193
5193
5193
5193
5193
5193
5193
5193
5193
5193
5193
5193
5193
5193
5192
5192
5193
5193
5193
5193
5193
5193
5193
5193
5193
5192
5192
5192
5192
5192
5192
5191
5191
5192
5192
5192
5192
5192
5192
5192
5192
5192
5192
5192
5192
5192
5197
5197
5197
5197
5197
5192
5192
5192
5192
5192
5192
5192
5192
5192
5192
5192
5192
5192
5192
5192
5192
5192
5192
5192
5192
5193
5193
5193
5193
5193
5193
5193
5193
5193
5193
5193
5193
5193
5193
5193
5193
5198
5198
5198
5198
5198
5198
5198
5198
5198
5198
5198
5198
5198
5198
5198
5197
5197
5198
5197
5197
5197
5197
5197
5197
5197
5197
5197
5197
5197
5197
5197
5192
5192
5193
5193
5192
5192
5192
5192
5192
5192
5192
5192
5192
5192
5192
5192
5193
5193
5193
5193
5193
5193
5193
5193
5193
5193
5193
5193
5193
5193
5192
5192
5197
5197
5197
5197
5197
5197
5197
5197
5197
5197
5197
5197
5197
5198
5198
5198
5198
5198
5198
5198
5198
5198
5198
5198
5198
5198
5198
5197
5197
5197
5198
5198
5198
5198
5198
5198
5198
5198
5198
5198
5198
5198
5198
5198
5198
5198
5198
5198
5198
5198
5198
5198
5198
5198
5198
5198
5198
5198
5198
5198
5198
5198
5198
5198
5198
5193
5193
5193
5193
5198
5198
5198
5197
5197
5196
5196
5191
5191
5191
5191
5191
5191
5191
5191
5191
5191
5191
5191
5191
5191
5191
5192
5192
5192
5192
5192
5192
5192
5192
5192
5192
5192
5192
5192
5192
5192
5192
5192
5192
5192
5197
5197
5197
5192
5191
5191
5191
5191
5191
5191
5191
5191
5191
5191
5191
5191
5191
5191
5191
5196
5196
5196
5196
5196
5196
5196
5196
5196
5197
5197
5197
5197
5198
5198
5198
5198
5198
5198
5197
5197
5197
5197
5197
5197
5197
5196
5196
5196
5197
5197
5197
5197
5197
5197
5192
5192
5192
5192
5197
5197
5198
5198
5198
5197
5197
5197
5197
5197
5197
5197
5197
5197
5197
5198
5197
5197
5192
5192
5192
5192
5192
5192
5192
5192
5192
5192
5192
5192
5192
5192
5192
5192
5192
5192
5192
5191
5192
5192
5191
5191
5191
5196
5196
5196
5197
5197
5197
5197
5197
5197
5198
5198
5198
5198
5198
5197
5197
5197
5192
5192
5192
5192
5192
5192
5192
5192
5191
5192
5192
5192
5192
5192
5192
5192
5197
5197
5197
5198
5193
5193
5193
5193
5193
5193
5193
5193
5193
5193
5192
5192
5193
5193
5193
5193
5192
5192
5192
5192
5192
5191
5191
5191
5191
5191
5191
5192
5191
5192
5192
5192
5192
5191
5196
5196
5196
5196
5196
5196
5196
5196
5191
5191
5191
5191
5191
5191
5191
5191
5192
5192
5192
5192
5192
5192
5192
5192
5192
5192
5192
5192
5197
5197
5197
5197
5197
5197
5197
5197
5197
5197
5197
5197
5197
5197
5197
5197
5197
5198
5198
5197
5197
5197
5197
5198
5198
5198
5197
5197
5197
5197
5192
5192
5193
5193
5193
5193
5193
5193
5198
5198
5198
5198
5198
5198
5197
5197
5197
5197
5197
5197
5198
5193
5193
5192
5192
5192
5192
5193
5193
5193
5193
5193
5193
5193
5193
5193
5193
5192
5192
5192
5192
5192
5192
5192
5192
5191
5191
5191
5191
5191
5196
5196
5197
5197
5196
5196
5196
5196
5196
5196
5196
5196
5196
5196
5196
5196
5196
5196
5196
5196
5196
5196
5196
5197
5197
5197
5197
5197
5197
5197
5197
5198
5198
5198
5198
5198
5198
5198
5198
5198
5198
5198
5193
5193
5193
5193
5193
5193
5193
5192
5192
5192
5192
5192
5192
5192
5192
5192
5192
5192
5192
5192
5192
5192
5192
5192
5192
5192
5192
5192
5192
5192
5192
5192
5192
5191
5191
5191
5191
5191
5191
5191
5191
5191
5191
5191
5191
5191
5192
5192
5192
5192
5192
5192
5192
5192
5192
5192
5192
5192
5192
5192
5192
5197
5198
5198
5198
5197
5197
5197
5197
5192
5192
5192
5192
5192
5192
5192
5192
5192
5192
5192
5197
5197
5197
5197
5197
5197
5197
5197
5197
5197
5197
5197
5198
5198
5198
5198
5198
5198
5197
5197
5197
5197
5196
5196
5196
5196
5196
5196
5196
5196
5197
5197
5197
5197
5197
5197
5197
5197
5170
5170
5197
5197
5197
5197
5197
5197
5197
5197
5197
5197
5197
5197
5196
5196
5196
5196
5196
5196
5196
5196
5191
5191
5191
5191
5191
5191
5191
5191
5191
5191
5191
5191
5191
5191
5191
5192
5192
5192
5192
5192
5192
5192
5192
5192
5192
5192
5193
5193
5193
5193
5193
5193
5192
5192
5192
5192
5197
5197
5192
5191
5191
5192
5192
5192
5197
5197
5197
5197
5197
5197
5197
5197
5197
5197
5197
5197
5197
5197
5197
5197
5197
5197
5197
5197
5197
5197
5197
5197
5197
5197
5197
5197
5196
5196
5196
5196
5191
5192
5192
5192
5192
5192
5192
5193
5193
5193
5192
5192
5192
5192
5192
5192
5192
5192
5192
5197
5197
5197
5197
5197
5197
5197
5197
5197
5198
5198
5198
5198
5197
5197
5197
5197
5197
5197
5197
5197
5197
5198
5198
5198
5198
5198
5198
5198
5198
5198
5198
5198
5198
5198
5198
5198
5198
5198
5197
5197
5197
5197
5197
5197
5197
5197
5197
5197
5197
5197
5197
5197
5197
5197
5197
5197
5198
5198
5198
5198
5198
5198
5198
5198
5198
5198
5198
5198
5198
5171
5171
5171
5171
5171
5171
5171
5171
5171
5171
5171
5170
5170
5170
5170
5170
5170
5170
5170
5170
5170
5170
5170
5169
5169
5169
5169
5169
5169
5170
5170
5171
5171
5198
5198
5198
5198
5198
5198
5198
5198
5198
5198
5198
5198
5198
5198
5198
5193
5192
5193
5192
5193
5193
5193
5193
5193
5192
5192
5192
5192
5192
5193
5193
5193
5193
5193
5193
5193
5193
5193
5193
5193
5193
5193
5193
5193
5193
5193
5193
5193
5193
5193
5193
5193
5193
5193
5193
5193
5193
5193
5193
5193
5193
5193
5193
5193
5193
5193
5192
5192
5192
5197
5197
5197
5197
5198
5198
5198
5198
5198
5198
5198
5198
5198
5198
5198
5197
5197
5197
5197
5197
5197
5197
5197
5198
5198
5198
5198
5198
5198
5198
5198
5193
5193
5192
5192
5192
5192
5192
5192
5192
5192
5192
5192
5192
5192
5192
5192
5193
5193
5193
5193
5193
5193
5193
5193
5193
5193
5193
5193
5193
5193
5193
5193
5193
5193
5193
5193
5193
5193
5193
5193
5193
5192
5192
5192
5192
5192
5192
5192
5193
5193
5192
5192
5197
5197
5197
5197
5198
5198
5198
5198
5198
5198
5198
5198
5197
5197
5197
5197
5197
5197
5197
5197
5197
5197
5197
5197
5197
5196
5196
5196
5196
5196
5196
5196
5196
5196
5196
5191
5192
5192
5192
5192
5192
5191
5191
5191
5191
5191
5191
5191
5192
5192
5192
5191
5196
5196
5196
5196
5197
5197
5197
5196
5196
5196
5197
5197
5197
5197
5197
5197
5197
5197
5197
5197
5197
5197
5197
5197
5197
5197
5197
5198
5198
5198
5198
5198
5198
5198
5198
5198
5198
5198
5198
5198
5198
5198
5198
5198
5198
5198
5197
5197
5196
5196
5197
5197
5197
5197
5197
5197
5197
5197
5197
5197
5197
5197
5196
5196
5196
5196
5196
5196
5196
5196
5196
5196
5196
5191
5191
5191
5191
5191
5191
5192
5193
5193
5193
5192
5192
5192
5192
5192
5192
5197
5197
5197
5197
5197
5197
5197
5197
5197
5197
5197
5197
5197
5197
5197
5197
5197
5197
5197
5197
5197
5197
5197
5197
5197
5197
5197
5197
5197
5197
5197
5197
5197
5197
5197
5197
5197
5197
5197
5197
5197
5197
5197
5197
5197
5197
5197
5197
5197
5198
5198
5198
5198
5198
5198
5198
5198
5198
5198
5197
5197
5197
5197
5197
5192
5192
5192
5192
5192
5192
5192
5192
5192
5193
5193
5193
5193
5193
5193
5193
5192
5192
5192
5192
5192
5192
5192
5192
5192
5192
5192
5192
5192
5192
5192
5192
5192
5192
5192
5192
5192
5192
5192
5192
5192
5192
5192
5192
5192
5197
5197
5197
5197
5197
5198
5198
5198
5198
5198
5198
5198
5198
5198
5198
5198
5198
5198
5198
5198
5198
5198
5197
5197
5197
5197
5197
5197
5198
5198
5198
5198
5198
5198
5198
5198
5198
5198
5198
5198
5198
5198
5198
5198
5198
5198
5198
5198
5198
5198
5198
5197
5197
5197
5192
5191
5191
5191
5191
5191
5191
5191
5191
5191
5191
5191
5191
5191
5191
5196
5196
5196
5196
5196
5196
5196
5196
5196
5196
5196
5196
5191
5191
5191
5191
5191
5191
5192
5192
5192
5192
5192
5192
5192
5192
5191
5191
5191
5191
5191
5191
5191
5191
5191
5191
5191
5191
5191
5191
5192
5192
5192
5197
5197
5197
5197
5197
5198
5198
5198
5198
5198
5198
5198
5198
5198
5193
5193
5193
5193
5193
5193
5193
5193
5193
5193
5193
5193
5193
5193
5198
5198
5198
5198
5198
5198
5198
5198
5198
5198
5198
5198
5198
5198
5198
5198
5198
5198
5198
5198
5198
5198
5198
5198
5198
5198
5198
5198
5198
5198
5198
5198
5198
5198
5198
5198
5197
5197
5197
5197
5197
5197
5197
5197
5198
5198
5198
5198
5198
5193
5193
5192
5192
5192
5192
5197
5197
5197
5197
5197
5197
5197
5197
5197
5197
5197
5197
5197
5197
5197
5197
5197
5197
5197
5197
5196
5196
5196
5196
5196
5196
5196
5196
5196
5196
5196
5196
5196
5196
5196
5196
5196
5196
5196
5196
5196
5196
5196
5196
5196
5196
5196
5196
5196
5197
5197
5196
5196
5196
5196
5196
5196
5196
5196
5196
5196
5196
5196
5196
5196
5197
5197
5197
5197
5197
5197
5197
5198
5198
5198
5198
5198
5198
5198
5198
5198
5198
5198
5198
5198
5198
5198
5198
5198
5198
5198
5198
5198
5198
5198
5198
5198
5198
5198
5198
5198
5198
5198
5198
5197
5197
5197
5197
5197
5198
5198
5198
5198
5193
5193
5193
5193
5193
5193
5193
5193
5193
5193
5193
5193
5193
5193
5193
5193
5193
5193
5193
5192
5192
5192
5192
5192
5192
5192
5192
5192
5192
5191
5196
5196
5196
5196
5196
5196
5196
5196
5196
5196
5196
5196
5191
5191
5191
5191
5191
5191
5191
5191
5192
5192
5197
5197
5197
5197
5197
5197
5196
5196
5196
5196
5196
5196
5196
5196
5196
5196
5196
5197
5197
5197
5197
5197
5197
5197
5197
5197
5196
5196
5196
5196
5196
5196
5196
5196
5196
5196
5196
5196
5196
5196
5197
5197
5197
5197
5197
5197
5197
5196
5196
5196
5196
5196
5196
5196
5196
5196
5196
5196
5197
5197
5198
5198
5198
5198
5198
5198
5198
5198
5198
5198
5198
5198
5198
5198
5198
5198
5198
5198
5198
5198
5198
5198
5198
5198
5198
5198
5198
5198
5198
5198
5198
5198
5198
5197
5197
5197
5197
5197
5197
5197
5198
5198
5198
5198
5198
5198
5198
5198
5198
5198
5198
5198
5198
5198
5198
5198
5198
5198
5198
5198
5198
5197
5198
5198
5198
5198
5198
5198
5198
5198
5198
5198
5198
5197
5197
5197
5197
5197
5197
5197
5197
5197
5197
5197
5197
5197
5197
5197
5197
5197
5197
5197
5197
5197
5198
5198
5198
5198
5198
5198
5198
5198
5198
5198
5198
5198
5198
5198
5198
5198
5198
5198
5198
5198
5198
5198
5198
5198
5198
5198
5198
5198
5198
5198
5198
5198
5198
5198
5198
5198
5198
5198
5197
5197
5197
5196
5196
5196
5196
5196
5196
5196
5196
5196
5196
5196
5196
5196
5197
5197
5197
5197
5197
5197
5197
5197
5197
5197
5197
5197
5197
5197
5197
5197
5197
5197
5197
5197
5197
5197
5197
5197
5197
5197
5197
5197
5197
5197
5197
5197
5198
5198
5198
5198
5198
5198
5198
5198
5198
5198
5198
5197
5197
5197
5197
5197
5197
5197
5197
5197
5197
5197
5197
5197
5197
5197
5197
5197
5197
5197
5197
5197
5197
5197
5197
5197
5197
5197
5197
5197
5197
5197
5196
5196
5196
5196
5196
5196
5196
5196
5196
5196
5196
5196
5196
5196
5196
5196
5196
5196
5196
5196
5196
5196
5196
5196
5196
5196
5196
5196
5196
5196
5196
5196
5196
5196
5196
5196
5196
5196
5196
5196
5196
5197
5198
5198
5198
5198
5198
5198
5198
5198
5198
5198
5198
5198
5198
5198
5198
5198
5198
5198
5198
5198
5198
5198
5198
5198
5198
5198
5198
5198
5198
5197
5197
5197
5197
5197
5197
5197
5197
5197
5197
5197
5197
5197
5197
5197
5197
5197
5197
5197
5197
5197
5197
5197
5197
5197
5197
5196
5196
5196
5196
5197
5197
5197
5197
5197
5197
5197
5197
5197
5197
5197
5197
5197
5197
5196
5196
5196
5196
5197
5197
5197
5197
5197
5197
5197
5198
5198
5198
5198
5198
5198
5197
5197
5198
5198
5198
5198
5198
5198
5198
5198
5198
5198
5198
5198
5198
5198
5198
5198
5198
5198
5198
5197
5197
5197
5197
5197
5197
5197
5197
5197
5197
5197
5197
5197
5197
5197
5197
5197
5197
5197
5197
5197
5197
5197
5197
5197
5197
5197
5197
5197
5197
5197
5197
5197
5197
5197
5197
5197
5197
5197
5197
5197
5198
5198
5198
5198
5198
5198
5198
5198
5198
5198
5198
5197
5197
5197
5197
5197
5197
5197
5197
5197
5197
5197
5197
5197
5197
5197
5197
5197
5197
5197
5197
5197
5197
5197
5197
5197
5197
5197
5197
5197
5197
5197
5197
5197
5197
5197
5197
5197
5197
5198
5198
5198
5198
5198
5198
5198
5198
5197
5197
5197
5197
5198
5198
5198
5198
5198
5198
5198
5198
5198
5198
5198
5198
5198
5198
5198
5198
5198
5198
5198
5198
5198
5198
5198
5198
5198
5198
5198
5198
5198
5198
5197
5197
5197
5197
5197
5197
5197
5197
5197
5197
5197
5197
5197
5198
5198
5198
5198
5198
5198
5198
5198
5198
5198
5198
5198
5198
5198
5198
5198
5197
5197
5197
5198
5198
5198
5198
5198
5198
5198
5198
5198
5198
5198
5198
5198
5198
5198
5198
5198
5198
5198
5198
5198
5198
5198
5198
5198
5198
5198
5198
5198
5197
5196
5196
5196
5196
5196
5196
5196
5196
5196
5196
5197
5197
5197
5197
5197
5197
5197
5197
5197
5197
5197
5197
5197
5197
5197
5197
5197
5197
5197
5197
5197
5197
5196
5196
5196
5196
5196
5196
5196
5196
5196
5196
5197
5197
5197
5197
5197
5197
5197
5197
5197
5197
5197
5197
5197
5198
5198
5198
5198
5198
5198
5198
5198
5198
5198
5198
5198
5198
5198
5198
5198
5198
5198
5198
5198
5198
5198
5198
5198
5198
5198
5198
5198
5198
5198
5198
5198
5198
5198
5198
5198
5197
5197
5197
5197
5197
5197
5196
5196
5196
5196
5196
5196
5196
5196
5196
5196
5196
5196
5196
5197
5197
5197
5197
5197
5197
5197
5197
5197
5197
5197
5197
5197
5197
5197
5197
5197
5197
5197
5197
5197
5197
5197
5197
5197
5197
5197
5198
5198
5198
5198
5198
5198
5198
5198
5198
5198
5198
5198
5198
5198
5198
5198
5198
5198
5198
5198
5198
5198
5198
5198
5198
5198
5198
5198
5198
5198
5198
5198
5198
5198
5198
5198
5198
5198
5197
5197
5197
5198
5198
5198
5198
5198
5198
5198
5198
5198
5198
5198
5198
5198
5198
5198
5198
5198
5198
5198
5198
5198
5198
5198
5198
5198
5198
5197
5197
5197
5197
5197
5197
5197
5197
5197
5197
5197
5197
5197
5197
5197
5198
5198
5198
5198
5198
5198
5198
5198
5198
5198
5198
5198
5198
5198
5198
5198
5198
5198
5198
5198
5198
5198
5198
5198
5198
5198
5198
5198
5198
5198
5198
5198
5198
5198
5198
5198
5198
5198
5198
5198
5198
5198
5198
5198
5198
5198
5198
5198
5198
5198
5198
5198
5198
5198
5197
5197
5197
5197
5197
5197
5197
5197
5197
5197
5197
5197
5197
5197
5197
5197
5197
5197
5197
5197
5197
5197
5197
5197
5198
5198
5198
5198
5198
5198
5197
5198
5198
5198
5198
5198
5198
5198
5198
5198
5198
5198
5198
5198
5198
5198
5198
5198
5198
5198
5198
5198
5198
5198
5198
5198
5198
5198
5198
5198
5198
5198
5198
5198
5198
5198
5198
5198
5198
5198
5198
5198
5198
5198
5198
5198
5198
5198
5197
5197
5197
5197
5197
5197
5197
5197
5197
5197
5197
5197
5197
5197
5197
5197
5197
5197
5197
5197
5197
5198
5198
5198
5198
5198
5198
5197
5197
5197
5197
5198
5198
5198
5198
5198
5198
5197
5197
5197
5198
5198
5198
5198
5198
5198
5198
5198
5198
5198
5198
5198
5198
5198
5198
5198
5198
5198
5198
5198
5198
5198
5198
5198
5198
5198
5198
5198
5198
5198
5198
5198
5198
5198
5198
5198
5198
5197
5198
5198
5198
5198
5198
5198
5198
5198
5198
5197
5197
5197
5197
5198
5198
5198
5198
5198
5198
5198
5198
5197
5197
5197
5197
5197
5197
5197
5197
5197
5197
5197
5197
5197
5197
5197
5197
5197
5197
5197
5197
5197
5197
5197
5197
5197
5197
5197
5197
5197
5197
5197
5197
5197
5197
5197
5197
5197
5197
5197
5197
5197
5197
5197
5197
5197
5197
5197
5197
5197
5197
5197
5197
5197
5198
5198
5198
5198
5198
5198
5198
5198
5198
5198
5198
5198
5197
5197
5197
5197
5197
5197
5197
5197
5197
5197
5197
5197
5197
5197
5196
5197
5197
5197
5197
5197
5198
5198
5198
5198
5198
5198
5198
5198
5198
5198
5198
5198
5198
5198
5198
5198
5198
5198
5198
5198
5198
5198
5198
5198
5198
5198
5198
5198
5198
5198
5198
5198
5198
5198
5198
5198
5198
5198
5198
5198
5198
5198
5198
5198
5198
5198
5198
5198
5198
5198
5198
5198
5198
5198
5198
5198
5198
5198
5198
5197
5197
5197
5197
5197
5197
5197
5197
5197
5197
5197
5197
5197
5197
5197
5197
5197
5197
5197
5197
5197
5197
5197
5197
5197
5197
5197
5197
5197
5197
5197
5197
5197
5197
5197
5197
5197
5197
5197
5197
5197
5197
5197
5197
5197
5197
5197
5197
5197
5197
5197
5197
5197
5197
5197
5197
5197
5197
5197
5197
5197
5197
5197
5197
5197
5197
5197
5197
5197
5197
5197
5198
5198
5198
5198
5198
5198
5198
5198
5198
5198
5198
5198
5198
5198
5198
5198
5198
5198
5198
5198
5198
5198
5198
5198
5198
5198
5198
5198
5198
5198
5198
5198
5198
5198
5197
5197
5197
5197
5197
5197
5197
5197
5197
5197
5198
5198
5198
5198
5198
5198
5197
5197
5197
5198
5198
5198
5198
5198
5198
5198
5198
5198
5198
5198
5198
5198
5198
5198
5197
5197
5197
5197
5197
5197
5197
5197
5197
5197
5197
5197
5197
5197
5197
5197
5197
5197
5197
5197
5197
5197
5197
5197
5197
5197
5197
5197
5197
5197
5197
5197
5197
5198
5198
5198
5198
5198
5198
5198
5198
5198
5198
5198
5198
5198
5198
5198
5198
5198
5198
5198
5198
5198
5198
5198
5198
5198
5198
5198
5198
5198
5198
5198
5198
5198
5198
5198
5198
5198
5198
5198
5198
5198
5198
5198
5198
5198
5198
5198
5198
5198
5198
5198
5198
5198
5198
5198
5198
5198
5198
5198
5198
5198
5198
5198
5198
5198
5198
5198
5198
5198
5198
5198
5198
5198
5198
5198
5198
5198
5198
5198
5198
5198
5198
5197
5197
5197
5197
5197
5197
5197
5197
5197
5197
5198
5198
5198
5198
5198
5198
5198
5198
5198
5198
5198
5198
5198
5198
5198
5198
5198
5198
5198
5198
5198
5198
5198
5198
5198
5198
5198
5198
5198
5198
5198
5198
5198
5198
5198
5198
5198
5198
5198
5198
5198
5198
5198
5198
5198
5198
5198
5198
5198
5198
5198
5198
5198
5198
5198
5198
5198
5198
5198
5198
5198
5198
5198
5198
5198
5198
5198
5198
5198
5198
5198
5198
5198
5198
5198
5198
5198
5198
5198
5198
5198
5198
5198
5198
5198
5198
5198
5198
5198
5198
5198
5198
5198
5198
5198
5198
5198
5198
5198
5198
5198
5198
5198
5198
5198
5198
5198
5198
5198
5198
5198
5198
5198
5198
5198
5198
5198
5198
5197
5197
5197
5197
5197
5197
5197
5197
5197
5197
5197
5197
5197
5197
5197
5197
5197
5197
5197
5197
5197
5197
5197
5197
5197
5197
5197
5197
5197
5197
5197
5197
5197
5197
5197
5197
5197
5197
5197
5197
5197
5197
5197
5197
5197
5197
5197
5197
5197
5197
5197
5197
5197
5197
5197
5197
5197
5197
5197
5197
5197
5197
5197
5197
5197
5197
5197
5197
5197
5197
5197
5197
5197
5197
5197
5197
5197
5197
5197
5197
5197
5197
5197
5197
5197
5197
5197
5197
5197
5197
5197
5197
5197
5197
5197
5197
5197
5197
5197
5197
5197
5197
5197
5197
5197
5197
5197
5197
5197
5197
5197
5196
5197
5197
5197
5198
5198
5198
5198
5198
5198
5198
5198
5198
5198
5198
5198
5198
5198
5198
5198
5198
5198
5198
5198
5198
5198
5198
5198
5198
5198
5198
5198
5198
5198
5198
5198
5198
5198
5198
5198
5198
5198
5198
5198
5198
5198
5198
5198
5198
5198
5198
5198
5198
5198
5198
5198
5198
5198
5198
5198
5198
5198
5198
5198
5198
5198
5198
5198
5198
5198
5198
5198
5198
5198
5198
5198
5198
5198
5198
5198
5198
5198
5198
5198
5198
5198
5198
5198
5198
5198
5198
5198
5198
5198
5198
5198
5198
5198
5198
5198
5198
5198
5198
5198
5198
5198
5198
5198
5198
5198
5198
5198
5198
5198
5198
5198
5197
5197
5197
5197
5197
5197
5197
5197
5197
5197
5197
5197
5197
5197
5197
5197
5197
5197
5197
5197
5197
5197
5197
5197
5197
5197
5197
5197
5197
5197
5198
5198
5198
5198
5198
5198
5198
5198
5198
5198
5198
5198
5198
5198
5198
5198
5198
5198
5198
5198
5198
5198
5198
5198
5198
5198
5198
5198
5198
5198
5198
5198
5198
5198
5198
5198
5198
5198
5198
5198
5198
5198
5198
5198
5198
5198
5198
5198
5198
5198
5198
5198
5198
5198
5198
5198
5198
5198
5198
5198
5198
5198
5198
5198
5198
5198
5198
5198
5198
5198
5198
5198
5198
5198
5198
5198
5198
5198
5198
5198
5198
5198
5198
5198
5198
5198
5198
5198
5198
5198
5198
5198
5198
5198
5198
5198
5198
5198
5198
5198
5198
5198
5198
5198
5198
5198
5198
5198
5198
5198
5198
5198
5198
5198
5198
5198
5198
5198
5198
5198
5198
5198
5198
5198
5198
5198
5198
5198
5198
5198
5198
5198
5198
5198
5198
5198
5198
5198
5198
5198
5198
5198
5198
5198
5198
5198
5198
5198
5198
5198
5198
5198
5198
5198
5198
5198
5198
5198
5198
5198
5198
5198
5198
5198
5198
5198
5198
5198
5198
5198
5198
5198
5198
5198
5198
5198
5198
5198
5198
5198
5198
5198
5198
5198
5198
5198
5198
5198
5198
5198
5198
5198
5198
5198
5198
5198
5198
5198
5198
5198
5198
5198
5198
5198
5198
5198
5198
5198
5198
5198
5198
5198
5198
5198
5198
5198
5198
5198
5198
5198
5198
5198
5198
5198
5198
5198
5198
5198
5198
5198
5198
5198
5198
5198
5198
5198
5198
5198
5198
5198
5198
5198
5198
5198
5198
5198
5198
5198
5198
5198
5198
5198
5198
5198
5198
5198
5198
5198
5198
5198
5198
5198
5198
5198
5198
5198
5198
5198
5198
5198
5198
5198
5198
5198
5198
5198
5198
5198
5198
5198
5198
5198
5198
5198
5198
5198
5198
5198
5198
5198
5198
5198
5198
5198
5198
5198
5198
5198
5198
5198
5197
5197
5197
5197
5197
5197
5197
5197
5197
5197
5197
5197
5197
5197
5197
5197
5197
5197
5197
5197
5197
5197
5197
5197
5197
5197
5198
5198
5198
5198
5198
5198
5198
5198
5198
5198
5198
5198
5198
5198
5198
5198
5198
5198
5198
5198
5198
5198
5198
5198
5198
5198
5198
5198
5198
5198
5198
5198
5198
5198
5198
5198
5198
5198
5198
5198
5198
5198
5198
5198
5198
5198
5198
5198
5198
5198
5198
5198
5198
5198
5198
5198
5198
5198
5198
5198
5198
5198
5198
5198
5198
5198
5198
5198
5198
5198
5198
5198
5198
5198
5198
5198
5198
5198
5198
5198
5198
5198
5198
5198
5198
5198
5198
5198
5198
5198
5198
5198
5198
5198
5198
5198
5198
5198
5198
5198
5198
5198
5198
5198
5198
5198
5198
5198
5198
5198
5198
5198
5198
5198
5198
5198
5198
5198
5198
5198
5198
5198
5198
5198
5198
5198
5198
5198
5198
5198
5198
5198
5198
5198
5198
5198
5198
5198
5198
5198
5198
5198
5198
5198
5198
5198
5198
5198
5198
5198
5198
5198
5198
5198
5198
5198
5198
5198
5198
5198
5198
5198
5198
5198
5198
5198
5198
5198
5198
5198
5198
5198
5198
5198
5198
5198
5198
5198
5198
5198
5198
5198
5198
5198
5198
5198
5198
5198
5198
5198
5198
5198
5198
5198
5198
5198
5198
5198
5198
5198
5198
5198
5198
5198
5198
5198
5198
5198
5198
5198
5198
5198
5198
5198
5198
5198
5198
5198
5198
5198
5198
5198
5198
5198
5198
5198
5198
5198
5198
5198
5198
5198
5198
5198
5198
5198
5198
5198
5198
5198
5198
5198
5198
5198
5198
5198
5198
5198
5198
5198
5198
5198
5198
5198
5198
5198
5198
5198
5198
5198
5198
5198
5198
5198
5198
5198
5198
5198
5198
5198
5198
5198
5198
5198
5198
5198
5198
5198
5198
5198
5198
5198
5198
5198
5198
5198
5198
5198
5198
5198
5198
5198
5198
5198
5198
5198
5198
5198
5198
5198
5198
5198
5198
5198
5198
5198
5198
5198
5198
5198
5198
5198
5198
5198
5198
5198
5198
5198
5198
5198
5198
