3768
4106
4106
4106
3861
3861
4106
3670
3718
3338
3290
2992
3040
3045
2721
2721
2716
3152
3104
3104
3104
3428
3026
3026
2688
3026
2512
2892
2892
3190
2810
2810
3324
3704
3380
3380
3782
3881
4205
3803
3803
3804
3262
3373
3374
3422
3323
2809
2698
2725
2969
3371
3371
3370
3369
3468
3579
3580
3335
3334
3335
3224
3469
4011
3713
3086
3197
2873
3500
3256
3229
3228
3472
3472
3472
3228
3233
3260
3261
3505
3167
3162
3051
2509
2107
2218
2732
2488
3030
3328
3487
2860
2859
2811
2812
3439
3439
3412
3814
3815
3814
3378
3133
2506
2505
2505
2553
2553
2442
2062
2442
2839
2839
3083
3083
3328
2948
2650
2406
3033
3277
3282
3606
3362
3798
3401
3739
3494
3156
3156
3057
3058
3058
2734
3072
3024
3123
3123
3171
3170
2832
2396
2396
2397
2695
2596
2934
2392
2828
2927
3307
3259
3254
3254
2916
3161
3002
2704
3002
3003
3002
3007
3118
3362
2848
2896
3438
3465
3464
3861
4185
3749
3749
3750
4264
4264
4265
4264
4602
4358
4247
3705
3367
3362
3038
3038
3038
2524
2848
3284
2887
3225
3126
2724
2479
2431
2404
2405
2067
2067
2072
2231
1795
2039
1880
1636
1881
1501
1600
1759
1132
1131
1528
1639
2153
2491
2332
2959
3395
3937
3613
3993
3894
3921
3810
3512
3914
4238
4233
3831
3831
3289
3262
3262
3017
3022
2698
2746
2310
2310
2262
2560
2671
2698
2318
2417
2959
3283
2769
2928
2531
1989
1962
1851
1852
1847
2389
2290
2535
2634
2661
3041
3443
3442
3839
3680
3680
3685
3586
3586
3587
3635
3255
3691
3690
3789
3491
3871
3491
3246
3544
3246
3760
4140
4041
4285
4285
3947
4058
3516
3114
3656
3655
3656
3994
3994
4153
4152
4147
3633
3522
3125
2966
2586
2966
3077
3078
3078
3323
3078
3077
3236
3209
3209
2773
2146
2098
1987
2285
2333
2338
2338
2338
2000
2001
2437
1895
1736
1492
2119
2218
2217
2759
2760
2712
2388
2499
2201
2090
2089
2089
2200
2359
2657
2684
3022
3536
3022
3536
3938
3986
3887
3887
3887
4132
4127
3789
3544
3545
3883
3884
3342
3441
3143
2741
2746
2587
2151
2150
2692
2691
2989
2475
2911
3155
2719
3121
3366
3367
3368
3368
3765
3765
4201
4200
3955
3907
3365
3027
2916
2618
2666
2911
3453
3791
3743
3902
4226
4740
4304
3924
3924
4360
4471
4851
5149
4851
5149
4635
4093
4066
3742
4066
3821
3848
3848
3848
3510
3411
3459
3023
3361
3202
3447
3546
3302
3302
3301
3460
2833
2734
2332
2874
2875
2974
3376
2979
2978
3375
3216
2878
3122
3117
3122
2798
2418
2419
2371
2344
2046
2370
1828
1504
1505
1406
1405
1400
1914
1941
1989
1990
2314
2413
2955
2631
2969
2725
2724
3351
3324
3325
3330
2933
2688
3124
2786
3030
3368
3367
3526
3824
3282
3283
3310
3852
3310
2972
3310
3211
3211
2584
2683
2439
2439
2981
2954
2656
2254
2881
2833
3078
2564
2022
2022
2424
2423
1987
1986
1987
2367
2665
2665
2692
2692
2936
2825
2666
2567
2891
3288
3289
3288
3830
4344
4780
4753
4801
4802
4288
3746
3501
3746
3119
2874
2550
2709
2329
2653
2652
3166
3167
3166
3165
3117
2681
2780
2807
2780
2378
2758
3385
2988
3385
3226
2829
2505
2941
2314
1934
2336
2733
3275
3520
3006
2604
2631
2604
2505
2506
2208
1870
2250
1870
1870
1870
2497
1955
2469
2224
2224
2383
1947
2046
2370
2369
2210
1966
1452
1452
1854
1854
1755
1750
1755
1782
2324
1782
2026
2185
2180
2425
2967
2967
2722
2833
2833
3131
3511
3512
3511
3610
3583
3828
3829
3505
3125
2880
2880
2879
2768
3092
3337
3337
3093
3094
3205
3253
3205
3449
3151
3152
3179
3179
2552
2932
2932
3230
3203
3639
3242
3242
3639
3639
3638
3639
4266
4293
4293
4292
3856
4370
4806
4482
4085
4409
4806
4426
4315
3879
3337
3448
3990
3692
3295
2971
2872
2470
2569
2570
2570
2056
2436
2484
2436
2833
2674
3110
2999
3323
2943
3241
3240
3399
3779
3620
3223
3334
3848
3604
4006
3895
3895
4006
3895
3943
4102
3588
3208
3546
3498
3160
3160
3161
2725
2401
2406
2803
2558
3072
2530
2431
2479
2479
2478
2430
2529
2015
2260
2504
2828
2669
2664
2664
2037
2148
2037
2664
2669
2345
2781
2940
2940
2939
3319
3320
3293
2913
3251
3152
2755
3135
3532
3580
3200
2902
2275
1873
1873
1629
1384
1628
1629
2009
2254
2254
2254
2010
2037
2032
2031
2275
2902
2505
2829
2670
2968
3079
2781
2733
2734
2410
2410
2509
2833
2806
3203
3104
2993
2557
2556
2312
2317
1993
1993
1993
2104
1993
1994
1993
2020
2020
2179
2423
2522
2521
2521
2276
2276
2117
2117
1779
1152
1200
1152
1450
1695
1695
2322
2758
2659
2632
2387
2143
2388
2008
2388
1952
2111
1813
2327
1930
1978
2380
2375
1995
1996
1996
1948
2192
2628
2655
2979
2543
2384
2764
2923
2764
3161
3134
2620
2958
3500
3162
3273
3432
3188
3486
3486
2944
3188
3193
3034
2790
2949
2949
3491
3491
3380
3375
3402
3402
3000
3402
3401
3156
3161
3260
3161
2837
3161
3405
3025
3025
3020
3021
3457
3556
3557
3155
3669
4007
4118
3820
4200
3803
3803
3803
3423
3312
3692
4094
3850
3336
3012
2610
2610
2615
2859
2859
2858
2478
2589
2834
2882
2783
2756
2755
3157
3158
3159
3158
3538
3935
3935
4259
4148
3606
3209
3308
3705
3705
3381
3222
3381
3705
3705
3546
3447
2820
2423
2043
2440
2982
2644
2644
3024
3051
3046
3673
3271
3270
3222
3222
3381
3136
3474
3876
3717
3320
2884
2560
2805
3241
3352
2950
2570
2618
2777
2666
3180
3279
3280
2844
2745
2407
1780
2104
2402
2401
2242
2194
2596
2755
2803
2803
3200
3311
3311
3284
3284
3664
3262
2964
2965
3401
3428
3429
2887
2642
2594
2599
3141
3439
3412
2976
3603
4005
3707
3596
3596
3644
3017
3012
2964
2969
3214
3209
3214
3262
3262
2860
2859
2854
3152
2908
3344
3746
3990
3448
3124
3076
2831
2836
2884
2725
2824
2823
3161
3320
3272
3173
2659
3173
3272
3272
3028
2592
2640
2640
2243
2640
2641
2752
2355
2600
2844
2844
2844
3280
3035
3662
3551
3550
3947
3899
3899
3894
3458
3078
3105
2861
2464
2512
2892
2892
2265
2265
2701
2674
2674
2701
2945
3269
3242
2862
2703
3330
2928
3039
3284
3681
3633
3119
3119
3661
3416
3421
3322
3567
3726
3774
3436
3437
3775
3776
3665
3665
3367
3366
3366
3207
3207
2869
2624
2651
2896
3298
3297
3396
3152
3153
3667
3265
3238
3536
3780
3266
3646
3598
4112
3570
3597
3935
3935
3935
3637
3632
3387
3386
3788
3899
3519
3817
3817
3706
3865
3706
3368
3479
3181
2779
2535
2873
3118
3277
3282
2655
2655
2656
3283
3278
3278
3278
3279
3278
3680
3728
3101
2856
2861
2750
2749
2744
3371
3615
3615
3277
3118
3363
3661
3613
3216
3596
3351
3462
3351
2837
3351
3351
3689
3689
3590
3987
3473
3474
3077
3077
3077
2833
3078
3051
3210
2774
3210
3258
3369
3374
3129
3374
3771
3723
4265
3885
3880
3928
4308
4308
4552
4254
4552
4155
3719
3719
3719
3474
3473
3870
4384
4384
4225
3887
3888
3261
3262
3018
2621
2573
2275
1761
1860
1860
2374
2672
2374
2422
2422
2422
2042
1528
1866
1542
1494
1499
1498
1498
2125
2370
2370
2767
3147
3142
3142
3301
2921
2524
2921
2926
2974
3272
3652
4166
3921
3873
3921
3921
3921
3541
2999
3000
2901
2901
2896
2848
2853
3233
3233
3669
3669
3914
4238
3611
3366
3993
3479
3478
3319
2995
2657
2657
3199
2657
2902
3001
3001
3002
3161
3675
3161
3161
3160
2862
3200
3227
2982
2977
2950
2955
3469
2955
3497
3095
3095
2757
2377
2377
2675
2674
2563
2564
2966
3077
3072
3410
3458
3410
3311
3312
3153
3180
3339
3339
3001
3100
3480
3528
3369
3374
3373
2976
3373
3262
3373
3373
3374
3618
3591
3750
3749
3994
3994
3946
3510
3505
3829
3856
3229
3229
3202
3638
3638
3639
3639
3977
3435
3483
3483
3238
2836
2863
2863
2863
2836
2737
2742
2769
2769
2768
2767
3281
2845
2521
2494
2495
2740
2692
2394
1880
1875
2311
2200
2200
2602
2900
2464
2463
2977
2978
3302
3302
3302
3302
2978
3302
2900
2602
2602
3038
3038
3440
3004
2680
2707
2462
3004
3440
3440
3440
3060
3384
3357
2921
2921
2524
2186
2186
2213
2610
2709
2757
2243
2623
2624
2380
2491
2464
2062
2089
2089
2062
2062
2067
2066
2364
2364
2991
3427
3268
3670
3915
3518
3518
3273
3273
3517
3273
2893
3052
3449
3052
3432
3432
3321
3432
3829
3781
4025
4052
3425
3266
3266
3780
4025
3645
4025
4025
4184
4183
4184
4157
4157
4156
3642
3100
3095
2698
2725
3267
3268
3665
4003
3601
4115
3871
3871
3876
3876
3871
3491
3893
3892
3892
3940
3642
3642
3483
4110
3708
3384
2870
2759
2870
2822
3066
2967
2968
3482
3237
3210
3369
3771
4069
3731
3736
3736
3763
3249
3249
3250
3006
2379
2759
3097
2661
2906
3150
3150
3039
3012
3011
3335
3335
2955
3335
3336
3336
3091
3527
3527
3526
2984
2548
2548
2547
2547
2983
3010
3121
3121
3748
3748
3424
3966
3339
2903
2904
2606
2930
2606
2226
2067
2066
2067
2040
2285
2312
2939
2938
3374
3533
3831
3434
3032
3131
3132
3132
3133
3034
2598
2697
2070
2069
2505
2504
2499
2472
2477
2318
2715
2716
2605
2605
2653
3033
3034
2637
2664
3291
3291
3291
3264
3216
2836
2591
2993
3020
3417
3119
3417
3416
3796
3769
4014
4338
4337
4332
3994
3696
3855
3860
3463
3463
3801
3828
3828
3729
3349
3746
3719
3746
3845
4143
4143
3898
3899
4413
4461
4217
4212
3585
3247
3199
3200
3101
3074
2915
3074
3412
3412
4039
4150
4395
4150
4394
4421
4421
4019
3775
3874
3477
3525
3927
3603
3983
4307
3765
3138
3765
3138
3137
3136
2798
2474
2315
2316
2316
2317
2714
2416
2036
2035
2662
2662
2661
2264
2588
2747
3144
3145
3146
3146
2744
2645
3047
3020
3264
3602
3601
3846
3945
3945
3846
4388
4768
4720
4284
4040
3929
4365
4609
4229
4229
4609
4657
4768
4226
4178
4178
3742
3631
3004
2680
3116
2719
3261
3102
3261
3102
3150
3150
3448
3559
3956
4280
4035
4062
4062
4689
4694
4180
3800
4045
3721
3477
3477
3477
3576
3900
3900
4280
3878
3877
3877
3441
3103
3262
3235
3671
3560
3163
2621
2865
3262
3664
3419
3420
3419
3320
3320
3320
3320
3272
3610
3272
3320
2940
2538
2649
2405
2947
2550
2439
2836
2538
2379
2624
2379
2380
2678
2380
2625
2652
2950
2626
2870
3272
3224
3562
4076
4049
4076
4175
3739
3640
3613
3613
3993
4429
4540
4864
4863
4890
5049
4652
4652
4138
4237
4237
4285
4174
4175
4076
3831
3783
4028
3486
3486
3534
3132
2887
2887
3429
3091
3493
3831
3831
4228
3848
3947
3947
3946
3622
3867
3431
3029
3024
3029
2691
3127
3127
2968
2670
2665
2666
2990
2991
2943
2943
3102
2857
2857
3102
3616
4018
4398
4371
3829
4167
4167
4068
4068
3666
4208
4256
4097
4256
4255
3917
3537
3489
3600
3938
3694
3721
4019
4019
4067
4040
4040
3742
3769
3333
3332
3284
3173
2776
3020
3021
3423
3021
3418
3423
3423
3471
3570
3569
3325
3436
3191
3186
3159
3186
3191
2677
2677
2678
2567
2812
2488
2732
2488
1946
2326
2321
2294
2836
2591
2618
2221
2545
2790
2789
3191
3143
2741
2741
2714
2555
2217
2218
2218
2732
2843
2843
2843
3240
3288
2661
2661
2661
2281
2182
1640
2042
2042
2043
2043
2048
2386
2385
3012
2688
2932
3312
3854
3743
3405
3406
3406
3406
3704
3731
3731
3731
3731
3487
3085
3085
2840
2939
3375
3375
3619
3618
3942
3400
3401
2965
3507
3666
3777
3235
3230
3119
3118
3118
2721
2721
2562
2721
3123
3122
2878
2830
2450
2152
1750
2130
2428
2825
2873
2873
3118
3118
2820
2825
3367
3368
2988
2591
2590
2048
2049
2485
2437
2436
2484
2886
2259
2656
2608
2946
3244
3245
3240
2838
3218
2782
2830
2803
2406
2247
2246
2273
2246
2682
2683
2710
2709
2195
2195
2196
2201
2174
2688
2847
3389
3384
3411
3522
3423
4050
4447
4691
4580
4679
4381
4381
4282
4234
4532
4135
4183
3803
3803
3755
3756
3755
3755
3754
4134
4536
4291
4291
3953
3411
3252
3794
3842
3462
3462
3463
2949
3108
3107
3445
3445
3445
3397
3073
3121
3121
2719
3099
2472
2986
3085
2649
3276
2896
3141
2982
3418
2904
2468
2870
2771
3168
3279
3168
2870
3384
3389
3341
2827
2822
2822
3202
2800
2801
2801
2801
2806
2965
3076
3124
3124
3123
3559
3554
3527
3282
3282
3527
3479
3099
3147
2988
2552
2711
2712
3092
3494
3818
3917
3917
3520
3521
3276
3032
3032
2694
2992
3236
3633
3660
4096
3716
3721
3324
3276
3521
3277
3615
3504
3477
3153
3153
3148
2746
2745
3142
2804
2915
3239
3238
2993
2834
2437
1895
1796
1955
1956
2294
2691
3233
3635
3297
3298
3000
3380
3269
3513
4027
3647
3892
3919
4030
4035
4008
3466
3461
3460
2946
2510
3024
2913
2913
3251
3631
3387
3685
3796
3551
3392
3419
3578
3198
3039
3039
3419
3419
3855
3903
4147
3809
3412
3750
3755
3431
3404
3649
3973
4370
3968
3963
4062
4464
5006
4570
4570
4571
4576
4252
4204
4204
3690
4014
4173
3875
3495
3157
3157
3157
3157
3058
2947
3285
3583
4097
4124
3497
3497
3608
3603
3359
2962
2664
3291
3290
3290
3295
3539
3540
3539
3201
3598
3571
3029
3327
3375
3376
3475
3151
3052
3004
2607
2602
2940
2696
2358
2363
1849
1876
1871
1871
1870
1871
2385
2274
2654
2252
2007
2443
2443
2554
2553
2553
2394
2936
3095
3096
2985
3323
2943
2507
1965
1965
1806
1779
1890
2134
2233
2630
2630
2629
3171
3198
3087
3467
3712
3467
3466
3467
3467
3903
4148
4121
4523
4523
4847
4509
4129
3727
3291
3291
3292
3694
3699
3694
4130
4157
4156
4536
4292
4292
4292
3890
3890
4049
4049
4054
3618
3238
3576
3687
3931
3534
3936
4333
4333
3931
3686
3587
2960
2662
3042
3015
3015
2473
2572
2175
2577
2197
2633
2119
2746
2794
2695
2536
3078
3475
3475
3476
3476
2849
2948
2943
3457
4084
3682
3687
3846
3735
3730
3333
3631
3532
3194
3199
3537
3636
3631
3631
3630
3629
3629
3291
3132
3132
3159
3132
3291
3243
3084
3084
2648
2675
2133
2134
2570
2908
3450
3450
3852
3514
3759
3759
3660
3819
3574
3574
3819
3792
3548
3575
3575
3972
3945
3543
3384
3086
2689
2848
2848
3250
2814
2813
2813
2912
2913
2371
2709
2550
2550
2550
2794
2794
2695
2181
2695
2695
3092
3140
3092
3092
3091
3139
2815
2815
2974
2460
2784
2784
3082
2455
2455
2456
2158
2672
2672
2348
2890
2890
2842
3166
3793
3166
3214
3841
3842
3869
3869
3868
4166
3624
3723
3321
3162
3162
2918
2917
3353
2726
2970
2971
2647
2349
2673
2429
2430
3057
3355
3360
3359
3358
3359
3603
3206
3179
3338
3339
2712
2467
3009
2685
2684
2929
2493
2493
2817
2928
2769
2769
2764
2520
2275
2520
2764
2716
3118
2820
2825
2825
2826
2853
2901
2499
2499
2498
2498
2498
2497
2497
3124
3526
2984
2984
2739
2691
2850
2526
2526
2499
2935
3332
3380
3380
3922
3584
3922
3949
3513
3111
3111
3491
3486
3486
3486
3486
3089
2930
2686
2059
2357
2754
2759
2732
2759
2759
2918
3162
3162
3598
3843
3843
4470
4090
3548
3112
2598
2598
2499
3041
3014
3041
3042
3478
3577
3332
3173
3174
3174
3169
3493
3155
3154
3668
3827
3826
3799
4201
4201
4446
4451
4789
4790
4742
4418
4173
4553
4151
4199
3819
4221
4062
4307
4307
4631
4630
4657
4412
4168
4412
4412
4413
4075
4075
3678
4058
3734
3332
3034
3436
3388
2874
2873
3270
3243
3132
3033
3060
3219
3464
3084
3183
2939
2940
3454
3454
3834
3834
3834
3829
3877
3850
3414
3415
3256
3255
3260
3015
2473
2584
2579
2531
2855
2531
2532
2559
2157
2157
1530
1535
1530
1774
2176
2077
2619
2618
3054
3299
3054
2657
2656
2657
2816
2705
3043
3142
2762
2762
3060
2762
2762
2663
2774
2774
2530
2371
2372
1858
2103
2347
2395
2368
2395
2395
2150
2039
2553
2553
2011
2256
2229
2771
2771
2930
3327
3438
3443
3823
3922
3922
4220
3976
3877
3480
2966
2966
3593
3837
3499
2957
3295
3619
3618
3645
3534
3132
3243
3244
2617
2716
2711
3225
3224
3766
3771
3744
3744
3633
3309
3711
3738
3738
3493
3493
3492
3393
3149
2607
3149
3149
2635
2636
2880
2500
2064
2016
1614
1713
2227
2200
2445
2769
2670
2669
2768
3148
3148
3149
3149
3260
3887
3589
3344
3100
3100
3095
3143
3044
3480
3432
3321
3321
3320
2982
2355
2693
2792
3419
3664
3669
3155
3399
3400
3301
3301
3815
3656
3651
3651
3651
3313
2933
2609
1982
1981
1981
2378
2780
2781
3079
3459
3783
3788
3544
3299
3326
3321
2807
3145
2748
2748
2993
2993
3152
2772
2772
2434
2482
2483
2047
1888
2402
2354
2465
2354
2981
3361
2734
2734
2332
2380
2624
2783
2539
2538
2539
2638
2643
2887
2886
2642
2642
3039
2741
2417
2412
2385
2412
2364
2991
2990
3392
3147
3485
3083
2456
2059
1721
1832
2268
2895
2784
2784
2789
3113
3411
3411
3406
3808
3510
3510
3511
3516
3517
3516
3761
3602
3357
3602
3200
3444
3439
3598
4000
4338
3824
3797
3553
3394
3442
3553
3011
2912
2532
2912
3210
3607
3362
3607
3608
3608
3607
3851
3471
3498
3657
3498
3174
3147
2711
2466
2466
2064
1437
1761
1517
2144
2243
2144
2389
2389
2278
2305
2310
2824
3226
3662
3906
3907
3906
3661
3656
3656
3608
3609
3609
3609
3207
3206
3586
3586
3586
3262
3310
3409
3654
3274
2936
2638
2637
2638
2797
3177
3177
3150
3177
3177
3515
3270
3672
3677
3678
3579
3877
3877
3976
3976
3949
3790
3901
4443
4470
4172
3928
3492
3816
3816
3815
3188
3188
3188
3188
3433
4060
4033
4469
4469
4628
4001
4001
4001
4001
4001
3621
3376
3328
3573
3953
3615
3642
3690
3642
3886
3886
3641
3614
3614
3912
3913
4540
4138
4165
4006
3609
3609
3947
3703
3592
3592
3703
3161
3209
3161
3161
3558
3558
3557
3530
3932
3932
3927
4086
4085
3986
3875
4119
4146
4146
4146
3822
3195
2759
2759
2858
2863
2863
2911
2911
2911
3156
3156
2754
2754
2706
2679
3003
3545
3540
3976
4087
3651
3407
3109
3109
3545
3593
3593
3213
2816
2816
2816
2274
2029
2034
2061
2062
2014
1690
1691
2233
2233
2134
2134
2432
2273
2268
2268
1832
1931
1979
1880
1582
1555
1935
2562
2020
1909
2068
2073
1693
2073
2100
2502
2475
3017
2858
2520
2519
2764
2791
3035
3373
3809
4107
4108
4108
3706
3706
4103
4102
4201
3863
3974
3730
3731
4133
3506
3505
3260
3419
2905
2508
2210
2210
2724
2322
2317
2655
2979
2952
3579
3824
3825
3852
4096
3716
3716
3202
3207
3108
3207
3609
3609
3207
3108
3505
3500
3341
3003
3003
2758
2917
2520
2765
3103
3103
3108
3060
2736
3250
2912
2667
2556
2655
2219
2599
2710
3048
3021
2507
2502
2502
2502
3016
2905
2953
2958
3394
3692
3354
3354
3756
3708
3735
4132
3973
3593
3838
3838
3838
3838
3838
3211
3210
3548
3449
3560
3555
3528
3576
3577
3582
3582
4209
4209
4204
4203
3959
3332
3431
3431
3436
3437
3817
3718
3745
3844
3844
3843
3844
4003
4327
4327
4327
3947
4574
4574
4573
4525
4769
4658
5038
4939
4559
4558
4938
4933
4774
4933
4609
4614
4615
4073
4073
3637
3637
3685
3684
4008
3684
4120
3822
3442
3442
3443
3542
3542
3515
3416
3958
4338
4333
4360
3924
3924
3924
4035
3633
3006
3006
2762
2603
3230
3229
2891
2891
2896
2499
2896
3055
3353
3353
2726
3050
3002
3002
3629
3629
4031
3489
3827
3503
3503
3602
3443
3443
3443
3438
3874
3874
3536
3022
3022
3022
3564
3266
3271
3271
3515
3813
3813
4137
4137
4137
3740
3360
3249
3250
3764
3466
3467
3765
3813
3813
3972
4369
4210
3813
3808
3808
3807
3966
3965
3966
3722
3966
4363
4336
4288
4315
4315
4315
4070
4450
4048
4053
4391
4364
3822
3822
3308
3822
3823
3443
3470
3146
2749
2505
2500
2401
2646
3188
3287
3287
2745
2500
2548
2659
2659
3039
2940
3482
3879
3879
4281
3654
3112
3111
2952
3494
3494
3739
3712
3739
3342
3347
2967
3347
3347
3299
2897
3299
3272
3516
3516
3271
3270
3297
3297
3297
3186
3285
3285
3530
3530
3192
2948
2434
2678
2678
2678
3016
3413
3461
3216
2972
3296
3540
3441
3005
2978
3089
3089
3334
3329
3330
2950
2977
3357
3309
3064
3037
2640
2342
2778
2440
2441
3068
3167
3194
3532
3532
3777
3750
3749
3776
3234
3282
3283
3581
3470
3132
2730
2735
2687
2251
2653
2648
2268
1970
2350
2892
2892
2892
2892
2892
3406
3082
3518
3491
2977
2541
2879
3203
3314
3612
3617
3617
3665
4062
4221
4173
4173
4173
3875
3551
2924
2919
2918
2966
2722
3020
2682
2571
3085
3521
3548
3547
3547
3448
3046
3046
3290
3291
3132
3132
3759
3514
3916
3374
2977
2977
3088
3247
2811
3135
2508
2481
2183
2184
2581
2879
2978
2978
3520
3421
3421
3123
3123
3421
3373
3049
3049
2890
3517
3516
3516
3615
3615
2988
2474
2988
2474
2363
2362
2363
2363
2362
2798
2803
2804
2402
2402
2022
2424
2325
2424
2425
2326
2840
3220
3220
2818
2813
2813
3151
2907
2907
3151
3778
3440
3440
3539
2997
2483
2997
2898
3057
3105
3204
3204
3231
3132
3470
3470
2843
2463
2865
3110
2674
2430
2403
2403
2514
2838
2937
3181
2857
2809
2808
2807
2807
3187
3187
3814
3412
3413
3075
2831
2720
3262
3267
3267
3267
3267
3267
2753
2373
2373
2075
1916
1916
1917
2241
2241
2240
2239
2641
2642
3022
3017
3017
3453
3791
3546
3551
4065
4060
4219
4464
4491
4491
4464
4708
4463
4061
3902
3388
3388
3388
3050
3564
3563
3563
3674
3132
3291
3339
2903
2908
2909
3311
3152
3152
3397
3396
3396
3694
3396
2882
3396
3396
3832
3396
3397
3556
3508
3184
3184
3184
3179
3503
3504
3405
3405
3161
2916
2921
2920
2761
2761
2809
3053
3048
2421
2420
2096
2123
2222
2222
2560
2560
2858
2759
2760
2760
2761
2761
2359
2021
2021
1777
1666
2293
2631
2004
2009
2445
2445
3072
3045
3045
3156
2759
2711
3253
3253
3577
3239
3398
3393
3420
3096
3434
3323
3322
3322
3566
3811
3811
3859
3864
3864
3975
4299
3919
3919
3892
3893
3893
3892
3844
4241
4268
3726
3290
3291
3264
3019
3118
3117
3165
3567
3562
3562
3561
3561
3941
3544
3941
3782
3941
3427
3427
3672
3270
3171
3171
3171
3171
3123
3012
3012
2615
2663
2663
3065
3065
3066
2728
2728
2827
2827
2503
2827
2828
2780
3322
3077
3104
3104
3215
3188
3089
3334
3333
3769
3796
3796
3360
3359
2732
3359
3697
3796
3685
4121
4635
4008
4009
3910
3612
3711
3712
3332
3305
3060
2624
2624
2735
3132
3137
3517
3517
3273
3162
3162
3161
3162
3157
3157
3205
3205
3205
3232
3232
2894
2894
3139
2625
2963
3074
2963
2963
2936
2941
2617
3131
3758
3757
3757
3377
3757
3784
3382
3382
3382
3382
3002
2757
2243
2216
2211
2725
3127
3127
2613
2640
2592
2591
2836
2884
2857
2809
2710
2710
2308
2308
2356
2383
2045
2447
2452
2452
2696
2669
3183
3619
3999
4323
4422
4263
4263
4374
4374
4401
4290
4242
3918
3891
3349
2947
2947
2948
2948
3286
3313
3855
3458
3214
2672
3214
3209
3368
3765
3666
3666
3765
3876
3849
3222
3111
3111
3222
3063
3307
2969
2969
3267
3156
3156
3183
3585
3744
3745
4083
4407
4455
4455
4455
4131
4455
4407
4248
4247
4246
4873
4575
4575
4237
4210
4548
4548
4659
4548
4210
4321
4369
4370
4708
4609
4907
4908
4528
4527
3985
3986
4013
4012
3768
4148
4148
4148
4148
3751
3124
3751
3349
3751
3752
3704
3593
3990
4101
4345
4101
3990
3666
3666
3765
3764
3426
3474
3475
4017
4022
4266
4266
4377
4377
4079
4079
3835
3399
3300
3252
3252
3496
3385
2843
2942
3378
2976
2579
2981
2354
2354
2465
3007
3305
3629
3677
3677
3379
3379
4006
4005
4164
4163
4052
4053
4391
4386
4141
3599
3710
3683
3247
3136
3137
2757
2658
3038
2700
2945
2945
3044
2885
2884
2785
2461
2488
2440
2413
2440
2778
2376
2674
2647
2674
2833
3375
3486
3888
3486
3922
3927
3927
3975
4074
3532
3531
3532
3531
3532
3532
3533
3528
3528
3230
3235
2990
2610
3007
3305
3304
2868
3270
3271
3595
4137
4137
4137
4136
4136
3739
3739
4119
3821
3816
3816
3817
3275
3711
3275
3275
3520
3472
2845
2521
2819
3361
3409
3164
2866
2866
2767
2767
3394
3639
3480
3480
3479
2965
2563
2887
3185
3185
3158
3158
2913
3427
3103
3103
2589
2748
3262
3262
3262
3214
2876
2876
2876
3273
3709
3708
3194
3194
3199
3537
3861
3861
3523
2981
2601
3115
3495
3171
3171
3171
3509
3171
3060
3398
3497
3497
3199
2685
3009
2685
2712
2712
3114
3114
3114
3114
3628
3384
3629
3953
3926
4170
3773
3614
3370
3529
3926
3926
3974
3974
4001
3996
3996
3996
3616
3860
4240
4240
4241
4783
4788
4788
4788
4543
4788
4788
4689
4445
4544
4544
4299
3961
3961
4072
4072
3961
4259
4370
4615
4615
4073
4046
4045
3643
3263
2965
2992
3330
3231
3330
3006
2907
2908
2908
2749
2748
2992
3316
3071
2827
3369
3342
3342
2715
2715
3117
3117
3497
3497
3159
3159
3186
2862
2862
2814
2815
2788
3112
2598
2625
2724
2724
3351
3399
3075
3589
2962
3286
2889
2778
2779
3176
3128
3176
3474
3474
4101
3704
3704
3077
2697
2155
2155
2314
2155
2399
2941
2940
2935
2935
3094
3095
3068
3695
4075
4472
4472
4472
4228
4233
3935
4046
4046
4384
4225
4225
4225
4225
4225
4225
4225
4469
4767
4767
4766
4364
4364
4609
4365
4365
4609
4609
4561
4462
4124
3744
4082
4462
4462
4561
4561
4164
3826
3874
3901
4303
4700
4700
4859
4859
4615
4615
4615
4859
4615
4317
4655
4253
4551
4524
4523
4523
4767
4253
3711
3711
4225
4767
4656
4276
4276
4678
4679
4277
3979
4090
4090
3752
4050
4388
4388
4768
4768
4669
4425
4101
4503
4502
4497
4596
3969
3870
3875
4199
4826
5070
5071
5070
4690
4717
4320
4419
4175
4175
4016
3989
3362
3251
3251
3410
4037
4032
4033
4032
4032
4033
3695
3939
4319
4271
4276
4387
4784
5122
5149
5050
4726
4726
4615
4616
3989
3989
4616
4236
4616
4457
4119
4119
4119
4167
4167
4167
4326
4437
4437
4057
4381
4380
4380
4479
4859
4859
4854
4854
5192
5081
4783
4445
4445
4444
4782
4380
4678
4354
4359
4354
4355
4110
4115
3777
3533
2991
3102
3346
3235
3236
3235
3235
3235
3346
3346
3102
3101
3439
3439
3683
3635
3636
3631
3679
3520
3519
3519
3520
3520
3520
3276
2649
2808
2649
2894
2649
2649
2649
2601
2490
2735
2783
3185
3158
3785
4109
4109
4114
3734
3220
3464
3459
3570
3950
3705
3367
2931
2932
2833
2833
3078
3078
3077
3082
3596
3623
3961
3960
3960
4119
4120
3606
3204
3045
3045
3046
3041
3041
2797
2797
2459
2458
2463
2458
2134
2023
2134
2648
2649
2649
2622
2621
3023
2509
2608
3150
3474
3910
4069
4074
4074
4074
4073
3693
4207
4207
4207
4208
4203
4447
4452
4790
4393
4294
4289
3965
4362
4363
4204
4204
4204
4203
4092
3690
3293
3452
3832
3673
3673
3700
3673
4070
4229
4553
4554
4554
4956
5067
4823
4387
4823
4525
4823
4823
4850
4849
4525
4524
4127
4127
3747
4127
4524
4226
3846
3945
3607
3508
3508
3263
3263
3263
3236
3236
2834
2207
2545
3172
3271
3276
3228
3069
3314
3215
2970
2971
2998
2993
2993
3291
3693
3693
3582
3827
3938
3938
3938
3938
3939
3939
3939
3912
3574
3574
3573
3574
3574
3601
3600
3605
3943
3944
3646
3970
3859
3859
4157
4157
3819
3819
3818
3817
3519
3520
2893
3273
3272
2758
2361
2362
2038
2362
2410
2410
2410
2165
2792
2765
2717
2337
2332
2630
2789
2789
2491
2735
2762
2762
2873
2972
3020
3020
2393
2234
2614
2370
2767
2768
2366
2611
2563
2562
2610
2908
2908
3152
2772
3110
3111
3111
2813
2416
2796
2796
2748
3262
3151
2637
2642
3039
3039
3441
3440
4067
4067
4040
4040
3498
4040
4199
4310
3908
3511
3352
3352
3866
3867
3768
3444
3768
3768
3332
3359
3358
3359
3332
3332
3491
3539
3295
2781
2780
2780
2879
3177
3691
3643
3887
3589
3209
3209
3209
3589
3589
3075
3472
3770
4284
4284
4283
4310
4311
4066
3524
3524
3413
3413
3413
3413
3033
3006
2682
2927
3469
3469
3496
3158
3482
3483
3483
3324
3704
3324
3435
3435
2893
2893
2893
2893
2866
2866
3408
3567
3562
3165
3545
3544
3433
3432
3273
3273
3611
4008
4009
3765
3765
4167
4167
4068
4068
4068
4068
3823
4259
4259
4286
4286
4286
3659
3770
4014
4014
3903
4062
4062
4062
4035
4062
4062
4173
3659
3659
3758
3806
4320
4320
4320
4325
4325
4325
3889
3645
3646
3645
3644
3485
3486
3162
3063
3690
3690
3392
3716
3689
3684
3304
3331
3007
3007
3008
3388
3686
4122
4122
4127
4126
4099
3557
3557
3557
4099
3663
3663
3149
3585
3829
3829
3829
3491
3590
3914
3512
3914
3914
3914
3866
4380
4718
4394
4421
4580
4580
4581
4184
4025
4422
4422
4422
3908
4067
3908
3528
3908
3907
3280
3281
3329
3085
3058
3302
2900
2900
2900
3527
3526
3526
3526
3525
3525
3520
3525
3145
3469
3469
3421
3823
3818
3866
3871
3872
3872
3867
3867
3867
3872
3470
3715
3716
3716
3743
3743
3695
3259
3661
3550
3550
2923
2918
3545
3207
3643
3981
4495
4654
4409
4409
4382
4762
4248
4359
4364
4364
4364
4364
4609
4067
4066
4066
4066
3439
3439
3981
3683
3439
3953
3953
3980
4028
3626
3084
2760
3058
3059
3461
3460
3784
3785
3405
3081
3080
3324
3276
3656
3497
3095
3068
2824
3148
2824
2823
2824
2824
2824
2824
2851
2851
2851
2899
2899
3143
3143
3467
4009
3612
3314
3315
3613
3612
3612
3611
3611
3563
4190
4185
4587
4587
4488
4493
4091
4091
4091
3847
4244
4244
4343
4502
4502
4122
4122
4023
4267
4267
4669
4664
4664
4553
4601
4601
4199
4199
4199
4040
4013
3768
4148
4148
3824
3824
3851
4253
3915
3671
3157
3157
3495
3495
3739
4253
4253
4364
4523
4523
4524
4476
4365
4366
3930
3771
4016
4127
4127
4126
3612
3613
3612
3613
3211
3535
3971
4019
4019
3992
3992
4394
4553
4229
4256
4208
4213
4213
4102
3943
4102
4097
4102
4201
3863
3461
3460
3455
3455
3019
3019
3455
3210
2966
3304
2677
2677
3079
3323
3323
2985
2985
2826
2874
2477
2477
2482
2046
2045
2156
1614
1587
1587
1587
1984
1984
1984
1936
1692
1936
1936
1937
1936
2563
2590
2591
2750
2506
2506
2505
2506
2751
2354
2349
2863
2764
2764
2605
2307
2645
2645
2534
2534
2539
2539
2638
2639
3036
3084
3328
2990
2942
3240
3676
3787
3390
3363
3390
3787
3787
3351
3510
3510
3509
3557
3993
3894
4232
4556
4311
4556
4508
4210
4752
4355
4752
4372
4261
3825
3824
3824
3872
3872
3627
3738
3224
2597
3033
3033
3132
3759
4273
4273
4225
4198
4087
3928
3955
3711
3759
3362
3263
3508
3460
3857
4016
4016
3692
3692
3936
3691
3989
3989
3989
3989
3830
3831
3831
3804
3804
3804
3560
3560
3659
3257
3659
4039
4039
4087
4087
4411
4363
4522
4522
4767
4469
4370
4371
4371
4669
4510
4510
4510
4505
4504
4504
4615
4615
4663
4615
4101
4345
4345
4345
4234
3896
3896
3901
3901
3896
3460
3508
3508
3944
3944
3945
4104
4103
4441
4446
4473
4572
4683
4635
4630
4250
3853
3853
3853
3854
3853
4367
4208
3666
3714
4256
4145
4145
4304
4303
4303
4414
4415
4388
4785
4785
4447
4452
4353
3951
3951
3554
3443
3443
3438
3776
3776
4156
4183
4183
4188
4188
4585
4585
4580
4982
4982
4982
4546
4546
4546
4547
4388
4144
3806
4144
4388
4388
4393
4055
4055
4050
3726
3885
3996
4320
4319
4318
4318
4270
4608
5044
5044
5044
4746
4747
4747
4746
4794
4795
4768
5066
5066
5067
4729
4570
4908
4907
4908
4908
4908
4394
4096
4096
3699
3698
3374
3374
3698
3698
3453
3612
3453
3017
3262
3267
3262
3776
3776
3803
3692
3692
3447
3452
3128
3127
3286
3281
3281
3281
3281
3254
3206
3530
3535
3833
3453
3850
4286
4286
4313
4286
4281
4037
3640
3126
3126
3237
3237
2801
2802
2807
2855
3235
3632
3632
3252
3688
3364
3364
3363
3315
3204
3449
3773
3884
3884
3560
3560
3587
3587
3686
4066
3955
4279
4279
4279
4120
4231
4120
4120
4120
3875
3551
4065
4065
4113
3716
3617
3617
3617
3716
3711
3684
3689
4086
3459
3459
3460
3571
3566
3565
3809
3809
3710
3955
3982
3982
3987
4146
4147
4099
4099
4198
4197
4198
4198
4825
4581
4581
4581
4905
4525
4280
4280
3844
3839
3515
3515
3760
3601
3490
3734
3734
3782
3893
4052
3714
3469
3171
3469
3905
3661
3985
4323
4323
4323
4323
4323
4323
3985
3985
3443
3781
3781
3622
3866
4111
3813
3813
3786
4084
4626
4626
4631
4004
4004
3602
3357
3309
3468
3713
3713
3713
3713
3713
3713
3713
3713
3469
3468
3469
3358
2844
2745
2745
2586
2830
2878
3258
3258
3357
3352
3379
3379
3893
4004
4003
3955
3519
3519
3519
3492
3492
3492
3519
3492
3492
3492
3928
3933
4335
4383
3869
3870
3759
3660
4287
3989
3989
3984
4095
4095
4096
4255
4254
3712
3811
3811
3811
4325
4325
4325
4324
4351
4351
4351
4351
4107
4107
3769
3769
4067
4019
4024
3627
3965
3938
3311
3311
3555
3550
3550
4092
4092
4092
4097
3853
3529
3529
3529
3773
3768
3769
3769
3817
3275
3275
2895
2894
3436
3388
2952
3349
3250
3298
3299
3299
3299
3298
3925
4361
4460
4840
4404
4404
4405
4405
4405
4405
4246
4002
3903
3908
3366
3908
3903
3903
3792
3494
3494
3818
4254
4413
4413
4524
4476
3962
3803
4047
3650
3539
3215
3612
3612
3612
3617
3616
3664
3775
3874
3874
3874
3874
3875
3473
3468
3071
3395
3057
3084
3382
3138
3111
3012
2632
3034
3034
2986
3366
3371
3371
3371
3885
3885
3483
3047
3146
3305
3306
3305
3300
3638
4035
4035
3408
3408
3435
3435
3435
3434
4061
3664
3637
3392
3393
3393
3013
3040
2929
2929
2929
2977
2977
2977
2977
2929
2770
2256
2229
2230
2341
2855
2903
3062
3498
3498
3498
3387
3767
3767
3766
3330
3357
3357
3258
3259
3504
3615
3456
3408
3070
3070
3070
3069
3068
3470
3470
3470
3475
3448
3124
3448
3203
2823
2823
2823
2871
2871
2329
2329
2574
2574
3010
3348
3348
3349
3349
3344
3344
3344
3344
3344
3724
3724
3724
3724
3426
3315
2913
3455
3455
3407
3407
3407
3069
3168
3412
3417
3416
3464
3491
3829
3830
3394
3692
3691
3686
3659
4061
4061
4172
4172
3927
3927
4363
4363
3821
4066
4071
4072
4614
4614
4566
4963
4963
4963
5011
4614
4234
3720
4100
4614
4641
4303
4303
4204
4205
4205
4205
3907
3471
3570
3868
3488
3086
3086
3522
3423
3423
3312
3312
3423
3825
4222
3786
3541
3541
3514
3216
3315
3315
3695
3695
3695
3694
3067
3094
3095
3094
3721
3722
3722
3722
3967
3962
3961
3960
3960
3960
3563
3568
3906
3906
3907
3808
3760
3218
3218
3191
3191
3218
2880
2636
2735
3033
2519
2274
2269
2269
2513
2513
2851
3287
3286
3259
3260
3261
3260
2824
2851
2471
2985
2661
2985
2986
2985
3230
3389
3051
2940
3278
3278
3389
3394
3830
3394
3394
3393
2991
2991
2992
2987
2986
2688
2661
3063
3068
2824
2197
2197
2038
2418
2418
2445
2446
2347
2506
2505
2902
2791
3333
3334
3333
3334
2792
2891
3327
3300
3348
3348
3646
3646
3210
3111
3063
3063
2739
2838
2886
2913
2814
2925
3249
2925
2877
2718
2717
2765
2924
2924
2925
3249
3249
3685
3929
3532
3130
3130
2832
2832
2931
2931
2820
2772
2767
3309
2929
2929
2929
2930
3327
3375
3375
3777
3777
3618
3280
2738
2737
2340
2292
1968
2292
2451
2831
2831
2879
2879
3217
2703
2458
2703
2703
2703
2703
3330
3330
3331
3330
3727
3728
3727
4269
4380
4385
4385
4047
3420
3393
3388
3387
3685
3685
4312
4201
4202
4229
4230
4568
5082
5082
4838
4458
4458
3831
3830
3835
3537
3538
3533
3097
3097
3096
3096
3096
3101
3100
3536
3377
3377
2835
2836
2835
2835
2787
3085
3085
3244
3245
3356
3329
3573
3953
4001
4028
3730
3730
3731
3731
3731
3731
3572
3572
3248
3248
3248
3790
3763
3763
3519
3518
3519
3005
3005
3303
3303
2761
3275
3275
3275
2873
3275
3274
3274
3274
3274
3598
3625
3625
3869
3758
3420
3420
3420
3419
4046
3748
4086
4384
4060
4602
4602
4304
4628
4628
4926
4682
4655
4814
4815
4816
4768
4669
4669
4669
4289
4289
4669
4668
4779
4377
4377
4376
4376
4376
4403
4647
4647
4648
4268
3944
3917
3965
3965
3627
3329
3731
3731
4029
3487
3586
4128
4128
4129
4081
3982
3823
3525
3525
3525
3624
3623
3623
3378
3378
3378
3426
3724
4104
4105
4350
4349
4349
4349
4349
4051
4046
4344
4344
3964
3567
3566
3566
3566
3467
3467
3467
3864
3865
3892
3892
3892
3892
3647
4027
4032
4005
4250
4250
4588
4540
4699
5023
5023
4779
4237
3835
3438
3840
3213
3213
3840
3729
3729
3729
3391
3391
3490
3601
3601
3303
3304
3352
3379
3378
3351
3893
3351
3689
3351
3346
3346
3684
3525
3426
3431
3432
3531
3531
3483
3483
3159
3186
2941
3338
3338
3338
3662
3338
3582
3582
3555
3555
3217
3462
3351
3252
3252
3300
3299
3299
3299
3299
3299
3841
3841
3842
3462
3461
3785
3896
3896
3923
3923
3896
3652
3255
3255
3255
3553
3553
3933
3497
3497
3656
3656
3608
3608
3609
3608
3608
3206
3095
3492
3492
3492
3492
3492
3492
3487
3889
3937
3639
3394
3732
3732
3352
3351
3596
3894
3596
3707
3707
3707
3708
4088
4093
4093
4088
4187
4431
4431
4867
4894
4894
4492
4444
4449
4497
4449
4449
4204
4606
4606
4606
4209
4110
3786
3781
4178
4178
4178
4177
3933
4177
4178
4183
4183
4156
4204
4502
4391
4232
4227
3600
3600
3262
3289
3289
3916
4161
3781
3781
3780
3780
3785
3271
3382
3355
3307
3302
3350
3351
3689
4013
3965
3529
3191
2794
2794
2683
2683
2439
2115
2214
2115
2629
2873
2873
2873
2984
2984
2984
2470
2470
2470
2867
3381
3381
3381
3705
3804
3804
4142
4522
4522
4522
4522
3980
4007
4012
4012
3714
3714
4012
4012
4012
3767
3740
4176
3779
3827
4072
4024
3686
3441
3441
3838
3436
3978
3542
3880
3880
3907
3907
3907
3907
4343
4342
4342
4315
4342
4342
4044
4446
4447
4745
4745
4746
4310
4358
4358
4353
4352
4357
4356
4351
4303
4059
4032
4032
4276
4276
3938
3424
3424
3180
3694
3180
2638
3180
3424
3313
3313
3313
3558
3558
3558
3558
3558
3558
3260
3260
3260
3260
3260
3260
3260
3260
3260
3260
3260
3260
3260
3260
3260
3260
3260
3260
3260
3558
3558
3558
3558
3558
3558
3558
3994
3994
3994
3994
3994
3696
3696
3696
3696
3696
3696
4210
4210
4508
4508
4072
4077
4077
4077
4236
4236
4237
4237
3695
4033
4033
4033
4033
3653
3256
3256
2932
2932
2932
3256
3256
3304
3303
3700
4080
4191
4191
4186
3942
3562
3562
3048
2646
2646
3048
3049
3001
3001
3515
3356
2842
2440
2441
2441
2983
3497
3933
3938
4340
4584
4632
4387
4387
4546
4541
4541
4442
4040
4285
3771
3770
3770
3771
3771
3723
3399
3801
3900
3741
3789
3789
4303
4204
4209
4209
4209
4204
4528
4687
4363
4462
4461
4462
4786
4785
4383
4383
4382
4382
4383
4383
4383
4763
4763
4763
4764
4769
4769
4768
4657
4498
4254
3956
3908
3281
3683
3683
3794
3470
3470
3371
3372
3261
3261
3261
3420
3531
3017
3044
3039
3553
3558
3856
3856
3856
3955
3955
3955
3413
3412
3412
3736
3731
4358
4247
4247
4220
4225
4469
4469
4580
4200
4200
3764
3764
3665
3341
3341
3341
3440
3440
3440
3440
3764
4144
4145
3986
3981
4008
4008
4550
4550
4451
4450
4450
4450
4451
4610
4312
4312
4610
4609
4708
4708
4708
4708
4370
4369
4258
4258
4259
3857
4195
4195
3950
3923
3585
3633
3660
4062
4062
3665
4101
4106
4106
4444
4555
4456
4456
4132
3752
3752
3752
3704
3704
3703
3676
3676
3565
3592
3972
3967
4066
4114
4066
4066
4066
4071
4071
4066
4177
4177
4078
4078
3536
3537
3537
3538
3783
3882
3584
3981
4305
4304
4352
4650
4602
4602
4575
4575
4575
4575
4575
4575
4251
4251
4251
4251
4575
4580
4469
4496
4544
4544
5086
4706
4607
4607
4580
4580
4144
4524
4623
4081
4081
3837
3837
3837
3838
3838
4380
4380
4380
4491
4490
4490
3948
3948
4490
4490
4489
4490
4490
4331
4575
4575
4575
4576
4576
4576
4465
4901
4802
4802
4802
4802
4504
4260
4260
4371
3744
3744
3744
3696
4323
4323
4318
3921
3948
3948
4192
4490
4589
4589
4594
4593
4594
4158
4157
4152
4152
4311
4747
5144
4764
4812
4811
4811
4269
4269
3945
3950
3514
4056
4056
4051
3713
3713
4037
3792
3250
3588
3968
3969
3342
2945
2945
2945
2786
2786
3328
3217
3190
3301
3698
3943
3895
4522
4522
4958
5117
5117
5117
4575
4574
4574
4194
4194
4083
4463
4463
4218
3821
3821
3821
3419
3420
3421
3963
3583
3588
3588
3833
3588
3583
3583
3259
3583
3583
3694
3583
3828
3584
3695
3722
3721
3726
3726
3727
3185
3185
3587
3587
3984
4364
4364
4363
4363
4607
4093
4093
3848
3848
3412
3460
3460
3705
3606
3558
4100
4100
4148
4148
4148
4148
4148
4584
4585
4426
4425
4584
4584
3957
3798
3897
3897
4056
3654
4056
4570
4570
5197
5170
5197
5198
5171
4833
5171
4769
4769
4769
5171
5170
5170
5169
5169
5058
5058
4720
4720
4720
4340
4341
4341
4679
5059
5086
5086
5086
4544
4385
4061
4034
3986
4310
4337
4337
4337
4385
4496
4397
4396
4555
4555
4175
4175
4175
4176
4171
4171
4270
4171
3873
3873
3873
3972
3977
3977
3977
3977
3818
3719
3608
3284
3608
3719
3719
3474
3426
3426
3426
3427
3422
3421
3421
3801
3801
3801
3801
3802
3802
3802
3558
3558
3156
3315
3414
3413
3413
3413
3815
4357
4357
3977
3977
3982
3585
3830
3830
3803
3803
3803
3803
3704
3366
3366
3366
3255
3254
3651
4031
4031
4079
4190
4289
4289
4289
4533
4534
4289
4288
4189
4189
4189
4487
4487
4163
4163
4163
4163
4408
4408
4408
4408
4408
4110
4408
4163
4164
4159
4159
4186
4186
4027
4028
3917
4241
3861
3861
3464
3575
3575
3820
3793
4190
4190
4190
4190
4190
4528
4480
4480
4156
4255
4635
4662
4417
4015
4014
4259
4259
4259
4232
4280
4604
4306
4307
4208
4610
4709
4709
4465
4465
4354
4354
4306
4061
4061
3737
3736
3736
3736
3736
3981
3981
3882
3930
4089
4088
4115
4115
4359
4021
4120
4093
4098
4098
4098
4396
4396
4507
4396
4396
4396
4397
4298
4298
4622
4622
4621
4648
4648
4621
4621
4622
4960
5059
4900
4852
4847
4847
4847
4847
4847
4603
4305
4353
3726
3726
3678
3678
3679
3923
3923
3923
3923
3923
3923
3923
3923
3923
3923
3950
3548
3548
3547
3546
3948
3949
3625
3625
3625
3736
3709
3464
3353
2956
2957
2577
2901
2901
2949
3247
2733
3360
3360
3360
3359
3021
2777
2776
2776
2776
2935
3273
3225
3470
3984
3984
3984
4364
4364
4364
4412
4074
4412
4412
4656
4114
3712
3712
3712
3823
3387
3789
3690
3695
3695
3451
3887
3887
4284
4284
4284
4236
4335
4579
4177
4719
4720
4720
4715
4715
4715
4715
4742
4741
4746
4635
4635
4635
4746
5148
5148
5148
5149
5144
5144
4806
4707
4463
4027
4027
4028
4028
4464
4464
4463
4463
4218
3894
4218
4218
3838
3838
3843
4223
4271
4266
4265
3885
3885
4129
3727
3727
3679
3924
3972
3945
3972
3945
3945
4325
4326
4326
4326
3890
3842
3842
4244
4244
4244
4249
4244
4582
4581
4581
4581
5017
5017
4637
4685
4361
4361
4361
4202
4202
4202
4203
4203
4527
4526
4527
4527
4091
4091
3753
3455
3455
3455
3455
3891
4271
4272
4570
4908
5007
5006
5011
5038
4740
4740
4735
4894
4735
4734
4707
4193
3855
3756
3756
4054
4054
4153
4153
4105
4105
3994
3994
3994
3749
3749
3749
3749
3749
3749
3749
3749
3749
3749
3749
3749
3749
3749
3749
3749
3749
3749
3994
3994
3994
3994
3696
3696
3696
3696
3451
3696
3696
3696
3696
3696
3994
3994
3749
3749
3749
3749
3749
3749
3749
3749
3749
3908
3749
3451
3451
3749
3749
3749
3749
3749
3908
3908
4246
3704
3704
3366
3908
3908
3908
3908
3908
3908
3908
3908
3908
3908
3908
3908
3908
3908
3908
3908
3908
3908
3908
3908
3908
3908
3908
3908
3908
3908
3908
3908
3908
3908
3908
3908
3908
3908
3908
3908
3908
3908
3908
3908
3908
3908
3908
3908
3908
3908
3908
3908
3908
3908
3908
3908
3908
3908
3908
3909
3908
3610
3610
3610
3610
3610
3610
3610
3610
3610
3908
3908
3908
3908
3908
3664
3664
3664
3664
3664
3664
3664
3664
3664
3664
3664
4178
4179
4179
4206
4206
4317
4562
4562
4567
4567
4567
4567
4905
4905
4469
4469
4469
4469
4464
4464
4437
4438
4874
4874
4874
4247
4247
4247
4247
4252
3928
3829
3828
3717
3716
3716
3716
3716
3716
3716
3716
3174
3418
3960
4071
4072
4171
4171
4171
3791
3791
3632
4259
4260
4260
4584
4611
4770
4659
4654
4765
4765
4765
5145
5145
5193
5094
5094
5093
4934
4823
4823
4823
4823
4426
4426
4426
4426
4426
4537
4536
4635
4635
4587
4587
4587
4289
3951
3951
3999
3999
3951
4289
4290
3966
3966
3967
4126
4523
4523
4522
4522
4522
4820
4482
4482
4806
4811
4811
4784
4685
4685
4712
4760
4759
4514
4466
4069
4070
3959
4204
4204
4204
4199
4199
3819
3819
3575
3575
3575
3955
3955
3955
3960
3960
4357
4357
4330
4331
4331
4331
4331
4331
4330
4330
4330
4330
4330
4330
4429
4184
3787
4125
4125
4125
4125
4173
4418
4038
4282
3846
3846
4226
4226
4226
4662
4663
4690
4689
4689
4800
4502
4122
4117
3603
3603
3603
3608
3607
3559
3559
3559
3956
3797
3698
3857
3858
3858
4238
4239
4238
4286
4286
4127
4127
4226
4226
4226
4226
3888
3777
3777
3777
3777
4115
4114
4087
4385
4061
4061
4061
4061
4220
4220
3922
3922
3923
4247
4247
4242
4242
4756
4511
4516
4516
4516
4417
4412
4417
4416
4416
4416
4078
4078
4073
4073
4025
4025
4025
4025
4025
4025
4025
4025
4025
4025
4025
4025
4025
4025
4025
4025
4025
4323
4323
4323
4323
4323
4323
4323
4323
4323
4323
4323
4323
4323
4323
4323
4323
4025
3866
3866
3622
3622
3781
3781
3781
4079
4323
4323
4025
4025
4025
4025
4025
4025
3623
3623
3623
3623
3623
3623
3921
3921
3921
3921
3921
4032
4032
4032
4032
4032
4032
4032
4032
4032
4032
4032
4131
4131
4032
4032
4032
4032
4032
4032
4032
4032
4032
4032
4032
3734
3734
3734
3734
3734
3734
4032
4032
4032
4032
4032
4032
4032
4032
4032
4032
4032
4032
4032
3708
3708
3708
3708
3708
3708
3708
3708
3708
3708
4110
4158
4110
3999
3999
3999
3999
3999
3999
3999
3999
3999
3999
3755
3755
4079
3699
3699
3699
3699
3699
3699
3699
3699
3699
3699
3699
3699
3699
3699
3699
3699
3699
3699
3699
3699
3699
3699
3699
3699
3699
3699
3699
3699
4079
3920
3920
4164
3762
4164
4164
4164
3840
3840
3840
3840
3840
3840
3840
3999
3999
3999
3999
3619
3619
3619
3460
3840
4164
4164
4164
4164
4164
4164
4164
4164
4323
3999
3999
3999
3999
3999
3563
3404
3404
3404
3404
3563
3563
3563
3563
3999
3999
3999
3840
3840
3840
4085
4085
3787
4125
4125
4125
4125
4125
4449
4449
4449
4449
4449
4449
4747
4747
4747
4747
4747
4747
4747
4747
4747
4747
4747
4747
4503
4503
4503
4503
4503
4503
4503
4503
4503
4205
4449
4747
4423
4423
4423
4085
4423
4179
4423
4423
4423
4179
4179
4179
4179
4179
4179
4179
4179
4179
4179
4179
4179
4179
4179
4503
4747
4449
4747
4747
4747
4747
4747
4747
4747
4747
4747
4747
4503
4503
4106
4106
3782
4106
4106
4106
4106
4106
4106
4106
4106
4106
4106
4106
4106
4106
4106
4106
4106
3808
3808
3428
3428
3183
3183
3183
3183
3183
3183
3183
3183
3183
3183
3183
3183
3183
3183
3183
3183
3183
3183
3183
3183
3183
3481
3878
3878
3878
3878
3878
3878
3878
3878
3878
3878
3554
3798
3798
3798
3798
3798
3798
3798
3798
3798
3798
3798
3798
3798
3798
3798
3798
3798
3798
3798
3798
3798
3798
3798
3256
2854
2854
3099
3099
3099
3501
3501
3881
3881
3881
3881
3881
3881
3881
3881
3881
3881
3881
3881
3881
3881
3881
3992
3992
3992
3694
3694
3694
3992
3992
3992
3992
3881
3881
3881
3881
4423
4423
4423
4423
4423
3987
4035
4035
4035
4035
4359
4359
4359
4359
4359
4359
4359
4359
4359
4359
4359
4359
4359
4114
4550
4306
4307
4307
4307
4308
4308
4308
4307
4307
4306
4465
4465
4306
4551
4556
4556
4551
4551
4551
4009
3961
3966
3966
4125
4236
3722
4236
3912
3913
3477
3232
3073
3318
3313
3068
3392
3393
3829
3718
3829
3834
3861
4020
4020
3993
3993
3988
3988
4036
4036
4036
4035
3876
3876
3975
3974
3975
3927
3927
3927
3927
4469
4358
4358
4060
4171
4198
4198
4198
4496
4740
4416
4416
4416
4305
4305
4305
4305
4305
4353
4254
4254
4254
4255
4255
4255
3853
4177
4288
3964
3964
4123
4122
3725
3725
3970
3970
3632
3632
3632
3632
3632
3632
4029
4034
3986
3986
3985
4309
4711
4711
4706
4706
4706
4706
4706
4706
4595
4596
4596
4596
4596
4437
4596
4596
4595
4596
4707
4707
4707
4707
4596
4596
4596
4601
4601
4601
4303
4303
3761
3756
3354
3354
3327
3869
3874
3874
3873
3874
3874
3973
3973
3973
3973
3973
3968
3969
3969
3810
3810
3810
4148
4196
4307
4307
3793
4307
4312
4311
3987
3743
3743
3743
3743
3632
3632
3876
3828
3828
3827
3938
4262
4289
4290
4289
4284
4284
4284
4173
3929
3930
3978
4276
4387
3951
3950
3951
3951
3951
3852
3951
3951
3951
3852
3528
3417
3416
3416
3416
3417
3417
3417
3576
3820
4222
4221
4194
3896
3995
3996
3996
3996
4432
4459
4459
4783
4783
4241
4082
4624
4624
4623
4623
4624
4597
4597
4624
4624
4922
4922
4923
4923
4896
4896
4895
4900
4900
4900
4852
4851
4851
4851
4846
4747
4747
4747
4747
4747
4747
4503
4503
4503
4503
4503
4503
4503
4503
4503
4503
4503
4258
4258
4258
4258
4258
4258
4258
4258
4258
4258
4258
3934
3934
3934
3934
3934
3934
3934
4178
4178
4178
4178
4178
4178
4502
4502
4502
4502
4502
4502
4747
4409
4409
4409
4409
4409
4409
4409
4409
4409
4409
4409
4085
4085
4085
4085
4085
4085
4085
4409
4409
4409
4409
4409
4409
4409
4409
4409
4409
4085
4085
4085
4085
4085
4085
4085
4085
4085
4085
4085
3841
3841
4179
4179
4179
4179
4179
4179
4179
4179
4179
4423
4423
4423
4423
4423
4178
4178
4502
4502
4502
4502
4502
4502
4502
4502
4502
4502
4502
4502
4502
4502
4502
4164
4164
4164
4164
4164
4164
4164
4164
4164
4164
4323
4323
4323
4323
4323
4323
4164
4164
4164
4164
4164
4502
4502
4502
4502
4502
4502
4502
4502
4502
4502
4502
4502
4502
4502
4502
4502
4502
4502
4502
4502
4502
4502
4164
4164
4164
4164
4409
4747
4747
4747
4747
4747
4747
4747
4747
4747
4747
4747
4747
4747
4747
4747
4747
4747
4747
4747
4747
4747
4747
4747
4747
4503
4503
4101
4101
4503
4503
4503
4503
4503
4503
4503
4503
4503
4503
4503
4503
4503
4503
4747
4747
4747
4311
4311
4067
4067
4067
4067
4067
4115
4115
4115
4115
4115
4115
4115
4115
4115
4115
4115
4115
4115
4115
4115
4115
4115
4115
4115
3870
3870
3490
3490
3490
3490
3490
3490
3442
3442
3878
3878
4123
4123
4123
4123
4123
3785
3785
3785
3785
4123
4123
4123
4123
3785
3785
3785
3785
3785
3785
3785
3785
3785
3785
3785
3785
3785
3785
3785
3785
3785
3785
3785
3785
3785
3785
3785
3785
3785
3785
3785
3461
3461
3461
3461
3461
3841
3841
3841
3841
3841
3841
3841
3841
4165
4165
4409
4409
4409
4409
4111
4111
4111
4409
4409
3973
3973
3973
3973
3973
3973
3973
3973
3973
3973
3973
3973
3973
3973
3973
4409
4409
4409
4409
4409
4409
4409
4165
4165
4165
4165
4165
4165
4165
4165
4409
4409
4409
4409
4409
4409
4409
4164
3920
3920
3920
3920
3920
3920
3920
3920
4164
3866
3866
3866
3866
4204
3960
3960
3960
3960
3960
3960
3960
3960
3960
3333
3333
3960
3960
3960
3960
3960
3960
3960
3960
3558
3558
3960
3960
3960
4205
4205
4205
4205
4205
4449
4449
4013
4013
4013
4013
4013
4013
4013
4013
3616
4013
4311
4311
4311
4311
4311
4747
4747
4449
4449
4449
4449
4449
4449
4205
4205
4205
4205
4205
4449
4449
4449
4449
4449
4449
4449
4449
4052
4052
4052
3728
3728
3728
3728
3728
3728
3728
3728
3728
3728
3728
3728
4052
4052
4052
4052
4052
4449
4449
4449
4449
4449
4449
4449
4449
4449
4449
4449
4449
4449
4449
4449
4449
4449
4449
4047
4047
3802
3802
3802
3478
3478
3478
3478
3478
3478
3776
3776
3776
3776
3935
3935
3935
3935
3935
3935
3637
3637
3637
3637
3935
3935
3935
3935
3935
3935
3935
3935
3935
3555
3555
3555
3555
3555
3555
3555
3396
3396
3396
3396
3396
3396
3396
3396
3641
3641
3641
3641
3641
4043
4043
4043
4043
4423
4423
4423
4423
3987
4423
4423
4085
4085
3683
3683
3683
3683
4007
4007
4106
4217
4217
4217
4217
4217
4217
4217
4217
4217
4217
4217
4217
4217
4217
4217
4217
4217
4217
4217
4217
4217
4217
4106
4106
4106
4106
3808
3808
3808
3808
3808
3808
3808
3709
3464
3575
3575
3575
3575
3575
3575
3575
3575
3575
3575
3674
3674
3674
3674
3674
3972
3972
3972
3972
3972
3458
3458
3458
3458
3458
3972
3972
3972
3972
3972
3972
3972
3972
4217
4106
4106
4106
4106
4106
4106
4106
4106
4217
4217
3919
3919
3919
3919
3919
3919
3919
3919
3919
3919
3919
3919
3919
3919
3919
3919
3919
3919
3919
3919
3919
3808
3808
3808
3808
3808
3563
3166
3166
3166
3166
3166
3166
3166
3166
3166
3166
3325
3325
3325
3325
2811
3325
3325
3325
3325
3325
3722
3722
4020
4020
4020
4020
4020
4020
4020
3776
3776
3776
3776
3776
3776
3776
3776
3776
3776
3776
3776
3776
3776
4020
4020
4020
3921
3921
3921
3921
3921
3921
4323
4323
4323
4025
4025
4025
4025
4025
4025
4025
4025
4025
4025
4025
4025
4025
4025
4323
4323
4323
4323
4323
4164
4164
4164
4409
4409
4409
4409
4409
4409
4409
4409
4409
4409
4409
4409
4409
4085
3683
3683
3683
3683
3683
3683
3683
4085
4085
4085
4085
3841
3841
3841
3841
4179
4179
4179
4179
4179
4179
4179
4503
4503
4503
4503
4503
4503
4503
4503
4503
4503
4503
4503
4503
4205
4205
4205
4205
4205
4205
4205
4205
4205
4205
4205
4205
4205
4205
4205
4205
4205
4205
4205
4205
4205
4205
4205
4205
4205
4205
4205
4205
4205
4205
4205
4205
4205
4205
4205
4205
4205
4205
4205
4205
4205
3881
3881
3881
4179
4179
4179
3777
3777
3777
3777
3777
4179
4179
4179
4179
4179
4179
4179
4503
4503
4503
4503
4503
4503
4503
4503
4503
4503
4503
4503
4503
4503
4503
4503
4503
4503
4503
4503
4503
4503
4503
4503
4503
4503
4503
4205
3825
3825
3825
3825
3825
3825
3825
3487
3487
3487
3487
3487
3487
3163
3163
3163
3163
3461
3461
3461
3799
3799
3799
3799
3799
3799
4043
4043
4043
4043
4043
4043
4043
4043
4043
4043
4043
4043
4043
4043
4043
4043
3799
3799
3799
3799
3799
3799
3554
3878
3878
3878
3878
3878
3878
3878
3878
3878
3878
3878
4258
4258
4258
4258
4258
4258
4258
4258
4503
4503
4503
4258
4258
4258
4258
4258
4258
3856
3856
3856
3856
3856
3856
3856
3856
3856
3856
4015
4259
4259
4259
4259
4259
4259
4259
4259
4259
4259
4259
4259
4259
4259
4259
4259
4259
4259
4259
4259
3935
3935
3935
3935
3935
3935
3935
3935
3935
3935
3935
3935
3935
3935
3935
3935
3935
3935
3935
3935
3935
3935
3935
3935
3935
3935
3935
3935
3935
3935
3935
3935
3935
3935
3935
3935
3935
3935
3935
3555
3555
3555
3555
3555
3555
3396
3396
3555
3555
3555
3555
3555
3555
3555
3555
3555
3555
3555
3555
3555
3555
3555
3555
3555
3555
3555
3555
3555
3555
3555
3555
3555
3257
3257
3257
3257
3257
3257
3257
3257
3257
3257
3257
3013
3013
3393
3393
3393
3234
3479
3881
3881
3881
3881
3881
3881
3445
3445
3881
3881
4205
4503
4067
4067
4067
4067
4067
4067
4067
4067
4067
3822
3822
3822
3822
3822
3822
3822
4067
4067
4067
4067
4115
4115
4115
4115
4115
4115
4115
4115
4115
4115
4115
4115
4115
4067
4067
3822
3822
3822
3822
3822
3822
3822
4067
4067
4067
4067
4067
4067
4067
4311
4311
4311
4311
4311
4311
4311
4311
4311
4311
4311
4311
4311
4311
4311
4359
4359
4359
4359
4311
4311
4311
3987
3987
3987
3689
3689
3689
3689
3689
3689
3689
3689
3689
3689
3689
3987
3987
3987
3987
3987
3987
3987
3987
4423
4423
4043
4423
4423
4423
4423
4423
4423
4423
4423
4423
4423
4423
4423
4423
4423
4179
3934
3934
4258
4258
4503
4503
4503
4503
4503
4503
4503
4503
4503
4503
4503
4503
4503
4503
4503
4503
4503
4503
4503
4503
4503
4503
4503
4503
4503
4747
4747
4747
4747
4747
4747
4747
4747
4747
4747
4747
4747
4747
4747
4747
4747
4747
4747
4747
4747
4747
4423
4423
4423
4747
4747
4747
4345
4345
4345
4345
4345
4345
4345
4345
4345
4345
4345
4345
4345
4345
4345
4345
4747
4747
4747
4747
4747
4747
4747
4747
4747
4502
4502
4502
4502
4502
4502
4502
4502
4066
4066
4066
4066
4066
4066
4502
4502
4502
4502
4258
4258
4258
4503
4123
4123
4123
4123
4123
3721
3721
3721
4123
4123
4123
4123
4123
4123
4123
3721
3721
3721
3721
3383
3383
3383
3383
3383
3383
3383
3383
3383
3383
3383
3383
3383
3383
3763
3763
3763
3763
3763
3763
3763
3763
3763
3763
3763
4101
4101
4101
4101
4101
4101
4101
4101
4101
4101
4503
4503
4503
4503
4503
4503
4503
4503
4503
4503
4503
4067
4067
4067
4067
4067
4067
4067
4067
4067
4067
4067
4067
3822
3822
3822
3822
3822
3822
3822
3822
4258
4258
4258
4258
4258
4258
4258
4258
4258
4258
4258
4258
4258
4258
4258
4258
4258
3822
3822
3822
3822
3822
4258
4258
4258
4258
4258
4258
4258
3960
3960
3960
3960
3960
3960
3960
3960
4204
4204
4449
4449
4747
4502
4502
4747
4503
4503
4258
4502
4258
4502
4502
4502
4502
4747
4747
4747
4747
4747
4747
4747
4409
4409
4409
4409
4409
4409
4165
4165
4165
4165
4165
4503
4503
4503
4503
4747
4747
4747
4747
4747
4747
4747
4747
4747
4747
4747
4747
4502
4502
4502
4502
4502
4502
4502
4502
4502
4502
4502
4502
4502
4502
4502
4258
4258
4258
3960
3960
3960
3960
4205
4205
3769
3769
3769
4013
4013
4013
4013
4311
4311
4311
4311
4311
4311
4311
4311
4311
4311
4311
4013
4013
4013
4311
4311
4311
4311
4311
4311
4311
4311
4311
4311
4311
4311
4311
4311
4311
4311
4359
4359
4359
4359
4359
4359
4359
4359
4035
4035
4035
4035
4035
4035
4035
4035
4359
4359
4359
4359
4359
4359
4359
4359
4359
4359
4311
4311
4359
4359
4359
4359
4359
4359
4359
4359
4359
4359
4359
4359
4359
4359
4359
4359
4359
4359
4359
4359
4359
4359
4359
4359
4359
4359
4359
4359
4359
4359
4359
4311
4311
4311
4066
4066
4066
4066
4066
4066
4066
4114
4114
4114
4114
4114
4114
4114
4114
4114
4114
4114
4114
4114
4114
4114
4114
4114
4114
4114
4359
4359
4359
4359
4359
4359
4359
4359
4359
4359
4359
4359
4359
4359
4359
4359
4311
4311
4311
4359
4359
4359
4311
4311
4311
4311
4311
4311
4311
4359
4359
4359
4359
4359
4359
4359
4359
4359
4359
4359
4359
4359
4359
4359
4359
4359
4359
4359
4359
4359
4359
4359
4359
4359
4359
4359
4359
4035
4035
4035
4035
4035
4035
4035
4035
4035
4035
4359
4359
4359
4115
4115
4115
4115
4115
4115
4067
4067
4067
4067
4067
4067
4067
4067
4067
4067
4067
4067
4067
4067
4067
4067
4067
4067
4067
4115
4115
4115
4115
4115
4115
4115
3791
3791
3791
3791
3791
3546
3546
3546
3870
4114
4114
4114
4359
4359
4359
4359
4359
4359
4359
4359
4359
4359
4359
4359
4359
4359
4311
4311
4311
4311
4311
4311
4311
4311
4311
4311
4311
4311
4311
4067
4067
4067
4067
4067
4067
4067
4067
4067
4067
4067
4067
4067
4311
4359
4359
4359
4359
4359
4359
4359
4359
4359
4359
4359
4359
4359
4359
4359
4359
4359
4359
4359
4359
4359
4115
4115
4115
4115
4115
4115
4115
4115
4115
4115
4115
4115
4359
4359
4359
4359
4359
4359
4359
4359
4359
4359
4359
4359
4359
4359
4359
4359
4359
4359
4359
4359
4359
4359
4359
4359
4359
4359
4359
4359
4359
4114
4114
4114
4114
4114
4114
4114
4114
4114
4359
4359
4359
4359
4359
4359
4359
4359
4359
4359
4359
4311
4747
4747
4747
4747
4747
4747
4747
4747
4747
4747
4747
4747
4311
4311
4311
4311
4311
4359
4311
4359
4359
4359
4359
4359
4359
4359
4359
4359
4359
4359
4359
4359
4359
4359
4359
4359
4359
4359
4359
4359
4359
4035
4035
4035
4035
3987
3987
3987
3987
3987
3987
3987
3987
3987
3987
3987
3987
3987
3987
3987
3987
3743
3743
3743
3743
3987
3987
3987
3987
3987
3987
3987
3987
3987
3987
4035
4035
4035
4035
4035
4359
4359
4359
4359
4359
4359
4359
4359
4359
4359
4359
4359
4359
4359
4359
4359
4359
4359
4359
4359
4359
4359
4359
4359
4359
4359
4359
4359
4359
4359
4359
4359
4359
4359
4359
4359
4359
4114
4114
4114
4359
4359
4359
4359
4359
4359
4359
4359
4359
4359
4359
4359
4359
4359
4359
4359
4311
4311
4311
4311
4311
4311
4311
4311
4311
4311
4311
4311
4311
4311
4066
4066
4066
4066
4066
4066
4311
4311
4311
4311
4311
4311
4311
4311
4311
4311
4311
4311
4359
4359
4359
4359
4359
4359
4359
4359
4359
4359
4115
4115
4115
4115
4115
4115
4115
4115
4115
4115
4115
4115
4115
4115
4115
4115
4115
4115
4115
4115
4115
4115
4115
4115
4359
4359
4359
4359
4359
4359
4359
4359
4359
4359
4359
4359
4359
4359
4359
4359
4311
4311
4066
4066
4066
4502
4502
4502
4502
4502
4502
4502
4502
4258
4258
4258
4258
4258
4258
4502
4502
4502
4204
4204
4204
4204
4204
4502
4502
4502
4502
4502
4502
4502
4204
4204
4502
4502
4502
4502
4502
4502
4502
4502
4502
4502
4502
4502
4502
4502
4502
4502
4502
4502
4502
4502
4502
4502
4502
4502
4502
4502
4502
4502
4502
4502
4502
4502
4502
4164
4164
4164
4164
3762
3762
3873
3873
3873
4032
4032
4032
4032
4032
4032
4032
4032
4032
4032
4032
4032
4032
4032
4032
4032
4032
4032
4032
4032
4032
4032
4032
4032
4032
4032
4032
4032
4032
4032
4032
4032
4032
4032
4032
4032
4032
4032
4032
4032
4032
4032
4032
4032
4032
4032
4032
4032
4032
4032
4032
4032
4032
4032
4032
4032
4032
3708
3708
3708
3708
3708
3708
3708
3708
3708
3708
3708
3708
3708
3708
3708
3708
3708
3708
3708
3708
3708
3708
3708
3708
3549
3549
3549
3549
3549
3549
3549
3169
3169
3328
3328
3328
3328
3328
3328
3328
3328
3328
3328
3328
3328
3328
3328
3328
3328
3328
3328
3328
3328
3328
3328
3328
3328
3328
3328
3328
3708
3708
3708
3708
3708
3708
4032
4032
4032
4032
3873
3575
3575
3575
3575
3575
3575
3820
3919
3919
3919
3919
3919
3919
3919
3919
3919
4217
4217
4217
4217
4217
4217
4217
4217
4217
4217
4217
4217
4217
4217
4217
4217
4217
4217
4222
4222
4222
4222
4222
4222
4222
4222
4222
4222
4222
4222
4222
4222
4217
4217
4217
4217
4217
4217
4217
4217
4217
4217
4217
4217
4217
3972
3972
3972
3972
4131
4131
4131
4131
4131
4131
4131
4131
4131
4131
4131
4131
4131
4136
4136
4136
4136
4136
4136
4136
4136
4136
4136
4136
4136
4136
4136
4136
4136
4136
4136
4136
4136
4136
4136
4131
4131
4131
4131
4131
4131
4131
4131
4131
4131
4131
4131
4131
4131
4131
4131
4131
4131
4131
4131
4131
4131
4131
4131
4131
4131
4136
4136
4136
4136
3977
3977
3977
3977
3977
3977
3977
4222
4222
4222
4222
4222
4222
4222
4222
4222
4222
4222
4222
4222
4222
4222
4222
4222
4222
4217
4217
4217
4217
4217
4217
4217
4217
4217
4217
4217
4217
4217
4217
4217
4118
4118
4118
4118
4118
4118
4118
4118
4118
4118
3794
3794
3794
3550
3550
3550
3550
3550
3550
3550
3550
3550
3550
3550
3874
3874
3874
3874
3874
3874
3874
3874
3874
3874
3874
3874
3874
3874
3874
3874
3874
3874
3874
3874
3874
3576
3576
3576
3576
3576
3576
3820
3820
3919
3919
3919
3919
3919
3919
3919
3919
3919
3919
3919
3808
3808
3808
3808
3808
3808
3808
4106
4106
4106
4106
4106
4106
4106
4007
4345
4345
4345
4345
4345
4345
4021
4021
4021
4021
4021
4021
4021
4021
4021
4021
4021
4021
4021
4021
4021
4021
4021
4345
4345
4345
4345
4345
4345
4345
4345
4345
4345
4345
4345
4345
4345
4345
4345
4345
4345
4345
4345
4345
4345
4345
4345
4345
4021
4423
4747
4747
4747
4747
4747
4747
4747
4747
4747
4747
4747
4747
4747
4747
4747
4747
4747
4747
4747
4747
4747
4747
4747
4747
4747
4747
4747
4747
4747
4747
4747
4747
4747
4747
4747
4409
4409
4165
4165
4409
4409
4409
4409
4409
4409
4747
4747
4747
4747
4345
4345
4345
4345
4345
4345
4345
4345
4345
4345
4345
4345
4345
4345
4345
4345
4345
4345
4345
4021
4021
4021
4021
4021
4021
4021
3777
3479
3479
3479
3881
3881
4125
4125
4125
4125
4125
4125
4125
4125
4125
4125
4125
4125
4423
4423
4423
4423
4423
4423
4423
4423
4423
4423
4423
4179
4179
4179
4179
4179
4179
4179
4179
4423
4423
4423
4423
4423
4423
4747
4747
4747
4747
4747
4747
4747
4747
4747
4747
4747
4747
4747
4747
4747
4747
4747
4747
4747
4747
4747
4747
4747
4747
4747
4747
4747
4747
4747
4747
4747
4747
4503
4503
4503
4503
4503
4503
4503
4503
4503
4503
4503
4503
3989
3989
4503
4503
4503
4503
4503
4503
4503
4503
4503
4503
4503
4503
4503
4503
4747
4747
4747
4747
4747
4747
4747
4747
4747
4747
4747
4747
4747
4747
4747
4747
4747
4747
4747
4747
4747
4747
4747
4747
4747
4747
4747
4747
4345
4345
4345
4345
4345
4345
4345
4345
4345
4345
4345
4747
4747
4747
4747
4747
4747
4747
4747
4449
4449
4449
4449
4449
4449
4449
4449
4449
4449
4449
4449
4449
4449
4449
4449
4449
4449
4449
4449
4449
4449
4449
4449
4449
4449
4449
4449
4449
4449
4449
4449
4449
4449
4449
4449
4449
4449
4449
4449
4449
4747
4747
4747
4747
4747
4747
4747
4747
4747
4747
4747
4747
4747
4747
4747
4747
4747
4747
4747
4747
4747
4423
4423
4423
4423
4423
4423
4423
4423
4423
4423
4423
4423
4179
4179
4503
4503
4503
4503
4503
4503
4503
4503
4503
4503
4503
4503
4503
4503
4503
4503
4503
4503
4503
4503
4503
4503
4503
4503
4123
4123
4123
4123
4123
4123
4123
4123
4123
4123
4123
4123
4123
4123
4123
4123
4123
4123
4123
4123
4123
4123
4123
4123
4123
4123
4123
4123
4123
4123
4123
4123
4123
4123
4123
4123
4123
4123
4123
4123
4123
4123
4123
4123
4123
4503
4503
4503
4747
4747
4747
4747
4747
4747
4747
4747
4747
4747
4747
4747
4747
4747
4747
4747
4747
4747
4747
4747
4747
4747
4747
4747
4747
4747
4747
4747
4747
4747
4747
4747
4747
4747
4747
4747
4747
4747
4747
4747
4747
4747
4747
4747
4747
4449
4449
4449
4449
4449
4449
4449
4449
4449
4449
4449
4449
4449
4449
4449
4449
4449
4449
4449
4449
4747
4747
4423
4423
4423
4423
4178
4178
4502
4502
4502
4502
4502
4502
4502
4502
4747
4747
4747
4747
4747
4345
4047
4047
4449
4449
4449
4449
4449
4449
4449
4449
4449
4449
4449
4449
4449
4449
4449
4449
4449
4449
4449
4449
4449
4449
4449
4449
4449
4449
4047
4047
4047
4047
4047
4047
4047
4047
4047
4047
4047
4047
4047
4047
4047
4047
4047
4047
4047
4345
4345
4345
4345
4345
4345
4345
4345
4345
4345
4345
4345
4345
4345
4345
4345
4345
4345
4747
4747
4747
4747
4747
4747
4747
4747
4747
4747
4747
4747
4747
4747
4747
4747
4747
4747
4747
4747
4747
4747
4747
4747
4449
4052
4052
4052
4052
4052
4052
4449
4449
4449
4449
4449
4747
4747
4747
4747
4747
4747
4747
4747
4747
4747
4747
4747
4747
4747
4747
4747
4747
4747
4747
4747
4747
4747
4747
4747
4747
4747
4747
4747
4747
4747
4747
4747
4747
4747
4747
4747
4747
4747
4747
4747
4747
4747
4747
4747
4747
4503
4503
4503
4503
4747
4747
4747
4747
4747
4747
4747
4747
4747
4747
4747
4747
4747
4747
4747
4747
4747
4747
4747
4747
4747
4747
4747
4747
4747
4747
4747
4747
4747
4747
4747
4747
4747
4747
4747
4747
4747
4747
4747
4747
4747
4747
4747
4747
4747
4747
4747
4747
4747
4747
4747
4747
4747
4747
4747
4747
4747
4747
4747
4747
4747
4747
4747
4747
4747
4747
4747
4747
4747
4747
4747
4747
4747
4747
4747
4345
4345
4345
4345
4345
4345
4345
4021
4021
4021
4021
4021
4021
4021
4021
4021
4021
4345
4345
4747
4747
4747
4747
4747
4747
4747
4747
4747
4747
4747
4747
4747
4747
4747
4747
4747
4747
4747
4747
4747
4747
4747
4747
4747
4747
4747
4747
4747
4747
4747
4747
4747
4747
4747
4747
4747
4747
4747
4747
4747
4747
4747
4747
4747
4747
4747
4747
4747
4747
4747
4747
4747
4747
4747
4747
4747
4747
4747
4747
4747
4747
4747
4747
4747
4747
4747
4747
4747
4747
4747
4747
4747
4747
4747
4747
4747
4747
4747
4502
4502
4502
4164
4323
4323
4323
4323
4323
4323
4323
4323
4323
4323
4323
4323
4025
4025
4025
4025
4025
4025
4025
3701
3701
3701
3701
3701
4025
4025
4025
4025
4025
4025
4025
4025
4025
4025
4025
4025
4025
4323
4323
4323
4323
4323
4323
4323
4323
4323
4323
4323
4323
4323
4323
4323
4323
4323
4323
4323
4323
4323
4323
4323
4323
4323
4323
4323
4323
4079
4079
4079
4079
4079
4079
4079
4079
4079
4079
4079
4079
4079
4079
4079
4079
4079
3920
3920
4079
4079
4079
4079
4079
4079
4079
4079
4079
4079
4079
4079
4079
4079
4079
4323
4323
4323
4323
4323
4164
4164
4164
4164
4409
4409
4409
4409
4409
4409
4409
4409
4409
4409
4409
4409
4409
4409
4747
4747
4747
4747
4747
4503
4503
4503
4503
4503
4503
4503
4503
4503
4503
4503
4503
4503
4503
4503
4503
4503
4503
4503
4503
4503
4503
4503
4503
4503
4503
4503
4503
4503
4503
4503
4503
4503
4503
4747
4747
4747
4747
4747
4747
4747
4747
4747
4747
4747
4747
4747
4747
4747
4747
4747
4747
4747
4747
4747
4747
4747
4747
4747
4747
4747
4747
4747
4747
4747
4747
4747
4747
4747
4747
4747
4747
4747
4747
4747
4747
4747
4747
4311
4311
4311
4311
4311
4311
4311
4311
4311
4311
4311
4311
4311
4311
4311
4311
4311
4311
4311
4311
4311
4311
4311
4311
4311
4311
4311
4311
4311
4311
4311
4747
4747
4747
4747
4747
4747
4747
4747
4747
4747
4747
4747
4747
4747
4747
4747
4747
4502
4502
4502
4502
4502
4502
4502
4502
4502
4502
4747
4747
4747
4747
4747
4747
4747
4747
4747
4747
4747
4747
4747
4747
4747
4747
4747
4747
4747
4747
4747
4747
4747
4747
4747
4747
4423
4423
4423
4423
4747
4747
4747
4747
4747
4747
4747
4747
4747
4747
4747
4747
4747
4747
4747
4747
4747
4747
4747
4747
4747
4747
4747
4747
4747
4747
4747
4747
4747
4747
4747
4747
4747
4747
4747
4747
4747
4747
4747
4747
4747
4747
4747
4747
4747
4747
4747
4747
4747
4747
4747
4747
4747
4747
4747
4747
4747
4747
4747
4747
4747
4747
4747
4747
4747
4747
4747
4747
4747
4747
4747
4747
4747
4747
4747
4747
4747
4747
4747
4747
4747
4747
4747
4747
4747
4747
4747
4747
4747
4747
4747
4747
4747
4747
4747
4747
4747
4747
4747
4747
4747
4747
4747
4747
4747
4747
4747
4747
4747
4747
4747
4747
4747
4747
4747
4747
4747
4747
4747
4747
4747
4747
4747
4747
4747
4747
4747
4747
4747
4747
4747
4747
4747
4747
4747
4747
4747
4747
4747
4409
4409
4409
4409
4409
4409
4409
4409
4409
4409
4747
4747
4747
4747
4747
4747
4747
4747
4747
4747
4747
4747
4747
4747
4747
4747
4747
4747
4747
4747
4747
4747
4747
4747
4747
4747
4747
4747
4747
4747
4747
4747
4747
4747
4747
4502
4502
4502
4502
4502
4502
4502
4502
4502
4502
4502
4502
4502
4502
4502
4502
4502
4502
4502
4502
4502
4502
4502
4502
4502
4502
4502
4502
4502
4502
4502
4502
4502
4502
4747
4747
4747
4747
4747
4747
4747
4747
4747
4747
4747
4747
4747
4747
4747
4423
4423
4423
4423
4423
4423
4423
4423
4423
4423
4423
4423
4423
4423
4423
4423
4423
4423
4423
4423
4423
4423
4423
4423
4423
4423
4423
4423
4423
4423
4423
4423
4423
4423
4423
4423
4423
4423
4423
4423
4423
4423
4423
4423
4423
4423
4747
4747
4747
4747
4747
4747
4747
4747
4747
4747
4747
4747
4747
4747
4747
4747
4747
4747
4747
4747
4747
4747
4747
4747
4747
4747
4747
4747
4747
4747
4747
4747
4747
4747
4747
4747
4747
4747
4747
4747
4747
4747
4747
4747
4747
4747
4747
4747
4747
4747
4747
4747
4747
4747
4747
4747
4747
4747
4747
4747
4747
4747
4747
4747
4747
4747
4747
4747
4747
4747
4747
4747
4747
4747
4747
4747
4747
4747
4747
4747
4747
4747
4747
4747
4747
4747
4747
4747
4747
4747
4747
4747
4747
4747
4747
4747
4747
4747
4747
4747
4747
4747
4747
4747
4747
4747
4747
4747
4747
4747
4747
4747
4747
4747
4747
4747
4747
4747
4747
4747
4747
4747
4747
4747
4747
4747
4747
4747
4747
4747
4747
4747
4747
4747
4747
4503
4503
4503
4503
4503
4503
4503
4503
4503
4503
4503
4503
4503
4503
4503
4503
4503
4503
4503
4503
4503
4503
4179
4179
4179
4179
4423
4423
4423
4423
4423
4423
4423
4423
4423
4423
4423
4423
4423
4423
4423
4423
4423
4423
4423
4423
4423
4747
4747
4747
4747
4747
4747
4747
4747
4747
4747
4747
4747
4747
4747
4747
4747
4747
4747
4747
4747
4747
4747
4747
4747
4747
4747
4747
4747
4747
4747
4747
4747
4747
4747
4747
4747
4747
4747
4747
4747
4747
4747
4747
4747
4747
4747
4747
4747
4747
4747
4747
4747
4747
4747
4747
4747
4747
4747
4747
4747
4747
4747
4747
4747
4747
4747
4747
4747
4747
4747
4747
4747
4747
4747
4747
4747
4747
4747
4747
4747
4747
4747
4747
4747
4747
4747
4747
4747
4747
4747
4747
4747
4747
4747
4747
4747
4747
4747
4747
4747
4747
4747
4747
4747
4747
4747
4747
4747
4747
4747
4747
4747
4747
4747
4747
4747
4747
4747
4747
4747
4747
4747
4747
4747
4747
4747
4747
4747
4747
4747
4747
4747
4747
4747
4747
4747
4747
4747
4747
4747
4747
4747
4747
4747
4747
4747
4747
4747
4747
4747
4747
4345
4345
4345
4345
4345
4345
4345
4345
4345
4345
4345
4345
4345
4345
4345
4345
4345
4345
4345
4345
4345
4345
4345
4345
4345
4345
4345
4345
4345
4021
4021
4021
4021
4021
4021
4345
4345
4345
4345
4345
4047
4047
4047
4047
4047
4047
4047
4047
4047
4047
4047
4047
4047
4047
4047
4047
4047
4047
4047
4047
4047
4047
4047
4047
4047
4047
4047
4047
4047
4047
4047
4449
4449
4449
4449
4747
4747
4747
4747
4747
4747
4747
4747
4747
4747
4747
4747
4747
4747
4747
4747
4747
4747
4747
4747
4747
4747
4747
4747
4747
4747
4747
4747
4747
4747
4747
4747
4747
4503
4503
4503
4503
4503
4503
4503
4503
4503
4503
4503
4503
4503
4503
4503
4503
4503
4503
4503
4503
4503
4503
4503
4503
4503
4747
4747
4747
4747
4747
4747
4502
4502
4502
4502
4502
4502
4502
4502
4502
4502
4502
4502
4502
4747
4747
4747
4747
4747
4747
4747
4747
4747
4747
4747
4502
4502
4502
4502
4502
4502
4502
4502
4502
4502
4747
4747
4747
4747
4747
4747
4747
4747
4747
4747
4747
4747
4747
4747
4747
4747
4747
4747
4747
4747
4747
4747
4503
4503
4503
4503
4503
4503
4503
4503
4503
4503
4503
4503
4503
4503
4503
4503
4503
4503
4503
4503
4503
4503
4258
4258
4258
4258
4258
4258
4258
4258
4503
4503
4503
4503
4503
4503
4503
4503
4503
4503
4503
4503
4503
4503
4503
4503
4503
4503
4503
4503
4503
4503
4503
4503
4503
4123
4123
4123
4123
4123
4123
4503
4503
4503
4503
4503
4503
4503
4503
4503
4503
4503
4503
4503
4503
4503
4503
4503
4747
4747
4747
4747
4747
4747
4747
4747
4747
4747
4747
4747
4747
4747
4747
4747
4747
4747
4747
4747
4747
4747
4747
4747
4747
4747
4747
4747
4747
4747
4747
4747
4747
4747
4747
4747
4747
4747
4747
4747
4747
4747
4747
4747
4747
4747
4747
4503
4258
4258
4258
4258
4258
4258
4258
4258
4258
4258
4258
4258
4258
4258
4258
4258
4258
4258
4502
4502
4502
4502
4502
4502
4502
4502
4502
4502
4502
4502
4502
4502
4502
4502
4502
4502
4502
4502
4502
4747
4747
4747
4747
4747
4747
4747
4747
4747
4747
4747
4747
4747
4747
4747
4747
4747
4747
4747
4747
4747
4747
4747
4747
4747
4747
4747
4747
4747
4747
4747
4747
4747
4747
4747
4747
4747
4747
4747
4747
4747
4747
4747
4747
4747
4747
4747
4747
4747
4747
4747
4747
4747
4747
4747
4747
4747
4747
4747
4747
4747
4747
4747
4747
4747
4747
4747
4747
4747
4747
4747
4747
4747
4747
4747
4747
4747
4747
4747
4747
4747
4747
4747
4747
4747
4747
4747
4747
4747
4747
4747
4747
4747
4747
4747
4747
4747
4747
4747
4747
4747
4747
4747
4747
4747
4747
4747
4747
4747
4747
4747
4747
4747
4747
4747
4747
4747
4747
4747
4747
4747
4747
4747
4747
4747
4747
4747
4747
4747
4747
4747
4747
4747
4747
4747
4747
4747
4747
4747
4747
4747
4747
4747
4747
4747
4747
4747
4747
4747
4747
4747
4747
4747
4747
4747
4747
4747
4747
4747
4747
4747
4747
4747
4747
4747
4747
4747
4747
4747
4747
4747
4747
4747
4747
4747
4747
4747
4747
4747
4747
4747
4747
4747
4747
4747
4747
4747
4747
4747
4747
4747
4747
4747
4747
4747
4747
4747
4747
4747
4747
4747
4747
4747
4503
4503
4503
4503
4503
4503
4503
4503
4503
4503
4747
4747
4747
4747
4747
4747
4747
4747
4747
4747
4747
4747
4747
4747
4747
4747
4747
4747
4747
4747
4747
4747
4747
4747
4747
4747
4747
4747
4747
4747
4747
4747
4747
4747
4747
4747
4747
4747
4747
4747
4747
4747
4747
4747
4747
4747
4747
4747
4747
4747
4747
4747
4747
4747
4747
4747
4747
4747
4747
4747
4747
4747
4747
4747
4747
4747
4747
4747
4747
4747
4747
4747
4747
4747
4747
4747
4747
4423
4423
4423
4423
4423
4423
4423
4423
4423
4423
4423
4423
4423
4423
4423
4747
4747
4747
4747
4747
4747
4747
4747
4747
4747
4747
4747
4747
4747
4747
4747
4747
4747
4747
4747
4747
4747
4747
4502
4258
4258
4258
4258
4258
4258
4258
4258
4258
4258
4258
4258
4258
4258
4258
4258
4258
4258
4258
4258
4258
4258
4258
4258
4258
4258
4258
4258
4258
4258
4258
4258
4258
4258
4258
4502
4502
4502
4502
4502
4502
4502
4502
4502
4502
4502
4502
4502
4502
4502
4502
4502
4502
4502
4502
4502
4502
4502
4502
4502
4502
4502
4502
4502
4747
4747
4747
4747
4747
4747
4747
4747
4747
4747
4747
4747
4747
4747
4747
4747
4747
4747
4747
4747
4747
4747
4747
4747
4747
4747
4747
4747
4747
4747
4747
4747
4747
4747
4747
4747
4747
4747
4747
4747
4747
4747
4747
4747
4747
4747
4747
4747
4747
4747
4747
4747
4747
4747
4747
4747
4747
4747
4747
4747
4747
4747
4747
4747
4747
4747
4747
4747
4747
4747
4747
4747
4747
4747
4747
4747
4747
4747
4747
4747
4747
4747
4747
4503
4503
4503
4503
4503
4503
4503
4503
4503
4503
4503
4503
4503
4503
4503
4503
4503
4503
4503
4503
4503
4503
4503
4503
4503
4503
4503
4747
4747
4747
4747
4747
4747
4747
4747
4747
4747
4747
4747
4747
4747
4747
4747
4747
4747
4747
4747
4747
4747
4747
4747
4747
4747
4747
4747
4747
4747
4747
4747
4747
4747
4747
4747
4747
4747
4747
4747
4747
4747
4747
4747
4747
4747
4747
4747
4747
4747
4747
4747
4747
4747
4747
4747
4747
4747
4747
4747
4747
4747
4747
4747
4747
4747
4747
4747
4747
4747
4747
4747
4747
4747
4747
4747
4747
4747
4747
4747
4747
4747
4747
4747
4747
4747
4747
4747
4747
4747
4747
4747
4747
4747
4747
4747
4747
4747
4747
4747
4747
4747
4747
4747
4747
4747
4747
4747
4747
4747
4747
4747
4747
4747
4747
4747
4747
4747
4747
4747
4747
4747
4747
4747
4747
4747
4747
4747
4747
4747
4747
4747
4747
4747
4747
4747
4747
4747
4747
4747
4747
4747
4747
4747
4747
4747
4747
4747
4747
4747
4747
4747
4747
4747
4747
4747
4747
4747
4747
4747
4747
4747
4747
4747
4747
4747
4747
4747
4747
4747
4747
4747
4747
4747
4747
4747
4747
4747
4747
4747
4747
4747
4747
4747
4747
4747
4747
4747
4747
4747
4747
4747
4747
4747
4747
4747
4747
4747
4747
4747
4747
4747
4747
4747
4747
4747
4747
4747
4747
4747
4747
4747
4747
4747
4747
4747
4747
4747
4747
4747
4747
4747
4747
4747
4747
4747
4747
4747
4747
4747
4747
4747
4747
4747
4747
4747
4747
4747
4747
4747
4747
4747
4747
4747
4747
4747
4747
4747
4747
4747
4747
4747
4747
4747
4747
4747
4747
4747
4747
4747
4747
4747
4747
4747
4747
4747
4747
4747
4747
4747
4747
4747
4747
4747
4747
4747
4747
4747
4747
4747
4747
4747
4747
4747
4747
4747
4747
4747
4747
4747
4747
4747
4747
4747
4747
4747
4747
4747
4747
4747
4747
4747
4747
4747
4747
4747
4747
4747
4747
4747
4747
4747
4747
4747
4747
4747
4747
4747
4747
4747
4747
4747
4747
4747
4747
4747
4747
4747
4747
4747
4747
4747
4502
4502
4502
4502
4502
4747
4747
4747
4747
4747
4747
4747
4747
4747
4747
4747
4747
4747
4747
4747
4747
4747
4747
4747
4747
4747
4747
4747
4747
4747
4747
4747
4423
4423
4423
4423
4423
4423
4423
4423
4423
4423
4423
4423
4423
4423
4423
4423
4423
4423
4423
4423
4423
4423
4423
4423
4423
4423
4423
4423
4423
4423
4423
4423
4423
4423
4423
4423
4423
4423
4423
4423
4423
4423
4423
4423
4423
4423
4423
4423
4423
4423
4423
4178
4178
4178
4178
4178
4178
4178
4178
4178
4178
4423
4423
4423
4423
4423
4423
4423
4423
4423
4423
4423
4423
4423
4423
4423
4423
4747
4747
4747
4747
4747
4747
4747
4747
4747
4747
4747
4747
4747
4747
4747
4747
4747
4747
4747
4747
4747
4747
4747
4747
4747
4747
4747
4747
4747
4747
4747
4747
4747
4747
4747
4747
4747
4747
4747
4747
4747
4747
4747
4747
4747
4747
4747
4747
4747
4747
4747
4747
4747
4747
4747
4747
4747
4747
4747
4747
4747
4747
4747
4747
4747
4747
4747
4747
4747
4747
4747
4747
4747
4747
4747
4747
4747
4747
4747
4747
4747
4747
4747
4747
4747
4747
4747
4747
4747
4747
4747
4747
4747
4747
4747
4747
4747
4747
4747
4747
4747
4747
4747
4747
4747
4747
4747
4747
4747
4747
4747
4747
4747
4747
4747
4747
4747
4747
4747
4747
4747
4747
4747
4747
4747
4747
4747
4747
4747
4747
4747
4747
4747
4747
4747
4747
4747
4747
4747
4747
4747
4747
4747
4747
4747
4747
4747
4747
4747
4747
4747
4747
4747
4747
4747
4747
4747
4747
4747
4747
4747
4747
4747
4747
4747
4747
4747
4747
4747
4747
4747
4747
4747
4747
4747
4747
4747
4747
4747
4747
4747
4747
4747
4747
4747
4747
4747
4747
4747
4747
4747
4747
4747
4747
4747
4747
4747
4747
4747
4747
4747
4747
4747
4747
4747
4747
4747
4747
4747
4747
4747
4747
4747
4747
4747
4747
4747
4747
4747
4747
4747
4747
4747
4747
4747
4747
4747
4747
4747
4747
4747
4747
4747
4747
4747
4747
4747
4747
4747
4747
4747
4747
4747
4747
4747
4747
4747
4747
4747
4747
4747
4747
4747
4747
4747
4747
4747
4747
4747
4747
4747
4747
4747
4747
4747
4747
4747
4747
4747
4747
4747
4747
4747
4747
4747
4747
4747
4747
4747
4747
4747
4747
4747
4747
4747
4747
4747
4747
4747
4747
4747
4747
4747
4747
4747
4747
4747
4747
4747
4747
4747
4747
4747
4747
4747
4747
4747
4747
4747
4747
4747
4747
4747
4747
4747
4747
4747
4747
4747
4747
4747
4747
4747
4747
4747
4747
4747
4747
4747
4747
4747
4747
4747
4747
4747
4747
4747
4747
4747
4747
4747
4747
4747
4747
4747
4747
4747
4747
4747
4747
4747
4747
4747
4747
4747
4747
4747
4747
4747
4747
4747
4747
4747
4747
4747
4747
4747
4747
4747
4747
4747
4747
4747
4747
4747
4747
4747
4747
4747
4747
4747
4747
4747
4747
4747
4747
4747
4747
4747
4747
4747
4747
4747
4747
4747
4747
4747
4747
4747
4747
4747
4747
4747
4747
4747
4747
4747
4747
4747
4747
4747
4747
4747
4747
4747
4747
4747
4747
4747
4747
4747
4747
4747
4747
4747
4747
4747
4747
4747
4747
4747
4747
4747
4747
4747
4747
4747
4747
4747
4747
4747
4747
4747
4747
4747
4747
4747
4747
4747
4747
4747
4747
4747
4747
4747
4747
4747
4747
4747
4747
4747
4747
4747
4747
4747
4747
4747
4747
4747
4747
4747
4747
4747
4747
4747
4747
4747
4747
4747
4747
4747
4747
4747
4747
4747
4747
4747
4747
4747
4747
4747
4747
4747
4747
4747
4747
4747
4747
4747
4747
4747
4747
4747
4747
4747
4747
4747
4747
4747
4747
4747
4747
4747
4747
4747
4747
4747
4747
4747
4747
4747
4747
4747
4747
4747
4747
4747
4747
4747
4747
4747
4747
4747
4747
4747
4747
4747
4747
4747
4747
4747
4747
4747
4747
4747
4747
4747
4747
4747
4747
4747
4747
4747
4747
4747
4747
4747
4747
4747
4747
4747
4747
4747
4747
4747
4503
4503
4503
4503
4503
4503
4503
4503
4503
4503
4503
4503
4503
4503
4503
4503
4503
4503
4503
4503
4503
4503
4503
4503
4503
4503
4503
4503
4503
4747
4747
4747
4747
4747
4747
4747
4747
4747
4747
4747
4747
4747
4747
4747
4747
4747
4747
4747
4747
4747
4747
4747
4747
4747
4747
4747
4747
4747
4747
4747
4747
4747
4747
4747
4747
4747
4747
4747
4747
4747
4747
4747
4747
4747
4747
4747
4747
4747
4747
4747
4747
4747
4747
4747
4747
4747
4747
4747
4747
4747
4747
4747
4747
4747
4747
4747
4747
4747
4747
4747
4747
4747
4747
4747
4747
4747
4747
4747
4747
4747
4747
4747
4747
4747
4747
4747
4747
4747
4747
4747
4747
4747
4747
4747
4747
4747
4747
4747
4747
4747
4747
4747
4747
4747
4747
4747
4747
4747
4747
4747
4747
4747
4747
4747
4747
4747
4747
4747
4747
4747
4747
4747
4747
4747
4747
4747
4747
4747
4747
4747
4747
4747
4747
4747
4747
4747
4747
4747
4747
4747
4747
4747
4747
4747
4747
4747
4747
4747
4747
4747
4747
4747
4747
4747
4747
4747
4747
4747
4747
4747
4747
4747
4747
4747
4747
4747
4747
4747
4747
4747
4747
4747
4747
4747
4747
4747
4747
4747
4747
4747
4747
4747
4747
4747
4747
4747
4747
4747
4747
4747
4747
4747
4747
4747
4747
4747
4747
4747
4747
4747
4747
4747
4747
4747
4747
4747
4747
4747
4747
4747
4747
4747
4747
4747
4747
4747
4747
4747
4747
4747
4747
4747
4747
4747
4747
4747
4747
4747
4747
4747
4747
4747
4747
4747
4747
4747
4747
4747
4747
4747
4747
4747
4747
4747
4747
4747
4747
4747
4747
4747
4747
4747
4747
4747
4747
4747
4747
4747
4747
4747
4747
4747
4747
4747
4747
4747
4747
4747
4747
4747
4747
4747
4747
4747
4747
4747
4747
4747
4747
4747
4747
4747
4747
4747
4747
4747
4747
4747
4747
4747
4747
4747
4747
4747
4747
4747
4747
4747
4747
4747
4747
4747
4747
4747
4747
4747
4747
4747
4747
4747
4747
4747
4747
4747
4747
4747
4747
4747
4747
4747
4747
4747
4747
4747
4747
4747
4747
4747
4747
4747
4747
4747
4747
4747
4747
4747
4747
4747
4747
4747
4747
4747
4747
4747
4747
4747
4747
4747
4747
4747
4747
4747
4747
4747
4747
4747
4747
4747
4747
4747
4747
4747
4747
4747
4747
4747
4747
4747
4747
4747
4747
4747
4747
4747
4747
4747
4747
4747
4747
4747
4747
4747
4747
4747
4747
4747
4747
4747
4747
4747
4747
4747
4747
4747
4747
4747
4747
4747
4747
4747
4747
4747
4747
4747
4747
4747
4747
4747
4747
4747
4747
4747
4747
4747
4747
4747
4747
4747
4747
4747
4747
4747
4747
4747
4747
4747
4747
4747
4747
4747
4747
4747
4747
4747
4747
4747
4747
4747
4747
4747
4747
4747
4747
4747
4747
4747
4747
4747
4747
4747
4747
4747
4747
4747
4747
4747
4747
4747
4747
4747
4747
4747
4747
4747
4747
4747
4747
4747
4747
4747
4747
4747
4747
4747
4747
4747
4747
4747
4747
4747
4747
4747
4747
4747
4747
4747
4747
4747
4747
4747
4747
4747
4747
4747
4747
4747
4747
4747
4747
4747
4747
4747
4747
4747
4747
4747
4747
4747
4747
4747
4747
4747
4747
4747
4747
4747
4747
4747
4747
4747
4747
4747
4747
4747
4747
4747
4747
4747
4747
4747
4747
4747
4747
4747
4747
4747
4747
4747
4747
4747
4747
4747
4747
4747
4747
4747
4747
4747
4747
4747
4747
4747
4747
4747
4747
4747
4747
4747
4747
4747
4747
4747
4747
4747
4747
4747
4747
4747
4747
4747
4747
4747
4747
4747
4747
4747
4747
4747
4747
4747
4747
4747
4747
4747
4747
4747
4747
4747
4747
4747
4747
4747
4747
4747
4747
4747
4747
4747
4747
4747
4747
4747
4747
4747
4747
4747
4747
4747
4747
4747
4747
4747
4747
4747
4747
4747
4747
4747
4747
4747
4747
4747
4747
4747
4747
4747
4747
4747
4747
4747
4747
4747
4747
4747
4747
4747
4747
4747
4747
4747
4747
4747
4747
4747
4747
4747
4747
4747
4747
4747
4747
4747
4747
4747
4747
4747
4747
4747
4747
4747
4747
4747
4747
4747
4747
4747
4747
4747
4747
4747
4747
4747
4747
4747
4747
4747
4747
4747
4747
4747
4747
4747
4747
4747
4747
4747
4747
4747
4747
4747
4747
4747
4747
4747
4747
4747
4747
4747
4747
4747
4747
4747
4747
4747
4747
4747
4747
4747
4747
4747
4747
4747
4747
4747
4747
4747
4747
4747
4747
4747
4747
4747
4747
4747
4747
4747
4747
4747
4747
4747
4747
4747
4747
4747
4747
4747
4747
4747
4747
4747
4747
4747
4747
4747
4747
4747
4747
4747
4747
4747
4747
4747
4747
4747
4747
4747
4747
4747
4747
4747
4747
4747
4747
4747
4747
4747
4747
4747
4747
4747
4747
4747
4747
4747
4747
4747
4747
4747
4747
4747
4747
4747
4747
4747
4747
4747
4747
4747
4747
4747
4747
4747
4747
4747
4747
4747
4747
4747
4747
4747
4747
4747
4747
4747
4747
4747
4747
4747
4747
4747
4747
4747
4747
4747
4747
4747
4747
4747
4747
4747
4747
4747
4747
4747
4747
4747
4747
4747
4747
4747
4747
4747
4747
4747
4747
4747
4747
4747
4747
4747
4747
4747
4747
4747
4747
4747
4747
4747
4747
4747
4747
4747
4747
4747
4747
4747
4747
4747
4747
4747
4747
4747
4747
4747
4747
4747
4747
4747
4747
4747
4747
4747
4747
4747
4747
4747
4747
4747
4747
4747
4747
4747
4747
4747
4747
4747
4747
4747
4747
4747
4747
4747
4747
4747
4747
4747
4747
4747
4747
4747
4747
4747
4747
4747
4747
4747
4747
4747
4747
4747
4747
4747
4747
4747
4747
4747
4747
4747
4747
4747
4747
4747
4747
4747
4747
4747
4747
4747
4747
4747
4747
4747
4747
4747
4747
4747
4747
4747
4747
4747
4747
4747
4747
4747
4747
4747
4747
4747
4747
4747
4747
4747
4747
4747
4747
4747
4747
4747
4747
4747
4747
4747
4747
4747
4747
4747
4747
4747
4747
4747
4747
4747
4747
4747
4747
4747
4747
4747
4747
4747
4747
4747
4747
4747
4747
4747
4747
4747
4747
4747
4747
4747
4747
4747
4747
4747
4747
4747
4747
4747
4747
4747
4747
4747
4747
4747
4747
4747
4747
4747
4747
4747
4747
4747
4747
4747
4747
4747
4747
4747
4747
4747
4747
4747
4747
4747
4747
4747
4747
4747
4747
4747
4747
4747
4747
4747
4747
4747
4747
4747
4747
4747
4747
4747
4747
4747
4747
4747
4747
4747
4747
4747
4747
4747
4747
4747
4747
4747
4747
4747
4747
4747
4747
4747
4747
4747
4747
4747
4747
4747
4747
4747
4747
4747
4747
4747
4747
4747
4747
4747
4747
4747
4747
4747
4747
4747
4747
4747
4747
4747
4747
4747
4747
4747
4747
4747
4747
4747
4747
4747
4747
4747
4747
4747
4747
4747
4747
4747
4747
4747
4747
4747
4747
4747
4747
4747
4747
4747
4747
4747
4747
4747
4747
4747
4747
4747
4747
4747
4747
4747
4747
4747
4747
4747
4747
4747
4747
4747
4747
4747
4747
4747
4747
4747
4747
4747
4747
4747
4747
4747
4747
4747
4747
4747
4747
4747
4747
4747
4747
4747
4747
4747
4747
4747
4747
4747
4747
4747
4747
4747
4747
4747
4747
4747
4747
4747
4747
4747
4747
4747
4747
4747
4747
4747
4747
4747
4747
4747
4747
4747
4747
4747
4747
4747
4747
4747
4747
4747
4747
4747
4747
4747
4747
4747
4747
4747
4747
4747
4747
4747
4747
4747
4747
4747
4747
4747
4747
4747
4747
4747
4747
4747
4747
4747
4747
4747
4747
4747
4747
4747
4747
4747
4747
4747
4747
4747
4747
4747
4747
4747
4747
4747
4747
4747
4747
4747
4747
4747
4747
4747
4747
4747
4747
4747
4747
4747
4747
4747
4747
4747
4747
4747
4747
4747
4747
4747
4747
4747
4747
4747
4747
4747
4747
4747
4747
4747
4747
4747
4747
4747
4747
4747
4747
4747
4747
4747
4747
4747
4747
4747
4747
4747
4747
4747
4747
4747
4747
4747
4747
4747
4747
4747
4747
4747
4747
4747
4747
4747
4747
4747
4747
4747
4747
4747
4747
4747
4747
4747
4747
4747
4747
4747
4747
4747
4747
4747
4747
4747
4747
4747
4747
4747
4747
4747
4747
4747
4747
4747
4747
4747
4747
4747
4747
4747
4747
4747
4747
4747
4747
4747
4747
4747
4747
4747
4747
4747
4747
4747
4747
4747
4747
4747
4747
4747
4747
4747
4747
4747
4747
4747
4747
4747
4747
4747
4747
4747
4747
4747
4747
4747
4747
4747
4747
4747
4747
4747
4747
4747
4747
4747
4747
4747
4747
4747
4747
4747
4747
4747
4747
4747
4747
4747
4747
4747
4747
4747
4747
4747
4747
4747
4747
4747
4747
4747
4747
4747
4747
4747
4747
4747
4747
4747
4747
4747
4747
4747
4747
4747
4747
4747
4747
4747
4747
4747
4747
4747
4747
4747
4747
4747
4747
4747
4747
4747
4747
4747
4747
4747
4747
4747
4747
4747
4747
4747
4747
4747
4747
4747
4747
4747
4747
4747
4747
4747
4747
4747
4747
4747
4747
4747
4747
4747
4747
4747
4747
4747
4747
4747
4747
4747
4747
4747
4747
4747
4747
4747
4747
4747
4747
4747
4747
4747
4747
4747
4747
4747
4747
4747
4747
4747
4747
4747
4747
4747
4747
4747
4747
4747
4747
4747
4747
4747
4747
4747
4747
4747
4747
4747
4747
4747
4747
4747
4747
4747
4747
4747
4747
4747
4747
4747
4747
4747
4747
4747
4747
4747
4747
4747
4747
4747
4747
4747
4747
4747
4747
4747
4747
4747
4747
4747
4747
4747
4747
4747
4747
4747
4747
4747
4747
4747
4747
4747
4747
4747
4747
4747
4747
4747
4747
4747
4747
4747
4747
4747
4747
4747
4747
4747
4747
4747
4747
4747
4747
4747
4747
4747
4747
4747
4747
4747
4747
4747
4747
4747
4747
4747
4747
4747
4747
4747
4747
4747
4747
4747
4747
4747
4747
4747
4747
4747
4747
4747
4747
4747
4747
4747
4747
4747
4747
4747
4747
4747
4747
4747
4747
4747
4747
4747
4747
4747
4747
4747
4747
4747
4747
4747
4747
4747
4747
4747
4747
4747
4747
4747
4747
4747
4747
4747
4747
4747
4747
4747
4747
4747
4747
4747
4747
4747
4747
4747
4747
4747
4747
4747
4747
4747
4747
4747
4747
4747
4747
4747
4747
4747
4747
4747
4747
4747
4747
4747
4747
4747
4747
4747
4747
4747
4747
4747
4747
4747
4747
4747
4747
4747
4747
4747
4747
4747
4747
4747
4747
4747
4747
4747
4747
4747
4747
4747
4747
4747
4747
4747
4747
4747
4747
4747
4747
4747
4747
4747
4747
4747
4747
4747
4747
4747
4747
4747
4747
4747
4747
4747
4747
4747
4747
4747
4747
4747
4747
4747
4747
4747
4747
4747
4747
4747
4747
4747
4747
4747
4747
4747
4747
4747
4747
4747
4747
4747
4747
4747
4747
4747
4747
4747
4747
4747
4747
4747
4747
4747
4747
4747
4747
4747
4747
4747
4747
4747
4747
4747
4747
4747
4747
4747
4747
4747
4747
4747
4747
4747
4747
4747
4747
4747
4747
4747
4747
4747
4747
4747
4747
4747
4747
4747
4747
4747
4747
4747
4747
4747
4747
4747
4747
4747
4747
4747
4747
4747
4747
4747
4747
4747
4747
4747
4747
4747
4747
4747
4747
4747
4747
4747
4747
4747
4747
4747
4747
4747
4747
4747
4747
4747
4747
4747
4747
4747
4747
4747
4747
4747
4747
4747
4747
4747
4747
4747
4747
4747
4747
4747
4747
4747
4747
4747
4747
4747
4747
4747
4747
4747
4747
4747
4747
4747
4747
4747
4747
4747
4747
4747
4747
4747
4747
4747
4747
4747
4747
4747
4747
4747
4747
4747
4747
4747
4747
4747
4747
4747
4747
4747
4747
4747
4747
4747
4747
4747
4747
4747
4747
4747
4747
4747
4747
4747
4747
4747
4747
4747
4747
4747
4747
4747
4747
4747
4747
4747
4747
4747
4747
4747
4747
4747
4747
4747
4747
4747
4747
4747
4747
4747
4747
4747
4747
4747
4747
4747
4747
4747
4747
4747
4747
4747
4747
4747
4747
4747
4747
4747
4747
4747
4747
4747
4747
4747
4747
4747
4747
4747
4747
4747
4747
4747
4747
4747
4747
4747
4747
4747
4747
4747
4747
4747
4747
4747
4747
4747
4747
4747
4747
4747
4747
4747
4747
4747
4747
4747
4747
4747
4747
4747
4747
4747
4747
4747
4747
4747
4747
4747
4747
4747
4747
4747
4747
4747
4747
4747
4747
4747
4747
4747
4747
4747
4747
4747
4747
4747
4747
4747
4747
4747
4747
4747
4747
4747
4747
4747
4747
4747
4747
4747
4747
4747
4747
4747
4747
4747
4747
4747
4747
4747
4747
4747
4747
4747
4747
4747
4747
4747
4747
4747
4747
4747
4747
4747
4747
4747
4747
4747
4747
4747
4747
4747
4747
4747
4747
4747
4747
4747
4747
4747
4747
4747
4747
4747
4747
4747
4747
4747
4747
4747
4747
4747
4747
4747
4747
4747
4747
4747
4747
4747
4747
4747
4747
4747
4747
4747
4747
4747
4747
4747
4747
4747
4747
4747
4747
4747
4747
4747
4747
4747
4747
4747
4747
4747
4747
4747
4747
4747
4747
4747
4747
4747
4747
4747
4747
4747
4747
4747
4747
4747
4747
4747
4747
4747
4747
4747
4747
4747
4747
4747
4747
4747
4747
4747
4747
4747
4747
4747
4747
4747
4747
4747
4747
4747
4747
4747
4747
4747
4747
4747
4747
4747
4747
4747
4747
4747
4747
4747
4747
4747
4747
4747
4747
4747
4747
4747
4747
4747
4747
4747
4747
4747
4747
4747
4747
4747
4747
4747
4747
4747
4747
4747
4747
4747
4747
4747
4747
4747
4747
4747
4747
4747
4747
4747
4747
4747
4747
4747
4747
4747
4747
4747
4747
4747
4747
4747
4747
4747
4747
4747
4747
4747
4747
4747
4747
4747
4747
4747
4747
4747
4747
4747
4747
4747
4747
4747
4747
4747
4747
4747
4747
4747
4747
4747
4747
4747
4747
4747
4747
4747
4747
4747
4747
4747
4747
4747
4747
4747
4747
4747
4747
4747
4747
4747
4747
4747
4747
4747
4747
4747
4747
4747
4747
4747
4747
4747
4747
4747
4747
4747
4747
4747
4747
4747
4747
4747
4747
4747
4747
4747
4747
4747
4747
4747
4747
4747
4747
4747
4747
4747
4747
4747
4747
4747
4747
4747
4747
4747
4747
4747
4747
4747
4747
4747
4747
4747
4747
4747
4747
4747
4747
4747
4747
4747
4747
4747
4747
4747
4747
4747
4747
4747
4747
4747
4747
4747
4747
4747
4747
4747
4747
4747
4747
4747
4747
4747
4747
4747
4747
4747
4747
4747
4747
4747
4747
4747
4747
4747
4747
4747
4747
4747
4747
4747
4747
4747
4747
4747
4747
4747
4747
4747
4747
4747
4747
4747
4747
4747
4747
4747
4747
4747
4747
4747
4747
4747
4747
4747
4747
4747
4747
4747
4747
4747
4747
4747
4747
4747
4747
4747
4747
4747
4747
4747
4747
4747
4747
4747
4747
4747
4747
4747
4747
4747
4747
4747
4747
4747
4747
4747
4747
4747
4747
4747
4747
4747
4747
4747
4747
4747
4747
4747
4747
4747
4747
4747
4747
4747
4747
4747
4747
4747
4747
4747
4747
4747
4747
4747
4747
4747
4747
4747
4747
4747
4747
4747
4747
4747
4747
4747
4747
4747
4747
4747
4747
4747
4747
4747
4747
4747
4747
4747
4747
4747
4747
4747
4747
4747
4747
4747
4747
4747
4747
4747
4747
4747
4747
4747
4747
4747
4747
4747
4747
4747
4747
4747
4747
4747
4747
4747
4747
4747
4747
4747
4747
4747
4747
4747
4747
4747
4747
4747
4747
4747
4747
4747
4747
4747
4747
4747
4747
4747
4747
4747
4747
4747
4747
4747
4747
4747
4747
4747
4747
4747
4747
4747
4747
4747
4747
4747
4747
4747
4747
4747
4747
4747
4747
4747
4747
4747
4747
4747
4747
4747
4747
4747
4747
4747
4747
4747
4747
4747
4747
4747
4747
4747
4747
4747
4747
4747
4747
4747
4747
4747
4747
4747
4747
4747
4747
4747
4747
4747
4747
4747
4747
4747
4747
4747
4747
4747
4747
4747
4747
4747
4747
4747
4747
4747
4747
4747
4747
4747
4747
4747
4747
4747
4747
4747
4747
4747
4747
4747
4747
4747
4747
4747
4747
4747
4747
4747
4747
4747
4747
4747
4747
4747
4747
4747
4747
4747
4747
4747
4747
4747
4747
4747
4747
4747
4747
4747
4747
4747
4747
4747
4747
4747
4747
4747
4747
4747
4747
4747
4747
4747
4747
4747
4747
4747
4747
4747
4747
4747
4747
4747
4747
4747
4747
4747
4747
4747
4747
4747
4747
4747
4747
4747
4747
4747
4747
4747
4747
4747
4747
4747
4747
4747
4747
4747
4747
4747
4747
4747
4747
4747
4747
4747
4747
4747
4747
4747
4747
4747
4747
4747
4747
4747
4747
4747
4747
4747
4747
4747
4747
4747
4747
4747
4747
4747
4747
4747
4747
4747
4747
4747
4747
4747
4747
4747
4747
4747
4747
4747
4747
4747
4747
4747
4747
4747
4747
4747
4747
4747
4747
4747
4747
4747
4747
4747
4747
4747
4747
4747
4747
4747
4747
4747
4747
4747
4747
4747
4747
4747
4747
4747
4747
4747
4747
4747
4747
4747
4747
4747
4747
4747
4747
4747
4747
4747
4747
4747
4747
4747
4747
4747
4747
4747
4747
4747
4747
4747
4747
4747
4747
4747
4747
4747
4747
4747
4747
4747
4747
4747
4747
4747
4747
4747
4747
4747
4747
4747
4747
4747
4747
4747
4747
4747
4747
4747
4747
4747
4747
4747
4747
4747
4747
4747
4747
4747
4747
4747
4747
4747
4747
4747
4747
4747
4747
4747
4747
4747
4747
4747
4747
4747
4747
4747
4747
4747
4747
4747
4747
4747
4747
4747
4747
4747
4747
4747
4747
4747
4747
4747
4747
4747
4747
4747
4747
4747
4747
4747
4747
4747
4747
4747
4747
4747
4747
4747
4747
4747
4747
4747
4747
4747
4747
4747
4747
4747
4747
4747
4747
4747
4747
4747
4747
4747
4747
4747
4747
4747
4747
4747
4747
4747
4747
4747
4747
4747
4747
4747
4747
4747
4747
4747
4747
4747
4747
4747
4747
4747
4747
4747
4747
4747
4747
4747
4747
4747
4747
4747
4747
4747
4747
4747
4747
4747
4747
4747
4747
4747
4747
4747
4747
4747
4747
4747
4747
4747
4747
4747
4747
4747
4747
4747
4747
4747
4747
4747
4747
4747
4747
4747
4747
4747
4747
4747
4747
4747
4747
4747
4747
4747
4747
4747
4747
4747
4747
4747
4747
4747
4747
4747
4747
4747
4747
4747
4747
4747
4747
4747
4747
4747
4747
4747
4747
4747
4747
4747
4747
4747
4747
4747
4747
4747
4747
4747
