5230
5281
4719
4668
4336
4054
4503
3820
3836
4398
4043
3783
4065
4420
4420
4471
3909
3909
4148
4097
3705
3705
3296
3705
3965
3607
3152
3203
3765
4448
3957
4315
3866
4315
4315
3664
4315
4315
3866
3511
3843
3561
3953
4402
4402
3719
4174
4174
3935
3526
3626
3268
2819
3101
3510
3494
3494
3162
2600
2318
2880
3371
3111
3111
3495
3004
2904
3259
3259
2697
2697
2305
2663
2012
2344
2444
2683
3075
2717
2478
2146
2146
2385
2334
3017
3018
3580
3938
3529
3529
4020
3781
3426
3426
3034
2543
2088
2480
2496
2951
3442
3058
3507
4158
3475
3020
3429
2938
2938
2529
1878
1929
2580
2579
3262
3753
3361
3361
2710
3042
2991
3400
2717
2767
3049
2691
2951
2691
2359
2691
2282
2542
2543
2283
2334
2284
2334
1885
2340
2600
2550
2789
2227
2910
2960
2860
2177
2161
2261
2261
2670
2620
2636
2636
2636
2304
2866
2866
2627
3019
2759
3117
3116
3166
3615
4266
4166
4150
4166
4550
4499
4050
4101
4101
4050
3595
3927
3543
3493
3101
2539
2589
3151
3600
3600
3584
3584
3022
3477
3068
3452
3807
4067
4459
4004
4004
4687
4004
3954
4005
4460
4460
4699
4307
4407
4457
3806
3451
3451
3806
4198
3916
3584
3135
3818
4227
4789
5071
4509
4510
4101
3646
3155
3646
3646
3155
2895
2540
2490
2750
2358
2713
3122
3071
2811
3203
3219
3781
4432
4432
4332
4331
3973
3411
3411
3866
3866
3474
3866
3183
3515
3515
3499
4182
4442
4203
4203
4203
3811
3811
4050
3641
3642
3187
3187
3203
2921
2920
2970
2710
3272
3222
2539
1888
2148
2603
2653
2653
2653
3102
2842
3493
3493
2842
3234
3643
3643
3743
3744
4395
4446
4395
4063
4047
4730
5221
5481
5481
4919
4970
4586
4586
4586
4194
3955
3971
3971
3920
3237
3920
3269
3269
3219
3219
3611
3256
3495
3879
3388
2933
2250
2933
3495
3395
3753
3361
2977
3028
3028
3028
3383
3383
3028
3028
3519
3874
3465
3107
3107
2847
3129
3584
3916
3634
3302
3302
3352
3634
4285
4234
4592
4984
4934
5194
5194
5193
5193
4838
4446
4164
4164
4164
4165
4265
3703
3703
4095
3646
3978
3978
4387
3978
3739
3789
3788
4143
3751
4135
4135
4417
4157
4057
3374
3425
3425
3425
3834
3834
3552
3536
3536
3985
4224
4506
4507
4607
4507
4506
4766
5449
5000
4509
5071
4420
4062
3707
3707
3707
3323
3423
3815
3423
3781
3098
2643
3027
3382
3382
3282
3232
3915
3560
3610
3626
3626
3726
3675
3675
4124
4615
4053
4508
5159
5109
4777
4777
5169
4887
4503
4503
4504
4554
4938
4888
4888
4237
3998
3549
3549
4200
3791
4030
4385
4385
4435
4435
4051
3400
3809
3570
3520
3802
3802
4453
4503
5065
5065
5304
5636
5397
5397
4835
4886
4835
4480
4088
3806
4255
4255
4494
4776
4775
4775
5159
5514
5906
5906
5906
5890
5506
5151
5151
4696
5051
4602
4342
4343
4792
4843
4859
5314
5314
5314
5264
4613
5264
4932
5316
4932
4441
4441
5003
5053
5385
5385
5369
5319
5268
5759
5758
6142
6143
5861
5529
5529
5811
5811
6071
6403
6403
6164
5755
5755
5104
4655
4655
4654
4163
3831
3831
4482
4482
4382
4398
4448
4939
4889
5298
5298
5038
5038
5038
4547
4807
4807
5046
4654
5145
4462
4446
4446
4091
4091
4540
4895
4613
4713
5105
5156
4747
4747
5156
4772
4822
5505
5505
5889
5534
5550
5450
5211
5160
4711
4256
4206
3822
3430
2868
2919
3251
3301
3301
3693
3693
3693
3042
3026
3308
3308
3308
3308
3763
3764
3763
4118
4118
4118
4118
4067
4516
4516
4067
3612
2929
2669
3053
3053
3153
3204
3154
3609
3869
3818
3460
3909
4148
3793
3809
4460
4510
5072
5123
5073
5428
5146
4691
4691
5146
4697
5055
5056
4565
4615
4897
4847
4455
4097
3535
3151
3642
3626
4075
4467
3976
3976
4026
3694
4026
3926
3926
4609
4993
4754
4754
4345
4445
4445
4445
3996
4487
4155
4717
4716
4665
4405
3754
3654
3986
4344
3889
4298
4314
4298
4248
4348
4016
3734
3051
3051
3051
3051
2489
2728
2319
3002
3411
3860
3860
3861
4423
4323
3914
4369
5020
4337
4387
4403
4019
4019
3780
3779
4111
4061
4470
4115
4115
4166
4266
4266
3908
3908
3958
3958
3958
3566
3515
3465
3010
2601
2585
2585
2585
3040
2591
3274
3324
3324
3716
3976
3992
4376
4376
3921
3972
3973
4422
4704
5059
4376
4021
4020
4020
4703
4703
4421
4421
4779
4763
4763
4763
4379
4618
4634
4302
4202
3844
3844
4176
4126
4127
4111
4111
3872
3972
3872
3480
2829
2778
2446
2804
2313
2312
2313
2312
2644
3036
3445
3496
3987
4087
3678
3346
3585
4040
4041
4450
4805
4805
4705
5037
5688
5637
5228
4896
4896
4896
4912
4896
5280
5041
5041
5280
5689
5789
5434
5434
5334
5434
5434
4872
4888
4888
4479
4530
4885
5167
4809
4425
4809
4809
4425
3934
3652
4036
4036
3652
4061
3822
4384
4434
4334
4666
4406
4406
4406
4506
4151
4135
4035
4035
3984
3934
3933
3933
4033
4084
4344
4728
5083
5083
4728
5086
4694
4694
4933
4933
4933
4933
5424
5185
5134
4451
4501
4501
4893
4894
4910
4910
4909
4909
4909
5148
5148
5148
5149
4498
4497
5148
4888
4872
4633
4633
4633
4872
4463
4463
4413
4413
4313
3981
4664
4664
4425
4476
4027
3976
4027
4028
4044
4326
3934
4266
4266
4250
4510
4959
4975
5214
4652
5214
5606
5606
5151
5151
5606
5367
5467
5467
5367
5085
5069
5119
5068
4619
4569
4568
4668
4568
4568
4668
4907
5356
5357
5025
4342
4624
4385
4285
4285
3723
3722
4054
4409
3954
3505
3505
3505
3521
3521
2870
2870
3279
3330
2839
3401
3850
3799
3467
3058
2703
3058
3058
3042
2782
3114
3114
3114
3353
3844
3452
3844
3452
4103
4103
3452
3907
3552
3652
3653
3653
3653
3321
3321
3581
3132
3541
3541
3541
3896
3538
3256
3307
3306
3588
3588
3946
3962
3962
3962
3604
3604
3322
2831
2447
2396
2446
2446
2446
2497
2498
2497
2855
2855
3506
3406
3407
3799
3899
3507
3507
3507
3098
3482
3482
3482
3127
2672
2954
2954
2904
3313
3262
3023
3355
2997
2997
2981
3031
3031
3030
3713
4068
4517
4467
4825
4825
4416
4058
3958
4367
4367
4367
4367
4606
5061
5061
5453
5453
5453
5061
4606
4998
4998
4738
4998
4998
5048
5539
5539
5555
5606
5606
5157
4802
4802
4751
4751
5200
5200
5201
5201
5201
5559
5175
4726
4726
4726
4777
4495
4086
4035
4019
4468
4568
4329
4738
5020
4337
4388
4338
4338
4577
4128
4483
4483
4483
4499
4448
4498
4166
4165
3810
4194
4194
4094
3834
3818
3818
3409
3764
4447
4397
4397
4806
4806
5138
5398
4907
4907
4907
4498
4499
4499
4599
4599
4267
4317
4772
4672
5163
5163
5163
4480
4929
4929
4929
4571
4179
3730
3830
3375
3136
3468
3468
3468
3468
3468
3468
2977
3335
3351
3806
3806
3448
3432
3432
3432
3432
3432
3431
3432
3150
3150
3150
3599
3549
3100
3100
3458
3949
3594
3262
3312
3312
3704
3312
2857
3096
3096
3451
3067
3516
3416
3416
3467
3851
4183
3923
3568
3518
3518
3618
4073
4123
4122
4071
4480
3918
3969
3969
3969
3730
4085
4324
5007
5569
5569
5569
5569
5569
5519
5419
5435
4752
4753
5436
5052
4720
5104
5204
5204
5204
5486
5435
5435
5419
5180
4529
4579
4529
4247
4263
4163
4163
4814
5146
5428
5428
5479
4988
4633
4633
4633
4224
4484
4202
4611
4966
4517
4517
4756
4856
5305
5305
5066
5066
4708
4657
4707
4024
3640
4131
4489
5172
5411
5411
5411
5803
5564
5209
4800
4800
5039
5090
5090
5090
5074
5074
5356
5711
5149
4757
5319
5059
5451
5451
5467
5112
4663
4663
4663
4663
4663
4662
5071
4509
4509
4493
4493
4002
4002
4386
4386
4336
4352
4402
4402
4964
4864
4813
4913
4521
5012
5461
5411
4849
4491
4082
3627
4036
4036
3627
3678
3938
3938
4330
4330
4330
4739
5094
5094
4411
4411
4411
4395
4395
4395
3946
3946
4401
4963
4681
4581
4581
4863
4863
4863
4301
4302
4020
4582
4322
4338
5021
5281
5730
5730
5281
5730
5780
5880
5318
5318
5302
5042
5400
5399
5681
5681
5681
5681
5681
5697
5313
5297
5557
5066
4711
5273
5764
6119
6119
6119
6503
6243
5752
5190
5139
4784
4684
4352
4070
4020
4020
4020
4020
3565
3565
3615
3947
3948
4208
4208
3816
3816
3816
4378
4378
4378
4378
4429
4821
4561
4916
4524
4524
3962
3962
3604
3620
3902
3453
3845
4407
4125
4574
4523
4131
4391
4882
5337
5695
5746
5388
5388
5488
5488
5487
5487
5436
5436
5718
6110
6010
5678
5678
5729
5337
5077
5435
4873
4873
4873
4873
5265
5265
5597
5857
5857
5806
5790
5508
4825
4826
4842
5124
5124
5807
5398
5116
4465
4465
4465
4107
4207
3752
4161
3922
3662
3901
3952
3952
3952
3952
3952
3952
3936
4196
4758
4758
5040
4989
4989
4989
4540
4556
4274
4274
4273
4728
4045
3713
3713
3713
3714
3330
3330
3688
3688
3588
3588
3920
3528
3512
3896
3636
4319
4711
4327
4277
4277
4277
3868
3918
4569
4237
4497
4496
4496
4547
4189
4189
4547
4829
5213
5213
5163
5213
4953
5402
5662
5011
5012
5012
5012
4557
4889
4557
5208
5208
5157
5208
5208
4824
4840
5249
5249
5249
5581
5581
5321
5271
5655
5655
5655
5323
5272
4990
5322
5777
5777
5828
6088
6072
6072
6072
6122
6122
6071
6353
6093
6093
5738
5738
6093
6144
5493
5493
5493
5493
5442
6093
6193
6193
5838
5599
5599
5599
5838
5837
5837
5838
5446
5838
5155
5155
5510
5509
4858
4474
4734
4734
4402
4403
4787
4838
4738
4329
4661
4661
4099
4750
4750
4750
4750
4750
4511
5073
5073
5072
5072
5755
5755
5755
5400
5400
5400
5400
5349
5350
5018
5018
4968
4584
4583
4323
4732
4832
4882
5237
4955
4600
4651
4651
4651
4933
4933
4933
4933
5265
4983
4983
4883
5122
4883
4899
4883
4899
4899
5138
5087
5087
5087
5369
5319
5319
4910
5319
5579
5579
5563
5001
5002
5386
5437
5437
5437
5386
5386
5385
5740
5285
5740
5408
5508
5269
5269
4586
4486
4486
4037
4037
4053
4385
4385
4369
4011
4027
4027
3643
3882
3882
3882
3490
3230
3231
3231
3231
3281
3964
3964
3964
4413
4413
4771
5333
5094
4762
4761
4812
4812
5072
5021
5021
5021
5413
5464
5464
5464
4781
5113
5213
5452
5170
5853
5853
5802
5802
5542
5542
5303
5303
5303
5563
5563
5563
5563
5114
5114
5353
5353
5353
5353
4862
4812
4812
4812
4573
4573
4574
4574
5023
4568
4807
4547
4597
4857
4597
4879
4597
4581
4581
4965
4633
4633
4893
4843
4843
4434
4195
4604
5095
5145
5145
5477
5932
5540
5540
5540
5182
5182
5182
5464
5480
4797
4797
4797
4797
4413
4412
4412
3963
3964
3964
3963
3608
3608
3608
4291
4683
4683
4683
4633
4684
5068
5069
5308
4924
4924
4362
4811
5166
5150
4890
4890
4890
4940
4940
4940
4608
4508
4608
4557
4457
4008
4024
4586
4586
4304
4304
4304
4304
4304
4688
4687
4687
4687
4448
4448
4056
3701
3701
3940
3940
3941
3702
3701
3685
3924
4282
4731
4991
5323
5678
5678
5729
5729
5678
5346
4988
5004
4744
4744
4335
4335
4435
4419
3928
3928
4188
4470
4470
4802
4853
4753
4853
4802
4802
4802
4802
4752
4752
5110
4548
4548
3865
3865
3865
3916
3865
3881
3642
3642
3693
3932
3932
3832
4323
4307
4025
3534
3534
3816
3816
3817
3917
4326
4376
4376
4392
4391
4391
5074
5636
5637
5637
5636
5536
5127
5127
5127
4769
4769
4718
4458
4219
4219
4219
4219
4219
4219
4270
4679
4779
5270
4886
4886
4886
4886
4886
4836
4427
4427
4687
4687
4427
4785
5169
5069
5461
5077
5077
5486
5486
5536
5536
5536
5520
5469
5469
5469
5469
5469
5469
5469
5469
5111
5371
5422
5422
5661
5661
5761
5761
5761
5761
5761
6119
6119
6119
6119
6119
6135
6135
6084
6084
5752
5752
5753
5753
5752
5752
5752
5752
5736
5378
5736
5736
5737
5246
5246
5630
5068
5084
5084
5084
4433
4765
4765
4082
3727
3467
3185
2793
3053
3053
3408
3024
3024
3075
3075
3726
3726
3726
4118
4118
4609
4593
4593
4592
4874
4823
4723
4739
4739
4790
4435
4435
4435
4436
4791
4791
4791
4791
4791
5175
5175
5858
5858
5858
5858
5858
5858
5857
5857
5857
5618
5618
5618
5618
5619
5719
5264
5004
5004
5566
6021
6021
5689
5689
5638
5638
5638
5637
5688
5330
5662
5922
5640
5640
5640
5640
5640
5590
5590
5235
4786
4786
5141
5423
5014
5014
5015
5065
5065
5065
5065
5064
5513
5513
5513
5497
5498
5498
5856
5856
5806
5546
5596
5596
5314
5314
5723
5723
5723
5739
5739
5739
5739
5739
5739
5381
5026
5025
5307
5307
5665
5665
5666
5308
5292
5292
5647
5647
6005
6005
6005
6005
6021
6020
6004
5954
5499
5499
5448
4886
4886
4902
5162
5162
4770
4770
4820
4820
4820
4820
4804
4446
4446
4446
3997
3998
4447
4446
4446
5008
5008
5024
5382
5621
5621
5621
6013
6013
6013
6013
6013
5731
5731
6013
6013
6064
6064
6519
6519
6519
6469
6453
6095
6096
6096
5996
5996
5996
5612
5203
5203
5612
5712
5712
5728
5677
5677
5677
6061
6061
6061
5652
5652
5652
5652
5652
5297
5297
5297
4965
4865
4865
4965
4965
4516
4566
4898
4898
4898
4443
4443
4801
4801
4800
4800
4800
5155
5155
4504
4504
4504
5155
5155
5139
4900
4900
4850
4901
4917
5156
4772
5181
4619
4669
4653
4653
5102
5051
5001
5001
5001
5002
5002
5457
5357
5357
5356
5406
5124
4633
5017
5017
5017
5017
5579
6070
6070
6070
6352
6352
5994
5994
5994
5994
5545
5545
5545
5561
5545
5545
5903
5903
5341
5081
5132
5132
5132
5133
5133
4724
4724
4724
5133
5149
5711
5695
5695
5695
5340
5339
5339
5599
5599
5267
5267
5267
5217
5549
5998
5947
5385
5385
5385
5385
5385
5947
5947
5947
5947
5947
5948
5948
5948
5948
5948
5948
6048
6048
6048
5948
5948
5948
5948
5948
5590
5948
5948
5948
5964
5964
5704
5704
5704
5704
5295
5295
5395
5395
4946
4946
4946
4945
4945
4945
4946
4946
4946
4996
4996
4996
5445
5800
5468
5728
5779
5763
5408
5407
5407
5408
5408
5408
5024
5024
5024
5433
5433
5433
5433
5433
5449
5833
5832
5832
5832
5832
6187
6187
6187
6519
6519
6519
6519
6064
6064
6014
6014
6014
6064
5825
6064
6064
5964
5964
5964
5965
5965
5915
5915
5676
5394
5633
5633
5632
5632
5632
5183
5183
4944
5399
5383
5332
5332
5383
5383
5384
5484
5484
5484
5484
5484
5484
5484
5484
5484
5534
5534
5534
5274
5513
5513
5462
5462
5462
5461
4970
4970
4970
4920
5369
5037
5053
5544
5544
5135
5135
5395
5395
5395
5395
5395
5135
5135
5135
5119
5119
5169
5220
5220
5221
5553
5503
5503
5503
5503
5503
5264
5546
5562
5230
5230
5230
5230
5562
5511
5056
5056
5316
4754
4754
4805
4805
4545
4545
4544
4544
4953
5213
5263
5212
5774
5774
5775
5775
5725
5625
5625
5625
5725
5724
5725
5724
5724
5725
6180
6164
6164
6164
6164
6164
6164
6164
6164
6180
6180
6179
6179
6179
5688
5037
5037
5037
5037
5276
5276
5277
5327
5327
4969
4585
3902
3902
4260
4911
4911
4629
4628
4679
4629
4679
4961
4961
4961
4722
4672
4672
4911
4912
4912
4812
4812
4812
4812
5495
5256
5256
5256
5256
5256
5640
5640
6131
6131
6131
6080
6131
6370
6319
6369
6369
6369
6369
6087
6087
6087
6087
6087
5525
6087
6087
6087
6087
5827
6087
6087
6087
5827
5827
5878
5878
5878
5878
5978
5487
5487
5769
5769
5437
5437
5437
5437
5928
6260
6260
6260
6260
6260
6260
6260
6210
6210
5852
5852
5852
5852
5852
5752
5752
5752
5101
5101
5101
5361
5361
5122
5122
5122
5122
5172
5411
5411
5395
5394
5344
5344
5344
5344
5394
5394
6045
6145
6094
6094
6094
6094
6094
6452
6213
5821
5721
5721
5721
5721
5312
5363
5379
5379
5379
5119
5119
5119
5069
5053
5069
5069
5329
4646
5329
5329
5329
5329
5738
5738
5977
5961
5961
6061
6061
6061
6453
6353
6403
6403
6403
6403
6404
6404
6404
6404
6404
5995
5995
5995
6404
6420
6011
6011
5619
6011
6011
5960
5960
5960
5960
5960
5960
5944
5944
5944
5894
5894
5445
5445
5445
5445
5894
5894
5894
5439
5439
5439
5439
5439
5439
5439
5848
5848
5847
5847
5847
5847
5587
5687
5687
5737
5753
5753
5753
5753
5753
5804
5804
5804
5565
5825
6064
6064
6064
6064
6064
5502
5957
5907
5907
5907
5907
5907
5907
5907
5907
5907
5907
5907
5647
5292
5192
5193
5193
5548
5548
5548
5547
5807
5807
5807
5807
5807
6369
6353
6369
6419
6419
6419
6419
6137
6137
6137
6138
6137
6137
5877
5877
6137
6137
6121
6121
6121
5882
5882
6121
6221
6237
6237
6237
5879
5879
5879
5879
5880
5880
5880
5496
5880
5880
5880
5880
6162
6162
6162
6162
6162
6162
5753
5753
5702
5370
5370
5702
6111
6111
6111
5851
5851
5851
5851
5751
5802
5802
5802
6062
6062
6062
6062
6062
6046
5996
5996
5996
5996
5996
6354
6354
6354
6370
6370
6370
6370
6370
6370
6370
6012
6012
6012
6012
5752
6012
6062
6062
6062
6420
6520
6520
6520
6520
6519
6469
6369
6369
6369
6369
6369
6369
6369
6369
6369
6369
6369
6087
6137
6137
6137
6137
6137
6237
6519
6419
6419
6419
6369
6369
6369
6369
6369
6369
6353
6353
6369
6469
6469
6469
6469
6469
6470
6231
6231
6281
6281
6281
6281
6281
6281
6281
6281
6281
6281
6181
6181
6180
6180
6164
6164
6164
6164
6264
6264
6264
6264
5906
5906
5497
5497
5497
5513
5463
5463
5464
5464
5448
5448
5448
5348
5347
5586
5586
5587
5587
5587
5587
5603
5603
5603
5603
5603
5603
5603
5603
5961
5961
6370
6420
6420
6420
6420
6420
6420
6520
6520
6520
6520
6520
6281
6281
6181
6181
6181
6181
6181
6130
6130
6130
6130
6130
6130
6130
6130
6181
6181
6420
6370
6370
6370
6370
6370
6370
6370
6370
6370
5921
5921
6021
5761
5661
5661
5921
5905
5955
5597
5242
5342
5697
5697
5697
5697
5697
5696
5696
6054
6054
6070
6070
6070
6019
6019
6019
6019
6070
6019
6003
6003
6003
6003
6452
6452
6352
6352
6403
6353
6353
6353
6353
6403
6403
6403
6419
6420
6404
6353
6353
5961
5552
5552
5961
6012
6012
6404
6403
6403
6403
6403
6019
6019
6019
5564
5564
5564
5564
5565
5565
5581
5581
5965
5965
5965
5949
5949
5949
5899
6354
6354
6115
6115
5855
5500
5760
5760
5810
6165
6165
5807
5807
5807
5807
6046
6404
6404
6504
6504
6454
6454
6454
6454
6454
6403
6403
6403
6403
6403
6454
6453
6453
6453
6453
6453
6402
6402
6302
6352
6352
6352
6452
6453
6453
6453
6469
6469
6520
6520
6520
6520
6520
6519
6520
6420
6420
6420
6420
6420
6420
6420
6404
6404
6404
6420
6420
6420
6420
6420
6420
6404
6165
6165
6165
6165
6165
6165
6164
6164
6164
6180
6180
5825
5825
5825
5825
5565
5825
5825
5825
5825
5825
5825
6064
6064
6064
6064
6064
6065
5826
6181
6181
6181
6420
6420
6420
6419
6419
6419
6419
6420
6420
6404
6404
6354
6354
6353
6353
6353
6302
6302
6302
6302
6302
6303
6354
6354
6354
6354
6354
6354
6454
6453
6469
6469
6469
6469
6469
6469
6469
6469
6519
6519
6519
6187
6188
6188
6188
6188
6520
6520
6470
6520
6520
6469
6469
6469
6469
6077
6027
6027
6077
6077
6077
6077
6077
6077
6077
6077
6077
6061
6077
6077
5817
5817
5817
5817
5817
5817
5868
5868
5484
5484
5484
5433
5433
5825
5825
5142
5825
5825
6209
6209
6209
6209
5817
5817
5485
5745
5745
5745
5485
5485
5817
5817
5801
5801
5801
5852
5852
5852
5852
5868
5868
5868
5868
5868
5629
6021
6260
6260
6260
6260
6260
6260
6260
6259
6519
6519
6520
6469
6469
6469
6369
6369
6037
6036
6036
6368
6368
6318
6318
6369
6369
6369
6369
6369
6369
6369
6369
6369
6369
6369
6369
6369
6130
6130
5798
5798
5798
5798
5798
5798
5799
5799
5799
5799
6038
6138
6087
6087
6419
6419
6419
6403
5752
5752
5752
5752
5752
5752
6403
6121
6121
6121
6403
6454
6454
6454
6454
6454
6454
6194
6194
6194
6194
6454
6470
6454
6454
6454
6454
6454
6454
6454
6454
6454
6403
6403
6402
6402
6403
6403
6121
6121
6137
6188
6088
6088
6088
6088
6088
6088
6088
6088
6037
6137
6137
6137
6188
6188
6188
6188
5928
5927
6209
6209
6469
6469
6470
6470
6470
6454
6354
6354
6354
6353
6353
6302
6302
6302
6302
6302
6302
6302
6302
5970
5970
5970
5970
5970
5970
5970
6070
6070
6086
6086
5804
5804
5804
5804
5805
5805
5805
5805
5789
6071
6071
5971
5971
6071
6121
5882
5882
5882
5882
5882
6214
6214
6214
6453
6353
6353
6353
6352
6302
6302
6303
5945
5945
5945
6303
6319
6319
6303
6353
6353
6353
6353
6353
6353
6369
6369
6369
6369
6369
6369
6369
6369
6420
6420
6420
6420
6420
6420
6420
6420
6420
6420
6420
6088
6037
6037
6037
6088
6088
6188
6188
6188
6188
6188
6172
6172
6121
6121
6121
6121
6121
6121
6121
6121
6121
6071
6071
6071
6087
6087
6087
5729
6061
6061
6060
6111
6111
6111
6111
6111
6111
6111
6111
6111
6111
6111
6112
6112
6112
6112
6112
6470
6470
6470
6470
6470
6470
6419
6419
6419
6419
6469
6469
6469
6469
6469
6469
6520
6520
6520
6260
6260
6260
6260
6259
6259
6259
6243
6244
6244
6244
6244
6193
6193
6193
6193
6193
6193
6193
6193
6209
6209
6209
6209
6209
6469
6469
6419
6419
6419
6419
6419
6419
6419
6419
6419
6419
6470
6470
6470
6469
6469
6469
6418
6418
6418
6318
6369
6370
6370
6370
6370
6370
6370
6369
6369
6369
6369
6369
6369
6369
6469
6469
6469
6469
6469
6519
6519
6519
6519
6519
6519
6519
6519
6519
6519
6520
6520
6520
6504
6504
6504
6503
6503
6503
6503
6503
6503
6503
6503
6503
6503
6452
6452
6452
6452
6402
6402
5993
5993
6402
6452
6452
6452
6402
6047
6047
6047
6048
6048
6048
6048
6099
6098
6099
6099
6099
6115
6115
6115
6115
6115
6015
6015
6015
6015
6015
6015
6015
5755
5755
5755
5755
5739
5999
5999
5999
6354
6354
6354
6354
6354
6354
6404
6404
6404
6404
6420
6420
6420
6420
6520
6520
6520
6520
6520
6520
6520
6469
6469
6469
6453
6453
6403
6403
6403
6403
6403
6303
6303
6303
6303
6303
6303
6302
6302
6302
6302
6302
6302
6302
6302
6302
6303
6303
6353
6353
6353
6353
6353
6353
6353
6369
6420
6370
6370
6370
6369
6370
6370
6370
6370
6370
6370
6370
6370
6354
6354
6354
6354
6370
6420
6420
6420
6420
6420
6420
6404
6420
6420
6420
6420
6181
6181
6181
6181
5899
5899
5899
6181
6181
6130
6369
6369
6369
6369
6369
6353
6353
6353
6353
6353
6352
6352
6352
6352
6353
6353
6453
6453
6453
6504
6504
6504
6504
6504
6504
6504
6503
6503
6503
6503
6503
6503
6503
6503
6503
6503
6403
6403
6403
6403
6352
6353
6353
6352
6352
6352
6352
6352
6352
6352
6352
6352
6352
6352
6352
6352
6352
6352
6352
6352
6368
6368
6368
6368
6368
6318
6318
6319
6319
6319
6319
6319
6319
6319
6319
6319
6319
6319
6319
6319
6319
6319
6319
6319
6369
6369
6369
6369
6420
6404
6404
6404
6404
6404
6420
6520
6520
6520
6520
6470
6470
6470
6470
6470
6470
6470
6470
6470
6470
6470
6469
6469
6469
6470
6470
6470
6470
6470
6470
6470
6470
6370
6370
6370
6370
6370
6370
6370
6370
6319
6319
6319
6319
6319
6369
6369
6369
6369
6469
6453
6453
6453
6453
6452
6452
6452
6352
6352
6403
6403
6403
6403
6403
6503
6453
6453
6353
6453
6402
6402
6302
6302
6318
6318
6318
6318
6318
6318
6318
6302
6302
6302
6302
6353
6369
6318
6318
6318
6079
6080
6080
6080
6080
6130
6130
6230
6230
6230
6230
6229
6229
6213
6264
6280
6280
6280
6264
6264
6214
6214
6214
6215
6215
6215
6215
6215
6215
6215
6215
6215
6215
6214
6114
6114
6114
6353
6353
6369
6369
6369
6369
6369
6369
6369
6353
6302
6302
6303
6303
6303
6353
6404
6122
6071
6071
6071
6071
6071
6071
6071
6071
6071
6087
6187
6187
6238
6238
6238
6238
6238
6222
6222
6222
6222
6222
6222
6222
6222
6222
6222
6504
6520
6520
6519
6519
6519
6519
6519
6520
6520
6520
6520
6519
6519
6519
6519
6519
6519
6503
6453
6453
6402
6402
6402
6402
6453
6453
6453
6454
6454
6454
6504
6504
6504
6504
6504
6504
6504
6504
6504
6504
6504
6504
6520
6519
6520
6520
6520
6520
6520
6420
6370
6370
6370
6370
6369
6419
6519
6519
6520
6520
6519
6519
6519
6519
6519
6519
6519
6519
6519
6519
6520
6520
6520
6520
6520
6520
6520
6520
6520
6520
6520
6520
6520
6520
6520
6520
6519
6519
6503
6503
6503
6503
6503
6503
6503
6503
6503
6503
6503
6503
6503
6503
6503
6503
6503
6503
6503
6503
6503
6503
6503
6453
6453
6453
6503
6519
6519
6520
6520
6165
6165
6165
6165
6115
6115
6115
6115
6115
6115
6115
6115
6115
6115
6165
6165
6164
6519
6519
6519
6519
6519
6519
6519
6519
6519
6519
6519
6519
6519
6519
6519
6519
6519
6520
6520
6520
6520
6520
6520
6520
6520
6520
6470
6470
6454
6454
6454
6454
6454
6454
6454
6454
6454
6454
6454
6470
6470
6470
6470
6419
6419
6419
6419
6470
6470
6469
6469
6469
6469
6469
6469
6469
6469
6469
6469
6469
6469
6469
6469
6469
6469
6469
6469
6469
6469
6469
6469
6469
6469
6469
6469
6469
6469
6469
6469
6453
6453
6453
6453
6453
6453
6453
6453
6453
6453
6453
6453
6453
6503
6503
6503
6504
6453
6453
6353
6353
6353
6353
6353
6369
6369
6369
6369
6369
6369
6369
6353
6369
6369
6369
6369
6353
6353
6353
6353
6353
6353
6353
6353
6353
6404
6404
6404
6404
6404
6404
6420
6420
6420
6420
6420
6420
6420
6420
6420
6420
6520
6520
6520
6520
6520
6520
6469
6469
6469
6469
6469
6468
6468
6468
6468
6468
6468
6468
6468
6468
6452
6452
6503
6503
6403
6403
6403
6403
6403
6403
6403
6403
6403
6403
6403
6403
6403
6403
6503
6503
6519
6519
6519
6519
6519
6519
6519
6519
6519
6519
6519
6519
6519
6519
6519
6519
6519
6519
6519
6519
6519
6519
6519
6519
6519
6520
6520
6520
6519
6519
6519
6519
6519
6519
6519
6519
6519
6519
6519
6519
6519
6519
6519
6519
6519
6519
6519
6519
6469
6453
6453
6453
6453
6453
6453
6453
6453
6453
6453
6453
6453
6453
6453
6453
6453
6453
6453
6453
6453
6453
6503
6503
6503
6503
6503
6503
6503
6503
6503
6503
6503
6503
6503
6503
6503
6503
6503
6503
6452
6452
6452
6452
6452
6503
6503
6403
6403
6403
6403
6403
6352
6352
6352
6352
6352
6352
6352
6352
6352
6352
6352
6352
6352
6352
6352
6352
6352
6352
6452
6452
6452
6452
6452
6452
6503
6504
6504
6504
6504
6404
6404
6420
6420
6420
6420
6420
6420
6420
6420
6420
6420
6420
6369
6369
6369
6369
6420
6419
6419
6419
6419
6419
6419
6420
6420
6420
6420
6420
6420
6420
6420
6420
6404
6404
6353
6353
6352
6352
6352
6352
6352
6352
6452
6452
6452
6352
6352
6352
6352
6352
6353
6353
6353
6404
6404
6404
6404
6504
6504
6520
6504
6504
6520
6520
6519
6519
6519
6519
6519
6519
6519
6519
6519
6519
6519
6519
6519
6519
6519
6519
6519
6519
6519
6519
6503
6503
6503
6503
6503
6503
6503
6503
6503
6503
6503
6503
6503
6503
6503
6453
6453
6453
6454
6454
6454
6454
6454
6454
6454
6454
6504
6504
6504
6504
6504
6504
6504
6504
6520
6520
6519
6519
6519
6519
6519
6519
6519
6519
6519
6469
6469
6469
6469
6469
6470
6470
6470
6470
6470
6470
6470
6470
6520
6520
6520
6520
6520
6520
6519
6519
6519
6519
6519
6519
6519
6520
6520
6520
6520
6520
6520
6520
6520
6520
6520
6520
6520
6520
6520
6520
6520
6470
6470
6470
6470
6470
6470
6470
6470
6370
6370
6370
6370
6370
6370
6370
6370
6370
6470
6470
6470
6470
6454
6454
6454
6454
6453
6453
6453
6469
6519
6520
6520
6520
6520
6520
6520
6520
6520
6520
6519
6519
6519
6519
6519
6503
6403
6403
6403
6403
6419
6419
6419
6368
6368
6368
6368
6368
6368
6368
6368
6368
6368
6369
6369
6369
6369
6369
6369
6369
6469
6469
6469
6469
6369
6369
6369
6369
6369
6369
6368
6368
6368
6368
6368
6368
6368
6368
6368
6368
6368
6368
6318
6319
6319
6318
6318
6318
6318
6318
6318
6318
6318
6369
6370
6370
6370
6370
6370
6370
6420
6420
6420
6369
6369
6369
6369
6369
6369
6420
6420
6370
6370
6369
6369
6369
6369
6369
6369
6369
6369
6369
6369
6369
6369
6369
6369
6369
6369
6370
6370
6370
6370
6420
6420
6420
6420
6420
6420
6420
6420
6420
6419
6419
6519
6519
6519
6519
6519
6519
6519
6519
6519
6519
6519
6519
6519
6519
6519
6519
6519
6519
6519
6519
6519
6519
6519
6520
6520
6470
6470
6470
6470
6470
6470
6470
6470
6470
6470
6470
6470
6470
6520
6520
6520
6520
6520
6520
6520
6520
6520
6520
6520
6520
6520
6520
6469
6469
6469
6469
6469
6469
6469
6469
6520
6520
6520
6520
6520
6520
6520
6520
6520
6520
6520
6504
6504
6504
6453
6453
6453
6453
6453
6453
6504
6504
6504
6504
6504
6504
6503
6503
6503
6503
6503
6503
6519
6519
6519
6519
6519
6519
6519
6519
6519
6519
6519
6520
6520
6520
6520
6520
6520
6520
6520
6504
6504
6504
6504
6504
6520
6520
6520
6520
6520
6520
6504
6504
6504
6504
6504
6504
6504
6504
6504
6504
6504
6504
6503
6503
6503
6503
6503
6503
6503
6503
6503
6503
6503
6503
6503
6503
6519
6519
6519
6519
6519
6519
6519
6519
6519
6519
6519
6519
6519
6519
6519
6519
6519
6519
6519
6519
6519
6519
6519
6503
6503
6503
6503
6503
6503
6503
6503
6503
6503
6503
6503
6503
6503
6503
6503
6503
6503
6503
6504
6504
6504
6504
6504
6520
6520
6520
6520
6520
6520
6520
6520
6520
6520
6520
6520
6520
6520
6520
6520
6520
6520
6520
6520
6520
6520
6520
6520
6520
6520
6520
6520
6504
6504
6504
6503
6503
6504
6504
6520
6520
6520
6520
6520
6520
6520
6520
6520
6520
6520
6520
6520
6520
6520
6520
6520
6520
6520
6520
6520
6520
6520
6520
6520
6470
6470
6470
6470
6469
6469
6469
6469
6469
6470
6470
6470
6470
6470
6470
6520
6520
6504
6504
6454
6454
6454
6454
6454
6454
6504
6504
6504
6504
6503
6503
6503
6503
6452
6452
6452
6452
6452
6352
6352
6352
6452
6452
6468
6519
6519
6519
6519
6519
6519
6519
6519
6519
6519
6519
6519
6519
6519
6519
6519
6520
6520
6520
6520
6520
6520
6520
6504
6504
6504
6504
6504
6504
6504
6504
6504
6504
6504
6503
6452
6452
6452
6453
6453
6453
6469
6469
6453
6453
6453
6453
6453
6453
6453
6504
6504
6520
6520
6469
6469
6469
6469
6469
6468
6468
6468
6468
6468
6468
6468
6468
6468
6468
6468
6468
6468
6468
6468
6519
6519
6519
6519
6519
6503
6504
6504
6504
6504
6504
6504
6504
6504
6504
6504
6504
6504
6504
6504
6504
6504
6504
6504
6504
6504
6504
6504
6504
6504
6504
6504
6504
6504
6520
6520
6520
6520
6504
6504
6504
6504
6504
6504
6504
6504
6504
6504
6504
6504
6504
6504
6504
6504
6504
6454
6454
6454
6454
6454
6454
6454
6454
6454
6454
6454
6453
6453
6453
6453
6453
6453
6503
6503
6503
6503
6503
6403
6403
6403
6403
6403
6403
6403
6403
6403
6403
6403
6404
6404
6404
6404
6404
6404
6404
6404
6404
6404
6404
6403
6503
6503
6503
6503
6503
6503
6503
6503
6503
6503
6503
6503
6519
6519
6520
6520
6520
6520
6520
6504
6504
6453
6469
6469
6469
6469
6469
6469
6469
6469
6469
6469
6469
6469
6469
6468
6468
6468
6468
6468
6519
6519
6519
6519
6519
6519
6519
6519
6519
6468
6468
6468
6469
6469
6469
6469
6469
6469
6520
6470
6470
6520
6520
6520
6520
6520
6520
6520
6520
6520
6520
6520
6520
6520
6520
6504
6504
6504
6504
6504
6504
6504
6504
6504
6504
6504
6504
6504
6504
6504
6504
6504
6504
6504
6503
6503
6453
6453
6453
6453
6453
6453
6453
6503
6503
6503
6503
6504
6453
6453
6453
6453
6504
6404
6420
6420
6420
6520
6520
6520
6520
6520
6519
6519
6519
6520
6520
6520
6520
6519
6519
6519
6519
6520
6520
6520
6520
6520
6520
6520
6520
6520
6520
6520
6520
6519
6519
6519
6519
6519
6468
6468
6469
6468
6468
6468
6468
6468
6468
6468
6468
6468
6468
6519
6519
6519
6519
6519
6519
6503
6503
6503
6503
6503
6503
6503
6503
6503
6503
6503
6503
6503
6503
6503
6503
6503
6503
6503
6503
6503
6503
6503
6503
6519
6519
6519
6519
6503
6503
6504
6504
6504
6504
6504
6504
6504
6504
6520
6520
6520
6520
6520
6520
6520
6520
6520
6520
6520
6519
6519
6519
6519
6519
6519
6519
6519
6519
6503
6503
6504
6504
6504
6504
6504
6520
6504
6504
6504
6504
6504
6504
6504
6504
6504
6504
6504
6504
6504
6504
6504
6504
6504
6504
6504
6504
6504
6504
6504
6454
6454
6454
6470
6470
6470
6470
6470
6470
6470
6470
6470
6470
6470
6470
6470
6470
6470
6470
6470
6470
6470
6470
6470
6470
6470
6470
6520
6520
6520
6520
6520
6520
6520
6520
6520
6520
6520
6520
6520
6520
6520
6520
6520
6520
6520
6520
6520
6520
6520
6520
6519
6519
6519
6519
6519
6519
6519
6519
6519
6519
6519
6519
6519
6519
6519
6519
6519
6519
6519
6519
6519
6519
6519
6519
6519
6520
6519
6519
6519
6519
6519
6519
6519
6519
6519
6519
6519
6519
6519
6519
6519
6519
6519
6519
6519
6519
6519
6519
6519
6520
6520
6520
6520
6520
6519
6519
6519
6519
6519
6519
6519
6519
6519
6519
6519
6519
6519
6519
6503
6503
6519
6519
6519
6519
6519
6519
6520
6520
6469
6469
6469
6469
6469
6520
6520
6520
6520
6519
6519
6519
6519
6519
6519
6519
6520
6470
6470
6470
6469
6469
6469
6469
6469
6469
6470
6470
6470
6470
6470
6470
6470
6470
6520
6520
6520
6520
6520
6520
6520
6520
6520
6520
6520
6520
6520
6520
6520
6520
6520
6520
6520
6519
6503
6503
6503
6504
6504
6504
6504
6504
6520
6520
6520
6504
6504
6504
6504
6504
6504
6504
6504
6504
6504
6504
6504
6504
6504
6504
6504
6504
6504
6504
6504
6503
6503
6503
6503
6503
6503
6504
6520
6520
6520
6520
6520
6520
6519
6519
6519
6519
6519
6519
6520
6520
6520
6520
6520
6519
6519
6519
6519
6519
6519
6503
6503
6503
6503
6503
6503
6503
6503
6503
6503
6503
6503
6503
6503
6403
6403
6403
6403
6419
6419
6419
6419
6419
6403
6419
6419
6419
6419
6419
6419
6419
6419
6419
6419
6419
6420
6420
6420
6420
6420
6420
6420
6420
6420
6420
6420
6420
6420
6420
6420
6420
6420
6420
6420
6420
6420
6420
6420
6420
6420
6420
6420
6420
6420
6420
6420
6419
6419
6419
6419
6420
6420
6420
6420
6420
6420
6420
6420
6420
6420
6420
6420
6420
6420
6420
6520
6520
6520
6520
6520
6520
6519
6519
6519
6519
6519
6519
6519
6503
6503
6503
6503
6503
6503
6503
6503
6503
6503
6403
6403
6403
6419
6419
6419
6419
6419
6419
6419
6419
6419
6419
6419
6419
6419
6419
6419
6519
6519
6519
6519
6519
6519
6519
6519
6519
6519
6519
6519
6519
6519
6519
6519
6519
6519
6519
6519
6519
6519
6519
6520
6520
6520
6519
6519
6519
6519
6503
6519
6519
6519
6503
6403
6403
6404
6404
6353
6353
6353
6353
6404
6404
6404
6404
6404
6420
6520
6520
6520
6520
6520
6520
6520
6520
6520
6469
6469
6469
6453
6453
6453
6453
6452
6452
6452
6452
6468
6468
6468
6468
6468
6468
6469
6468
6468
6468
6468
6468
6468
6468
6468
6468
6468
6519
6519
6519
6519
6519
6519
6519
6519
6519
6519
6519
6519
6519
6519
6519
6519
6519
6519
6469
6469
6469
6469
6469
6469
6469
6469
6469
6469
6469
6469
6469
6469
6469
6469
6469
6470
6470
6470
6520
6520
6520
6520
6520
6520
6520
6520
6520
6520
6520
6520
6520
6520
6520
6520
6520
6520
6520
6520
6520
6520
6520
6520
6520
6520
6520
6520
6520
6520
6520
6520
6504
6504
6504
6504
6520
6520
6520
6520
6520
6520
6520
6520
6520
6504
6504
6504
6504
6504
6504
6504
6504
6504
6504
6504
6504
6504
6504
6504
6504
6504
6503
6503
6503
6503
6503
6503
6503
6503
6503
6519
6519
6520
6520
6520
6520
6520
6519
6519
6519
6519
6519
6519
6519
6519
6519
6519
6519
6519
6519
6519
6519
6519
6519
6520
6520
6520
6520
6520
6520
6520
6520
6520
6520
6520
6520
6520
6520
6520
6520
6520
6520
6520
6520
6520
6520
6520
6520
6520
6520
6520
6520
6520
6520
6520
6520
6520
6520
6520
6520
6520
6520
6520
6520
6520
6519
6519
6519
6519
6519
6519
6519
6519
6519
6519
6519
6519
6519
6519
6519
6519
6519
6519
6519
6519
6519
6519
6519
6503
6503
6503
6503
6503
6503
6403
6403
6403
6403
6403
6403
6403
6403
6403
6403
6403
6403
6403
6403
6403
6403
6404
6404
6404
6404
6404
6404
6404
6404
6403
6403
6404
6404
6404
6404
6404
6504
6504
6504
6504
6504
6504
6504
6503
6503
6503
6503
6503
6503
6503
6503
6503
6503
6503
6503
6503
6503
6503
6503
6503
6519
6519
6519
6519
6519
6520
6520
6520
6520
6520
6520
6520
6520
6520
6520
6519
6519
6519
6519
6519
6519
6519
6519
6519
6519
6519
6519
6503
6519
6519
6519
6519
6519
6519
6519
6519
6519
6519
6519
6519
6519
6519
6520
6519
6519
6519
6520
6520
6520
6520
6519
6519
6519
6519
6519
6519
6519
6519
6519
6519
6519
6519
6519
6519
6519
6519
6519
6519
6503
6503
6503
6503
6503
6503
6503
6503
6503
6403
6403
6403
6403
6403
6403
6403
6419
6419
6419
6419
6419
6419
6419
6419
6419
6419
6419
6419
6419
6419
6419
6419
6419
6419
6419
6519
6519
6520
6520
6520
6520
6520
6520
6520
6519
6519
6519
6519
6519
6519
6519
6519
6519
6519
6519
6519
6519
6519
6519
6519
6519
6519
6519
6519
6519
6519
6519
6519
6519
6519
6519
6519
6519
6519
6519
6519
6519
6519
6519
6519
6519
6519
6519
6519
6519
6519
6503
6503
6503
6504
6504
6504
6504
6504
6504
6504
6504
6504
6504
6520
6520
6520
6520
6519
6503
6503
6503
6503
6403
6403
6403
6403
6403
6503
6503
6503
6519
6519
6519
6519
6519
6519
6519
6519
6519
6519
6519
6519
6519
6519
6519
6519
6519
6519
6519
6519
6519
6519
6520
6520
6520
6520
6520
6520
6520
6520
6520
6520
6520
6504
6504
6504
6520
6520
6520
6520
6520
6520
6520
6520
6520
6520
6520
6520
6520
6520
6504
6504
6504
6504
6504
6504
6504
6504
6504
6504
6504
6504
6504
6504
6504
6504
6504
6504
6504
6504
6504
6504
6504
6504
6504
6504
6504
6504
6520
6520
6520
6520
6520
6520
6520
6520
6520
6520
6520
6520
6520
6520
6520
6520
6520
6520
6520
6520
6520
6520
6520
6520
6520
6520
6520
6504
6504
6504
6504
6504
6504
6504
6504
6504
6504
6504
6504
6504
6504
6504
6504
6504
6504
6520
6520
6520
6520
6520
6520
6520
6520
6520
6520
6520
6520
6520
6520
6520
6520
6520
6520
6520
6520
6520
6520
6520
6520
6520
6520
6520
6520
6519
6519
6519
6519
6519
6519
6519
6519
6519
6519
6519
6519
6519
6519
6519
6519
6519
6519
6519
6519
6519
6519
6519
6519
6519
6519
6519
6519
6519
6519
6519
6519
6519
6519
6519
6519
6519
6503
6503
6503
6503
6503
6503
6503
6403
6403
6403
6403
6403
6503
6403
6403
6404
6404
6404
6404
6404
6404
6404
6404
6404
6404
6404
6404
6404
6404
6420
6420
6420
6420
6420
6419
6419
6419
6419
6419
6419
6419
6403
6403
6403
6403
6403
6403
6403
6403
6403
6419
6420
6420
6420
6420
6420
6420
6420
6420
6420
6420
6420
6420
6420
6420
6419
6419
6419
6420
6420
6420
6420
6420
6520
6519
6519
6519
6519
6519
6519
6519
6519
6519
6519
6519
6519
6520
6520
6520
6520
6520
6520
6520
6519
6519
6519
6519
6519
6519
6519
6519
6519
6519
6519
6519
6520
6520
6520
6520
6520
6520
6520
6520
6520
6520
6520
6520
6519
6519
6519
6519
6519
6519
6519
6519
6519
6519
6519
6519
6519
6519
6519
6519
6519
6519
6519
6519
6519
6519
6519
6519
6519
6519
6519
6519
6519
6519
6519
6519
6519
6519
6519
6519
6519
6519
6519
6519
6519
6519
6519
6519
6519
6520
6520
6520
6520
6519
6519
6519
6519
6519
6519
6519
6519
6519
6519
6519
6519
6519
6520
6520
6520
6520
6520
6520
6519
6519
6519
6519
6519
6519
6519
6519
6519
6519
6519
6519
6519
6519
6519
6519
6519
6519
6519
6520
6520
6520
6520
6520
6520
6520
6520
6520
6520
6520
6520
6520
6520
6520
6520
6520
6520
6520
6520
6520
6520
6520
6520
6520
6520
6520
6520
6520
6520
6520
6520
6520
6520
6520
6520
6520
6520
6520
6520
6520
6520
6520
6520
6520
6520
6520
6520
6519
6519
6519
6519
6519
6519
6519
6519
6519
6519
6519
6519
6519
6519
6520
6520
6520
6520
6520
6520
6520
6520
6520
6520
6520
6520
6520
6520
6520
6520
6520
6520
6520
6520
6504
6504
6504
6504
6504
6504
6504
6504
6504
6504
6504
6504
6504
6504
6504
6504
6520
6520
6519
6519
6519
6503
6519
6519
6519
6519
6519
6519
6519
6519
6520
6520
6519
6519
6519
6520
6520
6520
6520
6520
6520
6520
6520
6520
6520
6520
6520
6520
6520
6520
6520
6520
6519
6519
6519
6519
6519
6519
6519
6519
6519
6519
6519
6519
6519
6519
6519
6519
6519
6519
6519
6519
6519
6519
6519
6519
6519
6519
6519
6519
6519
6519
6519
6519
6519
6519
6520
6520
6520
6520
6520
6520
6520
6520
6520
6520
6520
6520
6520
6520
6520
6520
6520
6520
6520
6520
6520
6520
6520
6520
6520
6520
6520
6520
6520
6520
6520
6520
6520
6520
6520
6520
6520
6520
6520
6520
6520
6520
6520
6520
6520
6520
6520
6520
6520
6520
6520
6520
6520
6520
6520
6520
6520
6520
6520
6520
6520
6520
6520
6520
6520
6519
6519
6519
6519
6519
6519
6519
6519
6519
6519
6519
6519
6519
6519
6519
6519
6519
6519
6519
6519
6519
6519
6519
6519
6519
6519
6519
6519
6519
6519
6519
6519
6519
6519
6519
6519
6519
6519
6519
6519
6519
6519
6519
6519
6519
6519
6519
6519
6519
6519
6519
6519
6520
6520
6520
6520
6520
6520
6520
6520
6520
6520
6520
6520
6520
6520
6519
6519
6519
6520
6520
6519
6519
6519
6519
6519
6519
6519
6519
6519
6519
6519
6519
6519
6519
6519
6519
6519
6520
6520
6520
6520
6520
6520
6520
6520
6520
6520
6520
6520
6520
6520
6520
6520
6520
6520
6520
6520
6520
6520
6520
6520
6520
6520
6520
6520
6520
6520
6520
6520
6520
6520
6520
6520
6520
6520
6520
6520
6520
6520
6520
6520
6520
6520
6520
6520
6520
6520
6520
6520
6520
6520
6520
6520
6520
6520
6520
6520
6520
6520
6520
6520
6520
6520
6520
6504
6503
6503
6503
6503
6503
6504
6504
6504
6504
6520
6520
6520
6520
6520
6520
6520
6520
6520
6520
6520
6520
6520
6520
6520
6520
6520
6520
6520
6520
6520
6520
6519
6519
6519
6519
6519
6519
6519
6519
6519
6519
6519
6519
6519
6519
6519
6519
6519
6519
6519
6519
6519
6519
6519
6519
6519
6519
6519
6519
6519
6519
6519
6519
6519
6519
6520
6520
6520
6520
6520
6520
6520
6520
6520
6520
6520
6520
6520
6519
6519
6519
6519
6519
6519
6519
6519
6519
6519
6519
6519
6519
6519
6519
6519
6519
6519
6519
6519
6519
6519
6519
6519
6519
6519
6519
6519
6519
6519
6519
6519
6519
6519
6519
6519
6519
6519
6519
6519
6519
6519
6519
6519
6519
6519
6519
6519
6503
6503
6503
6503
6503
6504
6504
6504
6504
6504
6504
6504
6504
6504
6520
6520
6520
6520
6520
6520
6520
6520
6520
6520
6520
6520
6520
6520
6520
6520
6520
6520
6520
6519
6519
6519
6520
6520
6519
6519
6519
6520
6520
6520
6520
6520
6520
6520
6520
6520
6520
6520
6520
6520
6520
6520
6520
6520
6520
6520
6520
6520
6520
6520
6520
6520
6520
6520
6519
6519
6519
6519
6519
6519
6519
6519
6519
6519
6520
6520
6520
6520
6520
6520
6520
6520
6520
6520
6520
6520
6520
6520
6520
6520
6520
6520
6520
6520
6520
6520
6520
6520
6520
6520
6520
6520
6520
6520
6520
6520
6520
6520
6520
6520
6520
6520
6520
6520
6520
6520
6520
6520
6520
6519
6519
6519
6519
6519
6519
6519
6519
6519
6519
6520
6520
6520
6520
6520
6520
6520
6520
6520
6520
6520
6520
6520
6520
6520
6520
6520
6520
6520
6520
6520
6520
6520
6520
6520
6520
6520
6520
6520
6520
6520
6520
6520
6520
6520
6520
6520
6520
6520
6520
6519
6519
6519
6519
6519
6519
6519
6519
6519
6519
6519
6519
6519
6519
6519
6519
6519
6519
6519
6519
6519
6519
6520
6520
6520
6520
6520
6520
6520
6520
6520
6520
6520
6520
6520
6520
6520
6520
6520
6520
6520
6520
6520
6520
6520
6520
6520
6520
6520
6520
6520
6520
6520
6520
6519
6519
6519
6519
6519
6519
6519
6519
6519
6519
6519
6519
6519
6519
6519
6519
6519
6519
6519
6519
6519
6519
6519
6519
6519
6520
6520
6520
6520
6520
6520
6520
6520
6520
6520
6520
6520
6520
6520
6520
6519
6519
6519
6519
6519
6519
6519
6519
6519
6519
6519
6519
6519
6519
6519
6520
6520
6520
6520
6520
6520
6520
6520
6520
6520
6520
6520
6520
6520
6520
6520
6520
6519
6519
6519
6519
6519
6520
6520
6520
6520
6520
6520
6520
6520
6520
6520
6520
6520
6520
6520
6520
6520
6520
6520
6520
6520
6520
6520
6520
6519
6519
6519
6519
6519
6519
6519
6519
6519
6519
6519
6519
6519
6519
6519
6519
6519
6519
6519
6519
6519
6520
6520
6520
6520
6520
6520
6520
6520
6520
6520
6520
6520
6520
6519
6519
6519
6520
6520
6520
6520
6520
6520
6520
6520
6520
6520
6520
6520
6519
6519
6519
6519
6519
6519
6519
6519
6519
6519
6519
6520
6519
6519
6519
6519
6520
6520
6520
6520
6520
6520
6520
6520
6520
6520
6520
6520
6520
6520
6520
6520
6520
6520
6520
6520
6520
6520
6520
6520
6520
6520
6520
6520
6519
6519
6519
6519
6519
6519
6519
6519
6519
6519
6519
6519
6519
6519
6519
6519
6519
6519
6519
6519
6519
6519
6519
6519
6519
6519
6520
6520
6520
6520
6520
6520
6520
6520
6520
6520
6520
6520
6520
6520
6520
6520
6520
6520
6520
6520
6520
6520
6520
6520
6520
6520
6519
6519
6519
6519
6519
6519
6519
6520
6520
6520
6520
6520
6520
6520
6520
6520
6520
6520
6520
6520
6520
6519
6519
6519
6519
6519
6519
6519
6519
6519
6519
6519
6519
6519
6519
6519
6519
6519
6519
6520
6520
6520
6520
6520
6520
6520
6520
6520
6520
6520
6520
6520
6520
6520
6520
6520
6520
6520
6520
6520
6520
6520
6520
6520
6520
6520
6520
6520
6520
6520
6520
6520
6520
6520
6519
6519
6519
6519
6519
6519
6519
6519
6519
6519
6519
6519
6519
6519
6519
6519
6519
6519
6519
6519
6519
6519
6519
6519
6519
6519
6519
6519
6519
6519
6520
6520
6520
6520
6520
6519
6519
6519
6519
6519
6519
6519
6519
6520
6520
6520
6520
6520
6520
6519
6519
6519
6519
6519
6519
6519
6520
6520
6520
6520
6519
6519
6519
6520
6520
6520
6520
6520
6520
6520
6520
6520
6520
6519
6519
6519
6519
6519
6519
6519
6519
6519
6520
6519
6519
6519
6519
6520
6520
6520
6520
6520
6520
6520
6520
6520
6520
6520
6520
6520
6520
6520
6520
6520
6520
6520
6520
6520
6520
6520
6520
6520
6520
6520
6520
6520
6520
6520
6520
6520
6520
6520
6520
6520
6520
6520
6520
6520
6520
6520
6520
6520
6520
6520
6520
6520
6520
6520
6520
6520
6520
6520
6520
6520
6520
6520
6520
6520
6520
6520
6520
6520
6520
6520
6520
6520
6520
6520
6520
6520
6520
6520
6520
6504
6504
6504
6504
6504
6504
6504
6503
6503
6503
6403
6403
6503
6504
6504
6504
6504
6504
6504
6504
6504
6504
6504
6504
6504
6504
6504
6504
6504
6504
6504
6504
6504
6504
6504
6504
6504
6504
6504
6504
6504
6504
6504
6504
6504
6504
6503
6503
6503
6519
6519
6519
6519
6519
6519
6519
6519
6519
6519
6519
6519
6519
6520
6520
6520
6520
6520
6520
6519
6519
6519
6519
6519
6519
6519
6519
6519
6519
6519
6520
6520
6520
6520
6520
6520
6520
6520
6520
6520
6520
6520
6520
6520
6519
6519
6519
6519
6519
6519
6519
6519
6519
6519
6519
6520
6520
6519
6519
6519
6519
6519
6519
6519
6519
6520
6520
6520
6520
6520
6520
6520
6520
6520
6520
6520
6520
6520
6520
6520
6520
6520
6520
6520
6520
6520
6520
6520
6520
6520
6520
6519
6519
6519
6519
6519
6519
6519
6519
6519
6519
6519
6519
6519
6519
6519
6519
6519
6520
6519
6519
6519
6519
6519
6519
6519
6519
6519
6519
6519
6519
6519
6519
6519
6519
6519
6519
6519
6519
6519
6519
6519
6519
6519
6519
6519
6519
6519
6519
6519
6519
6520
6520
6520
6520
6520
6520
6520
6520
6520
6520
6520
6520
6520
6520
6520
6520
6520
6520
6520
6520
6520
6520
6520
6520
6520
6520
6520
6520
6520
6520
6520
6520
6520
6520
6520
6520
6520
6520
6520
6520
6520
6520
6520
6520
6520
6520
6520
6520
6520
6520
6520
6520
6520
6520
6520
6519
6519
6519
6519
6519
6519
6520
6520
6520
6520
6520
6520
6520
6520
6520
6520
6520
6520
6520
6520
6520
6520
6520
6520
6520
6520
6520
6520
6520
6520
6520
6520
6520
6520
6520
6520
6520
6520
6520
6520
6520
6520
6519
6519
6519
6520
6520
6520
6519
6519
6519
6519
6519
6519
6519
6519
6519
6519
6519
6519
6519
6519
6519
6519
6519
6519
6520
6520
6520
6520
6520
6520
6520
6520
6520
6520
6520
6520
6520
6520
6520
6520
6520
6520
6520
6520
6520
6520
6520
6520
6520
6520
6520
6520
6520
6520
6520
6520
6520
6520
6520
6520
6520
6520
6520
6520
6520
6520
6520
6520
6520
6520
6520
6520
6520
6520
6520
6520
6520
6519
6519
6519
6519
6519
6519
6519
6519
6520
6520
6520
6520
6520
6520
6520
6520
6520
6520
6520
6520
6520
6520
6520
6520
6520
6520
6520
6520
6520
6520
6520
6520
6520
6519
6519
6519
6519
6519
6519
6519
6519
6519
6519
6519
6519
6519
6519
6519
6519
6519
6519
6519
6519
6519
6519
6519
6519
6519
6519
6519
6519
6519
6519
6519
6519
6519
6519
6519
6519
6519
6519
6519
6519
6519
6519
6519
6519
6519
6519
6519
6519
6519
6519
6519
6519
6519
6519
6519
6519
6519
6519
6519
6519
6519
6519
6519
6519
6519
6519
6519
6519
6519
6519
6519
6519
6519
6520
6519
6519
6519
6519
6519
6519
6519
6519
6519
6519
6519
6519
6519
6519
6519
6519
6519
6519
6519
6519
6519
6519
6519
6519
6519
6519
6519
6519
6519
6519
6519
6519
6519
6519
6519
6519
6519
6519
6519
6519
6519
6519
6519
6519
6519
6519
6519
6519
6519
6519
6519
6519
6519
6519
6519
6519
6520
6520
6520
6520
6520
6520
6520
6520
6520
6520
6520
6520
6520
6520
6520
6520
6520
6520
6520
6520
6520
6520
6520
6520
6520
6520
6520
6520
6520
6520
6520
6520
6520
6520
6520
6520
6520
6520
6520
6520
6520
6520
6520
6520
6520
6520
6520
6520
6520
6520
6520
6520
6520
6520
6520
6520
6520
6520
6520
6520
6520
6520
6520
6520
6520
6520
6520
6520
6520
6520
6520
6520
6520
6520
6520
6520
6520
6520
6520
6520
6520
6520
6520
6520
6520
6520
6520
6520
6520
6520
6520
6519
6519
6519
6519
6519
6520
6520
6520
6520
6520
6520
6520
6520
6519
6519
6520
6520
6520
6520
6520
6520
6520
6520
6520
6520
6520
6520
6520
6520
6520
6520
6520
6520
6520
6520
6520
6520
6520
6520
6520
6520
6520
6520
6520
6520
6520
6520
6520
6520
6520
6520
6520
6520
6520
6520
6520
6520
6520
6520
6520
6520
6519
6519
6519
6519
6519
6519
6519
6519
6519
6519
6519
6519
6519
6519
6519
6519
6519
6519
6519
6519
6519
6519
6519
6519
6519
6519
6519
6519
6519
6519
6520
6520
6520
6520
6520
6520
6520
6520
6520
6520
6520
6520
6520
6520
6520
6519
6519
6519
6519
6519
6519
6519
6519
6519
6519
6519
6519
6519
6519
6519
6519
6519
6519
6519
6519
6519
6519
6519
6519
6519
6519
6520
6520
6520
6520
6520
6519
6519
6520
6520
6520
6520
6520
6520
6520
6520
6520
6520
6520
6520
6520
6520
6520
6520
6520
6520
6520
6520
6520
6520
6520
6520
6520
6520
6520
6520
6520
6520
6520
6520
6520
6520
6520
6520
6520
6520
6520
6520
6520
6520
6520
6520
6520
6520
6520
6520
6520
6520
6520
6520
6520
6520
6520
6520
6520
6520
6520
6520
6520
6520
6520
6520
6520
6520
6520
6520
6520
6520
6520
6520
6520
6520
6520
6520
6520
6520
6520
6520
6520
6520
6520
6520
6519
6519
6519
6519
6519
6519
6519
6519
6519
6519
6519
6519
6519
6519
6519
6519
6519
6519
6519
6519
6519
6519
6519
6519
6519
6519
6519
6519
6519
6519
6519
6520
6520
6520
6520
6520
6520
6520
6520
6520
6520
6520
6520
6520
6520
6520
6520
6520
6520
6520
6520
6520
6520
6520
6520
6520
6520
6520
6520
6520
6520
6520
6520
6520
6520
6520
6520
6520
6520
6520
6520
6519
6519
6519
6519
6519
6519
6519
6519
6519
6519
6519
6519
6519
6519
6519
6519
6519
6519
6519
6519
6519
6519
6519
6519
6519
6520
6520
6520
6520
6520
6520
6520
6520
6520
6520
6520
6520
6520
6519
6519
6519
6520
6520
6520
6519
6519
6519
6520
6520
6520
6520
6520
6519
6519
6519
6520
6520
6520
6520
6520
6520
6520
6520
6520
6520
6520
6520
6520
6520
6520
6520
6520
6520
6520
6520
6520
6520
6520
6520
6520
6520
6520
6520
6520
6520
6520
6520
6520
6520
6520
6520
6520
6520
6520
6520
6520
6519
6519
6519
6519
6519
6519
6519
6519
6519
6519
6520
6520
6520
6520
6520
6520
6520
6520
6520
6520
6519
6519
6519
6519
6519
6520
6520
6520
6520
6520
6520
6520
6520
6520
6520
6520
6520
6520
6520
6520
6520
6520
6520
6520
6520
6520
6520
6520
6520
6520
6520
6520
6519
6519
6519
6519
6519
6519
6519
6519
6519
6520
6520
6520
6520
6520
6520
6520
6520
6520
6520
6520
6520
6520
6520
6520
6520
6520
6520
6520
6520
6520
6520
6520
6520
6520
6519
6519
6519
6519
6519
6519
6519
6519
6519
6519
6520
6520
6520
6520
6520
6520
6520
6520
6520
6520
6520
6520
6519
6519
6519
6519
6519
6519
6519
6519
6519
6519
6519
6519
6519
6519
6519
6520
6520
6520
6520
6520
6520
6520
6520
6520
6520
6520
6520
6520
6520
6520
6520
6520
6519
6519
6519
6519
6519
6519
6519
6519
6519
6519
6519
6519
6519
6519
6519
6519
6520
6520
6520
6520
6520
6520
6520
6520
6520
6520
6520
6520
6520
6520
6520
6520
6520
6520
6520
6520
6520
6520
6520
6520
6520
6520
6520
6520
6520
6520
6520
6519
6519
6519
6519
6519
6519
6519
6520
6520
6520
6520
6520
6520
6520
6519
6519
6519
6519
6519
6519
6519
6519
6519
6519
6519
6519
6519
6519
6519
6519
6519
6519
6519
6519
6519
6519
6519
6519
6519
6519
6519
6519
6519
6519
6519
6519
6519
6519
6520
6520
6520
6520
6520
6520
6520
6520
6520
6520
6520
6520
6520
6520
6520
6520
6520
6520
6520
6520
6520
6520
6520
6520
6520
6519
6519
6519
6519
6519
6519
6519
6519
6519
6519
6519
6519
6519
6519
6519
6519
6519
6519
6519
6519
6519
6519
6519
6519
6519
6519
6519
6519
6519
6519
6519
6519
6519
6519
6520
6520
6520
6520
6520
6520
6520
6520
6520
6520
6520
6520
6520
6520
6520
6520
6520
6520
6520
6520
6520
6520
6520
6520
6519
6519
6519
6519
6519
6519
6519
6519
6519
6519
6519
6519
6519
6519
6519
6519
6519
6519
6519
6519
6519
6519
6519
6519
6519
6519
6519
6519
6519
6519
6519
6519
6519
6519
6519
6519
6519
6519
6519
6519
6519
6519
6519
6519
6519
6519
6519
6519
6519
6519
6519
6519
6519
6519
6519
6519
6519
6519
6519
6519
6519
6519
6519
6519
6519
6519
6519
6519
6519
6519
6519
6519
6519
6519
6519
6519
6519
6519
6519
6519
6519
6520
6520
6520
6520
6520
6520
6520
6520
6520
6519
6519
6519
6519
6519
6520
6520
6520
6520
6520
6520
6520
6520
6520
6520
6520
6520
6520
6520
6520
6520
6520
6520
6520
6520
6520
6520
6519
6519
6519
6519
6519
6519
6519
6519
6519
6519
6519
6519
6519
6519
6519
6519
6519
6519
6519
6519
6519
6519
6519
6519
6519
6519
6519
6519
6519
6519
6519
6519
6520
6520
6520
6520
6520
6520
6520
6520
6520
6520
6520
6520
6520
6520
6520
6520
6520
6520
6520
6520
6520
6520
6520
6520
6520
6520
6520
6520
6520
6520
6520
6520
6520
6520
6520
6520
6520
6520
6520
6520
6520
6520
6520
6520
6520
6520
6520
6520
6520
6520
6520
6520
6520
6520
6520
6520
6520
6520
6520
6520
6520
6519
6519
6519
6519
6519
6520
6520
6520
6520
6520
6520
6520
6520
6520
6520
6520
6520
6520
6520
6520
6520
6520
6520
6520
6520
6520
6520
6520
6520
6520
6520
6520
6520
6520
6520
6520
6520
6520
6520
6520
6520
6520
6520
6520
6520
6520
6520
6520
6520
6520
6520
6520
6520
6520
6520
6520
6520
6520
6520
6520
6520
6520
6520
6520
6519
6519
6519
6519
6519
6519
6519
6519
6519
6519
6519
6519
6519
6519
6519
6519
6519
6519
6519
6519
6519
6520
6520
6520
6520
6520
6520
6520
6520
6520
6520
6520
6520
6520
6520
6520
6520
6520
6520
6520
6520
6520
6520
6520
6520
6520
6520
6520
6520
6520
6520
6520
6520
6520
6520
6520
6520
6520
6520
6520
6520
6520
6520
6520
6520
6520
6519
6519
6519
6519
6519
6519
6519
6519
6519
6519
6519
6519
6519
6519
6519
6519
6519
6519
6519
6519
6519
6519
6519
6519
6519
6519
6519
6519
6519
6519
6519
6519
6519
6519
6520
6520
6520
6520
6520
6520
6520
6520
6520
6520
6520
6520
6520
6520
6519
6519
6519
6519
6519
6519
6519
6520
6520
6520
6520
6520
6520
6520
6520
6520
6520
6520
6520
6520
6520
6520
6520
6520
6520
6520
6520
6520
6520
6520
6520
6520
6520
6520
6520
6520
6520
6519
6519
6519
6519
6519
6519
6519
6519
6519
6519
6519
6519
6519
6519
6519
6519
6519
6519
6519
6519
6519
6519
6519
6519
6519
6519
6519
6519
6519
6519
6519
6519
6519
6519
6519
6519
6519
6519
6519
6519
6519
6519
6519
6519
6519
6519
6519
6519
6519
6519
6519
6519
6519
6519
6519
6519
6519
6520
6520
6520
6519
6519
6519
6519
6519
6519
6519
6519
6519
6519
6519
6519
6519
6520
6520
6520
6520
6520
6520
6520
6520
6520
6520
6520
6520
6520
6520
6520
6520
6520
6520
6520
6520
6520
6520
6520
6520
6520
6520
6520
6520
6520
6520
6520
6520
6520
6520
6520
6520
6520
6520
6520
6520
6520
6520
6520
6520
6520
6520
6519
6519
6519
6519
6519
6519
6519
6519
6519
6519
6519
6520
6520
6520
6520
6520
6520
6520
6520
6520
6520
6520
6520
6520
6520
6520
6520
6520
6520
6520
6520
6520
6520
6520
6520
6520
6520
6520
6520
6520
6520
6520
6520
6520
6520
6520
6520
6520
6519
6519
6519
6519
6519
6519
6520
6520
6520
6520
6520
6520
6520
6520
6520
6520
6520
6520
6520
6520
6520
6520
6520
6520
6520
6520
6520
6520
6520
6520
6520
6520
6520
6520
6520
6520
6520
6520
6520
6520
6520
6520
6520
6520
6520
6520
6520
6520
6520
6520
6520
6520
6520
6520
6520
6520
6520
6520
6520
6520
6520
6520
6520
6520
6520
6520
6520
6520
6520
6520
6520
6520
6520
6520
6520
6520
6520
6520
6520
6520
6520
6520
6520
6520
6520
6520
6520
6520
6520
6520
6520
6520
6520
6520
6520
6520
6520
6520
6520
6520
6520
6520
6520
6520
6520
6520
6520
6520
6520
6520
6520
6520
6520
6520
6520
6520
6520
6520
6520
6520
6520
6520
6520
6520
6520
6520
6520
6520
6520
6520
6520
6520
6520
6520
6520
6520
6520
6520
6520
6520
6520
6520
6520
6520
6520
6520
6520
6520
6520
6520
6520
6520
6520
6520
6520
6520
6520
6520
6520
6520
6520
6520
6520
6520
6520
6520
6520
6520
6520
6520
6520
6520
6520
6520
6520
6520
6520
6520
6520
6520
6520
6520
6520
6520
6520
6520
6520
6520
6520
6520
6520
6520
6520
6520
6520
6520
6520
6520
6520
6520
6520
6520
6520
6520
6520
6520
6520
6520
6520
6520
6519
6519
6519
6519
6519
6519
6519
6520
6520
6520
6520
6520
6520
6520
6520
6520
6520
6520
6520
6520
6520
6519
6519
6519
6519
6519
6519
6519
6519
6519
6520
6520
6520
6520
6520
6520
6520
6520
6520
6520
6520
6520
6520
6520
6520
6520
6520
6520
6520
6520
6520
6520
6520
6520
6520
6520
6520
6520
6520
6520
6520
6520
6520
6520
6520
6520
6520
6520
6520
6519
6519
6519
6519
6519
6519
6519
6519
6519
6519
6519
6520
6520
6520
6520
6520
6520
6520
6520
6520
6520
6520
6520
6520
6520
6520
6520
6520
6519
6519
6519
6519
6519
6519
6519
6519
6519
6519
6519
6519
6519
6519
6519
6519
6519
6519
6519
6519
6519
6519
6519
6519
6519
6519
6519
6519
6519
6519
6519
6519
6519
6519
6519
6519
6519
6519
6519
6520
6520
6520
6520
6520
6520
6520
6520
6520
6520
6520
6520
6520
6520
6520
6520
6520
6520
6520
6520
6520
6520
6520
6520
6520
6520
6520
6520
6520
6520
6520
6520
6520
6520
6520
6520
6520
6520
6520
6520
6520
6520
6520
6520
6520
6520
6520
6520
6520
6520
6520
6520
6520
6520
6520
6520
6520
6520
6520
6520
6520
6520
6520
6520
6520
6520
6520
6520
6520
6520
6520
6520
6520
6520
6520
6520
6520
6520
6520
6520
6520
6520
6520
6520
6520
6520
6520
6520
6520
6520
6520
6520
6520
6520
6520
6520
6520
6520
6520
6520
6520
6520
6520
6520
6520
6520
6520
6520
6520
6520
6520
6520
6520
6520
6520
6520
6520
6520
6520
6520
6520
6520
6520
6520
6520
6520
6520
6520
6520
6520
6520
6520
6520
6520
6520
6520
6520
6520
6520
6520
6520
6520
6520
6520
6520
6520
6520
6520
6520
6520
6520
6520
6520
6520
6520
6520
6520
6520
6520
6520
6520
6520
6520
6520
6520
6520
6520
6520
6520
6520
6520
6520
6520
6520
6520
6520
6520
6520
6520
6520
6520
6520
6520
6520
6520
6520
6520
6520
6520
6520
6520
6520
6520
6520
6519
6519
6519
6519
6519
6520
6520
6520
6520
6520
6520
6520
6520
6520
6520
6520
6520
6520
6520
6520
6520
6520
6520
6520
6520
6520
6520
6520
6520
6520
6520
6520
6520
6520
6520
6520
6520
6520
6520
6520
6520
6520
6520
6520
6520
6520
6520
6520
6520
6520
6520
6520
6520
6520
6520
6520
6520
6520
6520
6520
6520
6520
6520
6520
6520
6520
6520
6520
6520
6520
6520
6520
6520
6520
6520
6520
6520
6520
6520
6520
6520
6520
6520
6520
6519
6519
6519
6519
6519
6519
6519
6519
6519
6519
6519
6519
6519
6519
6519
6519
6519
6519
6519
6519
6519
6519
6519
6519
6519
6519
6519
6519
6519
6519
6519
6519
6519
6519
6520
6520
6520
6520
6520
6520
6520
6520
6520
6520
6520
6520
6520
6520
6520
6520
6520
6520
6520
6520
6520
6520
6520
6520
6520
6520
6520
6520
6520
6520
6520
6520
6520
6520
6520
6520
6520
6520
6520
6520
6520
6520
6520
6520
6520
6520
6520
6520
6520
6520
6520
6520
6520
6520
6520
6520
6520
6520
6520
6520
6520
6520
6520
6520
6520
6520
6520
6520
6520
6520
6520
6520
6520
6520
6520
6520
6520
6520
6520
6520
6520
6520
6520
6520
6520
6520
6520
6520
6520
6520
6520
6520
6520
6520
6520
6520
6520
6520
6520
6520
6520
6520
6520
6520
6520
6520
6520
6520
6520
6520
6520
6520
6520
6520
6520
6520
6520
6520
6520
6520
6520
6520
6520
6520
6520
6520
6520
6520
6520
6520
6520
6520
6520
6520
6520
6520
6520
6520
6520
6520
6520
6520
6520
6520
6520
6520
6520
6520
6520
6520
6520
6520
6520
6520
6520
6520
6520
6520
6520
6520
6520
6520
6520
6520
6520
6520
6520
6520
6520
6520
6520
6520
6520
6520
6520
6520
6520
6520
6520
6520
6520
6520
6520
6520
6520
6520
6520
6520
6520
6520
6520
6520
6520
6520
6520
6520
6520
6520
6520
6520
6520
6520
6520
6520
6520
6520
6520
6520
6520
6520
6520
6520
6520
6520
6520
6520
6520
6520
6520
6520
6520
6520
6520
6520
6520
6520
6520
6520
6520
6520
6520
6520
6520
6520
6520
6520
6520
6520
6520
6520
6520
6520
6520
6520
6520
6520
6520
6520
6520
6520
6520
6520
6520
6520
6520
6520
6520
6520
6520
6520
6520
6520
6520
6520
6520
6520
6520
6520
6520
6520
6520
6520
6520
6520
6520
6520
6520
6520
6520
6520
6520
6520
6520
6520
6520
6520
6520
6520
6520
6520
6520
6520
6520
6520
6520
6520
6520
6520
6520
6520
6520
6520
6520
6520
6520
6520
6520
6520
6520
6520
6520
6520
6520
6520
6520
