4378
4046
4495
4546
4938
4489
4771
4787
4736
4787
4429
4991
4991
5041
5280
4629
4237
4629
4630
4730
4729
4469
4469
5120
5121
5120
4629
4630
4246
4245
4603
4863
4454
4838
4446
4091
3852
4184
3852
4184
3533
3888
4127
3769
3385
2823
2723
2484
2893
2877
2468
2707
2468
2468
2852
2868
2608
2966
3226
2944
2928
2573
2522
2190
2472
2017
2472
2488
2539
2894
2895
2995
2312
2803
2752
2368
2419
2981
2721
2366
2758
3018
3018
3467
2905
2645
2645
3000
3332
3050
2559
2459
2459
2843
2488
2770
2378
1994
2254
2253
2237
2592
2831
3393
3343
3735
4144
4827
4265
4214
4776
4384
5035
5036
5052
4792
5052
4643
4311
4029
3346
2991
3042
3142
3192
3584
3226
3508
3059
2799
3208
3891
3482
3200
2745
2645
2629
2911
2629
2961
2911
2672
3127
2672
2772
3221
3221
3630
3912
4270
3912
3229
2667
2667
3025
3708
3968
3317
3316
3771
4010
4026
3744
3745
4236
4518
4160
3477
3085
3069
2660
2169
2852
3261
3210
2928
2689
3073
2624
3016
2632
1949
1617
1162
1845
1896
2254
1896
2547
2547
2155
2055
2004
2359
2375
1692
1283
928
928
1167
1559
2008
2417
1766
1766
1374
1424
1015
1015
1399
1398
1382
1433
1791
1342
1343
1798
2247
2197
2688
3371
3132
2683
2922
2922
2922
2922
2683
2683
2632
3041
3603
3842
3484
3483
3099
3483
3534
3866
3916
3677
3268
2706
2988
2938
3387
3487
3845
3585
4147
4502
4047
3485
3745
3745
4200
4762
4763
4481
4481
3798
4481
3990
3635
4126
3768
3768
4126
3866
4517
4068
4307
4307
4307
4589
4944
4662
4922
4822
4771
5163
4512
4794
4793
4110
4761
4479
4479
4124
4125
4407
4407
4507
5190
4832
5187
5237
4955
5364
4802
4347
3992
4350
4799
4749
4489
3998
3997
3997
3639
3255
3255
3610
3161
3610
3610
3218
3218
3218
3478
3836
3837
3837
3737
4129
4229
4613
5104
5386
4994
4545
4190
4639
4148
3739
3479
3121
3171
3662
3562
4124
3675
3674
3690
4139
4239
4223
3941
4223
4632
4582
4250
3688
3704
3705
3296
3057
3041
3603
3995
4011
3520
3852
3290
2639
3048
3099
3338
3338
3056
3040
3602
3551
3909
4191
4646
4254
4154
4254
3870
3870
4254
4154
3796
3464
3009
3109
2870
2308
2568
2960
3415
2966
2966
3321
3372
3371
3862
3453
3453
3353
3354
3803
3853
3853
4415
4155
4806
4756
4307
4323
4562
4000
4000
3984
3933
3578
3296
3858
3857
3957
4312
4721
4721
4981
5031
4469
3978
3994
3994
3734
4296
4654
4654
4986
5037
4386
4646
4291
3729
3729
3729
3678
4127
3769
3530
4092
3700
3291
3700
4351
4633
4178
4179
3496
3854
3854
4209
4892
5131
5523
5423
5163
4779
4370
4354
4115
4499
4217
3885
3885
4217
4216
4267
4267
4283
4284
4544
4152
4252
4252
4202
4693
4693
4743
4359
4768
5152
4797
5079
4517
4159
4159
4109
4159
3899
4291
4291
4290
4550
4499
4499
4550
4141
3809
3810
4219
4203
3712
3712
3452
3352
2968
3068
3068
3630
3530
3081
3436
3436
3027
3411
3410
3742
3460
3105
3055
3055
3055
3055
2723
2161
2161
2443
2493
2593
1942
1842
2493
2848
3180
3180
3635
4197
4646
4647
4596
4596
4856
5214
4822
4838
4454
4194
4245
4245
4245
3796
3796
3896
4288
4237
4621
4571
4009
4458
3807
4298
4860
4578
4087
4578
4223
4483
4467
4083
4082
3633
3988
3633
2950
3000
2950
2558
2458
2458
2842
2510
2510
2511
2960
2959
2959
3198
2959
2575
2626
2366
1875
1875
1975
1413
1652
2007
1768
2451
2096
2335
2335
2667
2717
3101
3101
3752
4144
3689
3589
3140
3089
3498
3853
3904
4359
4641
4741
4742
4384
3929
4287
4778
4539
4778
4446
4062
4061
3703
4158
4108
3716
3716
3361
3621
3130
2721
2482
2482
2866
3315
3055
2372
2632
2990
2535
2535
2585
2824
3315
3265
3674
3623
4015
3657
3265
3657
3658
4220
4220
3771
4129
3720
3438
2787
2838
3193
2702
3193
3209
3541
3996
3980
3418
4101
4383
4101
3746
4101
4752
4397
4396
4136
3897
4157
4606
4274
4606
4214
4214
4496
4396
4038
3756
3705
3256
3256
2872
3264
3364
3365
3265
3315
3366
2911
3473
3472
3856
3806
3807
3807
3807
3857
4306
4322
4306
4306
4664
4663
4613
4629
5038
4476
4831
4571
4671
4931
4831
4382
4382
4331
4382
4382
4050
4612
3961
3278
3278
2923
2924
3163
3518
3109
2547
2547
3002
2618
2618
2718
3401
3451
3401
3385
3027
3678
4062
3670
3686
3195
3195
3144
2905
2521
2803
2803
3161
3493
3493
3492
3160
3552
3194
3578
3578
3987
4345
4245
3853
4415
4133
4133
4582
4821
5153
4914
4352
3701
3983
4083
4084
4476
4476
4476
4376
4376
5027
5127
4735
4974
5024
5008
4357
4118
3709
3659
3301
3863
3180
3179
2897
2637
3046
3047
3698
3249
3299
3691
4374
4865
4815
4814
4814
5172
5222
4767
4767
4375
3724
3984
4439
4179
3496
4147
4830
5112
5112
5372
5821
5822
5464
5464
5132
5082
5132
5524
5474
4823
4839
4839
4739
4739
4978
4623
4231
4586
4570
4121
3559
3204
3766
4124
4479
4070
3387
3029
2790
2841
2581
2580
2529
2529
2545
2596
2696
2746
3155
2873
3231
2876
2826
2810
2710
2255
2204
2653
3336
3618
3234
3235
3619
3669
4001
4261
4653
4892
4908
4908
4576
4127
3743
3252
3236
3236
3236
3685
3685
3685
3684
3700
4055
4510
4460
4792
4383
4383
4383
3700
3342
3326
3326
3326
3326
3426
3810
4301
4952
4952
4952
5310
4918
4534
4585
4585
4585
4485
3834
3343
3727
3827
3827
3472
3140
3140
2756
3407
4090
4039
4039
3584
3584
3600
3932
3672
3672
3672
3021
2921
2589
2350
2350
2759
2759
3019
2661
2645
3037
3037
2354
2593
2593
3084
2802
3453
4136
4468
4468
4229
4613
4613
4968
4968
4519
4801
4801
4801
5250
5251
5302
5318
4909
4909
5009
5059
4667
5076
4425
4409
4000
4239
3884
3900
4551
4551
4960
4960
4678
4346
3937
4295
4245
4527
4982
4882
4433
3871
4433
4788
4297
4037
4037
4037
4037
4369
4761
4522
4622
4622
4340
4622
4230
3875
3925
3924
3908
3858
4097
3997
4257
4706
5061
5161
5161
4901
4218
4219
4269
4529
4921
4537
4277
4537
4179
4537
4946
4946
4707
4349
4298
4298
4016
4699
4439
4439
4455
4455
4455
4455
4455
3804
3788
3804
4064
4346
3784
3684
3001
3385
3030
3713
3713
3431
3431
4082
3627
3627
4082
4032
4032
4314
4314
3905
3254
3905
3955
3304
3304
3713
3663
4021
3739
3789
3334
3896
3564
4019
3457
3407
3507
3862
4513
4513
4104
4386
4795
4795
4411
4411
4462
4007
3598
3243
3243
3243
3143
3142
3142
2693
3255
2995
2995
2713
2995
3486
3895
3895
3895
4134
4083
4067
3675
4030
4362
4378
4379
4771
5155
5155
5604
5195
5195
5194
5195
5195
5179
5279
4997
5257
5307
5307
5762
5307
5068
4577
4577
4219
4219
3887
4245
3890
3889
3940
3941
4273
3590
3590
3540
3540
3182
3537
3153
3153
3435
3844
3489
3539
2977
2528
2886
2886
2886
2902
2620
2569
3018
3580
3631
3913
3863
3471
4154
3592
4047
4402
4070
4054
3696
3287
3027
3266
3624
3674
3674
4236
4620
5029
5029
4671
5162
5162
4671
5162
5112
5111
5111
5127
5128
5128
4477
4477
4377
4709
4809
4360
4028
4386
3977
3977
3926
4375
4375
4136
3681
3920
3920
3971
4021
3666
3926
4577
4969
4969
4919
5328
5068
5017
5016
5371
5372
5423
5423
4861
4210
4665
4665
4216
3761
4093
3761
3406
3738
3788
4350
3859
3859
3620
3570
4221
3889
3889
4344
4344
4835
4819
4819
4461
4077
4337
4337
3654
3653
3669
4352
3790
3790
3530
3580
3298
3248
3248
3508
3508
2825
2826
3181
3181
3231
3181
3181
3743
3742
3742
3742
4024
3973
4357
4407
4307
4546
4995
4433
3978
3978
4029
4129
4461
4819
4719
4719
5281
5281
5042
5042
4782
5465
5415
5416
5871
5870
5871
5462
5461
5461
5870
5871
5539
5539
5048
5048
4486
4977
5309
5309
5871
5309
5258
4849
4517
4517
4926
4477
4577
4837
5169
4678
4678
4396
4958
4957
4957
4502
4552
4168
4168
3813
3813
3162
3611
3612
3596
3647
3646
3596
3835
3836
4220
4219
4220
4220
4220
4575
4574
4574
5225
4841
4190
4190
3835
3835
4326
4066
4066
4082
4132
4133
4133
4133
4133
4588
4196
4456
4217
4217
3957
3857
3857
4117
4116
4767
5006
4990
4990
4535
3852
3802
3542
4225
4580
4580
4225
3893
3893
3842
3484
3484
3868
3968
3868
3868
4128
4128
4128
4128
4460
4076
3837
3888
3837
3388
3843
4082
4466
4482
4222
4577
4837
4482
4532
4148
4248
3839
3823
3584
3939
3889
3534
3584
3484
3434
3883
3933
4291
4573
4215
4215
4599
4615
4854
4171
4171
4172
3681
4364
4464
4464
4822
4722
4822
4822
4772
4089
4481
4199
3815
3366
3366
3366
3366
4049
4458
4066
4348
4348
4088
4087
4479
4739
4739
4407
4407
4898
4798
4798
4798
4848
4832
4832
4883
5267
5268
4884
5268
5217
4762
4370
4320
4320
4370
4369
4087
4187
4203
4558
4840
4840
5172
5172
4681
5130
5181
4899
5390
5032
5033
4983
5341
5623
5174
4819
5211
5210
5159
5159
4508
4492
4947
4947
4947
4385
4436
4486
4486
4077
4077
4077
4486
4386
4948
4898
4898
4638
5087
4596
4147
4798
4798
4798
4798
4798
5153
5602
5602
5862
5863
5505
5863
5505
5056
4601
4192
3837
3555
3316
3771
3770
4128
4077
4077
4077
3515
3566
4057
4339
4578
4578
4579
4319
4881
4881
5141
5191
5191
4859
4859
4859
4368
4317
4267
4267
4267
3705
4037
3679
3679
3679
4241
4241
4257
4241
4341
4341
4391
4131
4580
4580
4530
4790
5145
5161
5161
5652
5161
4829
5320
5320
5220
4938
4937
4677
4677
5035
5367
5368
5367
5649
5649
5649
5087
5087
5187
5447
5856
5856
6418
6418
6418
6418
5963
5863
5624
5062
4411
5062
5113
5352
5020
5582
5020
5021
4739
4347
4296
3912
3652
4214
4669
4929
4928
4277
3868
4200
4200
4584
4866
4850
4866
4966
4966
5358
5358
4974
4958
4958
4467
4467
4185
3830
3830
3880
3522
3538
3538
3538
3896
3564
3564
3325
3325
3325
3325
3709
3659
3659
4068
4068
3968
4459
4443
4443
4493
4493
4493
4494
4494
4826
4926
4925
4925
5280
5180
4825
5064
5419
4964
5615
5355
5355
4672
5127
5127
5127
5127
5387
5403
5503
5145
5146
5146
4907
4345
4295
4195
4245
3890
3840
3840
3391
3953
3561
3301
3352
3402
3641
4090
3758
4150
4099
4150
4432
4432
4382
4382
3973
3973
4328
4686
4946
4664
4664
4613
4895
4946
4996
5405
4956
5639
5623
5623
6072
6071
5420
5062
5062
5063
4501
4501
5063
5013
5113
5113
5113
5013
5029
4978
4978
5078
4818
4868
4868
5226
4543
4527
4169
4168
4851
5183
5541
4979
4740
4348
4999
5000
5000
4900
5462
5701
5292
5292
5701
5462
5462
5462
5462
5462
5462
5412
5463
5463
5463
5479
5147
5146
4788
5120
5359
5717
5226
5326
5275
4713
4713
4764
5024
4973
4518
4069
4631
4631
5122
5122
5514
5023
5023
5023
4763
4763
4764
4748
4509
4509
4509
4227
4227
3872
3872
3480
3480
3531
3923
3939
3939
3547
3547
3547
3447
3396
3446
3801
4193
4193
4648
4632
4648
4256
4256
4705
4987
5038
5430
5530
5480
4797
5036
4644
4644
4286
4336
4004
3988
3579
3579
3579
3579
3595
3595
4278
4278
3627
3627
3887
3887
3887
3887
3887
3887
4219
4219
4219
3536
3945
3685
3684
3300
3658
4050
4541
4541
4541
4490
4490
5141
5091
5091
5091
5091
4529
5212
5212
5212
5262
5162
5146
5246
4891
4942
4942
5504
5859
5859
5860
6120
6120
6120
6120
6120
6136
6136
5854
6136
5687
6136
6086
6086
6086
6086
5631
5140
5595
5595
5240
5595
5645
5645
5645
5545
5544
5544
5928
5928
5646
5262
4579
5262
5263
5263
5263
4808
4808
4548
4932
5032
5487
5487
5487
5248
5248
4890
5248
5248
5248
5739
5739
5739
5347
5629
5274
5274
5258
5258
5258
5497
5496
5496
5496
5496
5496
5445
5445
5445
5445
5061
4606
4606
4606
4606
4606
4657
5049
5309
5309
5764
5664
5173
5173
5173
5173
5173
5173
5173
5173
5528
5529
5120
5120
4671
4671
4671
4671
4671
5055
5054
4699
4699
4699
4699
4315
4806
4806
5215
5216
5600
5268
5268
5267
5367
5085
5086
5086
5085
5440
5456
5456
5098
5098
5098
5380
5829
5547
5547
5548
5057
4797
4797
4781
4389
4388
4388
4388
4720
5078
5569
5569
5829
6221
5766
5766
5782
5543
5543
5543
5543
5443
5392
5132
5414
5414
5398
5398
5398
5398
5398
5637
5637
5637
5637
5637
5637
5637
5637
5737
5328
5588
5488
5488
5438
5439
5439
5200
5439
5439
5489
5489
5944
5612
5612
5373
5091
5091
5091
5041
5041
5280
5280
5331
5431
5840
5448
5188
5188
4537
4537
4537
4537
4797
4847
5179
5179
5179
5178
4687
4687
4687
4687
5178
5179
5461
5461
5477
5427
5819
5435
5435
5435
5485
5246
4986
4986
4986
4654
4654
4654
4986
4986
4594
4594
4594
4594
4594
4594
4236
4628
4628
4628
4528
4886
4835
5486
5725
6109
6109
5870
6130
6130
6130
6230
5898
5898
5543
5543
5543
5782
6137
5688
5688
5688
5688
5406
5406
5405
5405
5405
5389
5838
5854
5854
5854
5855
5204
5486
5486
5486
5470
5469
5020
4662
5111
5443
5393
5393
5444
5445
5061
5061
4669
4569
4569
4237
4337
4337
4988
4988
4988
5320
5320
5081
5080
5080
5080
5080
5080
4748
4293
4748
4748
4748
4748
4748
4764
4764
5096
4996
4996
4980
4980
5219
5219
5219
5319
5319
4964
4964
5014
5014
5014
4559
4320
4712
5167
4676
4676
4676
4676
4227
4227
4227
4676
4576
4576
4576
4576
4576
4576
4014
3964
4014
4014
4253
4253
4744
4694
4694
5256
5306
5306
5307
5306
5406
5167
5167
5167
5167
5167
4835
4344
4244
4193
4551
4935
4951
4593
4543
4543
4543
4543
4543
4543
4543
4543
4898
4898
4898
5389
5389
5489
5134
5135
5374
5374
5732
5732
5732
5732
5782
5782
5782
5682
5782
5782
5782
5782
5782
5782
5781
5781
5397
5397
5347
5065
5065
5347
5702
5702
5752
5752
5752
5470
4979
4979
4979
4621
4621
4903
4853
4853
4903
5394
5394
4711
4711
4711
4611
4561
4611
4611
4969
4969
4969
5020
5020
4969
4970
5302
5302
5302
5302
5402
5402
5401
5401
6084
6084
6085
6085
6085
6085
6085
6035
5580
5580
5580
5580
6035
6035
6035
6035
6419
6035
5796
6035
6019
6069
6069
6069
6085
6085
6035
6035
5796
5441
5440
5441
5441
5441
5441
5492
5492
5876
5876
5860
5860
5502
5502
5502
5518
5518
5518
5134
5134
5134
5034
5033
5033
5017
5018
5018
5017
4735
4343
4343
4344
4343
4443
4725
5083
5084
5084
4984
4984
4984
5339
5723
5723
5723
5723
5739
5688
5330
5330
5314
5414
5414
5414
5414
5414
5414
5465
5465
5465
5464
5364
5464
5464
5465
5465
5465
5010
5368
5368
5368
5108
5500
5449
5499
5499
5954
5599
5598
5598
5598
5598
5548
5598
5598
5858
5858
5858
6213
6213
6213
6213
6213
6163
6163
6213
6213
5829
5829
5829
5829
5829
5779
5779
5780
5780
5780
5796
5847
5831
5831
5831
5831
6070
6069
6069
5614
5614
5614
5614
5614
5614
5614
5614
5259
5259
5159
4899
4999
4999
4999
4999
4999
4999
4999
5354
5370
5354
5072
5072
5072
5021
4689
4689
4689
4689
4331
4381
4381
4739
5123
5123
5123
5123
5578
5478
5810
5811
5761
5761
5522
5522
5522
5522
5522
5522
5522
5522
5804
5804
5804
5804
5854
5854
5905
5905
5905
5343
5582
5682
5682
5682
5698
5958
5307
5256
5256
5818
5802
5802
5802
5311
5311
5962
5630
5630
5630
5630
5530
5530
5581
5913
5913
5862
5862
5862
5862
5862
5861
5862
5862
5862
5862
5862
5862
5862
6353
6353
6353
6353
6353
6303
6303
6303
6303
6064
6064
6114
6114
6165
6165
6165
6164
6164
6114
5854
5854
5854
5954
6214
6214
6214
6214
6214
6214
6214
6214
6214
5765
5766
5766
5766
5766
5766
5766
5666
6115
6115
6354
6354
6354
6354
6354
6354
6353
6353
6302
6302
6042
5551
5567
6058
6058
6058
6318
6318
6318
5869
5869
5630
5630
5630
5630
5630
5630
5630
5630
5630
5630
5630
5630
5681
5681
5681
5681
5681
5731
5715
5715
5433
5433
5075
5524
5264
5264
5265
5265
5265
5265
5365
5647
5315
5315
4960
4960
4960
4960
4960
4909
4909
4859
4875
4875
4875
4875
4875
4875
4875
4875
4875
5135
5135
5135
5493
5493
5493
5493
5493
5825
5875
5517
5517
5257
5257
5257
4975
4975
4975
4925
4909
5148
5148
4909
5264
4815
4815
4815
4815
4831
4831
5091
5141
5141
5141
5423
5423
5423
5423
5422
5422
5422
5422
4931
4881
4881
4881
5372
5423
5424
5424
5424
5423
5423
5473
5473
5922
5822
5562
5562
5562
5562
5562
5801
5562
5546
5547
5547
5497
5597
5955
5955
5955
6194
6194
6194
6194
6194
6194
6194
6194
6194
5839
6194
6210
6209
6209
5970
5971
5971
5971
5480
5480
5480
5480
5480
5971
5971
5971
6021
6021
6020
6020
5529
5247
5196
4545
5036
5036
4652
4652
4636
4636
4918
4918
4918
4918
4868
4869
5108
5108
5108
5124
5124
5124
5508
6159
6143
6143
5652
5652
5652
5652
5652
5651
5651
5652
5652
5912
5928
5646
5314
5314
5314
5313
5363
5347
5347
5347
5347
4989
4989
5321
5321
5321
5321
5321
5321
5679
5679
5679
5679
5730
5679
5730
5730
5730
5730
5679
5287
5287
5778
5778
5779
5779
5519
5519
5518
5778
5778
5779
5779
5779
5779
5778
5794
5778
5778
5829
5829
5829
5829
5829
5845
5845
5794
5794
5744
5505
5505
5505
5505
5096
5096
5378
5378
5617
5617
5617
5667
5309
5701
5701
5701
6110
6111
6111
6111
6111
6111
6111
6111
5756
5756
5756
5424
5424
5424
4862
4862
4862
5220
5220
5575
5575
5559
5559
5559
5559
5509
5509
5509
5509
5151
5201
5201
5201
5201
5101
5101
5101
5101
5101
5201
5201
5201
5201
5217
5217
5216
5216
5216
4861
4861
4912
4912
4913
4913
4897
4913
4913
4863
4863
4863
4863
4863
4863
4847
4847
4847
4897
4897
4897
4897
4896
4896
5458
5458
5458
5458
5458
5458
5459
5459
5459
5459
5459
5459
5408
5408
5308
5666
5666
5666
5666
5666
5666
5717
5717
5717
5817
5817
5817
5817
5817
5817
6172
6172
6172
6172
5933
5933
5933
5933
5933
5933
6172
6072
6022
6022
6022
6022
6072
6072
6072
6172
6172
6172
5912
6244
6005
6244
6243
6143
6092
6042
6058
6058
6058
6058
6058
6108
6108
6368
6368
6368
6368
6368
6369
6369
5920
5920
5920
5920
5904
5904
5904
5904
5904
5854
5854
5854
5854
5854
5854
5854
5904
5904
5854
5905
5905
5905
5905
5905
5905
5905
5905
5921
5921
5921
5920
5920
5920
5904
5904
5904
5549
5289
5339
5339
5339
5694
5694
5695
5695
5644
5235
5235
5185
5236
5236
5236
5236
5236
5236
5236
5236
5236
5236
5236
5496
5496
5945
5945
5944
5944
5944
5960
5960
6060
6060
6060
6060
6060
6110
6110
6110
6110
6519
6419
6420
6420
6420
6420
6420
6420
6369
6369
6420
6420
6420
6420
6420
6420
6420
6420
6181
6181
6281
6231
6231
6231
6215
6231
6231
6231
6231
6281
6281
6281
6265
6265
6265
6214
6164
6164
6164
6180
6180
6231
6231
6470
6470
6470
6470
6470
6470
6520
6520
6520
6238
6238
6238
6238
6188
6188
6188
6188
6188
6088
6088
6088
6088
6088
6088
6088
6088
6088
6088
6088
6370
6370
6354
6354
6354
6454
6454
6454
6454
6470
6454
6215
6215
6454
6454
6454
6454
6354
6354
6354
6354
6354
6354
6354
6353
6354
6354
6354
6354
6404
6404
6404
6404
6504
6504
6454
6454
6504
6504
6520
6520
6520
6520
6520
6470
6470
6470
6470
6470
6470
6138
6470
6454
6454
6454
6454
6454
6454
6454
6454
6454
6454
6454
6403
6403
6403
6454
6454
6454
6454
6172
6172
6172
6172
6172
6172
6188
6188
6187
6187
6187
6187
6187
6469
6469
6469
6469
6453
6453
6453
6098
6099
6099
6048
6048
6048
6048
6048
6048
5593
5593
5593
5593
5643
5643
5642
6097
6097
6452
6503
6503
6503
6503
6503
6503
6503
6503
6453
6453
6453
6453
6453
6171
6071
6171
6221
6237
6237
6238
6237
6237
6237
6187
6469
6469
6469
6469
6453
6453
6454
6453
6453
6453
6453
6453
6453
6453
6453
6453
6453
6453
6453
6453
6453
6453
6453
6453
6453
6453
6453
6453
6453
6453
6453
6453
6453
6193
6193
6193
6093
6093
6093
6093
6093
6093
6093
6094
6094
6093
6109
6093
6042
5687
5947
5947
5947
6047
6047
6097
6097
6097
6097
6097
6097
6097
6097
6097
6097
6097
6097
5997
5997
5715
5715
5715
6070
6070
6070
6070
6070
6086
6086
6086
6368
6368
6368
6468
6368
6318
6318
6318
6318
6318
6318
6318
6318
6319
6319
6419
6470
6470
6469
6469
6469
6519
6519
6519
6519
6468
6468
6468
6519
6503
6503
6503
6503
6503
6503
6403
6403
6419
6419
6419
6419
6419
6419
6419
6419
6419
6419
6419
6419
6419
6010
5728
5728
6010
6011
6011
6011
6011
5960
5960
6369
6420
6520
6520
6520
6520
6520
6520
6520
6520
6520
6520
6520
6519
6519
6519
6519
6519
6519
6519
6520
6470
6470
6469
6469
6469
6469
6470
6469
6469
6469
6469
6469
6469
6418
6469
6470
6469
6469
6469
6469
6469
6469
6469
6469
6469
6469
6418
6418
6418
6468
6468
6469
6419
6419
6319
6319
6319
6319
6319
6319
6319
6319
6318
6318
6318
6318
6318
6318
6318
6318
6418
6418
6418
6418
6418
6418
6179
6179
6418
6418
6418
6418
6418
6418
6418
6418
6418
6418
6418
6418
6418
6402
6402
6402
6418
6418
6418
6418
6418
6418
6418
6418
6418
6418
6419
6419
6419
6419
6419
6419
6419
6419
6419
6419
6419
6419
6419
6419
6419
6419
6419
6419
6419
6419
6419
6419
6419
6419
6419
6419
6419
6419
6419
6419
6419
6419
6419
6419
6419
6419
6403
6403
6403
6403
6048
6403
6403
6403
6403
6403
6453
6453
6453
6453
6469
6469
6453
6453
6453
6453
6452
6452
6352
6352
6352
6352
6352
6452
6452
6452
6352
6352
6352
6452
6452
6402
6402
6402
6403
6403
6419
6419
6419
6419
6403
6403
6454
6453
6453
6453
6453
6453
6453
6453
6453
6402
6402
6402
6402
6402
6402
6402
6402
6402
6402
6402
6402
6402
6418
6418
6418
6418
6418
6418
6418
6418
6418
6418
6418
6418
6468
6468
6468
6468
6519
6520
6520
6469
6469
6469
6469
6469
6469
6469
6469
6469
6469
6469
6469
6469
6469
6520
6520
6520
6520
6520
6520
6520
6520
6520
6520
6520
6470
6470
6470
6470
6520
6470
6470
6470
6470
6470
6469
6453
6453
6453
6453
6453
6453
6453
6454
6454
6454
6403
6403
6403
6403
6403
6403
6403
6403
6403
6403
6403
6403
6403
6403
6403
6403
6403
6403
6403
6403
6403
6403
6403
6403
6403
6403
6402
6402
6402
6402
6402
6402
6402
6402
6402
6403
6403
6403
6403
6419
6419
6419
6419
6419
6403
6403
6403
6403
6403
6403
6403
6403
6403
6403
6403
6403
6403
6403
6403
6403
6403
6403
6403
6403
6403
6403
6419
6419
6469
6469
6469
6469
6469
6469
6469
6469
6469
6469
6469
6419
6419
6403
6403
6403
6403
6454
6454
6454
6504
6504
6504
6504
6504
6453
6453
6453
6453
6469
6469
6469
6469
6469
6453
6453
6453
6453
6453
6353
6353
6353
6353
6353
6353
6353
6353
6353
6353
6404
6404
6404
6404
6504
6504
6504
6504
6504
6453
6504
6504
6453
6453
6453
6453
6453
6469
6469
6469
6469
6469
6453
6453
6453
6453
6453
6469
6469
6469
6453
6453
6469
6453
6453
6453
6453
6453
6353
6353
6353
6353
6404
6404
6504
6504
6504
6504
6504
6503
6503
6503
6504
6504
6504
6504
6504
6504
6503
6503
6503
6503
6503
6503
6403
6403
6403
6403
6403
6403
6403
6503
6503
6503
6503
6503
6503
6503
6452
6453
6453
6453
6453
6453
6453
6453
6453
6453
6453
6452
6402
6402
6402
6418
6419
6419
6469
6469
6469
6469
6469
6520
6520
6520
6520
6520
6520
6520
6520
6520
6520
6520
6520
6420
6420
6420
6138
6137
6137
6137
6137
6137
6137
6137
6137
6137
6137
6137
6137
6137
6137
6137
6137
6137
6137
6137
6419
6419
6419
6420
6420
6420
6520
6520
6520
6520
6520
6504
6503
6503
6503
6453
6453
6454
6454
6454
6454
6454
6454
6454
6454
6454
6403
6403
6403
6403
6403
6403
6403
6402
6453
6453
6503
6503
6403
6403
6403
6403
6403
6353
6353
6353
6353
6353
6353
6353
6353
6353
6353
6353
6353
6353
6403
6403
6403
6352
6352
6352
6352
6352
6352
6352
6352
6352
6352
6352
6352
6352
6352
6352
6352
6352
6352
6353
6303
6302
6302
6402
6402
6402
6402
6402
6418
6469
6469
6469
6469
6469
6469
6469
6470
6470
6470
6454
6454
6454
6454
6454
6454
6454
6454
6454
6454
6454
6454
6454
6454
6454
6454
6454
6454
6454
6504
6504
6504
6504
6504
6504
6504
6504
6504
6504
6504
6504
6504
6504
6504
6504
6504
6504
6504
6504
6503
6503
6503
6503
6503
6503
6503
6503
6519
6519
6519
6519
6519
6519
6519
6519
6519
6519
6519
6519
6519
6519
6519
6519
6519
6519
6519
6519
6519
6520
6520
6520
6520
6520
6520
6520
6504
6504
6504
6504
6504
6504
6503
6503
6503
6503
6403
6403
6403
6403
6403
6403
6419
6419
6419
6419
6419
6419
6419
6419
6403
6352
6352
6070
6070
6121
6121
6070
6070
6170
6171
6171
6171
6171
6171
6171
6171
6170
6170
6170
6170
6170
5931
5931
5931
5931
5931
5982
5982
5982
5982
5998
5998
5998
5998
5998
5998
5999
5999
5999
5983
6222
6222
6222
6222
6222
6222
6222
6222
6222
6222
6222
6222
6222
6222
6222
6222
6222
6504
6404
6420
6420
6420
6420
6404
6404
6404
6404
6420
6420
6420
6420
6420
6370
6370
6370
6369
6369
6369
6369
6369
6369
6369
6369
6369
6369
6369
6369
6369
6318
6318
6318
6318
6302
6302
6302
6303
6354
6354
6303
6303
6303
6303
6403
6403
6403
6403
6403
6402
6418
6418
6418
6418
6418
6469
6519
6519
6503
6503
6503
6503
6503
6503
6503
6503
6503
6503
6503
6519
6519
6519
6519
6519
6519
6519
6519
6519
6519
6519
6519
6519
6519
6519
6520
6520
6520
6520
6520
6520
6520
6520
6504
6504
6503
6503
6503
6503
6503
6503
6503
6503
6503
6503
6519
6519
6519
6519
6519
6519
6519
6519
6519
6519
6468
6468
6468
6468
6468
6469
6469
6469
6469
6469
6469
6469
6469
6469
6469
6469
6520
6520
6520
6520
6520
6520
6520
6520
6520
6520
6520
6520
6519
6519
6519
6519
6519
6519
6519
6519
6519
6519
6519
6519
6519
6519
6519
6519
6519
6519
6519
6503
6503
6503
6503
6503
6503
6503
6452
6452
6452
6452
6452
6452
6452
6452
6452
6452
6452
6352
6352
6368
6368
6368
6368
6368
6368
6352
6352
6352
6352
6352
6352
6352
6352
6452
6352
6452
6452
6452
6352
6352
6352
6352
6403
6403
6403
6403
6403
6403
6403
6403
6403
6503
6503
6503
6503
6503
6403
6403
6503
6503
6503
6519
6519
6519
6237
6237
6237
6237
6237
6519
6519
6519
6519
6519
6519
6519
6519
6519
6519
6519
6519
6469
6469
6453
6453
6453
6453
6453
6453
6454
6454
6454
6454
6454
6454
6454
6454
6454
6454
6454
6454
6454
6454
6454
6454
6454
6454
6453
6453
6453
6453
6503
6503
6519
6519
6519
6503
6504
6504
6504
6503
6403
6403
6403
6403
6403
6503
6504
6504
6504
6504
6504
6504
6504
6504
6504
6504
6504
6504
6504
6504
6504
6504
6520
6520
6520
6519
6519
6519
6519
6519
6519
6519
6519
6519
6519
6519
6519
6519
6503
6503
6503
6403
6503
6503
6452
6452
6452
6452
6468
6468
6468
6468
6468
6468
6468
6468
6468
6468
6468
6468
6468
6468
6468
6468
6468
6468
6468
6468
6468
6468
6368
6368
6368
6368
6368
6368
6419
6419
6419
6419
6419
6419
6403
6403
6403
6403
6403
6403
6403
6419
6419
6419
6419
6419
6419
6419
6419
6419
6419
6419
6419
6419
6419
6419
6419
6369
6469
6469
6469
6469
6469
6469
6469
6469
6469
6469
6469
6453
6453
6453
6469
6453
6454
6454
6454
6454
6470
6470
6470
6470
6470
6470
6470
6470
6470
6470
6470
6470
6470
6470
6470
6470
6469
6469
6469
6469
6469
6469
6469
6469
6519
6519
6519
6519
6519
6519
6519
6519
6519
6519
6519
6519
6519
6520
6519
6519
6519
6519
6419
6419
6519
6519
6519
6519
6520
6520
6520
6520
6520
6520
6520
6520
6520
6520
6520
6520
6520
6520
6520
6520
6520
6520
6520
6520
6520
6520
6520
6520
6520
6520
6520
6520
6520
6520
6520
6520
6520
6520
6520
6520
6520
6520
6520
6520
6520
6520
6520
6520
6520
6520
6520
6520
6520
6520
6520
6520
6520
6520
6520
6520
6520
6520
6520
6520
6520
6520
6520
6520
6520
6520
6520
6520
6520
6520
6520
6520
6520
6520
6520
6520
6520
6520
6520
6520
6520
6520
6520
6520
6520
6520
6520
6520
6520
6520
6520
6520
6520
6520
6520
6520
6520
6520
6520
6520
6520
6520
6520
6520
6520
6520
6520
6520
6520
6520
6520
6520
6520
6520
6520
6520
6520
6520
6520
6520
6520
6520
6520
6519
6519
6519
6520
6504
6520
6520
6520
6520
6520
6520
6520
6520
6520
6520
6520
6520
6520
6520
6520
6520
6520
6520
6520
6520
6520
6520
6520
6504
6504
6504
6504
6504
6504
6504
6520
6519
6519
6519
6468
6519
6519
6519
6519
6519
6519
6519
6519
6519
6519
6519
6519
6519
6519
6519
6519
6519
6519
6519
6519
6519
6519
6519
6519
6519
6519
6519
6519
6519
6519
6519
6519
6519
6519
6519
6519
6519
6519
6519
6519
6519
6519
6519
6519
6519
6519
6503
6504
6504
6504
6504
6504
6504
6504
6504
6503
6503
6503
6503
6503
6503
6503
6403
6404
6404
6404
6404
6404
6404
6404
6404
6404
6404
6354
6370
6370
6370
6319
6319
6319
6319
6319
6319
6319
6319
6319
6319
6369
6369
6369
6369
6369
6469
6469
6469
6469
6469
6453
6453
6452
6452
6503
6503
6504
6504
6504
6504
6504
6504
6504
6504
6504
6504
6504
6504
6504
6504
6504
6504
6504
6504
6504
6504
6504
6504
6504
6504
6520
6520
6520
6520
6520
6520
6520
6520
6520
6520
6520
6520
6520
6520
6520
6520
6520
6520
6520
6520
6520
6520
6520
6520
6520
6520
6520
6520
6520
6520
6520
6520
6519
6469
6469
6469
6519
6519
6519
6519
6519
6519
6519
6520
6520
6520
6520
6520
6520
6520
6520
6520
6520
6520
6520
6520
6520
6520
6520
6519
6519
6519
6519
6520
6520
6520
6520
6520
6520
6520
6520
6520
6520
6520
6520
6520
6520
6520
6520
6520
6520
6519
6519
6519
6519
6519
6519
6519
6519
6519
6519
6519
6519
6519
6519
6519
6519
6520
6520
6520
6520
6520
6520
6519
6519
6520
6520
6520
6520
6520
6520
6520
6520
6520
6520
6520
6520
6520
6520
6520
6520
6520
6520
6520
6520
6520
6520
6520
6520
6520
6520
6520
6520
6520
6520
6520
6520
6520
6520
6520
6520
6520
6520
6504
6504
6504
6504
6503
6503
6519
6519
6519
6519
6520
6520
6520
6520
6520
6520
6520
6520
6519
6519
6519
6519
6519
6519
6520
6520
6519
6519
6519
6519
6519
6519
6519
6519
6519
6519
6519
6519
6519
6519
6519
6519
6519
6519
6519
6519
6519
6519
6519
6519
6519
6519
6519
6519
6519
6519
6519
6519
6503
6503
6519
6519
6519
6519
6519
6519
6519
6519
6519
6519
6519
6503
6503
6503
6503
6503
6503
6503
6504
6504
6520
6520
6520
6504
6503
6403
6403
6403
6403
6503
6403
6403
6403
6419
6419
6419
6519
6519
6519
6520
6520
6520
6520
6520
6520
6520
6520
6520
6520
6520
6520
6519
6519
6519
6519
6519
6520
6520
6520
6520
6520
6520
6520
6520
6520
6520
6520
6520
6520
6520
6520
6520
6520
6520
6520
6520
6520
6520
6504
6504
6504
6504
6504
6504
6504
6504
6504
6520
6520
6520
6520
6520
6519
6519
6519
6519
6519
6519
6519
6519
6519
6503
6503
6503
6503
6503
6503
6503
6503
6503
6503
6503
6503
6503
6503
6503
6503
6503
6503
6503
6403
6403
6403
6403
6403
6403
6403
6403
6403
6404
6404
6504
6504
6504
6504
6504
6504
6504
6504
6504
6504
6504
6504
6504
6504
6503
6519
6519
6519
6519
6519
6519
6519
6519
6519
6519
6519
6519
6519
6519
6520
6520
6520
6520
6520
6520
6520
6520
6520
6520
6520
6520
6520
6520
6520
6520
6520
6504
6504
6504
6504
6504
6504
6504
6504
6504
6504
6504
6504
6504
6504
6504
6504
6504
6504
6504
6504
6504
6504
6503
6503
6503
6503
6403
6403
6503
6503
6503
6403
6403
6403
6403
6403
6403
6403
6419
6519
6519
6519
6519
6519
6519
6519
6519
6519
6519
6519
6519
6519
6519
6519
6519
6519
6519
6519
6519
6519
6519
6519
6519
6519
6519
6519
6519
6519
6519
6519
6519
6519
6519
6519
6503
6519
6519
6519
6519
6519
6519
6519
6519
6519
6519
6520
6520
6520
6520
6520
6520
6520
6520
6519
6520
6520
6520
6520
6520
6520
6520
6520
6520
6520
6520
6520
6520
6520
6520
6520
6520
6520
6520
6520
6520
6520
6520
6520
6520
6520
6520
6520
6520
6520
6520
6520
6520
6520
6519
6519
6519
6519
6519
6519
6519
6519
6519
6519
6519
6519
6519
6519
6519
6519
6519
6519
6519
6503
6503
6503
6503
6503
6503
6503
6503
6503
6504
6504
6504
6504
6504
6504
6504
6504
6504
6504
6504
6504
6504
6520
6520
6520
6520
6520
6520
6520
6520
6520
6520
6520
6520
6520
6520
6520
6520
6520
6520
6519
6519
6519
6519
6519
6519
6519
6519
6519
6519
6519
6519
6519
6519
6519
6519
6519
6520
6520
6520
6520
6520
6519
6519
6520
6520
6520
6520
6520
6520
6520
6520
6520
6520
6520
6520
6520
6520
6520
6520
6520
6520
6520
6520
6520
6520
6520
6520
6520
6520
6520
6520
6520
6520
6520
6520
6520
6520
6520
6520
6520
6520
6520
6520
6520
6520
6520
6520
6520
6520
6520
6520
6520
6520
6520
6520
6520
6520
6520
6520
6520
6519
6519
6519
6520
6520
6520
6520
6520
6520
6520
6520
6520
6520
6520
6520
6520
6519
6519
6519
6519
6519
6519
6519
6519
6520
6520
6520
6520
6520
6520
6520
6520
6520
6520
6504
6504
6504
6504
6503
6503
6503
6503
6504
6504
6504
6504
6504
6504
6504
6504
6504
6504
6520
6520
6520
6520
6520
6520
6519
6519
6519
6519
6519
6519
6519
6519
6519
6519
6519
6519
6519
6519
6519
6519
6519
6519
6519
6519
6519
6519
6519
6519
6519
6519
6519
6519
6519
6519
6519
6519
6519
6519
6519
6519
6503
6503
6503
6519
6519
6519
6519
6519
6519
6519
6519
6519
6519
6519
6519
6519
6519
6519
6519
6519
6519
6519
6519
6519
6519
6519
6519
6519
6519
6519
6519
6519
6519
6519
6519
6503
6503
6503
6503
6503
6503
6503
6503
6503
6503
6503
6503
6503
6519
6519
6519
6519
6519
6519
6519
6519
6519
6519
6519
6519
6519
6519
6519
6519
6519
6519
6519
6519
6519
6519
6519
6519
6520
6520
6519
6519
6519
6519
6519
6519
6519
6519
6519
6519
6519
6519
6519
6519
6519
6519
6519
6519
6519
6519
6519
6519
6519
6519
6519
6519
6519
6519
6519
6519
6519
6519
6520
6520
6520
6520
6520
6520
6520
6520
6520
6520
6520
6520
6520
6520
6520
6519
6519
6519
6519
6519
6519
6519
6519
6519
6519
6519
6519
6519
6520
6520
6520
6520
6519
6519
6519
6519
6519
6519
6519
6520
6520
6520
6520
6520
6520
6520
6520
6520
6520
6519
6519
6519
6519
6519
6519
6519
6519
6519
6503
6503
6503
6503
6503
6519
6519
6520
6520
6520
6520
6520
6520
6520
6520
6520
6520
6520
6520
6520
6520
6520
6520
6520
6520
6519
6519
6519
6519
6519
6519
6519
6519
6519
6519
6519
6519
6519
6519
6520
6520
6520
6520
6520
6520
6520
6520
6520
6520
6520
6520
6519
6519
6519
6519
6519
6519
6519
6520
6520
6520
6520
6520
6520
6520
6520
6520
6520
6520
6520
6520
6519
6519
6519
6519
6519
6519
6519
6519
6519
6520
6520
6520
6519
6519
6519
6520
6520
6520
6520
6520
6520
6520
6520
6520
6504
6504
6504
6520
6520
6520
6520
6520
6520
6520
6520
6520
6520
6520
6520
6520
6520
6520
6520
6520
6520
6520
6520
6519
6520
6520
6520
6520
6520
6520
6520
6520
6520
6520
6520
6520
6520
6520
6520
6520
6520
6519
6519
6519
6519
6519
6519
6519
6519
6519
6519
6519
6519
6519
6519
6519
6519
6519
6519
6519
6519
6519
6519
6519
6519
6519
6519
6520
6520
6520
6519
6519
6519
6519
6519
6519
6519
6519
6519
6520
6520
6520
6520
6520
6520
6520
6520
6520
6520
6520
6520
6520
6520
6520
6520
6520
6520
6520
6520
6520
6520
6520
6520
6520
6520
6520
6520
6520
6520
6520
6520
6520
6520
6520
6520
6520
6520
6520
6520
6520
6520
6520
6520
6520
6520
6520
6520
6520
6520
6520
6520
6520
6520
6520
6520
6520
6520
6520
6520
6520
6520
6520
6520
6520
6520
6519
6519
6519
6519
6519
6519
6519
6519
6519
6519
6519
6519
6519
6519
6519
6519
6519
6519
6519
6519
6520
6520
6520
6520
6520
6520
6520
6520
6520
6520
6520
6520
6520
6520
6520
6520
6520
6520
6520
6520
6520
6520
6520
6520
6520
6520
6520
6520
6520
6520
6520
6520
6520
6520
6520
6520
6520
6520
6520
6520
6520
6520
6520
6520
6520
6520
6520
6520
6520
6519
6519
6519
6519
6519
6519
6519
6519
6519
6520
6520
6520
6520
6520
6520
6520
6520
6520
6520
6520
6520
6520
6520
6520
6520
6520
6520
6520
6520
6520
6520
6520
6520
6520
6520
6520
6520
6520
6520
6520
6520
6520
6520
6520
6520
6520
6520
6520
6520
6520
6520
6520
6520
6520
6520
6520
6520
6520
6520
6520
6520
6520
6520
6520
6520
6520
6520
6520
6520
6520
6520
6520
6520
6520
6520
6520
6520
6520
6520
6520
6520
6520
6520
6519
6519
6519
6520
6520
6520
6520
6520
6519
6519
6519
6519
6519
6519
6519
6519
6519
6519
6519
6519
6519
6519
6519
6519
6519
6519
6519
6519
6520
6520
6520
6520
6520
6520
6520
6520
6519
6519
6519
6519
6519
6519
6519
6519
6519
6519
6519
6519
6519
6519
6519
6519
6519
6519
6519
6519
6519
6519
6519
6519
6519
6519
6520
6520
6520
6520
6520
6520
6520
6520
6520
6520
6520
6520
6520
6520
6520
6520
6520
6520
6520
6520
6520
6520
6520
6520
6520
6520
6520
6520
6520
6520
6520
6520
6520
6520
6520
6520
6520
6520
6520
6520
6520
6520
6520
6520
6520
6520
6520
6520
6520
6520
6520
6520
6520
6520
6520
6520
6520
6520
6520
6520
6519
6519
6519
6519
6520
6520
6520
6520
6520
6520
6520
6520
6520
6520
6520
6520
6520
6520
6520
6520
6520
6520
6520
6520
6520
6520
6520
6520
6520
6520
6520
6520
6520
6520
6520
6520
6520
6520
6520
6520
6520
6520
6520
6520
6520
6520
6520
6520
6520
6520
6520
6520
6520
6520
6520
6520
6520
6520
6520
6520
6520
6520
6520
6520
6520
6520
6520
6519
6519
6519
6519
6519
6519
6520
6520
6520
6520
6520
6520
6520
6520
6520
6520
6520
6520
6520
6520
6520
6520
6520
6520
6520
6520
6520
6520
6520
6520
6520
6520
6520
6520
6520
6520
6520
6520
6520
6520
6520
6520
6520
6520
6520
6520
6520
6520
6520
6520
6520
6520
6520
6520
6520
6520
6520
6520
6520
6520
6520
6520
6520
6520
6520
6520
6520
6520
6520
6520
6520
6520
6520
6520
6520
6520
6520
6520
6520
6520
6520
6520
6520
6520
6520
6520
6520
6520
6520
6520
6520
6520
6520
6520
6520
6520
6520
6520
6520
6520
6520
6520
6520
6520
6520
6519
6519
6519
6519
6519
6519
6520
6520
6520
6520
6520
6520
6520
6520
6520
6520
6520
6520
6520
6520
6520
6520
6520
6520
6520
6520
6520
6520
6520
6520
6520
6520
6520
6520
6520
6519
6520
6520
6520
6520
6520
6520
6520
6520
6520
6519
6519
6519
6519
6519
6520
6520
6520
6520
6520
6520
6520
6520
6520
6520
6520
6520
6520
6520
6520
6520
6520
6520
6520
6520
6520
6520
6520
6520
6520
6519
6519
6519
6519
6519
6519
6519
6519
6519
6519
6519
6519
6519
6519
6520
6520
6520
6520
6520
6520
6520
6520
6520
6520
6520
6520
6520
6520
6520
6520
6520
6520
6520
6520
6520
6520
6520
6520
6520
6520
6520
6520
6520
6520
6520
6520
6519
6519
6519
6519
6519
6519
6519
6519
6519
6519
6519
6519
6519
6519
6519
6519
6519
6519
6519
6519
6519
6519
6520
6520
6520
6520
6520
6520
6520
6520
6520
6520
6520
6520
6520
6520
6520
6520
6520
6520
6520
6520
6520
6520
6520
6520
6520
6520
6520
6520
6520
6520
6520
6520
6520
6519
6519
6519
6519
6519
6519
6519
6520
6520
6520
6520
6520
6520
6520
6520
6520
6520
6520
6520
6520
6520
6520
6520
6520
6520
6520
6520
6520
6520
6520
6520
6520
6520
6520
6520
6520
6520
6519
6519
6519
6519
6519
6519
6519
6519
6519
6519
6519
6519
6519
6520
6520
6520
6520
6520
6520
6520
6520
6520
6520
6520
6520
6520
6520
6520
6520
6520
6520
6520
6520
6520
6520
6520
6519
6519
6519
6519
6519
6519
6519
6519
6519
6519
6519
6519
6519
6519
6519
6519
6519
6519
6519
6519
6520
6520
6520
6520
6520
6520
6520
6520
6520
6520
6520
6520
6520
6520
6520
6520
6520
6520
6520
6520
6520
6520
6520
6520
6520
6520
6520
6520
6520
6519
6519
6519
6519
6519
6519
6519
6519
6519
6519
6519
6519
6519
6519
6519
6519
6519
6519
6519
6519
6519
6519
6519
6520
6520
6520
6520
6520
6520
6520
6520
6520
6520
6520
6520
6520
6520
6520
6520
6520
6520
6520
6520
6519
6519
6519
6519
6519
6519
6519
6519
6519
6519
6519
6520
6520
6519
6519
6519
6519
6519
6519
6519
6519
6519
6519
6519
6519
6519
6519
6519
6519
6519
6519
6519
6519
6519
6519
6519
6519
6519
6519
6519
6519
6519
6519
6519
6519
6519
6520
6520
6519
6519
6519
6519
6519
6520
6520
6520
6520
6520
6520
6520
6520
6520
6520
6520
6520
6520
6520
6520
6520
6520
6520
6520
6520
6520
6520
6520
6520
6520
6520
6520
6520
6520
6520
6520
6520
6520
6520
6520
6520
6520
6520
6520
6520
6520
6520
6520
6520
6520
6520
6520
6520
6520
6520
6520
6520
6520
6520
6520
6520
6520
6520
6520
6520
6520
6520
6520
6520
6520
6520
6520
6520
6520
6520
6520
6520
6520
6520
6520
6520
6520
6520
6520
6520
6520
6520
6520
6520
6520
6520
6520
6520
6520
6520
6520
6520
6520
6520
6520
6520
6520
6520
6520
6520
6520
6520
6520
6520
6520
6520
6520
6520
6520
6520
6520
6520
6520
6520
6520
6520
6520
6520
6520
6520
6520
6520
6520
6520
6520
6520
6520
6520
6520
6519
6519
6520
6520
6520
6520
6520
6520
6520
6520
6520
6520
6520
6520
6520
6520
6520
6520
6520
6520
6520
6520
6520
6519
6519
6519
6519
6519
6519
6519
6519
6519
6519
6519
6519
6519
6519
6519
6519
6519
6519
6519
6519
6520
6520
6520
6520
6520
6520
6520
6520
6520
6520
6520
6520
6520
6520
6520
6520
6520
6519
6519
6519
6519
6519
6519
6519
6519
6519
6519
6519
6519
6519
6519
6519
6519
6519
6519
6519
6519
6519
6519
6519
6519
6519
6519
6519
6519
6519
6519
6519
6519
6519
6520
6520
6520
6520
6520
6520
6520
6520
6520
6520
6520
6520
6520
6520
6520
6520
6520
6520
6520
6520
6520
6520
6520
6520
6520
6520
6520
6520
6520
6520
6520
6520
6520
6520
6520
6520
6520
6520
6520
6520
6520
6520
6520
6520
6520
6520
6520
6520
6520
6520
6520
6520
6520
6520
6520
6520
6520
6520
6520
6520
6520
6520
6520
6520
6520
6520
6520
6520
6520
6520
6520
6520
6520
6520
6520
6520
6520
6520
6520
6520
6520
6520
6520
6520
6520
6520
6520
6520
6520
6520
6520
6520
6520
6520
6520
6520
6519
6519
6519
6519
6519
6519
6519
6519
6519
6519
6519
6519
6519
6519
6519
6519
6519
6519
6519
6519
6519
6519
6519
6519
6519
6519
6519
6519
6519
6520
6520
6520
6520
6520
6520
6520
6520
6519
6519
6519
6519
6519
6519
6519
6519
6519
6519
6519
6519
6520
6520
6520
6520
6520
6520
6520
6520
6520
6520
6520
6520
6520
6520
6520
6520
6520
6520
6520
6520
6520
6520
6520
6520
6520
6520
6520
6520
6520
6520
6520
6520
6520
6520
6520
6520
6520
6520
6520
6520
6520
6520
6520
6520
6520
6520
6520
6520
6520
6520
6520
6520
6520
6520
6520
6520
6520
6520
6520
6520
6520
6520
6520
6519
6519
6519
6519
6519
6520
6520
6520
6520
6519
6519
6519
6520
6520
6520
6520
6520
6520
6519
6519
6520
6520
6520
6520
6520
6520
6519
6519
6519
6519
6519
6519
6519
6519
6519
6519
6519
6519
6519
6519
6519
6519
6519
6519
6519
6519
6519
6519
6519
6519
6519
6519
6519
6519
6519
6519
6519
6519
6519
6519
6519
6519
6519
6519
6519
6519
6519
6519
6519
6519
6519
6519
6519
6519
6519
6519
6519
6519
6519
6519
6520
6520
6520
6520
6520
6520
6520
6520
6520
6520
6520
6520
6520
6520
6520
6520
6520
6520
6520
6520
6520
6520
6520
6520
6520
6519
6519
6519
6519
6519
6519
6519
6519
6519
6519
6519
6519
6519
6519
6519
6519
6519
6519
6519
6519
6519
6519
6520
6520
6520
6520
6520
6520
6519
6519
6519
6519
6519
6519
6519
6519
6519
6519
6519
6519
6519
6519
6519
6519
6519
6519
6519
6519
6519
6519
6519
6519
6519
6519
6519
6519
6519
6519
6519
6519
6519
6519
6520
6520
6520
6520
6520
6520
6520
6520
6520
6520
6520
6520
6520
6520
6520
6520
6519
6519
6519
6519
6519
6519
6519
6519
6519
6519
6519
6519
6519
6519
6519
6519
6519
6519
6519
6519
6519
6519
6519
6519
6519
6519
6519
6519
6519
6519
6519
6519
6519
6519
6519
6519
6519
6519
6519
6519
6519
6519
6519
6519
6519
6519
6519
6519
6519
6519
6519
6519
6519
6519
6519
6519
6519
6519
6519
6519
6519
6519
6519
6519
6519
6519
6519
6519
6519
6519
6519
6519
6519
6519
6519
6519
6519
6519
6519
6519
6519
6519
6519
6519
6519
6519
6519
6519
6519
6519
6519
6519
6519
6519
6519
6519
6519
6519
6519
6519
6519
6519
6519
6519
6519
6519
6519
6519
6519
6519
6519
6519
6519
6519
6519
6519
6519
6519
6519
6519
6519
6519
6519
6519
6519
6519
6519
6519
6519
6519
6519
6519
6519
6519
6519
6519
6519
6519
6519
6519
6519
6519
6519
6519
6519
6519
6519
6519
6519
6519
6519
6519
6519
6519
6519
6519
6519
6519
6519
6519
6519
6519
6519
6519
6519
6519
6520
6520
6520
6520
6520
6520
6520
6520
6520
6520
6520
6520
6520
6520
6520
6520
6520
6520
6520
6520
6520
6520
6520
6520
6520
6520
6520
6520
6520
6520
6520
6520
6520
6520
6520
6520
6520
6520
6520
6520
6520
6520
6519
6519
6519
6519
6519
6519
6519
6519
6519
6519
6519
6519
6519
6519
6519
6519
6519
6519
6519
6519
6519
6519
6519
6519
6519
6519
6519
6519
6519
6519
6519
6519
6519
6519
6519
6519
6519
6520
6520
6520
6520
6520
6520
6520
6520
6520
6520
6520
6520
6520
6520
6520
6520
6520
6520
6520
6520
6520
6520
6520
6520
6520
6520
6520
6520
6520
6520
6520
6520
6520
6520
6520
6520
6520
6520
6520
6520
6520
6520
6520
6520
6520
6520
6520
6520
6520
6520
6520
6520
6520
6520
6520
6520
6520
6520
6520
6520
6520
6520
6520
6520
6520
6520
6520
6520
6520
6520
6520
6520
6520
6520
6520
6520
6520
6520
6520
6520
6520
6520
6520
6520
6520
6520
6520
6520
6520
6520
6520
6520
6520
6520
6520
6520
6520
6520
6520
6520
6520
6520
6519
6519
6519
6519
6519
6519
6520
6520
6520
6520
6520
6520
6520
6520
6520
6520
6520
6520
6520
6520
6520
6520
6520
6520
6520
6520
6520
6520
6520
6520
6520
6520
6520
6520
6519
6519
6519
6519
6519
6519
6519
6519
6519
6519
6519
6519
6519
6519
6519
6519
6519
6519
6519
6519
6519
6519
6519
6519
6519
6520
6520
6520
6520
6520
6520
6520
6520
6520
6520
6520
6520
6520
6520
6520
6519
6519
6519
6519
6519
6519
6519
6519
6519
6519
6519
6519
6519
6519
6519
6519
6519
6519
6519
6519
6520
6520
6520
6520
6520
6520
6520
6520
6520
6520
6520
6520
6520
6520
6520
6520
6520
6520
6520
6520
6520
6520
6520
6520
6520
6520
6520
6520
6520
6520
6520
6520
6520
6520
6520
6520
6519
6520
6520
6520
6520
6520
6520
6520
6520
6520
6520
6520
6520
6520
6520
6520
6520
6520
6520
6520
6520
6520
6520
6520
6520
6520
6520
6520
6520
6520
6520
6520
6520
6520
6520
6520
6519
6519
6519
6519
6519
6519
6519
6519
6519
6519
6519
6519
6519
6519
6519
6519
6519
6519
6519
6519
6519
6519
6519
6519
6519
6519
6519
6519
6519
6519
6519
6519
6519
6520
6520
6520
6520
6520
6520
6520
6520
6520
6520
6520
6520
6520
6520
6520
6520
6520
6520
6520
6520
6520
6520
6520
6520
6520
6520
6520
6520
6520
6520
6520
6520
6520
6520
6520
6520
6520
6520
6520
6520
6520
6520
6520
6520
6520
6520
6520
6520
6520
6520
6520
6520
6520
6520
6520
6520
6520
6520
6520
6520
6520
6520
6520
6520
6520
6520
6520
6520
6520
6520
6519
6519
6519
6519
6519
6519
6519
6519
6519
6519
6519
6519
6519
6519
6519
6519
6519
6519
6520
6519
6519
6519
6519
6519
6519
6520
6520
6520
6520
6520
6520
6520
6520
6520
6520
6520
6520
6520
6520
6520
6520
6520
6520
6520
6519
6519
6519
6519
6519
6519
6519
6519
6519
6519
6519
6519
6519
6519
6519
6519
6519
6519
6519
6519
6519
6519
6519
6519
6519
6519
6519
6519
6519
6519
6519
6520
6520
6520
6520
6520
6520
6520
6520
6520
6520
6520
6520
6520
6520
6520
6520
6520
6520
6520
6520
6520
6520
6520
6520
6520
6520
6520
6520
6520
6520
6520
6520
6520
6520
6520
6520
6520
6520
6520
6520
6520
6520
6520
6520
6520
6520
6520
6520
6520
6520
6520
6520
6520
6520
6520
6520
6520
6520
6520
6520
6520
6520
6520
6520
6520
6520
6520
6520
6520
6520
6520
6520
6520
6520
6520
6520
6520
6520
6520
6520
6520
6520
6520
6520
6520
6520
6520
6520
6520
6520
6520
6520
6520
6520
6520
6520
6520
6520
6520
6520
6520
6520
6520
6520
6520
6520
6520
6520
6520
6520
6520
6520
6520
6520
6520
6520
6520
6520
6520
6520
6520
6520
6520
6520
6520
6520
6520
6520
6520
6520
6520
6520
6520
6520
6520
6520
6520
6520
6520
6520
6520
6520
6520
6520
6520
6520
6519
6519
6519
6519
6520
6520
6520
6520
6520
6520
6520
6520
6520
6520
6520
6520
6520
6520
6520
6520
6520
6520
6520
6520
6520
6520
6519
6519
6520
6520
6520
6520
6520
6520
6519
6519
6519
6519
6519
6520
6520
6519
6519
6519
6519
6519
6520
6520
6520
6520
6520
6520
6520
6520
6520
6520
6520
6520
6520
6520
6520
6520
6520
6520
6520
6520
6520
6520
6520
6520
6520
6520
6520
6520
6520
6520
6520
6520
6520
6520
6520
6520
6520
6520
6520
6520
6520
6520
6520
6520
6520
6520
6520
6520
6520
6520
6520
6520
6520
6520
6520
6520
6520
6520
6520
6520
6520
6520
6520
6520
6520
6520
6520
6520
6520
6520
6520
6520
6520
6520
6520
6520
6520
6520
6520
6520
6520
6520
6520
6520
6520
6520
6520
6520
6520
6520
6520
6520
6520
6520
6520
6520
6520
6520
6520
6520
6520
6520
6520
6520
6520
6520
6520
6520
6520
6520
6520
6520
6520
6520
6520
6520
6520
6520
6520
6520
6520
6520
6520
6520
6520
6520
6520
6520
6520
6520
6520
6520
6520
6520
6520
6520
6520
6520
6520
6520
6520
6520
6520
6520
6520
6520
6520
6520
6520
6520
6520
6520
6520
6520
6520
6520
6520
6520
6520
6520
6520
6520
6520
6520
6520
6520
6520
6520
6520
6520
6520
6520
6520
6520
6520
6520
6520
6520
6520
6520
6520
6520
6520
6520
6520
6520
6520
6520
6520
6520
6520
6520
6520
6520
6519
6519
6519
6519
6519
6519
6519
6520
6520
6520
6520
6520
6520
6520
6520
6520
6520
6520
6520
6520
6520
6520
6520
6520
6520
6520
6520
6520
6520
6520
6520
6520
6520
6520
6520
6520
6520
6520
6520
6520
6520
6520
6520
6520
6520
6520
6520
6520
6520
6520
6520
6520
6520
6520
6520
6520
6520
6520
6520
6520
6520
6520
6520
6520
6520
6520
6520
6520
6520
6520
6520
6520
6520
6520
6520
6520
6520
6520
6520
6520
6520
6520
6520
6520
6520
6520
6520
6520
6520
6520
6520
6520
6520
6520
6520
6520
6520
6520
6520
6520
6520
6520
6520
6520
6520
6520
6520
6520
6520
6520
6520
6520
6520
6520
6520
6520
6520
6520
6520
6520
6520
6520
6520
6520
6520
6520
6520
6520
6520
6520
6520
6520
6520
6520
6520
6520
6520
6520
6520
6520
6520
6520
6520
6520
6520
6520
6520
6520
6520
6520
6520
6520
6520
6520
6520
6520
6520
6520
6520
6520
6520
6520
6520
6520
6520
6520
6520
6520
6520
6520
6520
6520
6520
6520
6520
6520
6520
6520
6520
6520
6520
6520
6520
6520
6520
6520
6520
6520
6520
6520
6520
6520
6520
6520
6520
6520
6520
6520
6520
6520
6520
6520
6520
6520
6520
6520
6520
6520
6520
6520
6520
6520
6520
6520
6520
6520
6520
6520
6520
6520
6520
6520
6520
6520
6520
6520
6520
6520
6520
6520
6520
6520
6520
6520
6520
6520
6520
6520
6520
6520
6520
6520
6520
6520
6520
6520
6520
6520
6520
6520
6520
6520
6520
6520
6520
6520
6520
6520
6520
6520
6520
6520
6520
6520
6520
6520
6520
6520
6520
6520
6520
6520
6520
6520
6520
6520
6520
6520
6520
6520
6520
6520
6520
6520
6520
6520
6520
6520
6520
6520
6520
6520
6520
6520
6520
6520
6520
6520
6520
6520
6520
6520
6520
6520
6520
6520
6520
6520
6520
6520
6520
6520
6520
6520
6520
6520
6520
6520
6520
6520
6520
6520
6520
6520
6520
6520
6520
6520
6520
6520
6520
6520
6520
6520
6520
6520
6520
6520
6520
