3342
2887
2887
3147
3602
2919
3368
3368
3108
2750
2295
2577
2577
3228
3244
3294
3749
3733
3451
3806
3315
3707
4065
4397
5080
5081
4632
4648
5097
5097
5097
4648
4887
4871
5153
5413
4730
4372
4371
4111
4162
4520
4238
4254
4238
3587
3232
3915
3865
3456
3556
2994
3403
3419
3419
3868
4150
4801
4701
4018
4580
4680
4629
4245
4245
4629
4067
4117
3725
3725
3725
3985
3653
3269
3661
4223
4906
5290
5274
4591
4591
4591
4136
3876
3518
3519
3874
3824
3375
3136
3136
3585
3635
3651
3296
2887
3126
3809
4069
4069
4478
4836
4887
4887
4886
4886
4324
4042
4374
4374
4374
3982
3743
3359
3751
3751
3068
3559
3943
3943
3944
3293
3293
3293
3243
2983
2625
2134
2589
2538
3100
3084
3135
3417
3085
2803
3294
3649
3265
3214
3264
3264
3648
3648
3648
3193
2801
3159
3614
3946
3997
3997
4236
3745
3744
3744
3744
3744
4136
3744
4235
4235
4918
4868
4869
4885
4869
4485
4036
4428
4877
4638
4638
4877
4877
4315
3923
3432
3332
3983
3574
3590
3539
3084
3135
3185
3640
3922
4182
4166
4166
4165
4727
4272
4272
4664
4332
4050
4382
4382
3990
4399
4415
4416
4365
4126
4125
4616
4167
4168
4219
4219
4611
5066
5066
5066
5348
5797
5797
5797
5537
5487
5487
5487
5132
4850
4458
4457
4557
4796
5180
5129
5180
4529
4921
4430
4098
3415
3057
3415
3770
3531
3480
3719
3719
3703
3703
3319
2870
2870
2870
2870
2920
3252
3202
3885
4376
4376
4426
5077
4586
4177
4077
4077
4337
4337
4388
4388
4837
4787
4429
4445
4394
4444
4445
4395
4156
4156
3801
3801
3800
4184
4234
3785
4140
4549
4549
4831
4931
4931
4931
4649
4599
4957
4548
4190
4548
4599
3916
3524
3933
3371
4054
4038
3387
3336
3336
3987
4038
4088
4370
4038
3654
3654
3554
3570
4019
4019
4119
4019
3664
3664
3996
4487
4871
4872
4972
4956
4273
4173
3913
4305
3856
3872
3821
4270
4370
5053
5053
5104
5103
5103
5087
4695
4644
4644
4286
4337
3888
3888
4280
4280
4296
4745
5100
4716
4700
4650
4650
4650
4651
4160
4160
4160
4210
4209
4448
4448
4448
5010
4960
4398
4347
4347
3898
3443
3034
3035
3086
3577
3837
3346
3064
2709
2991
3446
2795
3204
3695
3745
3744
4099
4661
4677
4627
4628
4678
4323
3640
3998
3998
3998
3982
4366
5017
4608
4608
4250
4199
3960
3568
3977
3977
3326
3326
2871
2539
2931
3170
2910
2926
2977
3628
2977
2486
2486
2844
3104
3553
3553
3503
3487
3129
3487
3387
2938
2988
3004
2722
3171
3171
3121
2729
2729
2345
1936
1936
2587
2587
3078
3078
3078
2839
2788
2838
2389
2844
3083
3492
3253
2798
3080
3529
3529
3513
3897
3913
3913
3653
3652
3268
3623
3607
3607
4062
4162
4162
3511
3750
4433
4194
4195
4194
3785
4045
4045
4046
3996
3896
3996
4647
4979
4995
5379
4817
4816
4816
4325
3642
4034
4034
4084
3700
3418
2767
2717
2956
2956
3238
2880
2880
3531
3531
4214
4623
3940
3585
3585
3635
4019
3570
3925
4487
4845
4896
4512
4512
5195
4863
4624
4624
4625
4365
4083
4083
4467
4417
4677
4677
4661
4711
4727
4627
4269
3885
3476
3216
3215
3706
3023
2973
2973
2518
2518
2518
2163
2402
2684
3068
3423
3424
3424
3373
3473
3805
3413
3868
3919
3357
3617
3616
2965
2633
2633
2178
2633
2373
3024
3473
2822
2872
2872
2381
2872
3555
3505
2822
3384
4035
4036
4445
4345
3961
3961
3399
3783
3883
3883
4445
4445
4394
5077
4977
4976
4521
4239
4597
4857
4502
4857
4908
4892
5284
5284
5284
5300
5301
4943
5043
4659
4559
4559
4841
4841
4279
3924
3924
3532
3481
3813
3813
3813
3162
3161
3161
3553
3603
3343
3343
3994
4352
4353
4337
4287
4547
4287
4005
4287
3636
4020
4020
4671
4671
4931
4931
4930
4279
4279
3596
3204
2820
3471
3189
2538
2589
2538
2893
2894
2994
2503
3186
3468
3467
3467
3367
3467
3467
3207
3698
3416
3466
3466
3416
3416
3808
3859
4314
4075
3717
3717
3718
3734
4296
4296
4296
4556
4556
4107
4056
4295
4346
4997
5279
5228
5612
5596
4913
4813
4358
3707
3723
3723
4081
4181
4181
4630
4614
4665
4256
3974
4383
3974
3973
3973
3713
4396
4041
4091
4446
4901
5161
5161
4829
4829
4829
4778
4728
4728
4468
4229
4880
4880
4431
4039
4040
4056
4107
4107
4107
3456
3738
4389
4628
3977
3695
3745
3506
3406
3406
2951
3190
3472
3472
3921
3682
3921
3871
3871
3589
3027
3077
3177
3509
3918
3509
3918
4178
3769
4224
4875
4384
4793
4693
5255
5204
5695
5746
5696
5796
5305
5305
5305
4973
4973
4873
4873
5265
5265
4873
4489
4589
4589
4589
4589
4639
4400
4682
4632
4350
4349
4089
4089
4089
4371
4371
4862
4371
4372
4632
4631
4963
4963
5347
4664
4255
4305
4254
4745
4796
4797
4797
4797
5189
5428
5428
5073
5073
5756
5705
5466
5875
5926
5534
5252
5201
4843
4843
5082
5066
4827
4495
4511
4020
4019
4377
4277
4277
3822
4277
3919
3903
4142
4500
4500
4892
4892
4653
4669
5024
4341
4325
4816
4916
4916
4916
4561
4612
4613
4255
4255
4255
4155
4155
4510
4792
4892
4892
4892
5224
5223
5223
5223
5223
5223
5462
4971
5329
5329
4937
4482
3831
3781
4173
3891
3499
3260
3260
3943
3559
3609
3509
3901
4392
4631
4580
4580
4580
4320
4320
4320
4602
4602
4040
4300
4301
4301
4685
4785
4785
4785
4336
4987
5003
4721
4671
4316
4316
4878
4878
4227
3835
3477
3068
3426
3094
3486
3895
3895
3946
3846
4201
4251
4533
4124
3769
3278
3378
2986
2886
2835
2886
2886
2886
2626
2626
2575
3066
3066
3066
3521
4172
4504
4764
4525
4934
4443
3988
3988
4443
3760
4209
4159
4398
3836
3836
3576
3676
3437
3079
3079
3570
3620
4182
4182
3733
3733
4125
4364
4624
4624
4624
4982
4650
4650
5333
4949
4710
4761
4761
4761
4760
4760
4760
4402
4402
4386
4335
4075
4025
4025
4474
4025
4025
4025
3534
3252
3252
3252
3268
3318
3809
4167
4449
4057
4389
4389
4057
4412
4412
4796
5056
5056
5056
5448
4957
5196
5196
5196
5196
5196
4936
5196
5196
5247
5197
5688
5688
5449
5449
5449
4766
4715
4765
4356
4256
4665
5114
5114
5114
4705
4705
4689
4740
4840
4841
4791
5030
4979
4979
5662
5662
5712
6121
6121
5763
5408
5408
5407
5765
5483
5091
5483
5534
5535
5535
5535
5535
5551
5833
5551
5312
5296
4887
5126
5458
5813
5813
5713
5713
5358
5458
5458
5003
4671
4671
4687
4687
4587
5042
4593
4593
4593
4593
4593
4593
4875
4875
5230
5180
5512
5230
5229
5638
5638
5638
5638
5622
5622
5622
5722
5313
5313
4981
5390
5006
5390
4739
4755
4755
4755
4805
4545
4545
4827
4811
4827
4435
4435
4153
4804
4565
5014
5015
5254
4692
5024
5024
5416
5024
4569
4569
4518
4518
4418
3969
4424
4684
4668
4668
4618
4617
4233
3824
3875
3824
3469
3470
3470
3469
3751
4135
4135
4697
5052
5103
4821
4821
4821
4330
4430
4072
4072
3972
4463
4008
4400
4161
4570
4570
4570
4586
4586
4586
4586
4570
4809
4809
4810
5168
5168
5184
5168
5168
5168
4776
4776
4776
4392
4442
4391
4783
4783
4834
4834
4425
4874
4874
4890
4890
4630
4630
4890
4840
4840
5122
5122
5122
5577
5961
5961
5910
5259
5310
4926
4926
4910
4578
4577
4526
4858
4958
5609
5509
4858
4576
4858
4908
5317
5333
5333
4975
4975
4736
4281
4332
4432
4432
4040
4432
4432
4416
4416
4417
4417
5068
5068
5426
5810
5810
5810
5418
5418
5873
5873
5873
5822
6061
6061
6061
5729
5629
5629
5180
5180
5180
5512
5512
5512
5154
5154
5154
5154
5154
5254
5254
4899
4899
4950
4690
4590
4540
4898
4898
4443
4443
4443
4892
5247
5247
4756
4347
4397
4039
4530
4198
4198
3636
3281
3281
3636
3586
3944
3453
3453
3503
3502
3502
3894
3894
3894
3894
3894
4154
4104
3720
3720
3720
3438
3438
3438
3438
3770
3770
3770
3770
4052
3720
3720
4211
4211
4211
4666
5075
5075
5075
5125
5075
5075
5091
5075
5637
5637
5637
5637
5637
5398
5398
5398
5498
5143
5382
5382
5382
5382
5282
5614
5614
5614
5969
5520
5111
5111
5111
5111
5520
5188
5188
5189
5573
5573
5573
5573
5522
4960
5011
4960
4602
5164
5164
4772
4388
4388
4388
4837
4388
4388
4388
4720
4720
4720
4719
4720
4720
4820
4820
4581
4631
4531
4531
4980
4297
4297
4297
4980
5338
5354
5072
5354
5354
5354
5354
4996
5096
5335
5335
5335
5335
5335
5719
5387
5438
5083
5032
5387
5337
5237
5237
5237
5629
5629
5629
5679
5779
5497
5497
5497
5006
5006
5006
5006
4614
4614
4052
4036
4036
4428
4427
4989
4427
4427
4918
4918
4534
4550
4550
4550
4934
4934
4251
4251
4252
4814
4814
4814
4798
4797
4797
4797
4558
4558
4558
4166
4182
4182
4132
4132
4815
4815
4815
4866
4866
4850
4850
5208
4948
4948
4897
4948
4948
5230
5280
5672
5672
5672
5672
5672
5672
5932
5933
5949
5667
5667
5617
5949
5617
4934
5173
4682
4631
4631
5122
5106
4748
4764
4815
4799
4815
4815
4815
4815
4815
5147
5147
5147
5147
5147
5047
5097
5097
5780
5779
5763
5431
5789
5334
5284
4926
5381
5381
5381
5381
5142
5381
5381
4989
4989
4989
5321
5270
5271
5553
5911
5911
5911
5911
6303
6043
5711
5811
5810
5826
5264
5314
5314
5876
5877
5226
4771
4770
4754
4754
4472
4472
4488
4488
4438
4438
4770
4770
4531
4581
4581
4820
4820
4770
4770
4770
5225
5225
4841
4602
4841
5101
5101
4646
4646
4696
4364
4819
4819
4819
5151
4759
4743
4693
4693
4433
4434
4694
5078
5078
5094
5145
5145
5045
5045
5696
5746
5746
5291
5391
5391
5391
5673
5673
5673
5434
5418
5810
5455
5454
5454
5403
5403
5121
5121
5172
5172
5454
4892
4892
4892
4893
4893
4893
5248
5248
5810
5810
5810
5810
5550
5566
5182
5442
5441
5441
5680
5231
5231
5231
5215
5215
5664
5272
4823
5207
5207
5207
5208
5108
5057
4566
4566
4566
4666
4308
4666
4717
4717
4717
4733
5188
5188
5138
5138
4783
5175
5530
5514
6005
6005
6005
6055
6055
6004
5649
5649
5389
5031
5047
5047
5047
5047
5031
5031
5031
5389
5389
5405
5405
5405
5355
5355
5405
5760
5760
5660
5760
5744
5744
5744
6193
6193
6193
6453
6453
6453
6469
6469
6469
6468
6110
6110
6110
6110
6060
5960
6011
6011
5449
6011
6111
6111
6095
5995
5995
6353
6353
6353
5961
5962
5978
5523
5523
5623
5623
6015
5566
5566
5234
5218
5218
5550
5549
5267
5267
5317
5599
6048
6048
6048
6048
5788
5788
5788
5789
5789
6049
6049
6049
5717
6049
6049
6049
6048
6048
5656
5657
5657
6112
5873
5873
5872
5872
5612
5613
5852
5868
5817
5817
5767
5767
5358
5358
5358
5358
5767
5767
5767
5767
5485
5536
5536
5536
5536
5536
5536
5536
4974
4974
5256
5256
5256
4901
4901
4901
5256
5818
5818
5434
5484
5484
5876
6260
6260
6260
6210
5755
5755
5755
5755
6015
6015
6015
5657
5657
5418
5402
5452
5452
5452
5452
5097
4713
5097
5097
5097
5097
5097
5097
5552
5552
5292
5292
5531
5531
5531
5530
5546
5901
6161
6161
5752
5752
5752
5368
5318
5318
5318
5727
5467
5467
5467
5727
5727
5395
5156
4764
4764
4764
4764
5148
5480
5480
5220
5220
5220
5220
4865
4865
5125
5125
5125
5125
5125
5125
4716
4716
4717
4701
4701
4701
4701
4701
4701
4701
4701
4701
4701
5110
5110
5110
5110
5110
5110
5110
5110
5110
5349
5704
6062
6061
6010
5728
5728
5729
5729
5729
5729
5729
5729
5046
5046
5046
5046
5046
5046
4637
4188
4871
4871
4871
4871
4871
4871
4871
5153
5153
5153
5204
5153
5153
5153
4795
4795
4795
4795
4846
5295
5295
5295
5295
5295
5295
4846
4846
4846
4846
4845
4845
4606
4606
4606
4964
5373
5765
5665
5014
5014
5030
5030
5479
5479
5529
5529
5479
5579
5579
4896
4896
4614
4614
4853
4853
4853
4853
4853
4853
5536
5485
5535
5535
5535
5535
5535
5177
5459
5459
5359
4967
4967
5067
5067
5017
5409
5409
5409
5409
5409
5409
5409
5409
5409
5410
5410
5768
5767
6418
6418
6419
6180
6180
6180
6419
6180
6180
6180
6180
6180
6419
6419
6419
6419
6419
6419
6419
6419
6419
6419
6419
6419
6419
6403
6164
6164
6064
5804
5804
5804
5804
5804
5446
5497
5497
5497
5597
5597
5597
5597
5597
5596
5596
5612
5612
5561
5561
5561
5561
5561
5561
5611
5850
5850
5851
5851
5851
5851
5851
5851
5851
5902
5411
5410
5360
5620
5620
5620
5620
5620
5620
5620
5620
5620
5670
5670
5670
5670
5670
5670
5670
5670
5670
5670
5619
5619
5235
5185
5676
5676
5576
5576
5576
5676
5676
5284
5335
5385
5385
5103
5103
5103
5103
5103
5104
5496
5496
5496
5445
5445
5445
5445
5429
5429
5429
5429
5429
5787
5429
5429
5429
5429
5429
5429
5429
5445
5829
5829
5829
5829
6187
6238
6237
6237
6237
6237
5905
5645
5154
5154
5154
5486
5486
5486
5486
5486
5486
5486
5486
5486
5128
5619
5619
5619
5619
5619
5619
5619
5568
5568
5568
5552
5552
5552
5452
5552
5603
5603
5603
5603
5619
5879
5470
5828
5828
5828
6110
6110
6059
6059
6043
6043
6044
6044
6044
6044
6044
6043
6043
6043
6043
6059
6059
6060
5960
5960
5960
5960
5960
5960
5960
5960
6011
6011
5960
5960
5944
5944
5944
5944
5944
5944
5944
6353
6352
6352
5790
5790
5740
5740
5741
5741
5741
5349
5349
5449
5449
5449
6011
6010
6010
6060
6061
6061
6060
6060
6060
6060
6060
5821
5821
5837
6076
6076
6076
6076
5514
5514
5514
5414
5414
5414
5414
5414
5398
5138
5138
5138
5189
5189
5189
5190
5190
4741
4741
4841
4840
4840
4840
4840
4840
5289
5289
5851
5851
5801
5801
6061
6061
6061
5677
5677
6069
6018
6018
6402
6402
6452
6452
6453
6453
6453
6453
6504
6504
6504
6453
6504
6504
6504
6504
6504
6504
6453
6453
6453
6469
6469
6469
6469
6419
6180
6230
6469
6453
6453
6453
6453
6453
6453
6504
6504
6504
6404
6404
6404
6404
6404
6404
6403
5954
5904
5904
5904
5904
5904
5904
5904
6353
6353
6353
6403
5994
5994
6094
6094
6094
6094
6094
6044
6044
5993
5993
5993
5993
6044
6044
6044
6044
6044
5993
5754
5754
5754
5754
5805
5805
5805
5805
5805
5805
6044
6044
6044
6060
6060
6060
6469
6418
6418
6418
6418
6418
6158
6158
6158
6208
6208
6208
6208
6209
6209
6209
6209
6209
6260
6209
6469
6469
6469
6469
6469
6520
6469
6453
6453
6453
6453
6469
6469
6469
6469
6469
6469
6469
6469
6419
6419
6419
6419
6419
6419
6469
6469
6469
6469
6468
6468
6468
6468
6468
6452
6452
6452
6453
6453
6453
6453
6452
6452
6452
6352
6352
5897
6352
6020
6020
6036
6020
6020
6020
6071
6071
6021
6021
6037
6037
6037
6037
6037
6037
6037
6369
6419
6419
6419
6419
6419
6419
6419
6419
6419
6419
6419
6419
6419
6159
6159
6159
6159
6159
6159
6159
6159
6159
6159
6143
6143
6143
6143
6143
6143
6159
6159
6259
6259
6260
6209
6209
6209
6209
6260
6260
6160
6160
6160
6160
6109
6109
6109
6108
6108
6108
6108
6108
6108
6368
6368
6368
6368
6368
6129
6129
6129
6129
6113
5551
5551
5551
5551
5551
5551
5551
5790
5806
6368
6468
6076
6060
6452
6192
6192
6192
6142
6193
6209
6209
6209
6209
6209
6209
6209
6209
6193
6193
6193
6193
6193
6193
6193
6093
6093
6093
6093
6093
5811
5811
5812
5812
5761
6021
6021
6037
6087
6087
6087
6087
6087
6037
6037
6037
6137
6037
6037
6037
6037
6037
6319
6319
6319
6319
6319
6319
6318
6318
6318
6318
6302
6302
6302
6302
5651
5651
5651
5667
5667
5667
5667
5717
5701
5752
5752
5752
5752
5752
5752
5753
5853
5853
6504
6504
6504
6504
6504
6454
6453
6453
6098
6098
6098
6098
6098
5998
5999
5999
6099
6115
6115
6470
6470
6470
6470
6470
6470
6470
6470
6470
6470
6470
6470
6370
6370
6370
6470
6520
6520
6520
6520
6281
6281
6281
6281
6281
6281
6280
6280
6264
6264
6264
6264
6264
6264
6264
6264
6264
6264
6280
6280
6280
6280
6519
6519
6519
6519
6161
6519
6519
6519
6519
6519
6519
6519
6519
6519
6520
6470
6470
6470
6470
6470
6470
6470
6470
6520
6420
6420
6420
6420
6420
6420
6419
6368
6368
6086
6086
6086
6086
6086
6086
6070
6070
6086
6086
6086
6086
6086
6086
6086
6086
6086
6086
6137
6419
6419
6419
6419
6419
6419
6419
6519
6519
6519
6519
6520
6520
6469
6469
6469
6469
6469
6469
6469
6469
6469
6469
6469
6469
6469
6469
6469
6469
6469
6520
6520
6520
6520
6520
6520
6520
6520
6504
6520
6520
6504
6454
6403
6403
6403
6453
6453
6453
6453
6453
6453
6452
6452
6452
6452
6452
6452
6452
6452
6452
6452
6402
6453
6503
6503
6503
6503
6503
6503
6503
6503
6503
6145
6145
6146
6162
6161
6161
6161
6519
6519
6520
6520
6260
6210
6210
6210
5559
5559
5559
5559
5559
6210
6110
6110
6110
6094
6194
6194
6210
6210
6210
6210
6210
6210
6210
6210
6260
6260
6209
6260
6260
6260
6260
6260
6209
6209
6469
6469
6469
6453
6453
6452
6452
6468
6468
6468
6468
6468
6468
6468
6468
6468
6468
6468
6468
6452
6452
6453
6453
6453
6504
6504
6504
6520
6504
6504
6504
6504
6504
6504
6504
6504
6504
6504
6404
6404
6404
6404
6404
6404
6404
6403
5912
5912
5912
6012
6012
6012
6012
6503
6519
6503
6519
6519
6468
6468
6468
6468
6468
6468
6468
6208
6208
6208
6192
6192
6192
6192
6142
6142
6142
6142
6142
6142
6142
6142
6142
6142
6142
6142
6142
6142
5903
5953
5953
5953
5953
5953
5953
5853
5853
5853
5854
5854
5854
5854
5854
5854
5854
5905
5905
5905
5905
5905
5905
5904
5904
5904
5904
6004
6004
5904
5904
5904
5904
5920
5920
5920
5920
6159
6159
6159
6159
6159
6159
6159
6160
6160
6160
6144
6144
6144
6144
6144
6144
6144
6144
6144
6404
6404
6404
6354
6354
6354
6354
6354
6354
6354
6354
6353
6353
6353
6353
6353
6353
6354
6354
6354
6354
6354
6354
6354
6354
6353
6453
6453
6453
6503
6503
6503
6503
6503
6503
6503
6453
6453
6453
6453
6453
6453
6453
6402
6452
6452
6452
6452
6452
6352
6352
6352
6352
5701
5752
5768
5768
5768
5752
5752
5752
5752
5701
5701
5752
5752
5752
5752
5752
5753
5753
5753
5853
5853
5853
5853
5869
5869
5869
5869
5868
5868
5868
6519
6519
6503
6503
6503
6503
6503
6503
6503
6503
6503
6503
6503
6503
6403
5948
5948
5948
5948
5948
5949
5949
5949
5949
6049
6049
6049
6065
6065
6065
6014
6013
6013
6013
6013
6013
6013
6013
6014
6014
6469
6469
6469
6469
6469
6469
6520
6520
6520
6520
6520
6520
6520
6520
6520
6519
6519
6519
6519
6519
6519
6519
6519
6519
6519
6519
6519
6503
6503
6503
6503
6503
6503
6503
6519
6519
6519
6519
6519
6519
6519
6519
6519
6519
6519
6519
6519
6519
6519
6519
6519
6519
6503
6503
6503
6503
6503
6503
6503
6503
6503
6503
6503
6503
6453
6454
6172
6172
6222
6222
6222
6222
6222
6222
6222
6222
6222
6222
6222
6171
6171
6170
6186
6187
6186
6186
6186
6186
6186
6186
6186
6186
6186
6186
6187
6187
6187
6186
6186
6186
6186
6186
6186
6186
6186
6186
6186
6170
6170
6170
6170
6170
6170
6170
6170
6170
6170
6170
6170
6170
6170
6170
6170
6170
6221
6221
6221
6221
6221
6221
6221
6221
6221
6221
6221
6237
6237
6237
6237
6237
6237
6237
6237
6237
6237
6237
6237
6237
6237
6237
6237
6237
6519
6519
6519
6519
6519
6519
6519
6519
6519
6519
6519
6520
6520
6469
6469
6469
6469
6469
6469
6469
6469
6469
6469
6469
6469
6469
6469
6468
6468
6469
6469
6469
6469
6469
6469
6469
6469
6520
6420
6420
6420
6420
6420
6404
6404
6403
5752
5752
5752
5752
5752
5752
5752
5752
5752
5752
6403
5752
5753
5853
5853
5869
5869
5819
5819
5819
5819
5819
5819
5819
5819
5819
5819
5819
5819
5818
5818
5818
5818
5818
5818
5802
6453
6453
6453
6453
6453
6453
6453
6453
6469
6519
6520
6519
6519
6519
6469
6469
6469
6469
6519
6519
6519
6519
6519
6519
6519
6520
6520
6520
6519
6519
6519
6519
6519
6519
6519
6519
6519
6519
6519
6519
6519
6519
6519
6519
6519
6503
6503
6503
6503
6503
6503
6503
6503
6503
6503
6503
6503
6503
6503
6503
6503
6503
6503
6503
6503
6503
6503
6503
6503
6503
6503
6504
6503
6503
6503
6504
6504
6504
6504
6504
6504
6504
6504
6504
6454
6454
6454
6454
6454
6453
6453
6453
6453
6453
6454
6454
6454
6454
6454
6454
6454
6454
6454
6454
6454
6454
6454
6454
6454
6454
6470
6454
6454
6454
6454
6454
6454
6454
6454
6454
6470
6520
6520
6469
6453
6453
6504
6504
6504
6504
6504
6504
6504
6504
6520
6520
6504
6504
6504
6404
6404
6404
6404
6420
6420
6420
6370
6369
6369
6369
6353
6353
6353
6353
6403
5752
5752
5752
5752
5752
5768
5768
5768
5768
5768
5717
5717
5717
5717
5718
5718
5702
5702
5702
5701
5701
5701
5701
5702
5802
5802
5802
6453
6453
6453
6504
6504
6504
6520
6520
6470
6470
6470
6454
6454
6470
6470
6470
6520
6504
6504
6504
6504
6504
6504
6504
6504
6504
6504
6504
6504
6504
6454
6454
6454
6454
6504
6504
6504
6504
6504
6504
6504
6504
6504
6504
6504
6504
6504
6504
6504
6504
6504
6504
6504
6503
6503
6503
6503
6503
6504
6504
6504
6504
6504
6504
6504
6504
6504
6504
6504
6504
6504
6504
6453
6453
6453
6504
6504
6504
6504
6520
6520
6520
6520
6520
6520
6520
6520
6520
6520
6520
6520
6520
6520
6520
6520
6520
6520
6520
6519
6519
6519
6519
6469
6469
6469
6469
6469
6469
6469
6469
6469
6469
6453
6453
6453
6453
6453
6453
6453
6402
6402
6418
6469
6469
6453
6453
6454
6454
6454
6470
6470
6470
6470
6470
6470
6470
6470
6470
6470
6470
6470
6470
6469
6469
6469
6469
6469
6469
6469
6469
6469
6469
6469
6469
6469
6469
6469
6469
6469
6469
6469
6469
6469
6469
6469
6470
6470
6470
6470
6470
6470
6470
6419
6419
6469
6469
6469
6520
6520
6520
6520
6520
6520
6519
6519
6520
6520
6520
6520
6520
6520
6520
6520
6520
6520
6520
6520
6504
6504
6504
6504
6504
6504
6504
6504
6504
6504
6504
6504
6504
6504
6504
6504
6504
6504
6504
6504
6504
6504
6504
6504
6453
6469
6469
6469
6469
6469
6468
6469
6469
6469
6469
6469
6469
6453
6453
6453
6453
6453
6453
6453
6453
6453
6453
6453
6453
6453
6504
6504
6504
6504
6504
6504
6504
6504
6504
6504
6504
6504
6520
6520
6520
6469
6369
6369
6369
6369
6369
6369
6353
6353
6353
6353
6353
6369
6469
6469
6469
6469
6469
6469
6469
6469
6453
6453
6453
6453
6453
6504
6504
6504
6504
6504
6504
6504
6504
6504
6504
6504
6504
6504
6504
6504
6504
6520
6520
6520
6520
6520
6520
6520
6520
6520
6520
6520
6520
6520
6520
6519
6519
6519
6519
6519
6519
6519
6519
6519
6519
6519
6519
6519
6519
6503
6504
6520
6520
6519
6519
6519
6519
6519
6519
6519
6519
6519
6519
6519
6519
6519
6519
6519
6519
6519
6519
6519
6503
6519
6519
6519
6519
6519
6519
6519
6519
6519
6519
6519
6520
6520
6520
6520
6520
6520
6520
6520
6520
6520
6520
6520
6520
6520
6520
6520
6519
6519
6519
6519
6519
6519
6519
6503
6503
6503
6504
6504
6504
6504
6504
6520
6520
6520
6520
6520
6469
6469
6469
6453
6453
6453
6453
6453
6453
6453
6504
6504
6504
6504
6504
6504
6504
6504
6504
6504
6504
6504
6504
6504
6503
6503
6503
6504
6504
6453
6504
6504
6520
6520
6520
6520
6520
6520
6520
6520
6469
6469
6469
6469
6469
6469
6469
6469
6469
6469
6469
6469
6520
6520
6504
6504
6504
6504
6503
6503
6503
6503
6503
6503
6503
6503
6503
6503
6503
6452
6452
6452
6452
6452
6452
6452
6452
6503
6503
6503
6503
6503
6503
6503
6503
6503
6503
6503
6503
6503
6503
6503
6503
6519
6519
6519
6519
6519
6519
6519
6519
6519
6519
6519
6469
6418
6418
6418
6418
6418
6418
6418
6418
6418
6418
6418
6419
6419
6419
6419
6419
6419
6419
6418
6468
6468
6468
6468
6468
6519
6519
6519
6519
6503
6503
6503
6503
6503
6503
6503
6503
6503
6503
6503
6453
6453
6453
6453
6453
6453
6453
6453
6453
6453
6453
6503
6503
6504
6504
6504
6504
6504
6504
6504
6504
6504
6504
6504
6504
6503
6503
6503
6519
6519
6520
6520
6520
6520
6520
6504
6520
6520
6520
6520
6520
6520
6520
6520
6520
6520
6520
6520
6520
6469
6520
6520
6520
6520
6504
6504
6504
6504
6504
6504
6504
6504
6504
6504
6504
6504
6504
6504
6504
6504
6504
6504
6504
6504
6504
6504
6504
6503
6503
6503
6503
6503
6453
6453
6453
6453
6453
6503
6503
6503
6503
6503
6503
6503
6503
6504
6504
6504
6504
6504
6504
6504
6453
6453
6453
6453
6453
6504
6504
6504
6504
6504
6504
6504
6504
6504
6504
6504
6504
6504
6504
6504
6504
6504
6504
6504
6504
6504
6504
6504
6504
6504
6503
6503
6503
6503
6503
6503
6503
6503
6504
6504
6520
6520
6520
6520
6520
6470
6470
6470
6470
6470
6520
6520
6520
6520
6520
6519
6519
6503
6503
6503
6503
6503
6503
6503
6503
6503
6503
6503
6503
6503
6503
6503
6503
6503
6504
6504
6504
6504
6504
6504
6504
6504
6504
6504
6504
6504
6504
6503
6503
6503
6503
6503
6503
6503
6519
6519
6519
6519
6519
6519
6519
6519
6519
6519
6519
6519
6519
6519
6519
6519
6519
6519
6520
6520
6520
6504
6504
6504
6504
6504
6504
6504
6504
6504
6504
6504
6504
6504
6504
6504
6504
6503
6503
6503
6503
6503
6503
6503
6503
6503
6503
6503
6503
6503
6503
6503
6503
6503
6503
6503
6503
6503
6503
6453
6453
6453
6453
6503
6503
6503
6519
6519
6519
6519
6520
6520
6520
6520
6520
6519
6519
6519
6519
6519
6519
6519
6503
6503
6503
6503
6503
6504
6504
6504
6504
6504
6504
6504
6504
6504
6504
6504
6504
6504
6504
6504
6504
6504
6504
6504
6504
6504
6504
6503
6504
6504
6504
6504
6504
6504
6504
6503
6503
6503
6504
6504
6504
6504
6504
6504
6504
6504
6504
6504
6504
6504
6504
6504
6504
6504
6504
6504
6504
6504
6503
6503
6503
6503
6503
6503
6503
6503
6503
6503
6503
6503
6503
6503
6503
6519
6519
6520
6520
6519
6520
6520
6520
6520
6520
6520
6520
6520
6520
6520
6520
6520
6520
6520
6520
6520
6520
6520
6520
6520
6520
6520
6504
6504
6504
6504
6504
6504
6504
6504
6504
6504
6504
6504
6504
6504
6504
6504
6504
6504
6504
6504
6504
6520
6520
6520
6520
6520
6520
6520
6520
6520
6520
6520
6520
6520
6520
6520
6520
6520
6520
6520
6504
6504
6504
6504
6503
6503
6503
6503
6503
6503
6503
6519
6519
6519
6519
6519
6519
6519
6519
6519
6519
6519
6519
6520
6520
6520
6520
6520
6520
6520
6520
6520
6520
6520
6520
6519
6519
6519
6519
6519
6519
6519
6519
6519
6519
6519
6519
6519
6519
6519
6519
6519
6519
6519
6519
6519
6519
6503
6503
6503
6503
6504
6504
6504
6504
6504
6520
6520
6520
6520
6520
6520
6520
6520
6520
6520
6520
6520
6520
6520
6520
6520
6520
6520
6520
6520
6520
6519
6519
6519
6519
6519
6519
6519
6520
6520
6520
6520
6520
6520
6519
6520
6520
6520
6520
6520
6520
6520
6520
6520
6520
6520
6520
6520
6520
6520
6520
6520
6520
6520
6520
6520
6520
6520
6520
6520
6520
6520
6520
6520
6520
6520
6519
6519
6519
6519
6519
6519
6519
6519
6519
6519
6519
6519
6519
6519
6519
6519
6520
6520
6520
6520
6520
6520
6520
6520
6520
6520
6520
6520
6520
6520
6520
6520
6520
6520
6520
6520
6520
6520
6520
6520
6520
6520
6520
6520
6520
6520
6520
6520
6520
6520
6520
6520
6520
6520
6520
6520
6520
6520
6520
6520
6520
6520
6520
6520
6520
6519
6519
6519
6519
6519
6519
6519
6519
6519
6519
6519
6519
6519
6519
6519
6519
6519
6519
6519
6520
6520
6520
6520
6520
6520
6520
6520
6520
6520
6520
6520
6520
6520
6520
6520
6520
6520
6520
6520
6520
6520
6520
6520
6520
6520
6520
6520
6520
6520
6520
6520
6520
6520
6520
6520
6520
6519
6519
6519
6519
6519
6519
6519
6520
6520
6520
6519
6519
6519
6519
6519
6519
6519
6519
6519
6519
6520
6520
6520
6520
6520
6520
6520
6519
6519
6519
6519
6519
6519
6519
6519
6519
6519
6519
6519
6519
6519
6519
6519
6519
6519
6519
6519
6519
6519
6519
6519
6519
6519
6519
6519
6519
6519
6519
6519
6519
6519
6519
6519
6519
6519
6519
6519
6519
6519
6519
6519
6519
6519
6519
6519
6519
6519
6519
6519
6519
6519
6519
6519
6519
6519
6519
6519
6520
6520
6520
6520
6520
6520
6520
6520
6520
6520
6520
6520
6520
6520
6520
6520
6520
6520
6520
6520
6520
6519
6519
6519
6519
6520
6520
6520
6520
6520
6520
6520
6520
6520
6520
6520
6520
6520
6520
6520
6520
6520
6520
6520
6520
6520
6520
6520
6520
6520
6520
6520
6520
6520
6520
6520
6520
6520
6520
6520
6520
6520
6520
6520
6520
6520
6520
6520
6520
6520
6520
6520
6520
6520
6520
6520
6520
6520
6520
6520
6520
6520
6520
6520
6519
6519
6519
6519
6519
6519
6519
6519
6520
6520
6520
6520
6520
6520
6520
6520
6520
6520
6520
6520
6520
6520
6520
6520
6520
6520
6520
6520
6520
6520
6520
6520
6520
6520
6519
6519
6519
6519
6519
6519
6519
6519
6519
6519
6520
6520
6520
6520
6520
6520
6520
6504
6504
6520
6520
6520
6520
6520
6520
6520
6519
6519
6519
6519
6519
6519
6519
6519
6519
6519
6519
6520
6520
6520
6520
6520
6520
6519
6519
6519
6519
6519
6519
6519
6519
6519
6519
6519
6519
6519
6519
6469
6469
6469
6469
6519
6519
6519
6519
6519
6519
6519
6519
6519
6519
6520
6520
6520
6520
6520
6520
6520
6520
6520
6520
6520
6520
6520
6520
6520
6520
6520
6520
6520
6520
6520
6520
6520
6520
6520
6520
6520
6520
6520
6520
6520
6520
6520
6520
6520
6520
6520
6520
6520
6520
6520
6520
6520
6520
6520
6520
6520
6520
6520
6520
6520
6520
6520
6519
6519
6519
6519
6519
6503
6503
6503
6503
6503
6503
6504
6504
6520
6520
6520
6520
6520
6520
6520
6520
6520
6520
6520
6520
6520
6519
6519
6519
6519
6519
6519
6519
6519
6519
6519
6519
6519
6519
6519
6519
6519
6519
6519
6519
6519
6519
6519
6519
6519
6519
6519
6519
6519
6519
6519
6519
6519
6519
6519
6519
6520
6520
6520
6520
6520
6520
6520
6520
6520
6520
6520
6520
6520
6520
6520
6520
6520
6520
6520
6520
6520
6520
6520
6520
6520
6520
6520
6520
6520
6520
6520
6520
6520
6520
6520
6520
6520
6520
6520
6520
6520
6519
6519
6519
6519
6519
6519
6519
6519
6519
6519
6503
6504
6504
6504
6504
6504
6504
6504
6504
6504
6504
6504
6504
6520
6520
6520
6520
6520
6520
6520
6520
6520
6520
6519
6519
6519
6519
6519
6519
6519
6520
6520
6520
6519
6519
6519
6520
6520
6520
6520
6520
6520
6520
6520
6520
6520
6520
6520
6520
6520
6520
6520
6520
6520
6520
6520
6520
6520
6520
6520
6520
6520
6520
6520
6520
6520
6520
6520
6520
6520
6520
6520
6520
6520
6520
6520
6520
6520
6520
6520
6520
6520
6520
6520
6520
6520
6520
6520
6520
6520
6520
6520
6520
6520
6520
6520
6520
6520
6520
6520
6520
6520
6520
6520
6520
6520
6520
6520
6520
6520
6520
6520
6520
6520
6520
6520
6520
6520
6520
6520
6520
6520
6520
6520
6520
6520
6520
6520
6520
6520
6520
6520
6520
6520
6520
6520
6520
6520
6520
6520
6520
6520
6520
6520
6520
6520
6519
6519
6519
6519
6503
6503
6503
6503
6504
6504
6504
6503
6503
6503
6503
6519
6519
6519
6519
6519
6519
6519
6519
6519
6519
6519
6519
6519
6519
6519
6519
6519
6519
6519
6519
6519
6519
6519
6519
6519
6519
6519
6519
6519
6519
6519
6519
6519
6519
6519
6519
6519
6519
6519
6519
6519
6519
6519
6519
6519
6519
6519
6519
6519
6519
6519
6519
6519
6519
6519
6519
6519
6519
6519
6519
6519
6519
6519
6519
6519
6519
6519
6519
6519
6519
6519
6519
6519
6519
6519
6519
6519
6519
6519
6519
6519
6519
6519
6519
6519
6519
6519
6519
6519
6519
6519
6519
6519
6519
6519
6519
6519
6519
6519
6519
6519
6519
6519
6519
6519
6519
6519
6519
6519
6519
6519
6519
6519
6519
6519
6519
6519
6519
6519
6519
6519
6519
6519
6519
6519
6519
6519
6520
6520
6520
6520
6520
6520
6520
6520
6520
6520
6520
6520
6520
6520
6520
6520
6520
6520
6520
6520
6520
6520
6520
6520
6520
6520
6520
6520
6519
6519
6519
6520
6520
6520
6520
6520
6520
6520
6520
6520
6520
6520
6520
6520
6520
6520
6520
6520
6520
6520
6520
6520
6520
6520
6520
6520
6520
6520
6520
6520
6520
6520
6520
6520
6520
6520
6520
6520
6520
6519
6519
6519
6519
6519
6519
6519
6519
6519
6519
6519
6519
6519
6519
6519
6519
6519
6519
6519
6519
6519
6519
6519
6519
6519
6519
6519
6519
6519
6519
6519
6519
6520
6520
6520
6520
6520
6520
6519
6519
6519
6519
6519
6519
6520
6520
6520
6520
6520
6520
6520
6520
6520
6520
6520
6520
6520
6520
6520
6520
6520
6520
6520
6520
6520
6520
6520
6520
6520
6520
6520
6520
6520
6520
6520
6519
6519
6519
6519
6519
6519
6519
6519
6519
6519
6520
6520
6520
6520
6520
6520
6520
6520
6520
6520
6520
6520
6520
6520
6520
6520
6520
6520
6520
6520
6520
6520
6520
6520
6520
6520
6520
6520
6504
6504
6504
6504
6504
6504
6504
6504
6504
6504
6504
6504
6504
6503
6503
6504
6504
6504
6504
6504
6504
6504
6503
6503
6503
6503
6503
6503
6503
6519
6519
6519
6519
6519
6519
6519
6520
6520
6520
6519
6519
6519
6519
6519
6519
6519
6519
6519
6519
6519
6519
6519
6520
6520
6520
6520
6519
6519
6519
6519
6519
6519
6519
6519
6519
6519
6519
6519
6519
6520
6520
6520
6520
6520
6520
6520
6520
6520
6520
6520
6520
6520
6520
6519
6519
6519
6519
6520
6520
6520
6520
6520
6520
6520
6520
6519
6519
6519
6519
6519
6520
6520
6520
6520
6520
6520
6520
6520
6520
6520
6520
6520
6519
6519
6520
6520
6520
6520
6520
6519
6519
6519
6519
6519
6519
6519
6519
6519
6519
6519
6519
6519
6519
6519
6519
6519
6519
6519
6519
6519
6519
6519
6519
6519
6519
6519
6519
6519
6519
6519
6519
6519
6519
6519
6519
6520
6520
6520
6520
6520
6520
6520
6520
6520
6520
6520
6520
6519
6519
6519
6519
6519
6519
6519
6519
6519
6519
6519
6519
6519
6519
6519
6519
6519
6519
6519
6519
6519
6519
6519
6519
6519
6519
6519
6519
6519
6519
6520
6519
6519
6519
6519
6519
6519
6519
6519
6519
6519
6519
6520
6520
6520
6520
6520
6519
6519
6519
6519
6519
6519
6519
6519
6519
6519
6519
6519
6519
6519
6519
6520
6520
6520
6519
6519
6519
6519
6519
6519
6519
6519
6519
6519
6519
6519
6519
6519
6519
6519
6519
6519
6519
6519
6519
6519
6519
6519
6519
6519
6519
6520
6520
6520
6520
6520
6520
6520
6520
6520
6519
6520
6520
6520
6520
6520
6520
6520
6520
6520
6520
6519
6519
6519
6520
6520
6520
6520
6520
6520
6520
6520
6520
6520
6520
6504
6504
6504
6504
6504
6504
6504
6504
6520
6520
6520
6520
6520
6520
6520
6520
6520
6520
6520
6520
6519
6519
6519
6519
6519
6519
6519
6519
6519
6519
6519
6519
6519
6519
6519
6519
6519
6519
6519
6519
6519
6519
6519
6519
6519
6519
6519
6519
6519
6519
6519
6519
6519
6519
6519
6519
6519
6519
6519
6519
6520
6520
6520
6520
6520
6520
6520
6520
6520
6520
6520
6520
6520
6520
6520
6520
6520
6520
6520
6520
6520
6520
6520
6520
6519
6519
6519
6519
6519
6519
6519
6519
6519
6519
6519
6519
6519
6519
6519
6519
6519
6519
6520
6520
6520
6520
6520
6520
6520
6520
6520
6520
6520
6520
6520
6520
6520
6520
6520
6520
6520
6520
6519
6519
6519
6519
6519
6519
6519
6519
6519
6519
6519
6519
6519
6520
6520
6520
6520
6520
6520
6520
6520
6520
6520
6520
6520
6520
6519
6519
6519
6519
6519
6519
6519
6519
6519
6519
6519
6519
6519
6519
6519
6519
6519
6519
6519
6519
6519
6519
6519
6520
6520
6519
6519
6519
6519
6519
6519
6519
6519
6519
6519
6519
6519
6519
6519
6519
6519
6520
6519
6519
6519
6519
6519
6519
6519
6519
6519
6519
6519
6519
6519
6519
6519
6519
6519
6519
6519
6519
6519
6519
6519
6519
6519
6519
6519
6519
6519
6519
6519
6519
6520
6520
6520
6520
6520
6520
6520
6520
6520
6520
6520
6520
6520
6520
6520
6520
6520
6520
6520
6520
6520
6520
6520
6520
6520
6520
6519
6519
6519
6519
6519
6519
6519
6519
6519
6519
6520
6520
6520
6519
6519
6520
6520
6520
6520
6520
6520
6520
6520
6520
6520
6520
6520
6520
6520
6520
6520
6520
6519
6519
6520
6520
6520
6520
6520
6520
6520
6520
6520
6520
6520
6520
6520
6520
6520
6520
6520
6520
6520
6520
6519
6519
6519
6519
6519
6520
6520
6520
6520
6520
6520
6520
6520
6520
6520
6520
6520
6520
6520
6520
6520
6520
6520
6520
6520
6519
6519
6519
6519
6519
6519
6519
6519
6519
6519
6519
6519
6519
6519
6519
6520
6520
6520
6520
6520
6520
6520
6520
6520
6520
6520
6520
6520
6520
6520
6520
6520
6520
6520
6520
6520
6520
6520
6520
6520
6520
6520
6520
6520
6520
6520
6520
6520
6520
6520
6520
6520
6520
6520
6520
6520
6519
6519
6519
6519
6519
6519
6519
6519
6519
6519
6520
6520
6520
6520
6520
6520
6520
6520
6520
6520
6520
6520
6519
6520
6520
6520
6520
6520
6519
6519
6519
6519
6519
6519
6520
6520
6520
6520
6520
6520
6520
6520
6520
6520
6520
6520
6520
6520
6520
6520
6520
6520
6520
6520
6520
6520
6520
6520
6520
6520
6520
6520
6520
6520
6520
6520
6520
6520
6520
6520
6520
6519
6519
6520
6520
6520
6520
6520
6520
6520
6520
6520
6520
6520
6520
6520
6519
6519
6519
6519
6519
6519
6519
6519
6519
6519
6520
6520
6520
6520
6520
6520
6520
6520
6520
6520
6520
6519
6519
6519
6519
6519
6519
6519
6519
6519
6519
6519
6519
6519
6519
6519
6519
6519
6519
6519
6519
6519
6519
6519
6519
6519
6519
6519
6519
6519
6519
6519
6519
6519
6519
6519
6519
6519
6519
6520
6520
6519
6519
6519
6519
6519
6520
6520
6519
6519
6519
6519
6519
6519
6519
6520
6520
6520
6520
6519
6519
6519
6519
6519
6519
6519
6519
6519
6519
6519
6519
6519
6519
6519
6519
6519
6519
6519
6519
6519
6519
6519
6519
6519
6519
6519
6519
6519
6519
6519
6519
6519
6519
6519
6519
6519
6519
6519
6519
6519
6519
6519
6519
6519
6519
6519
6520
6520
6520
6520
6520
6520
6520
6520
6520
6520
6520
6520
6520
6520
6520
6520
6520
6520
6520
6520
6520
6520
6520
6520
6520
6520
6520
6520
6520
6520
6520
6520
6520
6520
6520
6520
6520
6520
6520
6520
6520
6520
6520
6520
6520
6520
6520
6520
6520
6520
6520
6520
6520
6520
6520
6520
6520
6520
6520
6520
6520
6520
6520
6520
6520
6520
6520
6520
6520
6520
6520
6520
6520
6520
6520
6520
6520
6520
6520
6520
6520
6520
6520
6520
6520
6520
6520
6520
6520
6519
6519
6519
6519
6519
6519
6519
6519
6519
6519
6519
6519
6519
6519
6519
6519
6519
6519
6519
6519
6519
6519
6519
6519
6519
6519
6519
6519
6519
6519
6519
6519
6519
6519
6519
6519
6519
6519
6519
6519
6519
6519
6519
6519
6519
6519
6519
6519
6519
6519
6519
6519
6519
6519
6519
6519
6519
6519
6520
6520
6520
6520
6519
6519
6519
6519
6519
6519
6519
6519
6520
6520
6520
6520
6520
6520
6520
6520
6520
6520
6520
6520
6520
6520
6520
6520
6520
6520
6519
6519
6519
6519
6519
6519
6519
6519
6519
6519
6519
6519
6519
6519
6519
6519
6519
6519
6519
6519
6519
6519
6519
6519
6519
6519
6519
6519
6519
6519
6519
6519
6519
6519
6519
6519
6519
6519
6519
6519
6520
6520
6520
6519
6519
6519
6519
6519
6519
6519
6519
6519
6519
6519
6519
6519
6519
6519
6519
6519
6519
6519
6519
6519
6519
6519
6519
6519
6519
6519
6519
6519
6519
6519
6519
6519
6519
6520
6520
6520
6520
6520
6520
6520
6520
6520
6520
6520
6520
6520
6520
6520
6520
6520
6520
6520
6520
6520
6520
6520
6520
6520
6520
6520
6520
6520
6520
6520
6520
6520
6520
6519
6519
6519
6519
6519
6519
6519
6519
6519
6519
6519
6519
6519
6519
6519
6519
6519
6519
6519
6519
6519
6519
6519
6519
6519
6519
6519
6519
6519
6519
6519
6519
6519
6519
6520
6520
6520
6520
6520
6520
6520
6520
6520
6520
6520
6520
6520
6520
6520
6520
6520
6520
6520
6520
6520
6520
6520
6520
6520
6520
6520
6520
6520
6520
6520
6520
6520
6520
6520
6520
6520
6520
6520
6520
6520
6520
6520
6520
6520
6520
6520
6520
6520
6520
6520
6520
6520
6520
6520
6520
6520
6520
6520
6520
6520
6520
6520
6520
6520
6520
6520
6520
6520
6520
6520
6520
6520
6520
6520
6520
6520
6520
6520
6520
6520
6520
6520
6520
6520
6520
6520
6520
6520
6520
6520
6520
6520
6520
6520
6520
6520
6520
6520
6519
6519
6519
6519
6519
6519
6519
6519
6519
6519
6519
6519
6519
6519
6519
6520
6520
6520
6520
6520
6520
6520
6520
6520
6520
6520
6520
6520
6520
6520
6520
6520
6520
6520
6520
6520
6520
6520
6520
6520
6520
6520
6520
6520
6520
6520
6520
6520
6520
6520
6520
6520
6520
6520
6520
6520
6520
6520
6519
6519
6519
6519
6519
6519
6519
6519
6519
6519
6519
6519
6519
6519
6519
6519
6519
6519
6519
6520
6520
6520
6520
6520
6520
6520
6520
6520
6520
6520
6520
6520
6520
6520
6520
6520
6520
6520
6520
6520
6520
6520
6520
6520
6520
6520
6520
6520
6520
6520
6520
6520
6520
6520
6520
6520
6520
6520
6520
6520
6520
6520
6520
6520
6520
6520
6520
6520
6520
6520
6520
6520
6520
6520
6520
6520
6520
6520
6520
6520
6520
6520
6520
6520
6520
6520
6520
6520
6520
6520
6520
6520
6519
6520
6520
6520
6519
6519
6519
6519
6519
6519
6520
6520
6520
6520
6520
6520
6520
6520
6520
6520
6520
6520
6520
6520
6520
6520
6520
6520
6520
6520
6520
6520
6520
6520
6520
6520
6520
6520
6520
6520
6520
6520
6520
6520
6520
6520
6520
6520
6520
6520
6520
6520
6520
6520
6520
6520
6520
6520
6520
6520
6520
6520
6520
6520
6520
6520
6520
6520
6520
6520
6520
6520
6520
6520
6520
6520
6520
6520
6520
6520
6520
6520
6520
6520
6520
6520
6520
6520
6520
6520
6520
6520
6519
6519
6519
6519
6519
6519
6519
6519
6519
6519
6519
6519
6519
6519
6519
6519
6519
6519
6519
6519
6519
6519
6519
6519
6519
6519
6519
6519
6519
6519
6519
6519
6519
6519
6519
6519
6519
6519
6519
6519
6519
6519
6519
6519
6520
6520
6520
6520
6520
6520
6520
6520
6520
6520
6520
6520
6520
6520
6520
6520
6520
6520
6520
6520
6520
6520
6520
6520
6520
6520
6520
6520
6520
6520
6520
6520
6520
6520
6520
6520
6520
6520
6520
6520
6520
6520
6520
6520
6520
6520
6520
6520
6520
6520
6520
6520
6520
6520
6520
6520
6520
6520
6520
6520
6520
6520
6520
6520
6520
6520
6520
6520
6520
6520
6520
6520
6520
6520
6520
6520
6520
6520
6520
6520
6520
6520
6520
6520
6520
6520
6520
6520
6520
6520
6520
6520
6520
6520
6520
6520
6520
6520
6520
6520
6520
6520
6520
6520
6520
6520
6520
6520
6520
6520
6520
6520
6520
6520
6519
6519
6519
6519
6519
6519
6519
6519
6519
6519
6519
6519
6519
6519
6519
6519
6519
6519
6519
6519
6519
6519
6519
6519
6519
6520
6520
6520
6520
6520
6520
6520
6520
6520
6520
6520
6520
6520
6520
6520
6520
6520
6520
6520
6520
6520
6520
6520
6520
6520
6520
6520
6520
6520
6520
6520
6520
6520
6520
6520
6520
6520
6520
6520
6520
6520
6520
6520
6520
6520
6520
6520
6520
6520
6520
6520
6520
6520
6520
6520
6519
6519
6519
6519
6519
6519
6519
6519
6519
6519
6519
6519
6519
6519
6519
6519
6519
6519
6519
6519
6520
6520
6520
6520
6520
6520
6520
6520
6520
6520
6520
6520
6520
6520
6520
6520
6520
6520
6520
6520
6520
6520
6520
6520
6520
6520
6520
6520
6520
6520
6520
6520
6520
6520
6520
6520
6520
6520
6520
6520
6520
6520
6520
6520
6520
6520
6520
6520
6520
6520
6520
6520
6520
6520
6520
6520
6520
6520
6520
6520
6520
6520
6519
6520
6520
6520
6520
6520
6520
6520
6520
6520
6520
6520
6520
6520
6520
6520
6520
6520
6520
6520
6520
6520
6520
6520
6520
6520
6520
6520
6520
6520
6520
6520
6520
6520
6520
6520
6520
6520
6520
6520
6520
6520
6520
6520
6520
6520
6520
6520
6520
6520
6520
6520
6520
6520
6520
6520
6520
6520
6520
6520
6520
6520
6520
6520
6520
6520
6520
6520
6520
6520
6520
6520
6520
6520
6520
6520
6520
6520
6520
6520
6520
6520
6520
6520
6520
6520
6520
6520
6520
6520
6520
6520
6520
6520
6520
6520
6520
6520
6520
6520
6520
6520
6520
6520
6520
6520
6520
6520
6520
6520
6520
6520
6520
6520
6520
6520
6519
6519
6519
6519
6519
6519
6519
6519
6519
6519
6519
6519
6519
6519
6519
6519
6520
6520
6520
6520
6520
6520
6520
6520
6520
6519
6519
6519
6519
6519
6519
6519
6519
6519
6519
6519
6519
6519
6519
6519
6519
6519
6519
6519
6519
6519
6519
6519
6519
6519
6519
6519
6519
6520
6520
6520
6520
6520
6519
6519
6520
6520
6520
6520
6520
6520
6520
6520
6520
6520
6520
6520
6520
6520
6520
6520
6520
6520
6520
6520
6520
6520
6520
6520
6520
6520
6520
6520
6520
6520
6520
6520
6520
6520
6520
6520
6520
6520
6520
6520
6520
6520
6520
6520
6520
6520
6520
6520
6520
6520
6520
6520
6520
6520
6520
6520
6520
6520
6520
6520
6520
6520
6520
6520
6520
6520
6520
6520
6520
6520
6520
6520
6520
6520
6520
6520
6520
6520
6520
6520
6520
6520
6520
6520
6520
6520
6520
6520
6520
6520
6520
6520
6520
6520
6520
6520
6520
6520
6520
6520
6520
6520
6520
6520
6520
6520
6520
6520
6520
6520
6520
6520
6520
6520
6520
6520
6520
6520
6520
6520
6520
6520
6520
6520
6520
6520
6520
6520
6520
6520
6520
6520
6520
6520
6520
6520
6520
6520
6520
6520
6520
6520
6520
6520
6520
6520
6520
6520
6520
6520
6520
6520
6520
6520
6520
6520
6520
6520
6520
6520
6520
6520
6520
6519
6519
6520
6520
6520
6520
6520
6520
6520
6520
6520
6520
6520
6520
6520
6520
6520
6520
6520
6520
6520
6520
6520
6520
6520
6520
6520
6520
6520
6520
6520
6520
6520
6520
6520
6520
6519
6519
6519
6519
6519
6519
6519
6519
6519
6519
6519
6519
6520
6520
6520
6520
6520
6520
6520
6520
6520
6520
6520
6520
6520
6520
6520
6520
6520
6520
6520
6520
6520
6520
6520
6520
6520
6520
6520
6520
6520
6520
6520
6520
6520
6520
6520
6520
6520
6520
6520
6520
6520
6520
6520
6520
6520
6520
6520
6520
6520
6520
6520
6520
6520
6520
6520
6520
6520
6520
6520
6520
6520
6520
6520
6520
6520
6520
6520
6520
6520
6520
6520
6520
6520
6520
6520
6520
6520
6520
6520
6520
6520
6520
6520
6520
6520
6520
6520
6520
6520
6520
6520
6520
6520
6520
6520
6520
6520
6520
6520
6520
6520
6520
6520
6520
6520
6520
6520
6520
6520
6520
6520
6520
6520
6519
6519
6519
6519
6519
6519
6519
6519
6519
6519
6519
6520
6520
6520
6520
6520
6520
6520
6520
6520
6520
6520
6520
6520
6520
6520
6520
6520
6520
6520
6520
6520
6520
6520
6520
6520
6520
6520
6520
6520
6520
6520
6520
6520
6520
6520
6520
6520
6520
6520
6520
6520
6520
6520
6520
6520
6520
6520
6520
6520
6520
6520
6520
6520
6520
6520
6520
6520
6520
6520
6520
6520
6520
6520
6520
6520
6520
6520
6520
6520
6520
6520
6520
6520
6520
6520
6520
6520
6520
6520
6520
6520
6520
6520
6520
6520
6520
6520
6520
6520
6520
6520
6520
6520
6520
6520
6520
6520
6520
6520
6520
6520
6520
6520
6520
6520
6520
6520
6520
6520
6520
6520
6520
6520
6520
6520
6520
6520
6520
6520
6520
6520
6520
6520
6520
6520
6520
6520
6520
6520
6520
6520
6520
6520
6520
6520
6520
6520
6520
6520
6520
6520
6520
6520
6520
6520
6520
6520
6520
6520
6520
6520
6520
6520
6520
6520
6520
6520
6520
6520
6520
6520
6520
6520
6520
6520
6520
6520
6520
6520
6520
6520
6520
6520
6520
6520
6520
6520
6520
6520
6520
6520
6520
6520
6520
6520
6520
6520
6520
6520
6520
6520
6520
6520
6520
6520
6520
6520
6520
6520
6520
6520
6520
6520
6520
6520
6520
6520
6520
6520
6520
6520
6520
6520
6520
6520
6520
6520
6520
6520
6520
6520
6520
6520
6520
6520
6520
6520
6520
6520
6520
6520
6520
6520
6520
6520
6520
6520
6520
6520
6520
6520
6520
6520
6520
6520
6520
6520
6520
6520
6520
6520
6520
6520
6520
6520
6520
6520
6520
6520
6520
6520
6520
6520
6520
6520
6520
6520
6520
6520
6520
6520
6520
6520
6520
6520
6520
6520
6520
6520
6520
6520
6520
6520
6520
6520
6520
6520
6520
6520
6520
6520
6520
6520
6520
6520
6520
6520
6520
6520
6520
6520
6520
6520
6520
6520
6520
6520
6520
6520
6520
6520
6520
6520
6520
6520
6520
6520
6520
