4500
4757
4389
4685
4753
4072
4079
4121
3778
3482
4163
4021
3428
3360
3953
3702
3844
4206
4502
4360
4768
4096
4464
4464
4085
3737
3695
3715
3034
2441
2184
2184
1816
2409
2777
2415
2408
2450
2425
2450
3122
2826
2154
2497
2565
2148
2148
2496
3168
3148
3168
2760
2760
3122
3418
3418
3137
2775
3026
3707
3411
3063
2995
3403
2731
3148
3128
3086
2669
2326
1958
2026
2388
2137
2137
2480
2828
3124
2781
2781
3038
3038
3058
3033
2737
2329
2625
2767
2747
3115
2858
3530
3388
3530
3234
3276
2604
2624
2604
2624
2262
2262
2519
3191
3534
3514
3795
4174
3831
3550
3482
3340
3298
3641
3641
3273
3681
3302
3327
3302
3583
3175
3426
3433
3729
4097
3816
3135
2463
2531
2188
2860
2564
2943
2943
3085
3366
3783
3641
2969
2994
3136
3178
3153
3153
2902
3310
3606
3857
3600
3349
3600
3192
3217
3579
3599
3599
3220
2924
2331
2627
2620
3292
3267
3860
4239
4197
3829
3412
3820
3752
3777
4034
4041
4458
4177
3926
3926
3784
3527
3110
3478
3453
3710
3752
3820
3563
4244
3896
3921
3240
3198
3541
3683
3676
3957
4374
3995
3995
4374
4232
4212
4463
4463
4212
4212
4212
4893
4935
4935
4893
4868
4868
4868
4275
3858
3450
2769
3117
3117
3259
2587
2594
3275
3868
3861
3903
3607
3259
3607
3239
2646
3054
3422
4015
4015
3873
3280
3422
3354
3011
3079
3079
2937
2869
3212
2531
2948
3205
3212
3884
4180
4205
4205
4273
4273
4415
4373
4966
4618
4618
4618
3946
4197
4197
3940
3872
3892
4149
3732
3800
3793
3431
3438
4119
3838
3542
3890
3297
2616
2208
2066
1723
1375
996
1668
1300
1581
1581
1513
1930
2338
1921
2217
1960
2553
2695
2553
2553
2145
2562
2281
2689
3037
2786
3154
3222
3197
3239
2646
2989
3270
3202
3195
2827
3078
3671
3390
3458
3458
3162
3541
3566
3315
3457
3415
3415
3347
2675
3037
2689
2940
3221
3478
3135
3203
2922
3594
3594
3186
2769
3186
3554
3554
3554
3554
4235
4531
4163
4021
4302
4302
4021
4028
3777
4058
3679
3679
4087
4229
3636
3340
3315
3566
3566
3945
4288
4288
4330
3913
3893
3514
3257
3250
3275
3282
2610
1929
1887
2144
2816
2809
2809
2528
1856
1856
1513
1856
1788
2469
2848
2890
3483
3232
3232
3232
3649
3669
3669
3669
3527
3534
3785
3743
3736
3319
2957
3253
3253
3395
2987
3268
2972
2972
3268
3248
3610
3978
3978
3721
3696
3716
3716
3123
3123
2872
3123
2744
2786
2105
1854
1558
1937
1937
1962
2555
2274
2555
2176
2427
2285
1923
2180
1587
1306
1899
2580
2876
2283
2290
2290
2290
1994
2062
2042
1699
2078
2098
2098
2691
2312
2061
2312
2674
2632
2774
3055
3030
2888
3305
3447
3743
3062
2805
2388
3060
2764
3112
3369
3712
3040
2898
2550
2929
2929
2648
2790
3071
3488
3488
3145
3553
4234
3553
4234
3872
3914
3846
3595
3575
3294
3637
3637
3705
3705
3663
3944
3802
3827
3802
3802
3795
3837
3837
3979
4327
3948
4244
3836
3579
3830
4502
4460
4868
4275
3979
3562
3941
3593
3618
3966
4262
4855
4574
4991
4991
4991
4991
5272
5634
5891
5548
5297
4929
4257
4264
3983
4025
4697
5040
4368
4072
4092
4085
4060
3717
4085
3668
3306
2927
2859
2884
3263
3514
3166
3166
3514
2921
3217
3889
3481
3889
4306
4164
3756
3731
3738
3738
3487
3629
3487
3512
3654
2982
2725
2357
2350
2943
2801
2208
2208
2551
2808
3170
3763
3401
3401
3763
3384
3763
3384
3635
3635
3593
3245
2564
2571
2571
2314
1897
1897
1965
2333
2590
2339
2590
2732
3404
3404
3061
2810
2742
3423
3802
3782
3486
2814
3162
2905
2763
3014
2763
3435
3843
4094
4351
4344
3996
4064
4206
3534
3172
3104
2511
2518
2866
2487
2462
2482
2825
3418
3797
3655
4072
3724
3307
3724
3792
3785
3765
3514
3257
2576
2601
2621
2872
2493
2500
2781
2373
2735
2667
2735
3143
3123
3165
3158
2796
2428
2790
2447
2379
2379
3051
3058
3426
3426
2754
2503
2882
2950
2588
3260
2588
2931
3227
2819
3076
3438
3370
3074
3074
2817
2817
2474
2057
2308
2604
2308
2057
2125
2473
3154
3086
3228
3228
3086
2738
2057
1695
1952
1927
1548
1896
1889
1521
1929
1936
1894
1894
1936
2232
2904
2904
2904
3283
3626
3218
3218
3626
3626
3877
4239
3860
3498
3915
4294
4656
5024
4431
4456
4094
3726
4094
4094
4775
4407
4365
4069
4044
4112
4137
4112
4480
4505
4547
4843
4843
4171
4764
4764
4739
4371
3690
4371
4371
4733
4052
3644
4012
3669
3321
4002
3623
3643
3643
3668
3626
3558
3626
3619
3026
3369
3511
4104
4084
3716
3716
4095
3752
3501
3205
3137
3545
3796
4144
3736
3485
2892
2892
2530
2892
3143
2892
2544
2127
2378
2236
2579
2996
3404
4076
4218
4218
4566
4223
4230
4598
4219
4194
3826
3409
3434
2762
2511
2149
2142
1861
1453
2046
2454
2833
2901
3318
2910
2317
2613
2613
2894
3487
3738
3321
3993
3697
4040
4047
4022
4047
4089
4021
4021
4014
4021
4317
4679
4679
4672
5080
4399
4357
3978
3635
3978
3630
3605
3973
4352
3944
3663
4080
3712
3719
4000
4681
4723
4427
4176
4134
4385
4104
4129
3878
3878
3285
3285
3285
3353
3701
4109
4102
3430
3430
3681
3977
3629
3649
3232
3513
3520
3520
3158
3830
4423
4403
4751
4455
4751
4500
4358
4500
4500
4243
3895
4152
4127
3534
3238
2981
3398
3760
4108
3700
3283
3276
3283
3283
3579
3947
3666
3659
3679
3704
3032
3283
3215
3190
2894
2962
2281
2538
3219
3636
3636
3257
3929
3929
3929
4210
4210
4217
3536
3255
3004
2636
2494
2487
2738
3019
3427
3469
3848
3873
4169
3821
3459
4052
4194
4562
3969
3944
3693
4286
3918
3943
3350
3712
3644
3992
3696
3317
3275
3343
3000
2932
2790
2765
2772
2491
2491
2484
2852
2484
2827
2834
2472
2540
2908
2888
3030
3623
4002
4027
3885
3905
4156
4088
4230
4272
4247
4609
4890
4848
4567
4310
4352
4345
4602
4602
4259
3880
3629
3697
3722
3973
3973
4316
3908
3546
4227
3884
3884
3516
3496
2815
2467
1795
2091
2111
2111
2392
2399
2257
1961
1368
1510
1510
1806
1806
2399
2357
2289
1872
1591
1934
1591
1659
1517
924
924
1267
1199
1792
1772
1765
1907
1765
1807
1814
2162
2570
2932
2907
3588
3337
3295
2933
3184
3465
3844
3886
3906
4048
3640
3047
3047
3005
3373
3441
3858
3441
3483
3845
4438
4855
4855
4848
4855
4713
4855
4813
4793
4793
5465
5122
4760
4760
4618
4250
4392
4760
4479
4760
4079
4422
4422
4422
4422
4079
4422
3829
3829
3854
3603
3596
3596
3339
3339
3381
2964
2964
3221
2964
3372
3965
3972
3965
3622
3214
3234
3214
2621
3029
3286
2878
2621
3038
2757
3008
2940
2572
2940
3533
3391
3012
3374
3394
4075
3394
3374
4055
3383
3726
3983
4051
4459
4740
4740
4323
4323
4343
3935
3639
3046
2365
2297
2676
2419
2426
2843
2801
2433
2152
2194
2169
1752
1820
2413
1820
1820
1820
2413
2070
2438
3119
2740
2882
3290
2922
3179
3179
3179
2586
2579
2579
2437
2579
2537
2395
2395
2395
2395
2395
2738
2780
2523
2940
3612
2931
3073
3053
3432
3053
2645
2297
2304
2897
2917
2500
2500
2525
3206
3574
3567
3542
3522
3547
3547
3296
2928
3296
3592
3224
3481
3889
3896
3303
2895
3243
3236
3644
3651
3932
3651
4030
4311
3639
4232
4232
4232
4232
3551
3571
3571
3314
3289
2993
3665
3322
3573
2980
3348
3000
3593
2921
3178
3203
2841
2841
2821
2796
2545
2888
3236
3908
3560
3553
3560
3418
3766
3766
3485
3228
3221
3179
3186
2843
2985
3666
3686
3666
3287
2939
3235
3260
3302
2709
2341
2199
2561
2929
3180
3523
3780
4159
4179
3883
3211
3143
3211
3507
3788
3746
4163
4163
4156
4136
4136
3885
3628
3285
3542
4214
4221
4564
4912
5505
5525
4932
4553
4257
4000
4000
3980
3980
4122
3841
4434
4427
4079
4086
4367
4387
4019
3994
3987
4366
4714
4335
4335
4586
4518
4775
4367
4024
3676
3425
3008
3050
3467
3810
4061
4061
3780
3738
4019
4019
3999
3718
4126
4407
4126
3454
2773
2516
2864
2456
2835
2456
2456
2456
2094
2390
2248
2255
2623
2985
3364
3384
3665
3690
3690
3311
3992
3741
3393
3772
4120
3839
4247
4247
4498
4540
4540
4821
4442
4442
4442
4191
3783
3421
3396
3376
3633
3995
4403
3995
3995
4020
4020
3677
3670
4342
4046
4021
3604
3629
3636
3268
3676
3744
4112
3831
3574
3825
3417
3410
3691
3698
3673
4016
3423
3423
3172
3551
3208
2527
2552
2803
2778
3371
3779
3772
3491
3123
2744
2493
1900
2157
2182
2550
2831
2806
3102
3102
2740
2740
2444
2861
2886
2886
3265
2886
2518
2476
2059
2427
3020
3399
3399
3020
3020
2652
2652
2584
3265
2917
3279
3279
3647
3366
3709
3851
3826
4243
4494
4077
4102
4077
4077
4425
4804
4211
4507
4924
4782
4414
3733
3354
3635
3384
3041
3041
3041
3041
2760
2088
2113
2088
2130
2130
2088
2760
2760
3353
3721
3353
3421
3421
3702
3109
3151
3109
2813
3064
3106
2825
2417
2760
2509
2917
2942
3321
3064
3064
2656
2239
2214
2510
2510
2535
2952
2910
2562
2266
2547
2554
3235
3377
3725
3044
2701
2721
2342
2342
1925
2221
2263
2642
2574
2195
2612
2250
2225
2818
2776
2801
2801
3169
2752
3169
3169
3169
2576
2551
2930
2634
2977
2629
2886
2954
2979
2979
3660
3403
3403
3660
2988
2988
3239
3214
3622
3602
3534
3527
3552
3173
3173
3173
3241
3173
2916
2774
2357
1949
1949
1606
2023
2023
2023
1772
1779
2036
2384
2763
3014
3056
2677
3056
2805
3101
2420
2828
3171
3164
2756
2756
2898
2898
2550
2133
2805
2825
2482
2440
2857
2600
2575
2600
2668
3349
3942
3525
3525
3942
4193
4235
3867
3274
3642
3361
3110
3453
3311
3311
3286
3266
2970
3227
3820
4116
4123
4485
4106
4248
3576
2895
2527
2895
2599
2850
2870
2502
2850
2488
2513
2513
2513
2445
3117
3117
3798
3773
3731
3731
3724
4103
4399
4051
3909
4271
4313
4721
4701
4769
4789
4381
4361
3944
4361
4361
3944
4086
3790
3197
3204
3797
3797
4205
4230
4230
4578
4874
4281
4024
3645
3645
3503
3095
2423
2704
3083
3755
4172
4314
4722
4722
4426
4426
4078
3827
3820
3539
3514
3795
3378
3403
2995
2953
2953
3321
3296
3321
3572
3989
4397
4054
4647
4579
4437
4412
4454
4802
5098
5166
5124
4716
4973
5316
5323
5343
4981
4700
4443
4375
4124
4405
4430
4687
4687
4729
4871
4851
5259
5002
4659
4378
4398
3805
4398
4373
4630
4251
4251
4594
4001
3329
3072
2704
2562
2562
2843
3211
2863
2182
2140
1844
2206
2502
2502
2544
2136
2808
2527
2485
2142
2284
1916
2259
2852
3200
2852
2710
3391
3391
3759
4016
4158
3815
3558
3937
3344
3687
3755
3780
3755
4006
4263
3884
3877
3626
3558
3558
3906
3225
3250
3250
3843
3818
4099
4350
4208
3840
3882
3534
3514
3152
2901
3043
2371
3043
2700
2720
2700
3048
3391
3095
3095
3102
3127
3423
3398
3117
3798
4166
4166
4166
4191
4149
4149
4557
4189
3772
3515
3557
3974
4336
3993
4244
4219
4219
4500
4520
4158
3477
3226
3477
3060
3477
3226
2633
3226
3605
3605
3673
3673
3666
3673
3930
3930
3582
2989
2732
2590
2938
2918
3286
3629
3250
3208
3208
3459
3838
3542
3261
3261
3286
3218
3260
3622
3622
4215
4173
3830
3468
3468
3811
4068
4068
4068
3651
3671
4033
4026
4026
4322
4390
4390
3718
3422
3171
3452
4133
3765
3907
3545
3796
4468
4475
4407
4064
4057
4400
4119
3868
3868
3868
3843
4205
4501
4526
4526
4526
4269
4637
4617
4321
4341
4341
3973
3831
3452
3452
3733
3140
3208
3188
3445
3465
3844
3436
3436
3443
3851
3851
3503
3478
3471
3471
3092
2749
3166
3166
3166
3166
3514
3166
3098
3078
2406
2426
2426
2426
3019
2738
3081
3362
3730
4078
4078
3730
3137
3162
3755
3387
3455
3706
4074
3793
3773
3356
4028
4003
4145
3552
3552
3184
3191
3233
3826
3784
3784
3784
3716
4064
3383
3408
4089
4064
4064
4057
3385
2977
3002
2321
2700
3372
3414
3389
3389
3685
3705
3112
3520
3520
3500
4093
4374
5055
4759
4779
4431
4150
3771
4188
4469
3876
3883
3876
4224
3807
3787
4083
3826
3833
3833
3833
3833
4090
4110
4068
4048
4465
4323
4916
4958
4550
4550
4570
3889
3217
3359
3352
4024
4024
4392
4111
4519
4544
4612
4991
5672
5079
4736
4055
3638
3259
3217
3217
3596
4013
4356
4356
4398
4019
3347
2999
3671
4264
4264
4612
4470
4470
4174
4181
4862
4862
4611
4591
4872
4847
4847
4867
5118
4701
4701
4701
4681
4823
4415
4435
4092
4024
4441
4466
4466
4424
4417
4796
4203
3946
3529
3937
4354
4697
4697
4697
4677
4260
4009
3601
3576
3576
3618
3875
3496
3875
3875
3594
3601
4194
4611
4232
4483
4226
4226
4507
4532
3851
3489
3464
3183
3440
3465
3844
3427
3844
3476
3772
3179
3154
3435
3293
3012
2664
2321
2664
3012
3037
2689
2393
2014
2382
2357
2382
2730
3092
3085
3227
3185
2934
2591
2970
3038
3631
3214
3495
3495
3903
3761
3761
3781
3500
3500
3475
3475
3475
3407
3407
3432
3574
3549
3617
3868
3800
4096
4103
3852
4133
3837
3837
4088
4384
3976
4044
4387
4412
4050
4412
4044
4725
4725
4767
4699
4351
4209
3537
3280
2918
2893
2893
3035
3028
3390
3798
3798
3798
3798
3823
3142
2780
2187
2868
3230
3230
3205
3553
3970
3828
3853
3510
3517
3517
3266
2970
2963
3331
3582
3562
3562
3562
3569
3161
3161
3418
3560
3518
3926
3926
3669
3252
3110
3130
2768
2517
2149
2149
2445
2445
2813
2813
3485
3736
3064
3736
3055
2676
2308
2012
1731
1799
2392
2392
2392
2392
2809
2809
2741
3422
3464
3464
3464
3439
3507
3507
3507
3465
3507
3803
3507
3507
3788
3768
4130
4387
4529
4908
4227
3819
3538
3881
3881
3906
3906
4274
4570
4563
4195
4170
3498
3498
2905
2526
2526
2526
2484
2504
3097
3122
3803
3735
3439
4111
4392
4760
4343
4000
4000
4379
4098
4394
4252
3995
3995
3975
4383
3790
3442
3462
3604
3308
3656
3636
3979
3728
3366
2987
3580
3580
3837
3165
2817
2675
2926
3305
3305
3653
3653
3934
3677
3084
3084
3380
3797
3839
3981
3839
3431
3406
3406
3768
3775
3479
3136
3094
3351
2972
3040
3065
3085
2834
2827
3078
3457
2776
3369
3712
3461
4142
4438
4689
4096
3748
3386
3734
3477
3477
4149
4129
4537
4537
4469
4726
4733
4708
4708
5301
5044
5186
5548
5252
5277
4996
5038
4896
5177
4798
4798
4940
4898
5194
5214
5214
4852
4601
4669
4669
5031
4623
5002
5259
5259
5117
4774
4493
4486
4461
4082
4333
4265
4333
4333
3740
3672
4265
4265
4245
4270
4277
3929
3633
3608
3608
3750
3069
3137
3480
3505
3884
3877
3284
3142
3184
3191
3191
3166
3462
3420
4101
3850
3870
3502
3502
3502
3245
3502
3495
4088
3831
4199
3820
3820
3752
3384
3384
3088
3088
2745
3026
3168
3168
3168
3148
3516
3516
3859
3859
3859
3859
3901
3908
3315
2947
3015
2598
2317
2734
3327
3327
3695
3653
4032
4380
4405
4813
4396
4416
4458
4096
4513
4145
4513
4764
5060
5060
5053
4636
4998
4619
4368
4343
4368
4368
4343
4343
4368
4649
4581
4173
4173
3580
3212
3212
3629
4008
4265
4265
4858
4515
4515
4258
4509
4852
4810
4817
5225
4882
4882
4474
4223
3875
3850
4198
4198
3526
3783
3421
2740
2598
2640
3048
3729
3722
3729
4097
4077
4420
4077
3698
4060
4202
4453
4478
4130
4198
3517
4198
4541
4541
4889
4847
4439
4071
4071
3478
4150
3469
3877
4470
4512
4255
4230
4230
3882
3465
3057
3436
3368
3072
3065
3072
2693
2651
2370
2412
2432
2390
2671
2664
3032
3449
3449
3706
4387
4367
4387
4044
4044
4044
4024
4320
4320
4024
4049
4428
4286
4035
4055
4055
4097
3718
3301
3281
3024
3166
3186
3166
3417
3437
3417
3417
3417
3437
3845
3173
3469
3427
3844
3702
3702
3702
3844
3548
2955
3023
2881
3229
3822
3474
3449
3087
2679
2686
2269
2686
2318
2250
2598
2598
2740
3036
3104
3036
2894
2887
2929
3601
3253
2572
2829
2787
2929
2929
2971
2996
2579
2554
2512
2519
2867
2892
3260
3603
3603
3671
3529
3529
3233
3914
3321
3914
3914
3846
3478
3840
3159
2908
2546
1874
1593
1661
1641
1641
1937
2354
2329
2354
2354
2354
2635
3014
3422
3673
3715
3336
3336
3329
3287
3307
3449
3817
4489
4851
4570
4577
4435
4092
4234
4915
4915
4957
4957
4661
4410
3993
3736
3064
3064
3315
2953
2928
2786
3203
3228
3509
3766
4128
3711
4383
4132
3875
4132
4132
3724
3866
4162
3905
3863
4206
3858
4275
4250
4501
4494
4494
4494
4474
4494
3901
3901
3926
4183
3815
4194
3913
4261
4261
3965
3965
3897
3904
3884
3877
3877
3877
3626
3877
4285
4292
3913
3771
3514
3514
3514
3556
3837
3156
3131
3427
3569
3948
3806
3806
4174
3502
3759
3752
3752
4424
4424
4062
3805
3462
3211
3218
2850
2850
3193
3335
3335
3193
3193
3218
3469
3427
3569
4250
3907
3765
4108
3812
3404
3997
3997
3746
3367
3409
3477
2884
3135
3514
4107
4475
4224
4244
3865
3797
4205
4462
4437
4799
4867
5246
4574
4293
4965
4990
4622
4260
4260
4260
3852
4214
4582
4990
4622
4615
4615
4207
3950
3882
4139
4097
4072
3710
4006
4287
4429
4133
4201
4243
4539
4539
4282
4690
4715
4122
4080
4060
4067
4067
4109
4041
3693
3012
3374
3631
3631
3624
3482
3103
3245
2949
2541
2541
2949
3630
3637
3495
3495
3488
3556
3299
3306
3264
3264
3264
3521
3104
3124
3541
2860
3541
3284
2922
3284
3284
3877
3205
3198
3178
3220
3588
3595
4267
3674
3331
3582
3582
3174
3174
3582
2910
3167
2799
2757
2732
3028
3396
3744
3676
3308
3308
2627
3308
3676
3328
3328
3676
4055
4197
3829
3572
3572
3640
3983
3621
3553
4225
4083
4103
3755
3474
2802
2423
2448
2796
3164
2821
2863
2843
3124
3467
4060
3779
3779
3779
3754
3458
4130
4426
4494
4487
3894
3546
3894
4273
4530
4151
3808
3391
2983
3391
3533
3553
3896
3896
3876
3533
3895
3638
3919
3238
3263
2855
2875
2855
2855
2855
2487
2445
2465
2507
3188
2892
3260
3260
3118
3118
3375
3671
4014
4156
4156
4163
3912
3616
3609
3860
4453
4453
4749
4498
4150
4498
4202
3921
3328
3286
3879
3622
3254
3505
3485
3485
2892
3149
3156
3198
3198
3479
3896
3828
3156
3156
3749
4045
4045
3628
3371
3739
3714
3463
3456
3713
3032
3032
3039
3032
3039
2446
2446
2471
2429
2404
2404
2472
2404
2655
3336
2974
3391
3110
3152
3152
2895
2552
2510
2510
2578
2571
2571
2571
3243
2947
2947
2879
3222
3222
2879
2879
2899
2648
3027
3034
3396
3739
3732
3739
4332
3964
3621
3242
3610
3468
3051
2689
2970
2970
2995
3403
3122
3501
3918
3570
3570
2898
2940
3191
3539
3539
3820
3820
3452
2859
2817
3113
3155
2738
3081
3081
3449
3101
3101
3101
2758
3106
3248
2880
2855
3272
3230
3573
4166
4166
4159
4166
4166
3870
3895
4567
4567
4567
4425
4405
4124
3443
3436
3093
3093
3455
3823
3830
3830
3422
3564
3972
4253
4273
4273
4253
4253
3905
4248
4248
4223
3806
4063
4480
5161
4910
5258
4977
4835
4860
5111
4439
4459
4439
4077
4077
4052
3709
3851
3503
3503
3252
3110
3178
3459
3484
3526
3526
3526
3526
3501
3122
2714
3057
3015
2947
2947
2354
2374
2736
2716
2035
2035
2035
2331
2399
2331
2074
2067
2087
2768
3361
3341
3720
3720
3352
3352
3056
3728
3728
3870
3870
4218
3856
3856
4218
3870
3870
3870
3870
3870
3870
3890
3890
3932
4000
3638
4000
3958
3938
3980
3299
3595
4003
3722
4403
3810
3668
3693
3397
3404
3997
3997
4248
4616
4273
3865
4146
4146
4139
3722
4130
3849
4266
4241
4498
4523
4543
3862
3500
3781
3530
3878
3853
4149
4400
4380
4001
3584
3946
4363
4370
4370
4022
4022
4022
3350
3350
3375
3350
3350
3375
3375
4056
4198
3947
3585
3168
3126
3119
3119
3126
2445
3117
3798
4049
3768
3761
3736
3368
3649
4011
4428
4453
4495
4495
4427
4065
4040
4419
4439
4297
4640
4640
4640
4389
4737
5099
4756
4408
4751
4343
4343
4343
4368
4736
4055
4463
4714
4121
4714
4306
4374
4354
4354
4011
3632
3774
4455
4093
4093
4093
4436
4844
4819
4839
4697
4016
4395
4757
4476
5157
5137
5279
5304
5324
5067
4816
4144
4401
4033
4033
3991
4272
4247
3904
3542
3285
3265
3937
3937
4285
4217
4217
4217
4217
4285
4305
4024
4049
4049
4029
4029
4029
4029
4029
4029
3681
4029
4071
4078
3661
4023
4280
4023
3981
4398
4649
4301
4343
3750
4031
4031
3669
3373
3348
3696
3953
3811
3139
3732
3475
3843
3843
3843
3985
3985
3704
3704
4376
3997
3589
3589
3870
4166
3798
3798
3798
4160
4503
3910
3629
3629
3267
3267
2595
2957
2950
3207
3879
3879
3583
3879
4160
4160
3817
4225
4083
4225
4183
4776
4776
4776
4359
4727
4747
4466
4118
4535
4535
4883
4466
4466
4466
4104
4104
4385
4385
4764
4789
4769
4097
4097
3718
3718
3310
3285
3292
3292
3150
3493
3872
4289
4008
4008
3751
4159
3811
3560
3560
3841
3841
4098
3719
3970
3377
3081
3429
3429
3429
4022
3605
3901
4280
4280
4697
4697
4280
4029
4049
4074
4074
3666
3646
3298
3298
3646
3267
3646
3646
3621
3273
3945
3945
4362
4355
4355
4355
4497
4845
4428
3756
3475
4147
4555
4597
4959
4702
4406
4406
4406
4364
3683
3541
3798
4094
4094
4094
4136
3840
3472
3479
3479
3499
3524
3524
3456
3449
3192
3449
3730
3872
4289
4296
4296
4154
3746
4042
4022
3643
3663
3406
3474
3731
3369
3344
3595
3527
3270
3649
3607
3190
2939
2939
3620
3620
3613
3234
2953
3234
3376
3444
3424
3681
4089
4451
4702
4406
4058
4100
4100
4468
4468
4885
4468
4493
4910
4317
4317
4292
3924
3924
3782
3374
3117
2436
2784
3152
3745
3464
3213
3238
3617
4298
4298
4298
4298
4440
4298
4305
3957
3957
4214
3957
4208
3829
3829
4125
4533
4237
4195
4574
4831
4824
4573
4505
4512
4532
4124
3745
3738
3718
3718
3718
3718
3718
3718
3718
3718
4066
4066
3649
3649
3649
3649
3649
3649
3649
4028
4279
4279
4279
4254
4279
4560
4567
4863
4838
4906
4610
4610
4610
4542
4562
4200
3832
3151
3832
3484
3852
4148
4128
3877
4294
4294
4294
4545
4613
4638
4780
4712
5120
4978
4727
4310
4672
5020
5020
5162
5182
4501
4359
5040
5040
5020
4348
4323
3730
3798
3502
4095
3752
3471
3063
3471
3496
3496
3471
3888
3888
3913
3913
3232
3575
3167
2574
3167
2910
3318
3575
3871
3871
3871
3864
4006
4013
3756
4437
4457
5129
4721
4373
3994
4373
4654
4647
4647
4898
4830
4830
4830
4487
4487
4487
4555
4555
4963
4667
4525
4505
4097
3680
3722
3343
2750
2708
2715
2347
2764
2764
2347
2755
2797
2797
2817
3196
2915
2890
3147
3289
3289
3882
4230
3979
3837
3489
3489
3110
3489
3489
3489
3857
3857
3600
3600
3896
4244
4269
4520
4224
4217
4175
4518
4660
4702
4340
3659
3659
3659
3659
4076
4076
4372
4230
4237
4230
4162
4169
4169
4169
4531
4531
4531
4280
3932
3925
3900
3900
3900
3907
3545
3177
3434
3715
4063
4063
4425
4418
4443
5124
5124
5192
4784
4784
4103
4103
4103
4078
4078
3699
4380
4380
4099
4099
4099
4380
4380
4032
3775
3755
3755
4134
4385
4343
4343
4363
4405
4405
4405
4026
3354
3733
3713
3713
4061
3699
3631
3638
4000
4000
3704
3724
3704
3846
3595
3595
3216
2868
3216
3512
4184
4184
4204
4272
4640
4640
4640
4620
4027
4027
4027
4406
4063
4063
3684
3709
3709
3028
3028
3048
3028
3028
3279
3536
3915
3915
3553
3257
3257
2585
2585
3178
3540
3192
3864
4272
4272
3855
3476
3772
3772
3772
4189
3908
3236
3236
3236
3917
3509
3529
3233
3191
2510
2490
2128
2424
2173
2105
2786
2779
2186
2437
2412
2437
2799
3147
2890
2897
2917
2500
2908
2888
3145
3817
4160
3817
4098
4098
3736
3711
3731
3731
4148
4128
4121
4483
4483
3802
3870
3453
3796
4175
3832
3874
3874
4467
4884
4633
4352
4284
4352
3990
3990
4671
4529
4529
4554
4258
3841
3848
3255
3255
3213
3494
3237
3237
3488
3488
3488
3745
4338
4087
3806
4149
4142
4074
4142
4393
4142
3763
3763
4142
4184
4184
3927
4208
3800
3942
3942
3949
3942
3800
3800
3942
3594
4002
4002
4253
4615
4911
4660
4667
4305
4325
4325
4183
4434
4434
4434
4366
4324
3956
3956
3949
4091
3419
3461
3082
3450
3707
3707
3411
3828
3460
3117
3413
3388
4060
3779
3371
3329
3187
3229
2557
2625
2625
2987
3366
4038
3676
3259
3266
3547
3505
3254
3616
3237
3616
3254
3254
3186
3211
2915
3057
3400
3762
4110
4110
4103
4110
4178
4220
4516
4933
4571
4275
4571
4822
4802
4660
4680
4680
4673
4256
4256
3975
4343
3662
3405
3062
3479
3454
3386
3411
3115
3257
2878
2461
2461
2461
2718
2046
2342
2759
2759
2717
2460
2467
2748
2723
2765
2484
2484
2067
2092
2092
1841
2513
2764
3181
2930
3181
3862
3190
3190
3190
3190
2773
2748
2606
2606
3014
3295
3295
3295
2614
2871
3214
3214
3282
3424
3282
3025
3018
3397
4078
3730
3688
3688
4036
4061
4203
3824
3231
3648
3648
3240
2959
3631
3631
3283
3564
3564
3972
3904
4497
4477
4196
4477
4477
3884
3516
3108
3365
3773
3773
4135
3727
3470
4063
4105
4112
4460
4098
4098
4355
4375
4375
4079
4072
4072
3479
3437
3437
3799
3799
3799
3799
3799
4207
4182
4182
4182
4182
4182
4182
4182
4250
3833
3840
3698
3994
3743
3785
4153
4153
4153
4153
3472
4153
4085
4085
4464
4464
4121
4372
4004
3753
3753
3753
3895
3533
3252
3252
3245
3588
3588
4181
4188
4046
4026
4443
3771
3475
3500
3493
3493
3561
4233
4233
4233
4529
4897
4897
4549
4569
4544
4136
3879
3837
3469
3476
3884
4026
3730
3772
3772
4134
3717
3717
4134
4066
4134
3462
3442
3790
3722
3722
3747
3815
3815
3673
4041
3698
3955
3948
3948
3948
3540
3547
3130
3105
3105
3098
3030
3311
3311
3562
3630
4047
4047
4072
3821
3963
4214
4214
4214
4172
4214
4622
4597
4597
4249
3841
3841
4137
4480
4229
4161
4833
4454
4454
4037
4057
4436
4436
4294
4436
4074
3817
3824
3481
3732
3732
3590
3339
3756
3756
3898
4155
4503
4496
4503
3910
3910
4161
4569
4569
4312
3895
4152
4514
4514
4582
5175
5518
5518
5518
5511
5518
5518
5150
5518
4925
4883
5476
5180
5173
4892
4917
4660
4252
4509
4917
4897
4529
4536
4832
4852
4852
5220
4841
5122
5539
5519
5519
5102
4806
4848
4597
4555
4530
3858
4154
4533
4784
4784
4716
4716
4716
4716
5133
5153
5195
4899
4491
4484
4780
4412
4033
3440
2759
2759
2759
3440
3819
3402
3402
3402
3151
3402
3402
3427
3835
4428
4085
4428
4066
4066
4066
4024
4392
4392
4754
4473
4222
4264
4264
4332
5004
4708
5004
5004
5004
4962
4705
4956
4956
4963
5244
5286
5286
5286
5286
4918
4850
4502
4477
4502
4502
4477
4181
4438
4418
3737
3737
3329
2967
3375
3792
3860
4222
4180
3929
3512
3532
3275
3275
2682
2707
2565
2558
2926
3177
2926
3222
3639
3646
3303
3296
3296
3547
3547
4228
4228
3860
3867
3867
3842
3842
4210
4210
4235
3856
3788
3380
3380
3788
3788
3763
3756
3736
3761
4109
4251
4109
4452
4452
5045
5113
5113
5133
4790
4790
4790
4790
4765
4765
4348
4000
4257
4000
4000
4142
4142
3461
3809
3809
3809
3809
4188
4188
3780
3712
4055
3712
4120
4801
4659
4251
3970
3970
4251
4276
3604
3672
3310
3285
3310
3059
3101
3463
3421
3073
3080
3222
3479
3479
3459
4131
4124
3867
3195
3452
3195
3612
3587
3935
4343
4343
5015
5057
5015
4947
4947
4947
4947
4568
4287
4287
4287
4287
4287
4544
4402
4427
4427
4806
4806
4874
4874
4526
4874
4874
4874
4506
4127
4169
4548
4690
4690
4311
4690
4342
4300
4320
4295
4638
4680
4680
4612
4612
4637
4705
4663
4663
5031
4735
4735
4356
4704
4704
4636
4932
4932
4932
4932
4932
4912
4912
4770
4770
4838
4245
4245
4387
4429
4429
4710
4029
4622
4279
4211
4169
4169
3801
3393
3393
3045
2903
2622
2990
3241
3216
3216
2854
2996
2996
3677
3719
3126
3469
3469
3494
3873
4221
3549
3549
3617
4025
3657
4025
4000
4020
4027
3619
4027
4027
4027
4027
4027
4027
4699
4699
4699
4724
4724
4724
4717
4717
4717
4697
4697
4289
4289
4147
4147
3779
3754
3375
3743
4024
4024
4617
4321
4321
4321
4321
4346
4346
4353
4353
4353
4715
4353
4373
4373
4092
3724
4005
3963
3620
3272
3252
3294
3642
4010
4003
4003
3635
3642
4010
4003
3410
3385
3764
3906
3764
3764
3764
3906
3906
3489
3232
3575
3983
3941
3961
3593
3889
3593
3961
3710
3568
3930
3568
3568
3825
4076
4076
3728
3753
3753
3895
3527
3527
3502
3221
3228
3160
3753
3753
3795
3795
3114
3476
3476
3133
3113
3113
2705
2773
3069
3477
3477
3820
4168
3911
3931
3911
4592
4592
4617
5034
5009
4941
5198
4790
5158
5566
5204
4532
4532
5204
4787
4787
4439
3767
3767
3792
3449
3517
3221
3502
3502
3522
3522
3939
3258
3238
3586
3218
2839
3218
3238
3213
3213
3213
2956
2936
2655
2513
2856
2856
2881
2881
2874
2874
3131
3812
3395
3537
3537
3189
2781
2781
2781
2530
2530
2898
2898
2830
2788
3069
3076
3493
3493
3744
3786
4134
4542
4542
4291
4284
4284
4003
4284
4003
3861
4003
4010
4078
4071
4352
4095
4391
4391
4391
4249
3968
3968
3900
3900
4157
3861
3861
4533
4533
4508
4870
5166
5166
5173
4805
4509
4805
4462
4487
4445
4513
4533
4533
4533
4533
4513
4134
4134
3772
4140
4160
4539
4882
4534
4534
4815
4790
4832
4415
4777
4184
3927
4178
4171
4171
4171
4171
4178
4595
4737
4737
4669
4669
4669
4669
5262
5262
4845
4870
5218
5635
5287
5355
4762
4762
4394
4394
4762
4762
4620
4600
3919
3894
3613
3613
3606
3606
3238
3495
3637
4005
4005
4025
4032
4313
3970
3970
4318
3646
3639
3571
3203
3271
3296
3968
4561
4561
4561
4310
4285
4653
4357
4608
4951
4603
4603
4535
4535
4535
4535
5216
5512
5255
5004
4587
4225
4083
4083
4090
4090
4452
4703
4661
4661
4661
4803
4803
4552
4803
4803
4210
4190
4210
4235
4235
3984
3964
4221
4241
4241
4241
4241
4589
3908
3901
3759
3766
4017
4017
3766
4447
4039
4081
3785
3423
3840
3908
4501
4863
4484
4459
4391
4799
4799
5050
4799
4542
4261
3899
4195
4195
4153
4178
3835
3835
3815
3835
3835
4197
4576
4833
4813
4955
5236
5236
5256
5114
5156
5499
5457
5176
5176
4808
4783
4808
5089
5089
4746
5089
5340
5340
5059
5201
5194
5562
5183
5464
5213
5592
5592
5592
5660
5364
5371
5090
5090
5386
5361
5361
5361
4982
4389
3708
3708
3340
3621
3601
3193
3601
3601
3969
4011
4011
4390
4415
4435
4435
5028
5008
5008
5008
5689
5709
5037
5037
5037
4995
4975
4968
4988
4395
4437
4437
4688
5281
5239
5171
5239
4943
4923
4943
4662
4642
4923
4930
4788
4763
4763
4805
4462
4805
4805
4524
4820
4778
5450
5492
5517
4845
4803
4803
4803
4552
4256
4928
4860
4860
4860
5002
5002
5253
5253
4891
4634
4492
4512
4654
4286
3878
3285
3327
3695
3688
3546
3546
4139
4281
4281
4281
4288
4288
3616
3248
3656
3514
3489
3489
3146
3146
3146
3442
2849
2849
3521
3889
4170
4163
4525
4525
4177
4245
4245
4593
4593
4593
4593
4185
4185
4593
4593
4593
4618
4210
4618
4618
4618
4618
4256
4188
4163
3482
3482
3489
3489
3489
3469
3537
3794
4137
4137
4279
3607
3565
3565
3565
3423
4016
4016
4036
3619
4036
4036
4398
4102
4082
4082
3801
3801
3801
3821
3821
3570
3563
3605
3226
3226
3184
3209
3490
3869
4120
4120
3863
3863
3515
3447
3447
4119
4119
4119
4119
4261
4303
3895
3963
3921
3578
3510
3510
3510
3767
3747
4428
4428
4049
4392
4135
4142
4142
4521
4929
4678
4720
4720
4720
4713
4041
4061
4061
3380
3380
3338
3634
3217
3224
3224
3224
3224
3082
2674
2674
2674
2306
2306
2563
2563
2563
2306
2987
3029
3437
3141
3489
3464
3464
3881
3839
3981
3573
3553
3546
3614
3982
3982
3914
3497
3497
3355
3606
3606
3606
3606
3748
3748
3748
3748
3816
3448
3448
3473
3769
3518
3560
3560
3560
3518
3518
3156
3156
3518
3775
3494
3501
3521
3938
3938
3938
3870
3938
3931
3973
3973
3716
3716
3997
3580
3587
3587
3580
3218
3635
3642
3642
3600
3600
3642
3617
3617
3575
3433
4105
4247
4609
4866
4798
4798
4823
4891
4529
4461
4204
4179
4179
4179
4247
4609
3937
3962
3962
3962
3962
3962
3962
3962
3619
3202
3545
3545
3802
4053
4046
4088
4505
4505
4363
4363
4112
4119
3862
3837
3817
3817
3817
3817
3817
4068
4068
4061
4733
4061
4203
4203
4203
4611
4611
4569
4569
4288
4313
4985
4843
4495
4776
5033
4654
4654
4292
4660
5022
5022
5022
5022
5022
5164
5543
5200
5200
4943
4943
4271
4614
4621
4259
4259
4259
3578
3926
3558
3920
3920
3920
3920
4592
4230
3882
3924
3545
3913
3845
3502
3570
3932
4280
4280
4238
3987
4668
3996
4253
4504
4479
4858
4790
4509
4101
4382
4382
4086
4494
4514
4507
4365
4003
4045
4045
4045
4407
4475
4194
4194
3937
3575
3871
3851
3434
3434
3441
3373
3373
3373
3373
3373
3654
3612
3637
3637
3637
3679
3311
3286
3958
4326
4688
4309
4688
4945
4903
4535
4555
4555
4304
4555
4298
4298
4298
4641
4621
4614
4871
4939
4871
4871
4871
4871
4463
4463
4101
3420
3420
3420
3041
3183
3600
3319
3361
3361
3018
2876
3018
2767
2767
3048
2752
2820
3188
3550
3575
3582
3582
3514
3765
4144
3863
3931
3931
3931
3931
4612
4893
4851
4489
4238
3821
4164
4184
4480
4480
4842
4474
4474
4217
4217
3921
3578
3558
3558
3600
4017
4385
4385
4243
4243
3962
3369
3001
3143
3400
3400
3358
3378
3358
3216
3216
3191
3191
3534
3534
3942
3984
4352
3671
2999
3024
2956
3637
3888
3863
4144
4144
4144
3863
3863
3931
3931
3863
3446
3588
3884
3884
3877
3626
3633
3633
3914
3552
3552
3914
3914
3914
4586
4586
4586
4238
3981
3981
3981
3613
3606
3954
4547
4505
4505
4126
3984
4363
4363
4363
4780
4780
4499
4151
4151
4151
4151
4151
4408
4029
4408
4408
4408
4408
4756
4756
4460
4460
4460
4460
4460
4460
4052
3635
3635
3635
2954
3235
3303
3303
2960
3102
2845
2703
2954
3371
3120
2703
2728
3136
3479
3521
3772
3704
3423
3423
3840
3840
3840
3840
3815
4096
3845
3865
3890
3890
3865
3865
3872
3872
4240
3959
3959
3917
3538
3170
3170
3170
3549
3170
2827
2827
3170
2762
3130
3172
3853
4104
4361
4018
4018
4018
4043
4043
4422
4380
4448
4448
4080
4012
4293
4335
4293
4293
3945
4087
3830
4126
3984
4352
3671
4019
4700
4700
4107
4364
4506
4506
4506
4255
4255
3583
3926
3564
4236
4236
4094
4094
4087
4087
4229
4229
4229
3933
3908
3915
4323
4619
4619
5212
5192
4824
4416
4409
4817
4859
4859
4859
4266
4291
4291
4291
4291
4659
4251
4209
4209
4571
4192
4212
3931
3931
3999
4592
4572
4155
4534
4534
4238
4238
4646
5063
4695
4316
4336
4079
4330
3987
4355
4734
4734
4776
4751
5094
5101
5126
5422
5422
4741
4373
3956
3956
4213
4213
4213
4193
4151
3855
3875
3875
3868
4164
3868
3868
3875
3855
4536
4578
4235
4603
4352
4633
4633
4929
4567
4310
4561
4419
3738
3738
3738
3880
3838
3831
3831
3831
3483
3483
4164
3913
3913
3913
3771
4114
4121
4121
3840
4097
4378
4371
4513
4371
4003
4003
4010
4052
4052
4469
4837
4795
4795
4452
4452
4800
4820
4962
4962
5305
5305
5305
5298
5298
5298
4890
4890
4890
4609
4890
4897
4518
4511
4511
4094
4094
3751
3758
4166
4098
3956
3949
3956
3956
3956
4318
4318
4311
4311
4379
4031
3350
3767
3510
3142
3510
3552
3809
3401
3401
3809
3767
3471
3814
3557
3195
2827
3084
3335
3714
4062
4069
4750
4750
4743
5105
5247
5105
4854
4511
4511
4807
4949
4653
4372
4623
4603
4603
4603
4255
4230
4230
3851
4147
4172
4515
4863
4863
5231
5231
5238
4870
4522
4564
4564
4557
4149
4497
4497
4497
4429
3757
3825
3757
3340
3719
3719
3371
3391
3366
3346
3763
3401
3401
3682
4354
4354
4312
4674
5022
5029
4681
4539
4539
4607
4607
4356
4704
4287
3694
3719
4127
4269
4637
4229
4229
4229
3867
3867
4275
4275
4692
4692
5285
5260
5302
4923
4923
5285
5285
5536
5536
5168
4575
4279
4237
4230
4526
4568
4160
4180
4180
4038
4406
4125
4406
4038
3970
4338
3970
4349
4417
4136
4161
4136
4143
4136
3719
3719
4312
4016
3996
3996
4003
4003
4284
4033
4033
3690
4033
4033
4026
4051
4347
4347
4347
4367
4775
4427
4385
4733
5150
5150
5192
5560
5567
5525
5567
5310
4942
5199
5179
5179
4762
5013
5006
5423
5423
5565
5308
5565
5565
5284
5291
5311
4903
4903
4607
4607
4465
4214
4189
4147
4289
4540
4197
4222
4080
4080
4080
4080
4222
4222
4222
4264
4264
4257
4257
4215
4583
4864
4864
5207
5615
5547
5547
5296
5154
5134
5176
4797
4865
4865
4272
3855
3855
4151
4568
4151
4151
4151
4402
4054
4061
4061
4054
4054
4061
4061
4036
4029
3748
3405
3405
3412
3760
3760
3503
3252
3595
3974
3994
3632
3994
4019
4612
5029
5029
4650
4282
4539
4122
4122
3779
3779
3522
3890
3297
3548
3528
3785
3785
3927
4344
4093
4686
4661
4661
4593
4000
4251
4251
4630
4911
4563
3891
3891
3529
3549
3529
3529
3554
3916
3499
3499
3567
3567
3310
3982
3982
3982
3686
3706
3564
2883
3140
3098
3030
3010
2759
2752
3345
3365
3708
3776
3756
3756
3756
3388
3805
3847
4098
4394
4369
4007
4007
4007
4355
4074
4355
4717
4355
4375
4375
4375
4400
4400
4400
4407
4769
4407
4059
4201
4569
4931
5612
5960
5709
5709
5709
5667
5305
5305
5298
5298
5156
5131
5131
5131
5131
5156
5163
5525
4932
4636
4616
4591
4611
4636
4887
4887
4887
4887
4819
4819
4887
4862
4862
4887
4929
5071
5029
5071
5003
4978
4697
4677
4702
4702
4770
4790
4790
4447
4405
4337
4337
4312
4292
3930
3998
3998
4591
4953
4953
4953
4946
5227
5523
5455
5475
5517
5542
5542
5500
5083
5083
5058
5401
5053
4381
5053
5053
5053
5053
5470
5219
4851
4851
4919
4899
5150
5150
5157
5150
5170
4762
4762
4762
4787
4425
4082
3703
3710
3685
3685
3678
4086
4465
4507
4465
4490
4490
4465
4465
4490
4465
4472
4815
4808
5170
5538
5538
5538
5470
5818
5818
5798
5798
5126
5168
5175
4879
4879
4879
4879
4879
4879
4879
4879
4904
4647
4640
4640
4708
4640
4615
4640
4660
4635
5307
4928
4928
4677
4702
5081
5081
5081
5081
5056
5056
5056
5056
4775
5026
5026
5026
5006
5287
5355
5612
5612
5355
5355
5375
5333
4985
4985
5242
5284
5284
4867
5163
5163
5511
5491
5516
5523
5242
5200
5481
5230
4851
4851
4851
4871
5250
5292
4996
4996
4617
4996
4996
4739
4732
4590
4732
4389
4041
4041
4041
4041
4048
4028
4324
4182
4182
3589
3589
3582
3203
3161
3136
3278
3621
3969
3688
3688
3730
3755
3755
3730
3981
3981
3981
4006
4013
4392
4392
4030
4030
3682
3675
3932
4525
4229
3557
3532
3532
3894
3894
3901
4182
3814
3814
3814
3672
3672
3672
3672
4040
4065
4085
4085
4085
4060
4060
4060
4060
4060
4040
4060
4060
4732
4732
4732
4353
4701
4701
4339
3996
3715
3715
3695
3627
3908
3908
3657
3799
3799
3792
3860
3579
3537
3537
3169
3176
3555
3597
3965
4261
4119
4051
3683
3683
3641
3922
3514
2921
2921
3063
3063
3063
3063
3105
2809
2809
2802
2870
2870
2877
3220
3220
3628
3628
3924
3924
3924
3516
3474
3725
3377
3126
3377
3377
3419
3277
3277
3639
3296
3289
3314
3731
4074
4032
3736
3736
3778
3785
3785
3717
3436
3844
3844
3864
4212
3955
4251
3579
3572
3714
3714
3714
3714
3721
3425
3400
3400
3358
2996
3589
3951
3931
3789
3809
3851
3851
4132
3724
4132
4500
4500
5172
5172
5130
5130
5198
5198
5455
5497
5477
5060
5356
5356
5314
4906
4538
4538
4257
4625
4368
4785
4778
4803
4435
4435
4435
4139
4139
4181
4156
3777
3777
3797
3797
3797
4078
4078
3735
3063
3471
3471
3220
3220
3471
3478
3735
3735
3728
3753
4049
3768
4136
4143
4486
4069
3726
3726
3726
4143
4143
4118
4497
4639
4571
4571
4596
4596
4596
4596
4003
4003
4675
4418
4122
4403
4024
4320
4024
4617
4249
3998
3326
2978
2978
2958
2958
3026
3698
3698
3718
3711
3711
3294
3551
3509
3509
3852
3852
3180
3187
3555
3193
2912
2954
2954
3302
3234
3234
3906
4285
4278
4346
3753
3733
3691
3691
4108
4701
4701
4633
4653
4628
4635
4615
4896
5192
4844
4844
5206
5226
5084
5126
5377
4960
4960
5102
5102
5519
5377
5009
5009
5002
4585
4585
5002
4706
4713
4713
4738
5034
5034
5027
4985
4985
4985
5027
4985
5027
4985
4985
4985
4992
4992
4992
4992
4613
4655
4404
4404
4472
4472
4472
4472
4472
4840
4982
4725
4725
4583
4962
4962
4681
4823
4823
4461
4461
4093
4093
4051
4031
4031
4006
4026
4026
3730
3730
4011
4011
4011
4268
4268
3860
3902
3834
4182
3803
3796
3539
3539
3519
3377
3673
3673
3930
4298
4017
3975
3982
4233
4233
4375
4375
4656
5035
5035
4784
4488
4481
4732
4353
4005
4005
4005
4025
4025
4025
4032
3781
3781
3806
3806
4214
4576
4295
4275
4526
4519
4539
4546
4546
4203
4203
4061
4342
4342
4484
4552
4184
4563
4543
4543
4518
4814
4814
4746
4746
4746
4489
4489
4489
4557
4925
4925
4925
4950
4950
4950
5298
5156
5413
5413
5413
4996
4996
4989
4989
4989
4396
4396
4396
4396
4396
4438
4438
4438
4413
4420
4440
4857
4857
4857
4837
5180
5180
5180
5180
4899
4520
4540
3868
3617
3597
3622
3873
3831
4424
4705
4680
4680
4087
4087
4087
4087
3791
3510
3253
3253
3253
3510
4103
4103
4103
4096
4096
4096
4096
4121
4793
4793
4793
4793
4813
4220
3963
3938
3938
4195
3787
4380
4522
4522
4901
4833
4833
5241
5283
5290
5290
5290
5358
5351
4972
4555
4147
3804
3804
3762
3804
3553
3553
3970
3713
3970
3970
3970
4349
4757
4340
4683
4964
5381
5381
5381
5124
5056
5056
4694
4326
4326
4577
4326
3983
4279
4137
3841
3841
3841
4203
4499
4120
4120
4188
4188
3780
3780
4031
4439
4439
4439
4439
4439
4439
4439
4439
4446
4789
4789
5157
5157
5299
5299
5299
5678
5678
5261
4913
4913
4938
4938
4870
4574
4831
4831
4831
4789
4831
4806
4806
5154
5179
5179
4898
4898
4217
4192
4192
4609
4609
4609
4467
4467
4460
4460
4460
4467
4467
4467
4467
4467
4216
4216
4216
3623
3603
4284
4284
3916
4509
4166
3804
3946
3946
3966
4334
4334
4334
4192
4192
4192
4334
4677
4677
4670
5032
5032
4684
4267
3905
3905
3905
4156
4136
4553
4553
4210
4210
4210
3842
3842
4138
3887
4235
4255
4255
4255
4255
4536
4536
4536
4536
3943
3943
3943
3943
3901
3901
3901
4152
4152
4152
4152
4152
4152
4152
4152
4177
4184
4184
4164
4157
4157
4199
4542
4562
4630
4630
4334
4927
5289
5289
4881
4881
4881
4856
4856
4856
4856
4856
4856
4788
4795
4795
4795
4753
4733
4316
4316
4316
4684
4003
4023
4023
4023
4319
4319
4068
4061
4103
4171
4171
4129
3872
3576
4257
4553
4272
4130
4538
4538
4538
4563
4267
4267
4524
4775
4775
5056
4688
4688
4688
4688
4830
4688
4688
4984
4916
4916
4916
5333
5333
5313
5313
5333
5333
4925
4925
4644
4387
4387
4362
4770
4838
4838
4838
4838
4770
4362
4404
4404
4772
4840
4847
4827
5084
5042
5184
5042
5067
5067
5348
5348
4667
4809
4809
4802
5483
5458
5458
5465
5465
5323
5323
5348
5348
5348
5390
5365
5365
4997
4997
4929
4954
4974
4723
4375
4723
4723
4974
4954
4954
4954
4361
4381
4381
4381
4356
4356
4381
4124
4117
4097
4097
4097
4097
4097
4097
4097
4055
4055
4312
4332
4307
4307
4307
4307
4332
4400
4400
4400
4400
4332
4474
4474
4057
4465
4465
4507
4465
4440
4420
5013
5013
5013
4871
4871
4523
4523
4523
4523
4272
4414
4272
3864
3889
3889
3864
3864
4115
4115
4115
4115
4463
4463
4470
4470
4470
4127
4120
3863
3863
4280
4623
4765
4765
4422
4171
4029
4437
4479
4479
4621
4621
4621
4621
4621
4621
4621
4579
4579
4579
4579
4579
4579
4621
4621
4621
4621
4621
4621
4621
4259
4259
4259
4259
3880
3838
4217
4585
4947
4947
4947
4530
4530
4530
4530
4530
4530
4530
4530
4530
4572
4572
4572
4572
4572
4572
4530
4182
4530
4530
4388
4388
4388
4388
4388
4388
4805
4805
5148
5148
5148
4786
4786
4786
4786
4786
4786
4786
4786
5148
5148
5148
5148
5148
5148
5148
5148
5148
5148
5148
5148
5290
5290
5290
5290
5290
5290
5290
5290
5290
5290
5290
4882
4882
4465
4169
4577
4577
4577
4577
4577
4234
4234
4234
4530
4530
4168
4168
4168
4210
4210
4210
4210
4210
4210
4210
4210
3914
3914
3914
4331
4331
4331
4331
4331
4331
4331
4289
4289
4540
4540
4836
4836
4836
4836
4836
4836
4836
4836
4540
4540
4540
4540
4540
4540
4836
4836
4836
4836
4836
4468
4468
4089
4089
4089
4089
4089
4089
4089
4089
4089
4089
4089
4089
4089
4089
4089
4089
4089
4089
4089
4089
4089
4468
4811
4811
5179
5179
5179
4836
4836
4836
4836
4836
4540
4883
4883
4883
4741
4741
4741
4741
4741
4741
4741
4741
4741
4741
4741
4998
4998
4998
4998
4998
4717
4338
4338
4338
4338
3970
3970
3970
3970
4038
4038
4400
3992
3992
3992
4017
4017
3992
3992
4288
4288
4288
4288
4288
4288
4288
4288
4288
4288
4037
4037
3780
3712
3854
3854
4135
4135
4135
4135
3792
3792
4135
4135
4135
4135
4135
4135
4135
4135
4135
4503
4222
4222
4222
4080
4080
4331
4331
4739
4739
4739
4739
4739
4739
4739
4739
4739
4739
4739
4331
4331
4331
4331
4331
4331
4331
4331
4035
4035
4443
4443
4443
4822
4822
4822
5079
4736
4736
4736
4388
4388
4388
4388
4388
4388
4388
4388
4388
4736
4736
4736
4736
4736
4736
5079
5079
5079
4671
5079
5079
5079
4700
4700
4700
4700
5079
4717
4717
4717
4369
4369
4369
4717
4717
5079
4717
4717
4717
4460
4460
4460
4460
4756
5037
5037
5037
5037
4694
4694
5037
5037
5037
4620
4620
4620
4620
4620
4762
4762
4762
4762
4762
4620
4369
4369
4511
4511
4511
4511
4873
4873
4873
4873
4873
4873
4873
4873
4873
4873
4731
4731
4731
4731
4352
4352
4352
4352
4731
4731
4731
4731
4731
4731
4731
4731
4731
4873
4280
4280
4280
4300
4300
3952
3952
4203
4551
4551
4409
4389
4389
4414
4389
4389
3717
3717
3421
3563
4156
4573
4615
4635
4635
4615
4615
4683
5355
5355
5362
5362
5362
5619
5477
5435
5073
5073
5369
5073
5215
5240
5240
4892
5254
5296
5296
4953
4928
4921
4559
4559
4278
4298
4298
4230
4210
4230
4230
4237
4533
4526
4526
4506
4089
3681
4024
4024
4024
4024
4024
4024
4024
3982
4330
4330
4747
4815
4815
4840
4840
4461
4840
4497
3904
3536
3536
3394
3015
3394
3675
3418
3761
3736
3736
3743
3743
3743
3885
3927
3927
3927
3920
4177
4585
4443
5036
4657
4799
4799
4819
4799
4799
4799
4799
5161
5161
5161
5529
4857
4857
4882
4882
4882
4882
4882
4465
4465
4472
4191
4191
4191
4049
4049
4330
4747
4722
4722
4722
4441
4184
4184
4184
4204
4204
4204
4136
3885
4264
4257
4514
4514
5186
5186
5186
5437
5094
5375
5118
5186
5186
5211
5218
5218
5218
5218
5218
5475
4794
4787
4787
5468
5211
5353
5353
5360
5218
4870
4870
4870
4845
4845
4845
4987
4845
4870
4870
4508
4508
4870
4870
4870
4574
4922
4250
4250
4208
4504
4497
4246
4246
4288
4430
4430
4388
4388
4388
4645
4652
4371
4652
4995
4975
4975
4968
4968
4975
5226
5226
5268
5268
5268
5288
5220
5892
5892
5892
5892
5524
5524
5524
5524
5524
5524
5176
5524
5524
5504
5479
5499
5499
5492
5499
5867
5586
5579
5579
5604
5462
5743
5462
4790
4790
4858
5139
5139
4791
4791
5463
5470
5470
5470
5470
5213
5470
5612
5612
5612
5612
5612
5570
5570
5570
5545
5545
5525
5525
5525
5567
5286
4990
4990
4990
4990
5015
5008
5015
5015
5015
4873
4873
4873
4848
4841
5137
5137
4758
5039
5418
5376
5095
5095
5095
5095
5095
5115
5115
4858
5206
4789
4769
4911
4931
4931
4931
5212
5212
5219
5219
5636
5568
5568
5568
5568
5568
5568
5568
5568
5568
5568
5568
5568
5593
5593
5451
5451
5200
4821
4863
4455
4455
4455
4112
4112
3744
4001
4001
4001
3744
4087
4087
4080
4488
4463
4463
4470
4127
4495
4495
4475
4818
4886
4886
4605
4605
4862
4887
4862
4887
4887
4887
4887
4887
4887
5029
4961
4961
4961
4919
4919
4912
5193
5213
5213
5592
5592
5592
5843
5818
5818
5450
5475
5475
5475
5455
5523
5523
5381
5381
5388
5756
5460
5209
5209
5209
5209
5209
5209
5229
4867
4867
4860
4481
4481
4224
4224
4520
4520
4882
4586
4243
4539
4539
4514
4771
4913
4913
4955
4955
4955
4955
4955
4955
4813
4813
4838
4838
5089
5069
5089
5089
5089
5069
4701
4701
4708
4666
4666
4641
4641
4233
3976
3976
4118
4160
4185
4185
4043
4386
4386
4386
4765
5133
4882
4882
4882
5133
5133
5108
4765
4765
4785
4810
4810
4810
4785
5128
5128
5536
5174
4757
4757
4737
4737
5154
5154
4786
4369
4369
4369
4369
4301
4718
5086
4743
4701
4322
4315
4315
4315
4315
4658
4658
4658
4658
4658
4658
4658
4658
4658
4658
4658
4658
4658
4658
4658
4658
4658
4658
4658
4658
4658
4658
4658
4658
4658
4658
4658
4658
4658
4658
4658
4658
4658
5037
4756
4756
5013
5013
5013
4596
4958
4958
4958
4958
4958
4615
4615
4615
4615
4615
4615
4657
4400
4400
4358
4358
4358
4358
4358
4358
4358
4358
4358
4107
4107
4388
4388
4388
4731
4388
4530
4151
4151
4151
4151
4151
4151
3870
3870
3462
3870
3870
3870
3870
3870
3870
3870
4287
4287
4287
4287
3879
3462
3462
3462
3462
3462
3462
3870
4287
4287
4287
4287
4287
4287
4287
4568
4568
4568
4200
4200
4200
4200
4543
4922
4922
4922
4922
4780
4780
4780
4780
4780
4780
4780
4780
4780
4780
4780
4780
4780
4780
4780
4780
4437
4579
4579
4621
4621
4621
4621
4621
4621
4621
4621
4621
4621
4621
4621
4621
4621
4621
4621
4621
4621
4621
4621
4621
4259
4217
4217
3809
3809
3809
3809
3809
4217
4075
4075
4075
4075
4418
4669
4669
4669
4669
4669
5037
5037
5037
5037
5037
5037
5037
5037
5037
5037
4689
4689
4689
4281
4281
4281
4281
4281
4281
4030
4030
4030
4392
4096
4353
4353
4353
4353
4761
4761
4761
4761
4761
4761
4761
4761
4393
4418
4786
4806
4948
4948
4955
4935
5186
5186
5186
5228
5576
5576
5596
5596
5596
5571
5867
5867
5867
5867
5867
5616
5616
5254
4886
4866
4866
5234
5227
5227
5478
5478
5478
5478
5503
5503
5503
5503
5246
5503
5246
5246
5221
5246
5246
5246
5253
4910
4910
5253
4845
4594
4594
4614
4614
4614
4614
4614
4614
4614
4614
4614
4614
4614
4607
4864
4864
4864
4864
4864
4864
4722
4722
4374
4354
4496
4496
4128
4196
4196
4196
4544
4795
4815
4795
5157
4900
4900
5157
5164
5532
5189
5189
5182
5182
4765
5108
4851
4258
4258
4258
4258
4258
4675
4675
4607
4607
5200
5200
5608
4936
5004
5004
5004
5011
5011
5011
5011
5011
4594
5011
5011
5268
5940
5940
5933
5585
5585
5585
5217
5149
5217
4936
4936
4936
4911
4869
4869
4869
4869
4869
4801
4801
4821
4846
5214
5214
5194
5169
5169
5169
5169
4807
5155
5155
4562
4562
4562
4311
4311
4379
4379
4379
4630
4630
4282
4282
4031
4051
4051
4076
3708
4056
4056
4056
4056
4063
4314
4314
4907
4656
4656
4277
4277
4528
4521
4889
4931
4906
4906
5285
5243
5243
5268
5248
5255
5617
5898
5641
5641
5641
5573
5830
5830
5830
5830
5149
5191
4848
4848
4848
4848
5191
5184
5191
5872
5865
5723
5865
5823
5151
4743
4763
4763
4763
4831
4811
4669
4601
4305
4325
3946
3946
4242
4242
4914
4618
4618
4618
4760
4828
4803
4828
4828
4808
4808
4850
4850
4178
4178
4178
4198
4130
4198
4198
4130
4130
4509
4509
4509
4509
4917
4917
4917
4917
4917
4569
4312
4312
4984
4984
4984
4984
4959
4984
4984
4984
4984
4959
4678
5026
4984
5280
5280
5260
5260
5260
5280
4901
4926
4926
4245
4245
3877
4256
4256
4256
4256
4256
4937
4944
5012
4992
4992
4644
4901
4921
5202
5202
5570
5550
5550
5550
5525
5525
5108
5108
5133
5133
5133
5133
5133
5126
5543
5563
5306
5010
5010
5010
4593
4593
4593
5010
4942
4800
4868
4868
4868
4868
4868
4587
4587
4587
4629
4629
4925
4925
4925
4857
4925
5067
5067
5348
5348
5348
5348
5328
5335
5335
4967
4967
5335
5310
5567
5567
5567
5567
5560
5560
5580
5928
5335
5315
5315
5340
5347
5340
5340
5340
5298
5298
4950
4950
4882
4889
4472
4472
4104
4472
4330
4305
4373
4373
4393
4014
4056
4014
4607
4607
4607
4607
4649
5066
5059
4802
4121
4121
4128
4128
4121
4121
4121
4121
4121
3713
3713
4121
4128
4121
4121
4121
4121
4121
4128
4060
4060
4060
4060
4060
4085
4085
3717
3675
4054
4029
4710
4852
4852
4556
4556
4556
4556
4904
4929
4997
4990
4990
4997
4997
4990
4318
4298
4666
4666
4598
4598
4640
4640
4640
4598
4640
4640
4708
5380
5380
5387
5019
5019
5012
5012
5012
4633
4565
4565
4565
4565
4565
4540
4540
4540
4498
4518
4518
4543
4543
4135
4392
4800
4800
4800
4842
5138
5138
4857
5225
5225
5225
5225
5205
5205
5212
4844
4501
4521
4864
4864
4864
4864
4864
4864
4864
4864
4864
4521
4521
4379
4722
4715
4372
4372
4740
4740
4740
5021
5021
5400
5400
5380
5380
5380
5380
5380
5723
5698
5698
5698
5698
5698
5698
5698
5840
5860
5517
5517
5109
5109
5067
5067
4771
4771
4796
4796
4796
4796
4771
4771
4771
5114
4863
4905
4648
4286
4005
4073
4073
4324
4324
4686
4967
4899
4899
4899
5195
5153
5153
5561
5561
5280
5138
5145
5145
5145
5145
5145
5125
5125
5382
5382
5382
5524
5524
5176
5176
5176
5176
5176
5176
5201
5201
5194
5262
5304
5304
5047
5047
5047
5047
5304
5652
5652
5652
5652
5652
5672
5672
5324
5324
5324
5299
5257
5237
4986
5267
5292
5299
5299
5647
5647
5640
5261
5261
5261
5261
5303
5310
5310
4902
4877
4877
4902
4902
4877
4877
4877
4902
4922
4922
4922
5301
5301
5301
5709
5667
5647
5647
5689
5709
5709
5709
5709
5641
5634
5592
5592
5634
5226
5184
5252
5660
5660
5640
5344
5344
5344
5344
5386
5386
5018
5025
4768
4761
4761
4781
4639
4646
4903
4903
4903
4622
4274
4416
4697
4993
4993
4951
4809
4809
4809
4951
5202
5202
5177
5177
5219
5219
5219
5219
5151
5151
5151
5151
5151
5151
5151
5151
5131
5131
4538
4531
4531
4531
4531
4531
5124
5144
5144
5212
5212
5212
5237
5095
5070
5050
5050
5050
5398
5418
5425
5063
4470
4470
5063
4782
4782
4807
5175
5168
4820
4795
4795
4795
5076
5008
5008
5356
5363
5363
5343
5301
5321
5321
5321
5321
5321
5321
4978
4978
4978
4978
4971
4971
4971
4971
4971
5314
5314
5314
5294
5319
5319
5319
5319
5319
5319
5319
5294
5362
5362
5362
5066
5066
5208
5208
5233
5208
5215
5577
5577
5619
5639
5639
5639
5639
5619
5619
5240
5240
5240
5240
5240
5265
5008
5008
5008
5008
5008
5387
5387
5387
5380
5380
5387
5387
5106
5106
5106
5099
5119
5119
5119
5119
4702
4998
5415
4998
4998
4998
4998
4998
4630
4630
4630
4588
4595
4852
4852
5133
5133
4540
4540
4283
4283
4700
4558
4277
4419
4399
4992
4967
4967
4960
4960
5217
5217
5217
5217
5237
5244
5244
5244
5176
5457
5457
5457
5525
5893
5893
5221
5221
5221
5221
5221
5263
5263
4982
5654
5292
5292
5250
5250
5250
5250
5612
5355
4976
4976
4908
4908
4908
4908
4908
4908
4657
4938
4918
4960
4980
4980
4980
4980
5231
5231
5488
5207
5207
5207
5207
5207
4864
4864
4864
4864
5243
5243
4881
4881
4881
4739
4739
4739
4719
4719
4744
4744
4812
5155
5155
5175
5133
4837
4837
4837
4580
3987
4268
4268
4261
4303
4896
4896
4615
4977
4560
4540
4821
4473
4821
4828
4828
4828
4828
5124
4762
4762
4762
4694
4652
4694
4836
4794
4814
5231
5231
5231
5231
5211
5573
5573
5548
5548
5548
5541
5561
5182
5182
5182
5182
5182
5182
5182
5189
5189
5568
5568
5568
5610
5610
5242
5499
5499
5499
5499
4906
5499
5499
5499
5492
5560
5560
5560
5492
5472
5472
5497
5504
5479
5437
5437
5437
5437
5437
5462
5462
5114
5114
5134
5134
5134
5502
5502
5502
5502
5502
5482
5482
5482
5482
5482
5482
5482
5482
5482
5074
5116
5074
5074
5074
5074
5067
5067
5042
5042
5084
4403
4403
4403
4403
4122
4122
4080
4080
4428
4470
4470
4470
4428
4448
4448
4490
4490
4515
4583
4204
4204
4136
4136
4544
4544
4544
4502
4477
4856
4560
4585
4585
4627
4627
4265
4223
4223
4223
4519
4519
4499
4499
4499
4499
5180
5180
5180
5180
5187
5187
5187
5207
5187
5187
5187
5549
5549
5292
5285
5353
5353
5373
5373
5373
5373
5373
4965
4603
4603
4603
4583
4583
4583
4945
4920
5177
5177
5184
5184
5184
5184
5209
5229
5222
5222
5222
5222
5503
5545
5288
5288
5220
5220
4877
4877
4884
4633
4976
4834
4834
4976
4976
4951
4951
4809
4809
4809
4809
4809
4809
4809
4809
4809
4809
4767
4767
4767
4760
5017
5159
5166
5166
5166
5166
5208
5066
5066
5317
5317
5066
5317
5317
5317
5459
5459
5178
4835
5116
5116
4768
4768
4768
4761
4761
4761
4829
4829
4829
4809
4667
4667
4250
4208
4215
4240
4240
4172
4240
4240
4233
4275
3994
3994
4014
4156
4564
4522
4522
4522
4522
4564
4564
4845
4845
4588
4546
4894
4894
4894
4894
4869
4521
4563
4563
4521
4501
4844
4844
4851
4851
5108
5108
5108
5456
5873
5873
5622
5341
5341
5341
5341
5341
5341
5341
5341
5341
5341
5341
5045
5045
4977
4997
4404
4997
5248
5248
5248
5290
5290
5290
5290
5290
5290
5283
5579
5579
5586
5586
5243
5201
5201
5059
5402
4994
4994
5036
5036
5036
5036
5036
5036
5036
5036
4688
4668
4661
4661
4404
4404
4472
4430
4838
4838
4838
4838
4542
4542
4542
4542
4542
4542
4890
4822
4822
4890
4890
4890
4890
4890
4890
4890
4890
4890
4890
4890
4890
4890
4890
4890
4890
4890
4890
4890
4890
4890
4890
4890
4890
4890
4890
4890
4890
4890
4890
4890
4890
4890
4890
4890
4890
4890
4822
4822
4822
4890
4890
4890
5147
5147
5147
5147
5147
5147
5147
5147
5147
5147
5147
5147
5147
5147
5147
5147
5147
5147
5147
5147
5147
5147
5147
5079
5079
5079
5079
5079
5079
5079
5079
4822
4822
4822
4822
4571
4571
4571
4571
4571
4571
4639
4639
4639
4639
4639
4639
4639
4639
4639
4639
4639
4639
4639
4639
4639
4639
4639
4896
4896
4896
4896
4896
4896
4896
4896
4896
4896
4896
4896
4896
4896
4896
4896
4896
4896
5147
5079
5079
5375
5375
5375
5375
5375
5375
5375
5375
5375
5375
5375
5375
5375
5375
5375
5079
5079
5079
5079
5079
5079
5079
5079
5079
5079
5079
5079
5375
5124
4828
4896
4896
4896
4896
4896
4896
4896
4896
5147
5147
5147
5147
5079
5079
5079
5079
5375
5375
5375
5375
5375
5375
5375
5375
5375
5375
5375
5375
5375
5375
5375
5375
5375
5375
5375
5375
5375
5375
5032
5032
5032
5032
5032
5032
5032
5032
5032
5032
5032
5032
5032
5032
5032
5032
5032
5032
5032
5032
5032
5032
5032
5032
5032
5032
5032
5032
5032
5032
5032
5032
5032
5032
5032
5032
5032
5032
5032
5032
5032
5032
5032
5032
5032
5032
5375
5375
5375
5375
5375
5375
5375
5375
5375
5375
5375
5375
5375
5375
5375
5375
5375
5375
5375
5375
5375
5375
5375
5375
5079
5079
5079
5079
5079
5079
4671
4671
4671
4671
4671
4671
4671
4671
4967
4967
4967
4967
4967
4967
4967
4967
4967
4967
4967
4967
4967
4967
4967
4967
4967
4967
4967
4967
4967
4967
4967
5375
5375
5375
5375
5375
5375
5375
5375
5375
5375
5375
5375
5375
5375
5375
5375
5375
5375
5375
5375
5375
5375
5375
5375
5375
5375
5375
5375
5375
5375
5375
5375
5375
5375
5375
5375
5375
5375
5375
5375
5375
5124
5124
5124
5124
5375
5375
5375
5375
5032
5032
5032
4775
4775
4775
4775
4775
4775
4775
4775
4775
4775
4775
4775
4775
4775
4775
4358
4358
4358
4358
4358
4358
4775
4775
4775
4775
4775
4775
4775
4775
4775
4775
5032
5032
5032
5032
5032
5032
5032
5375
5375
5375
5375
5375
5375
5375
5375
5375
5375
5375
5375
5032
5032
5032
5032
5032
5032
5032
5032
5032
5032
5032
5032
5032
5032
5032
5032
5032
5032
5375
5375
5375
5375
5375
5375
5375
5375
4996
4634
4634
4634
4996
4996
5375
5375
5375
5375
5375
5375
5375
5375
5375
5375
5375
5375
5375
5375
5375
5375
5375
5375
5375
5375
5375
5375
5375
5375
5375
5375
5375
5375
4958
4958
4958
4958
4958
4958
4707
4958
4958
4958
4958
4958
4958
4958
4958
4958
5375
5375
5375
5375
5375
5375
5375
5375
5375
5124
5124
5124
5124
5124
5124
5124
5124
4776
4776
4359
4707
4707
4707
4707
4707
4707
4707
4707
4707
4707
4411
4411
4411
4411
4828
4828
4466
4762
4762
4762
4762
4414
4414
4414
4414
4414
4414
4665
4665
4665
4665
4665
4665
4665
4665
5027
5027
5027
5027
5375
5375
5375
5375
5375
5375
5375
5375
5375
5375
5375
5375
5375
5375
5375
5375
5124
5124
5124
5124
5124
4828
4828
4828
4828
4828
4828
5079
5375
5375
5375
5375
5375
5375
4967
4967
4967
4671
4671
4671
4671
4671
4967
4967
4967
4967
4967
5375
5375
4996
4996
4996
4996
4996
4996
4996
4648
4648
4648
4648
4391
4391
4739
4739
4739
4371
4371
4371
4371
4371
4371
4371
4371
4075
4075
4075
4075
4075
4075
4075
4454
4203
4460
4741
4741
4741
4741
4741
4741
4741
4741
4741
4741
4741
4741
4741
4741
5109
5109
5109
5109
5109
5109
5109
5109
5109
5109
5109
4766
4766
4766
4766
4766
4766
4766
4766
4766
4766
4766
4766
4766
4766
4766
4766
4766
4766
4766
4766
4509
4509
4509
4509
4509
4805
4805
4805
4805
4805
4947
4947
4947
4989
4989
4621
4621
4621
4621
4621
4621
4989
4989
4989
4989
4989
4621
4621
4621
4579
4579
4579
4579
4437
4437
4029
4397
4397
4397
4397
4397
4397
4397
4397
4101
4101
4101
3739
3739
3739
3739
3990
4132
4132
4428
4428
4428
4771
4771
5179
5179
5179
5179
5179
5179
5179
5179
4928
4928
4928
5290
5290
5290
5290
5290
5290
5290
5290
5290
5290
5290
5290
5290
5290
5290
5290
5290
5290
5290
5290
5290
5290
5290
5290
5290
5290
4873
4873
4873
4873
5290
5290
5290
5290
5290
5290
5290
5290
5290
5290
5290
5290
5290
5290
5290
5290
5290
5290
5290
5290
5290
5290
5290
5290
5290
5290
5290
5290
5290
5290
5290
5290
5290
5290
5290
5290
5290
5290
5290
5290
4947
4568
4568
4568
4568
4568
4568
4568
4568
4568
4568
4568
4947
4947
4989
4989
4989
4989
4989
4989
4989
4989
4989
4989
4989
4572
4572
4572
4572
4572
4572
4572
4572
4572
4572
4572
4572
4572
4572
4572
4572
4572
4572
4572
4572
4572
4572
4210
4210
4627
4248
4248
4627
4627
4627
4627
4627
4627
4627
4248
4248
4248
4248
4248
4248
4248
4248
4248
4248
4248
4248
4248
4248
4248
4248
3967
3925
3925
3925
3925
4268
4268
4549
4549
4201
4201
4580
4580
4580
4580
4580
4831
4831
4831
4831
4831
4831
4831
4831
4831
4831
4831
5179
5179
5179
5179
5179
5179
5179
5179
5179
5179
5179
5179
5179
5179
5179
5179
5179
5179
5179
5179
5179
5179
5179
5179
5179
5179
5179
5179
4762
4762
4762
4762
4762
4762
4762
4762
4762
5179
5179
5179
5179
5179
5179
5179
5179
5179
5179
5179
5179
5179
5179
5179
5179
5179
5179
5179
5179
5179
5179
5179
5179
5179
5179
5179
5179
5179
5179
5179
5179
5179
5179
5179
5179
5179
5179
5179
5179
5179
5179
5179
5179
5179
5179
5179
5179
5179
4800
4800
4658
4658
4658
4658
4658
4658
4658
4658
4658
4658
4658
4658
4658
4800
4800
4800
4800
4658
4658
4658
4658
4377
4377
4377
4739
4739
4739
4739
4739
4739
4739
4739
4739
4739
4331
4331
4331
4331
4331
4331
4331
4351
4351
4351
4351
4351
4351
4351
4351
4351
4331
4331
4739
4739
4739
4739
4739
4739
4739
4739
4739
4739
4391
4391
4391
4391
4391
4391
4739
4739
4739
4739
4739
4739
4739
4443
4700
4700
4700
5079
5375
5118
5118
5118
5118
5118
5118
5118
5118
5118
5118
5118
5118
5118
5118
5118
5118
5118
5118
5118
5118
5118
5118
4750
4750
4750
4750
4750
4750
4750
5007
5007
4750
4750
4750
4750
4750
4750
4750
4750
4750
4750
4750
4333
4333
4333
4333
4333
4333
4333
4333
4333
4333
4333
4333
4333
4333
4333
4333
4333
4333
4750
4750
4750
4750
4750
4750
4750
4750
4750
4342
4342
4342
4342
4710
4710
4710
4710
4710
4967
4967
4967
4967
4967
4967
4967
4967
4967
4967
4967
4710
4710
4348
4348
4348
4348
4348
4348
4348
4097
4097
4097
4097
4097
4354
4354
4354
4354
4354
4354
4762
4762
4762
4762
4762
4762
5124
5124
5124
5124
5124
5124
5124
5124
5124
5124
5124
5124
5124
5375
5375
5375
5375
5375
5375
5375
5375
5375
5375
5375
5375
5375
5375
5375
5375
5375
5375
5375
5375
5375
5375
5375
5375
5375
5375
5375
5118
5118
5118
5118
5118
5118
5118
5118
5118
5118
5118
4822
4822
4822
4822
4822
4822
4890
4890
4890
4890
4890
4890
4890
4890
4890
4890
4890
4890
4890
4890
4890
4890
4890
4890
5147
5147
5147
5079
5079
5079
5079
5079
5375
5375
5375
5124
5124
4716
4716
4716
4420
4420
4420
4420
4716
4716
4716
4716
4716
4716
4716
4716
4716
4716
4716
4716
4716
4716
4354
4354
4354
4354
4354
4354
4605
4605
4967
4967
4967
4967
5375
5375
5375
5375
5375
5375
5375
5375
5375
5375
5375
5375
5375
5375
5375
5375
5375
5375
5375
5375
5375
5375
5375
5375
5375
5375
5375
5375
5375
5375
5375
5375
5375
5375
5375
5375
5375
5375
5375
5375
5375
5375
5375
5375
5375
5079
5079
5079
5079
5079
5147
5147
5147
5147
5147
4799
4431
4799
5147
5147
5147
5147
5147
5147
5147
5147
5147
5147
5147
5147
5147
5147
5147
5147
5147
5147
5147
5147
5147
5147
5147
5147
5147
5147
5147
5147
5147
4890
4890
4890
4890
4890
4890
4639
4639
4639
4639
4639
4639
4896
4896
4896
4896
4896
4896
4896
4896
4896
4896
4896
4896
4896
4896
4896
4896
4896
4896
4896
4896
4896
4896
4896
4896
4896
4896
5147
5147
5147
5147
5147
5147
5147
5147
5147
5147
5147
5147
5147
5147
5147
5147
5147
5147
5147
5147
5147
5147
5147
5147
4890
4890
4890
4890
4890
4890
4890
4890
4890
4890
4890
4890
4890
4890
5147
5147
5079
5079
5147
5147
5147
5147
5147
5147
5147
5147
5147
5079
5079
5079
5079
5079
5079
5079
5079
5079
5079
5079
5375
5375
5375
5375
5375
5375
5375
5375
5375
5375
5375
5375
5375
5375
5375
5375
5375
5375
5375
5375
5375
5375
5375
5375
5375
5375
5375
5375
5375
5375
5375
5375
5375
5375
5118
5118
5118
5118
5118
5118
5118
5118
5118
5118
5118
5118
5118
5118
5118
5118
5118
4867
4867
4867
5118
5118
5118
5118
5118
5118
5118
5118
5118
5118
5375
5375
5375
5375
5375
5375
5375
5375
5375
5375
5375
5375
5375
5375
5375
5079
5079
5079
5079
5079
5079
5079
5079
5079
5079
5375
5375
5375
5375
5375
5375
5375
5375
5375
5124
5124
5124
5124
5124
5124
5124
5124
5124
5124
5124
5124
5124
5124
5124
5124
5124
5124
5124
5124
5124
5124
5124
4776
4776
4776
4776
4776
4776
4776
4776
4776
4776
4776
4776
4776
4519
4519
4519
4519
4519
4519
4770
4770
5118
5118
5118
5118
5118
5118
5118
5118
5118
5118
5118
5118
5118
4867
4867
4867
4867
4867
4867
5118
5118
5375
5375
5375
5375
5375
5375
5375
5375
5124
5124
5124
5124
5124
5375
5375
5375
5375
5375
5375
5375
5375
5375
5375
5375
5375
5375
5375
5375
5032
4736
4736
4736
4736
4736
5079
5079
5079
5079
5079
5147
5147
5147
5147
5147
5147
5147
5147
5147
5147
5147
5147
5147
5147
5147
5147
5147
5147
5147
5147
5147
5147
5147
5147
5147
5147
5147
5147
5147
5147
5147
5147
4779
4779
4779
4779
4779
4779
4779
4779
4779
4779
4779
4779
4522
4454
4454
4454
4454
4454
4454
4454
4454
4454
4822
4822
4822
4822
4822
5118
5118
5118
5118
5118
5118
5118
5118
5118
5118
5118
4756
4460
4460
4460
4460
4460
4460
4460
4756
5118
5118
5118
5118
5118
5118
5118
5118
5118
5118
5118
5118
5118
5118
5118
5118
5118
5118
5118
5118
5118
5118
5118
5118
5118
5118
5118
5118
5118
5118
5118
5118
4770
4770
4770
4770
4770
4770
4770
4770
4770
4770
4770
4770
4770
4770
4770
4770
4770
5118
5118
5118
5118
5118
5118
5118
5118
5118
5118
5118
5118
5118
5118
5118
5118
5118
5118
5118
5118
5118
5118
5118
5118
5118
4867
4867
5124
5124
5124
5124
5124
5124
5124
5124
5124
5124
5124
5124
5124
5124
5124
5124
5124
5124
4867
4867
4867
4867
4867
4867
5124
5124
5124
5124
5124
5124
5124
5124
5375
5375
5375
5375
5375
5375
5375
5375
5375
5375
5375
5375
5375
5375
5375
5375
5007
5007
5007
5007
5007
5007
5007
5007
5007
5007
5007
5007
5007
5007
5007
5007
5007
4756
4756
4756
4756
4756
4756
4756
4756
4756
4756
4756
4756
4756
4756
5124
5124
5124
5124
5124
5124
5124
5124
5124
5124
5124
5124
5124
5124
5124
5375
5375
5375
5375
5375
5375
5375
5375
5375
5375
5375
5375
5375
5375
5375
5375
5375
5375
5375
5375
5375
5375
5375
5375
5375
5375
5375
5375
5375
5375
5375
5375
5375
5375
5375
5375
5375
5375
5375
5375
5375
5375
5375
5375
5375
5375
5079
5079
5079
5375
5375
5375
5375
5375
5375
5375
5375
5375
5375
5375
5375
5375
5375
5375
5375
5375
5375
5375
5375
5375
5013
5013
5013
5375
5375
5375
5375
5375
5375
5375
5375
5375
5375
5375
5375
5375
5375
5375
5375
5375
5375
5375
5375
5375
5375
5375
5375
5375
5375
5375
5375
5375
5375
5375
5375
5375
5375
5375
5375
5375
5375
5375
5375
5375
5375
5375
5375
5375
5375
5375
5375
5375
5375
5375
5375
5375
5375
5375
5375
5375
5375
5375
5375
5375
5375
5375
5375
5375
5375
5375
5375
5375
5375
5375
5375
5375
5375
5375
5375
5375
5375
5375
5375
5375
5375
5375
5375
5375
5375
5375
5375
5118
5118
5118
5118
5118
5118
5118
5118
5118
5118
5118
5118
5118
5118
5118
5118
5118
5118
5118
5118
5118
5118
5118
5118
5118
5118
5118
5118
5375
5375
5375
5375
5375
5375
5375
5375
5375
5375
5375
5375
5375
5375
5375
5375
5375
5375
5375
5375
5375
5375
5375
5375
5375
5375
5375
5375
5375
5375
5375
5375
5375
5375
5375
5375
5375
5375
5375
5375
5375
5375
5375
5375
5375
5375
5375
5375
5375
5375
5375
5375
5375
5375
5375
5375
5375
5032
5032
5032
5032
5032
5032
5032
5032
5032
5032
5032
5032
5032
5032
5032
5375
5375
5375
5375
5375
5375
5375
5375
5375
5375
5375
5375
5375
5375
5375
5375
5079
5079
5079
5147
5147
5147
5147
5147
5147
5147
5147
5147
5147
5079
5079
5079
5079
5147
5147
5147
5147
5147
5147
5147
5147
5147
5147
5147
5147
5147
5147
5147
5147
5147
5147
5147
5147
5147
5147
5147
5147
5147
5147
5147
5147
5147
5147
5147
5147
5147
5147
5147
5147
5147
5147
5147
5147
5147
5147
5147
5147
5147
5147
5147
5147
5147
5079
5079
5079
5079
5079
5375
5375
5375
5375
5375
5375
5375
5375
5375
5375
5375
5375
5375
5375
5375
5375
5375
5375
5375
5375
5375
5375
5375
5375
5375
5375
5375
5375
5375
5375
5375
5375
5375
4967
4967
4967
4967
4967
4967
4967
4967
4967
4967
4967
4967
4967
4967
4967
4967
4967
4967
4967
4967
4967
4967
4967
4967
4967
4967
4967
4967
4967
4710
4710
4710
4710
4710
4710
5118
5118
5118
5118
5118
5118
5118
5118
5118
5118
5118
5118
5118
4775
4775
4775
4775
4775
4775
4775
4775
4775
5032
5032
5032
5032
5032
5032
5032
5032
5032
5032
5032
5032
5032
5032
5032
5032
5032
5032
5032
5375
5375
5375
5375
5375
5375
5375
5375
5375
5375
5375
5375
5375
5375
5375
5375
5375
5375
5375
5375
5375
5375
5375
5375
5375
5375
5375
5375
5375
5375
5375
5375
5375
5375
5375
5375
5375
5375
5375
5375
5375
5375
5375
5375
5375
5375
5375
5375
5375
5375
5375
5375
5013
5013
5013
5013
5013
5013
5013
5013
5013
5013
5013
5013
5013
5013
5013
5013
5013
5013
5013
5013
5013
5013
5013
5013
5013
5013
5013
5013
5013
5013
5013
5013
5013
5013
5013
5013
5013
5013
5013
5013
5013
5013
5013
5013
5013
5013
5013
5013
5013
5013
5375
5375
5375
5375
5375
5375
5375
5375
5375
5375
5375
5375
5375
5375
5375
5375
5375
5375
5375
5118
5118
5118
5118
4750
4750
4750
4750
4750
4750
4750
5118
5118
5118
5118
5118
5118
5118
5375
5375
5375
5375
5375
5375
5375
5375
5375
5375
5375
5375
5375
5375
5375
5375
5375
5375
5375
5027
5027
5027
5027
5027
5027
5027
5375
5375
5375
5375
5375
5375
5375
5375
5375
5375
5375
5375
5375
5375
5375
5375
5375
5375
5375
5375
5375
5375
5375
5375
5375
5375
5375
5375
5375
5375
5375
5375
5375
5375
5375
5375
5375
5375
5375
5375
5375
5375
5375
5375
5375
5375
5375
5375
5375
5375
5375
5375
5375
5375
5375
5375
5375
5375
5375
5375
5375
5375
5375
5375
5375
5375
5375
5375
5375
5375
5375
5375
5079
5079
5079
5079
5079
5079
5079
5079
5079
5079
5079
5079
5375
5375
5375
5375
5375
5375
5375
5375
5375
5375
5375
5375
5375
5375
5375
5375
5375
5375
5375
5375
5375
5375
5375
5375
5375
5375
5375
5375
5375
5375
5375
5375
5375
5375
5375
5375
5375
5375
5375
5375
5375
5375
5375
5375
5375
5375
5375
5375
5007
5007
5007
5007
5007
5007
5007
5007
5007
5007
5007
5007
5007
5007
4711
4711
4779
4779
4779
4779
4779
4779
4779
4779
4779
5147
5079
5079
5375
5375
5375
5375
5375
5375
5375
5375
5375
5375
5375
5375
5375
5375
5375
5375
5375
5375
5375
5375
5375
5375
5375
5375
5375
5375
5375
5375
5375
5375
5375
5375
5375
5375
5375
5375
5375
5375
5375
5375
5375
5375
5375
5375
5375
5375
5375
5375
5375
5375
5375
5375
5375
5375
5375
5375
5375
5375
5375
5375
5375
5375
5375
5375
5375
5013
5013
5013
5013
5013
5013
5013
5013
5013
5013
5013
5013
5013
5013
4596
4596
4596
4596
4596
4596
4596
4596
4596
4596
4596
4596
4596
4596
4596
4596
4596
4596
4596
5013
5013
5013
5013
5013
5013
5013
5013
5013
5013
5013
5013
5013
5013
5013
5013
5013
5013
5013
5013
5013
5013
5013
5013
5013
5013
5013
5013
5013
5013
5013
5013
5013
5013
5013
5013
5013
5013
5013
5013
5013
5013
5013
5013
5013
5013
5013
5013
4670
4670
4670
4670
5032
5032
5032
5032
5032
5032
5032
5032
5032
5032
5375
5032
5032
5375
5375
5375
5375
5375
5375
5375
5375
5375
5375
5375
5375
5375
5375
5375
5375
5375
5375
5375
5375
5375
5375
5375
5375
5375
5375
5375
5375
5375
5375
5375
5375
5375
5375
5375
5375
5375
5375
5375
5375
5375
5375
5375
5375
5375
5375
5375
5375
5375
5375
5375
5375
5375
5375
5118
4867
4867
4867
4867
4571
4571
4571
4571
4571
4639
4890
4890
4890
4890
4890
4890
4890
4890
4890
4890
4890
4890
4890
4890
4890
4890
4890
4890
4890
4890
4890
4890
4890
4890
4822
5118
5375
5375
5375
5375
5375
5124
5375
5375
5375
5375
5375
5375
5375
5375
5375
5375
5375
5118
5118
5375
5375
5375
5375
5375
5375
5375
5375
5375
5375
5375
5375
5375
5375
5375
5375
5375
5375
5375
5375
5375
5375
5375
5375
5375
5375
5375
5375
5375
5375
5375
5375
5375
5375
5375
5375
5375
5375
5375
5375
5375
5375
5375
5375
5375
5375
5375
5375
5375
5375
5375
5375
5375
5375
5375
5375
5375
5375
5375
5375
5375
5375
5375
5375
5375
5375
5375
5375
5375
5375
5375
5375
5375
5375
5375
5375
5375
5375
5375
5375
5375
5375
5375
5375
5375
5375
5375
5375
5375
5375
5375
5375
5375
5375
5375
5375
5375
5375
5375
5375
5375
5375
5375
5375
5375
5375
5375
5375
5375
5375
5375
5375
5375
5375
5375
5375
5375
5375
5079
5079
5147
5147
5147
5147
5147
5147
5147
5147
5147
5147
5147
5147
5147
5147
5147
5147
5147
5147
5147
5147
5147
5147
5147
5147
4785
4785
4785
4785
4785
4785
4717
4998
4998
4998
4717
4717
4717
4717
4717
4717
4717
4717
4717
4717
4717
4717
4717
5013
5375
5375
5375
5375
5375
5375
5375
5375
5375
5375
5375
5375
5375
5375
5375
5375
5375
5375
5375
5375
5375
5375
5375
5375
5375
5375
5375
5375
5375
5375
5375
5375
5375
5375
5375
5375
5375
5375
5375
5375
5375
5375
5375
5375
5375
5375
5375
5375
5375
5375
5375
5375
5375
5375
5375
5375
5375
5375
5375
5375
5375
5375
5375
5375
5375
5375
5375
5375
5375
5375
5375
5375
5375
5375
5375
5375
5375
5375
5375
5375
5375
5375
5375
5375
5375
5375
5375
5375
5375
5375
5375
5375
5375
5375
5375
5375
5375
5375
5375
5375
5375
5375
5375
5375
5375
5375
5375
5375
5375
5375
5375
5375
5375
5375
5375
5375
5375
5375
5375
5375
5375
5375
5375
5375
5375
5375
5375
5375
5375
5375
5375
5375
5375
5375
5375
5375
5375
5375
5375
5375
5375
5375
5375
5375
5375
5375
5375
5375
5375
5375
5375
5375
5375
5375
5375
5375
5375
5375
5375
5375
5375
5375
5375
5375
5375
5079
5079
5079
5079
5079
5079
5079
5079
5079
5079
5079
5079
5079
5079
5079
5147
5147
5147
5147
5147
5147
5147
5147
5147
5147
5147
5147
5147
5147
5147
5147
5147
5147
5147
5147
5147
5147
5079
5079
5079
5079
5079
5079
5079
5079
5079
5079
5079
5079
5079
5079
5079
5079
5079
5079
5079
5079
5079
5079
5079
5079
5079
5079
5079
5079
5079
5079
5079
5147
5147
5147
5147
5147
5147
5147
5147
5147
5147
5147
5147
5147
5147
5147
5147
5147
5147
5147
5147
5147
5147
5147
5147
5147
5147
5147
5147
5147
5147
4890
5147
5147
5147
5147
5147
5147
5147
5147
5147
5147
5147
5147
5147
5147
5147
5147
5147
5147
5147
5147
5147
5147
5147
5147
5147
5147
5147
5147
5147
5147
5147
5147
5147
5147
5147
5147
5147
5147
5147
5147
5147
5147
5147
5147
5147
5147
5147
5147
5147
5147
5147
5147
5147
5147
5147
5147
5147
5147
5147
5147
5147
5147
4785
4785
4785
4785
4785
4785
4785
4785
4785
4785
4785
4785
4785
4785
4785
4785
4785
4785
4785
4785
4785
4785
4785
4785
4785
4785
4785
4785
4785
4785
4785
4785
5147
5147
5147
5147
5147
5147
5147
5147
5147
5147
5147
5147
5147
5147
5147
5147
5147
5147
5147
5147
5147
5147
5147
5147
5147
5147
5079
5147
5147
5147
5147
5147
5147
5147
5147
5147
5147
5147
5147
5147
5147
4890
4890
4890
5147
5147
5147
5147
5147
5147
5147
5147
5147
5147
5147
5147
5147
5147
5147
5147
5147
5147
5147
5147
5147
5147
5147
5147
5147
5147
5147
5147
5147
5147
5147
5147
5147
5147
5147
5147
5147
5147
5147
5147
5147
5147
5147
5147
5147
5147
5147
5147
5147
5147
5147
5147
5147
5147
5147
5147
5147
5147
5147
5147
5147
5147
5147
5147
5147
5147
5147
5147
5147
5147
5147
5079
5079
5079
5079
5079
5375
5375
5375
5375
5375
5375
5375
5375
5375
5375
5375
5375
5375
5375
5375
5375
5375
5375
5375
5375
5375
5375
5375
5375
5375
5079
5079
5375
5375
5375
5375
5375
5375
5375
5375
5375
5375
5375
5375
5375
5375
5375
5375
5375
5375
5375
5375
5375
5375
5375
5375
5375
5375
5375
5375
5375
5375
5375
5375
5375
5375
5375
5375
5375
5375
5375
5375
5375
5375
5375
5375
5375
5375
5375
5375
5375
5375
5375
5375
5375
5375
5375
5375
5375
5375
5375
5375
5375
5375
5375
5375
5375
5375
5375
5375
5375
5375
5375
5375
5375
5375
5375
5375
5375
5375
5375
5375
5375
5375
5375
5375
5375
5375
5375
5375
5375
5375
5375
5375
5375
5375
5375
5375
5375
5375
5375
5375
5375
5375
5375
5375
5375
5375
5375
5375
5375
5375
5375
5375
5375
5375
5375
5375
5375
5375
5375
5375
5375
5375
5375
5375
5013
5013
5013
5013
5013
5013
5013
5013
5013
5013
5013
5013
5013
5375
5375
5375
5375
5375
5375
5375
5375
5375
5375
5375
5375
5375
5375
5375
5375
5375
5375
5375
5375
5375
5375
5375
5375
5375
5375
5375
5375
5375
5375
5375
5375
5375
5375
5375
5375
5375
5375
5375
5375
5375
5375
5375
5375
5375
5375
5375
5375
5375
5375
5375
5375
5375
5375
5375
5375
5375
5375
5375
5375
5375
5375
5375
5375
5375
5375
5375
5375
5375
5375
5375
5375
5375
5375
5375
5375
5375
5375
5375
5375
5375
5375
5375
5375
5375
5375
5375
5375
5375
5375
5375
5375
5375
5375
5375
5375
5375
5375
5375
5375
5375
5375
5375
5375
5375
5375
5375
5375
5375
5375
5375
5375
5375
5375
4958
4958
4958
5375
5375
5375
5375
5375
5375
5375
5375
5375
5375
5375
5375
5375
5375
5375
5375
5375
5375
5375
5375
5375
5375
5375
5375
5375
5375
5375
5375
5375
5375
5375
5375
5375
5375
5375
5375
5375
5375
5375
5375
5375
5375
5375
5375
5375
5375
5375
5375
5375
5375
5375
5375
5375
5375
5375
5375
5375
5375
5375
5375
5375
5375
5375
5375
5375
5375
5375
5375
5375
5375
5375
5375
5375
5375
5375
5375
5375
5375
5375
5375
5375
5375
5375
5375
5375
5375
5375
5375
5375
5375
5375
5375
5375
5375
5375
5375
5375
5375
5375
5375
5375
5375
5375
5375
5375
5375
5375
5375
5375
5375
5375
5375
5375
5375
5375
5375
5375
5375
5375
5375
5375
5375
5375
5375
5375
5375
5375
5375
5375
5375
5375
5375
5375
5375
5375
5375
5375
5375
5375
5375
5375
5375
5375
5375
5375
5375
5375
5375
5375
5375
5375
5375
5375
5375
5375
5375
5375
5375
5375
5375
5375
5375
5375
5375
5375
5375
5375
5124
5124
5124
5124
5124
5375
5375
5375
5375
5375
5375
5375
5375
5375
5375
5375
5375
5375
5375
5375
5375
5375
5375
5375
5375
5375
5375
5375
5375
5375
5375
5375
5375
5375
5375
5375
5375
5375
5375
5375
5375
5375
5375
5375
5375
5375
5375
5118
5118
5118
5118
5118
5118
5118
5118
5118
5118
5118
5118
5118
5118
5118
5118
5118
5118
4739
4739
4739
4739
4739
4739
4739
4739
4739
4739
4739
4739
5118
5118
5118
5118
5118
5118
5118
5118
5118
5118
5118
5118
5118
5118
5118
5118
5118
5118
5118
5118
5118
5118
5118
5118
5118
5118
5118
5118
5118
5118
5118
5118
5118
5118
5118
5118
5118
5118
5118
5118
5375
5375
5375
5375
5375
5375
5375
5375
5375
5375
5375
5375
5375
5375
5375
5375
5375
5375
5375
5375
5375
5375
5375
5375
5375
5375
5375
5375
5375
5375
5375
5375
5375
5375
5375
5375
5375
5375
5375
5375
5375
5375
5375
5375
5375
5375
5375
5375
5375
5375
5375
5375
5375
5375
5375
5375
5375
5375
5375
5375
5375
5375
5375
5375
5375
5375
5375
5375
5375
5375
5375
5375
5375
5375
5375
5375
5375
5375
5375
5375
5375
5375
5375
5375
5375
5375
5375
5375
5375
5375
5375
5375
5375
5375
5375
5375
5375
5375
5375
5375
5375
5375
5375
5375
5375
5375
5375
5375
5375
5375
5375
5375
5375
5375
5375
5027
5027
5027
4770
4770
4770
4770
4770
4770
4770
4770
4770
4770
4770
4770
4770
4770
4770
4770
4770
4770
4770
4770
4770
4770
4770
4770
4770
4770
4770
4770
4770
4770
4770
4770
4770
4770
4770
4770
4770
4770
4770
4362
4362
4362
4362
4362
4362
4770
5118
5118
5118
5118
5118
5118
5118
5118
5118
4756
4756
4756
4756
4756
4756
4756
4756
4756
5013
5013
5375
5375
5375
5375
5375
5375
5375
5375
5375
5375
5375
5375
5375
5375
5375
5375
5375
5375
5375
5375
5375
5375
5375
5375
5375
5375
5375
5375
5375
5375
5375
5375
5375
5375
5375
5375
5375
5375
5375
5375
5375
5375
5375
5375
5375
5375
5375
5375
5375
5375
5375
5375
5375
5375
5375
5375
5375
5375
5375
5375
5375
5375
5375
5375
5375
5375
5375
5124
5124
5124
5375
5375
5375
5375
5375
5375
5375
5375
5375
5375
5375
5375
5375
5375
5375
5375
5375
5375
5375
5375
5375
5375
5375
5375
5375
5375
5375
5375
4967
4967
4967
4967
4967
4967
4967
4967
4967
4967
4967
4967
4967
4967
4967
4967
4967
4967
4967
4967
4967
4967
4967
4967
4967
4967
4967
4967
4967
4967
4967
4967
4967
4967
4967
4967
4967
4967
4967
4967
4967
4967
4967
5375
5375
5375
5375
5375
5375
5375
5375
5375
5375
5375
5375
5375
5375
5375
5375
5375
5375
5375
5375
5375
5375
5375
5375
5375
5375
5375
5375
5375
5375
5375
5375
5375
5375
5375
5375
5375
5375
5375
5375
5375
5375
5375
5375
5375
5375
5375
5375
5375
5375
5375
5375
5375
5375
5375
5375
5375
5375
5375
5375
5375
5375
5375
5375
5375
5375
5375
5375
5375
5375
5375
5375
5375
5375
5375
5375
5375
5375
5375
5375
5375
5375
5375
5375
5375
5375
5375
5375
5375
5375
5375
5375
5375
5375
5375
5375
5375
5375
5375
5375
5375
5375
5375
5375
5375
5375
5375
5375
5375
5375
5375
5375
5375
5375
5375
5375
5375
5375
5375
5375
5375
5375
5375
5375
5375
5375
5375
5375
5375
5375
5375
5375
5375
5375
5375
5375
5375
5375
5375
5375
5375
5375
5375
5375
5375
5375
5375
5375
5375
5375
5375
5375
5375
5375
5375
5375
5375
5375
5375
5375
5375
5375
5375
5375
5375
5375
5375
5375
5375
5375
5375
5375
5375
5375
5375
5375
5375
5375
5375
5375
5375
5375
5375
5375
5375
5375
5375
5375
5375
5375
5375
5375
5375
5375
5375
5375
5375
5375
5375
5375
5375
5375
5375
5375
5375
5375
5375
5375
5375
5375
5375
5375
5375
5375
5375
5375
5375
5375
5375
5375
5375
5375
5375
5375
5375
5375
5375
5375
5375
5375
5375
5375
5375
5375
5375
5375
5375
5375
5375
5375
5375
5375
5375
5375
5375
5375
5375
5375
5375
5375
5375
5375
5375
5375
5375
5375
5375
5375
5375
5375
5375
5375
5375
5375
5375
5375
5375
5375
5375
5375
5375
5375
5375
5375
5375
5375
5375
5375
5375
5375
5375
5375
5375
5375
5375
5375
5375
5375
5375
5375
5375
5375
5375
5375
5375
5375
5375
5375
5375
5375
5375
5375
5375
5375
5375
5375
5375
5375
5375
5375
5375
5375
5375
5375
5375
5375
5375
5375
5375
5375
5375
5375
5375
5375
5375
5375
5375
5375
5375
5375
5375
5375
5375
5375
5375
5375
5375
5375
5375
5375
5375
5375
5375
5375
5375
5375
5375
5375
5375
5375
5375
5375
5375
5375
5375
5375
5375
5375
5375
5375
5375
5375
5375
5375
5375
5375
5375
5375
5375
5375
5375
5375
5375
5375
5375
5375
5375
5375
5375
5375
5375
5375
5375
5375
5375
5375
5375
5375
5375
5375
5375
5375
5375
5375
5375
5375
5375
5375
5375
5375
5375
5375
5375
5375
5375
5375
5375
5375
5375
5375
5375
5375
5375
5375
5375
5375
5375
5375
5375
5375
5375
5375
5375
5375
5375
5375
5375
5375
5375
5375
5375
5375
5375
5375
5375
5375
5375
5375
5375
5375
5375
5375
5375
5375
5375
5375
5375
5375
5375
5375
5375
5375
5375
5375
5375
5375
5375
5375
5375
5375
5375
5375
5375
5375
5375
5375
5375
5375
5375
5375
5375
5375
5375
5375
5375
5375
5375
5375
5375
5375
5375
5375
5375
5375
5375
5375
5375
5375
5375
5375
5375
5375
5375
5375
5375
5375
5375
5375
5375
5375
5375
5375
5375
5375
5375
5375
5375
5375
5375
5375
5375
5375
5375
5375
5375
5375
5375
5375
5375
5375
5375
5375
5375
5375
5375
5375
5375
5375
5375
5375
5375
5375
5375
5375
5375
5375
5375
5375
5375
5375
5375
5375
5375
5375
5375
5375
5375
5375
5375
5375
5375
5375
5375
5375
5375
5375
5375
5375
5375
5375
5375
5375
5375
5375
5375
5375
5375
5375
5375
5375
5375
5375
5375
5375
5375
5375
5375
5375
5375
5375
5375
5375
5375
5375
5375
5375
5375
5375
5375
5375
5375
5375
5375
5375
5375
5375
5375
5375
5375
5375
5375
5375
5375
5375
5375
5375
5375
5375
5375
5375
5375
5375
5375
5375
5375
5375
5375
5375
5375
5375
5375
5375
5375
5375
5375
5375
5375
5375
5375
5375
5375
5375
5375
5375
5375
5375
5375
5375
5375
5375
5375
5375
5375
5375
5375
5375
5375
5375
5375
5375
5375
5375
5375
5375
5375
5375
5375
5375
5375
5375
5375
5375
5375
5375
5375
5375
5375
5375
5375
5375
5375
5375
5375
5375
5375
5375
5375
5375
5375
5375
5375
5375
5375
5375
5375
5375
5375
5375
5375
5375
5375
5375
5375
5375
5375
5375
5375
5375
5375
5375
5375
5375
5375
5375
5375
5375
5375
5375
5375
5375
5375
5375
5375
5375
5375
5375
5375
5375
5375
5375
5375
5375
5375
5375
5375
5375
5375
5375
5375
5375
5375
5375
5375
5375
5375
5375
5375
5375
5375
5375
5375
5375
5375
5375
5375
5375
5375
5375
5375
5375
5375
5375
5375
5375
5375
5375
5375
5375
5375
5375
5375
5375
5375
5375
5375
5375
5375
5375
5375
5375
5375
5375
5375
5375
5375
5375
5375
5375
5375
5375
5375
5375
5375
5375
5375
5375
5375
5375
5375
5375
5375
5375
5375
5375
5375
5375
5375
5375
5375
5375
5375
5375
5375
5375
5375
5375
5375
5375
5375
5375
5375
5375
5375
5375
5375
5375
5375
5375
5375
5375
5375
5375
5375
5375
5375
5375
5375
5375
5375
5375
5375
5375
5375
5375
5375
5375
5375
5375
5375
5375
5375
5375
5375
5375
5375
5375
5375
5375
5375
5375
5375
5375
5375
5375
5375
5375
5375
5375
5375
5375
5375
5375
5375
5375
5375
5375
5375
5375
5375
5375
5375
5375
5375
5375
5375
5375
5375
5375
5375
5375
5375
5375
5375
5375
5375
5375
5375
5375
5375
5375
5375
5375
5375
5375
5375
5375
5375
5375
5375
5375
5375
5375
5375
5375
5375
5375
5375
5375
5375
5375
5375
5375
5375
5375
5375
5375
5375
5375
5375
5375
5375
5375
5375
5375
5375
5375
5375
5375
5375
5375
5375
5375
5375
5375
5375
5375
5375
5375
5375
5375
5375
5375
5375
5375
5375
5375
5375
5375
5375
5375
5375
5375
5375
5375
5375
5375
5375
5375
5375
5375
5375
5375
5375
5375
5375
5375
5375
5375
5375
5375
5375
5375
5375
5375
5375
5375
5375
5375
5375
5375
5375
5375
5375
5375
5375
5375
5375
5375
5375
5375
5375
5375
5375
5375
5375
5375
5375
5375
5375
5375
5375
5375
5375
5375
5375
5375
5375
5375
5375
5375
5375
5375
5375
5375
5375
5375
5375
5375
5375
5375
5375
5375
5375
5375
5375
5375
5375
5375
5375
5375
5375
5375
5375
5375
5375
5375
5375
5375
5375
5375
5375
5375
5375
5375
5375
5375
5375
5375
5375
5375
5375
5375
5375
5375
5375
5375
5375
5375
5375
5375
5375
5375
5375
5375
5375
5375
5375
5375
5375
5375
5375
5375
5375
5375
5375
5375
5375
5375
5375
5375
5375
5375
5375
5375
5375
5375
5375
5375
5375
5375
5375
5375
5375
5375
5375
5375
5375
5375
5375
5375
5375
5375
5375
5375
5375
5375
5375
5375
5375
5375
5375
5375
5375
5375
5375
5375
5375
5375
5375
5375
5375
5375
5375
5375
5375
5375
5375
5375
5375
5375
5375
5375
5375
5375
5375
5375
5375
5375
5375
5375
5375
5375
5375
5375
5375
5375
5375
5375
5375
5375
5375
5375
5375
5375
5375
5375
5375
5375
5375
5375
5375
5375
5375
5375
5375
5375
5375
5375
5375
5375
5375
5375
5375
5375
5375
5375
5375
5375
5375
5375
5375
5375
5375
5375
5375
5375
5375
5375
5375
5375
5375
5375
5375
5375
5375
5375
5375
5375
5375
5375
5375
5375
5375
5375
5375
5375
5375
5375
5375
5375
5375
5375
5375
5375
5375
5375
5375
5375
5375
5375
5375
5375
5375
5375
5375
5375
5375
5375
5375
5375
5375
5375
5375
5375
5375
5375
5375
5375
5375
5375
5375
5375
5375
5375
5375
5375
5375
5375
5375
5375
5375
5375
5375
5375
5375
5375
5375
5375
5375
5375
5375
5375
5375
5375
5375
5375
5375
5375
5375
5375
5375
5375
5375
5375
5375
5375
5375
5375
5375
5375
5375
5375
5375
5375
5375
5375
5375
5375
5375
5375
5375
5375
5375
5375
5375
5375
5375
5375
5375
5375
5375
5375
5375
5375
5375
5375
5375
5375
5375
5375
5375
5375
5375
5375
5375
5375
5375
5375
5375
5375
5375
5375
5375
5375
5375
5375
5375
5375
5375
5375
5375
5375
5375
5375
5375
5375
5375
5375
5375
5375
5375
5375
5375
5375
5375
5375
5375
5375
5375
5375
5375
5375
5375
5375
5375
5375
5375
5375
5375
5375
5375
5375
5375
5375
5375
5375
5375
5375
5375
5375
5375
5375
5375
5375
5375
5375
5375
5375
5375
5375
5375
5375
5375
5375
5375
5375
5375
5375
5375
5375
5375
5375
5375
5375
5375
5375
5375
5375
5375
5375
5375
5375
5375
5375
5375
5375
5375
5375
5375
5375
5375
5375
5375
5375
5375
5375
5375
5375
5375
5375
5375
5375
5375
5375
5375
5375
5375
5375
5375
5375
5375
5375
5375
5375
5375
5375
5375
5375
5375
5375
5375
5375
5375
5375
5375
5375
5375
5375
5375
5375
5375
5375
5375
5375
5375
5375
5375
5375
5375
5375
5375
5375
5375
5375
5375
5375
5375
5375
5375
5375
5375
5375
5375
5375
5375
5375
5375
5375
5375
5375
5375
5375
5375
5375
5375
5375
5375
5375
5375
5375
5375
5375
5375
5375
5375
5375
5375
5375
5375
5375
5375
5375
5375
5375
5375
5375
5375
5375
5375
5375
5375
5375
5375
5375
5375
5375
5375
5375
5375
5375
5375
5375
5375
5375
5375
5375
5375
5375
5375
5375
5375
5375
5375
5375
5375
5375
5375
5375
5375
5375
5375
5375
5375
5375
5375
5375
5375
5375
5375
5375
5375
5375
5375
5375
5375
5375
5375
5375
5375
5375
5375
5375
5375
5375
5375
5375
5375
5375
5375
5375
5375
5375
5375
5375
5375
5375
5375
5375
5375
5375
5375
5375
5375
5375
5375
5375
5375
5375
5375
5375
5375
5375
5375
5375
5375
5375
5375
5375
5375
5375
5375
5375
5375
5375
5375
5375
5375
5375
5375
5375
5375
5375
5375
5375
5375
5375
5375
5375
5375
5375
5375
5375
5375
5375
5375
5375
5375
5375
5375
5375
5375
5375
5375
5375
5375
5375
5375
5375
5375
5375
5375
5375
5375
5375
5375
5375
5375
5375
5375
5375
5375
5375
5375
5375
5375
5375
5375
5375
5375
5375
5375
5375
5375
5375
5375
5375
5375
5375
5375
5375
5375
5375
5375
5375
5375
5375
5375
5375
5375
5375
5375
5375
5375
5375
5375
5375
5375
5375
5375
5375
5375
5375
5375
5375
5375
5375
5375
5375
5375
5375
5375
5375
5375
5375
5375
5375
5375
5375
5375
5375
5375
5375
5375
5375
5375
5375
5375
5375
5375
5375
5375
5375
5375
5375
5375
5375
5375
5375
5375
5375
5375
5375
5375
5375
5375
5375
5375
5375
5375
5375
5375
5375
5375
5375
5375
5375
5375
5375
5375
5375
5375
5375
5375
5375
5375
5375
5375
5375
5375
5375
5375
5375
5375
5375
5375
5375
5375
5375
5375
5375
5375
5375
5375
5375
5375
5375
5375
5375
5375
5375
5375
5375
5375
5375
5375
5375
5375
5375
5375
5375
5375
5375
5375
5375
5375
5375
5375
5375
5375
5375
5375
5375
5375
5375
5375
5375
5375
5375
5375
5375
5375
5375
5375
5375
5375
5375
5375
5375
5375
5375
5375
5375
5375
5375
5375
5375
5375
5375
5375
5375
5375
5375
5375
5375
5375
5375
5375
5375
5375
5375
5375
5375
5375
5375
5375
5375
5375
5375
5375
5375
5375
5375
5375
5375
5375
5375
5375
5375
5375
5375
5375
5375
5375
5375
5375
5375
5375
5375
5375
5375
5375
5375
5375
5375
5375
5375
5375
5375
5375
5375
5375
5375
5375
5375
5375
5375
5375
5375
5375
5375
5375
5375
5375
5375
5375
5375
5375
5375
5375
5375
5375
5375
5375
5375
5375
5375
5375
5375
5375
5375
5375
5375
5375
5375
5375
5375
5375
5375
5375
5375
5375
5375
5375
5375
5375
5375
5375
5375
5375
5375
5375
5375
5375
5375
5375
5375
5375
5375
5375
5375
5375
5375
5375
5375
5375
5375
5375
5375
5375
5375
5375
5375
5375
5375
5375
5375
5375
5375
5375
5375
5375
5375
5375
5375
5375
5375
5375
5375
5375
5375
5375
5375
5375
5375
5375
5375
5375
5375
5375
5375
5375
5375
5375
5375
5375
5375
5375
5375
5375
5375
5375
5375
5375
5375
5375
5375
5375
5375
5375
5375
5375
5375
5375
5375
5375
5375
5375
5375
5375
5375
5375
5375
5375
5375
5375
5375
5375
5375
5375
5375
5375
5375
5375
5375
5375
5375
5375
5375
5375
5375
5375
5375
5375
5375
5375
5375
5375
5375
5375
5375
5375
5375
5375
5375
5375
5375
5375
5375
5375
5375
5375
5375
5375
5375
5375
5375
5375
5375
5375
5375
5375
5375
5375
5375
5375
5375
5375
5375
5375
5375
5375
5375
5375
5375
5375
5375
5375
5375
5375
5375
5375
5375
5375
5375
5375
5375
5375
5375
5375
5375
5375
5375
5375
5375
5375
5375
5375
5375
5375
5375
5375
5375
5375
5375
5375
5375
5375
5375
5375
5375
5375
5375
5375
5375
5375
5375
5375
5375
5375
5375
5375
5375
5375
5375
5375
5375
5375
5375
5375
5375
5375
5375
5375
5375
5375
5375
5375
5375
5375
5375
5375
5375
5375
5375
5375
5375
5375
5375
5375
5375
5375
5375
5375
5375
5375
5375
5375
5375
5375
5375
5375
5375
5375
5375
5375
5375
5375
5375
5375
5375
5375
5375
5375
5375
5375
5375
5375
5375
5375
5375
5375
5375
5375
5375
5375
5375
5375
5375
5375
5375
5375
5375
5375
5375
5375
5375
5375
5375
5375
5375
5375
5375
5375
5375
5375
5375
5375
5375
5375
5375
5375
5375
5375
5375
5375
5375
5375
5375
5375
5375
5375
5375
5375
5375
5375
5375
5375
5375
5375
5375
5375
5375
5375
5375
5375
5375
5375
5375
5375
5375
5375
5375
5375
5375
5375
5375
5375
5375
5375
5375
5375
5375
5375
5375
5375
5375
5375
5375
5375
5375
5375
5375
5375
5375
5375
5375
5375
5375
5375
5375
5375
5375
5375
5375
5375
5375
5375
5375
5375
5375
5375
5375
5375
5375
5375
5375
5375
5375
5375
5375
5375
5375
5375
5375
5375
5375
5375
5375
5375
5375
5375
5375
5375
5375
5375
5375
5375
5375
5375
5375
5375
5375
5375
5375
5375
5375
5375
5375
5375
5375
5375
5375
5375
5375
5375
5375
5375
5375
5375
5375
5375
5375
5375
5375
5375
5375
5375
5375
5375
5375
5375
5375
5375
5375
5375
5375
5375
5375
5375
5375
5375
5375
5375
5375
5375
5375
5375
5375
5375
5375
5375
5375
5375
5375
5375
5375
5375
5375
5375
5375
5375
5375
5375
5375
5375
5375
5375
5375
5375
5375
5375
5375
5375
5375
5375
5375
5375
5375
5375
5375
5375
5375
5375
5375
5375
5375
5375
5375
5375
5375
5375
5375
5375
5375
5375
5375
5375
5375
5375
5375
5375
5375
5375
5375
5375
5375
5375
5375
5375
5375
5375
5375
5375
5375
5375
5375
5375
5375
5375
5375
5375
5375
5375
5375
5375
5375
5375
5375
5375
5375
5375
5375
5375
5375
5375
5375
5375
5375
5375
5375
5375
5375
5375
5375
5375
5375
5375
5375
5375
5375
5375
5375
5375
5375
5375
5375
5375
5375
5375
5375
5375
5375
5375
5375
5375
5375
5375
5375
5375
5375
5375
5375
5375
5375
5375
5375
5375
5375
5375
5375
5375
5375
5375
5375
5375
5375
5375
5375
5375
5375
5375
5375
5375
5375
5375
5375
5375
5375
5375
5375
5375
5375
5375
5375
5375
5375
5375
5375
5375
5375
5375
5375
5375
5375
5375
5375
5375
5375
5375
5375
5375
5375
5375
5375
5375
5375
5375
5375
5375
5375
5375
5375
5375
5375
5375
5375
5375
5375
5375
5375
5375
5375
5375
5375
5375
5375
5375
5375
5375
5375
5375
5375
5375
5375
5375
5375
5375
5375
5375
5375
5375
5375
5375
5375
5375
5375
5375
5375
5375
5375
5375
5375
5375
5375
5375
5375
5375
5375
5375
5375
5375
5375
5375
5375
5375
5375
5375
5375
5375
5375
5375
5375
5375
5375
5375
5375
5375
5375
5375
5375
5375
5375
5375
5375
5375
5375
5375
5375
5375
5375
5375
5375
5375
5375
5375
5375
5375
5375
5375
5375
5375
5375
5375
5375
5375
5375
5375
5375
5375
5375
5375
5375
5375
5375
5375
5375
5375
5375
5375
5375
5375
5375
5375
5375
5375
5375
5375
5375
5375
5375
5375
5375
5375
5375
5375
5375
5375
5375
5375
5375
5375
5375
5375
5375
5375
5375
5375
5375
5375
5375
5375
5375
5375
5375
5375
5375
5375
5375
5375
5375
5375
5375
5375
5375
5375
5375
5375
5375
5375
5375
5375
5375
5375
5375
5375
5375
5375
5375
5375
5375
5375
5375
5375
5375
5375
5375
5375
5375
5375
5375
5375
5375
5375
5375
5375
5375
5375
5375
5375
5375
5375
5375
5375
5375
5375
5375
5375
5375
5375
5375
5375
5375
5375
5375
5375
5375
5375
5375
5375
5375
5375
5375
5375
5375
5375
5375
5375
5375
5375
5375
5375
5375
5375
5375
5375
5375
5375
5375
5375
5375
5375
5375
5375
5375
5375
5375
5375
5375
5375
5375
5375
5375
5375
5375
5375
5375
5375
5375
5375
5375
5375
5375
5375
5375
5375
5375
5375
5375
5375
5375
5375
5375
5375
5375
5375
5375
5375
5375
5375
5375
5375
5375
5375
5375
5375
5375
5375
5375
5375
5375
5375
5375
5375
5375
5375
5375
5375
5375
5375
5375
5375
5375
5375
5375
5375
5375
5375
5375
5375
5375
5375
5375
5375
5375
5375
5375
5375
5375
5375
5375
5375
5375
5375
5375
5375
5375
5375
5375
5375
5375
5375
5375
5375
5375
5375
5375
5375
5375
5375
5375
5375
5375
5375
5375
5375
5375
5375
5375
5375
5375
5375
5375
5375
5375
5375
5375
5375
5375
5375
5375
5375
5375
5375
5375
5375
5375
5375
5375
5375
5375
5375
5375
5375
5375
5375
5375
5375
5375
5375
5375
5375
5375
5375
5375
5375
5375
5375
5375
5375
5375
5375
5375
5375
5375
5375
5375
5375
5375
5375
5375
5375
5375
5375
5375
5375
5375
5375
5375
5375
5375
5375
5375
5375
5375
5375
5375
5375
5375
5375
5375
5375
5375
5375
5375
5375
5375
5375
5375
5375
5375
5375
5375
5375
5375
5375
5375
5375
5375
5375
5375
5375
5375
5375
5375
5375
5375
5375
5375
5375
5375
5375
5375
5375
5375
5375
5375
5375
5375
5375
5375
5375
5375
5375
5375
5375
5375
5375
5375
5375
5375
5375
5375
5375
5375
5375
5375
5375
5375
5375
5375
5375
5375
5375
5375
5375
5375
5375
5375
5375
5375
5375
5375
5375
5375
5375
5375
5375
5375
5375
5375
5375
5375
5375
5375
5375
5375
5375
5375
5375
5375
5375
5375
5375
5375
5375
5375
5375
5375
5375
5375
5375
5375
5375
5375
5375
5375
5375
5375
5375
5375
5375
5375
5375
5375
5375
5375
5375
5375
5375
5375
5375
5375
5375
5375
5375
5375
5375
5375
5375
5375
5375
5375
5375
5375
5375
5375
5375
5375
5375
5375
5375
5375
5375
5375
5375
5375
5375
5375
5375
5375
5375
5375
5375
5375
5375
5375
5375
5375
5375
5375
5375
5375
5375
5375
5375
5375
5375
5375
5375
5375
5375
5375
5375
5375
5375
5375
5375
5375
5375
5375
5375
5375
5375
5375
5375
5375
5375
5375
5375
5375
5375
5375
5375
5375
5375
5375
5375
5375
5375
5375
5375
5375
5375
5375
5375
5375
5375
5375
5375
5375
5375
5375
5375
5375
5375
5375
5375
5375
5375
5375
5375
5375
5375
5375
5375
5375
5375
5375
5375
5375
5375
5375
5375
5375
5375
5375
5375
5375
5375
5375
5375
5375
5375
5375
5375
5375
5375
5375
5375
5375
5375
5375
5375
5375
5375
5375
5375
5375
5375
5375
5375
5375
5375
5375
5375
5375
5375
5375
5375
5375
5375
5375
5375
5375
5375
5375
5375
5375
5375
5375
5375
5375
5375
5375
5375
5375
5375
5375
5375
5375
5375
5375
5375
5375
5375
5375
5375
5375
5375
5375
5375
5375
5375
5375
5375
5375
5375
5375
5375
5375
5375
5375
5375
5375
5375
5375
5375
5375
5375
5375
5375
5375
5375
5375
5375
5375
5375
5375
5375
5375
5375
5375
5375
5375
5375
5375
5375
5375
5375
5375
5375
5375
5375
5375
5375
5375
5375
5375
5375
5375
5375
5375
5375
5375
5375
5375
5375
5375
5375
5375
5375
5375
5375
5375
5375
5375
5375
5375
5375
5375
5375
5375
5375
5375
5375
5375
5375
5375
5375
5375
5375
5375
5375
5375
5375
5375
5375
5375
5375
5375
5375
5375
5375
5375
5375
5375
5375
5375
5375
5375
5375
5375
5375
5375
5375
5375
5375
5375
5375
5375
5375
5375
5375
5375
5375
5375
5375
5375
5375
5375
5375
5375
5375
5375
5375
5375
5375
5375
5375
5375
5375
5375
5375
5375
5375
5375
5375
5375
5375
5375
5375
5375
5375
5375
5375
5375
5375
5375
5375
5375
5375
5375
5375
5375
5375
5375
5375
5375
5375
5375
5375
5375
5375
5375
5375
5375
5375
5375
5375
5375
5375
5375
5375
5375
5375
5375
5375
5375
5375
5375
5375
5375
5375
5375
5375
5375
5375
5375
5375
5375
5375
5375
5375
5375
5375
5375
5375
5375
5375
5375
5375
5375
5375
5375
5375
5375
5375
5375
5375
5375
5375
5375
5375
5375
5375
5375
5375
5375
5375
5375
5375
5375
5375
5375
5375
5375
5375
5375
5375
5375
5375
5375
5375
5375
5375
5375
5375
5375
5375
5375
5375
5375
5375
5375
5375
5375
5375
5375
5375
5375
5375
5375
5375
5375
5375
5375
5375
5375
5375
5375
5375
5375
5375
5375
5375
5375
5375
5375
5375
5375
5375
5375
5375
5375
5375
5375
5375
5375
5375
5375
5375
5375
5375
5375
5375
5375
5375
5375
5375
5375
5375
5375
5375
5375
5375
5375
5375
5375
5375
5375
5375
5375
5375
5375
5375
5375
5375
5375
5375
5375
5375
5375
5375
5375
5375
5375
5375
5375
5375
5375
5375
5375
5375
5375
5375
5375
5375
5375
5375
5375
5375
5375
5375
5375
5375
5375
5375
5375
5375
5375
5375
5375
5375
5375
5375
5375
5375
5375
5375
5375
5375
5375
5375
5375
5375
5375
5375
5375
5375
5375
5375
5375
5375
5375
5375
5375
5375
5375
5375
5375
5375
5375
5375
5375
5375
5375
5375
5375
5375
5375
5375
5375
5375
5375
5375
5375
5375
5375
5375
5375
5375
5375
5375
5375
5375
5375
5375
5375
5375
5375
5375
5375
5375
5375
5375
5375
5375
5375
5375
5375
5375
5375
5375
5375
5375
5375
5375
5375
5375
5375
5375
5375
5375
5375
5375
5375
5375
5375
5375
5375
5375
5375
5375
5375
5375
5375
5375
5375
5375
5375
5375
5375
5375
5375
5375
5375
5375
5375
5375
5375
5375
5375
5375
5375
5375
5375
5375
5375
5375
5375
5375
5375
5375
5375
5375
5375
5375
5375
5375
5375
5375
5375
5375
5375
5375
5375
5375
5375
5375
5375
5375
5375
5375
5375
5375
5375
5375
5375
5375
5375
5375
5375
5375
5375
5375
5375
5375
5375
5375
5375
5375
5375
5375
5375
5375
5375
5375
5375
5375
5375
5375
5375
5375
5375
5375
5375
5375
5375
5375
5375
5375
5375
5375
5375
5375
5375
5375
5375
5375
5375
5375
5375
5375
5375
5375
5375
5375
5375
5375
5375
5375
5375
5375
5375
5375
5375
5375
5375
5375
5375
5375
5375
5375
5375
5375
5375
5375
5375
5375
5375
5375
5375
5375
5375
5375
5375
5375
5375
5375
5375
5375
5375
5375
5375
5375
5375
5375
5375
5375
5375
5375
5375
5375
5375
5375
5375
5375
5375
5375
5375
5375
5375
5375
5375
5375
5375
5375
5375
5375
5375
5375
5375
5375
5375
5375
5375
5375
5375
5375
5375
5375
5375
5375
5375
5375
5375
5375
5375
5375
5375
5375
5375
5375
5375
5375
5375
5375
5375
5375
5375
5375
5375
5375
5375
5375
5375
5375
5375
5375
5375
5375
5375
5375
5375
5375
5375
5375
5375
5375
5375
5375
5375
5375
5375
5375
5375
5375
5375
5375
5375
5375
5375
5375
5375
5375
5375
5375
5375
5375
5375
5375
5375
5375
5375
5375
5375
5375
5375
5375
5375
5375
5375
5375
5375
5375
5375
5375
5375
5375
5375
5375
5375
5375
5375
5375
5375
5375
5375
5375
5375
5375
5375
5375
5375
5375
5375
5375
5375
5375
5375
5375
5375
5375
5375
5375
5375
5375
5375
5375
5375
5375
5375
5375
5375
5375
5375
5375
5375
5375
5375
5375
5375
5375
5375
5375
5375
5375
5375
5375
5375
5375
5375
5375
5375
5375
5375
5375
5375
5375
5375
5375
5375
5375
5375
5375
5375
5375
5375
5375
5375
5375
5375
5375
5375
5375
5375
5375
5375
5375
5375
5375
5375
5375
5375
5375
5375
5375
5375
5375
5375
5375
5375
5375
5375
5375
5375
5375
5375
5375
5375
5375
5375
5375
5375
5375
5375
5375
5375
5375
5375
5375
5375
5375
5375
5375
5375
5375
5375
5375
5375
5375
5375
5375
5375
5375
5375
5375
5375
5375
5375
5375
5375
5375
5375
5375
5375
5375
5375
5375
5375
5375
5375
5375
5375
5375
5375
5375
5375
5375
5375
5375
5375
5375
5375
5375
5375
5375
5375
5375
5375
5375
5375
5375
5375
5375
5375
5375
5375
5375
5375
5375
5375
5375
5375
5375
5375
5375
5375
5375
5375
5375
5375
5375
5375
5375
5375
5375
5375
5375
5375
5375
5375
5375
5375
5375
5375
5375
5375
5375
5375
5375
5375
5375
5375
5375
5375
5375
5375
5375
5375
5375
5375
5375
5375
5375
5375
5375
5375
5375
5375
5375
5375
5375
5375
5375
5375
5375
5375
5375
5375
5375
5375
5375
5375
5375
5375
5375
5375
5375
5375
5375
5375
5375
5375
5375
5375
5375
5375
5375
5375
5375
5375
5375
5375
5375
5375
5375
5375
5375
5375
5375
5375
5375
5375
5375
5375
5375
5375
5375
5375
5375
5375
5375
5375
5375
5375
5375
5375
5375
5375
5375
5375
5375
5375
5375
5375
5375
5375
5375
5375
5375
5375
5375
5375
5375
5375
5375
5375
5375
5375
5375
5375
5375
5375
5375
5375
5375
5375
5375
5375
5375
5375
5375
5375
5375
5375
5375
5375
5375
5375
5375
5375
5375
5375
5375
5375
5375
5375
5375
5375
5375
5375
5375
5375
5375
5375
5375
5375
5375
5375
5375
5375
5375
5375
5375
5375
5375
5375
5375
5375
5375
5375
5375
5375
5375
5375
5375
5375
5375
5375
5375
5375
5375
5375
5375
5375
5375
5375
5375
5375
5375
5375
5375
5375
5375
5375
5375
5375
5375
5375
5375
5375
5375
5375
5375
5375
5375
5375
5375
5375
5375
5375
5375
5375
5375
5375
5375
5375
5375
5375
5375
5375
5375
5375
5375
5375
5375
5375
5375
5375
5375
5375
5375
5375
5375
5375
5375
5375
5375
5375
5375
5375
5375
5375
5375
5375
5375
5375
5375
5375
5375
5375
5375
5375
5375
5375
5375
5375
5375
5375
5375
5375
5375
5375
5375
5375
5375
5375
5375
5375
5375
5375
5375
5375
5375
5375
5375
5375
5375
5375
5375
5375
5375
5375
5375
5375
5375
5375
5375
5375
5375
5375
5375
5375
5375
5375
5375
5375
5375
5375
5375
5375
5375
5375
5375
5375
5375
5375
5375
5375
5375
5375
5375
5375
5375
5375
5375
5375
5375
5375
5375
5375
5375
5375
5375
5375
5375
5375
5375
5375
5375
5375
5375
5375
5375
5375
5375
5375
5375
5375
5375
5375
5375
5375
5375
5375
5375
5375
5375
5375
5375
5375
5375
5375
5375
5375
5375
5375
5375
5375
5375
5375
5375
5375
5375
5375
5375
5375
5375
5375
5375
5375
5375
5375
5375
5375
5375
5375
5375
5375
5375
5375
5375
5375
5375
5375
5375
5375
5375
5375
5375
5375
5375
5375
5375
5375
5375
5375
5375
5375
5375
5375
5375
5375
5375
5375
5375
5375
5375
5375
5375
5375
5375
5375
5375
5375
5375
5375
5375
5375
5375
5375
5375
5375
5375
5375
5375
5375
5375
5375
5375
5375
5375
5375
5375
5375
5375
5375
5375
5375
5375
5375
5375
5375
5375
5375
5375
5375
5375
5375
5375
5375
5375
5375
5375
5375
5375
5375
5375
5375
5375
5375
5375
5375
5375
5375
5375
5375
5375
5375
5375
5375
5375
5375
5375
5375
5375
5375
5375
5375
5375
5375
5375
5375
5375
5375
5375
5375
5375
5375
5375
5375
5375
5375
5375
5375
5375
5375
5375
5375
5375
5375
5375
5375
5375
5375
5375
5375
5375
5375
5375
5375
5375
5375
5375
5375
5375
5375
5375
5375
5375
5375
5375
5375
5375
5375
5375
5375
5375
5375
5375
5375
5375
5375
5375
5375
5375
5375
5375
5375
5375
5375
5375
5375
5375
5375
5375
5375
5375
5375
5375
5375
5375
5375
5375
5375
5375
5375
5375
5375
5375
5375
5375
5375
5375
5375
5375
5375
5375
5375
5375
5375
5375
5375
5375
5375
5375
5375
5375
5375
5375
5375
5375
5375
5375
5375
5375
5375
5375
5375
5375
5375
5375
5375
5375
5375
5375
5375
5375
5375
5375
5375
5375
5375
5375
5375
5375
5375
5375
5375
5375
5375
5375
5375
5375
5375
5375
5375
5375
5375
5375
5375
5375
5375
5375
5375
5375
5375
5375
5375
5375
5375
5375
5375
5375
5375
5375
5375
5375
5375
5375
5375
5375
5375
5375
5375
5375
5375
5375
5375
5375
5375
5375
5375
5375
5375
5375
5375
5375
5375
5375
5375
5375
5375
5375
5375
5375
5375
5375
5375
5375
5375
5375
5375
5375
5375
5375
5375
5375
5375
5375
5375
5375
5375
5375
5375
5375
5375
5375
5375
5375
5375
5375
5375
5375
5375
5375
5375
5375
5375
5375
5375
5375
5375
5375
5375
5375
5375
5375
5375
5375
5375
5375
5375
5375
5375
5375
5375
5375
5375
5375
5375
5375
5375
5375
5375
5375
5375
5375
5375
5375
5375
5375
5375
5375
5375
5375
5375
5375
5375
5375
5375
5375
5375
5375
5375
5375
5375
5375
5375
5375
5375
5375
5375
5375
5375
5375
5375
5375
5375
5375
5375
5375
5375
5375
5375
5375
5375
5375
5375
5375
5375
5375
5375
5375
5375
5375
5375
5375
5375
5375
5375
5375
5375
5375
5375
5375
5375
5375
5375
5375
5375
5375
5375
5375
5375
5375
5375
5375
5375
5375
5375
5375
5375
5375
5375
5375
5375
5375
5375
5375
5375
5375
5375
5375
5375
5375
5375
5375
5375
5375
5375
5375
5375
5375
5375
5375
5375
5375
5375
5375
5375
5375
5375
5375
5375
5375
5375
5375
5375
5375
5375
5375
5375
5375
5375
5375
5375
5375
5375
5375
5375
5375
5375
5375
5375
5375
5375
5375
5375
5375
5375
5375
5375
5375
5375
5375
5375
5375
5375
5375
5375
5375
5375
5375
5375
5375
5375
5375
5375
5375
5375
5375
5375
5375
5375
5375
5375
5375
5375
