2602
2713
2957
2713
2761
2762
2861
2425
2723
2750
2702
2703
3100
3099
3100
3536
3509
3509
3847
3847
3305
3304
3304
3684
3685
3733
4275
4275
4519
4139
4384
3757
3756
3708
4088
4088
4088
4715
4173
4221
3883
3784
4186
4285
4126
3746
3422
3427
3586
3538
3565
3267
2831
2826
2825
2198
2198
2578
2583
2583
2631
2520
2276
2228
2566
2567
2615
2516
2760
2516
2517
2490
2490
2442
2045
2045
2072
2396
3023
3023
3071
3315
2977
2597
2994
3105
2708
2807
2180
2518
2274
2274
2671
2157
2156
2151
1754
1998
1971
1812
1971
1972
1972
2599
2440
2954
2855
2744
2749
2749
2505
2505
2181
2181
2208
2644
2643
2644
2743
2307
2302
2600
2711
2716
2715
3039
2715
2714
2714
2958
2959
2960
2715
2874
2869
2874
2536
2972
3369
2742
2742
2715
2667
2715
3342
3587
3342
3098
2800
2641
2244
2239
2140
2140
2299
2299
1897
2141
2439
2280
2232
2634
2336
1822
2160
2484
2643
2643
3185
3185
3185
3185
3074
2736
2736
2784
2382
2381
2380
2678
2705
3043
3154
3127
3128
3373
3887
3728
3617
3997
3998
3998
3753
3912
3588
3588
3615
3615
3614
3613
3454
3018
3117
3090
3091
3091
3118
2874
2494
2891
3135
3135
2797
2255
2593
2593
3029
2402
2804
2804
2777
2375
2699
2704
2704
2703
2704
2705
2606
2717
2744
2903
3445
2903
2579
2578
2677
3057
2813
2515
2839
2839
3083
3328
3084
3084
3057
3599
3085
3085
3085
2649
2311
2263
2290
2692
2312
2312
2650
2650
2698
2697
2698
2698
2374
2374
2810
3108
3009
2573
2573
2574
2032
2031
2026
1978
1979
2359
2061
1816
1821
1920
1761
1662
1661
1661
1660
2202
2091
2202
2829
2802
2175
2499
2547
2791
2950
3195
2815
2816
3330
2928
2928
2929
2929
2929
3309
3064
3466
3466
3565
3565
3454
4081
4517
4115
3573
3684
3684
3304
3060
3012
3007
3006
3005
3006
2907
2907
2907
2471
2519
2763
2790
3192
3033
2709
2709
2682
3062
3061
3066
3165
2763
2763
2922
2923
2923
2923
3465
3492
3737
3493
3817
3816
3492
3492
3493
3445
3346
2719
2692
3319
3721
3748
3206
3206
3179
3178
3277
3277
3325
3325
3569
3570
3173
3174
3472
3472
3796
4232
3605
3557
4099
3988
3983
4010
4010
4121
4121
3823
3281
3281
3579
3335
3732
3731
3433
3322
3566
3571
3233
3233
3233
2909
2909
3451
4078
4078
4073
4397
4402
4401
3887
3887
3888
3999
3597
2970
2969
3483
3885
3858
3858
3699
4326
4215
3818
3574
3971
3569
3867
3868
4270
4265
4265
4265
4424
4424
4265
3863
4022
4360
4360
4360
3924
3924
3825
3825
3825
3924
4035
3924
3924
3929
3532
3152
2907
2609
2604
2609
2609
3006
3442
3553
3454
3553
3442
3437
3099
2702
2702
3040
3420
3420
3718
3718
4115
3956
3632
3118
3145
3046
3145
3146
3257
2959
2959
2959
2964
3262
3151
3151
3151
3396
3297
2861
3105
3105
3216
3375
3264
3020
3456
3858
4102
4616
4219
4219
3974
4073
4046
3802
3801
3802
3643
3544
3544
3543
3642
3637
3257
3262
3262
3257
3284
3529
3528
3576
3577
3576
3576
3581
3825
4222
4223
4223
4603
4603
4927
4927
4525
4281
4281
4233
4233
4233
4234
4282
4393
4294
4289
3747
3502
3661
4063
4068
3554
3527
3527
3526
3129
3129
2749
2748
2748
3262
3262
3659
3654
3356
3357
2730
2974
3073
3073
3072
3317
3859
3860
3616
4243
4243
3998
3999
3602
3491
3491
3736
3847
3874
3874
3826
4206
4206
4450
4449
4449
4069
4069
3731
3731
3779
3778
3779
3534
3534
3132
3137
3089
3491
3492
3491
3829
3287
3128
2614
2912
2913
3455
3454
3454
3502
3747
3636
3537
3537
3934
3934
3498
3498
3609
3609
3609
3609
4045
4045
4204
4204
4203
3767
3740
3839
3791
3786
3687
3528
3687
3389
3389
3051
2654
2753
2780
2780
3177
3066
2524
2960
2960
2933
2981
3495
3251
3152
3179
3290
3263
3263
3290
3534
3210
2813
2813
3111
3111
3112
3492
3194
2949
2705
3247
3088
3093
3088
3187
3584
3829
3834
3829
3449
2907
2908
2908
2908
2908
3232
3570
3570
3570
3471
3471
3630
3630
3630
3228
3327
3168
3057
3057
3062
2435
2336
2331
2733
2977
2976
2540
2540
2541
2541
2977
2977
2463
2462
2462
3089
3089
3089
2845
2846
2522
2902
2657
2657
3171
3170
3122
3221
2883
2884
3129
3288
3189
3188
3189
3731
3731
3842
4166
4165
3768
4106
4205
4210
4210
4258
4253
3817
3790
3795
3696
3994
3835
3994
4238
4238
3994
3994
3995
3657
3498
3118
3515
3467
3467
3466
3565
3168
3195
3575
3623
3624
3868
3868
3868
3623
3623
4059
3948
4193
4193
3895
4292
4244
4244
3847
4006
4117
4018
4018
3616
4013
3854
3853
3853
3848
3524
3572
3572
3896
3354
3756
3855
4193
4193
3855
3860
3761
3920
3406
3358
3359
3657
3630
3519
3195
3036
3578
3036
3360
3355
3693
3693
3741
3768
3768
3768
3141
3146
3660
3819
3819
3660
4287
4829
4802
4754
4754
4754
4749
4749
4860
4887
4935
4538
4214
4611
4209
3582
3984
3984
4308
4313
4312
4312
4312
3974
3975
3975
3948
3947
3405
3400
3405
3404
3007
3345
2831
2586
2581
2582
3209
3210
2886
2886
3428
3673
3672
3561
3566
3725
3725
3323
3837
3837
4234
3989
3989
3990
3990
3554
3554
3554
3157
3156
3553
3553
3877
3876
3903
3744
3989
3609
3271
3609
3609
3609
4045
4018
4129
4509
4129
4018
4019
4178
3551
3392
3392
3392
3391
3391
3147
2605
2606
2717
2961
2663
2961
2564
2723
3350
3892
4294
3858
3858
4238
4238
4127
4127
3829
3830
3825
3830
3830
3671
3671
3666
3665
3341
3341
3293
3404
3801
3801
3801
3690
4126
4126
4174
4201
4525
4280
3942
3942
3943
3316
3475
3474
3475
3586
3585
3923
3896
4141
4142
4142
4142
4141
3817
4444
4543
4841
4596
4601
4925
4826
4925
4826
4778
4877
4872
4761
4872
4628
4628
4629
4291
4291
4536
4022
4536
4536
4563
4166
4166
4166
4504
4102
4102
3943
3605
3943
4102
4499
4499
4498
4546
4498
4498
4498
4498
4498
4101
4503
4503
4476
4377
4377
4425
4023
4023
4023
4023
4023
4023
4022
4027
3729
3828
3829
3505
3406
3406
3704
3704
3703
3703
3703
3655
3656
3704
3704
3656
3656
3655
3682
3683
4085
4085
4085
4086
4086
4085
4080
4080
3700
3700
3700
3362
3362
3203
3203
3541
3296
3693
3582
3284
3582
3583
3828
3927
4251
4251
4251
4251
4251
4250
4409
4409
4012
4011
4059
4170
4171
4171
4415
4415
4304
4304
4277
4277
4282
3984
4095
4393
4393
4790
4388
3846
3846
3841
3841
3842
3743
3743
3445
3544
3571
3057
2898
3196
3196
2760
2759
3273
3278
3714
3715
3391
3386
3385
3385
3385
3286
3445
3847
3847
3736
3736
4060
3663
3762
3762
4159
4159
4159
4060
4159
4270
4159
4159
4159
4159
4000
4159
4159
4539
4491
4491
4247
3733
3732
3732
3976
3678
3242
3242
3242
3242
2997
3002
3002
2903
2903
2903
2276
2375
2375
1978
1978
1879
1990
1990
1990
2426
2426
2426
2823
3337
2957
3499
3598
3843
3505
3346
3394
3394
4021
4359
4021
3585
3883
3883
3784
3784
3784
3785
3784
3673
3429
3865
3860
3971
3972
4131
4131
4130
4130
3503
3508
3263
3152
3152
3532
3643
3616
3617
3617
3617
3612
3612
3612
3612
3215
3215
3167
3167
3056
2897
2897
2897
2355
2355
1975
1975
2602
2629
2728
2973
2973
3515
3563
3563
3563
3943
3943
3541
3652
3652
3407
3804
3804
3705
3706
3950
3950
3950
3949
4108
4113
4212
4101
4101
4101
4212
4101
4346
4346
4346
4346
4346
4457
4457
4159
4048
4043
4044
4382
4382
4058
4382
4382
4382
4493
4466
4493
4493
4394
4394
4393
4345
4318
3994
4042
3704
3545
3544
3643
3643
4045
4045
3946
3951
3951
4275
4270
3873
3873
4032
4032
4033
4033
4331
3951
3951
3956
3956
3554
3443
3444
3444
3543
3923
3923
4261
4213
4213
4054
4053
3808
3808
3856
3857
3809
3857
3857
3857
4016
4015
4417
4444
4444
4008
4008
4008
3764
3764
3764
4200
4199
4199
4200
4199
4199
4200
4200
4200
4200
4200
4201
4446
4446
4446
4445
4445
4445
4445
4445
4418
4413
4365
4365
4762
4663
4663
4227
4227
4471
3844
3844
3685
3347
3974
4001
4437
4437
4437
4193
4193
4531
4017
4261
4261
3963
4261
4775
4775
4748
4753
4753
4754
4754
4754
4456
4456
4754
4754
4749
4749
4748
4859
4864
4912
4912
4912
4912
5011
5170
5059
4545
4545
4545
4572
4683
4572
4030
3785
3784
3382
3382
3382
3382
3784
3784
3625
3327
3327
3327
3228
3228
3742
3418
3418
3529
3529
3524
3769
3769
4067
4072
4073
4074
4074
4398
4287
4239
4287
4042
4042
4041
4041
3993
4152
4251
4250
4495
4495
4495
4495
4495
4251
4251
4362
4410
4411
4113
4113
4014
4015
3856
3856
3518
4060
4060
4059
4011
4011
4170
4170
4169
3772
4110
4110
3865
3706
3706
3706
3865
3860
3860
4105
4105
4105
4105
4105
4105
4204
4045
3721
3769
3769
3770
3770
4014
4014
4312
4312
4313
4312
4213
4213
4610
4610
4610
4610
4610
4272
4272
4273
4611
4367
4367
4367
4366
4366
4365
4317
4317
4561
4561
4561
4561
4561
4561
4660
4660
4660
4549
4549
4152
4152
4152
4125
4236
4633
4253
4253
3626
3950
3951
3951
3956
3956
3956
3956
3951
4110
4110
4137
4142
4115
4742
4742
4737
4223
4223
4271
4172
4013
4013
3965
3970
3428
3104
3203
3203
2959
3501
3501
3500
3500
3389
3389
3384
3708
3709
3820
4200
4200
4227
4227
4228
4228
4227
3903
3903
3951
3951
3952
3952
4196
4196
4196
4085
4058
4010
4010
4010
4010
3630
3954
4113
4113
4113
4113
4113
3869
3917
3917
3944
3944
3944
3917
3917
3917
3917
3818
4198
4309
4309
4309
4823
4525
4530
4774
4774
4769
4524
4524
4524
4524
3897
3897
3897
3896
3901
3902
3902
3902
3929
3929
3902
3902
3854
3854
3854
3854
3953
3854
3853
3853
3952
3979
3979
3952
3947
3947
3947
3947
3974
3975
3595
3595
3595
4222
4222
3820
3819
3867
3470
3470
3371
3344
2908
2860
2959
2964
3344
3344
3344
3339
3180
3180
3180
3180
3181
3208
3207
3180
3185
3430
3430
3185
3483
3483
2856
2856
2856
2855
2856
3253
3498
3498
3499
3499
3201
3499
3499
3499
3658
3658
3658
3658
3547
3547
3983
3983
3983
3983
3978
3978
3977
3977
3982
3982
4009
4009
4009
4010
4005
4005
4004
3977
3977
3978
4026
4026
4428
4428
4433
4432
4432
4432
4432
4432
4459
4459
4432
4273
4900
4900
4927
5086
5197
5197
4683
4683
4345
4345
3803
3505
3103
3103
3103
2992
2992
3103
2706
2706
2706
2706
2679
3017
3044
3441
3955
3928
4470
4872
4872
4872
4773
4773
4773
4773
4772
4767
4719
5017
4906
4907
4907
4908
4908
4908
4908
4907
4907
4907
4907
4907
4907
4662
4662
4282
4283
4394
4394
4394
4442
4541
4541
4541
4568
4568
4567
4567
4567
4567
4170
4170
4170
4550
4550
4550
4451
4451
4451
4424
4424
4669
4669
5066
5071
5071
5072
5067
5019
5019
5019
5067
5067
4525
4414
4414
4414
4525
4525
4525
4525
4187
4187
4186
4285
4285
4285
4286
3906
3906
3905
3905
3904
3904
4446
4447
4348
4348
4375
4375
4051
3615
3615
3615
3615
3995
4000
4324
4325
4325
4298
4298
4298
4298
4636
4635
4391
4392
4636
4588
4588
4687
4687
4686
4687
4687
4687
4682
4682
4682
4682
4682
4682
4682
4682
4709
5145
5145
5046
5046
5046
5019
5019
5024
5024
5051
5150
4906
4747
4449
4693
4693
4741
4740
4740
4496
4251
4251
4251
4246
4198
4442
4442
4331
4331
4331
4007
4007
4007
4007
3908
4153
4154
4452
4452
4452
4452
4452
4154
4154
4313
4313
4313
4611
4616
4616
4616
4715
4715
4710
4710
4821
4821
4821
4821
4821
4820
4522
4522
4522
4820
4820
4819
4867
4872
4873
4873
4846
4846
4847
4846
4846
4846
4601
4601
4490
4735
4734
4735
4735
4735
4735
4735
4734
4734
4734
4734
4734
4735
5059
5054
5165
5165
5165
5164
4840
4840
4840
4841
4597
4597
4597
4602
4602
4602
4602
4597
4602
4846
4798
4798
4799
4799
4799
4794
4683
4682
4682
4682
4730
4841
4841
4841
4841
4742
4742
4742
4742
4742
4742
4742
4742
4742
4741
4840
4840
4840
4840
4438
4438
4438
4100
4100
4100
4100
4100
4100
4100
4100
4100
4127
4465
4438
4438
4439
4194
4194
4194
4083
3785
3790
4035
4035
4030
4328
4229
4230
4229
4230
4230
4230
4230
4229
4230
4632
4632
4743
4742
4444
4471
4471
4471
4471
4795
4795
4768
4444
4768
4768
5066
5065
5065
4820
4919
4920
4920
4920
4921
4921
4948
4947
4947
4899
4898
5143
5143
5144
5045
5045
5046
5094
5094
5094
5067
5067
5067
5067
5019
5019
4505
4504
4260
4287
3907
3907
3906
3906
4286
4334
4433
4095
4095
4095
3850
4364
4316
4289
4290
4290
4290
4290
4290
4290
3966
3966
3966
3966
4290
4291
4536
4536
4535
4535
4562
4562
4562
4562
4562
4610
4610
4610
4583
4583
4583
4583
4921
4921
4873
4359
4386
4386
4386
4386
4434
4433
4322
4322
4323
4322
4322
4322
4322
4323
4323
4567
4568
4568
4166
4166
4166
4171
4171
4171
4170
4170
4170
4170
4572
4572
4328
4842
4842
4842
4842
4518
4491
4491
4491
4492
4492
4492
4487
4439
4439
4439
4439
4439
4439
4439
4438
4437
4438
4339
4339
4663
4774
4779
4668
4668
4668
4509
4509
4620
4719
4620
4647
4250
4647
4648
4648
4643
4642
4615
4616
4715
4720
4720
4720
4719
4719
4719
4714
4719
4719
4719
4714
4714
4714
4714
4714
4714
4715
4715
4959
4959
4959
4959
4958
4958
4958
4958
4958
4958
4958
4958
4985
5033
5033
5033
5033
5033
5033
5033
5006
5006
5033
5033
5033
5033
5033
5033
5033
5006
5006
5006
5006
5005
4569
4521
4521
4957
4958
4958
4958
4958
4958
4959
4959
4959
4964
4964
4963
4964
4964
4964
5012
5011
5011
5011
5011
5011
5170
5059
5058
5059
5059
5059
5086
5038
5038
5038
5038
5038
5038
5038
5086
5086
5086
5086
5086
5086
5038
5086
5086
5086
5086
4762
4762
4762
4762
4762
4873
4873
5197
5192
5192
5192
5192
5197
5197
4952
4952
4925
4925
4826
4826
4853
4853
4826
4826
4826
4778
4381
4381
4381
4381
4480
4480
4480
4528
4429
4429
4456
4456
4457
4457
4457
4457
4457
4457
4854
4854
4827
4779
4827
4827
4826
4826
4826
4778
4778
4778
4778
5023
5071
5071
5071
5071
5071
5071
5070
4826
4826
4826
4826
4826
4827
4854
4854
4854
4854
4853
4473
4473
4473
4473
4175
4473
4473
4853
4853
4848
4848
4853
4853
4853
4848
4848
4848
4853
4853
4805
4853
4853
4853
4853
4853
4853
4826
4826
4925
4925
4925
4925
4925
5169
5070
5070
5070
5097
5097
5097
5097
5097
5196
5148
5037
5037
5037
5037
5038
5038
5038
5038
5038
5038
5037
5037
5037
5037
5037
5037
5037
5037
5037
5010
5010
5011
5011
5011
5011
5011
5011
5011
5122
5122
5122
5122
5122
5149
5149
5149
5149
5149
5149
5149
5149
5149
5144
4985
4985
4549
4549
4549
4549
4549
4549
4708
4708
4708
4708
4708
4708
4708
4708
4756
5192
5192
5192
5144
5144
5144
5144
5144
5144
5033
5081
5081
5081
4836
4836
4836
4836
4677
4677
4629
4628
4529
4529
4529
4529
4529
4534
4633
4633
4633
4633
4633
4628
4629
4740
4788
5033
5033
5192
4678
4678
4678
4678
4677
4677
4678
4579
4578
4578
4578
4578
4578
4280
4280
4280
4280
4280
4280
4285
4285
4285
4285
4285
4285
4237
4237
4237
4237
4237
4237
4232
4233
4233
4531
4630
4630
5144
4708
4709
4709
4709
4709
4709
4708
4707
4707
4707
4707
4707
4708
4708
4708
5144
5117
5122
5122
5122
5122
5122
5121
5121
5116
5143
5143
4819
4820
4825
4825
4825
4825
4825
4825
4825
4826
4826
4826
5150
5150
5150
5150
5149
5149
5122
5122
5011
5012
5012
5012
5123
5123
5123
5123
5122
5149
5149
5149
5149
5122
5122
5122
5123
5123
5122
5122
5122
5122
5122
5122
5121
5121
5121
5121
5122
5122
5170
5169
5169
5164
5164
5164
5164
5005
4906
4907
4907
5066
5093
5093
5192
5144
5144
5144
5144
5144
5144
5192
5192
5192
5192
5192
5192
5192
5144
5144
5144
5117
5117
5117
5117
5117
5117
5118
5118
5123
5123
5123
5123
5123
5123
5123
5123
5123
5150
5150
5150
5150
5150
5123
5123
5122
5122
5149
5149
5150
5150
5150
5150
5150
5150
4905
4905
4905
4905
4905
4878
4877
4877
4877
4877
4877
4877
4877
4877
4876
4871
4871
4871
4871
4876
4876
4876
4876
4871
4871
4871
4871
4871
4872
4872
5117
5117
5118
5123
5123
5122
5122
5122
5122
5122
5149
5149
5149
5149
5149
5149
5149
5149
5149
5149
5148
5148
5148
5148
5148
5121
5169
5169
5169
5169
5058
5059
5059
5059
5059
5059
5059
5059
5059
5059
5058
5058
5058
5058
5169
5169
5169
5169
5169
5169
5169
5169
5169
5169
5170
5170
5170
5170
5170
5165
5165
5165
5117
5117
5116
5116
5117
5144
5144
5144
5144
5144
5144
5144
5144
5144
5149
5149
5149
5144
5144
5144
5149
5050
5050
5050
5049
5050
5050
5050
5050
5051
5051
5099
5099
5099
5099
5099
5099
5099
5072
5171
5171
5123
5123
5118
5118
5118
5118
5118
5117
5117
5144
5144
5144
5144
5144
5144
5144
5144
5143
5143
5143
5143
5143
5144
5144
5149
4825
4825
5149
5150
5150
5150
5150
5150
5149
5122
5122
5121
5121
5121
5121
5121
5121
5121
5121
5121
5121
5121
5116
5116
5116
5116
5116
5121
5121
5148
5148
5196
5197
5197
5197
5197
5197
5197
5197
5197
5197
5197
5197
5196
5196
5197
5192
5192
5192
5192
5192
5192
5191
5191
5191
5164
5164
5164
5164
5164
5164
5164
5164
5164
5164
5164
5164
5165
5165
5164
5164
5191
5164
5164
5164
5164
5165
5166
5165
5165
5164
5164
5164
5164
5164
5164
5165
5165
5165
5165
5165
5165
5165
5165
5165
5165
5054
5054
5054
5054
5165
5165
5165
5165
5165
5164
5165
5165
5165
5165
5165
5166
5166
5166
5166
5166
5067
5067
5067
5067
5072
5071
5071
5072
5072
5067
5067
5067
5072
5071
5071
5071
5071
5098
5050
5050
5049
5049
5022
5022
5022
5022
5022
5022
5022
5022
5017
5017
5017
5017
5017
5044
5044
5044
5044
5044
5049
5049
5044
5044
5044
5049
5049
5049
5049
5049
5049
5049
5049
5049
5049
5049
5148
5148
5148
5149
5149
5149
5149
5149
5149
5149
5148
5148
5149
5149
5149
5149
5149
5149
5197
5196
5196
5196
5197
5197
5197
5197
5197
5197
5197
5197
5197
5197
5197
5197
5197
5197
5197
4952
4952
4952
4952
5197
5197
5197
5197
5197
5192
5192
5193
5198
5198
5193
5193
5193
5193
5193
5193
5193
5193
5193
5193
5193
5193
5193
5082
5082
5082
5082
5082
5082
5082
5082
5082
5082
5082
5081
5081
5081
5081
5080
5080
5080
5080
5080
5080
5080
5080
5191
5191
5191
5191
5191
5191
5191
5191
5191
5191
5191
5191
5192
5191
5191
5191
5196
5196
5196
5197
5197
5196
5197
5197
5197
5197
5197
5196
5196
5191
5191
5191
5191
5191
5164
5164
5164
5164
5164
5164
5164
5164
5164
5164
5165
5165
5170
5169
5169
4871
4871
4866
4866
4866
4818
4819
4819
4846
4846
4846
4846
4846
4846
4847
4846
4894
4894
4894
4899
4899
4899
4900
4895
4900
4899
4899
4899
4899
4899
4899
4899
4899
4894
5192
5192
5193
5198
5197
5196
5196
5196
5196
5169
5196
5196
5196
5196
5196
5197
5197
5197
5197
5197
5197
5197
5197
5197
5197
5197
5197
5197
5197
5197
5197
5192
5144
5033
5034
5039
5039
5039
5039
5038
5038
5011
5011
5011
5122
5122
5122
5122
5122
5122
5122
5122
5122
5117
5117
5117
5117
5117
5117
5117
5117
5117
5117
5117
5117
5117
5165
5165
5164
5164
5164
5165
5165
5165
5165
5165
5165
5165
5165
5164
5053
5053
5054
5165
5165
5165
5164
5164
5164
5165
5165
5192
5192
5191
5191
5191
5191
5191
5191
5191
5191
5191
5191
5143
5143
5143
5191
5191
5191
5191
5191
5191
5196
5196
5196
5196
5191
5191
5196
5196
5196
5196
5196
5196
5196
5196
5196
5196
5191
5191
5191
5080
5080
5080
5081
5081
5081
5082
5082
5055
5055
5060
5060
5059
5059
5059
5060
5059
5059
5059
5059
5059
5059
5060
5059
5170
5170
5170
5170
5170
5170
5170
5170
5170
5170
5170
5170
5170
5170
5170
5170
5170
5122
5122
5122
5122
5122
5122
5122
5170
5170
5170
5170
5071
5071
5066
5066
5066
5067
5094
5094
5094
5094
5046
5045
5045
5045
5045
5093
5192
5192
5197
5197
5196
5196
5196
5196
5196
5196
5196
5196
5197
5197
5197
5197
5197
5197
5197
5197
5198
5198
5198
5198
5197
5197
5197
5197
5197
5197
5098
5098
5098
5098
5098
5098
5098
5098
5098
5098
5098
5098
5098
5098
4939
4940
4913
4913
4913
4913
4913
4913
5012
5012
5039
5039
5034
5033
5033
5033
5033
5033
5038
5038
5038
5033
5033
5033
5033
5033
5033
5033
5033
5033
5033
5033
5034
5034
5193
5166
5165
5165
5170
5170
5170
5171
5171
5171
5171
5166
5166
5166
5166
5171
5171
5171
5171
5171
5171
5171
5171
5171
5170
5170
5170
5169
5169
5169
5169
5169
5169
5170
5170
5170
5170
5170
5170
5170
5170
5169
5169
5164
5191
5191
5191
5191
5191
5191
5191
5164
5164
5164
5164
5164
5164
5165
5165
5165
5165
5165
5165
5164
5164
5165
5165
5165
5165
5165
5165
5165
5165
5165
5165
5165
5165
5165
5165
5165
5165
5165
5165
5192
5192
5192
5192
5192
5192
5192
5192
5192
5193
5193
5193
5193
5193
5193
5193
5193
5193
5193
5193
5192
5192
5192
5192
5192
5192
5192
5192
5192
5192
5192
5192
5192
5192
5197
5197
5192
5192
5192
5192
5192
5191
5191
5191
5192
5192
5192
5192
5192
5192
5192
5192
5197
5197
5198
5198
5198
5198
5198
5198
5198
5197
5197
5197
5197
5197
5198
5198
5198
5198
5198
5198
5198
5198
5198
5198
5198
5198
5193
5192
5192
5192
5191
5191
5164
5169
5169
5169
5169
5169
5169
5169
5169
5169
5169
5169
5170
5170
5170
5170
5170
5170
5170
5170
5165
5165
5165
5165
5170
5170
5197
5197
5197
5197
5197
5198
5198
5198
5198
5193
5193
5193
5193
5192
5192
5191
5191
5192
5192
5197
5197
5192
5192
5192
5192
5192
5192
5192
5192
5192
5192
5193
5192
5192
5192
5192
5192
5193
5192
5191
5191
5191
5191
5196
5196
5196
5197
5197
5197
5198
5198
5198
5198
5198
5198
5197
5198
5197
5198
5198
5171
5171
5171
5171
5171
5171
5171
5171
5171
5198
5198
5198
5171
5171
5171
5171
5170
5170
5170
5170
5170
5170
5170
5165
5165
5192
5192
5192
5192
5192
5192
5192
5192
5192
5192
5192
5192
5192
5192
5192
5165
5164
5165
5166
5166
5166
5193
5193
5193
5192
5192
5192
5192
5192
5191
5191
5191
5191
5191
5191
5191
5191
5191
5191
5191
5192
5144
5144
5144
5144
5144
5192
5144
5144
5144
5117
5144
5144
5144
5144
5144
5144
5144
5144
5144
5144
5149
5149
5149
5149
5149
5149
5149
5149
5150
5150
5150
5150
5150
5150
5150
5149
5149
5197
5197
5197
5198
5198
5198
5198
5198
5198
5198
5198
5198
5198
5197
5197
5197
5197
5197
5197
5198
5198
5198
5198
5198
5198
5198
5198
5198
5198
5193
5193
5193
5193
5192
5192
5192
5192
5192
5197
5197
5197
5170
5170
5170
5171
5171
5171
5171
5171
5171
5171
5171
5171
5171
5171
5171
5171
5171
5171
5171
5171
5166
5166
5166
5166
5166
5166
5166
5166
5166
5166
5166
5166
5166
5171
5171
5171
5171
5171
5171
5171
5171
5198
5198
5198
5198
5198
5198
5198
5198
5198
5198
5198
5198
5198
5198
5198
5198
5198
5193
5193
5193
5193
5193
5192
5192
5192
5191
5191
5192
5197
5197
5197
5197
5197
5197
5197
5197
5198
5198
5198
5193
5193
5193
5193
5193
5193
5193
5193
5193
5193
5193
5193
5193
5193
5198
5198
5198
5198
5198
5198
5198
5198
5198
5198
5198
5198
5198
5198
5198
5198
5198
5198
5198
5198
5198
5198
5198
5198
5198
5197
5197
5192
5192
5192
5192
5192
5192
5192
5192
5192
5192
5192
5193
5193
5193
5166
5166
5166
5166
5166
5166
5166
5165
5165
5165
5164
5164
5191
5191
5191
5191
5191
5191
5191
5191
5191
5191
5191
5191
5196
5196
5196
5196
5197
5197
5197
5197
5197
5170
5170
5169
5169
5169
5169
5169
5164
5164
5164
5164
5164
5164
5164
5164
5164
5164
5164
5164
5164
5164
5164
5164
5165
5165
5165
5165
5165
5165
5165
5165
5165
5165
5165
5192
5197
5170
5170
5170
5170
5170
5170
5170
5170
5170
5170
5170
5170
5170
5170
5170
5170
5170
5170
5170
5170
5170
5170
5170
5197
5197
5196
5196
5196
5196
5196
5196
5191
5191
5192
5192
5191
5191
5191
5192
5192
5192
5197
5197
5197
5197
5197
5197
5197
5197
5197
5197
5197
5192
5192
5192
5192
5192
5192
5191
5191
5192
5192
5192
5192
5192
5192
5193
5193
5193
5193
5193
5193
5198
5198
5198
5198
5198
5198
5198
5198
5198
5197
5197
5197
5197
5197
5197
5197
5197
5197
5197
5196
5196
5197
5197
5198
5198
5198
5193
5193
5193
5193
5193
5193
5193
5193
5193
5193
5193
5193
5192
5192
5192
5192
5192
5192
5191
5196
5196
5196
5196
5196
5196
5197
5197
5197
5197
5197
5192
5192
5192
5192
5192
5192
5192
5192
5192
5192
5192
5191
5191
5191
5196
5196
5196
5196
5196
5197
5197
5197
5197
5197
5197
5198
5198
5197
5197
5197
5192
5192
5191
5191
5191
5191
5191
5191
5191
5191
5196
5196
5196
5196
5196
5148
5148
5148
5148
5148
5148
5148
5148
5148
5148
5148
5148
5148
5148
5148
5148
5149
5144
5144
5144
5145
5145
5145
5145
5145
5145
5145
5145
5145
5145
5145
5145
5145
5145
5145
5145
5144
5144
5144
5144
5144
5144
5144
5144
5144
5144
5144
5144
5144
5144
5144
5144
5144
5144
5144
5144
5144
5144
5144
5145
5145
5145
5145
5145
5145
5144
5144
5144
5144
5144
5144
5144
5144
5144
5144
5144
5144
5144
5144
5144
5144
5144
5192
5197
5197
5197
5192
5197
5197
5197
5197
5197
5197
5192
5192
5192
5165
5165
5164
5164
5165
5165
5165
5170
5170
5170
5170
5170
5170
5170
5170
5170
5170
5170
5170
5170
5170
5170
5170
5170
5170
5170
5169
5169
5169
5169
5169
5169
5169
5169
5169
5169
5170
5170
5170
5170
5169
5170
5170
5170
5170
5170
5170
5170
5170
5170
5171
5171
5171
5171
5171
5170
5170
5169
5169
5169
5169
5169
5169
5169
5169
5169
5169
5169
5169
5169
5169
5169
5169
5169
5169
5169
5169
5169
5169
5196
5196
5196
5197
5197
5197
5197
5197
5197
5197
5192
5192
5192
5192
5165
5165
5170
5169
5169
5169
5169
5170
5170
5170
5170
5197
5197
5197
5197
5197
5197
5197
5197
5197
5192
5192
5192
5192
5192
5192
5192
5192
5191
5191
5191
5191
5191
5191
5191
5191
5191
5191
5192
5192
5197
5197
5197
5197
5197
5197
5197
5197
5197
5197
5197
5197
5197
5197
5197
5197
5198
5171
5171
5171
5170
5170
5170
5170
5170
5170
5169
5170
5170
5170
5170
5170
5170
5170
5170
5170
5170
5165
5165
5164
5164
5164
5164
5164
5164
5191
5191
5191
5191
5191
5191
5191
5191
5191
5196
5196
5197
5197
5197
5197
5197
5196
5197
5197
5197
5197
5197
5197
5197
5197
5197
5197
5197
5198
5198
5198
5198
5198
5198
5198
5198
5198
5198
5198
5198
5198
5198
5198
5171
5171
5171
5171
5171
5170
5170
5170
5170
5170
5170
5170
5170
5170
5170
5170
5165
5165
5165
5170
5170
5170
5170
5170
5170
5170
5170
5170
5170
5165
5165
5165
5165
5165
5165
5165
5165
5165
5165
5165
5165
5192
5192
5192
5192
5192
5192
5192
5191
5191
5191
5191
5191
5191
5191
5192
5192
5192
5192
5192
5192
5192
5192
5197
5197
5197
5197
5197
5197
5197
5197
5197
5192
5193
5193
5198
5198
5198
5197
5197
5197
5197
5197
5197
5197
5197
5197
5197
5197
5197
5197
5197
5197
5197
5196
5196
5197
5197
5197
5197
5197
5197
5197
5197
5197
5197
5197
5197
5197
5197
5197
5197
5197
5197
5197
5197
5197
5197
5197
5170
5170
5170
5170
5170
5170
5170
5170
5170
5170
5170
5170
5170
5171
5198
5197
5197
5197
5197
5197
5197
5197
5192
5197
5197
5192
5192
5192
5192
5192
5192
5192
5192
5192
5192
5192
5192
5192
5192
5197
5197
5197
5197
5196
5196
5196
5196
5196
5196
5196
5197
5198
5198
5198
5197
5197
5197
5197
5197
5197
5197
5198
5198
5197
5197
5197
5196
5197
5197
5197
5197
5197
5197
5197
5198
5198
5198
5198
5198
5198
5198
5198
5198
5198
5198
5198
5198
5198
5198
5198
5198
5198
5193
5193
5193
5193
5192
5192
5191
5192
5192
5192
5192
5192
5192
5192
5192
5192
5192
5192
5192
5192
5192
5192
5192
5192
5192
5192
5192
5192
5192
5192
5191
5192
5192
5192
5192
5192
5197
5197
5197
5197
5197
5197
5197
5197
5197
5197
5197
5198
5198
5198
5198
5198
5198
5197
5197
5197
5197
5197
5197
5197
5197
5197
5197
5197
5198
5198
5197
5197
5197
5197
5197
5197
5197
5197
5197
5197
5197
5197
5197
5197
5197
5197
5192
5192
5192
5192
5192
5192
5192
5192
5197
5197
5196
5191
5191
5191
5191
5191
5191
5191
5191
5191
5191
5191
5192
5192
5192
5192
5192
5192
5192
5192
5191
5191
5191
5191
5191
5191
5191
5191
5191
5191
5191
5191
5191
5191
5191
5191
5196
5196
5197
5197
5198
5198
5198
5198
5198
5198
5198
5198
5198
5197
5197
5197
5197
5197
5197
5198
5198
5198
5198
5198
5198
5198
5198
5198
5193
5193
5193
5193
5193
5193
5193
5193
5193
5192
5192
5192
5192
5192
5192
5192
5192
5192
5192
5193
5193
5193
5193
5193
5193
5193
5193
5193
5192
5197
5197
5197
5197
5197
5197
5197
5197
5197
5197
5197
5197
5197
5197
5197
5197
5197
5197
5192
5192
5191
5192
5192
5192
5192
5192
5192
5192
5192
5192
5192
5192
5192
5192
5192
5192
5192
5191
5191
5191
5191
5191
5191
5191
5191
5192
5192
5192
5192
5192
5192
5192
5192
5192
5197
5197
5197
5197
5197
5197
5197
5197
5197
5197
5197
5197
5197
5197
5197
5197
5197
5197
5196
5196
5197
5197
5196
5196
5197
5197
5197
5197
5197
5196
5196
5196
5196
5196
5196
5196
5196
5196
5197
5197
5197
5197
5197
5197
5197
5197
5197
5197
5197
5197
5197
5197
5197
5197
5197
5197
5197
5197
5197
5197
5197
5197
5197
5197
5197
5197
5197
5197
5197
5197
5197
5197
5197
5197
5197
5197
5196
5196
5196
5197
5197
5197
5197
5197
5197
5197
5197
5197
5197
5196
5196
5196
5197
5197
5197
5197
5197
5197
5197
5197
5197
5197
5197
5197
5197
5197
5197
5197
5197
5197
5197
5197
5197
5197
5197
5197
5197
5197
5197
5197
5197
5196
5197
5196
5196
5196
5196
5196
5196
5196
5196
5196
5196
5196
5196
5196
5196
5197
5197
5192
5192
5192
5192
5192
5192
5197
5197
5197
5197
5197
5197
5197
5197
5197
5198
5198
5198
5198
5198
5198
5198
5198
5198
5198
5198
5198
5198
5198
5197
5197
5197
5197
5197
5197
5197
5197
5197
5197
5197
5197
5197
5197
5197
5197
5197
5197
5197
5198
5198
5198
5198
5198
5198
5198
5198
5198
5198
5198
5193
5193
5193
5193
5193
5193
5193
5193
5193
5193
5193
5193
5198
5198
5198
5198
5198
5198
5198
5198
5198
5198
5198
5198
5197
5197
5197
5197
5198
5198
5198
5198
5198
5197
5197
5196
5196
5196
5196
5196
5196
5196
5196
5197
5197
5197
5197
5197
5197
5197
5197
5192
5192
5192
5192
5192
5192
5191
5192
5192
5192
5192
5191
5191
5191
5192
5192
5197
5197
5197
5197
5197
5197
5197
5197
5197
5197
5197
5197
5197
5197
5197
5198
5198
5198
5193
5193
5193
5193
5193
5193
5193
5193
5193
5193
5193
5193
5193
5193
5193
5193
5193
5192
5192
5192
5192
5191
5191
5191
5191
5192
5192
5192
5192
5192
5192
5192
5192
5197
5197
5197
5197
5197
5197
5197
5197
5196
5197
5197
5197
5197
5198
5198
5198
5198
5198
5198
5198
5198
5198
5198
5198
5198
5198
5198
5198
5198
5198
5198
5197
5197
5197
5197
5197
5197
5197
5192
5192
5192
5192
5192
5192
5192
5193
5193
5193
5193
5193
5193
5193
5193
5193
5193
5193
5193
5193
5193
5193
5193
5193
5192
5197
5197
5197
5198
5198
5198
5198
5198
5198
5198
5198
5197
5197
5196
5196
5196
5196
5196
5196
5196
5196
5196
5196
5196
5196
5196
5196
5196
5196
5197
5197
5197
5197
5197
5197
5197
5197
5197
5196
5196
5196
5196
5196
5196
5196
5196
5196
5196
5196
5196
5196
5196
5197
5197
5197
5197
5197
5197
5197
5197
5197
5197
5196
5196
5196
5196
5196
5196
5196
5196
5196
5196
5196
5196
5196
5196
5197
5197
5197
5198
5198
5198
5198
5198
5197
5197
5197
5198
5198
5198
5198
5198
5198
5198
5197
5198
5198
5198
5198
5197
5197
5197
5197
5197
5197
5198
5197
5197
5197
5197
5197
5197
5197
5197
5197
5197
5197
5197
5197
5197
5197
5197
5197
5197
5197
5197
5197
5197
5197
5197
5198
5198
5198
5198
5198
5198
5198
5198
5198
5198
5198
5198
5198
5198
5198
5198
5198
5198
5198
5198
5198
5198
5198
5198
5198
5198
5197
5197
5197
5197
5197
5197
5197
5197
5197
5197
5197
5197
5196
5197
5197
5197
5197
5197
5197
5196
5196
5196
5196
5197
5197
5197
5197
5197
5197
5197
5197
5197
5197
5197
5197
5197
5197
5197
5197
5197
5198
5198
5197
5197
5197
5197
5197
5197
5197
5197
5197
5197
5197
5197
5197
5197
5196
5196
5197
5197
5197
5197
5197
5196
5191
5191
5191
5191
5191
5191
5191
5192
5192
5192
5192
5192
5192
5197
5197
5197
5197
5197
5197
5197
5197
5197
5197
5197
5197
5197
5197
5197
5197
5197
5197
5197
5197
5198
5193
5198
5198
5193
5192
5192
5192
5192
5192
5197
5197
5197
5197
5197
5197
5197
5197
5197
5197
5197
5198
5198
5198
5198
5198
5198
5198
5198
5197
5197
5197
5197
5197
5197
5197
5197
5197
5197
5197
5197
5197
5197
5197
5197
5197
5197
5198
5198
5198
5197
5197
5197
5197
5197
5197
5197
5197
5197
5197
5197
5197
5197
5197
5197
5197
5197
5197
5197
5197
5197
5197
5197
5197
5197
5197
5197
5197
5197
5196
5196
5196
5196
5196
5196
5196
5196
5196
5197
5197
5197
5197
5197
5197
5197
5197
5196
5196
5196
5196
5196
5196
5196
5196
5197
5197
5197
5197
5197
5197
5197
5197
5197
5197
5197
5197
5197
5197
5197
5196
5196
5196
5196
5191
5191
5191
5191
5191
5191
5191
5191
5191
5191
5191
5191
5191
5191
5191
5191
5191
5191
5191
5191
5191
5191
5191
5191
5191
5191
5191
5191
5191
5191
5191
5191
5192
5192
5197
5197
5197
5197
5198
5197
5197
5197
5197
5197
5197
5196
5196
5196
5196
5196
5196
5196
5196
5196
5196
5196
5196
5196
5196
5196
5196
5196
5196
5196
5197
5197
5197
5196
5196
5196
5196
5197
5197
5197
5197
5197
5197
5197
5197
5197
5196
5197
5197
5197
5197
5197
5198
5198
5198
5198
5198
5198
5198
5198
5198
5198
5198
5198
5198
5198
5198
5198
5198
5198
5197
5197
5197
5197
5197
5197
5197
5197
5197
5197
5197
5197
5197
5197
5197
5198
5198
5198
5198
5198
5198
5198
5198
5198
5198
5198
5198
5198
5198
5198
5197
5197
5197
5197
5197
5197
5197
5197
5196
5196
5196
5196
5196
5196
5196
5197
5197
5197
5198
5198
5198
5198
5198
5198
5197
5197
5197
5197
5197
5197
5197
5197
5197
5197
5197
5197
5197
5197
5197
5197
5197
5197
5197
5197
5197
5197
5197
5197
5197
5196
5196
5196
5196
5196
5196
5197
5197
5197
5197
5197
5197
5197
5198
5198
5198
5198
5198
5198
5198
5198
5198
5198
5198
5198
5197
5197
5197
5197
5197
5197
5197
5197
5197
5192
5192
5192
5192
5192
5192
5192
5192
5192
5192
5192
5192
5192
5192
5192
5192
5192
5192
5192
5192
5192
5192
5192
5192
5191
5191
5191
5191
5191
5191
5191
5191
5191
5191
5191
5192
5192
5192
5192
5192
5192
5192
5192
5192
5197
5198
5198
5198
5198
5198
5198
5198
5198
5198
5197
5197
5198
5198
5198
5198
5197
5197
5197
5197
5197
5197
5197
5197
5197
5198
5198
5197
5197
5197
5197
5197
5197
5197
5197
5197
5197
5197
5198
5198
5198
5198
5198
5198
5198
5198
5198
5197
5197
5197
5197
5197
5197
5197
5197
5197
5197
5197
5197
5197
5197
5197
5197
5197
5197
5198
5198
5198
5198
5198
5198
5198
5197
5197
5197
5197
5197
5197
5197
5197
5197
5197
5197
5197
5198
5198
5198
5198
5198
5198
5198
5198
5198
5198
5198
5198
5198
5198
5198
5198
5198
5198
5198
5197
5196
5196
5197
5197
5197
5197
5197
5197
5197
5197
5197
5197
5197
5197
5198
5198
5198
5198
5197
5197
5196
5196
5196
5196
5196
5196
5196
5196
5196
5196
5196
5196
5196
5196
5196
5196
5196
5196
5196
5196
5196
5196
5196
5197
5196
5196
5196
5196
5196
5196
5196
5196
5196
5196
5197
5197
5197
5197
5197
5197
5197
5197
5197
5197
5197
5197
5197
5197
5197
5197
5197
5197
5197
5196
5196
5196
5196
5196
5197
5197
5197
5197
5196
5196
5196
5196
5196
5196
5196
5196
5196
5196
5196
5196
5196
5191
5191
5192
5192
5192
5192
5192
5192
5192
5192
5191
5191
5191
5191
5196
5197
5197
5196
5196
5196
5196
5196
5196
5197
5197
5197
5197
5197
5197
5197
5197
5197
5197
5197
5197
5197
5197
5197
5197
5197
5197
5197
5197
5197
5197
5197
5197
5197
5197
5197
5197
5197
5197
5197
5197
5197
5197
5197
5197
5197
5197
5197
5197
5197
5197
5197
5197
5197
5197
5197
5197
5197
5197
5197
5197
5197
5197
5197
5197
5198
5198
5198
5198
5198
5198
5198
5198
5198
5198
5198
5198
5197
5197
5197
5197
5197
5197
5197
5198
5198
5198
5198
5198
5197
5197
5197
5197
5197
5197
5197
5197
5197
5197
5197
5197
5197
5197
5197
5197
5196
5196
5196
5196
5196
5197
5198
5198
5198
5198
5198
5198
5198
5198
5198
5198
5198
5198
5198
5198
5198
5198
5198
5198
5198
5198
5198
5198
5198
5198
5198
5198
5198
5198
5198
5198
5198
5198
5198
5197
5197
5197
5197
5197
5197
5197
5197
5197
5197
5197
5197
5197
5197
5197
5197
5197
5197
5197
5197
5197
5197
5197
5197
5197
5197
5197
5197
5197
5197
5197
5197
5197
5197
5198
5198
5198
5198
5198
5198
5198
5197
5197
5197
5197
5197
5197
5197
5197
5197
5197
5197
5197
5197
5197
5197
5197
5197
5197
5197
5197
5197
5197
5197
5197
5198
5198
5198
5198
5198
5198
5198
5198
5198
5198
5198
5198
5198
5198
5198
5198
5198
5198
5198
5198
5198
5198
5198
5198
5198
5198
5198
5198
5198
5198
5198
5198
5198
5198
5197
5197
5197
5197
5197
5196
5196
5196
5196
5196
5196
5196
5196
5196
5196
5196
5196
5196
5196
5196
5196
5196
5196
5196
5196
5196
5196
5196
5197
5197
5197
5197
5197
5197
5197
5197
5197
5197
5197
5197
5197
5197
5197
5197
5197
5197
5197
5197
5197
5197
5197
5197
5197
5197
5197
5197
5197
5198
5198
5198
5198
5198
5198
5198
5198
5198
5198
5198
5198
5197
5197
5197
5197
5197
5197
5197
5197
5197
5197
5197
5197
5197
5197
5197
5197
5197
5197
5197
5197
5197
5198
5198
5198
5198
5198
5198
5198
5198
5198
5198
5198
5198
5198
5198
5198
5198
5198
5197
5197
5198
5198
5198
5198
5198
5198
5198
5198
5198
5198
5197
5197
5197
5197
5197
5197
5197
5197
5197
5197
5197
5197
5197
5197
5197
5197
5197
5197
5197
5197
5197
5197
5197
5197
5197
5197
5197
5198
5198
5198
5198
5198
5198
5197
5197
5197
5197
5197
5197
5197
5197
5197
5197
5197
5197
5198
5198
5198
5198
5198
5198
5198
5197
5197
5197
5197
5197
5197
5197
5197
5197
5197
5197
5197
5198
5198
5198
5198
5198
5198
5198
5198
5198
5198
5198
5198
5198
5198
5198
5198
5198
5198
5198
5198
5198
5198
5198
5198
5198
5198
5198
5198
5198
5198
5198
5198
5198
5198
5198
5198
5198
5197
5198
5198
5198
5198
5198
5198
5198
5198
5198
5197
5197
5197
5197
5197
5197
5197
5197
5197
5197
5197
5197
5197
5197
5197
5197
5198
5198
5198
5197
5197
5197
5197
5197
5197
5197
5197
5197
5197
5197
5197
5197
5197
5197
5197
5197
5197
5196
5196
5196
5196
5196
5196
5196
5197
5197
5197
5197
5197
5197
5197
5197
5198
5198
5198
5198
5198
5198
5198
5197
5197
5197
5197
5197
5197
5197
5197
5197
5197
5197
5197
5197
5197
5197
5197
5197
5197
5197
5197
5197
5197
5197
5197
5197
5197
5197
5197
5197
5197
5197
5197
5197
5197
5197
5197
5197
5197
5197
5197
5197
5197
5197
5197
5198
5198
5198
5198
5198
5198
5198
5198
5198
5198
5198
5198
5198
5198
5197
5197
5197
5197
5197
5197
5197
5196
5196
5191
5191
5191
5191
5191
5191
5196
5196
5197
5197
5197
5196
5196
5196
5196
5196
5196
5196
5196
5196
5196
5196
5196
5196
5197
5197
5198
5198
5198
5198
5198
5198
5198
5198
5198
5198
5198
5198
5197
5197
5197
5197
5197
5197
5197
5197
5197
5197
5197
5197
5197
5197
5197
5197
5197
5197
5197
5197
5197
5197
5197
5197
5197
5198
5198
5198
5198
5198
5198
5198
5198
5198
5197
5197
5197
5197
5197
5197
5197
5197
5197
5197
5197
5197
5197
5197
5197
5197
5197
5197
5197
5197
5197
5197
5197
5197
5196
5196
5196
5196
5196
5196
5196
5196
5196
5196
5196
5196
5196
5196
5196
5196
5196
5196
5196
5196
5196
5196
5196
5196
5196
5196
5196
5196
5196
5196
5196
5196
5196
5196
5196
5196
5197
5197
5197
5196
5196
5196
5196
5196
5196
5197
5196
5196
5197
5197
5197
5197
5197
5197
5196
5196
5196
5196
5196
5196
5196
5196
5196
5196
5196
5196
5196
5196
5196
5196
5197
5197
5197
5197
5197
5197
5197
5197
5197
5197
5197
5197
5197
5197
5197
5197
5197
5197
5197
5197
5197
5197
5197
5197
5197
5197
5197
5197
5197
5197
5197
5196
5196
5196
5196
5196
5196
5196
5196
5196
5196
5196
5197
5197
5197
5197
5197
5196
5196
5196
5196
5196
5196
5196
5197
5198
5198
5198
5198
5197
5197
5197
5197
5197
5197
5197
5197
5197
5198
5198
5198
5197
5197
5197
5197
5197
5197
5197
5197
5197
5197
5197
5197
5197
5197
5197
5197
5197
5197
5197
5197
5197
5198
5198
5198
5198
5198
5197
5197
5197
5197
5197
5197
5197
5197
5197
5197
5197
5197
5197
5197
5197
5197
5197
5197
5197
5197
5197
5197
5197
5197
5197
5197
5198
5198
5198
5198
5198
5198
5198
5198
5198
5198
5198
5198
5198
5198
5198
5198
5198
5198
5198
5198
5198
5198
5198
5198
5198
5198
5198
5197
5197
5197
5197
5197
5197
5197
5197
5197
5197
5197
5196
5196
5196
5196
5196
5196
5196
5196
5196
5196
5197
5197
5198
5198
5198
5198
5198
5198
5198
5198
5198
5198
5197
5198
5198
5198
5198
5198
5197
5198
5198
5198
5198
5198
5198
5198
5198
5198
5198
5198
5198
5198
5198
5198
5198
5198
5198
5198
5198
5198
5198
5198
5198
5198
5197
5197
5197
5197
5197
5197
5197
5197
5197
5197
5197
5197
5197
5197
5197
5197
5197
5197
5197
5197
5197
5197
5197
5197
5197
5197
5197
5197
5197
5197
5197
5197
5197
5197
5197
5197
5197
5197
5198
5198
5198
5198
5198
5198
5198
5198
5198
5198
5198
5198
5198
5198
5198
5198
5198
5198
5198
5198
5198
5198
5197
5197
5197
5197
5197
5197
5197
5197
5197
5197
5197
5197
5197
5197
5197
5197
5197
5197
5197
5197
5197
5197
5197
5197
5197
5197
5197
5197
5197
5197
5197
5197
5197
5197
5197
5197
5197
5198
5198
5198
5198
5198
5198
5198
5198
5198
5198
5198
5198
5198
5198
5198
5198
5198
5198
5198
5198
5198
5198
5198
5198
5198
5198
5198
5198
5198
5198
5198
5198
5198
5198
5198
5198
5198
5198
5198
5198
5198
5198
5198
5198
5198
5198
5198
5198
5198
5198
5198
5198
5198
5198
5198
5198
5198
5198
5198
5198
5197
5197
5197
5197
5197
5197
5197
5197
5197
5197
5197
5197
5197
5197
5196
5196
5196
5196
5196
5196
5196
5196
5196
5196
5196
5196
5196
5196
5196
5196
5196
5196
5196
5196
5196
5196
5196
5196
5196
5196
5196
5196
5197
5197
5197
5198
5198
5198
5198
5198
5198
5198
5198
5198
5198
5198
5198
5198
5198
5198
5198
5198
5198
5198
5198
5198
5198
5198
5198
5198
5198
5198
5198
5198
5198
5198
5198
5198
5198
5198
5198
5198
5198
5198
5198
5198
5198
5198
5198
5198
5198
5198
5198
5198
5198
5198
5198
5198
5198
5198
5198
5198
5198
5198
5197
5197
5197
5197
5197
5197
5197
5197
5197
5197
5197
5197
5197
5197
5197
5198
5198
5198
5198
5198
5198
5198
5198
5198
5198
5198
5198
5198
5198
5198
5198
5198
5198
5198
5198
5198
5198
5198
5198
5198
5198
5198
5198
5198
5198
5198
5198
5198
5198
5198
5198
5198
5198
5198
5198
5198
5198
5198
5198
5198
5198
5198
5198
5198
5198
5198
5198
5198
5198
5198
5198
5198
5198
5198
5198
5198
5198
5198
5198
5198
5198
5198
5198
5198
5198
5198
5198
5198
5198
5198
5198
5198
5198
5198
5197
5197
5197
5197
5198
5198
5198
5198
5198
5198
5198
5198
5198
5198
5198
5198
5198
5198
5198
5198
5198
5198
5198
5198
5198
5198
5198
5198
5198
5198
5198
5198
5198
5198
5198
5198
5198
5198
5198
5198
5198
5198
5198
5198
5198
5198
5198
5198
5198
5198
5198
5198
5198
5198
5198
5198
5198
5198
5197
5197
5197
5197
5197
5197
5198
5198
5198
5198
5198
5198
5198
5198
5198
5198
5198
5198
5198
5198
5198
5198
5198
5198
5198
5198
5198
5198
5198
5198
5198
5198
5198
5198
5198
5198
5198
5198
5198
5198
5198
5198
5198
5198
5198
5198
5198
5198
5198
5198
5198
5198
5198
5198
5198
5198
5198
5198
5198
5198
5198
5198
5198
5198
5198
5198
5198
5198
5198
5198
5198
5198
5198
5198
5198
5198
5198
5198
5198
5198
5198
5198
5198
5198
5198
5198
5198
5198
5198
5198
5198
5198
5198
5198
5198
5198
5198
5198
5198
5198
5198
5198
5198
5198
5198
5198
5198
5198
5198
5198
5198
5198
5198
5198
5198
5198
5198
5198
5198
5198
5198
5198
5198
5198
5198
5198
5198
5198
5198
5198
5198
5198
5198
5198
5198
5198
5198
5198
5198
5198
5198
5198
5198
5198
5198
5198
5198
5198
5198
5198
5198
5198
5198
5198
5198
5198
5198
5198
5198
5198
5198
5198
5198
5198
5198
5198
5198
5198
5198
5198
5198
5198
5198
5198
5198
5198
5198
5198
5198
5198
5198
5198
5198
5198
5198
5198
5198
5198
5198
5198
5198
5198
5198
5198
5198
5198
5198
5198
5198
5198
5198
5198
5198
5198
5198
5198
5198
5198
5198
5198
5198
5198
5198
5198
5198
5198
5198
5198
5198
5198
5198
5198
5198
5198
5198
5198
5198
5198
5198
5198
5198
5198
5198
5198
5198
5198
5198
5198
5198
5198
5198
5198
5198
5198
5198
5198
5198
5198
5198
5198
5198
5198
5198
5198
5198
5198
5198
5198
5198
5198
5198
5198
5198
5198
5198
5198
5198
5198
5198
5198
5198
5198
5198
5198
5198
5198
5198
5198
5198
5198
5198
5198
5198
5197
5197
5197
5197
5197
5197
5198
5198
5198
5198
5198
5198
5198
5198
5198
5198
5198
5198
5198
5198
5198
5198
5198
5198
5198
5198
5198
5198
5198
5198
5198
5198
5198
5198
5198
5198
5198
5198
5198
5198
5198
5198
5198
5198
5198
5198
5198
5198
5198
5198
5198
5198
5198
5198
5198
5198
5198
5198
5198
5198
5198
5198
5198
5198
5198
5198
5198
5198
5198
5198
5198
5198
5198
5198
5198
5198
5198
5198
5198
5198
5198
5198
5198
5198
5198
5198
5198
5198
5198
5198
5198
5198
5198
5198
5198
5198
5198
5198
5197
5197
5197
5197
5197
5197
5197
5197
5197
5198
5198
5198
5198
5198
5198
5198
5198
5198
5198
5198
5198
5198
5198
5198
5198
5198
5198
5198
5198
5198
5198
5198
5197
5197
5197
5197
5197
5197
5197
5197
5197
5197
5197
5197
5197
5197
5197
5197
5197
5197
5197
5197
5197
5197
5197
5197
5197
5197
5197
5197
5197
5197
5197
5197
5197
5197
5197
5197
5197
5197
5198
5198
5198
5198
5198
5198
5198
5198
5198
5198
5198
5198
5198
5198
5198
5198
5198
5198
5198
5198
5198
5198
5198
5198
5198
5198
5198
5198
5198
5198
5198
5198
5198
5198
5198
5198
5198
5198
5198
5198
5198
5198
5198
5198
5198
5198
5198
5198
5198
5198
5198
5198
5198
5198
5198
5198
5198
5198
5198
5198
5198
5198
5198
5198
5198
5198
5198
5198
5198
5198
5198
5198
5198
5198
5198
5198
5198
5198
5198
5198
5198
5198
5198
5198
5198
5198
5198
5198
5198
5198
5198
5198
5198
5198
5198
5198
5198
5198
5198
5198
5198
5198
5198
5198
5198
5198
5198
5198
5198
5198
5198
5198
5198
5198
5198
5198
5198
5198
5198
5198
5198
5198
5198
5198
5198
5198
5198
5198
5198
5198
5198
5198
5198
5198
5198
5198
5198
5198
5198
5198
5198
5198
5198
5198
5198
5198
5198
5198
5198
5198
5198
5198
5198
5198
5198
5198
5198
5198
5198
5198
5198
5198
5198
5198
5198
5198
5198
5198
5198
5198
5198
5198
5198
5198
5198
5198
5198
5198
5198
5198
5198
5198
5198
5198
5198
5198
5198
5198
5198
5198
5198
5198
5198
5198
5198
5198
5198
5198
5198
5198
5198
5198
5198
5198
5198
5198
5198
5198
5198
5198
5198
5198
5198
5198
5198
5198
5198
5198
5198
5198
5198
5198
5198
5198
5198
5198
5198
5198
5198
5198
5198
5198
5198
5198
5198
5198
5198
5198
5198
5198
5198
5198
5198
5198
5198
5198
5198
5198
5198
5198
5198
5198
5198
5198
5198
5198
5198
5198
5198
5198
5198
5198
5198
5198
5198
5198
5198
5198
5198
5198
5198
5198
5198
5198
5198
5198
5198
5198
5198
5198
5198
5198
5198
5198
5198
5198
5198
5198
5198
5198
5198
5198
5198
5198
5198
5198
5198
5198
5198
5198
5198
5198
5198
5198
5198
5198
5198
5198
5198
5198
5198
5198
5198
5198
5198
5198
5198
5198
5198
5198
5198
5198
5198
5198
5198
5198
5198
5198
5198
5198
5198
5198
5198
5198
5198
