2722
2180
2504
2509
2754
3134
3570
3571
3598
3646
3598
3598
3353
3354
3327
3354
3756
3376
3132
3243
3640
3688
3577
4119
3577
4119
4118
3959
4118
4498
4160
4160
4133
4244
4489
4490
4734
4623
4650
4352
4650
4645
4618
4717
5055
4757
4784
4784
4540
4202
3878
3633
3253
2817
3062
3173
3497
3496
3496
3834
3807
3708
3952
3957
4393
4234
3692
4234
4614
4072
3636
3588
3587
3885
3933
3689
3175
3127
3286
2962
2989
3425
3749
3590
3479
4021
3585
3744
3347
3348
3103
3202
3638
4035
3936
3984
3957
4056
3654
3112
2715
2959
2959
2960
2662
2503
2900
2801
2796
2895
3140
2704
2815
2815
2815
3251
3007
3007
2571
3113
3272
3272
3173
3178
3476
3317
3316
2992
2992
2992
3316
3475
3989
3878
3878
3989
3878
3878
3989
3988
4232
4259
4211
4613
4289
4284
4284
4173
3835
3537
3292
2778
2779
3103
3076
3124
2722
2749
2749
3263
3362
3607
3945
3945
4243
4645
4645
4401
3774
3774
3774
3675
3516
3517
3003
3439
3412
3571
3247
3571
3191
3818
3845
3600
3198
3578
3577
3821
4066
3728
4130
4103
4202
4202
3878
3878
3580
3421
3041
2639
3153
2908
3019
3019
3421
3719
3878
3476
3800
3258
3285
3186
3075
3074
2830
2831
2831
2434
2136
2235
1911
2022
2022
2320
2221
2194
2518
2517
2517
2406
2808
2406
2358
2358
2469
2470
2470
2714
2555
2556
2936
2936
3478
3154
2640
2529
2926
2529
2528
2529
2774
3288
3287
3292
3391
3418
3413
3461
3216
3189
3090
3201
3090
3090
2548
2793
2904
2904
3301
3190
2810
2565
2724
2210
2548
2950
2791
2743
2346
2347
2889
2888
2999
2999
3379
3379
3384
2842
2462
2164
2191
1947
2271
2266
2239
2244
2244
2343
2587
2614
2614
2290
2290
2588
2588
2589
2584
2485
2882
2638
3152
3397
2961
2716
2716
2089
2089
2248
2248
2248
2247
2491
2736
3278
3034
3358
3363
3363
3204
2906
2901
2901
2901
3000
3005
3004
2905
3064
2662
2657
2662
2710
3090
3492
3736
3688
3736
4034
4007
3959
3959
3959
3848
3849
3849
3447
3447
3123
2825
3452
3551
3009
2629
2470
2226
2226
1712
2036
2036
2472
2520
3062
3062
3014
3014
3013
3257
3257
2860
2860
2233
2233
2747
2747
2795
3192
3144
3145
3145
3145
3256
3256
3256
3011
2912
2668
2667
2556
2556
2556
2557
2557
2584
2260
2640
2639
2242
2242
1904
2063
2058
2058
2356
2357
1843
2240
2288
2690
2663
2266
1968
2213
2218
2615
2179
2423
2264
2588
3215
3210
2965
3401
3402
3429
3540
3143
2763
3101
3498
3503
3748
3747
3846
3601
2974
2974
2926
2815
2413
2711
2314
2215
2595
2595
2568
2563
3190
3435
3435
3111
3508
3508
3508
3111
3210
3215
3374
3375
3077
3474
3474
3473
3473
3500
3401
3396
3369
2742
3144
3171
3495
3495
3495
3494
3494
3792
3891
4518
4220
4331
4331
3934
3934
3307
3208
2884
2884
2725
2884
2889
2645
2486
2084
2057
2459
2454
2698
2698
3095
3722
3723
3723
4237
4237
4237
4236
3839
3839
3839
3437
3437
3536
3933
3391
3715
3715
3716
3721
3622
3622
3621
3720
3721
3721
4019
4067
4469
5011
4631
4117
4117
4116
4005
4385
4061
4575
3948
3975
3637
3637
3538
3158
3159
3159
2645
2645
2645
2645
2983
2645
2645
2645
2618
2645
2983
2983
2978
2733
2732
2296
2541
2640
2751
2652
2354
2513
2514
2117
2122
2122
2636
2609
2933
2774
2769
2525
2524
2524
2683
3080
3460
3301
3301
2904
2904
2566
2566
3002
3246
3251
3350
3688
3847
3842
3869
3870
3843
3732
3759
3759
3764
3440
3441
3342
3640
3592
3592
3916
3618
3373
3373
3618
3294
3135
3294
3294
3592
3591
3591
3915
3916
4313
3916
3916
3374
3374
3374
3422
3177
2797
2770
3312
3312
3311
3708
3707
3708
3708
4088
4199
3819
3814
3655
3357
2815
2974
2815
2814
2570
2570
3112
3211
3212
3457
3457
3457
3458
3617
3458
3458
3359
3359
3021
3265
3292
2890
2890
2890
3292
3451
3456
3555
3311
3263
3601
4228
4117
4117
3715
3715
3688
3799
3799
3799
3847
3842
3518
3898
4142
4141
4142
4440
3898
3925
4327
3925
3814
3655
3766
3766
3766
3766
3718
3766
3766
3522
3924
3522
3522
3522
3125
2689
2351
2303
2303
2303
1789
1794
2308
2467
2466
2804
2799
2799
2798
2798
3340
3345
3345
3742
3643
3967
3643
3638
3686
3441
3685
3658
3116
3518
2891
2377
2377
1975
2489
2489
2891
2918
2923
3359
3901
3521
3521
3473
3473
3473
3474
3573
3573
4200
4445
4825
4581
4629
4873
4868
4570
4190
4190
4190
4189
4162
3620
3647
3647
3309
3633
3633
3389
3230
3182
3341
3314
3203
3314
3314
3362
3362
3117
3659
3686
3686
3638
3638
3686
4024
4024
4322
3780
3681
3654
3543
4085
4465
4466
4466
4418
4080
3700
3700
3700
3799
4044
4288
4288
4288
4336
4336
4091
4091
4091
4090
3931
3958
3522
3423
3534
3534
3535
3971
4130
4082
4181
4154
4154
4154
4399
4399
4426
4474
4447
4348
4050
3891
4271
4609
4907
4907
4510
4074
4074
3447
3109
3108
3109
3136
3136
3235
2911
2613
2613
2565
2320
2565
2564
2565
2566
2566
3193
3198
3198
3099
3535
3932
3932
3927
3932
4091
4090
4388
3874
3438
3438
3438
3438
3194
3242
3566
3567
3567
3567
4081
4033
4033
4132
4132
3834
3432
3480
3432
3273
3273
3517
3490
3828
3490
3788
3836
3995
3995
4431
4431
4431
4430
4429
4430
4430
4431
4383
4224
4626
4626
4626
4626
4964
4719
4718
4204
4204
4203
4203
4230
4230
4230
4230
3986
3584
3584
3632
3252
3654
3555
3555
3158
3672
3771
3771
3144
3144
3144
3524
3524
3524
3524
3200
3359
3359
3756
3597
3217
3118
3118
3119
3120
3120
3279
3659
3659
3611
3214
3214
3611
3209
3454
3295
3184
3508
3667
3911
4022
4070
4070
4069
4069
3771
3771
3771
4069
4070
3825
3825
3527
3091
2694
2793
2793
2694
2694
2694
2689
2688
2688
2688
3315
3315
3560
3858
3957
3962
4359
4359
4354
4195
4195
4195
4147
4147
4147
4147
3633
3633
4035
4083
4088
4088
4088
4602
4761
4761
5197
5197
5197
5098
4584
5098
4696
4452
4016
4016
4017
4017
3475
3448
3448
3400
3836
3512
3560
3587
3151
2637
2637
2299
2299
2398
2800
2800
2752
2752
2800
2403
2403
2304
2303
2304
2303
2005
1894
2232
2233
2747
2858
3102
2700
2700
2589
2991
2991
3388
3383
2869
2868
2868
3166
3166
3277
3277
3376
3381
3381
3333
3333
2931
2931
2931
2979
3381
3354
3790
3679
3679
3678
3679
4193
4193
4304
4846
4847
5171
5072
5171
5123
4878
4905
5150
5150
5198
4874
4847
4847
4847
4847
4549
4549
4549
4549
4549
4549
4305
4305
4194
4193
4193
4192
3812
4192
4516
4517
4517
4517
4761
4713
4714
4172
4172
3736
3784
4326
4762
4761
4761
4761
4756
4761
4761
4760
4760
4436
4463
4463
4027
4028
3401
2887
2643
2941
3455
3455
3699
3699
4023
4023
3924
3925
3925
3925
3681
4117
4116
4360
4360
4360
4360
4359
4311
4938
4938
5049
5050
5149
5149
5122
5122
5121
4823
4426
4046
4426
4426
4182
4480
4480
4480
4480
4480
4100
4100
4101
4149
4149
4050
4050
4045
4289
4669
4155
4044
3706
3733
3733
3733
4071
4071
4070
4070
3772
3392
3344
2717
2717
2717
3015
2988
3385
3899
3926
3927
4307
4307
4307
4009
4009
4010
3983
3581
3580
3679
4081
4080
4080
3756
4054
4681
4681
4245
4272
4320
4321
4432
4321
4326
4326
4082
4082
4082
4326
4278
4278
4278
4278
4326
3946
4270
4381
4222
4221
4222
4222
3898
3893
3649
3648
3537
3537
3023
3023
2975
2975
2975
2975
3134
3182
3618
3373
3373
3887
3998
4003
4327
4279
4279
3955
3955
3956
4280
4280
3844
3733
4113
4114
4114
4114
4113
4113
4549
4544
4246
4219
4463
4761
4788
4490
4491
4491
4491
4153
4153
4491
4392
4637
4642
4940
4940
4940
4781
4781
4781
4776
4776
4776
4776
4775
4874
4360
4360
4874
4875
4875
4923
4875
4874
4494
4170
4171
4330
4335
4334
3996
3996
3991
4329
4328
4328
4083
4194
4194
4194
3758
3758
4138
4139
4139
4138
4139
3759
4083
4463
4463
4468
4468
4469
4469
4469
4469
4468
4441
4441
4103
3859
3345
3340
3340
3340
3340
3340
3388
3387
3387
3387
3901
3853
3858
3759
4003
4003
4003
4004
3462
3082
3082
2758
2753
3091
3139
3091
2932
2931
2958
2958
2958
2958
3117
3117
3117
3118
2959
3007
3252
3794
3795
3795
3768
3768
3768
3867
3867
4026
4462
4462
4786
4786
4389
4389
4786
4389
4786
4541
4786
4786
4627
4627
4626
4224
4113
4113
4113
4113
4113
4114
4114
4494
4494
4250
4250
4250
4277
4277
4277
4436
4547
4547
4388
4388
4388
4388
4388
4277
4276
4276
4678
4678
4678
4678
4678
4678
4683
4683
4927
5086
5086
5086
5086
4927
5086
5087
5039
4794
4767
4767
4762
4464
4762
4761
5006
5011
5012
5012
5123
4799
4555
4555
4603
4492
4491
4518
4513
4624
4623
4623
4512
4513
4513
4837
4592
4212
4212
4457
4457
4457
4358
4357
4357
4357
4357
4456
4456
4457
4457
4456
4211
4211
4216
3892
3892
4136
4137
4137
4137
4137
4137
4137
4089
4413
4169
4168
4168
4163
4168
4141
4386
4381
4625
4111
4491
4491
4496
4198
4246
4246
4246
4247
4247
4088
4088
4386
4900
4900
4656
4656
4318
4073
3531
3642
3642
3801
3800
3800
3800
3800
3800
3800
3800
3800
3701
3728
3728
3729
3729
3332
3332
3332
3332
3173
3173
3173
3173
3173
3332
3333
3333
3432
3432
3405
3743
3770
3432
3432
3432
3432
3974
3974
4218
4218
4119
4218
4218
4217
4212
4609
4609
4095
4095
4095
4096
4096
4095
3996
4510
4609
4609
4609
4510
4509
4509
4509
4211
4509
4514
4466
4168
4413
4413
4413
4413
4254
4255
4255
4255
4256
4554
4602
4602
4602
4940
4939
4940
4939
4938
5097
5097
4759
4759
4759
4759
4754
5092
5092
5097
5098
5098
5050
5050
4536
4536
4536
4425
4398
4393
4149
3522
3184
3295
3295
3296
3301
3301
3301
3300
3638
3638
4265
4364
4364
4364
4364
4364
4364
3962
3963
3962
3962
3962
3989
4503
4503
4551
4550
4550
4550
4550
4545
4546
4435
4435
4435
4190
4435
4408
4011
4011
4011
3852
3852
3852
3852
3804
3804
3804
3804
4206
4206
4603
4358
4358
4517
4522
4423
4423
4099
4094
4099
4099
4094
4094
4094
4094
4142
4142
4142
4142
4142
4169
4169
4169
4493
4737
4737
4737
4737
4737
4848
4848
4947
4550
4549
4946
4946
4847
4847
4847
4852
4693
4066
4066
4066
4066
4225
3927
3922
4167
4266
4267
4267
4219
4060
4060
4061
4061
4061
4061
4060
4060
4060
4060
3722
3722
3770
3770
3770
3659
3611
3611
4238
4237
4242
4540
4540
4699
5037
4739
4739
4739
4850
4850
4823
4664
4962
4962
4963
4963
4963
4963
4962
4957
4957
4957
4962
5010
4574
4574
4574
4733
4734
4734
4734
4733
4733
4733
4734
4192
4192
4187
4139
3895
3895
3895
3895
3895
3896
3896
3923
3923
3923
4359
4200
4200
4205
4205
4253
4253
4253
4412
4364
4364
4364
4363
4363
4363
4363
4411
4406
4406
4406
4406
4379
3982
3982
3883
4425
4425
4425
4425
4425
4425
4424
3988
4232
4232
3987
3988
3993
3993
3993
3945
4190
4189
4190
4190
4217
4217
4316
4364
4363
4364
4364
4364
4364
4364
4265
4701
4696
4697
4697
4538
4538
4538
4935
4940
4913
5012
5012
5012
5012
5012
5039
4741
4497
4497
4741
4741
4741
4741
4740
4713
4713
4665
4665
4665
4665
4665
4665
4665
4566
4566
4567
4567
4567
4567
4567
4567
4567
4567
4567
4567
4566
4593
4692
4692
4692
4692
4692
4687
4687
4985
4985
4986
4986
4985
4985
4985
4985
4985
4985
4985
4985
4984
5143
5143
5143
5144
5144
5144
5144
5144
4900
4900
4900
4900
4905
4794
4794
4414
4413
4168
4168
4216
4217
4217
4462
4026
4270
4111
4112
4112
4111
4112
4271
4223
4223
4223
4334
4334
4036
3712
4148
3903
4148
3903
4283
4282
4282
4527
4527
4527
4527
4575
4575
4575
4575
4548
4549
4548
4575
4527
4527
4527
4825
4825
4826
4821
4821
4576
4900
4899
4947
4948
4948
4921
4921
4921
4920
4920
4920
4920
4872
4534
4539
4539
4539
4540
4785
4461
4461
4163
4158
4158
4456
4456
4780
4780
4807
4648
4212
4550
4550
4550
4550
4555
4991
4991
4991
4991
4986
4688
4688
4291
4291
4291
4291
4688
4736
4735
4736
4736
4736
4736
4709
4708
4709
4708
4708
4708
4713
4708
4708
4272
4161
4161
3759
3759
3759
3759
3758
3759
3759
4195
4200
4227
4228
4387
4789
4789
4789
4353
4353
4352
4352
4352
4352
4325
4352
4788
4689
4788
4788
4788
4689
4689
4689
4662
4662
4761
4761
4364
4364
4316
4317
4316
4713
5011
5011
5011
5011
5011
5011
5011
5011
5006
5006
5054
5054
5054
5054
5053
5053
5053
5164
5164
5169
5169
5169
5070
5071
5023
5050
4726
4726
4726
4825
4825
4714
4714
4714
4470
4470
4470
4470
4470
4470
4470
4518
4518
4518
4762
4762
4761
4762
4761
4761
4761
4761
4516
4517
4841
4841
4841
4841
4543
4543
4543
4543
4384
4384
4384
4379
4490
4788
4788
4788
4689
4689
4689
4788
4761
4762
4424
4424
4424
4313
4313
4313
4313
4318
4318
4318
4477
4722
4721
4721
4721
4716
4743
4743
4743
4743
4743
4695
4668
4668
4668
4695
4806
4806
4647
4695
4854
5192
5192
5192
5192
5192
5192
5165
5165
5165
5165
5165
5165
5192
5192
5033
5033
5033
5033
5006
5006
5033
4597
4353
4353
4789
4789
4794
4795
4794
4953
4953
4954
4953
4948
4948
4948
4900
4900
4900
4801
4801
5045
5045
5050
5050
5050
5050
5050
5098
5098
5050
5050
5098
5098
5098
4987
4987
4742
4742
4715
4667
4667
4667
4667
4668
4767
4767
4762
4762
4762
4789
4788
4787
4787
4787
5032
5032
5032
5032
5143
5143
5143
5191
5191
5191
5191
5191
5192
5192
5192
5193
4948
4921
4926
4926
4827
4827
4827
4826
4827
4827
4827
4827
4827
4827
4827
4827
4827
4827
4926
4926
4926
4926
4926
4628
4290
4242
4540
4588
4588
4615
4614
4455
4450
4609
4854
4854
4854
4743
4743
4743
4743
4743
4743
4743
4748
4748
4748
4748
4859
4859
4859
4760
4760
4760
4760
4761
4761
4761
4756
4756
4756
4756
4756
4597
4597
4597
4596
4596
4596
4596
4934
4933
4933
4933
4689
4689
4848
4848
4848
4848
4848
4737
4578
4578
4677
4677
4677
4629
4677
4677
4682
4841
5085
5085
5086
5086
5087
5087
5086
5086
5086
4987
4987
5086
5086
5086
5086
5086
5086
5086
5086
5059
5059
5059
5059
4662
4563
4563
4674
4674
4674
4674
4669
4669
4669
4669
4669
4669
4669
4669
4768
4768
4768
4768
4768
5165
5165
5165
5166
5166
5166
5193
5193
5193
5192
5144
5144
5144
5144
5144
5144
5144
5144
5144
5145
5145
5046
5046
5045
5045
5045
4934
4934
5045
5045
5045
5045
5045
5093
5093
5045
5093
5098
5099
5099
5099
5099
5099
5099
4855
4855
4855
4855
5099
5099
5072
5099
5099
4988
4988
4744
4743
4738
4982
4987
4987
4987
4987
5086
5081
5081
5081
5081
5081
5081
5081
5081
5081
4982
4982
4982
4982
4982
4981
4982
4982
5093
5093
5093
5093
5093
5094
5094
4983
4983
4983
4983
5094
5094
5093
5192
5192
5144
5144
5144
5144
5143
5144
5144
5144
5144
5144
5144
5144
5144
5045
5044
5143
5143
5143
5143
5143
5143
5143
5143
5143
5143
5191
5164
5164
5164
5164
5164
5165
5165
5192
5192
5192
5144
5144
5144
5149
5148
5148
5149
5149
5149
5149
4811
4812
4812
4812
4812
4812
4812
4812
4713
4713
4468
4467
4468
4468
4463
4463
4463
4436
4436
4436
4774
4774
4774
4774
4774
4774
4774
4822
4822
4822
5067
5067
4769
4769
4769
4769
5067
5066
5067
5067
5067
5094
5094
4983
4983
4983
4988
4988
4988
4988
4988
4988
4988
4988
4940
4940
4940
4940
4940
4940
4940
4940
4940
4940
4940
4940
4940
4940
4940
4939
4939
4987
4987
4987
5086
5081
5081
5086
5086
5086
5086
5086
5197
5197
5192
5192
5192
5192
5192
5192
5192
5144
5149
5149
5144
5144
5144
5143
5191
5191
5191
4947
4947
4948
4948
4948
4948
4948
4948
4948
4948
4948
4948
4948
4948
4948
4900
4900
4900
4900
4873
4873
4873
4873
4874
4901
4900
5144
5144
5192
5193
5193
5193
5193
5145
5034
5034
5034
5033
5033
5033
5081
5086
5086
5085
5085
5085
5085
5085
5085
5085
5086
5086
5086
4927
4927
4900
4927
4927
4927
4927
4927
4927
4926
4899
4926
4926
4926
4926
4927
4900
4900
4900
4900
4927
4927
4927
5086
4927
4928
4928
4928
4927
4927
5038
5038
5038
5039
5039
5038
5038
5037
5037
5037
5010
5010
5010
5010
5037
5037
5038
5038
5038
5038
5038
5038
5038
5038
4990
5149
5148
5196
5196
5196
5196
5196
5196
5191
5092
5092
5092
5092
5191
5191
5191
5191
5191
5191
5191
5191
5191
5192
5192
5192
5144
5144
5144
5117
5116
5116
5116
4871
4871
4871
4871
4871
4871
4871
5116
5116
5116
5116
5116
5116
5005
5005
5005
5005
5005
5005
5005
5005
5005
5005
4846
4846
4846
4846
4873
4921
4921
4921
5080
5085
5085
5085
5086
5086
5086
5086
5086
5086
5086
5081
5081
5081
4783
4783
4783
4783
4783
4783
4783
4894
4894
5192
5192
5197
5197
5197
5197
5197
5197
5197
5197
5197
5197
5197
5197
5198
5197
5098
5098
5098
5098
5098
4854
4849
4822
4822
4822
4821
4821
4821
4821
4920
4925
4925
4925
4826
5070
5070
5065
5065
5164
5164
5164
5164
5053
5053
5054
5054
5054
5054
5054
5054
5054
5054
5054
5054
5054
5006
5006
5033
5081
5192
4678
4678
5192
5192
5192
5197
5197
5197
5197
5197
4953
4953
4954
4949
4949
4949
4949
4949
4949
4949
4949
4949
4949
4949
4949
4949
4901
4901
4949
4948
4948
4948
4948
4949
4949
4949
4949
4948
5192
5192
5192
5192
5192
5192
5192
5192
5191
5191
5191
5191
5191
5192
5192
5193
5193
5193
5192
5165
5165
5165
5164
5164
5165
5164
5164
5164
5164
5164
5164
5116
5164
5164
5065
5066
5066
5165
5165
5165
5192
5192
5191
5191
5191
5192
5192
5192
5192
5192
5197
5197
5197
5149
5122
5170
5170
5170
5165
5165
5166
5165
5165
5165
5170
5170
5170
5170
5165
5165
5165
5165
5165
5165
5164
5191
5196
5196
5148
5148
5196
5191
5191
5191
5192
5192
5192
5197
5196
5191
5191
5191
5191
5191
5191
5191
5192
5191
5191
5191
5191
5191
5191
5191
5092
5092
5092
5044
5045
5050
5050
5049
5049
5049
5050
5050
5045
5045
5093
5093
5094
5067
5067
5094
5094
5094
5094
5094
5094
5093
5093
5093
5093
5093
5093
5192
5192
5192
5192
5191
5191
5191
5191
5191
5191
5080
5080
5080
5080
5080
5080
5080
5080
5080
5081
5082
5082
5082
5082
5082
5082
5082
5193
5193
5166
5166
5166
5171
5171
5198
5198
5087
5087
5087
5087
5086
5086
5081
5081
5081
5081
5081
5081
5081
5081
5054
5054
5165
5165
5165
5165
5165
5117
5117
5117
5117
5006
5033
5144
5145
5145
5145
5145
5046
5046
5145
5145
5145
5150
5145
5145
5145
5145
5145
5144
5117
5117
5117
5117
5117
5117
5122
5123
5122
5122
5122
5122
5122
5122
5122
5122
5122
5121
5122
5122
5122
5117
5117
5117
5117
5165
5165
5165
5192
5192
5192
5192
5192
5165
5165
5165
5066
5066
5066
5066
5066
5066
5018
5018
5018
5018
5018
5018
5045
5045
5045
5144
5145
5145
5145
5145
5145
5145
5145
5145
5145
5145
5145
5145
5193
5193
5193
5193
5193
5166
5166
5166
5118
5118
5019
5019
5019
5019
5019
5019
5019
5018
5018
5066
5066
5067
5094
5094
5094
5193
5193
5193
5193
5166
5166
5166
5166
5166
5166
5166
5166
5118
5118
5118
5145
5150
5149
5149
5149
5149
5149
5149
5149
5149
5149
5149
5144
5145
5193
5193
5193
5145
5145
5145
5145
5145
5145
5145
5145
5145
5145
5145
5145
5145
5145
5145
5145
5145
5145
5118
5118
5118
5118
5118
5118
5118
5117
5122
5123
5123
5123
5123
5123
5150
5150
5150
5149
5149
5197
5196
5196
5196
5196
5191
5191
5191
5191
5191
5191
5191
5191
5191
5191
5196
5196
5196
5196
5197
5197
5197
5197
5197
5197
5197
5197
5197
5170
5170
5170
5197
5197
5197
5197
5198
5198
5198
5198
5197
5197
5197
5198
5198
5198
5087
5087
5087
5087
5087
5086
5086
5086
5086
5086
5086
5086
5087
5087
5039
5039
5039
5087
5087
5087
5087
5087
5087
5087
5087
5087
5087
5087
5087
5087
5087
5087
5198
5198
5198
5150
5150
5150
5150
5145
5144
5149
5149
5038
5038
5038
5033
5144
5144
5192
5192
5192
5192
5192
5192
5191
5191
5191
5191
5191
5191
5191
5192
5192
5191
5191
5191
5191
5191
5191
5191
5191
5191
5191
5191
5191
5191
5191
5191
5196
5197
5197
5198
5197
5197
5197
5197
5149
5149
5150
5150
5145
5145
5145
5145
5145
5145
5145
4986
5034
5034
5034
5034
5034
5193
5193
5193
5193
5193
5193
5193
5193
5193
5192
5192
5192
5144
5144
5144
5144
5144
5144
5144
5144
5144
5145
5145
5145
5145
5145
5145
5145
5193
5193
5193
5193
5198
5198
5198
5198
5198
5198
5198
5197
5197
5197
5197
5197
5197
5192
5192
5165
5165
5165
5165
5170
5170
5197
5197
5197
5197
5197
5197
5197
5197
5197
5198
5198
5198
5193
5193
5192
5192
5192
5192
5192
5192
5192
5192
5192
5192
5192
5192
5192
5192
5093
5093
5093
5094
5094
5094
5094
5094
5094
5094
5093
5093
5066
5066
5066
5071
5071
5070
5070
5070
5071
5071
5071
5071
5071
5071
5071
5071
5071
5070
5070
5169
5169
5169
5169
5196
5196
5196
5196
5191
5196
5196
5196
5196
5196
5196
5191
5196
5196
5196
5197
5197
5197
5197
5197
5149
5149
5197
5197
5198
5198
5198
5198
5099
5099
5099
5098
5098
5093
5092
5092
5092
5092
5092
5092
5092
5092
5044
5044
5045
5050
5023
5022
5121
5121
5121
5148
5148
5148
5148
5143
5143
5116
5116
5116
5116
5117
5117
5117
5122
5122
5122
5121
5121
5121
5122
5122
5122
5122
5122
5122
5123
5123
5123
5123
5123
5123
5123
5171
5170
5170
5170
5165
5165
5165
5165
5165
5166
5193
5193
5193
5193
5193
5193
5198
5198
5099
5098
5098
5098
5098
5098
5098
5098
5098
5098
5098
5098
5098
5098
5098
5097
5097
5098
5098
5098
5098
5098
5098
5098
5098
5098
5098
5098
5097
5097
5097
5092
5092
5092
5092
5092
5092
5092
5092
5092
5092
5092
5092
5092
5191
5164
5164
5116
5116
5116
5116
5116
5116
5143
5143
5191
5191
5191
5191
5191
5191
5191
5191
5191
5191
5191
5191
5143
5144
5144
5144
5144
5144
5144
5144
5144
5144
5144
5117
5144
5145
5145
5145
5145
5144
5144
5144
5144
5143
5143
5144
5144
5117
5117
5117
5117
5117
5117
5117
5122
5122
5149
5149
5149
5149
5149
5149
5149
5149
5197
5197
5197
5197
5197
5197
5197
5197
5197
5197
5197
5197
5197
5197
5197
5197
5197
5197
5197
5197
5197
5197
5197
5197
5197
5197
5197
5038
5038
5038
5037
5037
5037
4989
4989
4990
4989
4989
4990
4990
5149
5149
5149
5122
5170
5170
5170
5170
5170
5170
5170
5197
5197
5170
5170
5170
5170
5170
5170
5170
5170
5170
5170
5197
5197
5197
5197
5197
5197
5197
5197
5192
5192
5192
5192
5165
5165
5165
5165
5170
5169
5164
5164
5164
5164
5164
5164
5164
5169
5196
5191
5191
5191
5191
5191
5191
5191
5191
5192
5192
5197
5197
5197
5197
5192
5165
5166
5166
5166
5166
5166
5166
5166
5166
5166
5171
5171
5171
5171
5171
5171
5166
5166
5166
5166
5166
5166
5166
5165
5165
5165
5165
5165
5117
5117
5117
5118
5118
5118
5145
5145
5145
5145
5150
5150
5150
5150
5150
5150
5150
5150
5150
5149
5148
5148
5148
5148
5148
5148
5196
5196
5196
5196
5196
5196
5196
5196
5196
5196
5196
5196
5196
5196
5196
5197
5197
5197
5197
5196
5196
5196
5196
5196
5196
5196
5196
5196
5196
5196
5196
5196
5196
5196
5196
5197
5197
5197
5197
5197
5192
5193
5193
5193
5193
5193
5193
5198
5198
5198
5198
5198
5198
5198
5198
5198
5198
5198
5198
5198
5198
5198
5198
5198
5198
5198
5198
5198
5198
5198
5193
5193
5193
5193
5193
5193
5193
5193
5193
5193
5193
5193
5193
5193
5193
5193
5192
5192
5192
5192
5192
5192
5192
5192
5165
5165
5165
5165
5165
5165
5165
5165
5165
5165
5192
5192
5192
5192
5192
5192
5192
5192
5192
5165
5165
5165
5165
5117
5122
5122
5170
5170
5170
5170
5197
5197
5197
5197
5197
5197
5197
5197
5197
5197
5197
5197
5197
5149
5148
5149
5149
5148
5148
5148
5148
5148
5148
5148
5148
5148
5148
5148
5149
5149
5149
5149
5149
5149
5197
5197
5197
5198
5198
5198
5198
5198
5193
5193
5193
5193
5193
5193
5193
5198
5198
5198
5198
5198
5198
5198
5198
5198
5198
5198
5197
5197
5197
5197
5197
5197
5192
5192
5192
5192
5192
5192
5192
5192
5192
5192
5192
5192
5192
5192
5192
5192
5192
5197
5197
5197
5197
5197
5197
5197
5197
5197
5197
5197
5197
5197
5197
5198
5099
5099
5099
5094
5094
5094
5094
5093
5093
5093
5093
5093
5093
5093
5093
5093
5093
5093
5045
5045
5045
5045
5045
5044
5045
5093
5093
5093
5093
5093
5093
5093
5093
5093
5093
5093
5093
5092
5092
5191
5191
5191
5191
5191
5191
5191
5191
5164
5164
5164
5169
5169
5169
5164
5164
5164
5164
5164
5164
5164
5164
5164
5164
5164
5165
5165
5192
5193
5193
5193
5193
5192
5192
5165
5165
5192
5192
5192
5192
5192
5192
5192
5192
5192
5192
5192
5192
5192
5192
5192
5192
5197
5197
5197
5197
5170
5165
5170
5170
5170
5197
5197
5197
5197
5192
5192
5144
5144
5192
5192
5192
5192
5192
5192
5193
5193
5193
5193
5193
5193
5192
5192
5197
5170
5197
5197
5197
5197
5197
5198
5198
5198
5198
5197
5197
5197
5197
5197
5197
5197
5197
5197
5197
5197
5197
5197
5197
5197
5197
5197
5197
5192
5197
5197
5197
5197
5197
5196
5196
5196
5196
5196
5196
5196
5196
5196
5191
5191
5191
5191
5191
5191
5191
5191
5191
5191
5191
5192
5165
5165
5165
5165
5165
5165
5165
5165
5165
5165
5165
5165
5165
5165
5165
5165
5165
5165
5165
5165
5165
5170
5170
5170
5171
5171
5171
5170
5170
5170
5171
5171
5171
5171
5171
5171
5171
5171
5171
5171
5170
5197
5198
5198
5193
5193
5193
5193
5193
5193
5193
5193
5193
5193
5193
5192
5192
5192
5192
5192
5197
5197
5197
5197
5197
5196
5196
5196
5196
5196
5196
5196
5196
5196
5196
5196
5196
5169
5169
5169
5169
5196
5196
5196
5196
5196
5196
5197
5197
5197
5197
5197
5197
5197
5197
5197
5197
5197
5197
5197
5197
5197
5196
5196
5196
5191
5191
5191
5191
5191
5191
5191
5191
5191
5191
5191
5191
5191
5191
5191
5191
5191
5196
5196
5196
5196
5197
5197
5197
5197
5197
5197
5196
5197
5197
5197
5197
5197
5197
5197
5197
5197
5197
5197
5197
5197
5197
5197
5197
5197
5197
5197
5197
5197
5197
5197
5197
5192
5192
5192
5192
5192
5192
5192
5192
5192
5192
5192
5192
5192
5192
5192
5192
5192
5192
5192
5192
5192
5192
5192
5192
5192
5192
5192
5192
5192
5192
5192
5192
5192
5192
5192
5192
5192
5192
5192
5192
5197
5197
5197
5197
5197
5197
5197
5197
5197
5197
5197
5197
5197
5197
5197
5197
5197
5197
5196
5196
5196
5196
5196
5196
5196
5196
5196
5197
5197
5197
5197
5197
5197
5197
5197
5197
5197
5197
5197
5197
5197
5197
5197
5197
5197
5197
5197
5197
5197
5197
5197
5192
5192
5192
5192
5197
5197
5197
5197
5197
5197
5197
5197
5197
5197
5197
5196
5196
5196
5196
5196
5197
5197
5197
5197
5197
5197
5197
5197
5197
5197
5197
5197
5197
5197
5197
5197
5198
5198
5198
5198
5197
5197
5197
5197
5197
5197
5197
5197
5197
5197
5197
5197
5197
5197
5197
5197
5197
5197
5197
5197
5196
5196
5196
5196
5196
5197
5197
5198
5198
5197
5197
5197
5198
5198
5197
5197
5197
5197
5197
5197
5197
5197
5197
5197
5197
5197
5197
5197
5197
5197
5197
5197
5197
5192
5192
5192
5192
5191
5196
5196
5196
5196
5148
5148
5148
5148
5148
5143
5144
5144
5144
5144
5192
5192
5192
5193
5193
5193
5193
5193
5193
5193
5198
5198
5198
5198
5198
5198
5198
5198
5198
5198
5198
5198
5198
5198
5198
5198
5198
5198
5198
5198
5193
5193
5193
5193
5193
5193
5193
5193
5193
5192
5192
5192
5192
5192
5192
5192
5192
5192
5192
5192
5193
5193
5193
5192
5192
5191
5191
5191
5191
5191
5191
5191
5191
5191
5191
5191
5191
5191
5191
5191
5191
5191
5191
5191
5191
5191
5191
5191
5192
5192
5192
5191
5192
5192
5192
5192
5192
5197
5197
5197
5197
5197
5197
5197
5197
5197
5197
5197
5197
5197
5197
5192
5192
5192
5192
5193
5193
5193
5193
5193
5193
5192
5197
5197
5197
5197
5197
5197
5197
5197
5192
5192
5192
5192
5192
5192
5192
5192
5192
5192
5197
5197
5197
5197
5197
5197
5197
5197
5197
5198
5198
5198
5198
5198
5198
5198
5198
5198
5198
5198
5198
5198
5198
5197
5197
5197
5197
5197
5197
5197
5197
5197
5197
5197
5197
5198
5198
5198
5198
5198
5198
5198
5198
5198
5198
5198
5198
5198
5198
5198
5197
5196
5196
5197
5197
5197
5197
5197
5197
5197
5197
5197
5197
5197
5197
5197
5197
5196
5196
5196
5196
5196
5196
5197
5197
5197
5196
5196
5196
5196
5196
5196
5196
5196
5196
5196
5196
5196
5196
5196
5196
5191
5191
5191
5191
5191
5191
5191
5191
5191
5191
5192
5192
5192
5192
5192
5192
5192
5192
5192
5197
5197
5197
5197
5197
5197
5197
5197
5197
5197
5197
5197
5197
5197
5197
5197
5197
5198
5198
5197
5197
5197
5197
5196
5196
5196
5196
5196
5191
5191
5191
5191
5191
5191
5192
5192
5192
5192
5192
5192
5192
5192
5192
5192
5192
5191
5196
5196
5196
5196
5196
5196
5196
5196
5196
5196
5196
5196
5196
5196
5197
5197
5197
5197
5197
5196
5196
5196
5196
5196
5197
5197
5197
5197
5197
5198
5198
5197
5197
5197
5197
5197
5197
5197
5197
5197
5197
5197
5197
5197
5197
5197
5197
5197
5197
5197
5192
5193
5193
5193
5193
5193
5193
5192
5192
5192
5192
5192
5192
5192
5192
5192
5192
5192
5192
5192
5192
5192
5192
5192
5192
5192
5192
5192
5192
5192
5191
5191
5191
5191
5191
5191
5164
5164
5164
5164
5164
5191
5196
5196
5196
5196
5196
5196
5197
5197
5197
5192
5192
5192
5192
5197
5197
5197
5197
5197
5197
5197
5197
5197
5197
5197
5197
5197
5197
5197
5197
5197
5197
5196
5196
5196
5196
5197
5197
5197
5197
5197
5197
5197
5197
5192
5192
5192
5192
5197
5197
5197
5197
5197
5197
5197
5197
5197
5197
5197
5197
5197
5198
5198
5198
5198
5198
5198
5198
5197
5197
5197
5197
5197
5192
5192
5192
5192
5193
5193
5193
5193
5193
5193
5193
5193
5193
5192
5192
5192
5192
5192
5193
5193
5193
5193
5193
5193
5193
5192
5192
5197
5198
5198
5198
5198
5198
5198
5198
5198
5198
5198
5198
5198
5198
5198
5198
5198
5198
5198
5198
5197
5197
5197
5197
5197
5197
5197
5197
5197
5197
5197
5198
5197
5197
5197
5197
5197
5197
5197
5197
5197
5197
5197
5197
5197
5197
5197
5197
5198
5198
5197
5197
5197
5197
5197
5197
5197
5197
5197
5197
5197
5197
5197
5197
5197
5192
5192
5191
5191
5191
5191
5191
5191
5191
5192
5192
5192
5191
5192
5192
5192
5192
5192
5192
5193
5193
5193
5193
5193
5192
5192
5193
5193
5193
5193
5193
5198
5197
5197
5197
5197
5197
5197
5197
5197
5197
5197
5197
5198
5198
5198
5198
5198
5198
5198
5198
5198
5198
5198
5198
5198
5198
5198
5198
5198
5198
5198
5197
5197
5197
5197
5197
5197
5197
5197
5197
5198
5198
5198
5198
5198
5197
5197
5197
5197
5197
5197
5197
5197
5197
5197
5197
5197
5197
5197
5197
5198
5198
5198
5198
5198
5198
5198
5198
5198
5198
5198
5198
5198
5198
5198
5198
5197
5197
5197
5197
5197
5197
5197
5197
5197
5197
5197
5197
5197
5197
5197
5197
5197
5197
5197
5197
5197
5197
5197
5197
5197
5197
5197
5197
5197
5197
5197
5197
5197
5197
5197
5197
5197
5197
5197
5197
5197
5197
5197
5197
5197
5197
5197
5197
5197
5197
5197
5196
5196
5196
5196
5196
5196
5196
5196
5196
5196
5196
5196
5196
5196
5197
5196
5196
5196
5196
5196
5196
5196
5196
5196
5197
5197
5197
5197
5197
5197
5197
5197
5197
5197
5197
5197
5197
5197
5197
5197
5197
5197
5197
5197
5197
5197
5197
5198
5198
5193
5193
5193
5193
5193
5193
5193
5193
5193
5193
5193
5193
5193
5193
5193
5193
5193
5193
5193
5198
5193
5192
5192
5192
5192
5192
5192
5192
5192
5192
5192
5192
5192
5192
5192
5193
5193
5193
5193
5193
5193
5193
5193
5193
5193
5193
5193
5193
5193
5193
5193
5193
5198
5198
5198
5198
5198
5198
5197
5197
5192
5192
5192
5192
5192
5192
5192
5191
5191
5191
5191
5191
5191
5191
5191
5191
5191
5191
5191
5191
5191
5191
5191
5191
5191
5191
5191
5192
5192
5192
5193
5193
5193
5192
5192
5192
5192
5192
5192
5192
5192
5192
5192
5192
5192
5192
5192
5197
5197
5196
5197
5197
5197
5197
5197
5197
5197
5197
5197
5196
5196
5196
5196
5196
5196
5196
5196
5196
5196
5196
5196
5196
5196
5196
5196
5196
5196
5196
5196
5196
5196
5196
5196
5196
5196
5196
5196
5196
5196
5196
5197
5197
5197
5197
5197
5197
5197
5197
5197
5198
5198
5198
5198
5198
5198
5198
5198
5198
5198
5193
5193
5193
5193
5193
5193
5193
5193
5193
5193
5192
5192
5192
5192
5192
5192
5192
5192
5192
5192
5192
5192
5192
5192
5192
5192
5192
5192
5192
5192
5192
5192
5192
5192
5192
5193
5193
5193
5198
5198
5198
5198
5198
5197
5197
5197
5197
5197
5197
5197
5197
5197
5197
5197
5197
5197
5197
5197
5197
5197
5197
5197
5197
5197
5197
5197
5197
5197
5197
5197
5197
5197
5197
5197
5197
5197
5197
5192
5192
5192
5192
5192
5192
5192
5192
5192
5192
5192
5192
5192
5192
5192
5192
5192
5192
5193
5193
5198
5198
5198
5198
5198
5197
5197
5197
5197
5197
5197
5197
5197
5197
5197
5197
5197
5197
5197
5198
5198
5198
5198
5198
5198
5198
5198
5198
5198
5198
5198
5198
5198
5198
5198
5198
5198
5198
5198
5198
5198
5198
5197
5197
5197
5196
5196
5196
5196
5196
5196
5197
5197
5197
5197
5198
5198
5198
5198
5198
5198
5198
5198
5198
5198
5198
5198
5198
5198
5198
5198
5198
5198
5198
5197
5197
5197
5197
5197
5197
5197
5197
5197
5197
5197
5197
5197
5197
5197
5197
5197
5197
5197
5198
5198
5198
5198
5198
5198
5198
5198
5198
5198
5198
5197
5197
5197
5197
5198
5198
5198
5198
5198
5198
5198
5198
5198
5198
5198
5198
5197
5197
5197
5196
5196
5196
5196
5196
5196
5196
5196
5196
5196
5196
5197
5197
5197
5197
5197
5197
5196
5197
5197
5197
5197
5197
5197
5197
5197
5197
5197
5197
5197
5197
5197
5197
5198
5198
5198
5197
5197
5192
5197
5197
5197
5197
5197
5197
5198
5198
5198
5198
5198
5198
5197
5198
5198
5198
5198
5198
5198
5198
5198
5198
5198
5198
5198
5198
5198
5198
5198
5198
5198
5198
5198
5197
5197
5197
5197
5197
5197
5198
5198
5198
5198
5198
5198
5198
5198
5198
5198
5198
5198
5198
5198
5198
5198
5198
5198
5198
5198
5198
5198
5198
5198
5198
5198
5198
5198
5198
5198
5198
5198
5198
5198
5198
5198
5198
5198
5198
5198
5198
5198
5198
5197
5197
5192
5192
5192
5192
5192
5192
5192
5192
5193
5193
5193
5193
5192
5192
5192
5192
5192
5192
5192
5192
5192
5192
5191
5191
5196
5196
5196
5196
5196
5196
5196
5196
5196
5196
5196
5196
5196
5196
5196
5196
5196
5196
5196
5191
5191
5191
5191
5192
5192
5197
5197
5198
5198
5198
5198
5198
5198
5197
5197
5197
5197
5197
5197
5197
5197
5197
5196
5196
5196
5196
5196
5197
5197
5197
5197
5197
5197
5197
5197
5197
5197
5197
5197
5197
5197
5197
5197
5197
5197
5197
5197
5197
5197
5197
5197
5197
5197
5197
5197
5197
5197
5197
5197
5197
5197
5197
5197
5197
5197
5197
5197
5197
5197
5198
5198
5198
5198
5198
5198
5198
5198
5198
5198
5198
5198
5198
5198
5198
5198
5198
5198
5198
5198
5198
5198
5198
5198
5198
5198
5198
5197
5197
5197
5197
5197
5197
5197
5197
5198
5197
5197
5197
5197
5197
5197
5197
5197
5197
5197
5197
5197
5197
5197
5197
5197
5196
5196
5196
5196
5197
5197
5197
5197
5198
5198
5198
5198
5198
5198
5198
5198
5198
5198
5198
5198
5198
5198
5198
5198
5198
5198
5198
5198
5197
5197
5197
5197
5197
5197
5197
5197
5197
5197
5197
5197
5197
5197
5197
5197
5197
5196
5196
5196
5196
5197
5197
5197
5197
5197
5197
5197
5197
5197
5197
5197
5197
5197
5197
5197
5197
5197
5197
5197
5197
5197
5197
5197
5197
5197
5196
5196
5197
5197
5198
5198
5198
5198
5198
5198
5198
5197
5197
5197
5197
5197
5197
5198
5198
5198
5198
5198
5198
5198
5198
5198
5198
5198
5198
5198
5198
5198
5198
5197
5197
5198
5198
5198
5198
5198
5198
5198
5198
5198
5198
5198
5198
5198
5198
5198
5198
5198
5198
5198
5198
5198
5198
5198
5198
5198
5198
5197
5197
5197
5197
5197
5197
5197
5197
5197
5197
5197
5196
5196
5196
5196
5196
5196
5196
5197
5196
5196
5196
5196
5196
5196
5196
5196
5196
5197
5197
5196
5196
5196
5196
5196
5196
5196
5196
5197
5197
5197
5197
5197
5197
5197
5197
5197
5197
5197
5197
5197
5197
5197
5197
5197
5197
5198
5198
5198
5198
5198
5198
5198
5198
5198
5198
5198
5198
5198
5198
5198
5198
5198
5198
5198
5198
5198
5198
5198
5198
5198
5198
5198
5198
5198
5198
5198
5198
5198
5198
5198
5198
5198
5198
5198
5198
5198
5198
5198
5198
5198
5198
5198
5198
5198
5198
5198
5198
5198
5198
5198
5198
5198
5197
5197
5197
5197
5197
5197
5197
5197
5192
5191
5191
5191
5191
5191
5191
5191
5192
5192
5192
5192
5192
5192
5192
5192
5197
5197
5198
5198
5198
5198
5198
5197
5197
5198
5198
5198
5198
5198
5198
5198
5198
5198
5198
5198
5198
5198
5198
5198
5198
5198
5198
5198
5198
5198
5198
5198
5198
5198
5198
5198
5198
5198
5198
5198
5198
5198
5198
5198
5198
5198
5198
5198
5198
5198
5198
5198
5198
5198
5198
5198
5198
5198
5198
5198
5198
5198
5198
5198
5198
5198
5198
5198
5198
5198
5198
5198
5198
5198
5198
5198
5198
5198
5198
5198
5198
5198
5197
5197
5197
5198
5198
5198
5197
5197
5196
5196
5197
5197
5197
5197
5197
5197
5197
5197
5197
5197
5197
5197
5197
5197
5197
5198
5198
5198
5197
5197
5197
5197
5197
5197
5197
5197
5197
5197
5197
5197
5197
5197
5197
5197
5197
5197
5197
5197
5197
5197
5197
5197
5197
5197
5197
5198
5198
5198
5198
5198
5198
5198
5198
5198
5198
5198
5198
5198
5198
5198
5198
5198
5198
5198
5198
5198
5198
5198
5197
5197
5197
5197
5197
5197
5197
5197
5197
5197
5197
5197
5197
5198
5198
5198
5198
5198
5198
5198
5198
5198
5198
5198
5198
5198
5198
5198
5198
5198
5198
5198
5198
5198
5198
5198
5198
5198
5198
5198
5198
5198
5198
5198
5198
5198
5198
5198
5197
5197
5197
5197
5197
5197
5197
5197
5197
5197
5197
5197
5197
5197
5197
5197
5197
5198
5198
5198
5198
5198
5198
5198
5198
5198
5198
5198
5198
5198
5197
5197
5197
5197
5197
5197
5197
5197
5197
5197
5197
5197
5197
5197
5197
5197
5197
5197
5197
5197
5197
5197
5197
5197
5197
5197
5197
5197
5197
5197
5198
5198
5197
5197
5197
5197
5197
5197
5197
5197
5197
5197
5197
5198
5198
5198
5198
5198
5198
5198
5198
5198
5198
5198
5198
5198
5198
5198
5198
5197
5197
5197
5197
5197
5197
5197
5197
5198
5198
5198
5198
5198
5198
5198
5198
5198
5198
5197
5197
5197
5197
5197
5197
5197
5197
5197
5197
5196
5196
5196
5196
5197
5197
5197
5197
5197
5197
5197
5197
5197
5197
5197
5197
5197
5197
5197
5197
5197
5198
5198
5198
5198
5198
5198
5198
5198
5198
5198
5198
5198
5198
5198
5198
5198
5198
5197
5197
5197
5197
5197
5197
5197
5197
5197
5197
5197
5197
5197
5197
5197
5197
5197
5197
5197
5198
5197
5197
5197
5197
5197
5197
5197
5196
5196
5196
5196
5196
5196
5196
5196
5196
5196
5196
5196
5196
5197
5197
5197
5197
5197
5197
5198
5198
5198
5198
5198
5198
5198
5198
5198
5198
5198
5198
5198
5198
5198
5198
5198
5198
5198
5198
5198
5198
5198
5198
5197
5197
5197
5197
5197
5197
5197
5197
5197
5197
5197
5197
5197
5197
5197
5197
5197
5198
5198
5198
5198
5198
5198
5197
5197
5197
5197
5197
5197
5197
5197
5197
5197
5197
5197
5197
5197
5197
5198
5198
5198
5198
5198
5198
5198
5198
5198
5198
5198
5198
5198
5198
5198
5198
5198
5198
5198
5198
5198
5198
5198
5198
5198
5198
5198
5198
5198
5198
5198
5198
5198
5198
5198
5198
5198
5198
5198
5198
5198
5198
5198
5198
5198
5198
5198
5198
5198
5198
5198
5198
5198
5198
5198
5198
5198
5198
5198
5198
5198
5197
5197
5197
5197
5197
5197
5197
5197
5197
5197
5197
5197
5197
5196
5196
5196
5196
5196
5196
5196
5196
5196
5196
5196
5196
5196
5196
5196
5197
5197
5197
5197
5197
5196
5196
5196
5196
5196
5196
5196
5196
5196
5196
5197
5197
5197
5197
5197
5197
5197
5197
5197
5197
5197
5197
5197
5197
5197
5197
5198
5198
5198
5198
5198
5198
5198
5198
5198
5198
5198
5198
5198
5198
5198
5198
5198
5198
5198
5198
5198
5198
5198
5198
5198
5198
5198
5198
5198
5198
5198
5198
5198
5198
5198
5198
5198
5198
5198
5198
5198
5198
5197
5198
5198
5198
5198
5198
5198
5198
5198
5198
5198
5198
5198
5198
5198
5198
5198
5198
5198
5197
5197
5197
5197
5197
5197
5197
5197
5197
5197
5197
5197
5197
5197
5197
5197
5197
5197
5197
5197
5197
5197
5197
5197
5197
5196
5196
5197
5197
5197
5197
5197
5197
5197
5197
5197
5197
5197
5197
5197
5197
5197
5197
5197
5197
5197
5197
5196
5196
5196
5197
5197
5197
5197
5197
5197
5197
5197
5197
5197
5197
5197
5197
5197
5197
5197
5197
5197
5197
5197
5197
5197
5197
5197
5197
5197
5197
5196
5196
5196
5196
5196
5197
5197
5197
5197
5197
5198
5198
5198
5198
5198
5198
5198
5198
5198
5198
5198
5198
5198
5198
5198
5198
5198
5198
5198
5198
5198
5198
5198
5198
5198
5198
5198
5198
5198
5198
5198
5198
5198
5198
5198
5198
5198
5198
5198
5198
5198
5198
5198
5198
5198
5198
5198
5198
5198
5198
5198
5198
5198
5198
5198
5197
5197
5197
5197
5197
5198
5198
5198
5198
5198
5198
5198
5198
5198
5198
5198
5198
5198
5198
5198
5198
5198
5198
5198
5198
5198
5198
5198
5198
5198
5197
5197
5197
5197
5197
5197
5197
5197
5197
5198
5198
5197
5197
5197
5197
5197
5196
5196
5196
5196
5196
5197
5197
5197
5197
5197
5197
5197
5197
5197
5197
5197
5197
5197
5197
5197
5198
5198
5198
5198
5198
5198
5198
5198
5198
5198
5198
5198
5198
5198
5198
5198
5198
5198
5198
5198
5198
5198
5198
5198
5198
5198
5198
5198
5197
5197
5197
5197
5197
5197
5197
5197
5197
5197
5197
5197
5197
5197
5197
5197
5197
5197
5197
5197
5197
5197
5197
5197
5197
5197
5197
5197
5197
5198
5198
5198
5198
5198
5198
5198
5197
5197
5197
5197
5197
5197
5197
5197
5197
5197
5197
5197
5197
5197
5197
5197
5197
5197
5197
5197
5197
5197
5197
5197
5198
5198
5198
5198
5198
5198
5198
5198
5198
5198
5198
5198
5198
5198
5198
5198
5198
5198
5198
5198
5198
5198
5198
5198
5197
5197
5197
5197
5197
5197
5197
5197
5197
5197
5197
5197
5197
5197
5197
5197
5197
5197
5197
5197
5197
5197
5197
5197
5197
5197
5197
5197
5198
5198
5198
5198
5198
5198
5198
5198
5198
5198
5198
5198
5198
5198
5198
5198
5198
5198
5198
5198
5198
5198
5198
5198
5198
5198
5198
5198
5198
5198
5198
5198
5198
5198
5198
5198
5198
5198
5198
5198
5197
5197
5197
5197
5198
5198
5198
5198
5198
5198
5198
5198
5198
5198
5198
5198
5198
5198
5198
5198
5197
5197
5197
5197
5197
5197
5197
5197
5197
5197
5198
5198
5198
5198
5198
5198
5198
5198
5198
5198
5198
5198
5198
5198
5198
5198
5198
5198
5198
5198
5198
5198
5198
5198
5198
5198
5198
5198
5198
5198
5198
5198
5198
5198
5198
5198
5198
5198
5198
5198
5198
5198
5198
5198
5198
5198
5198
5198
5198
5198
5198
5198
5198
5198
5198
5198
5198
5198
5198
5198
5198
5198
5198
5198
5198
5198
5198
5198
5198
5198
5198
5198
5198
5198
5198
5198
5198
5198
5198
5198
5198
5198
5198
5198
5198
5197
5197
5198
5197
5197
5197
5197
5197
5197
5197
5197
5197
5197
5197
5197
5197
5197
5197
5197
5197
5197
5197
5197
5197
5197
5197
5197
5197
5197
5198
5198
5198
5198
5198
5198
5198
5198
5198
5198
5198
5198
5198
5198
5198
5198
5198
5198
5198
5198
5198
5198
5198
5198
5198
5198
5198
5198
5198
5198
5198
5198
5198
5198
5198
5198
5198
5198
5198
5198
5198
5198
5198
5198
5198
5198
5198
5197
5197
5197
5197
5197
5197
5197
5197
5197
5197
5198
5198
5198
5198
5198
5198
5198
5198
5198
5198
5198
5198
5198
5197
5197
5197
5197
5197
5197
5197
5197
5197
5197
5197
5197
5198
5198
5198
5198
5198
5198
5198
5198
5198
5198
5198
5198
5198
5198
5198
5198
5198
5198
5198
5198
5198
5198
5198
5198
5198
5198
5198
5198
5198
5198
5198
5198
5198
5198
5198
5198
5198
5198
5198
5198
5198
5198
5198
5198
5198
5198
5198
5198
5198
5198
5198
5198
5198
5198
5198
5198
5198
5198
5198
5198
5198
5198
5198
5198
5198
5198
5198
5198
5198
5198
5198
5198
5198
5198
5198
5198
5198
5198
5198
5198
5198
5198
5198
5198
5198
5198
5198
5198
5198
5198
5198
5198
5198
5198
5198
5198
5198
5198
5198
5198
5198
5198
5198
5198
5198
5198
5198
5198
5198
5198
5198
5198
5198
5198
5198
5198
5198
5198
5198
5198
5198
5198
5198
5198
5198
5198
5198
5198
5198
5198
5198
5198
5198
5198
5198
5198
5198
5198
5198
5198
5198
5198
5198
5198
5198
5198
5198
5198
5198
5198
5197
5197
5197
5197
5197
5197
5197
5197
5197
5197
5197
5197
5197
5197
5197
5197
5197
5197
5197
5197
5197
5197
5197
5197
5197
5197
5197
5197
5197
5197
5197
5197
5197
5197
5197
5197
5197
5198
5198
5198
5198
5198
5198
5198
5198
5198
5198
5198
5198
5198
5198
5198
5198
5198
5198
5198
5198
5198
5198
5198
5198
5198
5198
5198
5198
5198
5198
5198
5198
5198
5198
5198
5198
5198
5198
5198
5198
5198
5198
5198
5198
5198
5198
5198
5198
5198
5198
5198
5198
5198
5198
5198
5198
5198
5198
5198
5198
5198
5198
5198
5198
5198
5198
5198
5198
5198
5198
5198
5198
5198
5198
5198
5198
5198
5198
5198
5198
5198
5198
5198
5198
5198
5198
5198
5198
5198
5198
5198
5198
5198
5198
5198
5198
5197
5197
5197
5197
5197
5197
5197
5197
5197
5197
5197
5197
5197
5197
5197
5197
5197
5197
5197
5197
5197
5197
5197
5197
5197
5197
5197
5197
5197
5197
5197
5197
5197
5197
5197
5197
5197
5197
5197
5197
5197
5197
5197
5197
5197
5197
5197
5197
5197
5197
5197
5197
5197
5197
5197
5197
5197
5197
5197
5197
5197
5197
5197
5197
5197
5197
5197
5197
5197
5197
5197
5197
5197
5197
5197
5197
5197
5197
5197
5197
5197
5197
5197
5197
5197
5197
5197
5197
5197
5197
5197
5197
5197
5197
5197
5197
5197
5197
5197
5197
5197
5198
5198
5198
5198
5198
5198
5198
5198
5198
5198
5198
5198
5198
5198
5198
5198
5198
5198
5198
5198
5198
5198
5198
5198
5198
5198
5198
5198
5198
5198
5198
5198
5198
5198
5198
5198
5198
5198
5198
5198
5198
5198
5198
5198
5198
5198
5198
5198
5198
5198
5198
5198
5198
5198
5198
5198
5198
5198
5198
5198
5198
5198
5198
5198
5198
5198
5198
5198
5198
5198
5198
5198
5198
5198
5198
5198
5198
5198
5198
5198
5198
5198
5198
5198
5198
5198
5198
5198
5198
5198
5198
5198
5198
5198
5198
5198
5198
5198
5198
5198
5198
5198
5198
5198
5198
5198
5198
5198
5198
5198
5198
5198
5198
5198
5198
5198
5198
5198
5198
5198
5198
5198
5198
5198
5198
5198
5198
5198
5198
5198
5198
5198
5198
5198
5198
5198
5198
5198
5198
5198
5198
5198
5198
5198
5198
5198
5198
5198
5198
5198
5198
5198
5197
5197
5197
5197
5197
5197
5197
5197
5197
5197
5197
5197
5197
5197
5197
5197
5197
5197
5197
5198
5198
5198
5198
5198
5198
5198
5198
5198
5198
5198
5198
5198
5198
5198
5198
5198
5198
5198
5198
5198
5198
5198
5198
5198
5198
5198
5198
5198
5198
5198
5198
5198
5198
5198
5198
5198
5198
5198
5198
5198
5198
5198
5198
5198
5198
5198
5198
5198
5198
5198
5198
5198
5198
5198
5198
5198
5198
5198
5198
5198
5198
5198
5198
5198
5198
5198
5198
5198
5198
5198
5198
5198
5198
5198
5198
5198
5198
5198
5198
5198
5198
5198
5198
5198
5198
5198
5198
5198
5198
5198
5198
5198
5198
5198
5198
5198
5198
5198
5198
5198
5198
5198
5198
5198
5198
5198
5198
5198
5198
5198
5198
5198
5198
5198
5198
5198
5198
5198
5198
5198
5198
5198
5198
5198
5198
5198
5198
5198
5198
5198
5198
5198
5198
5198
5198
5198
5198
5198
5198
5198
5198
5198
5198
5198
5198
5198
5198
5198
5198
5198
5198
5198
5198
5198
5198
5198
5198
5198
5198
5198
5198
5198
5198
5198
5198
5198
5198
5198
5198
5198
5198
5198
5198
5198
5198
5198
5198
5198
5198
5198
5198
5198
5198
5198
5198
5198
5198
5198
5198
5198
5198
5198
5198
5198
5198
5198
5198
5198
5198
5198
5198
5198
5198
5198
5198
5198
5198
5198
5198
5198
5198
5198
5198
5198
5198
5198
5198
5198
5198
5198
5198
5198
5198
5198
5198
5198
5198
5198
5198
5198
5198
5198
5198
5198
5198
5198
5198
5198
5198
5198
5198
5198
5198
5198
5198
5198
5198
5198
5198
5198
5198
5198
5198
5198
5198
5198
5198
5198
5198
5198
5198
5198
5198
5198
5198
5198
5198
5198
5198
5198
5198
5198
5198
5198
5198
5198
5198
5198
5198
5198
5198
5198
5198
5198
5198
5198
5198
5198
5198
5198
5198
5198
5198
5198
5198
5198
5198
5198
5198
5198
5198
5198
5198
5198
5198
5198
5198
5198
5198
5198
5198
5198
5198
5198
