2853
2608
6088
6892
6892
6098
6098
5226
5226
5226
4550
5344
4090
2072
2370
2806
2917
2515
2217
2316
2317
2561
2462
2467
1925
1814
2328
2955
2575
2820
2820
2979
3078
3458
3078
3620
3731
3620
4022
3995
3559
3314
3652
3700
4080
4378
4040
4151
4146
3749
3701
3457
3298
2671
2916
2943
2645
3042
3201
2956
2632
2876
3121
3094
2850
3094
2935
2940
3567
3615
3516
3272
3596
3199
3298
3297
3198
2953
2629
2227
2222
2466
1924
2262
2507
1880
1881
1886
1641
1640
1938
1939
2098
2725
3127
3226
3623
3325
2811
2652
2255
1853
2289
2831
3233
2895
2353
2352
2379
2331
2332
1705
1325
1623
2165
2679
2838
2594
2495
2197
1683
1524
1769
1770
1659
2039
2198
2039
2283
2910
2474
2910
2368
2910
3009
3004
3302
3302
2675
2239
1837
1836
1538
1836
1884
1884
2511
2947
3285
3040
3151
3103
3103
3104
3005
3053
2809
2808
2809
2808
2813
2813
3057
3381
3001
2459
2348
2593
2594
2594
2349
2746
2745
2348
2104
1668
1663
2099
2100
2502
3016
3558
3669
3155
3155
2831
2836
2400
2400
2914
2914
3013
3449
3111
3270
2972
3216
3215
3214
3594
3594
2967
3594
3080
2453
2017
2341
2639
2315
2288
2189
2816
2414
2303
2144
1764
2088
2485
2486
2089
2116
1489
2116
1872
1873
1873
2253
1873
2309
2011
2413
2927
2413
2658
2956
2951
2653
2812
2410
2362
2410
2790
2545
2544
1917
2016
2418
2423
3050
3295
3406
3004
2759
3273
2949
3273
3273
2646
2944
2939
2940
2616
3018
3263
2965
2423
2375
2772
2661
2416
2036
2280
1844
1685
1796
2134
2293
2298
2840
3467
3129
2970
2456
2059
2059
2218
2119
2555
2800
2556
2529
2529
2127
2465
2979
2978
3302
3600
3595
2968
2809
3189
3288
2908
2907
3287
3446
3451
3452
2910
3154
2718
2745
2447
2348
2189
2190
1946
2348
2975
2637
2636
3178
3067
3503
2989
2362
2410
1974
1572
1573
2087
2331
2442
2394
2791
2547
2546
2884
2879
3038
2524
2525
2145
2144
1820
1821
1920
1809
2211
2725
2730
2730
2730
2216
2596
2351
2252
1855
2099
2098
2098
2725
2345
2456
2555
2991
3039
2928
2929
2770
2769
2431
2332
2846
2819
2820
2819
2814
2570
2056
2570
2028
2139
2298
2187
1751
2293
2404
2840
3237
3264
3237
3535
3424
2797
2361
2388
1991
1991
1943
1948
2384
2357
2984
2582
2577
2822
2921
2623
2464
2762
3142
3466
3168
3570
3056
3167
3172
3470
3518
3545
3540
3937
3937
3826
4340
3904
3507
3508
3460
3896
3896
3382
3381
3429
2887
2887
2887
3284
2848
2959
2562
2959
3203
2905
3203
2959
2714
3256
3594
3567
3229
3474
3910
3283
2903
3530
3285
3530
3128
2692
2394
2732
2891
3189
3188
2864
2869
2870
2625
2620
2647
2488
2812
3248
3253
3412
3926
3827
3822
4202
3864
3963
3583
3827
3832
3508
3509
3509
3398
2856
2851
2851
3189
2851
3231
3230
3341
3342
3183
3135
3108
3432
3974
3973
3537
3939
3425
3023
2725
2970
3406
6810
3081
3129
2693
3129
3531
3558
3717
3472
3796
3697
4211
4163
4136
4137
4435
4680
4356
4355
4454
4459
4023
4023
3621
3107
3108
2863
2321
2322
2211
2238
1994
1614
1614
2156
2151
2475
1933
2369
1933
2177
2719
2718
3056
3492
2950
3061
3306
3062
2724
3126
3464
3062
3061
2763
2811
2652
2314
2287
2531
2134
2134
2134
2432
2432
2321
2701
2728
2483
2384
2140
2113
2065
2403
2562
3076
3320
3161
3563
3808
3294
2970
2970
3129
3156
3553
3877
3878
3634
3639
3638
3011
2673
3215
3210
3210
3724
3725
3969
4017
3773
4111
4116
3714
3687
3687
3307
3062
3057
3062
3307
3307
2910
2909
3153
2611
2638
2393
2366
1852
1847
2227
2338
2290
1952
2051
2296
2810
2430
2435
2324
2951
3062
3089
3486
3824
3825
3198
3039
3040
3035
2924
3466
3168
3570
3950
3408
3006
3011
2673
2721
3123
3123
2687
2686
3228
3129
3130
3566
3052
2728
3052
3390
3145
3443
3105
3732
3684
3795
3415
3795
3684
3282
3796
3844
3600
3599
4001
4100
4438
4036
3494
2867
2569
3196
3191
3733
3353
3597
3999
4158
4157
3819
3495
2981
2986
2589
2584
2584
3098
3099
2663
2419
2418
2663
3043
2995
2368
2706
2304
2309
2711
2552
2150
2051
2099
2726
2837
3161
2534
1992
1993
1992
1993
2535
3162
3114
3114
3516
3760
3516
3511
2884
2857
2746
3044
3288
3724
3723
3321
3077
3188
3188
2943
3188
2850
3094
2983
2659
2770
2770
2770
2525
2281
2605
2943
2948
3107
2948
2512
2401
2103
2262
1882
2509
2911
2509
2557
2584
2536
2537
2782
2268
1726
2106
1947
1995
1968
2365
2392
2147
2391
2550
2153
1526
1962
2476
2232
1908
2206
2530
2482
2879
3506
3126
2499
2547
2791
2632
2308
2710
2711
2706
2805
2507
2666
2507
2408
2567
2567
2323
2647
2646
2890
2376
2890
2376
1940
1543
1495
1496
1158
999
1244
1680
1978
2492
3119
3499
3547
3546
3519
3546
4088
3652
3250
3255
3250
3202
2822
3202
2904
2909
2367
2526
2012
2011
1687
2089
1930
2268
1930
1903
2002
2029
1402
1513
2140
2478
2478
2802
2691
2367
2881
3179
3721
3477
3525
2898
2653
2898
2899
2800
2258
2502
3129
2831
2930
3089
3486
3459
3460
3361
3116
3068
2671
2671
2269
2514
2916
2672
2292
2292
2689
3125
3173
3272
2934
3178
3178
3516
3896
3499
3494
3249
3249
3090
3487
3486
3089
3248
3645
3756
3755
3644
3485
3809
3920
3821
3773
4071
3691
3580
6512
7272
7494
4289
3909
3914
4159
4258
3822
3308
3063
3063
3064
2965
3345
3590
3617
3506
2879
3393
3149
2752
2725
3049
3076
3071
2733
2977
2732
2731
2890
3287
3625
3626
3112
3112
2774
2476
2152
2476
2477
2576
2575
2575
2178
2226
2067
2312
1770
2108
2081
2080
1836
1863
1863
1868
2027
2138
2765
2138
1800
1420
1096
1097
1724
2062
2306
2630
2928
3308
3308
3197
3196
3191
3032
2694
3032
3037
3196
3196
3593
3593
3593
4135
4036
3791
3411
3384
3140
3092
3093
3092
3087
3601
3059
3170
3171
2657
2901
2901
2504
2552
2988
3530
3775
3233
3630
4144
3820
4362
4363
4204
4203
3801
3806
3292
3292
3451
3450
3205
3232
3331
3655
3656
4058
3947
3649
3622
3220
2976
3087
3601
3600
4002
4002
4382
3868
3820
3418
3094
3608
3094
3089
3387
3007
2380
2380
1983
2228
2472
2986
2444
2146
2526
2427
2751
3378
3477
3232
3774
4176
3634
3198
2954
2954
3199
3596
4032
3694
3694
4236
4125
4152
4450
4423
4471
4372
3992
3595
3081
3081
3478
3589
4103
4441
4441
4103
4347
3911
3667
3422
3760
3133
3377
3377
3813
3416
3417
3416
3443
3145
3034
3035
3415
3091
3190
3301
3300
3301
3301
3300
2786
3413
3658
3659
4173
3546
3545
3143
3144
3144
2985
2937
2826
2826
2284
2185
2587
3129
3129
3756
3756
3129
3130
2616
2664
2637
2637
2589
2588
2587
2249
2587
2635
2734
2192
2219
2761
2762
2714
2825
2714
2615
2615
2939
2397
2496
2655
2655
2253
2301
2202
1822
2449
2991
2747
2752
2996
2751
2209
2589
1962
1718
2016
2261
2658
2757
2730
2333
2035
2035
2549
2793
3091
3092
2768
2332
2034
2358
2794
2470
2090
2492
2492
2487
2785
2487
2598
2162
1760
2140
1896
2438
2443
2198
2150
2198
2150
2552
2988
2987
2987
3014
3259
3557
3219
3267
3894
4138
4133
3888
4285
4284
4285
4623
4243
4216
4461
4025
3866
3767
3365
3364
3766
3771
3870
3243
2945
3381
3761
4059
4060
3518
3273
3432
3431
3051
3052
2808
2809
2809
2809
2836
3378
3758
3710
3710
3196
3440
3764
3665
3285
3258
2960
2959
2715
2959
3339
3180
2783
2347
2009
2445
2334
2445
2043
1663
2001
2628
2926
2490
2589
2588
2636
2663
2339
2498
2387
2767
2429
2943
2895
2353
2750
2236
2231
2232
2133
2181
1554
1310
913
533
632
631
1145
1469
1469
1171
1072
1024
1651
1656
1954
1955
1928
1928
2470
2497
2492
2889
2730
3166
3139
2703
3105
2478
1936
1941
1941
2100
2199
2635
2973
3217
3218
2704
2731
2842
3469
3358
3738
3849
3469
3469
3468
3982
3955
4003
3665
3229
2827
2826
2582
2534
2779
2779
3181
3070
3181
3182
3177
3515
3118
3554
3443
3444
3146
2632
3174
3075
2751
2799
3097
3124
3368
3123
3096
2469
2171
2123
2150
1714
2094
2093
2607
2269
2705
2461
2025
1998
1998
2336
2177
2177
2501
2746
2501
2600
2058
2058
2085
2086
2384
2495
2654
2274
2163
2163
2407
2406
2004
2406
2162
2210
2162
1648
1759
2301
2815
2517
2115
2517
2490
2331
2332
2577
2478
2776
3212
3211
3455
3614
4241
3996
3560
3608
3560
3449
3846
3548
3928
3604
3202
3201
3202
3043
3043
3070
3075
2678
2651
2652
2408
2805
2964
2964
2337
2635
3071
3070
3118
2959
2562
3189
3189
3348
3745
3740
3402
3501
3065
2767
3169
2627
2632
2252
2204
1807
1405
1405
1405
1432
1868
1868
1354
1599
972
973
1021
1020
1358
1682
2062
2014
1915
1756
2054
2049
2293
2404
2452
2154
1816
1789
2331
2086
1650
2086
2086
2483
2821
2483
1941
2568
2569
2172
2172
2470
2470
2715
2874
3212
3609
4123
4128
4017
4017
3693
3804
3177
3177
3804
3803
3406
3247
3346
3670
3234
3234
3631
3532
3018
2391
2905
2508
2905
3064
2953
3389
3144
3144
3145
3687
4089
4041
3717
3558
3557
3121
3220
3379
2999
3379
3041
3089
2791
2743
3041
2527
2147
2148
2049
2387
2498
2743
2346
1804
2431
2867
2465
2564
2563
2611
2512
2507
2512
2076
1832
2268
2592
2836
2836
2592
2989
3531
3526
3625
3380
2944
2402
2291
2243
2645
3187
2560
2559
2017
2644
2645
3159
3164
2866
2469
2470
2518
2545
2790
2790
3034
3033
3469
3469
3145
3256
2918
2674
2675
2516
2896
2895
2493
2445
2604
2902
3444
3841
3840
3460
2946
2549
2597
2935
2690
2690
3014
2387
2387
2382
2779
2668
3070
2911
3538
3511
3755
3417
3662
3662
3563
3564
3563
3563
3515
6542
6542
7218
3768
4148
4149
4154
4398
4497
4338
4337
4093
4088
4089
4094
4121
4121
4022
4021
4022
3395
3909
4008
3981
3467
3087
2789
2544
2545
3059
3357
3516
3114
2600
2441
2686
2930
2606
2268
2023
2022
2022
1778
2158
2206
2206
2207
2207
2206
2833
2992
2944
2939
2641
2205
2204
1824
2162
2273
2162
2167
2465
2466
2902
2505
2207
1771
1882
1544
1924
1297
1635
1630
2144
2144
1985
2309
2554
2309
2745
2744
2745
3147
3195
3096
3723
3882
3723
3722
3674
3833
3833
4077
3563
3960
4258
4147
3849
3469
3767
3469
3067
3312
3313
3069
3367
3466
3493
3169
3280
3279
3284
2887
2888
2887
2642
3022
3017
3065
2727
2628
2629
2518
2518
2138
2535
3049
3429
3429
3049
3054
3053
3054
2895
2896
2896
2895
3054
3049
3429
2887
2589
3131
3136
3460
3063
3308
2794
2414
2811
2806
2805
3049
3049
3429
3528
3369
3125
2880
2253
2551
2710
3337
3582
3555
3231
3475
3231
3072
2827
2832
3170
3171
3166
2769
2389
2051
2295
2697
2702
2701
3025
2926
2682
2781
3025
3422
3533
3560
3158
3672
4010
4412
4301
4302
4004
4302
3978
3680
3278
3251
3278
2651
2646
3273
2876
2777
2777
2533
2506
2505
2167
2167
2547
2791
2791
3089
3090
2846
2957
3201
3200
3205
3157
2859
3157
3158
3317
3317
2937
2936
3316
3640
3529
3149
3149
3551
3889
3916
3514
2972
2728
3108
2728
2728
2729
2777
2453
2448
2400
2780
3025
3124
3448
3449
3111
3449
3449
3454
3018
3017
2772
3314
3558
3553
3798
3553
3394
3014
3013
3258
3259
3639
3638
3639
3341
3639
4041
4200
4041
4152
4152
4151
3827
3447
3420
3744
3420
3421
3421
3818
4198
4199
4100
4105
3807
3562
3661
3688
3061
2817
2479
1965
1423
1396
1832
1396
1938
2182
1785
1784
1832
2170
2684
2683
2169
2493
2520
3034
3661
3906
3662
3662
3821
3794
3795
3794
4092
3933
3885
3912
4348
4396
3854
4251
3927
3629
3115
3110
3434
3732
3296
3296
2894
2846
2219
2621
3135
2811
2811
2811
2812
2971
2726
2970
2859
2907
2663
2907
2527
3069
3074
3454
2940
2941
2941
2782
3409
3382
3896
3598
3922
3823
3850
3949
3948
4246
3908
3881
3833
3206
3205
3543
3544
3655
3141
3136
2812
3248
3296
3297
3302
2900
2852
3176
3578
3573
3621
3323
2943
3457
3060
3440
3440
3440
3439
3328
3327
2989
3616
3616
3616
3775
3148
3100
3101
3106
3133
2619
2077
2050
1891
1886
1885
2512
1885
1641
4366
4168
4168
4168
4168
2243
2487
2163
2211
2212
2536
2537
2489
2886
3513
3269
3607
3634
3475
3095
3206
3179
3178
3423
3667
3270
3568
3573
3970
3672
3427
3807
3802
3260
3149
3148
2824
3069
2731
2104
2104
2109
2109
2110
2158
2482
2238
1802
2046
2073
2615
3051
3150
3051
3046
3019
3019
3533
3560
3659
3664
3565
3320
3658
3817
3381
3626
3224
3223
3196
3148
3149
2607
2905
3307
3062
2724
2322
2421
2422
2098
1939
2341
2340
2339
1937
1937
2261
2663
2711
2309
2936
2539
2159
1861
2020
2265
2265
2662
2689
2530
2525
2477
2450
2455
2753
2912
3348
3686
4228
3904
4228
3983
3884
3342
3369
3468
3309
3309
3711
3413
3408
3519
3519
3492
3737
3340
2713
2468
2144
2149
2150
2474
2473
2771
2447
2771
2660
2258
2503
2614
2773
2529
2524
2926
2827
3369
3417
3418
4045
3503
4045
3531
2989
2989
3503
3101
3101
2942
3339
2825
2824
3226
2829
3343
3295
2997
2998
2999
2661
2660
2146
2688
2577
2736
3250
3647
3133
3138
3476
3475
3475
3316
3343
3502
3497
3498
4012
4012
4012
3498
3742
3306
3061
3359
3332
3846
3548
3928
4226
3829
3856
3229
3234
3333
3334
3731
3329
2787
2786
2759
2758
3194
3189
3090
3632
3090
2792
3037
3148
3247
3247
3295
2957
2712
3114
3452
3453
3354
3243
2999
2840
2792
3334
3445
3743
3341
3440
3329
2932
2933
2960
2933
2553
2552
2949
3351
2915
2942
2943
2546
2705
2753
2351
2356
2601
2502
2502
2454
2698
2746
2422
2422
2819
3255
3254
3206
3205
3253
3248
3089
3094
3418
3094
3253
3352
3325
3352
3353
3733
3488
3108
3081
3192
3192
3572
3599
3500
3599
3598
3499
3499
3340
3340
3042
3043
2705
2864
3109
3104
3103
3108
2672
2970
3294
2970
2590
3026
3364
3120
3500
4127
3747
3747
3205
3046
3205
3747
4127
4079
3452
3341
3968
3588
3589
3075
3075
3186
3700
3362
2926
3170
3143
3138
3027
3075
2916
2917
2922
3021
3020
2776
2728
2101
2101
2128
1883
1931
2042
1645
2025
2652
2811
3149
3473
2846
2845
2846
3243
3216
2878
2830
2532
2532
2870
3306
3354
2812
2298
2298
2596
2841
3383
3383
3138
3138
3137
3651
3254
3881
3881
4283
3847
3848
3848
3848
3334
3286
3800
3258
2878
3258
3259
3258
3502
3164
3409
3111
2787
2788
2629
2624
2624
2922
3319
3208
3546
3144
3143
2516
2002
1622
1523
1523
1279
1438
1980
2091
2118
2118
2498
2253
2880
2542
2542
2978
2598
3000
2973
3072
2445
2825
3339
2937
2938
2640
3042
3047
3385
3047
3371
3371
3615
3615
3504
3802
3802
3802
3558
3234
2936
2935
2935
3273
3321
2941
2603
2206
2530
2828
2504
2505
2829
2670
3050
3161
2725
2724
2968
3213
3213
2811
2297
2456
2456
2858
2478
2473
2811
2513
2111
2110
1865
1866
2246
2491
2392
2789
3416
3078
2536
3078
2681
3117
3514
3514
3134
3139
3437
3951
4353
4055
3513
3402
3740
4120
4115
4116
3719
3395
3395
3506
3903
3903
3855
4397
3855
3419
3418
2904
2905
2503
2905
3229
3234
2989
3287
3287
3043
2663
2658
2334
2339
2001
1604
1306
1405
1003
1383
1382
1430
1429
1424
1425
1425
1045
1050
891
1433
1432
1829
2343
2244
2582
2582
2244
2680
3004
3004
2490
2892
3230
2688
2932
3091
3092
3191
3705
3704
3656
3259
3801
3702
3702
3160
3557
3558
3938
3937
4235
4236
3992
4237
3835
3835
3321
2694
2689
3316
3317
2937
2599
2598
2936
2825
3227
2830
3372
3372
3371
3419
3424
3419
3419
3424
3821
4201
4312
3770
4312
4153
3829
3531
3829
3856
3808
3266
3267
3781
3754
3753
3753
3754
3240
2995
3240
3754
3754
3416
3417
2903
2467
2805
2904
3340
2938
2640
2541
2144
1764
2062
2061
2305
2300
2697
2261
2266
2155
2697
2696
2744
2117
1873
1874
1901
1359
1061
1013
1008
1007
1007
1387
1486
1730
1778
2320
1940
1941
1946
2105
1708
1709
1709
1682
1980
2091
2471
3098
3098
3534
3375
3402
3916
3868
3570
3543
3945
3509
3508
3397
3153
3477
3476
3074
3318
3073
3184
3620
3106
2564
3106
2995
2995
2671
2916
3240
2916
3214
3215
3116
3143
3143
2805
2904
3015
2717
2765
2765
2738
2111
2738
2627
2528
2527
2924
2297
1900
2238
2397
2508
3022
3121
2962
3589
3584
3743
3744
4141
3896
3901
3742
3643
4045
4045
4045
4045
3801
3690
3801
3800
3752
3851
4175
4170
3656
3276
2649
3029
2627
3141
2744
2744
2744
2749
2638
2539
2837
2838
2997
2838
2865
2527
1985
1661
2288
2830
2825
2798
2957
2957
3201
3200
3538
3862
3863
3349
3354
3056
3056
3167
3564
2937
3451
2909
2529
3071
2557
2558
2234
2479
2474
2854
3481
3995
3750
3353
3401
3063
2904
3003
2623
2575
2873
2900
2386
2385
2274
2247
1949
2346
2505
2506
2505
2907
2907
2907
2907
3245
3569
3949
3322
3322
3370
3397
3349
3647
3758
3378
3054
2657
2630
2630
2228
2276
2600
2356
2753
2753
3267
2943
2429
2753
2758
3138
3133
3378
3133
3134
3139
3139
3541
3540
3535
3536
3425
3266
3377
3376
3381
3380
3332
2930
3444
4071
3529
3931
3832
3880
3483
3582
3284
2882
2544
2445
2445
2842
3140
2626
2229
2256
2653
2752
3154
3043
3585
3261
3256
3770
3770
3390
3390
2848
3186
3187
3088
3332
3332
3712
3664
3037
3361
2925
2898
2600
2605
2600
2601
2760
2871
2357
2899
2926
2602
2926
3362
3362
3038
3552
3525
3573
3329
2932
3230
3857
3698
3797
4042
4286
3906
3905
3794
3795
4175
3773
3800
3959
4356
3920
4244
4249
3925
3411
3312
3748
3368
3467
3129
3531
3287
3042
3041
3421
3745
3744
3696
3696
3372
3372
3372
2970
2343
2316
2640
2342
2342
2680
2581
2983
2984
2587
2984
3011
3638
3241
3486
3050
3447
3495
3739
3734
3575
3548
3304
2924
2923
3437
3192
3437
3442
3442
3442
3442
3686
3713
3714
3317
3697
3808
3781
3776
3776
4173
3929
3532
3152
2814
3112
3509
3510
3509
2967
2968
3404
3784
3736
3222
2786
2834
3270
3270
3812
3567
3269
3607
3852
4150
4177
3550
3212
3726
4064
3684
3360
3360
3359
2817
2769
2774
2822
2821
2419
2414
1978
1983
2610
2365
2907
2609
2271
2707
3109
3433
3434
3429
3528
2986
3230
3610
3611
3287
2660
3202
3201
2957
2956
2957
2577
2821
2773
2821
2722
2478
2723
2696
2294
2618
2507
2606
3233
2836
3080
3482
3641
3482
3509
3410
3509
3668
3668
3668
3668
4065
3438
3002
3001
3381
3382
3387
3685
3171
3685
3685
3143
3143
2741
3368
2741
3368
2854
2965
2721
2720
2693
2369
2270
2784
2539
2941
3185
2783
3325
3277
3679
3381
3480
3475
3073
2914
2815
2571
2816
6504
6504
7152
3196
3494
2980
2656
3058
2813
2813
2813
3137
3185
2643
2345
2346
2373
2915
3159
3258
3259
3597
3977
3575
3527
3772
3375
3380
3269
3671
3830
4344
4343
3963
4011
3963
4261
3719
3560
3124
3283
3283
3039
2741
3283
2741
2740
2416
2660
2958
3355
3196
3169
2831
3373
3374
2977
2575
2623
2379
2815
3139
3166
3067
3019
3416
3411
3522
3523
3767
3522
3681
3680
3356
3680
3436
3774
3774
3476
3449
3290
3670
3332
3337
3385
3337
3582
2955
2955
2982
2982
2982
2546
2545
2031
1920
2434
2482
2483
2238
2576
3203
2806
2917
3215
3651
3895
3847
3842
4239
4641
4530
4529
4530
4775
4774
4885
4890
4890
4891
4553
4117
4276
3874
4212
3670
3718
3204
3203
3176
3065
3176
3128
3128
3017
3419
2792
2792
2903
2579
2177
1797
1896
1897
2524
2525
2525
2414
2414
2794
2842
2953
2953
2953
3389
3389
3416
3930
3930
3533
3930
3550
3930
3882
3881
3881
3637
3339
3338
3582
4124
3744
3308
3710
3705
3753
3705
3367
3340
3638
3340
3229
3234
3135
3234
3345
3246
3246
3246
3001
3028
3408
3408
3409
3408
3028
3352
3451
3049
3044
3424
3180
3582
3555
3555
3582
3920
3293
3538
3543
3787
3449
3747
3720
3206
3720
3768
3657
3657
4284
4039
4377
4377
4404
4080
4325
4320
3940
3940
3841
3299
3299
3001
3006
3001
2374
1977
1977
1950
2330
2727
3354
3110
2483
2145
2146
2390
2231
2232
2530
2529
2015
1770
1797
1896
1895
2054
1756
1708
1708
1713
1554
1990
2288
2336
2331
2873
2825
2825
2984
2984
3032
2635
2476
2476
2232
2859
2859
2860
2833
2838
2837
2789
2491
2518
2519
2630
2629
2518
2419
2419
2663
2636
2735
2735
2735
2735
2636
2009
2636
2747
2748
2747
2636
2636
3033
3357
3516
3272
3786
3272
3517
3518
3121
3635
3199
3247
3683
3247
2867
2465
2464
2491
2590
2431
2432
2812
2812
3248
2924
2924
3248
3248
3248
3200
3200
3195
3439
3487
3243
3581
3336
3733
3685
3685
3930
3978
3983
3645
3943
3401
3512
3132
3674
4054
4053
4053
4054
4053
4054
3730
3730
3485
3644
3644
3644
3545
3545
3247
2733
3057
2430
2425
2939
2940
3184
3522
3184
3184
3522
3527
4154
4399
4394
3958
4256
3859
3535
3534
3533
3374
3263
3699
3798
3362
3764
3665
3327
3082
3518
3856
3861
3861
3319
3314
3711
3810
3811
3922
3295
3454
3699
3651
3975
3677
3650
3698
3318
2994
2835
2840
2729
2888
2889
2884
3426
3425
3180
3021
2619
2864
3162
3163
3790
3789
3162
3542
3701
3321
3077
2978
3005
2957
2962
3061
3688
4090
4334
3792
3765
4145
4046
3802
4126
3828
3823
4121
4120
3822
3870
3822
3195
3822
3823
3196
3307
2983
2983
3082
3130
3428
3380
3135
3762
3789
3678
3726
3212
3213
3727
3291
3291
3290
3726
3837
3539
3137
3679
4003
3976
3877
3441
2814
2819
3221
3062
3498
3597
4224
4176
3779
3779
3774
3775
3339
3344
3780
4078
3754
3753
3997
3998
3887
4132
4132
4131
4158
4482
4477
4477
4525
4187
4298
4298
4298
4298
3862
3320
2693
2313
2015
2015
2313
2651
3031
2920
3079
3190
3189
2675
2337
2178
2337
2734
2686
2527
2125
2125
2667
2343
2343
2857
2746
2747
2367
2069
2074
2074
2122
2074
1830
1803
2127
2127
2122
2749
2749
2504
2180
2504
2504
2405
2785
2790
2248
2247
2406
2948
3350
3648
3892
3648
3648
3986
3359
2979
2582
2577
2582
2681
2681
2676
3303
3351
3192
3436
3437
3464
3844
4241
3943
3916
3536
3134
3035
3194
3439
3439
3439
3439
3115
2870
2981
2982
2934
2933
3231
3611
3935
3962
3963
3963
3852
3225
2828
2584
2425
1911
2313
2313
2557
2556
2801
2477
2478
2478
2140
2537
2157
2593
2566
2024
2538
2240
2239
2577
2875
2986
2987
2992
2991
2992
2748
2748
2992
3091
2694
3074
3616
3643
3642
3304
2790
2388
2361
2409
2733
2353
2108
2446
2848
2848
3228
2984
3011
3006
3006
3006
3250
3151
3151
3156
3157
3152
3151
3665
3664
3664
3823
3796
3282
3234
3861
3750
3751
3124
3123
2825
2830
2586
2586
2427
2538
1996
1996
2023
2024
1644
1639
1937
2181
2280
1956
2336
2581
2586
2745
2343
2343
2184
2179
2721
2694
2583
2338
2338
2365
2689
2848
2821
2279
2280
2279
1955
1955
2352
2108
2108
2432
2946
3057
3084
2985
2990
3234
3861
3834
3320
3347
3395
3937
3910
3751
3354
3751
3751
3354
2918
2913
3012
3526
3427
3183
2803
3200
3205
3232
3227
3386
3387
3360
3022
3121
3121
3121
3501
3501
3501
3121
2579
2468
2473
2374
2076
2374
2712
2711
2955
2328
1931
2333
2333
2334
2445
2286
2385
2412
2657
2816
2657
3037
3037
3010
2630
3257
3146
3688
3444
3471
3372
3808
3807
3562
3721
3694
3356
2954
3198
3199
3198
3198
3150
2991
2990
2985
2549
2648
2649
2808
3053
3054
3434
3831
3830
3857
3856
3611
4013
3386
3387
3228
3233
3228
3129
3177
2797
2797
2896
2382
2283
2797
2255
2691
2690
3028
3028
2592
2593
2838
2837
2435
2097
2208
2209
2182
2520
2006
2386
2385
2484
2186
2186
2345
2346
2346
2347
2749
2749
2369
2396
2395
2151
2152
1755
2053
2052
1650
2164
2566
2467
2169
2467
2472
2174
2571
3113
3002
2600
2844
2943
2916
2519
2181
2479
2859
2535
2562
2562
2561
2562
2557
2313
2557
2458
2557
2313
1933
1934
2258
2655
2141
2577
2418
2391
1994
1994
2374
2401
2401
2156
2558
2156
2401
2077
2076
2320
2076
2049
2001
2160
1618
1942
2344
2344
2741
2361
2366
2704
2406
2948
2975
3489
2975
3489
3488
3536
3437
3817
3572
3524
3623
3221
3216
3217
3217
2879
2852
2852
2472
1958
2296
1860
2374
1977
1463
2090
2201
2581
2243
2270
1890
2326
2570
2134
2023
2071
2072
2586
2591
2590
2701
3081
3517
3518
3513
3811
3811
3811
4213
4165
4165
4213
4213
3969
3969
3969
3942
3562
3900
3899
3788
3352
3304
3305
2791
2790
2795
3175
3016
2718
2877
2718
2829
3074
2736
2763
2922
2921
2822
3160
3404
3405
3294
3294
3808
3803
3804
3915
3963
3962
3335
2933
2688
2444
2417
2422
3049
3347
3744
3347
3347
3009
2685
2637
2685
2929
2415
2304
2006
2344
2443
2063
2174
2201
2174
2201
2581
2554
2581
2337
2238
2127
2127
2126
2450
2695
2794
2635
2794
2767
2429
2540
2429
1802
1803
2317
2312
1988
1987
1828
1828
2166
2410
2708
3105
2591
2993
2451
2562
3189
2787
2739
3175
3180
3722
3478
3479
3479
3181
3180
3228
3387
2760
2760
2760
2712
2601
2502
2800
2911
3313
3314
2912
2532
2532
2373
2368
2527
2575
2580
2242
2242
2869
3383
3335
3715
3716
3418
3662
3035
3030
2871
2898
2501
2256
2501
2501
2903
3530
2903
2467
2566
2565
2863
2863
3022
2911
3308
3313
3361
3313
3068
3068
2969
2970
3597
2970
3069
3407
3308
3307
3280
3307
3406
3004
2845
3004
2490
2093
1934
1934
1636
2033
2547
2548
2521
2124
2123
2234
2393
2392
2393
2795
2794
2695
2722
2967
2968
3595
3590
3210
3607
3205
3205
3253
3142
3466
3222
2977
2580
2256
2257
2501
2501
2506
2479
2915
2373
2372
2914
3212
3536
3916
4027
4027
4026
4026
4026
3484
3240
3241
3241
3130
3125
3370
3614
4016
3718
3316
3268
3810
3815
3816
3816
3816
3811
3811
3922
4220
4219
3921
3921
3762
3438
3736
3398
3397
3721
6954
6358
2637
2736
2222
2249
2250
2250
2250
1870
1870
2250
2588
2489
2378
2383
2382
2044
2382
2137
2137
2137
1757
1321
1566
1566
2002
2382
2377
2382
2377
2919
3163
3262
2826
2874
3276
3281
2739
3136
3572
3545
3545
3546
3208
3235
3533
3506
3533
3644
3617
3518
3677
3672
3672
4186
3789
3789
3409
2782
2538
3165
3054
2895
2900
2927
2928
2927
3086
3424
3424
3419
3419
3419
3961
3447
3202
3202
3202
2660
2905
2904
2502
2343
2343
2045
2045
2144
2149
2691
2149
2122
2502
3016
2678
2837
2838
2865
2485
2326
2723
2399
2941
2941
3185
3180
2666
2639
2639
2977
2733
2734
2686
2686
2348
2672
2671
2969
2969
3307
3307
3821
3576
3576
3576
3576
3603
3847
4227
4227
4386
4048
4386
4006
4006
3907
3880
3885
4265
4313
4313
4313
3989
3984
3740
3767
3140
3239
3080
3079
3084
3085
2986
2986
3231
2834
2835
2994
3391
3502
3497
3497
3502
3904
3899
3497
4124
4124
4013
3715
4013
4124
3688
3787
4223
4064
3953
3854
3556
3667
3666
3765
3251
3653
3653
3315
3267
3605
3169
3683
3731
4167
4167
4465
4465
4366
4690
4063
4062
3817
3916
3917
3917
3869
3472
3373
3075
3234
3479
3452
2910
3307
3062
2665
2670
3297
2959
2960
3258
3099
3437
2923
2625
3022
3049
3049
3591
3835
3511
3109
3108
3267
3267
3267
2887
3267
3240
3241
3268
3268
3367
3340
3742
3742
3769
3817
3479
3777
3772
3528
3528
2986
2584
2425
2424
2429
2402
2740
3142
3386
3048
2804
2368
2368
2367
2691
2580
3122
3117
3361
3875
4034
4145
4145
3986
3589
3748
3424
3425
2883
3128
3080
3079
3621
3945
3621
3622
4019
4024
4025
3914
4025
3926
3925
3926
3953
4389
4727
4616
4616
4214
3672
3672
3771
3433
3975
4313
3975
3975
3595
3081
3483
3821
3794
3905
3932
3932
3390
3385
3047
2936
2935
2308
2064
2308
2064
2064
2064
2063
2068
2610
2610
2948
3192
3706
3192
3192
2894
2895
2943
3570
3232
3343
3344
2717
2618
2618
2613
2586
2685
2712
2685
3065
3092
3416
3416
3930
3686
3685
3440
3685
3983
3738
3738
3302
3640
3260
3149
3149
3148
3393
3294
3135
3108
2706
3108
2566
2725
2211
2753
2997
2998
3097
2938
2640
2541
2296
2296
1894
2192
2219
1895
2297
1959
2586
2586
2559
2658
2659
2983
2983
2356
2383
2382
2382
2720
2719
2724
2969
2970
2871
2982
2934
2934
2933
2391
2439
2439
2953
2953
3333
3088
2750
2639
2738
2358
2114
2066
1742
1901
1802
1802
1913
2455
2554
2934
2420
2468
2468
2982
2580
2580
2824
2824
2776
2677
2677
2672
2673
2646
2266
2271
2160
2271
1973
1974
1863
2265
2376
1974
1973
1973
2021
1862
1814
1815
1815
2217
2376
2376
2376
2132
2231
2231
2231
2258
2582
2483
2727
2330
2957
2957
3056
2542
3056
3029
2785
2785
3030
3030
3466
3064
3466
2952
2947
3461
3460
3840
3867
3465
3141
2705
2191
2192
2436
2435
2837
2295
2731
2487
2328
2376
2349
1969
2128
2508
2846
2410
2654
3168
3009
3168
3565
3565
3517
3418
3038
3580
3960
3960
3960
3849
3511
3511
3511
3510
3848
3896
4332
3818
3845
3303
2965
3076
2674
3216
3618
3916
3374
3712
3712
4036
3738
3627
4141
3897
3902
3902
3564
3128
3129
3102
3346
2966
3065
3501
3177
3515
3113
3224
3224
3604
3168
2923
2922
2922
2408
2844
2733
2395
2395
2506
2070
1690
2232
2477
2991
3018
3013
2902
2902
2902
2903
2908
2664
2637
2664
3100
3424
3826
3937
3889
3884
3884
3560
3163
3052
3025
3363
3661
3323
3323
2921
2921
2485
2484
2881
3317
3158
3158
3538
3539
3540
3026
3026
2646
2249
2248
2407
2787
2786
2834
3236
3077
3474
3585
3585
4099
4051
4078
3451
3499
3837
3996
3996
3897
3495
3496
3060
3687
3528
3852
4011
3900
3900
3873
3359
3360
2733
2191
1867
1978
2605
2632
2876
2828
2801
2503
2905
2905
2905
2503
1876
2503
2259
2259
2259
2264
2263
2777
3075
3074
3075
3319
3160
3159
2915
2910
3009
2764
2653
3089
2653
2554
2157
5118
5118
5118
5912
5316
5316
5316
5316
6188
5316
5912
5118
5990
6784
6784
7274
7274
7274
6784
7272
7272
7272
7272
7494
7494
7494
6622
6622
6622
6622
6400
5804
5804
6400
6400
6400
6400
5912
5912
5912
5912
5912
5912
5912
2329
2377
6008
3005
3250
3250
3250
3005
3032
2694
2853
3097
3097
3098
2718
2091
2091
2336
2288
2830
3154
3154
2757
3137
3137
3236
2722
2727
3163
3501
3474
3176
3803
3803
4200
3798
3797
3797
3698
3539
3538
3102
3102
3400
3511
3267
2887
2935
2690
3092
2981
2981
3008
3008
3252
2954
3065
2821
2821
2419
2518
2519
2520
2421
2310
2746
2905
2878
3122
3122
3122
3524
3769
3796
3399
2857
2968
2857
2956
2712
2553
2553
2553
2553
2505
2406
2920
2968
3067
3066
2742
2737
3117
3117
3415
3013
3013
3415
3077
3077
3077
3321
3320
3862
3814
3925
3826
3582
3906
3907
3393
3069
2958
2958
2958
3006
3165
3489
3053
2808
3052
3057
3395
3909
3367
3612
3613
4010
3983
3356
2959
3501
3177
3018
3177
3204
2960
2960
3204
2960
2558
2178
2277
2904
3306
3279
3034
2492
2393
2388
2388
2785
2785
2487
2867
2867
2866
3302
3844
3217
3515
3839
3866
3528
3480
3818
3819
3867
4111
4356
4355
4982
4981
5080
4644
4264
3926
4037
4037
3938
3938
3614
3938
4037
4375
4375
4376
4131
3807
3405
3378
3080
3107
3352
3253
3142
2898
2739
3037
3038
3474
3876
3987
4367
3987
3689
3444
3106
2704
2703
2948
3047
3020
3025
3269
3649
4051
3537
3438
3465
3354
3353
3464
3067
3062
3386
3386
3391
3392
3387
3685
3440
3440
2813
2813
2515
2515
2760
2760
2760
3157
3157
3157
3455
3210
2668
2620
2625
2625
3139
3138
3680
3166
3167
3162
3162
2918
3162
3676
3835
3835
3433
3433
3432
3405
3432
2890
2779
3321
2997
3002
3003
3341
3440
3004
3249
3249
3249
2852
3288
3288
3288
3287
3914
3755
4157
4157
4152
4152
3610
3610
4007
4331
4086
3788
3391
3364
3609
3510
3808
3809
3836
3809
3295
2957
2958
2957
2713
2713
2468
2713
2713
2712
2871
2898
3295
3295
3296
3301
3302
3004
2568
2568
2244
2243
2242
2083
2084
2085
2383
2085
2084
2626
2870
2981
2736
2981
2954
2955
2955
3054
3054
3568
3469
3358
3357
3456
3615
4051
3615
3953
4001
3902
3902
3743
3695
3854
3609
3365
3365
2823
3067
3115
3142
3241
3241
3242
3487
3482
3780
4322
4433
4031
3733
4169
3655
3410
3410
3251
2854
3013
3012
3257
3158
3672
3672
3970
3672
3158
2722
3119
3008
3306
3820
3661
3416
2874
2973
2973
2576
2900
3336
3309
3308
2928
2929
2956
2957
2957
3354
3354
3465
3438
3437
3001
3006
3251
3246
3405
3947
3609
3609
3947
3649
3649
3311
3713
3199
3040
3041
3040
3040
3067
3067
3503
3504
3259
3259
3504
3504
3504
3503
3503
3503
3801
3477
3075
3075
3589
3589
3541
3430
3435
3435
3435
3773
3337
3336
3337
3238
3237
2840
2939
2939
2641
2641
2014
1987
1473
1870
1981
1981
1882
1883
2042
2037
1495
1543
1570
1232
1556
1508
1508
1397
1445
1445
1201
1828
1504
1456
1794
2038
2362
1735
2115
2114
1734
1337
1093
1094
1094
1093
848
1092
1203
1176
852
693
1207
1609
1657
1657
1546
1498
1743
1791
2418
2854
2855
2966
2966
3290
3449
3449
3548
3945
3945
3945
4487
4439
4101
3559
3897
4195
4575
4580
4144
4143
4579
4281
4036
4031
4032
4032
4031
3787
3787
4085
3705
3706
4248
4248
4296
3782
3155
3154
3154
3668
3673
3237
3126
3126
2729
3165
3066
3093
2755
3152
3397
3152
3397
3397
3099
3051
2615
2616
2615
2616
2214
2552
2552
2988
2988
2961
2564
2564
2563
2564
2591
2253
2352
2351
2106
2107
2405
2246
2584
2246
2219
2846
2846
3091
3091
3335
3494
3542
3542
3542
3000
3000
3542
3543
3538
3543
3543
3570
3681
3570
3950
3791
3277
3032
3032
3005
3519
2892
2648
2892
2892
2844
2843
2599
2996
2995
2995
3397
2961
2564
2565
2267
2378
1836
2134
2134
2134
2761
3006
3344
3371
3372
3074
3372
3371
3344
3344
3344
3233
2853
2854
2881
2880
2881
2876
3418
3418
3815
3188
3187
3187
2863
3490
3192
2678
2281
2678
2281
2678
2683
2684
2684
2683
2684
3064
3362
3064
3578
3578
3902
3505
3504
3405
3504
3499
2985
3033
2406
2920
2925
2920
2406
2068
2068
1969
2267
2268
2367
2764
2763
2763
2763
2518
2856
3370
3271
3370
2968
2968
2969
2969
2671
2916
2868
2916
3214
3616
3371
3530
3530
3966
3965
4076
4321
3779
3779
3731
4358
4406
4082
4081
3783
3788
3543
3384
3384
3004
3328
3487
3388
3686
3289
3831
3672
3158
2860
2522
2411
2749
2750
2909
2909
2282
2393
2282
2282
2393
1957
1958
2585
2558
2510
2509
2185
2074
2074
2471
1844
1871
1533
1857
1698
2212
1888
1889
1889
1862
1973
2021
2401
2353
2348
1951
1951
1951
1951
2275
2275
2672
2699
2747
2746
2845
2845
2845
3281
3579
3199
2875
3120
3120
3072
3045
2934
2498
2878
2879
2884
3511
3538
3024
3024
2997
3024
3362
3410
3383
3138
2800
2800
2752
2372
2696
3076
3414
3462
3461
3460
3571
3523
3768
4282
4171
4607
4362
4607
4602
4761
4364
4364
4608
4172
3928
3526
3770
3818
3818
3929
3929
3956
3956
3956
3956
3961
3717
3419
3663
3552
3949
3611
3722
3342
3343
2801
2800
2476
2428
2184
2184
2586
2884
2639
2639
2639
2012
2256
2883
3425
3426
3750
3750
3426
3426
3425
3861
3834
3432
3188
3188
2890
2885
2886
3184
3428
3429
3032
3412
3460
3459
3411
3411
3749
3369
3369
3614
3994
3999
3999
3372
3769
3817
3479
3181
3505
3261
2719
2620
2620
2620
2620
2958
3256
3208
3049
3049
2669
2155
2044
2045
2045
2559
2658
2144
2546
2657
3171
3171
3060
3059
2960
3008
3252
3279
3906
3858
4017
4559
4658
4320
3996
3997
3752
3125
3125
2583
2424
2583
2907
2510
3137
3137
2978
3358
3469
3225
3224
2926
3323
3567
3567
4109
4354
3974
4312
4312
4312
3685
3440
3038
3197
3170
2846
2845
2734
2729
2730
3110
3137
3137
3137
3110
2596
2596
2437
2596
2998
2618
2182
2696
2723
2728
2973
3600
2973
2973
2973
3084
3711
3706
3079
3515
3515
3356
3515
3271
3595
3436
3191
3196
3195
3190
3434
3434
3037
3196
3097
3395
3395
3775
4172
4013
4013
4112
3710
3611
3611
3611
3611
3856
3829
3829
3829
3287
3829
3988
4036
4036
3791
3411
3411
3167
2869
2896
2896
2897
2870
3250
3202
2660
2905
2910
2911
2911
2800
2641
2641
2752
3050
3050
3149
3149
3050
3050
2712
2711
2711
2711
2738
2627
3029
3077
2753
2754
2998
3625
3598
3922
4033
4033
4033
3922
4081
4081
4081
4192
4191
4191
4290
4317
4655
4654
4409
4029
4030
3919
3919
3919
4030
4030
3628
3384
3086
3038
3580
3183
3072
3316
3316
3364
3363
3760
3761
3713
3713
3713
3554
3527
3527
3527
3527
3686
3713
3686
3686
3686
3681
3926
4037
4037
3410
3410
3251
3140
3041
2499
2161
2788
2161
2272
2371
1857
2237
2237
2751
2799
2826
2826
2985
2740
2360
2605
2494
2395
2395
2775
3177
3475
3230
3071
3071
2827
2779
2779
2780
2383
2925
2925
2627
2626
2627
2113
2740
2113
2358
1922
1922
2166
2563
2722
3158
3672
3720
3720
3831
3930
3929
3387
3228
3228
3228
3129
3427
4054
3730
3731
3736
3835
3591
3590
3834
4158
4047
4020
3506
3070
3070
2690
2691
2690
2446
2826
2985
3096
2469
2905
3243
3195
3737
3413
3075
2976
2977
2597
2645
2645
2644
2399
2101
2101
2615
2615
2615
2073
2318
2345
2297
2297
2396
2938
2911
2514
2514
2911
3291
3046
2504
2828
2314
2315
2310
2852
2753
2801
2404
2649
2676
2676
2649
2648
2649
3276
2952
3290
3045
2997
2886
3210
2830
2428
2455
2460
2758
2758
3138
3137
3236
3284
3257
2715
2377
2621
2185
2430
2541
2382
2283
2310
2305
2847
2736
2847
2847
2820
3256
3415
3514
3514
3514
3541
3541
3541
3493
3493
3493
3169
3169
2733
2706
3030
3466
3493
3831
3587
2960
2961
3205
3204
3204
3105
3105
2725
2566
2571
2566
2242
2243
2757
2459
2757
3137
3461
4088
4087
3843
4240
4245
4246
3619
3222
3221
3194
3189
2851
2471
2471
2873
2762
3100
3211
3838
3837
3996
3560
3561
3561
3562
3661
3688
3687
3687
3931
4328
4328
4328
4764
4222
4223
4222
4195
4737
4626
4328
4084
4084
4111
4111
3675
3351
3106
3111
3112
2774
2774
2773
3071
3182
3182
3506
3554
3990
4370
4369
4369
4614
4503
4747
4747
4742
4742
4643
4484
4104
3702
3801
3806
3917
4076
4076
3832
3534
3778
3778
3342
3778
3778
4076
4076
4076
4049
3805
3369
3771
3771
3660
3660
3660
3561
3805
3560
3560
3587
3587
3588
3589
3700
4080
3969
3645
3644
3982
3983
3441
3441
3540
3296
3295
2915
2401
2063
2063
2015
2015
2353
2867
2569
3005
3303
2965
3210
3183
3184
3184
3726
3721
3769
4107
4487
4487
4487
4486
4089
4089
3575
3819
3439
3438
3438
3465
3366
3366
3366
3367
3367
3466
3222
3195
3200
3580
3242
3242
2862
2857
3371
3695
3259
2745
2343
2348
2750
2777
2479
2431
2811
2652
2990
2990
3101
3149
3150
3150
3150
3448
2821
3065
3692
3354
3353
3348
3784
3784
4122
3742
3631
3387
3386
3338
3338
2711
2711
2684
2711
3338
3343
2907
2569
2470
2808
2919
2892
2893
2893
2992
3372
3372
3127
3127
3028
3076
3075
3174
3174
3169
3328
3328
3328
3217
3218
3218
3059
2432
2134
2135
2294
2246
2490
2490
3004
3003
3439
3340
3439
3003
3114
3113
2954
2954
2855
3153
3398
3795
3795
3822
4258
4013
4013
4013
4013
4014
4014
3617
3617
3373
3262
3373
3035
3035
3134
3135
3140
3029
3140
3140
3140
3767
3668
3716
4054
4006
4250
3736
3492
3168
2766
3168
3168
3163
3408
3413
3011
3010
3109
3506
3506
3908
3908
3281
3254
3768
3768
3927
3927
3927
4251
4251
4251
4092
3993
4041
4140
4029
4656
4651
4651
4109
4010
4011
4011
3575
3580
3183
3282
3679
3679
3679
3580
3691
3691
3691
3691
3935
3935
3597
3624
3962
3448
3448
3448
3990
3745
3740
3740
4176
3740
3442
3442
3198
3197
3170
3170
2628
3142
3094
3636
3881
4040
3643
3263
3561
3450
3126
3450
3455
3454
3698
3699
3798
3699
3810
3183
3619
3614
3614
3613
3640
3302
3302
2978
2978
3605
3307
2905
2906
2954
2906
2907
3309
3308
3356
3361
3659
3654
3978
3978
3680
3978
3983
4321
4076
4049
3711
3663
3121
2962
3504
3504
3901
3896
3944
4282
3958
3957
4281
4233
4234
3936
4035
3408
3435
3111
3435
3594
3495
4122
4122
4095
4096
4096
3985
3990
3990
3666
3328
2814
2913
3158
3185
2783
2782
2782
2777
2778
2778
2826
2825
2798
2798
2798
2639
2540
2540
2920
2920
2540
2864
3244
2847
2847
3185
3186
3185
3212
3164
2728
2728
3130
3527
4041
4041
3703
3703
3076
3076
3703
3676
3677
3050
3050
3050
3050
3050
3348
3103
3348
3348
3348
3347
3783
3381
3492
3519
3408
3408
3408
3408
4035
4035
4373
4035
3599
4001
4000
3620
3375
3375
3380
3428
3428
3429
3429
3424
3429
3540
3535
3971
3569
3133
3535
3487
3923
3526
3526
3864
3963
3963
3963
4122
3495
3495
3171
3171
3171
3012
3060
3440
3441
3342
3969
3969
4068
4067
4066
4390
4787
4739
4740
4629
4788
4629
4629
4677
4678
4298
4409
4408
4408
4006
4006
4251
4653
4026
4406
4405
5032
5032
5005
5032
4921
4873
4873
4984
4357
4405
4003
3976
3434
3434
3593
3593
3482
3483
3145
3144
3144
3045
3045
2721
2476
2428
2673
2159
2160
2165
2679
2299
2623
2623
2299
2926
2926
2927
2975
2974
2969
3371
3913
4012
3610
3615
3616
3615
3642
3483
3885
3885
3786
3897
3897
4221
3707
3707
3305
3060
3060
3159
3158
3159
3673
3429
3105
3104
2707
2596
2976
2977
2978
2680
2680
2244
1702
1697
2021
2026
1646
1805
1805
1804
2184
2184
2184
2025
2461
2456
2456
2567
2568
2965
2970
2969
3213
3213
3372
3324
3662
3663
3663
3419
3418
3391
3933
3933
3553
3553
3553
3553
3553
3039
3039
3039
2940
2940
2988
3368
2826
2502
2502
2747
2367
2319
2319
2346
1910
1909
1909
2423
2423
2312
2714
2714
3150
3151
3151
3151
2715
2688
2787
2787
2782
3026
3053
2954
3278
3283
3282
3330
3171
3172
3145
2821
2483
2482
2085
2482
2918
2918
2918
3216
2589
2075
2399
2510
2890
2510
2505
2181
2561
2125
1880
1881
2205
2205
2641
2886
3513
3513
3215
2835
2835
2862
2814
2813
2377
1980
1980
1980
1985
2499
2879
2879
2927
2525
2477
2815
2477
2450
2992
3151
3040
3442
3443
3443
3442
3283
3283
3310
3707
3463
3463
2921
2597
2645
2645
2645
2756
2757
2856
2745
2697
3035
2936
2984
3095
3094
3067
3365
3120
3120
3121
3280
3307
3849
3738
3738
3737
3578
3578
3181
3340
3664
3664
3659
3770
3869
3842
3842
3731
3758
3758
4155
3817
3790
3795
4040
3881
3992
3993
3988
3690
3691
3696
3696
4132
4470
4371
3974
3969
3969
3968
3532
3968
3723
3728
3728
3728
3723
3399
3558
3882
3502
3100
3100
3100
3199
3151
3531
3095
3095
3497
3894
3783
3788
3629
4065
3966
4125
3689
3351
2954
3390
3634
3661
3661
3634
3661
3660
3416
3416
3417
3755
3755
3999
4098
3854
3853
3964
3853
3854
4098
3696
3807
3807
3807
3807
4105
4106
3947
3946
3946
3941
3941
3989
4386
4545
4434
4335
4737
4223
4223
4196
3569
3521
3521
3141
3386
3048
3386
3227
3227
3741
3344
3344
3724
3835
3835
3834
3835
3399
3154
3590
3266
3425
3430
3529
3556
3556
3556
3551
3440
3445
3493
3493
3494
3739
3739
3494
3250
3495
3447
3420
3420
3420
3420
3420
3175
2837
3161
3160
3787
3787
3351
2837
2457
2971
2569
2568
2616
2616
3018
3129
3129
3124
3124
3560
3262
3600
3898
3271
3271
3160
3112
3013
3061
3066
3067
3068
3167
2829
2828
2828
2828
3073
3184
2670
2622
2523
2523
2523
2518
2518
2856
2955
3199
3579
4093
3551
3948
3546
3551
3551
3306
3305
3847
3847
3847
3847
4092
3794
3280
3307
3302
3816
3864
3864
4266
4564
4564
4320
4320
4022
3974
3577
3578
3876
4120
3876
3876
4503
4503
3876
3474
3474
3473
3374
2994
3042
2931
2772
2871
2872
2824
2872
2627
2579
3206
3207
3255
2713
3255
3255
2931
2931
3255
3228
3387
3498
3498
3743
4123
3799
4201
4201
4598
4598
4550
4252
3625
3625
3625
3869
3869
3874
3901
3802
3802
3802
4100
4100
4100
4099
4147
4774
5098
4774
4873
4846
4508
4349
4376
4376
4376
4700
4402
3860
3833
3319
3478
3154
3154
3149
3050
3049
2938
3049
3563
4105
3708
4105
4443
4767
4767
4253
3873
3628
3926
3767
3768
3470
3984
3582
3582
3581
3961
3913
3477
3366
3366
2986
3422
3422
3824
3829
3585
3585
3247
3346
3644
3644
3208
3209
3209
3547
3792
3250
3494
3250
3250
3298
3542
3542
3701
3702
3701
3363
3363
2966
2722
3264
3264
3105
2860
2860
3019
3046
3046
3046
2998
2998
2899
3143
3579
3690
3446
2819
2660
2905
3149
3038
3435
3434
3482
4109
4447
4447
4109
4104
4104
3806
4144
3742
3715
3874
4276
4228
4069
8898
8898
8898
8898
8898
8222
8222
8222
8222
7732
7732
7732
7732
7732
7732
7732
8222
8818
8818
8818
8818
8818
8818
8818
8818
8818
8818
8818
9494
9494
9494
9494
9004
9004
9004
9004
9004
9004
9004
8516
7920
7160
6366
7126
7126
7126
7126
7126
6322
6322
7126
7126
7722
8212
8212
8212
8212
7536
7536
7536
7536
7536
6940
6940
3475
2848
3475
3475
3475
3476
3477
3041
3041
3068
3406
3505
3941
3940
3913
3940
3935
3935
3935
3940
3940
3602
3761
3516
3516
3357
3357
2843
2843
2744
2739
2983
2739
2850
2850
2851
3189
3188
3188
3077
3321
3321
3432
3432
3432
3677
3676
3676
3676
4073
4371
4376
3979
4493
4592
4592
4593
4482
4158
4158
3913
4237
3835
3736
3736
3736
3736
3222
3222
2884
3286
3281
3281
3392
3392
3392
3391
3392
3906
3906
3905
3905
4243
4488
4489
4588
4636
4636
4525
4525
4525
4089
4089
4041
4152
4152
4588
4074
4075
3831
4228
4228
3904
3606
3654
3654
3813
3813
3818
3707
4221
4519
4492
4492
4492
4444
4199
3802
3366
3690
3690
3689
3689
3365
3365
3360
3022
3022
3022
2395
2506
2750
2995
2996
2996
3001
2756
3153
2773
3400
3836
4216
4211
4238
4211
4211
3669
3993
3993
3882
3638
3637
3637
3637
3637
3748
3748
3748
3748
3747
3648
3648
3648
3892
3893
3892
4230
4230
3986
4528
4528
4529
4370
4370
4418
4370
4370
4032
3652
4032
4277
4277
4278
4377
4278
4283
4282
4282
3885
3885
3885
3640
3342
3342
3680
3675
3675
4072
3675
3675
3680
3925
4024
4322
3920
3920
3378
3622
4024
3726
3726
4123
3721
3341
3721
3721
3716
3716
3743
3743
3716
3764
3653
3409
3707
3866
4110
4221
4110
4652
4314
4716
4717
4716
4716
4717
4717
4744
4117
4116
4743
4644
4643
4643
4643
4742
4694
4297
4297
4694
4667
4667
4508
4513
4851
4449
3935
3935
3637
3201
2957
2858
2858
2906
2933
2933
2306
2279
2390
2390
2390
2417
2418
2418
2391
2146
2146
2660
3096
2985
3096
2985
2985
3283
3283
3283
3527
3929
3924
4169
4169
3831
3990
3692
3692
3692
3803
3803
3830
3830
3830
3830
3830
3830
3803
3808
4146
3604
3603
3359
3458
3347
3458
3410
3410
3654
3555
3217
3106
2726
2726
3024
3404
3106
3106
2947
3285
3285
2849
2849
2948
3384
3384
3285
2905
2905
3016
3314
2976
2579
2143
1898
2525
2526
2521
2859
3104
3646
3673
3832
3494
2980
3377
3757
3762
3761
4099
4100
3762
3762
3762
3762
3810
3413
3169
3168
3057
3058
3157
3157
3157
3157
3158
3131
3032
2984
2984
3083
3131
3528
3528
3528
3528
3639
3634
3634
3336
3288
2661
2666
2666
2567
2025
2025
2124
2560
2560
2560
2124
2368
2666
2661
2661
2661
2363
2905
3203
2661
2660
2501
2256
2798
2699
3135
2738
2440
2440
2599
2275
2275
2274
2301
2349
2350
2355
2982
2580
2580
2469
2580
2038
2038
2137
2038
2039
1603
1598
1598
1597
1994
1597
2111
2111
2449
2694
2694
3096
3420
3817
3706
3309
3745
3844
3796
3551
3552
2925
2925
3036
3578
3064
2522
2522
2527
2428
2673
2673
2772
2767
2766
2766
2766
2364
2265
2265
2313
2827
2779
3077
3077
3082
3082
3181
3808
3808
3808
3510
3399
3941
3941
3940
3695
3668
3663
3908
4019
4421
4083
3924
3929
3929
3415
3170
3170
3170
3170
3508
3508
3806
3482
3477
3478
3483
3510
3510
3510
3834
3590
4104
4263
3939
3938
4183
4507
4396
4396
4297
4297
4408
3972
3458
3458
3459
3459
3079
3178
3178
3179
3178
3692
3692
3692
3691
4088
4088
4088
4468
4357
4330
4006
3907
4151
4151
4199
4298
3918
3516
3417
3369
3364
3744
3744
3499
3499
3500
3745
3118
3118
3123
3171
2629
2581
2692
2692
2693
2534
2529
2931
3090
3090
2688
3012
3039
3038
2658
2144
2149
2150
2150
2149
2122
2170
2550
2391
2386
2387
3014
3014
3450
3450
3609
3708
3597
3597
3597
3549
3554
3602
3602
3602
4144
3764
4144
4658
4658
4658
4610
4610
4610
4637
4478
4478
4478
4478
4477
4879
4874
4550
4550
4661
4550
4555
4311
3769
3670
4212
4311
4555
4311
4311
4306
4630
4789
4790
4452
4452
4207
4206
4206
4207
4451
4696
4696
4294
4294
4294
4293
4293
4293
4292
4292
3994
3994
3749
7444
7444
7666
7666
7666
7666
7666
7666
7666
7444
7444
7444
7444
7444
6956
6956
6956
6956
6956
6956
6956
6956
6956
6956
6956
6956
6956
6956
6956
6956
6956
6956
6956
6638
6638
6638
6638
6638
6638
5844
5844
6162
6162
6162
6162
6956
7444
7444
7444
7444
7444
7444
8040
8040
8040
8040
8040
7444
7126
7126
7126
7126
7126
7126
7126
7126
7722
8212
8212
8212
8212
7722
7722
7722
7944
7944
7954
7954
7954
7954
7954
7954
7954
7954
7954
7954
8272
8272
8272
8272
8272
8272
8272
8272
8272
8272
8272
8272
8272
8272
8272
8272
8272
8272
8272
8272
8262
8262
8262
8262
8262
8262
8064
8064
8064
8064
8064
8064
8064
8064
8064
8064
8064
8064
8064
8064
8064
8262
8040
7842
7842
7842
7354
8030
8030
8030
8030
8030
8030
8030
8030
8030
8030
8030
8030
8030
8030
8518
8518
8200
8200
8200
8200
8200
8200
8200
8200
8518
7842
7842
7842
7524
7524
3326
2946
2951
3050
3452
3452
3452
3832
3827
3827
3828
3314
2917
3255
3282
3287
3282
2984
3032
2984
2885
2885
2885
2885
2641
2641
2317
2322
2567
2615
2726
2727
2727
2727
3124
2786
2786
3300
3459
3558
3558
3558
3558
3557
3557
3557
3557
3557
3855
3850
3855
3557
3446
3201
2799
3137
3137
2740
2851
2851
3096
2985
3229
3229
3229
3228
3229
3665
3660
3415
2873
2493
2493
2890
3214
3214
3215
3757
3757
3757
3756
4158
4403
4783
4403
4514
4894
4895
4784
4784
4784
4784
4789
4762
4762
4517
4517
4516
4516
4136
4247
4242
3700
3700
4080
3566
3566
3566
3565
3810
3815
3815
3477
3080
3081
3595
3595
3595
3547
3547
3547
3436
3547
4089
4137
4132
4132
4131
3807
3371
3260
3260
3261
3266
3377
2997
2595
2595
2933
3335
3176
3612
3771
3771
3772
3724
3479
3479
3368
3479
3380
3042
3380
3379
3379
3776
3776
3776
3776
3776
3665
3665
3665
3692
4072
4073
3735
4033
4371
4127
4238
3858
3747
3747
3858
4238
4238
4482
4482
4481
4481
4101
4425
4805
4178
4178
3934
3554
3554
3602
3597
3597
3598
3598
3598
3598
3603
3598
3978
3951
4578
4583
4424
4424
4086
4424
4523
4412
4657
4657
4609
3982
3684
3928
3928
3928
4555
4555
4603
4762
4762
4424
4424
4423
4761
4761
4872
4548
4210
4210
4209
4236
4231
4569
4055
4379
4677
4678
4281
4678
4051
3806
3695
3694
3694
3939
3912
3532
3532
3194
3532
3559
3559
3670
3622
4249
4138
4138
3814
3569
3949
3407
3308
2928
3039
3363
3204
3303
3308
3209
3209
3209
3209
3454
3116
3164
2920
3164
3544
3544
3164
3164
3164
3323
3837
3837
3936
3937
3535
3211
3211
3211
3206
3206
3544
3544
4086
4086
3975
3731
3736
3736
3709
3709
3273
3384
3385
3765
3368
3030
2732
2759
3195
3493
3890
3890
3863
3863
3349
3348
3672
3671
3560
3561
3561
3561
3556
3555
3555
3555
3556
3176
3128
3466
3980
3980
4360
4360
4360
3733
3395
3639
3666
3671
3666
3230
3230
3568
3323
3296
3295
3322
3567
3568
3679
3520
3520
3519
3195
3196
3197
3633
3236
3560
3560
3533
3581
3039
3666
3825
4222
4221
3707
3608
4010
4037
3926
3926
4440
4439
4439
4439
4439
4280
3653
3653
3812
3812
3817
3817
3916
3618
3618
3459
3460
3412
3412
3413
3075
3413
3169
3169
3169
3169
3169
3413
3413
3412
3088
3088
3088
3088
3199
3198
2953
3112
2715
3039
3039
3012
3012
3012
2674
3216
3217
3217
3217
3265
3510
3510
3537
3835
3590
3563
3563
3563
3563
3183
2781
3119
3119
3521
3521
3223
3620
3620
3509
3508
3508
3460
3136
3136
2977
2878
3037
3032
3032
3032
3032
3059
3107
2705
2706
2164
2164
2544
2868
2868
2967
2972
2967
2967
2967
3509
3509
3509
3514
3176
3176
3176
3077
3077
3375
3375
3131
3375
3375
3777
3777
3777
4022
3724
3724
4022
4023
3996
3996
3996
3599
3599
3598
3056
3453
3453
2939
2939
2939
3481
3995
4333
4444
4444
4444
4439
4444
4444
4543
4544
4544
4164
4164
4164
4005
3894
3894
3650
3677
3921
3873
3628
3529
3529
3528
3528
3528
3773
3821
3920
4547
4448
4443
4443
4198
4443
4443
4443
4443
4554
4230
4230
4231
4231
4230
4230
4229
4230
3985
3958
3958
3958
4282
4381
4382
3980
3736
3741
3768
3768
3927
3927
3900
3899
4301
3787
3787
3739
3984
3825
3423
3423
3312
3312
3423
3825
3826
3581
3961
3961
3961
3419
3414
2787
2787
3301
3306
3306
3305
3305
3305
2925
2925
2924
2527
2924
2925
2952
2550
2545
2545
2545
2544
2924
3083
3083
3131
3375
3620
3620
3625
4167
4056
4056
4029
4029
4656
5058
4656
4656
4657
4359
4359
4359
4386
4387
4143
4116
4116
4116
3957
4201
4201
4360
3846
3798
4096
4091
3694
3693
4090
3991
3667
3667
3667
3667
3672
3671
3671
3373
3421
3448
3772
3772
3724
3724
3479
3082
2758
2759
3156
3156
3129
3228
3069
3064
3064
2965
3210
3210
3724
3835
3591
3750
3750
3591
3592
3347
3506
3554
3554
3506
3070
3070
2732
2732
2573
2573
2732
2732
3030
3030
3057
3057
3057
3395
3395
3394
3393
3795
3168
3169
3168
3169
3170
3169
3414
3414
3414
3415
3415
3035
3279
3279
3603
3492
3603
3603
3603
3279
3168
2771
2771
2771
2776
2824
3204
3528
3480
3475
3872
3872
3983
3738
3738
3738
3738
4174
4173
4178
4178
4151
4250
4151
4146
4146
4151
4150
4150
4198
4198
4198
4297
3973
3974
3863
3525
3227
3128
3373
3368
3479
3235
3234
2692
3319
3074
3074
3412
3736
3763
3763
3763
3764
3653
3653
3897
4439
4439
4280
3878
3364
3365
3879
3978
3977
3977
4379
3943
3943
3943
3943
3943
3401
3401
3401
3401
3943
3699
3704
3704
3605
3606
3605
3578
3530
3689
3689
3689
3689
3689
3309
3309
3310
3309
3310
3309
2912
3011
3256
2854
2902
3299
3597
3597
3596
3976
4003
4004
4004
4248
4359
3845
3845
3844
3844
3844
4358
4794
4252
4252
4794
4549
4501
4104
3590
3590
3266
3668
3557
3313
3557
3557
3530
3525
3426
3426
3537
3538
3637
3642
4156
4156
4156
4155
4203
4203
4203
4203
4104
4203
4203
3905
3905
3905
4302
3866
3866
3866
3866
3866
3893
3893
3888
4212
4212
4164
4164
4600
4845
4850
4605
4600
4501
4501
4501
4746
4747
4636
4934
4498
4498
4471
4074
4122
4519
4519
4274
4279
4278
4278
3980
4091
3689
3987
3987
3982
3738
3982
4384
4004
4004
3680
3521
3766
3767
3365
3801
4181
4181
4181
4070
3825
3826
3778
4102
4102
4102
4101
3857
4016
3857
3968
3973
3537
3585
3580
3066
3066
3310
3310
3309
3336
3336
3850
3850
3949
3949
3949
3954
3656
3656
3656
3657
3657
4059
4357
4357
4246
4357
4357
4357
4019
4020
3640
3613
3289
3448
3447
3447
3692
3593
3592
3294
3289
3241
3579
3334
3579
3584
3611
3611
3991
3594
3435
3435
3435
3832
3588
3561
3561
3720
3206
3642
3262
3263
3264
2637
2636
2960
2849
3147
3246
3273
3900
3948
4328
4572
4573
4546
4573
4573
4328
3990
3989
3745
3990
3990
4504
4504
4345
4340
4340
4241
4400
4352
4596
4351
4107
4351
4351
4356
4404
4403
4403
4403
4376
4371
4371
4709
4385
4385
4385
4385
3949
3949
4048
4484
4484
4485
4485
4730
4432
4433
4433
4731
4731
4731
4758
4758
4758
4757
4512
4511
4512
4485
4485
4485
3971
3872
3873
3471
3476
3878
3878
3877
3876
3876
3876
3871
3871
3872
3713
3958
3958
3713
3713
3713
3713
3872
3824
3829
3829
3830
3830
3878
3251
3278
3792
4037
4037
4032
4031
4031
4031
4031
3983
3581
3983
3824
3797
3796
3796
3796
3796
3801
3801
3960
3960
3960
3961
3988
3744
3744
4068
3632
3605
4041
3717
3320
3321
3076
3103
3102
3097
3342
3969
4293
4293
4293
3666
3230
2985
3612
3070
2772
3169
3169
3169
3217
3190
3191
2811
2816
3061
3061
3359
3359
3114
3494
3494
4036
3409
3408
3408
3408
3409
3071
3071
3071
3507
3507
3618
3320
3272
3267
3272
3516
3516
3854
3854
4152
4041
4089
4089
4200
4200
4199
4298
3960
3960
3849
3447
4074
4074
3915
4026
4021
4266
4218
4107
4107
8212
8212
8212
8212
8212
8212
8212
8212
8212
8212
8212
8212
8212
8212
8212
8212
8212
8212
8212
8212
8212
8212
8212
8212
8212
8014
7524
7524
7524
8014
8212
8212
8212
8212
8212
8212
8212
8212
8212
8212
8212
8212
7722
7722
7722
7722
7722
7722
7722
7722
7722
7722
7722
6694
6694
6694
6694
7722
7722
7722
7722
7722
8040
8262
8272
8272
7954
7954
7954
7954
7954
8272
8272
8272
8272
8272
8272
8272
8272
8272
8272
8272
8272
8272
8272
8272
8272
8272
8272
8272
8272
8272
8272
7954
7954
7954
7954
7954
7954
7954
7954
7954
7954
7954
7954
7954
7954
7954
7954
7954
8444
8444
8444
8444
8444
8444
8444
8444
8444
8444
7416
7416
7416
7416
7416
7416
7416
7416
7416
7416
7416
7416
7416
7416
7416
7416
7416
8444
8444
8444
8444
8444
8444
7954
7954
7954
7944
7944
7944
7944
7746
7746
8064
8064
8064
8064
8064
8064
8064
8064
8064
8064
8064
8262
8262
8262
8262
8262
8262
7944
7954
7954
7954
7954
7954
7954
7954
7954
7954
7954
7954
7954
7954
8444
8444
8444
8444
8444
8444
8444
8444
8444
8444
8444
8444
8444
8444
8444
8434
8434
8434
8434
8434
7838
7838
7838
7838
7640
7640
7640
7640
7418
6930
6930
6930
6930
7418
7418
7418
7418
7418
7418
7418
7640
7640
7640
7640
8236
8434
8212
8212
8212
8212
8212
8212
8212
8212
8212
8212
8212
8212
8212
8212
7722
7722
7722
7722
6694
6694
6694
6694
6694
6206
6206
6206
6206
6206
6206
6206
6206
6206
6206
5610
6098
6098
6588
6588
6588
6588
6588
6588
6588
6588
6588
6588
6588
6098
6098
6416
6416
6416
6416
6416
6416
6416
6416
6416
6638
6638
6638
6638
6638
6638
6638
6638
6638
6638
6638
6638
6638
6638
6638
6638
6638
6638
6638
6638
6638
6638
6638
6638
6320
6320
6320
6320
6098
6098
6694
7722
7722
7524
7746
7746
7746
7746
7746
7746
7746
7746
7944
7944
7944
7944
7954
7954
7954
7954
7954
7954
7954
7954
7954
7954
7954
7954
7954
7954
7954
7954
7954
7954
7954
7954
8444
8444
8444
8444
8434
8434
8434
8434
8434
7838
7838
7838
7838
7640
7640
7640
6992
6992
6992
6992
7640
7640
7152
7152
7152
7152
7152
7152
7152
7152
7152
7152
6930
6930
7526
7526
7036
7036
7526
7526
8202
7712
7712
8200
8200
8200
8200
8200
8200
8200
8200
7524
7746
7746
7746
7746
7746
7746
7746
7746
7746
7746
7746
7746
8064
8064
8064
8064
7746
7746
7746
7746
7746
7746
7746
7524
7746
7746
7746
7746
7746
7746
7746
7746
7746
7746
7746
7746
8064
8064
8064
8064
8064
7842
8064
8064
8064
8064
8064
8064
8064
8064
8064
7746
7746
7746
7944
7944
7722
7722
7944
8434
8434
8434
8434
8434
8434
8434
8434
8434
7406
7406
7406
8434
8434
8434
8434
8434
8434
8434
8434
8434
8434
8434
8236
8236
8236
8236
8236
7640
7640
7640
7640
7640
6992
6992
6992
6992
6992
6992
6992
6992
6992
6198
6198
5438
5438
6198
6846
6846
6846
6846
6356
6356
6356
6356
6356
6356
6356
6356
6356
6356
6356
6356
6356
6356
6134
6134
6928
7150
7150
7150
7150
7150
7150
7150
7746
7746
7746
7746
7746
7746
7746
7746
7746
7746
7150
7150
7348
7348
7348
7348
7348
7348
7348
7944
8262
8262
8262
8262
7234
7234
7234
7234
8262
8262
8064
8064
8064
8064
8064
8064
7842
7842
7842
8040
8040
8040
8040
8040
8040
8040
8040
8040
8262
8272
8272
8272
8272
8272
8272
8272
8262
8272
8272
8272
8272
8272
8272
8272
8272
8272
8272
8272
8272
8272
8272
8272
8272
8272
8272
8272
8272
8272
8272
8272
7954
7954
7954
7954
7954
7954
7954
7954
7954
7954
7954
7954
7954
8272
8272
8272
8272
8272
8272
8272
8272
8272
8272
7244
7244
7244
7244
7244
7244
7244
7244
7244
7244
7244
7244
7244
7244
7244
7244
7244
8272
8262
8262
7944
7944
7944
7944
7944
7944
7944
7944
7944
7954
7954
7954
7954
7954
7954
7954
7954
6926
6926
6916
6916
6916
6916
6916
6916
6916
6916
6916
6694
6694
6694
6694
6694
6694
6694
6694
6694
6694
6916
6694
6694
7184
7184
7184
7184
7184
7184
7184
7184
6588
7392
7392
7392
7392
7392
7392
7392
7392
7392
6902
6902
6902
6902
6902
6902
6902
6902
6902
7392
7392
7392
7392
7392
7392
7392
7392
7392
7392
7392
7392
7392
7392
7392
7392
7392
7392
7392
7392
7392
7392
7392
7392
7392
7392
7392
7392
7392
7392
7392
7392
7392
7392
7392
7392
7392
7392
7988
7988
7988
7988
7988
7988
7184
7184
7184
7184
7184
8212
8212
8212
8212
7722
7944
7944
7954
7954
7954
7954
8272
8272
7954
7954
7954
7954
7954
7954
7954
7954
7954
7954
7954
7954
7954
7944
7944
7944
7944
7944
7944
7944
7944
7944
8434
8434
8434
8434
8434
8434
8434
8434
8434
8434
8434
8444
8444
8444
8444
8444
8444
8444
8444
8444
8444
8444
8444
8444
8444
8444
8444
8444
8444
8444
8444
8434
8434
8434
8434
8434
8444
8444
8444
8444
8444
8444
8444
8434
8434
8434
8434
8434
8434
8434
8434
8236
8236
8236
8236
8236
8236
8236
8236
8236
7746
7150
7150
7150
7150
7150
6356
6356
6356
6356
6356
6356
6356
6356
6356
6356
6356
6554
6554
6554
6554
6356
6356
6356
6554
7348
7348
7838
7348
7348
7348
7348
7944
7944
7944
8262
8262
8262
8272
8272
8272
8272
8272
8272
8272
8272
8272
8272
8272
8272
8272
8272
8272
8272
8272
8272
8272
8272
8272
8272
8272
8262
8262
8262
8262
8262
8262
8262
8262
8262
7944
7746
7746
7746
7746
7746
7746
7746
7746
7746
7746
7746
7746
7746
7746
7746
7746
7746
7746
7746
8236
8236
8236
8236
8236
8236
8236
8236
8236
8236
8236
8236
8434
8434
8434
8434
8434
7838
7838
7838
7838
7838
7838
8434
8434
8434
8434
8434
8444
8444
8444
8434
8434
8434
8434
8434
8434
8434
8434
8434
7944
7944
7944
7944
7944
7944
7944
7944
7954
7954
7944
7944
7944
7944
7944
7944
7944
7944
7944
7944
7348
7126
7616
7616
7616
7616
7616
7616
7616
7616
7616
7616
7616
7418
7418
7616
7616
7616
8212
8434
8434
7944
8262
8262
8064
8064
8064
8064
8064
8064
8064
8064
8064
7416
7416
7416
7416
7416
7416
7416
7416
7416
7416
7416
8064
8064
8064
8064
7842
8518
4260
4308
4308
3970
3970
4372
4710
4710
4809
4809
4485
4485
4484
4595
4600
4600
4600
4600
4600
4203
4203
3959
3557
3881
3881
4283
4283
4527
4479
4479
4479
4724
4565
4565
4560
4608
4608
4609
4608
4608
4560
4560
4560
4561
4560
4180
4180
4180
4180
4069
4069
4117
4117
4497
4398
4350
4449
4497
4608
4609
4510
4510
4515
4515
4515
4515
4510
4186
4285
4040
3992
3992
3992
3997
4321
4320
4320
3806
3806
3806
4051
3753
3753
3912
4210
4099
4100
4100
4100
4100
4148
4148
4147
4544
4544
4544
4220
4220
4221
4173
4172
4172
4172
4073
4073
3914
3914
3941
3941
3942
4456
4211
4206
4206
4451
4451
4054
4055
4055
4060
4059
4060
4059
4059
4218
4217
4614
4615
4588
4588
4588
4699
4699
5023
5122
4878
4878
4877
4877
4925
4925
4528
4528
4528
4190
3810
3810
3810
3565
3051
2952
2952
2952
3332
2896
2897
2849
3187
3076
3076
3076
3076
3075
3070
3506
3507
3555
3800
3799
4196
4196
4440
4440
4440
4551
4503
4508
4508
4508
4397
4397
4911
4938
5037
5038
5038
5038
5011
4912
4912
4912
4913
4913
4913
4961
4960
4960
4960
4801
4753
4753
4373
4373
4373
4368
4367
9494
9494
9494
9494
9494
9494
9494
9494
9494
8846
8846
8170
8170
8170
8170
8170
8170
8170
8170
8170
8170
8170
7366
7588
7588
7100
6878
6878
6878
6878
6878
6878
6878
7554
7554
7554
7554
7554
7554
7554
7554
7554
7554
7554
6878
7682
7682
7682
8170
8170
8170
8170
8170
8170
8846
8846
8846
8846
8846
8846
8846
8846
8086
8086
8846
8846
8846
8846
8846
8846
8846
8086
8086
8086
8086
8086
8086
8846
8846
8846
8846
8846
8846
8846
8846
7974
7974
7974
7974
7974
7974
7974
8846
8846
8846
8846
7762
7762
7762
7762
7762
7762
7272
7272
7762
7762
7762
7762
7762
7762
7274
7274
7274
7274
7274
7274
7274
7274
7274
7274
7274
7274
7274
7274
7274
7274
7274
7274
7274
7496
7496
7496
7496
7496
7496
7496
7496
6692
6692
6692
6692
7496
7496
7496
7496
7496
7496
6736
7224
7224
6420
6420
6420
6420
6420
6420
6420
6420
6420
6420
6420
6420
6420
6420
6420
6420
6198
6198
6198
6420
6420
6420
6420
6420
6420
6420
6420
6420
6420
7224
6628
6628
6628
7224
7984
7984
7984
7984
7984
7984
7984
7984
7984
7984
7112
7112
7112
7112
7112
7208
7208
6986
6986
6986
6986
6986
6986
6986
6986
6986
6986
6986
6986
8070
8070
8070
8070
8070
8070
8070
8070
8070
8070
8070
8070
8070
8070
8070
7582
7582
7582
7582
7582
7582
8070
8070
8718
8718
8718
8718
8718
8718
8622
8622
8622
8622
8622
8622
8622
8622
8622
8622
8622
8622
8622
8026
7536
7048
7048
7920
7920
7920
7920
8408
8408
8408
8408
8408
8408
8408
7732
7732
8408
8408
8408
8408
7920
7920
7920
7920
7920
7920
7920
7920
7920
7920
7920
7920
7920
7920
6892
6892
6892
6892
6892
6892
6892
6892
6892
7382
7382
7382
7382
7382
7978
7978
7978
7978
7978
7978
7978
7978
7978
7978
7978
7978
7978
7978
7978
7978
7978
7978
7978
7978
7978
7978
7978
7978
7382
7382
7978
7218
7218
7218
7218
7218
7218
7218
7218
7218
7218
6622
6622
6622
5750
5750
5750
5750
6346
6346
6346
6346
6346
6346
6346
6346
7374
7374
6726
6726
6822
6822
6822
6822
6726
6726
6726
6726
6726
6236
6236
6236
6236
6236
6884
6884
6884
6884
7374
7374
7374
7374
7374
7374
7374
7374
7374
7374
7374
6726
6726
6726
6130
6130
6130
6130
6130
6130
6618
6618
6618
6618
6618
6618
6618
6618
6618
7214
7214
6726
6726
6726
6726
7214
7310
7310
7310
7214
7214
7974
7974
7974
8846
8846
8250
8250
8250
8898
8898
8898
8898
8898
8898
8898
8898
8898
9494
9494
9494
9494
9494
9494
9494
9494
9494
9494
9494
8898
8898
8898
8898
8898
8898
8222
8222
8222
8222
8222
8818
8818
8818
8818
8818
8818
8818
8818
8170
8170
8170
8170
8170
8170
8170
8170
8170
8170
8170
8170
8170
8170
8170
7410
7410
7410
7410
8170
8818
8818
8818
8818
8818
8818
8818
8818
8818
8818
8818
8818
8818
8818
8818
8330
8330
8330
8330
8330
7734
7734
7734
7734
7734
8410
8898
8898
8898
8898
8898
8898
8898
8898
8898
8898
8898
8898
8898
8898
8898
8898
8898
8898
8898
8898
8408
7920
7920
7920
7920
7920
7920
7920
7920
7920
8408
8898
8898
8898
8898
8898
8898
8898
8898
8898
8898
8104
8104
8104
8104
8104
8104
8104
8104
8104
8104
8104
8104
8104
8104
7616
7616
7616
8410
8410
8410
8410
8410
8410
8410
8410
7616
7616
8410
8410
7734
8222
8222
8222
8222
8222
8222
7734
7734
7734
7734
7734
7734
7244
7244
7244
7732
8050
8050
8050
8050
8050
8050
7732
7732
8408
8408
8408
8408
8408
8408
8408
8408
8408
7920
7920
7920
7920
7920
7920
7920
7920
7920
7920
7920
7920
7920
7920
7920
7920
7920
8408
8408
8408
8408
8408
8408
9004
9004
8200
8690
8690
8690
8202
8690
8690
9494
9494
9494
9494
9494
9494
9494
9494
9494
9494
9494
9494
9494
9494
9494
9494
9494
8622
8718
8718
8718
8718
8718
8230
8230
8230
8230
8230
8230
8230
8230
7470
7374
7374
7374
7374
7374
7374
7374
8246
9006
9006
9006
9006
9006
8134
8134
7458
7458
7458
6862
6862
6862
7734
7734
7734
7734
8222
8222
8222
8898
8898
8898
8898
8898
8898
8250
8250
8250
8250
8846
8846
8358
8358
8358
8358
8358
8358
8846
8846
8846
9494
8898
8898
8898
8898
8898
8898
8898
8898
8250
8250
8846
8846
8846
8846
8846
8846
8846
8846
8846
8846
8846
8356
8356
8846
8846
8846
8846
8846
8846
8846
8042
8042
8042
8042
8042
8690
8690
8690
8690
8690
8690
8690
8690
8690
8690
8690
8690
8690
8690
8690
8690
8690
8690
8690
8690
8690
9494
9494
9494
9494
9494
9494
8898
8898
8898
8898
8898
8898
8898
8898
8898
8898
8898
8898
8898
8898
8898
8898
8250
8250
8250
8250
8846
8846
8846
8846
8846
8846
8846
8042
8042
8042
8042
8042
8042
8042
8042
8042
8042
8042
8042
8042
8042
8042
8042
8042
8042
8042
8042
8042
8042
8042
8042
8042
8042
8042
8042
8042
8042
8042
8042
8042
8042
8042
8042
8042
8042
8846
8086
8086
8086
8086
8086
8086
8086
8086
8086
8086
8086
8086
8086
8086
8086
8086
8086
8086
8846
8846
8846
8846
8846
8846
8846
8846
8846
8846
8846
8846
8846
8846
9494
9494
9494
9494
9494
9494
9494
9494
9494
9494
9494
9494
9494
8818
8328
8328
8328
8328
8328
8328
9004
9004
9004
9004
9004
9004
9004
9004
9004
9004
9004
9004
9004
9004
9004
9004
9004
9004
9004
9004
9004
9004
9494
8898
8898
9494
9494
9494
9494
9494
9494
9494
9494
9494
9494
9494
9494
9494
9494
9494
9494
9494
9494
9494
9494
9494
9494
9494
9494
9494
9494
9494
9494
9006
9006
9006
9006
8134
8134
9006
9006
9006
9494
9494
9494
9494
9494
8690
8690
8690
8690
8690
8690
8690
8690
8690
8690
8690
8690
8690
8690
8690
8690
8690
8690
8690
8690
8690
8202
8202
8202
8690
8690
9494
9494
9494
9494
9494
9494
9494
9494
9494
9494
9494
9494
9494
9494
9494
9494
9494
9494
9494
9494
9494
9494
9494
9494
9494
9494
9494
9494
8818
8818
8818
8818
8818
8818
8818
8818
8818
8818
8818
8818
8818
8818
8818
8818
8818
8818
8818
8818
8818
8818
8818
8818
8818
8818
8818
8818
8818
8818
8818
8818
8818
8222
8222
8222
8222
8222
8818
8818
8818
8818
8818
8818
9494
9494
9494
9494
9004
9004
9004
9004
9004
9004
9004
9004
9004
9494
9494
9494
9494
9494
9494
9494
9494
9494
9494
9494
9494
9494
9494
9494
9494
9494
8690
8690
8690
8690
8690
8690
8690
8690
9494
9494
9494
9494
9494
8622
8622
8622
8622
8622
9494
9494
9494
9494
9494
9494
9006
9006
9006
9494
9494
9494
9494
9494
9494
9494
9494
9494
9494
9494
9494
9494
9494
9494
9494
9494
9494
9494
9494
9494
9494
9494
9494
9494
9494
9494
9494
9494
9494
9494
9494
9494
9494
9494
9494
9494
9494
9494
9494
9494
9494
9494
9494
9494
8898
8898
8898
8898
8898
8898
8898
8898
8898
8898
8898
8898
8898
8898
8898
8898
8898
8898
8898
8222
8222
7418
7418
7418
7418
7418
7418
7418
7418
8094
7606
7606
7606
8202
7526
7526
7526
7526
7748
7748
7748
7526
8330
8330
8330
9006
9006
9006
9006
9494
9494
9494
9494
9494
9494
9494
9494
9494
9494
9494
9494
9494
9494
8846
8846
8846
8846
8846
8846
8846
8846
8846
8846
8846
8846
8846
8250
8250
8250
8250
8250
8250
8250
8898
8898
8898
8898
8898
8408
8408
8408
8408
8408
8408
7920
7920
7920
7920
7920
7920
7920
7920
8408
8408
8408
8408
8898
8898
8898
8898
8898
9494
9494
9494
9494
9494
9494
8846
8358
7762
7762
7762
8358
8358
8358
8358
8358
8358
8358
8358
8358
8358
8358
8358
8358
8358
8358
7762
7762
7762
7762
7762
7762
7762
7762
7762
7762
8410
8410
8410
8410
8410
8410
8410
8410
8410
8410
8410
8410
8410
8410
8410
7538
7538
7538
7538
7538
7538
7538
7538
7538
7538
7538
8134
7458
7458
7458
7458
8330
7734
7734
7734
7734
7734
7734
7734
7734
7734
7734
7734
7734
7734
7734
7734
7734
7734
7244
7244
7244
7244
7244
7244
7244
7244
7244
7244
7244
7244
7840
7840
7840
7840
8158
8158
8158
8158
8158
8158
8158
8158
8158
8158
8158
8158
8158
8158
8158
8158
7840
7840
7840
7840
8328
9004
9004
9004
9004
9004
9004
9004
9004
9004
9004
9004
9004
9494
9494
9494
9494
9494
9494
9494
9494
9494
9494
9494
9494
9494
9494
9494
9494
9494
9494
9494
9494
9494
9494
9494
9494
9494
9494
9494
9494
9494
9494
9494
9494
9494
9494
9494
9494
9494
9494
9494
9006
9006
9006
9494
9494
9494
9494
9494
9494
9494
9494
9494
9494
9494
9494
9494
9494
9494
9494
9494
9494
9494
9494
9494
9494
9494
9494
9494
8846
8846
8846
8846
8846
8846
8846
8846
8358
8358
8358
8358
8846
8846
8846
8846
8846
8846
8846
8846
8846
8846
8846
8846
8846
8846
8356
8356
8356
8356
8356
7760
8250
8250
8250
8250
8250
8250
8250
8250
8250
8250
8250
8846
9494
9494
9494
9494
9494
9494
9494
9494
9494
9494
9494
9494
9494
9494
9494
9494
9494
9494
9494
9494
9494
9494
9494
9494
9494
9494
9494
9494
9494
9494
9494
9494
9494
9494
9494
9494
9494
9494
9494
9494
9494
9494
9494
9494
9494
9494
9494
9494
9494
9494
9494
9494
9494
8898
9494
9494
9494
9494
9494
9494
9494
9494
9494
9494
9494
9004
9004
8328
8328
8328
9004
9004
9004
9004
9004
9004
8200
8200
8200
8200
8200
8200
8200
8200
8200
8200
8200
8200
8200
8200
8200
8200
8200
8200
8200
8200
8200
8200
8200
8200
8200
8200
8200
8200
8200
8200
8200
8690
8690
8690
8690
8690
8690
8094
7606
7606
7606
7606
7606
7606
7606
7606
8094
8094
8094
8094
8094
8094
8094
8094
8690
8690
8690
8690
8690
8690
8690
8690
8690
8690
8202
8202
8202
8202
8202
8202
8202
8202
8202
8202
8202
8202
8202
8202
8202
8202
8202
9006
8330
8330
8330
8330
8330
8330
8330
8330
8330
8330
8330
8330
8330
8330
8330
8330
8330
7302
8330
8330
8330
8330
8330
8818
8818
8818
8818
8818
8818
8818
8818
8818
8330
8330
8330
8330
8330
8330
9006
9006
9006
9006
9494
9494
9494
9494
9494
9494
9494
8690
8690
8690
8690
8690
8690
8690
8690
8690
8690
8690
8690
8690
8690
8690
8690
9494
9494
9494
9494
9494
9494
8818
8818
8818
8818
8818
8818
8818
8818
9494
9494
9494
9494
9494
9494
9494
9494
9494
9494
9494
9494
9494
9494
9494
9494
9494
9494
9494
9494
9494
9494
9494
9494
9494
9494
9494
9494
9494
9006
9006
9006
9006
9006
9006
9006
9494
9494
9494
9494
9494
9494
9494
9494
9494
9494
9494
9494
8846
8846
8846
8846
8846
8846
8356
8356
8356
8356
8356
8356
8356
8356
8356
8356
8356
8356
8356
8356
8356
8356
8356
8356
8356
8356
8356
9004
9004
9004
9004
9004
9004
9004
9004
9004
9494
9494
9494
9494
9494
9494
9494
9494
9494
9494
9494
9494
9494
9494
9494
9494
9494
9494
9494
9494
8690
8690
8690
8690
8690
8690
8690
8690
8690
8690
8690
8690
8690
8690
8690
8690
8690
8690
8690
8690
8690
8690
8690
8690
8690
8202
8202
8202
8202
8202
8202
8202
8202
8202
8202
9006
9006
9006
9006
9006
9006
9006
9006
9006
9006
9006
9006
9006
9006
9006
9006
9006
9006
8330
8330
8330
8330
8330
9006
9006
9006
9006
9006
9006
9006
9006
9006
9006
9006
9006
9006
9006
9006
9006
9006
9006
9006
9006
9006
9006
9006
9006
9006
9006
9006
9006
9006
8212
8212
8212
8212
8212
8212
8212
8212
8212
8212
8212
8212
8212
8212
8212
9006
9006
9006
9006
9494
9494
9494
9494
9494
9494
9494
9006
9494
9494
9494
9494
9494
9494
9494
8898
8898
8898
8898
8898
8898
8898
8898
8898
8898
8898
8898
8898
9494
9494
9494
9494
9494
8818
9494
9494
9494
9494
9494
9494
9494
9494
9494
9494
9494
9494
9494
9494
9494
9494
9494
9494
9494
9494
9494
9494
9494
9494
9494
9494
9494
9494
9494
9494
9494
9494
9494
9494
9494
9494
9494
9494
8846
8358
8358
8358
8358
8358
8358
8358
8358
8358
8358
8358
8358
8358
8358
7868
7868
7868
8358
8358
8358
9006
9006
9006
9006
8516
8516
8516
8516
8516
8516
8516
8516
8516
8516
8516
8516
8516
8516
8516
8516
9006
9006
9006
9006
9006
9006
9006
8410
8410
8410
8410
8410
8410
8410
8410
8410
8410
8410
8410
8410
8410
8410
8410
8410
8410
8410
8410
8410
8410
8410
8410
8410
8410
8410
8410
8410
8410
8410
8410
8410
8410
8898
8898
8898
8898
8898
8898
8898
8898
8026
8622
8622
8134
8134
8134
8134
8134
8134
8622
8622
8622
8622
8622
8622
8622
8132
8132
8132
8132
8132
8132
8132
8228
8228
8228
8228
8132
8132
8132
8132
9004
9004
9004
9004
8516
8516
8516
9006
9006
9006
9494
9494
9494
9494
9494
9494
9494
9494
9494
9494
9494
9494
9494
9494
9494
9494
9494
9494
9006
9006
9006
9006
9006
9006
9006
9006
9006
9006
9006
9006
9006
9006
9494
9494
9494
9494
9006
9006
9006
9006
9006
8410
8898
8898
9494
9494
8846
8846
8846
8846
8846
8846
8846
8846
8846
8846
8846
8846
8846
8846
8846
8846
8846
8846
8846
8846
8846
8086
8086
8086
8086
8086
8086
8086
8086
8086
8086
8086
8086
8086
8086
8846
8846
8356
8356
9004
9004
9004
9004
9004
9004
9004
9004
9004
9494
9494
9494
9494
9494
9494
9494
9494
9494
9494
9494
9494
9494
9004
9004
9004
9494
9494
8898
8898
8898
8898
8898
8898
8898
8408
8408
8408
8408
8408
8408
8408
8408
7760
7760
7760
7760
7760
7760
7760
7760
7760
7760
7760
7760
7760
8408
8408
8408
8408
8408
8408
8408
8408
8408
8408
8408
8408
8408
8408
8408
8408
8408
8408
8408
8408
8408
8408
8408
8408
8408
8408
8408
8408
8408
8408
8408
8408
8408
8408
8408
8408
8408
8408
8408
8408
8408
8408
8408
8408
8408
8408
8408
8408
8408
9004
9494
9494
9494
9494
9494
9494
9494
9494
9494
9494
9494
9494
9494
9494
8898
8898
9494
9494
9494
9494
9494
9494
9494
9494
9494
9494
9494
9494
9494
9494
9494
9494
9494
9494
9494
9494
9494
9494
9494
9494
9494
9494
9494
9494
9494
9494
9494
9494
9494
9494
9494
9494
9494
9494
9494
9494
9494
9494
9494
9494
9494
9494
9494
9494
9494
9494
9494
9494
9494
9494
9494
9494
9494
9494
9494
9494
9494
9494
9494
9494
9494
9494
9494
9494
8898
8898
8898
8898
9494
9494
9494
9494
9494
9494
9494
9494
9494
9494
9494
9494
9494
9494
9494
9004
9004
9004
9004
9494
8898
8898
8898
8898
8898
8898
8898
8898
8898
8898
8898
8898
8898
8898
8898
8898
8410
8410
8898
8898
8898
8898
9494
9494
9494
9494
9494
9494
9494
9494
9494
9494
9494
9494
9494
9494
9494
9494
9494
9494
9494
9494
8898
8898
8898
8898
8898
8898
8898
8898
8094
8094
8094
8094
8094
8094
8094
8094
8094
8094
8094
8094
8094
8690
8690
8690
8094
8094
8094
8094
8094
8094
8094
8094
8094
8094
8094
8094
8094
8094
8094
8690
8690
8690
8690
8690
8690
8690
8690
8690
8690
8690
8690
9494
9494
9494
9494
9494
9494
9494
9494
9494
9494
9494
9494
9494
8898
8898
8898
8898
8898
8898
8898
8898
8898
8898
8898
8898
8898
8898
8898
8898
9494
9494
9494
9494
9494
9494
9494
9494
9494
9494
9494
9494
9494
9494
9494
9494
9494
9494
9494
9004
9494
9494
9494
9494
8818
8818
8330
7840
8330
8330
8330
8330
8330
8330
8330
8330
8330
8330
8330
8330
8330
8330
9006
9006
9006
9006
9006
9006
9006
9006
9006
9494
9494
9494
9494
9494
9494
9494
9494
9494
9494
9494
9494
9494
9006
9006
9006
9006
9006
9006
9006
9006
9006
9006
9006
9006
9006
9006
9006
9006
9006
9006
9006
9006
9006
9006
9006
9006
9006
9006
9006
8410
8410
8410
8410
8410
8410
8410
8410
8410
8410
8410
8410
8410
8410
8410
8410
8410
8410
8410
8410
8410
8410
8410
8410
8410
9006
9006
9006
9006
9006
9006
9494
9494
9494
9494
9494
9494
9494
9494
9494
9494
9494
9494
9494
9494
9494
9494
9494
9494
9494
9494
9494
9494
9494
9494
9494
8818
8818
8330
8330
8330
9006
9006
9006
9006
9006
9006
9006
9006
9006
9006
9006
9006
9006
9006
9006
9006
9006
9006
9006
9006
9006
9006
9006
9006
9006
9006
9006
9006
9006
9006
9006
9006
9006
9006
9006
8410
8410
8410
8410
8410
8410
8898
8222
8818
8818
8818
8818
8222
8222
8222
8222
7574
7574
7574
7574
8222
8222
8222
8222
8222
8222
8222
8222
8222
8222
8222
8222
8222
8222
8222
8222
7574
7574
7574
8170
8170
8170
8170
8846
8846
8846
9494
9494
9494
9494
9494
9494
9494
9494
9494
9494
9006
9006
9006
9006
9494
9494
9494
9494
9494
9494
9494
9494
9494
9494
9494
9494
9494
9494
9494
9494
9494
9494
9494
9494
9494
9494
9494
9494
9494
9494
9494
9494
9494
9494
9494
9494
9494
9494
9494
9494
9494
9494
9494
9494
9494
9004
9004
9004
9004
9004
9004
9004
9004
9004
9004
9004
9004
9004
8408
9004
9004
9004
9004
9004
9004
9004
9004
9004
9004
9004
9004
8356
8356
8846
8846
8846
8042
8042
8042
8042
8042
8042
8042
8690
8690
9494
9494
9494
9494
9006
9006
9006
8358
8358
8358
8358
8358
8358
8358
8358
8358
8358
8358
8358
8358
8358
8358
8358
8358
8358
8358
9006
9006
9006
9006
9006
9006
9006
9006
9006
9006
9006
9006
9006
9006
9006
9006
9006
9006
9006
9006
9006
9006
9006
9006
9006
9006
9006
9494
9494
8690
8690
8690
8690
9494
9494
9494
9494
9494
9494
9494
9494
9494
9494
9494
9494
9494
9494
9494
9494
9494
9494
9494
9494
9494
9494
9494
9494
9494
9494
9494
9494
9494
9494
9494
9494
9494
9494
9494
9494
9494
9494
9494
9494
9494
9494
9494
9494
9004
9004
9004
9004
9004
9004
9004
9004
9004
9004
9004
9494
9494
9494
9494
9004
9004
9004
9004
9004
9004
9004
9004
9004
9004
9004
9004
9004
9004
9004
9004
9004
9004
9004
9004
8200
8200
8690
8690
8690
8690
8690
8690
8690
8690
8690
8690
8202
8202
8202
8202
8202
8202
8202
8202
8202
8202
8202
8202
8202
8202
8202
8202
8202
8202
8202
8202
8202
8202
8202
8202
8202
8202
8202
8202
8202
8202
8202
8202
8202
8202
8690
8690
8690
8690
8690
8690
8690
8690
8690
8690
8690
8690
8690
8690
8690
8690
8690
8690
8690
8690
8690
8690
8690
8690
8690
8690
8690
8690
8690
8690
8690
8690
8690
8690
8690
8690
8690
8690
8690
8690
8690
8690
8690
8690
8690
8690
8202
8202
8202
8202
8202
8202
8202
8202
8202
8202
8202
8202
8202
8202
8202
8202
8202
8202
8202
8202
8202
8202
8202
8202
8202
8202
8202
9006
9006
9006
9006
9006
9006
9006
9006
9006
9006
9006
9006
9494
9494
9494
9494
9494
9494
9494
9494
9494
9494
9494
9494
9494
9494
9494
9494
9494
9494
9494
9494
9006
9006
9006
9494
8846
8846
8846
8846
8846
8846
8846
8846
8846
8846
8846
8846
8846
8846
8846
8846
8846
8846
8846
8846
8846
8846
8846
8846
8846
8846
8846
8846
8846
8846
8846
8846
8846
8846
9494
9494
9494
9494
9494
9494
9494
9494
9494
9494
9494
9494
9494
9494
9494
9494
9494
9494
9494
9494
9494
9494
9494
9494
9494
9494
9494
9494
9494
9494
9494
9494
9494
9494
9494
9494
9494
9494
9494
9494
9494
9494
9494
9494
9494
9494
9494
9494
9494
9494
9494
9494
9494
9494
9494
9494
9494
9494
9494
9494
9494
9494
9494
9494
9494
9494
9494
9494
9494
9494
9494
9494
9494
9494
9494
9494
9494
9494
9494
9494
9006
9006
9006
9006
9006
9006
9006
9006
9006
9006
9006
9006
9006
9006
9006
9006
9006
9006
9006
9006
9006
9006
9006
9006
9006
9494
9494
9494
9494
9494
9494
9494
9494
9494
8622
8622
8622
8622
8622
8622
8718
8718
8718
8718
8718
8718
8718
8718
8622
8622
8622
8622
8622
9494
9494
9494
9494
9494
9494
9494
9494
9494
9494
9494
9494
9494
9494
9494
9494
9494
9494
9494
9494
9494
9494
9494
9494
9494
9494
9494
9494
9494
9494
9494
9494
9494
9494
9494
9494
9494
9494
8818
8818
8818
8818
8818
8328
8818
8818
8818
8818
8818
8818
8818
8818
8818
8818
8330
8330
8330
8330
8330
8330
8330
8330
8330
8330
8330
8330
9006
9006
9006
9006
9006
9006
9006
9494
9494
9494
9494
9494
9494
9494
9494
9494
9494
9494
9494
9494
9494
9494
9494
9494
9494
9494
9006
9006
9006
9006
9006
9006
9006
9006
9006
9006
9006
9006
9006
9494
9494
9494
9494
9494
9494
9494
9494
9494
9494
9494
9494
9494
9494
9494
9494
9494
9494
9494
9494
9494
9494
9494
9494
9494
9494
9494
9494
9494
9494
9494
9494
9494
9494
9494
9494
9494
9494
9494
9494
9494
9494
9494
9494
9494
9494
9494
9494
9494
9494
9494
9494
9494
9494
9494
9494
9494
9494
9494
9494
9494
9494
9494
9494
9494
9494
9494
9494
9494
8690
8690
8690
8690
8690
8690
8690
8690
8690
8690
8690
8690
8690
8690
9494
9494
9494
9494
9494
9494
9494
9494
9494
9494
9494
9494
9494
9494
9494
9494
9494
9494
9494
9494
9494
9494
9494
9494
9494
9494
9494
9494
9494
9494
9494
9494
9494
9494
9494
9494
9494
9494
9494
9494
9494
9494
9494
9494
9494
9494
9494
9494
9494
9494
9494
9494
9494
9494
9494
9494
9494
9494
9494
9494
9494
9494
9494
9494
9494
9494
9494
9494
8818
8818
8818
8818
8818
8818
9494
9494
9494
9494
9494
9494
9494
9494
9494
9494
9494
9494
9494
9494
8898
8898
8898
8898
8898
8898
8898
8898
8898
8898
8898
8898
8898
8898
8898
8898
8898
8898
8898
8898
8898
8898
8898
8898
8898
8898
8898
8898
8898
8898
8898
8898
8898
8898
8898
9494
9004
9004
9004
9004
9004
9004
9004
9004
9494
9494
9494
9494
9494
9494
9494
9494
9494
9494
9494
9494
9494
9494
9494
9494
9494
9494
9494
9494
9494
9494
9494
9494
9494
9494
9494
9494
9494
9494
9494
9494
9494
9494
9494
9494
9494
9494
9494
9494
9494
9494
9494
9494
9494
9494
9494
9494
9494
9494
9494
9494
9494
9494
9494
9494
9494
9494
9494
9494
9494
9494
9494
9494
9494
9494
9494
9494
9494
9494
9494
9494
9494
9494
9494
9494
9494
9494
9494
9494
9494
9494
9494
9494
9494
9494
9494
9494
9494
9494
9494
9494
9494
9494
9494
9494
9494
9494
9494
9494
9494
9494
9494
9494
9494
9494
9494
9494
9494
9494
9494
9494
9494
9494
9494
9494
9494
9494
9494
9494
9494
9494
9494
9494
9494
9494
9494
9494
9494
9494
9494
9494
9494
9494
9494
9494
9494
9494
9494
9494
9494
9494
9494
9494
9494
9494
9494
9494
9494
9494
9494
9494
9494
9494
9494
9004
9004
9004
9004
9004
9004
9004
9004
9004
9004
9004
9004
9004
9004
9004
9004
9004
9004
9004
8516
9004
9004
9004
9004
9004
9004
9004
9004
9004
9004
9004
9004
9004
9004
9004
9004
9004
9004
9004
9004
9004
9004
9004
9004
9004
9004
9004
9004
9004
9004
9004
9004
9004
9004
9004
9004
9004
9004
9004
9004
9004
9004
9004
9004
9004
9004
9004
9004
9004
9004
9004
9494
9494
8846
8846
8846
8846
9494
9494
9494
9494
9494
9494
9494
9494
9494
9494
9494
9494
9494
9494
9494
9494
9494
9494
9494
9494
9494
9494
9494
9494
9494
9494
9494
9494
9494
9494
9494
9494
9494
9494
9494
9494
9494
9494
9494
9494
9494
9494
9494
9494
9494
9494
9494
9494
9494
9494
9494
9004
9004
9004
9004
9004
9004
9004
9004
9004
9004
9004
9004
9004
8328
8328
8328
8646
8646
8646
8646
8646
8646
8646
8646
8646
8646
8646
8646
8646
8646
8646
8646
8646
8646
8646
8646
8646
8646
8646
8646
8646
8646
8646
8646
8646
8646
8646
8646
8646
8646
8646
8646
8158
8158
8158
8158
8158
8158
8158
8158
7562
7562
7562
7562
7562
7562
7562
7562
7562
7562
7562
7562
7562
7562
7562
7562
7562
7562
7562
7562
7562
7562
7562
7562
7562
7562
8050
8050
8050
8050
8050
8050
8050
8050
8050
8050
8050
8050
8050
8050
8050
8050
8050
8050
8646
8646
8646
8646
8646
8646
8646
8646
8646
8646
8646
8646
8646
8646
8646
8646
8646
8646
8646
8646
8646
8646
8646
8646
8646
8646
8646
8646
8646
8646
8646
8646
8646
8646
8646
8646
8646
8646
8646
8646
8646
8646
8646
8646
8646
8646
8646
8646
8646
8646
8646
8646
8646
8646
8646
8646
8646
8646
8646
8646
8646
8646
8646
8646
8646
8646
8646
8646
8646
8646
8646
8646
8646
8646
8646
8646
8646
8646
8646
8646
8646
8646
8646
8646
8646
8646
8646
8646
8646
8646
8646
8646
8646
8646
8646
8646
8646
8646
8646
8646
8646
8646
8646
8646
8646
8646
8646
8646
8646
8646
8646
8646
8646
8646
8646
8646
8646
8646
8646
8646
8646
8646
8646
8646
8646
8646
8646
8646
8646
8646
8646
8646
8646
8646
8646
8646
8646
8646
8646
8646
8646
8646
8646
8646
8646
8646
8646
8646
8646
8646
8646
8646
8646
8646
8646
8646
8646
8646
8646
8646
8646
8646
8646
8646
8646
8646
8646
8646
8646
8646
8646
8646
8646
8646
8646
8646
8646
8646
8646
8646
8646
8646
8646
8646
8646
8646
8646
8646
8646
8646
8646
8646
8646
8646
8646
8646
8646
8646
8646
8646
8646
8646
8646
8646
8646
8646
8646
8646
8646
8646
8646
8646
8646
8646
8646
8646
8646
8646
8646
8646
8646
8646
8646
8646
8646
8646
8328
8328
8328
8328
8328
9004
9004
9004
9004
9004
9004
9494
9494
9494
9494
9494
9494
9494
9494
9494
9494
9494
9494
9494
9494
9494
9494
9494
9494
9494
9494
9494
9494
9494
9494
9494
9494
9494
9494
9494
9494
9494
9494
9494
8818
8818
8818
8818
8818
8818
8818
8818
8818
8818
8818
8818
8818
8818
8818
8818
8818
8818
8818
8818
8818
8818
8818
8818
8818
8818
8818
8818
8818
8818
8818
8818
8818
8818
8818
8818
8818
8818
8818
8818
8818
8818
8818
8818
8818
8818
8818
8818
8818
8818
8818
8818
8818
8818
8818
8818
8818
8818
8818
9494
9494
9494
9494
9494
9494
9494
9494
9494
9494
9494
9494
9494
9494
9494
9494
9494
9494
9494
9494
9494
9494
9494
9494
9494
9494
9494
9494
9494
9494
9494
9494
9494
9494
9494
9494
9494
9494
9494
9494
9494
9494
9494
9494
9494
9494
9494
9494
9494
9494
9494
9494
9494
9494
9494
9494
9494
9494
9494
9494
9494
9494
9494
9494
9494
9494
9494
9494
9494
9494
9494
9494
9494
9494
9494
9494
9494
9494
9494
8898
8898
8898
8898
8898
8898
8898
8898
8898
8898
8898
8898
8898
8898
8898
8898
8898
8898
8898
8898
8898
8898
8898
8898
8898
8898
8898
8898
8898
9494
9494
9494
9494
9494
9494
9494
9494
9494
9004
9004
9004
9004
9494
9494
9494
9494
9494
9494
9494
9494
9494
9494
9494
9494
9494
9494
9494
9494
9494
9494
9494
9494
9494
9494
9494
9494
9494
9494
9494
9494
9494
9494
9494
9494
9494
9494
9494
9494
9494
9494
9494
9494
9494
9494
9494
9494
9494
9494
9494
9494
9494
9494
9494
9494
9494
9494
9494
9494
9494
9494
9494
9494
9494
9494
9494
9494
9494
9494
9494
9494
9494
9494
9494
9494
9494
9494
9494
9494
9494
9494
9494
9494
9494
9494
9494
9494
9494
9494
9494
9494
9494
9494
9494
9494
9494
9494
9494
9494
9494
9494
9494
9494
9494
9494
9494
9494
9494
9494
9494
9494
9494
9494
9494
9494
9494
9494
9494
9494
9494
9494
9494
9494
9494
9494
9494
9494
9494
9494
9494
9494
9494
9494
9494
9494
9494
9494
9494
9494
9494
9494
9494
9494
9494
9494
9494
9494
9494
9494
9494
9494
9494
9494
8690
8690
8690
8690
8690
9494
9494
9494
9494
9494
9494
9494
9494
9494
9494
9494
9494
9494
9494
9494
9494
9494
9494
9494
9494
9494
9494
9494
9494
9494
9494
9494
9494
9494
9494
9494
9494
9494
9494
9494
9494
9494
9494
9494
9494
9494
9494
9494
9494
9494
9494
9494
9494
9494
9494
9494
9494
9494
9494
9494
9494
9494
9494
9494
9494
9494
9494
9494
9494
9494
9494
9494
9494
9494
9494
9494
9494
9494
9494
9494
9494
9494
9494
9494
9494
9494
9494
9494
9494
9494
9494
9494
9494
9494
9494
9494
9494
9494
9494
9494
9494
9494
9494
9494
9494
9494
9494
9494
9494
9494
9494
9494
9494
9494
9494
9494
9494
9494
9494
9494
9494
9494
9494
9494
9494
9494
9494
9494
9494
9494
9494
9494
9494
9494
9494
9494
9494
9494
9494
9494
9494
9494
9494
9494
9494
9494
9494
9494
9494
9494
9494
9494
9494
9494
9494
9494
9494
9494
9494
9494
9494
9494
9494
9494
9494
9494
9494
9494
9494
9494
9494
9494
9494
9494
9494
9494
9494
9494
9494
9494
9494
9494
9494
9494
9494
9494
9494
9494
9494
9494
9494
9494
9494
9494
9494
9494
9494
9494
9494
9494
9494
9494
9494
9494
9494
9494
9494
9494
9494
9494
9494
9494
9494
9494
9494
9494
9494
9494
9494
9494
9494
9494
9494
9494
9494
9494
9494
9494
9494
9494
9494
9494
9494
9494
9494
9494
9494
9494
9494
9494
9494
9494
9494
9494
9494
9494
9494
9494
9494
9494
9494
9494
9494
9494
9494
9494
9494
9494
9494
9494
9494
9494
9494
9494
9494
9494
9494
9494
9494
9494
9494
9494
9494
9494
9494
9494
9494
9494
9494
9494
9494
9494
9494
9494
9494
9494
9494
9494
9494
9494
9494
9494
9494
9494
9494
9494
9494
9494
9494
9494
9494
9494
9494
9494
9494
9494
9494
9494
9494
9494
9494
9494
9494
9494
9494
9494
9494
9494
9494
9494
9494
9494
9494
9494
9494
9494
9494
9494
9494
9494
9494
9494
9494
9494
9494
