3965
3992
3612
3950
3950
3950
4248
3734
3735
3735
3740
3343
3342
3501
3881
4278
3980
3980
4091
4336
4336
4384
4357
4384
4384
4385
4274
4030
4030
3633
3633
3231
3633
3744
3202
3202
3202
3201
3598
3439
3042
3042
3042
3201
2956
3498
4012
3610
3272
3267
2753
2726
3128
3525
3123
3421
2985
2986
3013
3258
3259
3264
3105
2781
3119
3071
3315
3639
3687
3660
3336
3331
3087
3086
3091
3250
3139
2742
2853
2854
2609
2608
1981
1822
1817
1817
2219
2616
3243
2863
2466
2467
2981
2981
2643
2544
2496
2496
2893
2892
2919
2808
3132
3132
3132
2834
2834
2510
2621
2621
2720
2318
2318
2656
3036
2937
2938
3037
3085
3383
3272
3272
3516
3515
3118
3229
3234
3235
3124
3526
3526
3124
3124
3369
3369
3031
3142
3539
3241
3130
3130
3241
3241
3539
3428
3380
2838
2949
2949
2552
2988
2552
3094
3253
2626
2625
3027
2729
2702
2160
2001
2339
2663
3099
3147
3148
2768
3066
2728
2728
3355
2919
2871
3413
3169
3164
3212
3164
2537
2934
2392
2391
2391
2392
2293
2320
2862
2835
2883
2486
2375
2051
2389
1847
1847
1847
1602
2038
2038
2283
2663
2662
2906
2933
2933
2933
2938
3049
3048
3207
2869
2869
2710
2711
2275
1873
1873
2197
2197
2198
1684
1683
1385
1899
2296
2455
2454
2449
3076
3414
3255
3691
3691
4093
3769
3721
3477
4019
3639
3963
3963
4207
3771
4069
3667
3715
3720
3672
3673
3674
3674
3722
3821
3279
3168
3168
2830
3232
3612
3950
3945
3897
4056
4056
4056
4598
4201
3687
3686
3686
4122
4122
3824
4221
4222
4063
3683
3141
2896
3055
3300
3300
3141
3042
3042
3141
3141
3141
2817
2190
2817
2822
3146
3146
3688
3661
3264
3264
3661
3337
3635
3634
3634
3629
3629
4143
4170
3628
3601
3602
3761
3872
3628
3628
3383
3224
3229
3224
3469
3517
3897
3786
3785
3785
3812
3923
4465
4354
4354
3957
3957
3712
3664
3037
2938
3183
3184
3184
2670
2914
3073
2531
3073
3172
3496
3501
3501
3612
3611
4125
4522
4423
4026
4025
3866
3867
4026
4027
3868
3623
3782
3782
3755
3417
3814
4152
3750
3777
3479
3527
3013
2689
2684
3008
3008
3008
2684
2929
3556
3556
3312
2685
2637
2935
2690
3014
3113
2954
3581
3470
3984
3984
3357
3357
3258
3660
3660
3819
4064
3522
3495
4037
3878
3580
3580
3580
3579
3584
3683
3303
3330
2992
2987
2986
2987
3285
3285
3040
3040
3041
3089
3089
3248
3089
2575
2734
2686
2685
2684
2689
2689
2690
2690
3317
3318
3656
3651
3651
3651
4165
4164
4544
4544
4655
4141
4142
3762
4007
4007
3683
3656
4036
4036
3656
4170
4071
4451
4153
4153
3717
4153
3994
3367
2970
3294
3453
3501
2959
2911
2911
2911
2509
2508
2535
2424
2668
2509
2807
2855
2828
2828
2448
2453
2454
1940
1935
2332
2359
2358
2872
2872
2873
2549
2951
2951
2950
3049
3022
3022
3021
2683
2684
2711
2612
3154
2640
2978
2930
3444
3449
3560
3559
3157
3157
3256
3580
3580
3242
3644
3982
3982
3982
3883
3638
3633
3335
2933
3313
3313
3318
3318
3720
4347
4348
4447
4011
4170
4170
4171
4469
4067
4066
4066
4061
3547
4061
4463
4125
4130
4130
4103
4441
4103
4098
3999
4098
4098
3987
3585
3633
3236
3236
3672
3292
3537
3939
4336
3822
4202
4202
4207
4048
4048
4159
3757
4159
4673
4159
3779
3780
4160
3836
3737
3335
3334
3286
2659
2758
3082
3130
3031
3130
3031
3031
3031
2595
2594
2296
2455
2482
2482
2238
2127
2465
2438
2438
2682
2781
3217
3217
3212
3726
3726
3290
3291
3291
3292
3292
3292
2895
2796
2416
1874
1536
1212
1212
1614
2050
2055
2353
2108
1949
1949
2346
2346
2457
2795
3119
3746
3745
3745
3407
3652
3652
3811
4191
4143
4481
4481
4079
4078
3698
3746
3746
3501
3257
3356
3245
3356
3600
3601
3277
3819
3771
3612
3660
3660
3660
4040
4364
4265
3941
3941
4100
3802
3643
3967
3968
3968
4370
3990
3990
3985
4283
4288
3964
3964
3916
3915
4239
4240
3996
3996
3599
3844
3843
3842
3941
3314
3694
3694
3258
3258
3417
3418
3173
3173
3417
3037
3037
3473
3473
3071
2747
2748
2747
2992
2991
2992
2833
3230
2716
3118
3118
3745
3745
3793
3548
3548
3575
3575
3464
3978
3979
3437
3139
3139
3139
3384
3682
3634
3629
3629
3677
3682
4006
3609
3561
3560
3461
3137
3185
3184
3343
3343
2716
2827
2800
2556
2936
2888
2889
2375
2375
2375
2374
2771
3313
3412
3010
2712
3226
3226
3253
3497
3497
3492
3492
3540
3942
3697
3942
3783
3735
3735
3736
3194
3194
3492
3816
3821
3822
3711
3612
3367
3029
3024
3029
3029
3029
3029
3029
3024
3024
3024
2622
2622
2721
2423
2324
2324
2951
2571
2544
2549
2152
2151
2449
2476
2475
2634
2634
2635
2337
2879
2874
2985
2986
3388
3229
3388
3785
3785
3388
3768
3768
3657
3662
4059
3517
3762
3762
3326
3082
2455
2554
2798
2797
2770
2770
2818
2845
2331
2332
2443
3070
3408
3408
3408
3407
3408
3403
3304
3740
3740
3739
3739
3303
3144
2517
2676
3218
2676
2681
2654
2753
2748
2649
3276
3277
3277
2939
2542
2547
2542
2542
2542
2218
2516
2516
2516
2357
1730
2127
2669
3296
3810
3413
3412
3412
3364
3702
3457
3854
4290
4317
4317
4317
4317
4317
3915
3963
3964
3964
4123
4075
4477
4097
3661
3660
3501
3501
3549
3035
3415
3415
3420
3665
3665
3638
3797
3499
3526
3527
3522
3522
3522
3522
3958
4282
4255
4096
3985
3741
3741
3740
3692
3692
3697
3745
3745
3745
3697
3995
3995
4094
4094
4094
4094
4338
4333
4338
4497
4492
4519
4519
4139
4139
4139
3742
3742
4139
4139
3841
3682
4196
4196
4195
4195
4575
4251
4549
3922
3922
4246
4294
4295
4294
4921
4677
4677
4353
3973
3576
3576
3576
3735
4132
4133
4457
4462
4217
4118
4498
4174
4126
3612
3607
3931
3551
3154
3253
3253
3253
3253
3650
3352
3650
4030
4031
3634
3633
3606
3606
4003
4051
4051
4162
4167
4068
4068
4068
4067
4019
4019
4020
3682
4020
4020
3618
3717
3712
3276
3678
3679
4115
3777
3776
3396
3734
3761
4275
4164
4275
3878
3878
3851
3852
3416
3416
3257
2933
2635
3071
3369
3374
3374
3374
3422
3421
3421
3416
3575
3061
3060
3065
3017
3018
3017
3414
3414
3414
3303
3627
3528
3528
4042
4042
4043
4142
4137
4136
4136
4141
4141
3739
3197
3198
3600
3601
3600
3441
3489
3490
3490
3391
3343
3442
3441
3600
3600
3302
3844
4089
4088
4083
3984
3985
4084
4464
4575
4602
4846
4444
4445
4450
4449
4069
4069
4069
4064
4064
4064
4444
4120
4444
4417
4417
4079
3968
3967
3643
3263
3665
3665
3670
3994
4292
4630
4228
4630
4228
4228
4228
4223
3826
4206
4206
3908
3908
3908
3908
3908
3909
3909
3909
3908
4310
4337
4338
4735
5033
4934
4934
5045
4747
4345
4100
4100
4073
4072
4120
4120
3684
3929
4028
3648
3549
3549
3847
3220
3319
3346
3346
3351
3346
3782
4409
4410
4411
4384
4384
4786
4786
4448
4448
4448
4012
4012
4017
3918
4298
3896
3895
3895
3784
3883
3835
3293
2913
2912
3023
3071
3473
3076
3456
3892
3892
3844
3600
3198
3198
3246
2948
3345
3887
3887
4131
4469
4469
3955
3955
3955
3575
3955
4469
4089
3751
3751
3507
3845
4247
4627
4628
4628
4628
4580
4607
4171
3926
4362
4363
4363
4362
4362
4024
4322
4322
4566
4811
4652
4138
4652
4652
4110
4269
3867
3768
3371
3768
3524
3413
3751
3315
3414
3017
2719
2719
2714
2715
3013
3012
2913
3310
3554
4096
4101
4101
3721
3694
3694
3450
3451
3499
3526
3521
3526
3526
2899
2899
2740
2735
3362
2820
2819
2521
2522
2958
3500
2958
2963
2963
2963
3365
3338
3437
3437
3437
3436
3436
3547
3150
3547
3547
3547
3547
3706
3706
3705
4247
4242
4243
3998
3998
3997
3600
3601
3998
3950
3950
4248
4248
4248
4248
4248
4248
4275
4519
4492
4737
4737
4742
4742
4742
4743
4644
4130
4019
3721
3820
4200
3955
3982
3658
3706
3817
3573
3474
3798
3171
3170
2628
3170
3165
2827
2826
2827
2827
3071
3071
3070
3368
3368
3369
3258
3231
3231
3230
3071
3071
2773
2800
3098
3099
3437
3682
3682
3384
3004
2568
2573
2871
2982
3141
3141
3240
3235
3615
4051
4050
3951
3951
4578
4583
4535
5049
5022
5022
5023
5022
5023
5023
4864
4864
4864
4864
4865
4864
4467
4468
4516
4271
4270
4270
4270
4270
4369
4364
4365
4364
4391
4391
4067
4067
4068
4067
4067
4312
4067
4040
4285
4290
4290
3663
3261
3420
3040
3035
3662
3120
2961
3285
3237
3237
3237
3639
3639
3639
3798
3797
4339
4344
4344
3830
3830
3830
3825
3501
3501
3825
3873
3437
3438
3437
3464
3126
3126
2967
3403
3403
3355
3869
3869
3355
3355
3355
3356
3329
3329
3843
3843
3843
3744
3420
2906
3005
3006
3006
3011
3335
3335
3335
3335
2793
2694
2694
3208
3235
3235
3235
3334
3334
3010
3010
3010
3334
3333
3334
3334
3333
3333
3333
3328
3329
3329
3329
3726
3774
3260
2858
2857
2858
2747
2746
3260
3371
3047
3048
3021
2910
2937
3048
3048
3021
2973
2537
2536
2563
2965
2568
2469
2470
2850
2850
2898
2787
3125
2880
2880
2880
2880
2832
2832
2832
2831
2831
3076
3473
3473
3474
3094
3205
3178
3720
3720
3725
4049
4049
4208
4256
4256
4256
3958
3958
4394
4394
3880
3880
3478
3477
3477
3857
3858
3747
3774
3873
3846
3304
3145
3046
2998
3400
3400
2964
2964
2991
3427
3586
3586
3586
3341
3341
3341
3452
3016
2989
2988
3286
3286
3285
3285
3285
3827
3827
3827
3827
3828
4264
3940
3781
3780
4025
3780
4025
4349
4508
4509
4265
4292
4292
4292
4292
4292
4806
4801
4801
4806
4779
4779
4534
4778
4778
4773
4800
4800
4800
4689
4788
4788
4689
4689
4351
4356
4694
4793
4396
4396
4058
4106
4007
4008
3849
3960
3960
3912
3912
4071
4468
4088
3652
3897
3897
3897
3870
4306
4008
4008
4388
4229
4229
3827
3826
4164
4164
4164
4164
4212
4164
4164
4163
4164
4165
3785
4165
4165
4164
4462
4462
4065
4060
4061
3547
3706
3805
3507
3805
3467
3308
3308
3822
3827
3728
3727
3429
3318
3313
3313
3361
3388
3487
3487
3487
3487
3388
3547
3547
3005
3104
3077
2833
3375
3673
3678
3678
3678
3678
3705
4107
4107
4107
3783
3783
4027
3868
3868
3868
4027
4424
4748
4649
4649
4622
4622
4377
4476
4476
4476
4471
4227
3903
3903
3903
3903
4227
4227
4254
4259
4259
4258
4210
4454
4454
4454
4454
4502
4403
3889
3645
3645
3744
3744
4082
4082
4083
3984
3660
3904
4003
4327
4322
4321
4322
4567
4408
4408
4408
4567
4567
4567
4567
4567
4567
5081
5054
5054
4657
4412
4253
4258
4258
4285
3947
3947
4106
4106
4106
4444
3930
3930
3925
3926
3767
3767
3767
3767
4012
4409
4071
4071
4071
4076
4075
3976
4075
4589
3962
3560
3560
3236
3188
3188
3187
3187
3187
3187
3187
3814
3814
3814
3814
3814
3787
3787
3814
3569
3814
3814
4152
4554
4527
4527
4527
4638
4638
4638
4393
4393
4149
4149
4150
3770
3770
3770
4014
4014
4015
4015
4014
4014
4062
3764
3764
3328
3328
3355
3355
3791
3791
3950
3851
3950
3950
3548
3112
3112
3085
2926
2927
2530
2530
2828
2828
2717
2717
3097
3208
2964
2666
2666
2666
2825
2825
2825
2825
2445
2842
2841
2730
2731
2731
3111
3110
3221
3248
3248
3248
3247
3247
3247
2733
3031
2932
2932
2932
2932
2927
2927
3441
3441
3843
3505
3506
3458
3796
3769
3227
3227
3232
3331
3873
3921
3762
3789
4113
4113
4272
4272
4271
4244
4244
4239
4675
4675
4676
4676
4676
4703
4676
4920
5165
5192
5192
4868
4868
4354
4353
4353
4354
4354
3974
3974
3973
3635
4015
4015
4016
4016
4016
4015
3771
3771
3771
3771
3723
3696
3451
3451
3452
3696
3723
4047
4047
4048
4048
4048
4386
4287
4287
4287
4128
3804
3804
3803
4127
4127
4127
3585
3585
3633
3792
3791
3792
4306
4405
4405
4947
4623
4623
4623
4623
4623
4575
4820
4793
4634
4634
4120
4168
4492
4056
4083
4083
4519
4519
4519
4519
4519
4519
4519
4520
4519
4519
4117
4117
3873
3872
3845
4004
4004
3956
3857
4371
4212
4213
4213
4615
4614
4641
4317
4317
4317
4416
4416
4416
3980
3981
4140
4140
4140
4464
4464
4512
4948
4551
4556
4555
4555
4555
4555
4528
4528
4528
4529
4529
4529
4524
4425
4425
4180
4181
4181
4181
4181
4426
4426
4426
4425
4426
4425
4669
4669
4669
4669
4669
4669
4669
4669
4768
4768
4769
4524
4523
4523
4424
4376
4052
4051
4052
4052
4052
4100
4100
3989
4386
4386
4386
4386
4413
4413
4413
4413
4413
4413
4524
4524
4529
4529
4529
4529
4502
4100
3856
3856
3808
3649
3893
4295
4290
3992
3992
4040
4040
4199
4204
4204
4204
4204
4204
4204
3662
3662
3661
3661
3661
3661
3959
4283
4235
4124
4172
4271
4298
4298
4250
4298
4298
4298
4298
4298
4299
4298
4299
4299
4299
4299
4299
4251
4793
4904
4904
4952
4952
4654
4654
4274
4247
4274
4274
4572
4573
4572
4952
4952
5197
5197
5086
5086
5038
4939
4695
4743
4445
4446
4446
4545
4545
4545
4545
4221
4062
4062
3963
3962
3957
3956
3956
3956
3961
4072
4045
4045
4045
4289
4289
4289
4587
4151
3813
3813
3569
3570
3894
3921
3921
3894
4232
4227
4227
4326
4326
4227
4227
4326
4215
4167
4166
4166
4166
4166
3652
3652
3652
4166
4214
3969
3969
3969
3631
3631
3631
3631
3875
3876
3881
3992
3881
3908
3881
4126
3882
3881
3876
3876
3877
4121
4022
4121
4557
4043
3663
3664
3823
3934
3934
3934
3934
3610
3610
3610
3610
3610
3948
3837
3842
3953
3948
3900
3498
3498
3498
3339
3339
3228
3276
3276
3656
3656
3656
3656
3608
3364
3391
3391
3439
3550
3550
3550
3550
3874
3879
3879
4281
4281
4254
4253
4253
3915
3910
3910
4154
4159
3915
3942
3831
3783
3831
3832
3435
3832
3832
3831
3831
3831
4169
4164
4164
4323
4323
3943
3943
4323
4296
4248
4248
3706
3382
3706
3368
3368
2971
2998
3046
3045
3050
3592
3592
3592
3592
3930
4174
4175
4175
4175
4170
4170
3628
4025
3866
3866
3871
3573
4087
4087
4087
4087
4629
4629
4581
4581
4581
4629
4624
4783
4894
4867
4819
4574
4574
4194
4194
4194
4242
4131
4032
4032
4032
4412
4413
4011
4011
4011
4011
4010
4412
4411
4411
4411
4438
4439
4439
4439
4538
4538
4538
4538
4538
4538
4538
4538
4538
4490
4490
4495
4495
4251
4251
4549
4549
4549
4548
4793
4904
4904
4606
4606
4447
4691
4692
4312
4312
3915
3915
3914
3914
3914
3915
3915
3915
4213
4214
4214
4214
3970
3646
4026
4021
4265
4313
4313
4313
4313
4286
4187
4187
4511
4075
4080
4080
4080
4080
4032
4032
4027
3916
4015
4015
4126
4562
4562
4562
4562
4959
5118
5117
5117
5117
4872
4873
4921
4948
4948
4948
4948
4948
4948
4789
4762
4762
4762
4714
4714
4959
4848
4848
5007
5006
4847
4602
4304
4305
4305
4603
4206
4233
4233
4344
4344
4344
4344
4100
4345
4345
4393
4393
4393
4393
4393
4790
4790
5034
5034
4986
4991
5150
4826
4826
4826
4826
4528
4528
4528
4369
4270
4369
4369
3989
3989
3989
3989
3989
3989
4148
4472
4472
4520
4520
4520
4520
4900
4900
4900
4801
4800
4795
4795
5093
5093
5094
5094
5094
5094
5099
5099
5099
5099
4988
4988
4988
4987
4987
4987
4987
4987
4987
4987
4987
4987
4987
4987
5098
5098
5097
5097
5097
5092
5044
5045
5045
5045
5045
5045
5046
5046
5046
5046
5045
5045
4886
4859
4859
4859
4886
4887
4887
4886
4885
5044
4885
4886
4886
4891
4891
4864
4865
4865
4865
4567
4567
4567
4567
4865
4865
4865
4865
4964
4991
4991
4991
5150
5150
4812
4701
4701
4701
4701
4701
4701
4265
4265
4265
4265
4265
4265
4701
5039
5039
5038
5038
5086
4987
4987
4986
4986
4986
4987
4987
4987
4987
4939
4934
4934
4934
4596
4596
4596
4595
4595
4600
4600
4600
4600
4600
4573
4684
4684
4685
4685
4712
4712
4467
4467
4566
4566
4811
4811
4811
4810
4810
4810
4858
4858
4858
4858
4858
4859
4859
4859
4760
4760
4760
4759
4858
4858
4858
4858
4858
4858
4858
4422
4858
4858
4858
4810
4512
4512
4512
4413
4461
4461
4461
4461
4461
4462
4462
4303
4298
4298
4303
4303
4303
4303
4303
4641
4641
4641
4800
4799
5097
5097
5097
5097
4700
4700
4700
4695
4695
4695
4647
4647
5044
5044
5044
5092
5065
5065
5065
5065
5065
5065
5065
5065
5070
4746
5070
4825
4825
4825
4825
4777
4777
4778
4778
4778
4667
4667
4287
3885
3884
3884
4129
4129
4531
4531
4531
4532
4631
4658
4658
4658
4658
4706
4679
4679
4679
4679
4679
4674
4674
4674
4674
4674
4238
4238
4238
4139
4166
4546
4301
4400
4511
4511
4511
4511
4511
4512
4511
4511
4511
4484
4920
4920
4920
4596
4601
4601
4601
4601
4601
4601
4263
4263
4263
4263
4215
4216
4216
4554
4554
4554
4554
4554
4553
4553
4553
4798
4798
4798
5122
5122
5122
5122
5170
5170
5165
5054
5054
5054
5054
5054
5054
5054
5054
5054
4810
4810
4810
4811
4811
4810
4809
4920
4920
4920
5164
5165
4920
4921
4921
4822
4822
4386
4391
4391
4418
4418
4418
4417
4418
4418
4391
4391
4147
4147
4147
4147
4392
4392
4392
4391
4390
4390
4092
4087
4087
4186
4186
4186
4186
4186
4186
4075
3830
3831
3831
3942
3942
3941
3942
3831
3831
3831
3831
3830
3830
3941
3941
3946
4244
4489
4733
4733
4733
4728
4729
4729
4729
4728
4680
4680
4680
4680
4680
4681
4686
4685
4685
4586
4587
4587
4476
4524
4623
4623
4623
4623
4325
4320
4431
4431
4431
4320
4756
4755
4755
4755
4755
4755
4755
4656
4755
4755
4782
4782
4782
4537
4489
4462
4462
4467
4467
4468
4516
4814
4814
4715
4715
4667
4667
4667
4694
4694
4694
4742
4742
4743
4743
4743
4743
4743
4743
4854
4695
4694
4667
4667
4667
4826
4826
4778
4777
4777
4778
4778
4778
4877
4877
4877
4877
4878
4873
4921
4921
4921
4921
4921
4921
4623
4650
4248
4546
4546
4546
4948
4948
4948
4948
4948
4948
4948
4948
5193
4949
5193
5193
5193
5192
5192
5192
5192
5192
5033
5033
5033
5033
5033
4934
4935
4935
4935
4935
4935
4935
4935
4935
5034
5034
5034
5034
4923
5082
5082
5082
5081
5081
5081
5192
5144
5144
5149
5149
5149
5149
5149
5149
5149
4635
4683
4683
4682
4682
4682
4634
4634
4634
4634
4634
4629
4629
4629
4629
4629
4629
4629
4629
4629
4629
4629
4518
4518
5032
4873
4873
4874
4985
4985
4588
4588
4587
4588
4588
4561
4561
4560
4560
4608
4613
4613
4613
4640
4640
4640
4640
4592
4592
4751
4751
4751
5148
5148
5148
5148
5148
5148
5148
5143
4899
4872
4873
4873
4873
4921
4948
4948
4948
4849
4849
4690
4690
4663
4663
4663
4663
4822
4821
5065
5066
5165
5165
5165
5165
5165
5165
5192
5192
5192
5093
5066
5066
5066
5071
5071
5071
5098
5098
5098
5093
5093
5192
5192
4948
5192
5192
5192
5192
5192
5192
5191
5191
5191
5191
5191
5192
5192
5192
4756
4756
4708
4708
4708
4708
4708
4708
4597
4596
4601
4601
4601
4601
4601
4649
5085
5085
5085
5080
5080
5191
5191
5192
5192
5192
5192
5192
5192
4947
4947
4947
4947
4947
4947
4947
4948
4948
4948
4948
4921
4926
4878
4878
4926
4926
4926
4925
4814
4815
4815
4413
4089
4089
4089
4088
4089
4200
4200
4602
4926
4925
4877
4877
4877
4877
4877
5122
5149
5149
5149
5050
5050
5050
5050
5045
5045
5045
4886
4887
4887
4892
4891
4891
4891
4939
4940
4940
4940
4940
4940
4940
4940
4940
4940
4939
4938
5097
5092
5092
5092
4981
4981
4981
4982
5081
4743
4743
4743
4644
4644
4644
4644
4643
4643
4742
4743
4743
4854
4755
4755
4755
4854
4854
4854
4854
4859
4854
5192
5192
5193
5193
5193
5193
5193
5193
5094
5094
5094
5094
5099
5099
5098
5098
5098
5098
5098
5098
5098
5098
5098
5098
5098
5093
5093
5093
5093
5092
5097
5196
5191
5191
5191
5191
5191
5191
5164
5116
5121
5121
5121
5121
5121
5121
5121
5121
5121
5121
5122
5117
5117
5118
5117
5117
4958
4985
4985
4985
4985
4985
4985
4985
4985
4985
4874
4922
5033
5033
5033
4922
4922
4922
4874
4874
4922
4922
4922
5033
5034
5033
5033
5033
5033
5033
5038
5038
5197
5197
5197
5197
5192
5193
5082
5082
5034
5034
5034
5034
4637
4685
4685
4637
4637
4636
4637
4637
4637
4637
4637
4636
4609
4609
4608
4608
4609
4285
4285
4285
4290
4290
4317
4318
4429
4429
4429
4429
4429
4185
4429
4429
4318
4318
4318
4318
4317
4317
4312
4312
4312
4312
4312
4312
4423
4423
4428
4428
4428
4429
4826
4825
4825
4825
4825
4825
4825
4825
4825
4820
4820
4820
4820
4820
4825
4825
4825
4825
4825
4820
4825
5149
5149
5149
5149
5149
5149
5149
5149
5050
5023
5024
5019
5019
5018
5018
5018
5018
5018
5018
5066
5066
5066
5093
5093
5093
5093
5093
5093
5094
5094
5094
5094
5093
5093
5093
5093
5045
5045
5045
5045
5044
5143
5143
5143
5143
5143
5148
5148
5148
5148
5149
5149
5144
5144
5045
5045
5045
5045
5018
4774
4774
4774
5018
5018
5017
5044
5143
5143
5191
5192
5192
5192
5192
5192
5192
5192
5192
5081
5081
5086
5086
5085
5085
5085
5085
5085
5058
5058
5058
5058
5058
5058
5058
5058
5053
5080
5080
5080
5080
5080
5085
5085
5085
5085
5037
5038
5037
5085
5085
5085
5085
5196
5196
5196
5196
5196
5191
5191
5191
5191
5192
5193
5198
5197
5197
5192
5093
5093
5045
5045
4721
4721
4820
4820
4820
4820
4820
4820
4793
4793
5117
5117
5117
5117
5117
5117
5117
5116
5116
5121
5121
5121
5121
5122
5123
5123
5123
5123
5150
5149
5149
5149
5148
5149
5149
5149
5122
5122
5122
5122
5122
5170
5170
5170
5170
5170
5170
5170
5170
5170
5165
5165
5165
5165
5192
5144
5192
5192
5191
5191
5191
5191
5191
5191
5191
5191
5032
5032
5032
5032
5032
4787
4787
4787
4543
4788
4947
4836
4841
4841
4682
4677
4677
4677
4682
4682
4793
4793
4793
4793
4793
4793
5037
5037
5037
5037
5037
5037
5037
5037
5037
5038
4990
4985
4985
5033
5034
5034
5007
5007
5007
4959
4959
4959
4958
4985
4986
4986
5034
5193
5192
5192
5193
5193
5193
5193
5193
5193
5192
5192
5192
5193
5193
5193
5166
5067
5067
5067
5067
5019
5019
5018
5066
5066
5066
5066
5066
5066
5066
5066
5066
5067
5067
5072
5072
5072
5067
5067
5067
5072
5072
5072
5072
5067
5067
5067
5067
5067
5019
5019
5019
5067
5067
5067
5067
5067
5019
5019
5019
5019
5118
5118
5118
5118
5118
5145
5145
5145
5145
5145
5150
5150
4991
4991
4991
4991
5150
5150
5150
5150
5150
5150
4906
4954
4906
4906
4906
4906
4906
4906
4906
4795
4794
4794
4789
4762
4762
4767
4767
4766
4767
4767
4815
4815
4815
4767
4762
4762
4762
4762
4763
4763
4763
4763
4763
4763
4790
4790
4790
4790
4790
4838
4838
4838
4838
4837
5081
5192
5192
5192
5033
5033
5033
5033
5033
5033
5033
4985
4990
4963
4963
4963
4963
4963
4963
4963
4958
4958
4958
4959
4959
4959
4848
4848
4959
4959
4958
4958
4985
4985
5033
5038
5011
5038
5038
5033
5033
5033
5033
5033
5038
5197
5197
5197
5197
5197
5197
5197
5197
5198
5198
5197
5197
5197
5192
5192
5192
5144
5144
5144
5144
5149
5149
5149
5144
5144
5144
5144
5144
5143
5143
5044
5044
5143
5143
5143
5143
5143
5143
5143
5143
5143
5144
5144
5192
5192
5192
5192
5192
5197
5197
5197
5197
5197
5197
5197
5198
5198
5198
5198
5198
5198
5198
5198
5198
5198
5198
5198
5197
5198
5198
5198
5198
5198
5198
5193
5193
5192
5191
5191
5191
5191
5191
5192
5191
5191
5191
5032
5032
5032
5032
5032
5033
5033
5033
5006
5033
5033
5033
5033
5033
5033
5033
5038
5038
5038
5038
5038
5038
5197
5197
5197
5170
5170
5169
5169
5169
5169
5170
5170
5170
5165
5165
5165
5192
5192
5192
5144
5144
5149
5122
5122
5121
5121
5121
5122
5170
5165
5165
5165
5165
5165
5192
5192
5192
5192
5191
5191
5191
5143
5143
5143
5143
5148
5148
5148
5148
5148
5149
5149
5144
4985
4886
4886
5045
5045
5046
5145
5193
5166
5165
5165
5165
5165
5165
5165
5192
5197
5197
5197
5196
5196
5196
5196
5196
5197
5197
5197
5149
5149
5149
5149
5197
5196
5197
5197
5197
5197
5197
5170
5170
5197
5197
5197
5197
5198
5198
5198
5150
5150
5150
5150
5150
5150
5150
5123
5123
5123
5122
5121
5121
5121
5148
5148
5148
5121
5169
5169
5169
5169
5170
5170
5170
5170
5171
5171
5171
5171
5171
5171
5171
5171
5171
5171
5171
5171
5171
5171
5171
5171
5171
5171
5171
5171
5171
5171
5171
5171
5171
5198
5198
5198
5197
5198
5198
5198
5198
5198
5198
5197
5197
5197
5197
5197
5197
5196
5196
5196
5196
5196
5196
5196
5196
5097
5097
5097
5097
5092
5092
5092
5191
5191
5191
5191
5191
5191
5191
5191
5191
5191
5143
5143
5143
5143
5143
4984
4984
4985
4985
4985
5033
5033
5033
5034
5034
5193
5166
5166
5193
5193
5193
5193
5193
5193
5193
5193
5193
5193
5193
5193
5193
5193
5193
5193
5166
5166
5166
5166
5118
5118
5118
5118
5118
5118
5118
5118
5118
5118
5118
5145
5144
5144
5144
5144
5192
5192
5192
5192
5192
5192
5093
5093
5093
5093
5192
5192
5192
5192
5192
5192
5192
5192
5192
5192
5193
5192
5192
5191
5192
5192
5192
5191
5080
5080
5080
5080
5085
5085
5085
5085
5085
5085
5085
5085
5085
5085
5085
5085
5085
5086
5086
5197
5197
5197
5197
5197
5197
5197
5197
5197
5197
5197
5197
5197
5197
5198
5198
5171
5170
5170
5170
5170
5171
5171
5198
5198
5198
5198
5198
5171
5171
5171
5171
5166
5166
5166
5118
5118
5118
5117
5117
5117
5117
5117
5122
5011
5011
5011
5011
5011
5038
5038
5038
5038
5038
5039
5039
5039
5150
5150
5150
5150
5150
5150
5198
5198
5198
5197
5197
5197
5197
5197
5198
5198
5193
5193
5198
5198
5198
5198
5198
5198
5198
5198
5198
5198
5099
5099
5099
5098
5098
5098
5197
5197
5197
5197
5038
5038
5039
5039
5039
5039
5038
5039
5039
5039
5039
5039
5034
5034
5034
5034
5039
5039
5039
5034
5034
5034
5034
5034
5034
5034
5034
5033
5033
5032
5032
5032
5032
5032
5032
5032
5032
5032
5032
5032
5032
5032
5032
5032
5032
5032
5032
5032
5032
5032
5032
5032
5005
5005
5005
5005
5005
5032
5032
5033
5006
5165
5165
5164
5191
5192
5165
5165
5170
5170
5170
5170
5170
5170
5170
5171
5171
5171
5171
5171
5171
5171
5171
5170
5170
5170
5170
5170
5170
5011
5011
5012
5012
5012
5012
5039
5039
5039
5038
5038
5037
5037
5037
5037
5037
5037
5037
5037
5196
5196
5196
5196
5148
5148
5148
5148
5148
5148
5148
5148
5196
5196
5196
5196
5197
5198
5198
5198
5198
5198
5198
5198
5197
5197
5197
5197
5197
5197
5197
5197
5197
5197
5197
5170
5170
5170
5170
5170
5170
5165
5170
5171
5171
5171
5171
5171
5171
5171
5171
5198
5198
5198
5198
5198
5198
5198
5198
5198
5198
5198
5198
5197
5197
5197
5196
5196
5196
5196
5196
5196
5196
5148
5196
5197
5197
5197
5197
5197
5197
5197
5197
5197
5197
5197
5197
5197
5149
5149
5149
5149
5149
5149
5050
5050
5149
5149
5149
5149
5197
5197
5197
5196
5196
5191
5143
5143
5143
5143
5143
5143
5143
5143
5143
5116
5116
5116
5121
5116
5117
5144
5144
5144
5144
5144
5144
5145
5144
5144
5144
5144
5117
5117
5117
5117
5116
5116
5117
5117
5117
5116
5143
5143
5143
5143
5144
5144
5144
5144
5144
5144
5144
5045
5045
5045
5045
5046
5051
5051
5051
5051
5051
5099
5198
5198
5171
5171
5170
5170
5170
5170
5197
5170
5165
5165
5164
5164
5164
5164
5191
5191
5191
5191
5192
5192
5192
5192
5197
5197
5197
5197
5197
5198
5198
5193
5193
5193
5192
5192
5192
5192
5192
5192
5192
5192
5192
5191
5191
5191
5164
5165
5165
5165
5165
5165
5165
5192
5144
5144
5144
5144
5144
5144
5144
5143
5143
5143
5143
5143
5143
5143
5143
5143
5143
5143
5143
5143
5143
5143
5143
5148
5148
5148
5148
5148
5148
5196
5196
5197
5197
5198
5198
5198
5197
5197
5170
5170
5170
5170
5170
5170
5197
5197
5197
5197
5196
5196
5196
5196
5196
5197
5197
5192
5192
5192
5192
5033
5033
5033
5033
5192
5192
5165
5165
5165
5165
5165
5165
5165
5165
5192
5192
5192
5192
5192
5192
5192
5192
5192
5192
5192
5192
5192
5192
5192
5197
5197
5197
5197
5197
5197
5197
5197
5197
5197
5198
5198
5198
5198
5198
5198
5171
5171
5171
5171
5171
5171
5170
5170
5170
5170
5165
5165
5164
5164
5164
5164
5164
5191
5191
5164
5164
5164
5169
5169
5121
5121
5121
5121
5121
5121
5116
5116
5117
5117
5117
5116
5116
5116
5117
5118
5123
5123
5123
5123
5123
5123
5150
5150
5150
5150
5150
5150
5150
5150
5150
5150
5150
5198
5198
5198
5198
5193
5193
5198
5198
5198
5193
5193
5193
5193
5198
5198
5198
5198
5198
5198
5193
5193
5193
5193
5193
5193
5193
5193
5193
5166
5166
5166
5166
5166
5165
5165
5165
5170
5170
5170
5170
5169
5169
5169
5170
5170
5170
5170
5170
5170
5169
5169
5170
5169
5164
5191
5191
5191
5191
5143
5144
5144
5144
5144
5117
5117
5117
5117
5117
5122
5149
5149
5149
5149
5150
5150
5150
5150
5150
5145
5144
5144
5144
5144
5144
5144
5144
5144
5144
5144
5144
5144
5144
5144
5144
5144
5192
5192
5191
5191
5191
5191
5191
5191
5191
5192
5193
5193
5193
5193
5193
5193
5193
5193
5193
5145
5145
5193
5193
5193
5193
5192
5192
5192
5192
5192
5192
5191
5191
5196
5196
5196
5196
5196
5196
5197
5197
5197
5197
5197
5197
5197
5197
5197
5197
5197
5197
5197
5197
5197
5197
5197
5196
5196
5196
5196
5196
5196
5196
5196
5196
5196
5196
5196
5196
5196
5196
5196
5196
5169
5170
5170
5170
5170
5170
5170
5170
5170
5170
5170
5170
5170
5165
5165
5165
5165
5165
5165
5165
5170
5170
5169
5169
5169
5169
5196
5196
5196
5197
5197
5197
5192
5192
5192
5192
5192
5192
5192
5192
5192
5192
5192
5191
5191
5164
5165
5166
5166
5166
5165
5165
5165
5165
5166
5166
5171
5171
5171
5171
5171
5171
5171
5123
5123
5123
5123
5123
5123
5123
5123
5122
5122
5122
5123
5123
5123
5123
5118
5118
5118
5118
5118
5118
5117
5118
5118
5118
5117
5018
5018
5018
5117
5117
5117
5118
5118
5118
5118
5145
5145
5193
5192
5192
5192
5192
5192
5192
5192
5192
5192
5192
5192
5192
5197
5192
5192
5192
5197
5197
5197
5197
5196
5196
5148
5148
5148
5148
5148
5148
5148
5148
5148
5148
5148
5148
5148
5148
5148
5148
5148
5148
5196
5196
5169
5169
5169
5169
5170
5171
5171
5171
5171
5171
5170
5170
5170
5171
5171
5171
5060
5060
5060
5060
5060
5059
5060
5055
5055
5166
5166
5166
5165
5164
5164
5116
5116
5116
5116
5116
5116
5116
5116
5143
5143
5143
5148
5148
5148
5148
5148
5196
5196
5196
5197
5197
5197
5197
5197
5197
5197
5196
5196
5197
5197
5198
5198
5198
5197
5197
5197
5198
5198
5198
5198
5198
5198
5198
5198
5198
5198
5198
5198
5197
5197
5197
5197
5197
5197
5197
5197
5170
5197
5197
5197
5197
5197
5192
5192
5192
5192
5192
5197
5197
5197
5197
5197
5197
5197
5197
5197
5197
5197
5196
5196
5197
5197
5197
5197
5197
5197
5197
5197
5197
5197
5197
5192
5192
5192
5192
5192
5192
5192
5192
5192
5192
5165
5165
5165
5165
5165
5165
5165
5165
5165
5165
5165
5165
5164
5164
5164
5164
5164
5164
5165
5165
5170
5170
5170
5170
5170
5165
5170
5197
5192
5192
5197
5198
5198
5198
5193
5192
5165
5166
5166
5166
5193
5193
5192
5192
5165
5164
5164
5164
5165
5165
5165
5165
5165
5165
5165
5164
5164
5164
5164
5164
5165
5170
5169
5170
5170
5170
5170
5170
5170
5170
5170
5170
5170
5170
5170
5170
5170
5170
5170
5170
5170
5170
5170
5165
5165
5165
5165
5165
5165
5165
5165
5170
5170
5170
5170
5170
5170
5170
5170
5170
5170
5170
5170
5170
5170
5170
5171
5171
5171
5171
5171
5170
5170
5170
5171
5171
5171
5171
5171
5171
5171
5171
5171
5171
5171
5171
5171
5166
5166
5165
5165
5170
5170
5170
5165
5165
5165
5165
5165
5165
5165
5165
5165
5165
5165
5166
5165
5165
5165
5165
5165
5165
5170
5165
5165
5165
5165
5165
5165
5165
5165
5165
5170
5170
5170
5170
5197
5197
5197
5196
5196
5196
5196
5196
5196
5196
5196
5196
5196
5196
5196
5196
5196
5196
5197
5197
5197
5197
5197
5197
5197
5197
5197
5197
5197
5197
5197
5197
5197
5197
5197
5197
5197
5197
5197
5197
5197
5197
5197
5197
5197
5197
5192
5192
5192
5192
5192
5192
5192
5192
5192
5192
5192
5192
5192
5192
5192
5192
5192
5197
5197
5197
5197
5197
5197
5197
5198
5198
5198
5198
5198
5198
5197
5197
5197
5197
5170
5170
5170
5170
5170
5171
5171
5171
5198
5198
5198
5198
5198
5198
5198
5198
5198
5198
5198
5198
5197
5197
5170
5170
5171
5171
5171
5171
5171
5171
5171
5198
5198
5198
5198
5198
5198
5198
5198
5198
5198
5197
5197
5192
5192
5192
5192
5192
5192
5192
5192
5081
5080
5080
5081
5086
5086
5197
5197
5197
5197
5197
5192
5192
5192
5192
5192
5192
5192
5192
5192
5192
5192
5192
5192
5193
5193
5193
5192
5192
5192
5197
5198
5198
5198
5198
5198
5198
5198
5198
5197
5197
5170
5171
5170
5170
5170
5170
5170
5197
5197
5197
5197
5197
5197
5197
5197
5197
5197
5197
5197
5197
5197
5197
5197
5197
5197
5197
5197
5197
5197
5197
5197
5197
5197
5197
5197
5197
5197
5197
5197
5197
5197
5197
5197
5197
5197
5196
5196
5196
5196
5196
5196
5197
5197
5197
5197
5197
5197
5197
5197
5197
5197
5197
5197
5197
5197
5197
5197
5197
5197
5197
5197
5197
5197
5196
5196
5196
5197
5197
5197
5197
5197
5197
5197
5192
5192
5192
5192
5192
5192
5165
5165
5165
5165
5165
5165
5165
5166
5166
5166
5166
5165
5165
5165
5165
5166
5166
5166
5165
5165
5165
5192
5192
5192
5192
5192
5192
5165
5165
5165
5164
5164
5164
5165
5165
5165
5165
5165
5165
5165
5165
5165
5165
5165
5165
5166
5166
5166
5166
5165
5165
5166
5166
5166
5166
5166
5166
5166
5166
5166
5166
5166
5193
5193
5192
5192
5165
5165
5165
5165
5165
5165
5165
5192
5192
5192
5192
5192
5192
5192
5192
5192
5192
5192
5192
5192
5192
5165
5165
5165
5165
5165
5165
5165
5192
5192
5191
5191
5191
5191
5191
5191
5191
5191
5191
5191
5191
5191
5191
5191
5191
5191
5191
5191
5191
5191
5191
5191
5191
5191
5191
5191
5191
5196
5196
5196
5196
5196
5196
5191
5191
5192
5192
5193
5193
5193
5193
5193
5193
5193
5193
5193
5192
5192
5192
5192
5192
5192
5192
5192
5192
5192
5192
5192
5192
5192
5192
5192
5192
5192
5192
5192
5192
5192
5192
5193
5193
5193
5193
5193
5192
5192
5197
5197
5197
5197
5197
5197
5197
5198
5198
5198
5198
5198
5198
5198
5198
5198
5198
5198
5198
5198
5198
5198
5197
5197
5197
5197
5197
5197
5197
5198
5197
5197
5197
5197
5197
5197
5197
5197
5197
5192
5192
5192
5192
5192
5192
5192
5192
5192
5192
5192
5192
5197
5197
5197
5197
5197
5197
5197
5196
5196
5196
5196
5196
5196
5196
5196
5196
5196
5196
5197
5197
5197
5197
5197
5197
5197
5197
5198
5198
5198
5198
5198
5198
5198
5198
5198
5198
5198
5198
5198
5198
5198
5198
5197
5197
5197
5197
5197
5197
5197
5197
5197
5197
5197
5197
5198
5198
5198
5197
5198
5198
5193
5193
5192
5192
5192
5192
5192
5192
5192
5192
5192
5192
5193
5192
5197
5197
5197
5197
5198
5198
5198
5193
5193
5193
5193
5193
5193
5193
5193
5193
5193
5193
5192
5192
5192
5193
5193
5193
5193
5193
5193
5193
5193
5193
5193
5193
5193
5193
5193
5198
5198
5197
5197
5197
5197
5197
5197
5197
5197
5197
5197
5197
5197
5197
5197
5197
5196
5196
5196
5196
5196
5196
5196
5196
5196
5196
5191
5191
5191
5191
5191
5191
5191
5191
5192
5193
5198
5198
5198
5198
5198
5193
5193
5193
5193
5193
5198
5198
5198
5198
5197
5197
5197
5197
5197
5197
5197
5198
5198
5197
5197
5197
5197
5197
5197
5197
5197
5197
5197
5197
5197
5196
5196
5196
5196
5196
5197
5197
5196
5196
5196
5197
5197
5197
5197
5197
5197
5197
5197
5197
5197
5197
5197
5197
5197
5197
5197
5197
5197
5197
5197
5197
5192
5192
5192
5192
5192
5192
5197
5197
5197
5197
5197
5197
5197
5197
5197
5197
5197
5197
5197
5197
5197
5197
5197
5192
5192
5191
5191
5191
5191
5143
5144
5144
5144
5144
5144
5144
5144
5144
5144
5144
5144
5144
5144
5143
5143
5144
5144
5144
5144
5144
5145
5145
5145
5145
5144
5144
5144
5144
5144
5192
5192
5192
5192
5192
5197
5197
5197
5197
5197
5192
5192
5192
5197
5197
5197
5197
5197
5197
5197
5197
5198
5198
5198
5198
5198
5198
5198
5198
5198
5198
5197
5197
5192
5192
5192
5192
5192
5192
5192
5192
5192
5192
5192
5192
5192
5192
5192
5192
5192
5192
5192
5192
5192
5191
5191
5192
5192
5192
5192
5192
5165
5165
5165
5165
5165
5165
5165
5166
5166
5166
5166
5166
5166
5166
5166
5166
5166
5193
5193
5193
5193
5193
5193
5198
5198
5198
5198
5198
5198
5198
5198
5198
5198
5198
5198
5198
5198
5198
5197
5197
5197
5197
5197
5197
5197
5197
5197
5197
5197
5198
5198
5198
5198
5198
5198
5198
5198
5198
5198
5197
5197
5197
5197
5197
5197
5197
5197
5197
5196
5196
5196
5196
5196
5197
5197
5197
5197
5197
5197
5197
5197
5197
5197
5197
5197
5197
5198
5198
5198
5198
5193
5193
5193
5193
5193
5193
5193
5193
5193
5193
5193
5193
5193
5192
5193
5193
5193
5193
5193
5193
5193
5193
5193
5193
5193
5193
5193
5198
5198
5198
5198
5198
5198
5198
5198
5198
5198
5198
5198
5198
5198
5198
5197
5198
5198
5198
5197
5197
5197
5197
5197
5197
5197
5197
5192
5197
5198
5198
5198
5198
5198
5198
5198
5198
5198
5198
5198
5198
5198
5198
5198
5198
5198
5198
5198
5198
5197
5197
5197
5197
5196
5196
5196
5196
5196
5197
5197
5197
5197
5197
5197
5197
5197
5197
5198
5198
5198
5198
5198
5198
5198
5198
5198
5198
5198
5198
5198
5198
5198
5198
5198
5198
5198
5198
5198
5198
5198
5197
5197
5197
5197
5198
5198
5198
5198
5198
5198
5198
5198
5198
5198
5198
5198
5198
5198
5198
5198
5198
5198
5198
5198
5198
5198
5198
5198
5198
5198
5198
5198
5198
5198
5197
5197
5197
5197
5197
5197
5197
5198
5198
5198
5198
5198
5198
5198
5198
5198
5198
5198
5198
5197
5197
5197
5197
5197
5197
5197
5197
5197
5197
5197
5197
5196
5196
5196
5196
5196
5196
5196
5196
5196
5196
5196
5196
5197
5197
5197
5197
5197
5196
5196
5196
5196
5196
5196
5196
5196
5196
5191
5191
5191
5196
5196
5196
5196
5196
5197
5192
5192
5192
5192
5192
5192
5192
5192
5192
5191
5191
5191
5191
5191
5191
5191
5191
5191
5196
5196
5196
5196
5196
5196
5196
5196
5196
5196
5196
5169
5169
5169
5169
5169
5169
5170
5170
5170
5170
5169
5196
5196
5191
5191
5191
5191
5191
5191
5191
5191
5191
5191
5191
5192
5192
5197
5197
5197
5197
5197
5197
5198
5198
5193
5193
5193
5193
5193
5193
5193
5193
5193
5193
5193
5193
5193
5193
5193
5193
5193
5193
5193
5193
5193
5193
5193
5193
5193
5192
5192
5192
5192
5192
5192
5192
5197
5197
5197
5197
5198
5198
5198
5198
5198
5198
5198
5197
5197
5197
5196
5196
5196
5196
5196
5196
5196
5196
5196
5196
5196
5196
5197
5197
5197
5197
5197
5197
5197
5197
5197
5197
5197
5197
5197
5197
5197
5197
5197
5197
5197
5197
5197
5197
5197
5198
5197
5197
5197
5197
5197
5197
5197
5192
5192
5191
5191
5191
5191
5191
5191
5191
5191
5191
5191
5191
5191
5191
5191
5191
5191
5191
5191
5192
5197
5197
5197
5197
5197
5197
5197
5198
5198
5198
5198
5198
5198
5198
5198
5198
5198
5198
5198
5198
5193
5198
5198
5197
5197
5197
5197
5197
5197
5197
5197
5197
5197
5197
5197
5197
5197
5197
5197
5197
5197
5197
5197
5197
5198
5198
5197
5197
5197
5197
5197
5197
5197
5197
5192
5191
5191
5191
5196
5197
5197
5197
5198
5198
5198
5198
5197
5197
5197
5197
5197
5197
5197
5197
5197
5197
5197
5197
5197
5197
5197
5197
5197
5197
5192
5193
5192
5192
5192
5192
5193
5192
5192
5192
5192
5192
5192
5192
5192
5192
5192
5192
5192
5192
5192
5192
5193
5193
5193
5193
5198
5198
5198
5198
5198
5198
5198
5198
5198
5198
5198
5198
5198
5198
5198
5198
5198
5197
5197
5197
5197
5197
5197
5197
5197
5192
5192
5192
5192
5192
5192
5192
5192
5192
5193
5193
5193
5193
5193
5193
5192
5192
5191
5191
5191
5196
5197
5197
5198
5198
5198
5198
5198
5198
5198
5198
5197
5197
5197
5197
5197
5197
5196
5196
5196
5196
5196
5196
5196
5196
5196
5196
5196
5196
5196
5196
5191
5191
5191
5191
5191
5191
5191
5192
5193
5193
5193
5192
5192
5192
5192
5192
5192
5192
5192
5192
5197
5197
5197
5197
5198
5197
5197
5197
5197
5192
5192
5192
5192
5192
5192
5192
5192
5192
5197
5197
5197
5197
5198
5198
5198
5198
5198
5198
5198
5198
5198
5198
5198
5198
5198
5198
5198
5198
5198
5198
5198
5198
5198
5198
5197
5197
5197
5197
5197
5197
5197
5197
5197
5197
5197
5197
5197
5197
5197
5197
5197
5197
5196
5196
5196
5196
5196
5196
5196
5196
5196
5196
5196
5196
5196
5191
5191
5191
5191
5191
5191
5191
5191
5191
5191
5191
5191
5191
5191
5191
5191
5191
5191
5191
5191
5191
5191
5196
5196
5196
5196
5196
5196
5196
5196
5196
5196
5196
5196
5191
5191
5196
5196
5196
5191
5192
5193
5193
5193
5193
5193
5193
5193
5192
5192
5192
5192
5191
5191
5191
5191
5191
5191
5191
5191
5191
5191
5191
5192
5193
5193
5193
5193
5193
5193
5193
5193
5193
5193
5193
5193
5193
5193
5193
5193
5193
5193
5193
5192
5192
5192
5192
5192
5191
5192
5192
5192
5191
5191
5196
5196
5196
5196
5196
5196
5196
5197
5197
5197
5197
5197
5197
5197
5197
5197
5197
5197
5197
5198
5198
5198
5198
5198
5198
5197
5197
5197
5197
5192
5193
5193
5193
5193
5193
5193
5198
5198
5198
5198
5197
5197
5197
5197
5197
5197
5197
5197
5197
5197
5196
5196
5196
5197
5197
5197
5197
5197
5197
5197
5197
5197
5197
5196
5196
5196
5196
5196
5196
5196
5196
5196
5196
5196
5196
5196
5196
5196
5196
5196
5196
5197
5197
5197
5197
5197
5197
5196
5196
5196
5196
5196
5196
5196
5197
5197
5197
5197
5197
5197
5197
5197
5197
5197
5197
5197
5197
5197
5197
5197
5197
5197
5197
5197
5197
5197
5197
5197
5197
5197
5197
5197
5197
5197
5197
5197
5198
5197
5198
5198
5197
5197
5197
5198
5198
5198
5198
5198
5197
5197
5197
5197
5197
5197
5197
5197
5197
5197
5197
5192
5192
5192
5192
5193
5198
5198
5197
5197
5196
5196
5196
5197
5197
5197
5197
5197
5197
5196
5197
5197
5197
5197
5197
5197
5197
5197
5197
5197
5197
5197
5197
5197
5197
5197
5197
5197
5197
5198
5198
5198
5198
5198
5198
5197
5197
5197
5197
5197
5197
5197
5197
5197
5197
5197
5197
5197
5197
5197
5197
5197
5197
5197
5197
5197
5197
5197
5197
5197
5197
5197
5197
5197
5197
5197
5197
5196
5196
5196
5196
5196
5196
5196
5196
5196
5196
5196
5196
5196
5196
5197
5197
5197
5197
5197
5197
5197
5198
5198
5198
5198
5198
5198
5197
5197
5197
5197
5197
5197
5197
5197
5197
5197
5197
5192
5192
5192
5192
5192
5192
5192
5192
5192
5192
5192
5192
5193
5193
5193
5198
5198
5198
5198
5198
5198
5197
5197
5197
5197
5197
5197
5197
5197
5197
5197
5197
5197
5197
5197
5197
5197
5197
5197
5197
5197
5197
5197
5197
5192
5192
5192
5192
5192
5192
5192
5192
5192
5192
5192
5192
5192
5192
5192
5192
5192
5192
5192
5192
5192
5192
5192
5192
5192
5192
5192
5192
5192
5193
5192
5192
5192
5192
5192
5192
5192
5192
5192
5192
5192
5192
5193
5193
5193
5193
5193
5193
5193
5198
5198
5198
5198
5198
5198
5198
5198
5198
5198
5198
5198
5198
5198
5198
5198
5198
5198
5197
5197
5197
5197
5197
5197
5197
5197
5197
5197
5197
5197
5196
5196
5196
5196
5196
5197
5197
5197
5197
5197
5197
5197
5197
5196
5197
5197
5197
5197
5197
5197
5197
5197
5197
5197
5197
5197
5197
5197
5197
5196
5196
5196
5196
5196
5196
5197
5197
5197
5197
5197
5197
5197
5197
5197
5197
5197
5197
5198
5198
5198
5198
5198
5198
5198
5198
5198
5198
5198
5198
5198
5198
5198
5197
5197
5197
5197
5197
5197
5197
5197
5197
5197
5197
5197
5192
5192
5192
5192
5192
5192
5192
5192
5192
5192
5192
5192
5192
5192
5192
5192
5192
5192
5192
5192
5192
5192
5192
5192
5192
5192
5192
5192
5192
5192
5191
5191
5191
5191
5191
5196
5196
5196
5196
5196
5196
5196
5196
5196
5196
5196
5197
5197
5197
5197
5197
5197
5197
5197
5198
5198
5198
5198
5198
5198
5198
5198
5198
5198
5198
5197
5197
5197
5197
5198
5198
5198
5198
5198
5198
5198
5198
5198
5197
5197
5197
5198
5198
5198
5198
5198
5198
5198
5198
5198
5198
5198
5198
5198
5198
5198
5198
5198
5198
5198
5193
5193
5193
5198
5198
5198
5198
5198
5198
5193
5192
5191
5191
5191
5191
5191
5191
5191
5191
5191
5191
5191
5191
5191
5191
5192
5191
5192
5192
5192
5193
5193
5193
5193
5193
5193
5193
5193
5193
5193
5193
5193
5193
5192
5192
5192
5192
5191
5191
5191
5191
5191
5191
5191
5191
5191
5191
5191
5191
5191
5191
5191
5191
5191
5191
5191
5191
5191
5191
5191
5191
5191
5191
5191
5191
5191
5191
5191
5191
5191
5191
5191
5191
5191
5191
5191
5191
5191
5191
5191
5191
5191
5196
5196
5196
5196
5196
5196
5196
5196
5191
5191
5191
5191
5191
5192
5192
5192
5193
5193
5193
5193
5193
5193
5193
5193
5193
5193
5193
5193
5193
5193
5193
5193
5193
5193
5198
5198
5198
5198
5198
5198
5198
5198
5198
5198
5198
5198
5198
5198
5198
5198
5198
5198
5198
5198
5198
5198
5198
5198
5198
5198
5198
5198
5198
5198
5198
5198
5198
5198
5198
5198
5198
5198
5198
5197
5197
5197
5197
5197
5197
5198
5198
5198
5198
5198
5198
5198
5198
5198
5197
5197
5197
5197
5197
5197
5197
5197
5196
5196
5196
5196
5196
5196
5197
5197
5197
5197
5197
5196
5196
5196
5196
5196
5196
5197
5197
5197
5197
5197
5197
5192
5192
5192
5192
5192
5192
5192
5192
5192
5192
5192
5192
5192
5192
5197
5197
5197
5197
5197
5197
5197
5197
5197
5197
5197
5198
5198
5198
5198
5198
5198
5198
5198
5198
5198
5198
5198
5198
5193
5193
5193
5193
5193
5198
5198
5198
5198
5198
5198
5198
5198
5198
5198
5198
5198
5198
5198
5198
5198
5198
5198
5198
5198
5198
5198
5198
5198
5198
5198
5198
5198
5198
5198
5198
5198
5198
5198
5198
5198
5198
5198
5198
5198
5198
5198
5198
5198
5198
5198
5198
5198
5198
5198
5198
5198
5198
5198
5193
5193
5193
5193
5193
5193
5193
5193
5198
5198
5198
5198
5198
5198
5198
5198
5198
5197
5197
5197
5197
5197
5197
5197
5197
5197
5197
5197
5197
5197
5197
5197
5197
5197
5197
5197
5197
5197
5197
5197
5198
5198
5198
5197
5197
5197
5197
5197
5197
5197
5197
5197
5197
5197
5197
5197
5197
5197
5197
5197
5197
5197
5197
5197
5196
5196
5196
5196
5196
5196
5196
5196
5196
5196
5196
5196
5196
5196
5196
5196
5196
5196
5196
5196
5196
5196
5196
5197
5197
5197
5197
5197
5197
5197
5197
5197
5198
5198
5198
5198
5198
5197
5197
5197
5198
5198
5198
5198
5198
5198
5198
5198
5198
5198
5198
5198
5198
5197
5197
5197
5197
5196
5196
5196
5196
5196
5196
5196
5196
5196
5196
5196
5196
5196
5196
5196
5196
5196
5196
5197
5197
5197
5197
5197
5197
5197
5197
5197
5197
5197
5197
5197
5197
5197
5197
5197
5196
5197
5197
5197
5197
5192
5197
5197
5197
5197
5197
5197
5197
5197
5197
5197
5197
5198
5198
5198
5198
5198
5198
5198
5197
5197
5196
5196
5196
5196
5196
5196
5196
5196
5196
5196
5196
5196
5196
5196
5196
5196
5196
5196
5196
5197
5197
5197
5197
5197
5197
5197
5197
5197
5197
5197
5197
5197
5197
5197
5197
5197
5197
5197
5192
5192
5192
5192
5192
5192
5192
5192
5192
5192
5192
5192
5192
5192
5192
5192
5192
5192
5192
5192
5192
5192
5192
5192
5192
5192
5192
5192
5192
5192
5192
5192
5192
5192
5192
5192
5192
5192
5192
5192
5192
5192
5192
5192
5192
5192
5197
5197
5197
5197
5197
5197
5197
5197
5197
5197
5197
5197
5198
5198
5198
5198
5198
5198
5198
5198
5198
5198
5198
5198
5198
5198
5198
5198
5198
5198
5198
5198
5198
5197
5197
5197
5197
5197
5197
5197
5197
5197
5197
5198
5198
5198
5198
5198
5198
5198
5198
5198
5198
5198
5198
5198
5197
5197
5197
5197
5197
5197
5197
5197
5197
5197
5197
5197
5197
5197
5197
5197
5197
5197
5197
5197
5197
5197
5197
5197
5197
5197
5197
5197
5196
5196
5196
5196
5197
5197
5197
5197
5197
5197
5196
5191
5191
5191
5191
5191
5191
5191
5191
5191
5191
5191
5191
5191
5191
5191
5191
5191
5191
5192
5192
5192
5192
5192
5192
5192
5192
5192
5192
5193
5193
5193
5193
5193
5193
5193
5193
5193
5193
5193
5193
5193
5193
5193
5193
5193
5193
5193
5193
5193
5193
5193
5193
5193
5193
5193
5198
5198
5198
5198
5197
5197
5197
5198
5193
5193
5193
5193
5192
5197
5197
5197
5198
5198
5198
5198
5198
5198
5198
5198
5198
5198
5198
5198
5198
5198
5198
5198
5198
5198
5197
5197
5197
5197
5197
5197
5197
5197
5197
5197
5197
5197
5197
5197
5197
5197
5197
5197
5197
5196
5196
5196
5196
5196
5196
5196
5196
5196
5196
5196
5197
5197
5198
5198
5198
5198
5197
5197
5197
5197
5196
5196
5196
5196
5196
5196
5196
5196
5196
5196
5196
5196
5196
5196
5196
5196
5196
5196
5196
5196
5196
5196
5196
5196
5196
5197
5197
5197
5197
5196
5196
5197
5197
5197
5197
5196
5196
5196
5196
5196
5196
5196
5196
5196
5196
5196
5196
5196
5196
5196
5196
5196
5196
5196
5197
5197
5197
5197
5197
5197
5197
5197
5197
5197
5197
5197
5198
5198
5197
5197
5197
5197
5197
5197
5197
5197
5198
5198
5198
5197
5197
5197
5197
5197
5197
5197
5192
5192
5192
5192
5192
5192
5192
5192
5192
5192
5192
5192
5192
5192
5192
5192
5192
5192
5192
5192
5192
5192
5192
5192
5192
5192
5192
5192
5192
5192
5192
5192
5192
5192
5192
5197
5197
5197
5197
5197
5197
5197
5197
5197
5197
5197
5197
5196
5196
5196
5197
5197
5197
5197
5197
5197
5197
5197
5197
5197
5197
5197
5197
5197
5197
5197
5198
5198
5198
5198
5198
5198
5198
5197
5197
5197
5197
5197
5197
5197
5197
5197
5197
5197
5197
5197
5197
5197
5197
5197
5197
5197
5197
5197
5196
5196
5196
5196
5196
5197
5198
5198
5198
5198
5198
5198
5198
5198
5198
5198
5198
5197
5197
5197
5197
5197
5197
5197
5197
5197
5197
5197
5197
5197
5197
5197
5197
5197
5197
5197
5196
5196
5196
5196
5196
5196
5196
5196
5196
5196
5196
5196
5197
5197
5197
5197
5197
5197
5197
5197
5197
5197
5198
5198
5198
5198
5198
5198
5198
5198
5198
5198
5198
5198
5198
5197
5197
5197
5197
5197
5197
5197
5197
5198
5198
5198
5197
5197
5197
5197
5197
5197
5197
5197
5197
5197
5197
5198
5198
5198
5198
5198
5198
5198
5198
5198
5198
5198
5198
5198
5198
5198
5198
5198
5198
5198
5198
5198
5198
5198
5198
5198
5198
5198
5198
5198
5198
5198
5198
5198
5198
5198
5198
5198
5198
5198
5198
5198
5198
5198
5198
5198
5198
5198
5198
5198
5198
5198
5198
5198
5198
5198
5198
5198
5198
5198
5198
5198
5198
5198
5198
5198
5198
5198
5198
5198
5198
5198
5198
5198
5198
5198
5198
5197
5197
5197
5197
5197
5197
5197
5197
5197
5197
5197
5197
5197
5198
5198
5198
5198
5198
5198
5198
5198
5198
5198
5198
5198
5197
5197
5197
5197
5197
5197
5197
5197
5197
5198
5198
5198
5198
5198
5198
5198
5198
5198
5198
5198
5198
5198
5198
5198
5198
5198
5198
5198
5198
5198
5198
5198
5198
5198
5198
5198
5198
5198
5198
5198
5198
5198
5198
5198
5198
5198
5198
5198
5198
5198
5198
5198
5198
5198
5198
5198
5198
5198
5198
5198
5198
5198
5198
5198
5198
5197
5197
5197
5197
5198
5197
5197
5197
5197
5197
5197
5197
5197
5197
5197
5197
5197
5197
5197
5197
5197
5198
5197
5197
5197
5197
5197
5197
5197
5197
5197
5197
5197
5197
5197
5197
5197
5197
5197
5197
5197
5197
5197
5197
5197
5197
5197
5197
5197
5197
5197
5197
5197
5197
5197
5197
5197
5197
5197
5197
5197
5197
5197
5197
5197
5197
5197
5197
5197
5197
5197
5197
5197
5197
5198
5198
5198
5198
5198
5198
5198
5197
5197
5197
5197
5197
5197
5197
5197
5198
5197
5197
5197
5197
5197
5197
5197
5196
5196
5196
5197
5197
5197
5197
5197
5196
5196
5196
5196
5197
5197
5197
5197
5197
5197
5197
5197
5197
5197
5197
5197
5197
5197
5197
5197
5197
5197
5197
5197
5197
5197
5197
5197
5197
5197
5197
5197
5197
5197
5197
5197
5197
5197
5197
5197
5197
5197
5197
5197
5197
5197
5197
5197
5197
5197
5197
5197
5197
5197
5197
5197
5197
5197
5197
5197
5197
5197
5197
5197
5197
5197
5197
5197
5198
5198
5198
5198
5198
5198
5198
5198
5198
5198
5198
5198
5198
5198
5198
5197
5197
5197
5197
5197
5197
5197
5197
5197
5197
5198
5198
5198
5198
5197
5198
5197
5197
5197
5197
5197
5197
5197
5197
5197
5197
5198
5198
5198
5198
5198
5198
5197
5197
5197
5197
5197
5197
5197
5197
5197
5197
5197
5197
5197
5197
5197
5197
5197
5197
5197
5197
5197
5197
5197
5197
5197
5197
5197
5197
5197
5197
5197
5197
5197
5197
5197
5197
5197
5197
5198
5197
5197
5197
5197
5197
5197
5197
5197
5197
5197
5197
5197
5197
5197
5197
5197
5197
5197
5197
5197
5197
5197
5197
5197
5197
5197
5197
5197
5197
5197
5197
5197
5197
5198
5198
5198
5198
5198
5198
5198
5198
5198
5198
5198
5198
5198
5198
5197
5197
5197
5197
5197
5197
5197
5197
5197
5197
5197
5197
5197
5197
5197
5197
5197
5197
5197
5197
5197
5196
5196
5196
5196
5196
5196
5196
5196
5196
5196
5196
5196
5197
5197
5197
5197
5197
5198
5198
5198
5198
5198
5198
5198
5198
5198
5198
5198
5198
5198
5198
5198
5198
5198
5198
5198
5193
5193
5193
5193
5193
5193
5193
5193
5193
5193
5193
5193
5193
5193
5193
5193
5193
5193
5193
5192
5192
5192
5192
5197
5197
5197
5197
5197
5197
5197
5197
5197
5197
5197
5197
5197
5197
5197
5197
5197
5197
5197
5197
5197
5197
5197
5198
5198
5198
5198
5198
5198
5198
5198
5198
5198
5198
5198
5198
5198
5198
5197
5197
5197
5197
5197
5197
5197
5197
5197
5197
5197
5197
5197
5197
5197
5197
5197
5197
5197
5197
5197
5197
5197
5197
5197
5197
5197
5197
5197
5197
5198
5198
5198
5198
5198
5198
5198
5198
5198
5198
5198
5198
5198
5198
5198
5198
5197
5197
5197
5197
5197
5197
5197
5197
5197
5196
5196
5197
5197
5197
5197
5197
5197
5197
5198
5198
5198
5198
5198
5198
5198
5198
5198
5198
5198
5198
5198
5198
5198
5198
5198
5198
5198
5198
5198
5198
5198
5198
5198
5198
5198
5198
5197
5197
5197
5197
5197
5197
5197
5197
5197
5197
5197
5197
5197
5197
5197
5197
5198
5198
5198
5198
5198
5198
5198
5198
5198
5198
5198
5198
5198
5198
5198
5198
5198
5198
5198
5198
5198
5198
5198
5198
5198
5198
5198
5198
5198
5198
5198
5198
5198
5197
5197
5198
5198
5198
5198
5198
5198
5198
5198
5198
5198
5198
5198
5198
5198
5198
5198
5198
5198
5198
5198
5198
5198
5198
5198
5198
5198
5198
5198
5198
5197
5197
5197
5197
5197
5197
5197
5197
5197
5197
5197
5197
5197
5197
5197
5197
5197
5197
5197
5197
5197
5197
5197
5197
5197
5197
5197
5197
5197
5197
5197
5197
5197
5197
5197
5197
5197
5197
5197
5197
5197
5197
5197
5197
5197
5197
5197
5197
5197
5197
5197
5197
5198
5198
5198
5198
5198
5198
5198
5198
5198
5198
5198
5198
5198
5198
5198
5198
5198
5198
5198
5198
5198
5198
5198
5198
5198
5198
5198
5198
5198
5198
5198
5198
5198
5198
5198
5198
5197
5197
5198
5198
5198
5198
5198
5198
5198
5198
5198
5198
5198
5198
5198
5198
5198
5198
5198
5198
5198
5198
5198
5198
5198
5198
5198
5198
5198
5198
5198
5198
5198
5198
5198
5198
5198
5198
5198
5198
5198
5198
5198
5198
5198
5198
5198
5198
5198
5198
5198
5198
5198
5198
5198
5198
5198
5198
5198
5198
5198
5198
5198
5198
5198
5198
5198
5198
5198
5198
5198
5198
5197
5197
5197
5197
5197
5196
5196
5197
5197
5197
5197
5197
5197
5197
5197
5197
5198
5198
5198
5197
5197
5197
5197
5197
5197
5198
5198
5198
5198
5198
5198
5198
5198
5197
5197
5198
5198
5198
5198
5198
5198
5198
5198
5198
5198
5198
5198
5198
5198
5198
5198
5198
5198
5197
5197
5197
5197
5197
5197
5197
5197
5197
5197
5197
5197
5197
5197
5197
5197
5197
5197
5197
5197
5197
5197
5198
5198
5198
5198
5198
5198
5198
5198
5198
5198
5198
5198
5198
5198
5198
5198
5197
5197
5197
5197
5197
5197
5197
5197
5197
5197
5197
5197
5197
5197
5197
5197
5197
5197
5197
5197
5197
5197
5197
5197
5197
5197
5197
5197
5197
5197
5197
5197
5197
5197
5197
5197
5197
5197
5197
5197
5197
5197
5197
5197
5197
5197
5197
5197
5197
5197
5197
5197
5196
5196
5196
5197
5197
5197
5198
5198
5198
5197
5197
5197
5197
5197
5198
5198
5197
5197
5197
5197
5197
5197
5197
5197
5197
5197
5197
5197
5197
5197
5197
5197
5197
5197
5197
5197
5197
5197
5197
5197
5197
5197
5197
5197
5197
5197
5197
5197
5197
5197
5197
5197
5196
5197
5197
5197
5197
5197
5197
5197
5197
5197
5197
5197
5197
5197
5197
5197
5197
5197
5197
5197
5198
5197
5197
5197
5197
5197
5197
5197
5197
5198
5198
5198
5198
5198
5198
5198
5198
5198
5198
5198
5198
5198
5198
5198
5198
5198
5198
5198
5198
5198
5198
5198
5198
5198
5198
5198
5198
5198
5198
5198
5198
5198
5198
5198
5198
5198
5198
5198
5197
5198
5198
5198
5198
5198
5198
5198
5198
5198
5198
5198
5198
5198
5198
5198
5198
5198
5198
5198
5198
5198
5198
5198
5198
5198
5198
5198
5198
5198
5198
5198
5198
5198
5198
5198
5198
5198
5198
5198
5198
5198
5198
5198
5198
5198
5198
5198
5198
5197
5197
5197
5197
5197
5197
5197
5197
5197
5197
5197
5197
5197
5197
5197
5198
5198
5198
5198
5198
5198
5198
5198
5198
5198
5198
5198
5198
5198
5198
5198
5198
5198
5197
5197
5197
5197
5196
5196
5196
5196
5196
5197
5197
5197
5197
5197
5198
5198
5198
5198
5198
5198
5198
5198
5198
5198
5198
5198
5198
5198
5198
5198
5198
5198
5198
5198
5198
5198
5198
5198
5198
5198
5198
5198
5198
5198
5198
5198
5198
5198
5198
5198
5198
5198
5198
5198
5198
5198
5198
5198
5198
5198
5198
5198
5198
5198
5198
5198
5198
5198
5198
5198
5198
5198
5198
5198
5198
5198
5198
5198
5198
5198
5198
5198
5198
5198
5198
5198
5198
5198
5198
5198
5198
5198
5198
5198
5198
5198
5198
5198
5198
5198
5198
5198
5198
5198
5198
5198
5198
5198
5198
5198
5198
5198
5198
5198
5198
5198
5198
5198
5198
5198
5198
5198
5198
5198
5198
5198
5198
5198
5198
5198
5198
5198
5198
5198
5198
5198
5198
5198
5198
5198
5198
5198
5198
5198
5198
5197
5197
5197
5197
5197
5197
5197
5197
5197
5197
5197
5197
5197
5197
5197
5197
5197
5197
5197
5197
5197
5197
5197
5197
5197
5197
5197
5197
5197
5197
5197
5197
5197
5197
5197
5197
5197
5197
5197
5197
5197
5197
5197
5197
5198
5198
5198
5198
5198
5198
5198
5198
5198
5198
5198
5198
5198
5198
5198
5198
5198
5198
5198
5198
5198
5198
5198
5198
5198
5198
5198
5198
5198
5198
5198
5198
5198
5198
5198
5198
5198
5198
5198
5198
5198
5198
5198
5198
5198
5198
5198
5198
5198
5198
5198
5198
5197
5197
5197
5197
5197
5198
5198
5198
5198
5198
5198
5198
5198
5198
5198
5198
5198
5198
5198
5198
5198
5198
5198
5198
5198
5198
5198
5198
5198
5198
5198
5198
5198
5198
5198
5198
5198
5198
5198
5198
5198
5198
5198
5198
5198
5198
5198
5198
5198
5198
5198
5198
5198
5198
5198
5198
5198
5198
5198
5198
5198
5198
5198
5198
5198
5198
5198
5198
5198
5198
5198
5198
5198
5198
5198
5198
5198
5198
5198
5198
5198
5198
5198
5198
5198
5198
5198
5198
5198
5198
5198
5198
5198
5198
5198
5198
5198
5198
5198
5198
5198
5198
5198
5198
5198
5198
5198
5198
5198
5198
5198
5198
5198
5198
5198
5198
5198
5198
5198
5198
5198
5198
5198
5198
5198
5198
5198
5198
5198
5198
5198
5198
5198
5198
5198
5198
5198
5198
5198
5198
5198
5198
5198
5198
5198
5198
5198
5198
5198
5198
5198
5198
5198
5198
5198
5198
5198
5198
5198
5198
5198
5198
5198
5198
5198
5198
5198
5198
5198
5198
5198
5198
5198
5198
5198
5198
5198
5198
5198
5198
5198
5198
5198
5198
5198
5198
5198
5197
5197
5197
5197
5196
5196
5196
5196
5197
5197
5197
5197
5197
5197
5198
5198
5198
5198
5198
5198
5198
5198
5198
5198
5198
5198
5198
5198
5198
5198
5198
5198
5198
5198
5198
5198
5198
5198
5198
5198
5198
5198
5198
5198
5198
5198
5198
5198
5198
5198
5198
5198
5198
5198
5198
5198
5198
5198
5198
5198
5198
5198
5198
5198
5198
5198
5198
5198
5198
5198
5198
5198
5198
5198
5198
5198
5198
5198
5198
5198
5198
5198
5198
5198
5198
5198
5198
5198
5198
5198
5198
5198
5198
5198
5197
5197
5197
5197
5197
5197
5197
5198
5198
5198
5198
5198
5198
5198
5198
5198
5198
5198
5198
5198
5198
5198
5198
5198
5198
5198
5198
5198
5198
5198
5198
5198
5198
5198
5198
5198
5198
5198
5198
5198
5198
5198
5198
5198
5198
5198
5198
5198
5198
5198
5198
5198
5198
5198
5198
5198
5198
5198
5198
5198
5198
5198
5198
5198
5198
5198
5198
5198
5198
5198
5198
5198
5198
5198
5198
5198
5198
5198
5198
5198
5198
5198
5198
5198
5198
5198
5198
5198
5198
5198
5198
5198
5198
5198
5198
5198
5198
5198
5198
5198
5198
5198
5198
5198
5198
5198
5198
5198
5198
5198
5198
5198
5198
5198
5198
5198
5198
5198
5198
5198
5198
5198
5198
5198
5198
5198
5198
5198
5198
5198
5198
5198
5198
5198
5198
5198
5198
5198
5198
5198
5198
5198
5198
5198
5198
5198
5198
5198
5198
5198
5198
5198
5198
5198
5198
5198
5198
5198
5198
5198
5198
5198
5198
5198
5198
5198
5198
5197
5197
5197
5197
5197
5197
5197
5197
5197
5197
5198
5198
5198
5198
5198
5198
5198
5198
5198
5198
5198
5198
5198
5198
5198
5198
5198
5198
5198
5198
5198
5198
5198
5198
5198
5198
5198
5198
5198
5198
5198
5198
5198
5198
5198
5198
5198
5198
5198
5198
5198
5198
5198
5198
5198
5198
5198
5198
5198
5198
5198
5198
5198
5198
5198
5198
5198
5198
5198
5198
5198
5198
5198
5198
5198
5198
5198
5198
5198
5198
5198
5198
5198
5198
5198
5198
5198
5198
5198
5198
5198
5198
5198
5198
5198
5198
5198
5198
5198
5198
5198
5198
5198
5198
5198
5198
5198
5198
5198
5198
5198
5198
5198
5198
5198
5198
5198
5198
5198
5198
5198
5198
5198
5198
5198
5198
5198
5198
5198
5198
5198
5198
5198
5198
5198
5198
5198
5198
5198
5198
5198
5198
5198
5198
5198
5198
5198
5198
5198
5198
5198
5198
5198
5198
5198
5198
5198
5198
5198
5198
5198
5198
5198
5198
5198
5198
5198
5198
5198
5198
5198
5198
5198
5198
5198
5198
5198
5198
5198
5198
5198
5198
5198
5198
5198
5198
5198
5198
5198
5198
5198
5198
5198
5198
5198
5198
5198
5198
5198
5198
5198
5198
5198
5198
5198
5198
5198
5198
5198
5198
5198
5198
5198
5198
5198
5198
5198
5198
5198
5198
5198
5198
5198
5198
5198
5198
5198
5198
5198
5198
5198
5198
5198
5198
5198
5198
5198
5198
5198
5198
5198
5198
5198
5198
5198
5198
5198
5198
5198
5198
5198
5198
5198
5198
5198
5198
5198
5198
5198
5198
5198
5198
5198
5198
5198
5198
5198
5198
5198
5198
5198
5197
5197
5197
5197
5197
5197
5197
5197
5197
5197
5197
5198
5198
5198
5198
5198
5198
5198
5198
5198
5198
5198
5198
5198
5198
5198
5198
5198
5198
5198
5198
5198
5198
5198
5198
5198
5198
5198
5198
5198
5198
5198
5198
5198
5198
5198
5198
5198
5198
5198
5198
5198
5198
5198
5198
5198
5198
5198
5198
5198
5198
5198
5198
5198
5198
5198
5198
5198
5198
5198
5198
5198
5198
5198
5198
5198
5198
5198
5198
5198
5198
5198
5198
5198
5198
5198
5198
5198
5198
5198
5198
5198
5198
5198
5198
5198
5198
5198
5198
5198
5198
5198
5198
5198
5198
5198
5198
5198
5198
5198
5198
5198
5198
5198
5198
5198
5198
5198
5198
5198
5198
5198
5198
5198
5198
5198
5198
5198
5198
5198
5198
5198
5198
5198
5198
5198
5198
5198
5198
5198
5198
5198
5198
5198
5198
5198
5198
5198
5198
5198
5198
5198
5198
5198
5198
5198
5198
5198
5198
5198
5198
5198
5198
5198
5198
5198
5198
5198
5198
5198
5198
5198
5198
5198
5198
5198
5198
5198
5198
5198
5198
5198
5198
5198
5198
5198
5198
5198
5198
5198
5198
5198
5198
5198
5198
5198
5198
5198
5198
5198
5198
5198
5198
5198
5198
5198
5198
5198
5198
5198
5198
5198
5198
5198
5198
5198
5198
5198
5198
5198
5198
5198
5198
5198
5198
5198
5198
5198
5198
5198
5198
5198
5198
5198
5198
5198
5198
5198
5198
5198
5198
5198
5198
5198
5198
5198
5198
5198
5198
5198
5198
5198
5198
5198
5198
5198
5198
5198
5198
5198
5198
5198
5198
5198
5198
5198
5198
5198
5198
5198
5198
5198
5198
5198
5198
5198
5198
5198
5198
5198
5198
5198
5198
5198
5198
5198
5198
5198
5198
5198
5198
5198
5198
5198
5198
5198
5198
5198
5198
5198
5198
5198
5198
5198
5198
5198
5198
5198
5198
5198
5198
5198
5198
5198
5198
5198
5198
5198
5198
5198
5198
5198
5198
5198
5198
