7298
3697
8070
3633
3957
3984
3646
3984
3984
3984
4386
4386
4006
4007
3610
4046
4157
4156
4255
4010
3766
3364
3609
3582
3244
3488
3890
3895
3381
3382
3541
2914
3311
3306
3062
2951
2409
2409
2012
1610
1615
1179
881
908
663
774
1154
1696
1585
1923
1875
1875
1986
1875
2389
2791
2791
2764
2763
3199
3596
3160
3787
3688
3683
3303
3739
3983
3988
4233
4074
3638
3096
3532
3287
3288
2661
2147
1823
1824
1824
1935
2034
1935
1538
2052
2679
2679
2674
2673
2562
2160
2540
2104
2203
2314
1800
1701
1363
1608
1613
1233
1260
1696
2210
2508
2263
2643
3045
3018
3066
3066
3093
3431
3432
3321
3566
3518
3004
2706
2705
2678
2678
3002
3002
2757
2756
2320
2347
2348
2343
2857
2857
2968
2857
2905
3016
2772
2434
2593
2598
3140
3239
3128
3564
3675
3675
4013
4014
4312
4201
3821
4218
3920
3582
3040
2941
3239
3484
3457
3452
3154
3534
3486
3486
3824
3422
3084
3626
3631
4033
3597
3895
3498
3742
3497
3173
3609
3708
4046
4370
4615
4073
4100
4211
4210
4051
3952
3572
3461
2834
2398
2398
2398
2371
2807
2806
2801
2802
3344
3020
2506
2208
2835
2862
3376
3377
2750
2236
2236
1834
1833
2213
2186
2700
3097
3145
3144
3096
3394
3718
3877
3976
3976
3579
3335
3011
2673
3075
3080
3477
3525
3011
2631
3258
3369
3369
3369
3258
3502
3105
2563
2563
2943
2507
2348
1946
2343
2857
2858
2969
2589
2969
2572
2974
2347
2974
2729
2728
2484
2920
2540
2441
2441
2983
3227
3179
3338
3437
3464
3802
3691
3802
3797
3638
3638
3797
3845
3797
3638
3202
3091
3202
3638
3611
3612
4009
3765
3654
3655
3654
4034
3736
3334
2996
2897
3235
6468
6468
3261
2881
3125
3236
3236
3638
3638
3639
3937
4317
3881
4317
4290
4295
3753
3912
3476
3477
3913
4237
4236
3992
3987
3987
4014
4015
4015
3717
3716
3716
3392
3012
3012
3310
2972
3020
3119
3119
3124
2610
2854
2827
2668
2557
2155
2155
2314
2856
3180
3132
2888
3132
3470
3850
3691
3692
3740
3851
4096
4095
4047
3803
3367
2987
2689
2351
2731
2730
2889
2644
2264
2508
2888
2491
2491
2888
2936
2936
3274
3275
3677
3629
3629
3628
3290
2888
2888
2346
2782
2783
2810
2413
1786
1787
1787
2085
1787
1351
1351
1107
1080
1594
1080
1378
1378
1780
1456
1451
1456
1451
1993
1998
2242
2290
2290
2535
2534
1992
2019
2646
2645
2265
2265
2662
2662
2035
2036
2360
2201
2196
2201
2153
2153
2152
2125
2752
2747
2752
2911
2752
2454
2481
2917
3297
2670
3008
2764
2653
3195
2653
2764
2812
2971
2860
2855
2531
2372
2377
3004
2666
2269
2607
2580
2580
2200
2580
2691
3088
3386
3088
3089
3084
3085
3409
3409
3951
3840
3741
3114
3628
3633
3877
3904
4202
4202
4301
4274
4901
4603
3976
3732
3732
4030
3982
3440
3439
3598
3260
2824
2422
2025
1511
1187
1187
1589
2216
1814
1809
1809
1814
2138
1758
2155
1857
2293
2292
2292
2047
1611
1452
1697
1995
1697
1856
2258
2159
2539
2638
3180
2638
3152
3490
2976
3220
3656
4170
3846
4170
3790
3901
3902
4282
4824
4665
4665
4963
4852
4455
4053
4455
4210
4455
4210
4211
4456
4451
4450
4451
3824
3282
3824
3872
3492
4119
4516
4627
4329
3815
3716
4096
3554
3309
3308
3822
3822
4120
3876
3881
3583
3827
3986
3981
3870
3468
3766
3877
3904
3903
4148
3634
3336
3225
3324
3297
3053
3455
3407
3705
3460
3508
3619
3321
3210
3162
3162
3003
3162
2765
2363
2661
2688
2350
2350
2191
2196
1816
2196
2169
2414
2034
1935
2449
1935
1983
1984
1984
1985
2144
2139
2238
2243
2785
2785
3123
3525
3477
3041
3068
3041
3477
3472
3869
3874
3901
3900
3503
3883
3481
3476
3990
3989
3830
3803
3914
3941
3942
4186
4234
4234
3854
3516
3913
4293
4695
4696
4398
4398
3996
3616
3616
3219
3192
3191
3218
3217
3218
3191
3191
3588
3343
3295
3593
3349
3593
3838
3843
3599
3979
3978
3464
3465
3464
3978
4316
3802
3691
3691
3353
3353
3755
3319
3430
3430
3132
2808
3052
2941
2942
3456
3457
3456
3451
3452
3055
3055
3452
3457
3358
3682
3682
3709
3708
3703
3459
3214
2700
2298
2812
2185
2483
2103
2076
2703
3105
3216
3554
3653
3653
3139
2815
2418
2466
2980
3224
3251
3250
3686
3575
3061
3306
2904
3284
3185
3185
2643
2802
2643
2399
2941
2946
2701
2321
2321
2322
2322
2024
1997
1997
2156
2558
2510
2907
2569
2907
2907
3006
3001
3000
3380
3281
3795
6914
6914
3556
3880
6732
6732
6732
5938
2970
3214
6426
3214
3214
3115
3360
3360
3365
3762
3220
3734
4032
4032
4131
3695
3743
3341
3368
2988
2989
3369
3124
2800
2173
1659
1632
1473
1093
1529
1285
1530
1133
1132
1512
1507
1262
1262
1261
1262
1804
2048
2075
2234
1692
1697
1399
1737
1732
1573
1970
2081
2081
2081
2708
2660
2322
2481
2237
2237
2236
2638
2638
2639
2963
3208
2811
2784
3326
3167
3056
3394
3395
3071
3315
3315
2688
2688
2693
2257
2581
2978
2879
2482
2641
2397
2396
2396
2016
2452
2114
2162
2261
2288
1886
1881
1636
1637
2017
2016
2021
1697
2094
2067
2405
2404
2918
3163
3158
3560
3046
2887
2998
2998
3625
3514
3541
3542
3542
3145
3469
3767
3469
3628
3872
4269
3833
3944
3542
3431
2804
2804
2262
2262
2267
2703
2459
2861
3375
3037
3037
3335
3090
2991
2991
2986
2827
2503
2502
2122
2074
2318
2563
2943
2944
3486
3084
3183
3231
3204
3203
3104
3105
3732
3737
3439
2897
3221
3248
3790
4128
3883
3545
3843
3463
3843
3519
2977
3301
3301
2977
2976
2976
3300
3300
3411
3113
3515
3118
3091
3190
3587
3885
3258
3259
3886
3913
3912
3907
3505
3108
3353
3055
2675
2680
2978
2680
2680
3060
3033
3371
3323
3224
3225
3622
3378
3373
2746
3148
3307
3334
3876
3479
3234
2720
2396
1960
2205
1960
2396
2058
2302
1922
1486
1883
1639
1738
1739
2063
2499
2388
2632
2930
2533
2131
2511
2622
2324
2662
2635
2536
2781
2537
2199
2713
2277
2713
2740
2739
2580
2824
3162
3321
3420
2984
2660
3062
3061
3061
3062
2903
2501
2121
1579
2121
2523
2959
2714
2687
3314
3694
3721
3966
4290
3776
4290
4290
3776
3824
3823
3796
4094
4491
4650
4539
4540
3913
3477
3482
3102
3538
3538
3136
3247
3649
3649
3644
3533
3195
2798
2396
1960
1636
1974
1676
2000
2627
2528
1901
2303
1761
1761
2141
2252
2253
2253
2258
2556
2232
1987
2614
2613
3127
3524
3525
4067
4067
3670
3559
3559
3179
3020
2776
2776
2775
3019
3455
3117
3112
2710
3112
3450
2936
2598
2300
2300
2638
2643
2754
2781
2880
2781
3105
3106
2704
2380
2479
2881
2543
1916
2161
2459
2458
2347
2744
3258
3231
2986
2987
3146
3470
3172
3013
3012
3011
3256
3012
3639
3640
3639
3125
2728
2729
2484
2082
1540
2082
2596
2841
2596
2160
2160
2161
1837
1948
1900
1386
1287
1286
1531
1579
1917
1916
2318
1776
2318
2207
2604
3118
3118
3145
2603
2576
2528
2131
2567
1940
1538
1538
1539
1941
2483
2880
2880
2875
2876
3120
3231
3236
2722
2821
2821
2279
2603
2504
2259
2886
2548
2647
2245
2245
2404
2160
2049
1613
1661
1906
1906
1906
2308
2307
2308
2744
2743
3123
3665
3038
3336
3177
3804
4318
3882
4041
3639
3883
3835
4237
3695
3596
3596
3351
3352
3463
3463
3165
3601
3600
3441
3686
3686
3686
3306
3305
2678
2777
2678
2433
2036
2416
2014
2014
2113
1599
1163
1501
1501
1898
2440
2329
2329
2440
2954
2954
2955
3114
2776
2776
2776
3074
2776
2262
2151
2396
2396
2151
2152
2152
2588
2152
2397
2397
2238
2752
2507
2845
2956
3201
3102
3201
3499
3102
2991
3150
3150
3150
3586
3044
3671
3427
3538
3586
3988
3988
3474
3426
3670
3234
3135
2837
2457
2837
2836
2498
2498
2498
2836
2209
1965
1563
1562
2189
2586
2634
2523
2524
2519
2817
3253
3252
3204
3315
3414
3303
2867
3409
3111
3159
3164
2767
2878
3176
2549
2549
2576
2576
2238
2238
2674
2575
2575
2033
2034
2576
2196
2148
2147
2391
2392
1956
1845
1893
1866
1977
1976
2412
2253
2880
2881
3283
3442
3442
3437
3192
3191
3192
2894
2894
2921
3166
3680
3436
3680
3679
3680
4060
4012
3985
4012
4350
4648
4647
4020
3640
3641
3740
3713
4093
3994
3995
4000
3620
4017
3693
3291
3290
3389
4016
4043
3705
3308
3356
3351
3192
2756
3080
2756
2757
2757
3159
2617
2616
2775
2616
2621
2620
2106
1862
2298
2000
1373
1368
1910
1915
2253
2650
2651
3031
2932
3091
3389
3389
3144
2747
2742
3066
3693
3938
4452
4696
4697
4697
4261
4261
4213
3889
4286
4286
3906
3906
3279
3278
3251
3140
2598
2201
2637
2748
2504
2393
2393
3020
2861
3105
3502
3882
3480
3579
3903
3506
3126
3237
3617
3319
3319
3220
3268
2832
2508
2513
2268
2670
2829
2824
3148
3393
3234
3776
3875
4311
3973
3978
3576
3576
3735
3624
3525
3525
3526
2984
2470
2581
2581
2581
2581
2580
2679
2580
2579
3121
2962
2638
3152
2907
2908
2908
3310
3608
3635
3391
3490
3391
3715
3714
3278
3523
3496
3491
3111
3355
3110
3110
3115
3115
3004
3163
3543
3881
3479
3506
3458
3569
3569
3055
3050
3149
2905
2910
3307
2983
2603
2604
2207
2207
2452
2353
2789
3169
3142
3143
2845
3169
3566
3864
4108
4107
4107
4155
4156
3720
3719
4155
3996
4155
4254
4281
4282
4282
4282
3846
3522
3474
3375
3077
3479
3478
3577
3478
3076
3478
3478
3478
3477
3477
3232
3530
3531
3287
3335
3659
4173
4174
4063
4058
4063
3549
3660
3336
3336
2956
3201
3715
3377
3377
3813
3813
4137
4132
4512
4214
4512
4512
4353
4353
4242
4241
4214
3672
4010
4010
3962
3717
3961
4072
4099
3761
3860
4019
4020
3696
3696
3597
3596
3597
4139
4187
4076
3917
3673
3293
3392
2990
2989
3391
3396
3720
3621
3620
3322
2695
2647
2746
2794
3421
2985
2886
3224
3176
3287
2890
3188
3161
2823
2824
2851
3096
3095
3143
3523
3622
3324
3297
3249
3493
3929
3924
4262
4263
3636
3391
3053
3298
3298
3457
4084
3925
3952
3708
3708
3328
3327
3300
3598
3162
3162
3167
3326
2784
3181
3519
3546
3594
4030
3633
3474
3038
3474
3136
3137
2892
2865
2892
2865
3407
3005
3250
3588
3968
4127
3500
2986
3500
3500
3744
3645
3265
3154
3153
2639
2640
2481
2883
2341
2336
2495
3037
2878
3505
3260
2824
2923
2625
3005
3006
3006
3005
3164
3116
3116
2792
3037
2635
2636
2635
3032
3143
3032
3033
3144
2899
2898
2899
3413
3254
3413
2871
2919
2918
2923
2679
2977
2929
3174
3174
3173
3715
3742
3497
3470
3471
3312
3313
3472
3361
3763
4007
3605
4041
4041
3703
4027
4429
3887
3485
3485
3241
3241
3082
3241
2844
2871
2870
2572
2620
2593
2494
2114
1487
1487
1514
1812
1785
1785
1785
1812
1653
1653
2055
2435
2594
2839
2834
3172
3172
3171
3713
3824
3797
3283
2985
2826
2446
2122
2636
3033
3331
3575
3674
3376
3377
3377
3378
2942
3266
2864
2863
2862
2751
3049
3485
3088
3088
2652
2652
2679
2381
2492
2928
2901
3281
3036
3036
2988
2608
2094
2094
1983
1983
1645
1983
1984
2095
1553
1580
1553
1955
1960
1622
1617
1506
1506
2020
2025
2363
2905
2932
2931
2932
2933
2928
3555
3554
3559
3939
3939
3537
3782
3783
3783
3783
3538
3294
3267
3294
3405
3650
3894
3556
3529
3529
3524
3926
3412
3412
3313
3069
3313
2911
3425
3452
3341
3341
3341
3389
3341
3440
3837
3837
3836
3809
4211
4216
3972
3971
3972
3575
3033
2788
2815
2926
2925
3263
3258
3417
3390
3787
3463
3464
3463
3066
2630
2954
3496
3116
3121
3121
3419
3414
2872
2245
1921
2165
2165
1763
1764
1764
1765
1813
2058
2455
2891
2494
2896
3293
2995
2994
2558
2557
2584
2882
2882
2883
2835
2676
2835
2537
2835
2724
2479
2181
2154
2155
2535
2583
2583
2535
2859
3295
2971
2971
2971
2812
2376
2812
2839
3137
3461
3620
3620
4247
4247
4252
4300
3864
3859
4104
4104
4077
4077
3675
4217
3820
3820
3496
3495
3495
2868
3270
3897
3897
4294
4294
4321
3941
3941
3544
3868
3841
4238
4190
4626
4229
3793
3793
3794
3695
4092
3465
3492
3872
3358
3358
3406
3406
3379
3134
2890
2917
3028
3542
3218
3218
3317
3158
3594
3593
3255
3156
2858
2344
2343
2681
2633
2522
2681
2792
2792
2797
2770
2771
3285
3529
2987
3035
3035
3035
2638
2638
2124
2666
2666
2328
2169
2169
2169
1925
2084
2329
2329
2428
2825
2726
2825
2283
2278
2905
2906
2747
3085
3599
3599
4141
3599
3599
3219
3108
3406
3406
3009
3253
2915
2671
2670
2425
2127
2425
2426
2585
2829
2829
2828
2833
2832
2784
2382
2493
3035
3373
3373
3421
3422
3374
3698
3262
3664
3326
3321
3326
3167
3167
3194
3242
2615
2615
2616
2954
2843
3223
3850
3850
3448
3447
2933
3330
3844
3844
3520
3182
2640
2342
2884
2640
2751
2751
2724
2969
2572
2731
2104
2104
2348
2349
2751
2751
2703
2604
2603
2492
2487
2514
2000
2000
2298
2298
2271
2298
2346
2298
2734
2575
2623
2782
2734
2739
3063
3062
3063
3063
2739
3136
2594
2350
2977
2597
2597
2977
2350
2864
2462
2457
2462
2561
2885
2886
3428
3766
3765
3251
3251
2854
2854
2556
2555
2556
2604
2604
2266
2239
2239
2239
2753
2429
2826
2826
3164
2784
2785
3412
3792
3547
3499
2985
3499
3498
3609
3933
3595
3484
3728
3728
3728
3973
3576
3417
3814
3378
3379
3134
3133
3431
3479
3155
3150
3552
3553
3552
3551
3551
3552
3172
2630
2582
2920
2518
2898
2600
2924
2924
2929
2928
2829
2830
2825
2825
2487
2889
2262
2889
3000
3436
3774
4019
3681
3686
3686
3059
3054
3054
3681
3054
3392
3392
3068
3073
3615
4242
3904
3952
3438
3537
3489
3053
3212
2585
2612
3239
3128
2969
3483
3478
3802
3802
3288
3289
3803
3406
3454
3454
3210
3646
3757
3757
3756
4000
4338
4094
3849
3525
3530
3828
3827
3822
3420
3664
3228
3229
2891
2891
2377
2350
2351
2351
2350
2864
2765
2251
2496
2495
2496
2496
2448
2547
2552
2552
3066
2524
2524
2524
2144
2144
2482
2806
3203
3203
3202
3744
3633
3633
3628
3384
3285
3396
3444
2902
2907
2280
2281
2683
3063
3064
2766
2925
2523
2523
2523
2522
2621
2616
2102
2644
2643
2644
2942
2942
2783
2784
2460
2896
3298
3298
3298
2901
3528
3283
3310
3262
3163
3408
3408
3652
3272
2870
3029
3029
3029
3002
3007
3006
3033
3413
3927
3816
3927
3975
3864
3705
3325
3298
3622
3617
3617
3293
3392
3503
2961
3363
3119
2683
3063
3062
3062
3459
3460
2946
2549
2946
2951
2903
2903
3147
2767
2766
3308
3335
3335
3494
3489
4003
4008
3611
4008
3494
3495
3819
3814
3516
3521
3277
3657
3658
3658
3334
2932
2931
2304
2205
2304
2304
1966
2210
2548
2596
3110
3737
3493
3929
3830
3450
3205
2578
2902
2901
2901
3528
3092
3390
3092
3087
3467
3765
4201
3877
3882
3882
3834
3835
3293
3134
3379
3268
3268
3267
2640
3042
2640
2884
3426
3426
3088
3136
3109
2729
3356
3308
2766
2252
2247
1620
1647
2274
2029
2431
2542
2787
2489
2462
2462
2463
2352
2400
2405
2406
2161
2156
2494
2156
2155
2182
2155
2107
2106
2106
2351
2649
2351
2893
2941
2941
2942
2545
2704
3218
3218
2591
2590
2590
2888
2915
2867
3205
3585
3982
3982
3644
3242
2997
2455
2455
2455
2997
3335
3335
2821
3223
3468
3468
3309
3823
3823
3823
3579
3552
8358
8358
8846
8846
8250
8898
8898
4560
4560
4608
4767
4523
4821
4773
4773
4449
4111
4355
3919
3919
4257
3919
3522
3224
3251
3251
3007
3331
3304
3331
3172
3172
2927
2525
2530
2016
2452
2750
2849
3187
3160
3208
3203
3230
3389
2953
2326
2723
2425
3052
3053
3058
3058
2734
2735
2730
3054
3053
3026
3462
3461
3461
3461
3863
3868
3769
3769
3227
3222
3520
3084
3084
2925
2925
3024
3024
3268
2888
2840
2741
2986
3034
2986
2741
2741
2741
2344
2344
2589
3103
3500
3880
7112
7112
3880
3478
3478
3577
2950
3577
3466
3493
3929
3532
3533
3581
3581
3554
3256
3257
3013
2914
2913
2533
2288
2293
2404
2404
2563
2807
2293
1955
2335
2633
2632
3034
2736
3074
3075
2916
3430
3186
3138
3186
2862
2889
2884
2883
2856
3015
3412
3010
3255
3657
3657
3030
2692
3319
2917
3016
2502
3044
3044
2885
3209
3210
3211
3210
3454
2827
2832
2832
2733
3360
3519
3360
2733
2622
2621
2297
2297
2324
2648
2600
2898
2893
2992
2612
2176
2224
2229
2340
2742
2743
3257
3209
3209
3182
3562
3589
3590
3210
3548
3210
3837
3832
3290
3290
3289
2662
2417
2797
2798
2797
2400
2836
3081
2837
3379
3538
3024
3023
3267
3268
3269
3607
3607
3606
3282
3123
2721
2880
2881
2886
2885
3399
3398
3299
3054
3054
3027
2783
2624
2869
2869
3193
3590
3638
3638
3882
3340
2960
2987
2743
2229
2230
2744
2696
2695
2668
2663
2664
2228
2387
2387
2789
2837
3273
2935
2935
3315
3017
2858
2613
2772
2375
2474
2812
3056
3061
3603
3848
3848
3843
3463
3463
3843
3843
3848
3524
3476
3096
3091
3118
3123
3122
3122
2878
2633
2634
2092
2092
2337
2238
2233
2332
2221
2269
2242
2622
2733
3057
3454
3454
3453
3453
4080
3566
3567
4109
4109
3567
3566
3186
3191
2564
2808
2564
2565
3192
2756
2354
2243
2244
2239
2266
2702
3216
3215
3459
3214
3616
3914
3913
3511
3484
3511
3267
2969
2969
3511
3891
4002
3622
3284
3236
3077
3321
3322
3211
3184
3564
3050
3348
3249
3249
3249
3360
3360
3408
3407
3296
3698
3374
3533
3857
3533
3857
3858
3858
3614
2987
3614
3858
3231
3569
3570
3570
4197
4308
3681
3437
3278
3277
3277
3278
3283
3797
3797
4424
4523
4126
3828
3855
3828
3828
3504
3456
3456
2829
2828
3225
3470
3469
3089
2687
2173
2173
2553
2553
2712
2712
2712
2956
2797
2798
2797
2797
2361
2250
2251
2251
2252
2879
2499
2823
2982
2977
2878
2883
3263
3362
3389
3145
3443
3145
2821
2483
2482
1855
2179
2080
2482
2918
3029
3028
3272
3272
3245
3240
3081
3595
3215
3215
2813
3440
3329
2932
2932
6624
6624
6624
6624
6846
6846
6846
6356
6846
6358
6358
6358
6358
6846
6846
6846
6846
3424
3762
4060
4108
3997
3673
3997
4394
4394
4553
4505
4181
3667
3694
3793
3251
3256
3304
3304
2907
2908
2908
3450
3852
4366
4207
4202
4313
4069
3667
3556
3958
3660
3561
3805
3757
3130
3130
3527
3532
3531
3531
3526
3129
3427
3089
3248
3572
3620
3620
3376
3475
3480
3479
2965
2423
2761
2756
2756
2756
2756
3270
3514
3216
3327
2891
2864
2864
3261
3150
2636
2391
2232
2668
2669
3211
3211
3509
2967
2587
2614
2613
2565
2676
3056
3215
2835
2438
2438
2439
2115
2742
3122
3123
2496
2496
2893
3520
3493
3334
3493
3091
2847
2852
3096
2716
3096
3095
2698
2587
2635
2635
2746
3148
3662
3662
3662
3226
3253
3253
3094
3094
2714
2416
2411
2384
2273
2815
2815
2816
2815
2815
3195
3194
2680
2707
3143
3441
3342
3044
2664
2420
2519
2519
2524
2769
2764
2716
3230
3203
2801
2802
3100
3127
3238
3238
3562
3224
2710
3090
3428
3476
3138
3027
3000
3001
3001
3000
3402
3513
3513
3513
3672
3513
3465
2923
2487
2242
2241
2241
2289
2803
2704
2704
2704
3042
3286
3042
3287
2949
3108
3207
3451
3452
3293
2969
3366
3367
2970
2922
3358
3682
3682
4224
4113
3599
3710
3869
3868
3873
3874
4271
4319
4208
4546
4657
4656
5170
4926
4953
4953
4854
4227
4068
3744
3347
2967
2669
2670
2994
3391
3146
3119
3746
3310
3199
3226
3225
3605
3704
3699
3997
4108
3711
3870
4114
4119
3717
3558
3994
3750
4147
4549
4794
4746
4990
4990
4746
4905
4794
4470
3956
3956
3956
3955
4003
4003
4003
4247
4247
4248
4762
4248
4247
4002
4113
4108
4109
4061
4061
3763
3763
4277
4522
4184
3787
3688
3687
3692
3692
3665
3963
3719
4043
4044
4044
4441
4489
4588
4588
4343
4244
4271
4272
3730
3729
3974
3969
4068
3957
4499
4175
3773
3772
3773
3773
3773
3773
3778
3777
3235
2990
2692
3094
2995
2995
2995
2990
2476
2477
2815
2815
3329
3574
3574
3138
3436
3409
3250
2912
2912
2398
2399
2351
2893
2941
2561
2561
2720
2720
2093
2098
2342
2337
2289
2803
3430
3430
3429
3528
3284
3285
3126
3126
3174
2547
2574
2733
2732
2633
2633
2971
2429
2429
2429
2434
2434
2429
2430
2028
2028
2127
2754
2754
2727
2727
2727
2727
3163
2766
2766
2766
3308
3308
2970
3294
3674
3785
3674
4012
3385
3384
3786
4183
3641
3261
3261
3372
3372
3377
4004
4003
3376
3052
2941
2942
2943
2970
2922
2921
2623
2378
2622
2378
2920
2920
3165
3165
3138
3382
3044
3424
3424
3419
3743
3791
4129
4427
4089
4088
4088
3790
3791
4418
4716
4319
4320
4320
3918
4320
4161
4161
3917
3403
3647
3674
3626
3737
3710
3710
3611
3949
3954
3616
3214
3262
2720
2720
3117
2681
2681
2383
2383
2410
2383
2482
2481
2481
2481
2917
2912
3250
3202
3604
3202
3500
3162
3063
3062
3089
3427
3427
3586
3586
3288
3288
3044
3446
3419
3419
3518
4060
3658
4060
4060
4061
3664
3664
3565
3592
3254
3227
3565
3320
3209
3210
3321
3566
3565
3129
3129
3130
3229
3070
2825
3069
3068
3504
3503
3503
3748
3312
3201
3201
3598
3603
3603
3603
3504
3603
3598
3599
4035
4035
4035
4333
4009
3382
3706
3462
3462
3065
3224
3468
3495
3496
3607
3309
3314
3828
3828
4225
3711
3612
3612
3453
3453
3342
3453
3453
3452
3452
3452
3452
3750
3370
2973
2728
2887
2886
2886
2886
2985
2647
2323
2318
2319
2564
2944
2917
2917
2916
2916
2921
2969
2969
2969
2724
2725
3049
2751
3049
3049
3048
3048
3293
2913
2908
2908
3305
3643
4023
4028
3784
3785
3780
4024
3976
4003
3665
3664
3420
3023
3023
3361
2981
3608
3608
3310
3310
3310
3310
3199
3310
3311
2973
2973
3021
3535
3487
3487
3376
3349
3349
3397
3398
3398
3778
3777
3618
3238
3576
3331
3358
3358
3357
3737
3896
3797
3797
3797
4041
3639
4041
3661
4041
4041
4339
4312
4557
4398
4060
4398
4399
4019
4020
4020
3972
3971
4082
4241
4241
4289
3991
4090
4388
4415
4795
4359
4200
4152
3828
3827
3875
3361
3361
3685
3690
3352
3352
3347
3685
3637
3313
3286
3286
3683
3683
4119
4120
3723
3425
3584
3204
3718
4042
4041
4042
4047
4046
4046
3802
3829
3829
3315
3204
2662
2773
3170
3059
3573
3235
3615
3615
3615
3610
3615
3859
3345
3683
3981
3579
3627
3528
3529
3481
3580
3421
3420
3096
3097
3097
3097
2470
2984
3611
3313
3313
3715
3710
3196
3195
3196
3197
3202
2822
2822
2822
2822
2822
2817
2817
2976
2976
3087
2842
2815
2863
2863
3108
3107
3107
3649
3649
3649
3022
3320
2982
2983
3010
2899
2898
3009
3010
3390
3279
3035
3035
3040
3667
3125
3125
3026
3026
3137
3475
3475
3799
3898
3496
3495
3250
3792
3792
3792
3681
3054
3299
3251
3252
3252
3252
2928
3555
3555
3957
3952
3952
3793
3793
3396
3395
3395
3395
3719
3963
3421
3422
3533
3422
3098
2800
3098
3146
3145
3046
3046
2998
3395
3494
4036
4550
4153
4153
4153
3855
3610
3610
3658
3903
3276
3387
3546
3546
4173
4074
4372
3970
3970
3971
3726
3615
4012
3470
3469
3470
3469
3714
3714
3334
3433
3433
2806
2562
2563
2674
2673
2673
2375
2375
2917
2890
2731
2393
2393
2393
2393
2420
2579
2584
2964
2959
2911
2911
3249
3150
2770
2775
2774
2775
2616
2371
2530
2629
2518
2518
2763
2811
2811
3191
3489
3244
2847
3171
2791
2791
2786
3188
3161
3558
3161
3160
3271
3272
3277
3904
3899
3851
3527
3527
3013
2611
2616
2278
2278
2523
2424
2821
3335
3090
2548
2792
2395
2284
2311
2635
2973
3084
3084
2570
2272
2113
1789
2087
2087
2186
2728
2727
2727
2700
2695
2695
2695
2596
2485
2882
2882
2883
2883
2883
2884
3286
2659
2223
2223
2547
2792
3419
3933
4032
4032
4032
4037
4037
4036
4472
4472
4499
4498
4399
4372
4372
4531
4642
4015
3856
3883
3883
3878
3879
3482
3581
4208
3581
4208
4181
4561
4159
3915
3915
3804
3963
3990
3963
3963
3718
3963
3964
3865
3865
3865
3429
3429
3429
3429
3456
3455
3460
3571
3326
3326
3728
3723
3723
3723
3385
2871
2872
2872
3117
3455
3053
3026
3025
2687
2692
2394
2791
2249
2493
2520
2493
2929
2929
2929
2928
2531
2531
2420
2420
2758
3155
3150
3151
2992
2556
2312
2556
2556
2555
2217
2217
2218
2217
2328
2376
2674
3110
3062
3464
3219
3464
3623
3961
3623
3623
3623
3299
3813
3568
3568
3616
3616
3940
4278
4034
4034
4576
4820
4820
4820
4820
4820
4193
4198
4199
3802
3797
4042
4069
4069
3633
3389
2847
2736
3363
3474
3910
4009
4008
4008
3710
3611
3710
4252
3816
4252
4141
3739
3580
3739
3739
3739
3739
3580
3580
3581
3825
3824
3824
4226
3888
4047
4385
4782
4683
4656
4220
3593
3255
3260
3260
3261
2864
2864
3491
3491
3789
3900
3741
3741
3742
3444
2930
2819
3117
3216
3211
2669
2780
2732
2732
2891
2646
2651
3087
3114
3114
3109
3506
4048
4047
4047
4020
3861
3537
3537
3537
3536
2994
2999
3047
3047
2667
2668
2569
2814
2973
2675
2675
2774
2769
2796
3120
3021
3359
3311
3310
3311
2914
3294
2956
2554
2559
2560
2560
2559
2179
2227
2227
2769
3149
2825
3227
2847
2688
2687
3011
2963
2527
2500
2176
2176
2474
2474
2474
2501
2501
2600
2573
2574
2574
2898
2787
2782
2782
2380
2281
2282
1958
1958
1963
2287
2625
2625
2625
2620
2619
2618
2717
3119
3120
3556
3556
3936
3936
3837
3996
3996
3997
4096
4096
3469
3866
3430
3866
3866
3568
3323
3322
3323
3322
3620
3620
3620
3865
4492
4090
4604
4603
4603
4167
3923
3678
3678
3678
3678
3679
3137
3137
3138
3186
3588
3699
3651
3651
4087
4087
3928
4470
4715
4616
4616
4643
4616
4616
4505
4749
4749
4313
4340
4499
4598
4353
3973
3649
3649
3247
3246
3570
3326
3326
3326
3570
4006
4386
4385
4787
4787
4787
4787
4792
4468
4516
4516
4516
4136
3798
4178
3934
4179
3637
3975
3975
4517
3975
3976
3949
3322
2808
2809
2808
2808
2563
2563
2558
2557
2177
1879
1879
1879
2506
2347
2727
3269
3170
3468
3130
3468
2926
3468
3468
2926
2878
2905
3229
3234
3234
2832
2805
2832
2832
3374
3374
3776
4021
4069
4070
3746
3746
3745
4259
4260
4261
3859
3859
3811
3269
2755
3079
3127
3126
2746
2905
2905
2905
2905
2857
2857
2956
2956
2956
2929
2929
2929
2770
2929
2956
2956
2955
2928
2590
2585
3127
3127
2691
2696
2299
2637
2638
2882
3284
2946
2946
2973
2974
2947
2848
2848
2848
3186
3185
3185
2940
2781
2781
2782
2782
2538
2533
2777
2777
2235
2283
2039
2039
2419
1792
1792
1819
1818
1819
2064
2175
2689
3316
3321
3294
3293
3293
2995
2995
2996
2995
3537
3537
3537
3199
3443
3395
3395
3284
3284
3311
3312
3285
3285
3312
3471
3227
3565
3163
3163
3560
3555
3554
3527
3929
3415
3256
3770
4206
4207
4505
4505
4504
4663
4664
4664
4419
3877
3925
3924
3924
3924
3924
3765
4010
3765
3765
3876
4035
3408
3435
3435
3436
3056
2659
2632
2637
2637
2632
3012
2853
2952
3196
2682
2927
2828
2827
2854
2530
2192
2192
2530
2286
2291
2291
1911
1666
1990
2387
2386
2485
2437
2682
2682
3062
3576
3624
3619
3571
3571
4198
4199
4199
3861
4199
3875
3776
3262
3310
3262
2924
2897
2898
2997
3024
2726
3024
2913
2912
2960
2960
2563
2265
2779
3077
3619
3619
3778
3751
3862
3751
3750
3861
3616
4013
4014
4015
4015
4015
4042
4287
4239
4239
4239
4080
3453
4080
4128
4128
4127
4451
4403
4562
4562
4561
4561
4316
3992
3993
3695
3700
3589
3913
3961
3913
3589
3887
3887
3788
4032
4032
4356
4404
4404
4515
4760
4733
4760
4380
3978
3979
4317
3690
3579
3981
3439
3280
3036
3147
2750
2412
2411
2087
2467
2065
2607
3009
3108
3060
3687
4011
4011
4059
4059
4054
4059
3960
4357
4601
4700
4695
4695
4259
4597
4498
4657
4255
4255
3917
3869
3870
3711
3413
3412
3412
3814
3569
3570
3570
3815
3815
3815
4113
3869
3868
3868
3466
3465
3564
3565
3241
3241
3241
3240
3288
3288
2746
3070
2971
2574
2574
2526
2281
2286
2287
2446
2066
2066
1907
1907
2449
2846
3282
3620
3620
4022
4022
4017
3679
3678
3567
3170
3508
3607
3607
3851
3824
3851
3851
3851
3851
3824
3851
3851
3851
3309
3309
3554
3309
3468
3469
3470
3715
3715
3201
2765
2764
2737
2492
2872
2773
2778
2889
2889
3431
3945
3946
3994
3946
3941
3941
3941
3941
3697
3696
3795
3795
3497
3795
3822
3821
3307
3551
3213
2811
2811
2784
2785
2461
2461
2466
2804
3240
2996
3023
3018
3262
3261
3658
3414
3928
3929
3929
3493
3493
3541
3541
3514
3916
3917
3619
3571
3570
3459
3757
3598
3597
3597
3624
3624
3625
3949
3949
4108
4353
4055
4491
4496
4397
4152
3525
3769
3868
3869
3868
3868
4495
4468
4224
4224
3844
3447
3474
3718
3719
4099
4098
4146
4257
4013
4013
4257
4502
4502
4100
4100
3720
3720
3561
3513
3513
3672
3513
3513
3175
3175
2633
3013
3013
3012
2632
3029
3029
3188
3183
2786
2791
2467
2468
2032
2370
2125
1787
1782
2179
2559
2559
2559
2559
2995
3397
3721
3562
3562
3610
3610
3511
3670
3675
4013
4258
4253
4253
4253
3873
3246
3544
3544
3544
3544
3517
3544
3206
3586
3585
3183
2859
2864
3202
3175
2778
2778
2778
3405
2969
2969
3405
3432
3756
4298
4139
3759
3760
3759
3918
3918
4320
4320
4209
4308
4705
4705
4705
4705
4078
4079
3834
3320
3076
3076
3590
3585
3486
3486
3162
3789
3789
3789
3789
3353
3452
3696
3648
3648
3648
3021
3026
3137
3136
3516
3489
3489
3087
3087
3088
3715
3763
4008
4008
4444
4444
4008
4003
4030
4035
3737
4061
3816
3705
3678
3789
3789
3789
3630
4066
4067
4062
4062
4307
4312
3685
3685
3685
3249
3244
3871
3871
3871
3772
3777
3666
3666
3422
3098
3500
2986
2589
2589
2986
3284
3798
4234
4261
4420
4040
4420
3878
3989
3962
3565
3564
3226
3226
3226
3225
3469
3807
3469
3464
3062
2818
3360
3360
2924
2929
2930
3029
3056
3380
3135
3380
3718
3394
3235
3235
2608
2509
2911
2666
2618
2942
2562
2721
2820
2482
2323
2950
3288
3532
3531
3532
3532
3532
3532
3580
3580
3580
3739
3580
3580
3580
3977
3950
3950
3950
4330
4282
4527
4147
4174
4610
4605
4610
4068
3957
3858
3859
3462
3457
3119
2683
3225
3198
2874
2985
2985
2984
3083
3083
3407
3163
3163
3543
3298
3457
3457
3702
3322
3327
3327
3327
3327
3082
3082
3462
3462
3859
3317
3218
3218
3218
3218
3218
3217
3555
3555
3555
3991
3611
3500
4042
4042
3640
3204
3204
3204
3315
3342
3390
2993
3429
3429
3402
3402
3402
3782
3402
3243
3402
3402
3429
3381
3057
3301
3400
3724
3969
4349
4344
4741
4741
4582
4630
4630
4519
4005
4005
4005
3957
3957
3521
3521
3521
3526
3188
3299
3294
3295
2997
2996
2969
3017
3018
3018
3018
3018
3420
3420
3309
3309
3823
3578
3916
3592
3916
3943
4102
4347
4103
4103
3765
3765
3765
4201
4201
4201
4202
4202
4313
4313
3686
3686
3686
3362
3362
3362
3362
2848
2847
3361
3699
3698
4325
4325
4325
3987
3987
3988
3961
3581
3961
3962
3962
4260
4161
4160
4160
3763
3790
3789
3544
3549
3549
3887
3485
3584
3536
3537
3510
3510
3212
3456
3456
3456
3456
3451
3451
3749
3749
3754
3754
3781
4026
4021
4021
4020
4025
3589
3589
3589
4025
4025
3926
3974
4371
4073
4074
4073
4073
4073
3828
3780
3781
3776
3824
3665
3963
3963
3566
3566
3725
3725
3698
3587
3698
3650
3974
3974
4001
4006
3708
3756
3376
3475
3877
4122
3963
4360
4361
4361
4356
4356
4111
3867
3872
3872
4116
4496
4158
3722
3674
3673
3721
4019
4357
3960
3418
3960
3662
3551
3524
3425
3425
3425
3584
3583
3584
4020
4020
4020
3506
3505
3505
3616
3616
3278
3576
3252
3252
3279
3279
3279
3279
3280
3280
3280
3280
3280
3794
4118
4515
4356
4356
4308
4307
3910
3910
3666
4004
4004
4004
4004
4248
4249
4646
4348
4321
3924
4023
4022
3778
3826
4071
3960
4357
4358
4113
4358
4656
4656
4683
4794
4695
4647
4245
4404
4404
4404
4106
3709
3710
3710
3705
4107
4206
4450
4450
4450
4206
3826
3667
3640
3640
3799
3475
3137
2595
2595
2496
2595
2496
2060
2060
2060
2087
2086
2424
2472
2313
2312
2264
2264
2806
2806
2811
3135
3532
3532
3968
4127
4425
3798
3798
3687
3687
3389
2953
3197
3577
3035
3008
2849
2844
2955
2955
2955
2955
3497
3545
3031
3467
3467
3129
2749
2749
2749
3087
3246
3246
3247
3248
2846
2846
3226
3226
3226
2846
2846
2873
3275
3116
3630
3629
3384
3543
3495
3793
4420
4519
4518
4518
3976
4356
4404
4404
4404
4404
4946
4566
4407
4163
4407
4083
4083
4242
4131
4132
4132
3505
3505
3505
3505
3261
2864
3108
3109
3109
3114
3511
3484
3484
3240
3239
3239
3483
3185
3483
3483
3047
3047
3047
3427
3454
3454
3406
3517
3565
3565
3565
3517
3490
3379
3624
3948
3943
3991
4018
3774
3774
4210
4321
3924
3765
4392
3878
3580
3256
3653
3256
3554
3012
3011
2963
2625
2869
2869
2869
3383
2869
2869
2758
2806
3348
3348
3686
4200
4200
3955
3960
3912
3668
3668
3668
3668
3668
3716
3336
3733
3685
3733
3191
3092
2695
2695
2181
2292
2292
2292
2672
2831
2831
3228
3228
3117
3659
3632
3632
3876
3871
3872
3872
3877
3877
3872
3436
3436
3436
3435
3276
3281
3281
3281
3282
3282
3441
3442
3144
3144
3096
3610
3610
3609
3609
3609
3604
3207
3207
3604
3266
3266
3266
3511
3114
3119
3119
2875
2875
3199
3298
3293
3294
3691
3718
3718
3962
4300
4300
4305
4305
4305
4353
4326
4326
4624
3997
3996
4623
4464
4575
4476
4476
4476
4074
3677
3339
3291
3450
3450
3852
3853
3952
3979
3978
3733
3733
3734
3734
3734
3635
3233
3635
3608
3603
3941
3941
4377
4053
4053
4377
4382
3840
3326
3723
3723
3718
3718
3718
3718
3963
3963
3852
3554
3395
3395
3395
3693
3692
3851
3527
3368
3368
3416
3416
3019
2971
2976
3075
3076
3124
3638
3633
3231
3231
3236
3137
2839
2839
2998
2997
3399
3399
3498
3525
3922
3923
3923
3922
3525
3636
3200
3201
3598
3598
3084
3036
3009
3009
2765
3307
3306
3301
3815
4139
4575
4575
4464
4464
4464
4084
4089
4089
4116
4111
4111
3952
4332
4087
4087
4385
4390
4291
4535
4535
4535
4634
4634
4390
4052
4051
3537
3438
3041
3286
3281
2901
3298
3298
3299
3299
3679
3679
3282
3441
3441
3005
3006
3006
3105
3105
3502
3502
3507
3183
3182
3182
3182
3520
3568
3812
3813
4137
4137
4137
3893
3893
3893
3845
3600
3600
3648
3489
3489
3489
3489
3109
3220
3219
3463
3464
3464
3709
3708
3867
3240
2698
2697
2670
2697
2373
2373
2346
2008
2009
2010
2037
2037
2375
2375
2374
2810
2810
2810
2811
2375
2375
2375
2917
2917
2890
2842
2842
2841
2841
3165
3601
3602
3278
3167
3166
3007
3055
3055
3055
3056
2514
2514
2514
3056
3056
3056
3436
3192
2947
3461
3488
3488
3812
4057
4057
3812
3812
3811
3970
3970
4214
4841
4841
4840
4840
5085
4840
4841
4840
4841
4841
4842
5087
5087
5087
5039
5039
4741
4740
4739
4739
4850
4850
4414
4387
4387
4228
4255
4303
4303
4304
4304
4740
4496
4491
4491
4055
4055
4353
4242
3615
3516
3675
3675
4111
4111
4210
4454
4459
4460
4460
4571
4233
3797
3797
3797
4135
4135
4134
3890
4326
4227
4227
4227
4227
4227
4227
3791
4227
4228
3792
3278
2954
2906
2608
2906
2906
2608
2363
2358
2247
2247
2761
3006
2668
2641
2641
2668
2288
2668
2668
2673
2673
2673
3011
2673
3300
3348
3459
3459
3459
3895
3895
3895
4139
4139
4112
3710
3662
3657
3705
4029
4029
3632
3632
3387
3228
3228
3117
3514
3190
3190
3514
3852
3852
3851
3851
3851
3856
3532
3631
3630
3088
2652
3194
3195
3147
3258
3257
3257
3502
3502
3257
3581
3581
3629
3624
3513
3518
3816
3816
3817
3437
3436
3463
3463
3843
4002
4002
4438
4279
4279
4280
4525
4927
4900
5011
4963
4963
4719
4718
4338
4338
4339
4583
4245
4240
4399
4398
3856
3745
4083
4625
4625
4652
4652
4657
4657
4658
5038
5149
5149
5150
4608
4581
4581
4581
4581
4576
4576
4576
4417
3981
3601
3357
3405
3405
3294
2780
2442
2447
2149
2487
2867
2867
2867
3165
3165
3165
3165
3192
3191
3733
3706
3658
3658
3320
3320
3320
3368
3369
3369
3368
3612
3723
3750
3353
3354
3354
3692
3851
3527
3527
4041
3703
3703
3703
3703
4027
3783
4027
4026
3867
3867
3867
3862
3862
3867
3867
3756
3756
3729
3681
3792
3165
3165
3324
3325
3722
3770
3770
4397
4397
4286
4127
4238
3724
3400
3400
3427
3586
3586
4100
4100
4052
4052
3655
3993
4390
4390
3993
3988
3987
3689
3689
3662
3710
3709
4033
4033
4034
4035
3697
3696
3701
3457
3457
3457
3457
3212
3164
2762
3060
2949
3351
3351
3689
3800
3398
3795
4039
3715
4117
4117
4553
4454
3912
3912
3532
4074
3830
4210
4455
4455
4455
4454
3912
4454
4553
4255
3741
3630
3630
3630
4144
4145
4145
3986
3986
3606
3606
3601
3600
3164
3275
3276
3276
3277
3277
3276
3303
3303
3683
3683
3683
3683
3345
3393
3393
3392
3393
3393
3731
3632
3791
3791
3743
3842
4086
4087
3976
3976
3462
3462
3462
3573
3573
3573
3578
3181
2639
2687
2686
2681
3223
2843
3357
3655
3607
3496
3496
3496
3496
3876
4200
4311
4708
4609
4609
5045
5046
4644
4485
4458
4617
4237
4237
4336
4716
4605
3978
4089
4094
4094
4094
3983
3645
3546
3948
3650
4277
3897
3897
3996
4107
3783
3783
3269
3158
3158
3269
3268
3648
4162
4162
4003
4301
4301
4302
3905
4064
3550
3545
3109
3114
3162
3559
4073
3559
3586
4022
4346
4022
4022
4022
4360
4684
4684
4684
4679
4137
4142
4142
3745
4142
4094
4094
4093
3769
3764
3737
3742
4256
4256
4283
4283
3886
3881
3880
3781
3754
4078
4475
4475
4177
4177
3780
3781
3443
3007
3345
3346
3346
3888
3888
3508
2881
2880
2880
2979
3359
3756
3242
3290
3289
3803
3830
3830
3830
3830
3316
2774
2774
3401
3402
3402
3243
3248
3248
3247
3545
4059
3721
3721
3721
3207
3545
3545
4059
4011
4447
4442
4442
4490
4490
4110
3674
3674
3674
3674
3647
4083
3681
4223
3885
3885
4287
4287
4188
4526
4685
4784
4382
4223
4223
4382
4382
4084
4382
4382
4784
4270
4270
4171
4551
4556
4014
4014
4528
5070
5022
4508
4535
4424
4425
4425
4266
4239
4239
4266
4780
4780
4879
4880
4542
4880
4880
4635
4635
4880
4880
4542
4542
4542
4590
4346
4345
4318
4477
4378
3864
3462
3457
3457
3456
3567
3568
3970
3997
3949
3949
3949
3407
3651
3750
3750
3750
4088
4088
3691
3691
3692
3692
3691
3692
3533
3506
3506
3506
4020
4019
4067
3822
3420
3962
3863
4022
3480
3485
4027
4027
4429
4429
4318
4318
4318
4270
4270
4381
4381
4381
4381
4381
4382
4138
3596
3993
4237
4237
3993
4535
4133
4128
4530
4530
4557
4605
4446
4446
4451
4550
4549
4169
3845
4225
4225
4126
4371
4371
4371
4366
3930
4366
4366
4366
3969
4128
3790
3790
3790
3789
4186
3941
3941
3561
3660
3612
3950
3951
3952
4332
3930
3978
3640
3481
3481
3819
3819
3978
3598
3598
3843
3843
4087
4087
4087
4087
4467
4223
4223
4223
3925
4249
4248
3851
3851
3851
3851
3851
3606
3606
4008
4008
4008
4008
4252
4252
4252
4153
3751
3751
3237
3078
3177
3078
3079
3084
3084
3486
3242
3242
3540
3785
3349
3349
3349
3593
3545
3545
3981
3980
3980
3578
3467
3440
3599
3599
4001
3842
3953
4112
4112
4160
4674
4272
4272
4674
4674
4674
4675
4516
4516
4516
4271
3947
3947
3947
3947
3649
3601
3357
3357
3357
3754
3999
4243
4402
4401
4401
4428
4026
3999
3840
4164
4263
4290
4290
4290
4338
4093
4093
4093
4252
4252
4251
4251
4496
4496
4496
4469
4033
3985
3443
3332
3874
4310
4712
4712
4712
4315
3913
3668
4065
4066
4066
4468
4579
4578
4578
4578
4181
4229
3905
3746
3746
3991
3943
3943
3944
3944
4103
3859
4103
4103
4103
4103
3476
3476
3475
3475
3470
3371
3371
3371
3371
3371
3695
3700
3264
3264
3891
3918
3966
3966
3966
3855
4291
3855
3856
3856
3967
3967
3967
3723
3723
3696
3696
3696
3691
3692
3290
3290
3131
3158
3456
3858
3858
3858
4017
3693
3448
3884
4281
4281
4525
4525
4525
4366
4371
4616
4611
4584
4908
4907
4907
5066
5018
4621
4376
4375
4375
4772
4772
4392
4491
4491
3949
3950
3791
4036
4036
4036
3698
3698
4078
4078
4078
4077
4077
4077
4077
4125
4126
4126
4668
4667
4667
4343
4370
3973
3974
4312
3974
4298
4297
4052
4052
4052
4052
4052
4057
4302
4302
4699
4651
4651
4651
4651
4652
4652
4652
4652
4328
4328
4487
4811
4811
4567
4567
4456
4456
4567
4567
4322
4567
4811
4269
4158
4496
4496
4496
4469
4464
4512
4464
4464
4464
4219
4218
3782
3268
3295
3296
3297
3297
3302
3302
3004
2760
2380
2678
2726
2837
2513
2465
2465
2901
2742
2987
2649
2808
3188
3089
3089
3427
3427
3475
3719
4043
4043
4042
4042
4037
4037
3657
3657
3221
3221
3221
3763
3519
3955
4335
4335
4434
4433
4433
4274
4274
3647
3891
4518
4419
4121
4122
4127
4425
4425
4314
4069
4314
4313
4412
4074
4588
4561
4561
4561
4561
4561
4672
4045
4204
4156
4156
3997
3997
4045
4072
3961
3961
3564
3564
3564
3564
3564
3022
3564
3564
3564
3565
3565
3724
3835
3834
3454
3449
4076
3977
3950
3977
4357
4309
4357
4198
4199
4537
4536
4537
4934
4933
4822
4981
4981
4657
4277
4376
4132
4132
4132
4133
4133
4133
4133
4244
4488
4461
4461
4488
4461
4123
4123
4128
4029
4056
4436
4039
4039
4012
4012
4013
3499
3499
3499
3498
3253
3253
3591
3915
3915
3535
3780
3482
3483
3435
3435
3430
3319
2995
2994
2994
3391
3418
3798
3554
3395
3909
3909
3909
3571
3619
2992
2612
2612
2585
2923
2922
2922
2927
2927
2922
2922
3549
3549
3304
3684
3783
4027
4027
3979
4277
4277
4277
4033
4192
4192
4192
4219
4219
4543
4543
4544
4544
4544
4517
4762
4762
4762
4762
4762
4360
4360
4361
4366
4366
4366
4207
4207
4202
4446
4473
4473
4473
4473
4473
4446
4010
4010
4010
4446
4347
4347
4347
4374
4422
4421
4421
4041
4040
4040
4040
4040
3795
3954
3518
3519
3524
3524
3476
3587
3582
3630
3729
3734
3734
3734
4170
3926
3767
4011
3713
3712
3712
3712
3712
3170
3468
3468
3627
3627
3627
3627
3627
3872
4252
4252
4093
4094
4094
4636
4635
4635
4636
4636
4312
4311
4200
4359
4360
4360
4360
4115
4067
4115
4088
3574
3575
3570
3575
3570
3570
3272
3277
3178
3178
3178
3178
3178
3178
3130
3428
3752
3779
3779
3752
3752
3997
3997
4399
4398
4509
4509
4608
4284
4284
4285
4280
4328
3892
3892
3781
3781
3808
4244
4758
4869
4869
4869
4869
4869
5193
5193
5198
5198
5198
4954
4954
5198
5198
5198
5193
5193
5034
4696
4695
4371
4695
4647
4536
4536
4537
4510
4509
4509
4668
4344
4455
4482
4820
4820
4820
4820
5144
4985
4985
4985
4985
4874
4873
4873
4984
4984
5143
4805
4805
4810
4810
4810
4810
4810
4811
4269
4269
4242
4290
3663
3663
3663
3663
3664
3664
4002
3843
4385
4385
4005
4004
4004
4004
4004
4004
4004
3956
3957
3956
3951
4578
4254
4281
4037
3938
3938
4262
4262
4361
4037
4037
4037
4037
4417
4020
4020
4020
4020
3584
3585
3590
3987
3960
4008
4008
4008
4003
4003
3376
3376
3535
3859
4295
4300
4300
4141
4141
4141
4141
4141
3896
3785
3785
3686
3348
2806
2806
2758
2356
2356
2383
2383
2383
2383
2542
2218
2218
2218
2218
2620
2944
2943
2944
2992
3330
3330
3282
3527
3527
3500
3499
3526
3527
3527
3526
4153
4153
4153
4153
4153
4126
3729
3729
4271
4271
4271
4271
4271
4271
4272
4516
4615
4642
4642
4642
4642
4642
4642
4543
4543
4591
4590
4585
4584
4584
4683
4683
4439
4280
4280
4439
3897
3897
3849
3897
3599
3599
3897
3897
3517
3897
3798
4195
4439
4439
4439
4439
4538
4439
4141
3817
3790
3791
3790
3790
4088
4088
4412
4412
4168
4009
4551
4551
4551
9006
9006
9494
9494
9494
9494
9494
9494
9494
9494
9494
9494
9494
9494
8846
8846
8846
8846
8846
8846
8358
7868
8356
8356
8356
8846
8846
8846
8846
8846
8846
8250
8846
8846
8846
8846
8846
8846
8170
8170
8170
8170
8170
8846
8846
8846
8356
8356
8356
8356
8356
8356
8356
8356
8356
8356
8356
8356
8356
8356
8356
7680
7680
7680
7680
7680
7680
8356
9004
9004
9004
9004
9004
9004
9004
9494
9004
8516
7756
7756
7756
7756
7108
7108
7108
7108
7108
7108
7598
7598
7598
7598
7598
7598
7598
8358
8358
8358
7564
8358
7564
7564
7074
7074
7074
7074
7074
7074
7722
7722
7722
8212
8212
8212
8212
8212
8212
8212
8212
8212
8212
7616
7616
6968
6968
6968
6968
6968
6968
6968
6968
6968
5884
5884
6968
6968
6968
6968
6968
6968
6968
6968
6968
6968
6968
6968
6968
6968
7456
8104
8104
8104
8104
8104
7614
7614
7614
7126
7126
7126
7126
7920
7920
7920
7920
8410
8410
8410
8410
8410
8410
8410
9006
9006
9006
9006
9006
9006
9006
9006
9006
9006
9494
9494
9494
9494
9494
8622
8622
8622
8622
8622
8622
8622
8622
8622
8622
8622
8622
8622
8622
8622
8622
8622
8622
8622
8622
8622
8134
7340
8212
8212
8212
8212
8212
9006
9006
9006
9006
8410
9006
9006
9006
9006
9006
9006
9006
9006
8202
7606
8094
8094
8094
7300
8104
8104
8104
8104
8104
8104
8104
8104
8104
8104
8104
8104
8104
8104
7428
7428
7428
7428
7428
7428
7428
7428
7428
7428
7428
7428
7428
8104
8104
8898
8898
8898
8898
8898
8898
8898
8898
8898
8898
8026
8898
8898
8104
8898
8408
8408
8408
8408
8408
8408
8408
8408
8408
8408
8898
8898
9494
9494
8690
8690
8690
8690
8690
8690
8690
8690
8690
8690
8690
8690
8690
8690
8690
8690
8690
8200
8200
8200
8518
8518
8518
8518
8518
8518
8518
8518
8518
8518
8518
8518
8518
8518
8518
8518
8518
8518
8518
8518
8518
7922
7922
7922
7128
7128
7128
7128
7128
7128
7128
7128
6810
7604
8408
8898
8898
8898
8898
8898
9494
9494
9494
9494
9494
9494
9494
9494
8818
8818
8818
8818
8818
8818
8818
8818
8818
8818
8328
8328
8328
8646
8646
7842
7842
7842
7842
7842
8040
7842
7842
7842
7842
8646
8646
8646
8646
8646
8646
8646
8646
8646
8646
8646
8646
8646
8646
8646
8646
8646
8646
8646
8328
8328
8328
8328
8328
8328
8328
8328
8328
7840
7840
8158
8158
8158
8158
8158
8158
8158
8158
8158
8158
8158
8158
8158
8158
8158
8158
8158
8158
8158
8158
8158
8158
8158
8158
8158
7562
7562
7562
7562
7562
7562
7562
8158
8158
8158
8158
8158
8158
8158
8158
8158
8158
8158
8158
7398
7398
7398
6802
6802
6802
6802
6802
7562
7562
7562
7562
7562
7562
8158
8158
8158
8158
8158
8158
8158
8158
8158
8158
8158
7364
7364
7364
7364
7364
7364
6768
7256
7256
7256
7256
7256
7256
7256
7256
7256
7256
7256
7256
7256
7256
7256
7256
7256
7256
7256
7256
7256
7256
7256
7256
7256
7256
7256
7256
7256
6452
7256
7256
7256
7256
7256
7256
7256
7256
7256
7256
7256
7256
8050
8050
7256
7256
7256
7256
7256
7256
7256
7256
7256
7256
7256
7256
6452
6452
6452
6452
6452
7256
7256
7256
7256
7256
7256
7256
7256
7256
7256
7256
7256
7256
7256
8050
8050
8050
8050
8050
8050
8050
8050
8050
8050
8646
8646
8646
8646
8646
8646
8646
8646
8158
8158
8158
8158
8158
8158
8158
8158
8158
8158
8646
8646
8646
8646
8646
8646
8646
8646
7842
7842
8064
8064
8064
8064
8064
8064
8262
8262
8262
8262
8272
8262
8262
8262
8040
8040
8040
8040
8040
8040
8040
8040
8040
8040
8040
8040
8040
7842
8064
8064
8064
8064
8064
8064
8064
8064
8064
8064
7842
7842
7842
8040
8040
8040
8040
8040
8040
8262
8262
8262
8262
8262
8262
8262
8262
8262
8262
8262
8262
8040
8040
8040
8040
8040
8040
8040
8040
8040
8040
8040
8040
8040
8040
7722
7722
7722
7722
7722
7722
7722
8040
8040
8040
8040
8040
7722
7722
7722
7722
7722
7722
7722
7722
7722
7722
7944
7944
7944
7944
7944
8434
8434
8444
8434
8444
8444
8444
8444
8444
8444
8444
8444
8444
8444
8444
8444
7954
8272
8262
8064
8064
8064
8064
8064
8064
8262
8262
8262
8040
8040
8040
8040
8040
7444
7444
7444
7444
7444
7444
7126
7126
7126
7126
7126
7348
7150
7150
7150
7150
7150
7150
7150
7150
7150
7150
7150
7150
7150
7150
7150
7150
7746
7746
7524
7524
7524
7524
8014
8014
8014
8014
8014
8690
8690
8690
8690
8690
8690
8690
8690
8690
8690
9494
9494
9494
9494
9494
9494
9494
9494
9494
9494
9494
9494
9494
9494
9494
8622
8622
8622
8622
8622
8622
8622
8134
8134
8230
8230
8230
8230
8230
7436
7436
7436
7436
7436
7436
7436
6408
6408
6408
6408
6408
6408
6408
6408
6408
6408
6408
6408
6408
6312
6312
6312
6312
6312
7184
7184
7184
7184
7978
7978
7978
7978
9006
9006
9006
9006
9006
9006
9006
9006
9006
9006
8410
9006
9006
9006
9006
9494
8818
8818
8818
8818
8818
8818
9494
8818
8818
9494
9494
9494
9494
9494
9494
9494
9494
9494
9494
9494
9494
9494
9494
9494
9494
9494
9494
9494
9494
9006
9006
9006
9006
9006
9006
8134
8134
8134
8134
8134
8134
7106
7106
7106
7978
7978
7218
7218
7218
7218
7218
7218
7218
7218
7218
7218
7218
7218
7978
7978
7302
7302
7302
7302
8330
8330
8330
8330
8818
8818
8818
8222
8898
8898
8898
8898
8898
8408
8408
8898
8898
8094
8094
8094
8094
8094
8094
8094
8094
8094
8094
8094
7604
7922
7922
7922
7922
7922
7922
7922
7922
7922
7922
7922
7922
7922
7922
7922
7922
7922
7922
7922
7922
7922
7922
7922
7922
7274
7274
7274
7274
7870
8518
8518
8200
8200
8200
8200
8200
7712
7712
8516
8516
8516
7488
7488
7488
7488
7488
7978
7978
7978
7978
7978
7978
7184
8212
8212
7452
7452
7452
7452
7452
7452
7452
6776
6776
6776
6776
6776
6776
6776
7570
7570
7570
7570
7570
7570
7570
7570
7570
7570
7570
7570
7570
8246
8246
8246
7598
8086
8086
7214
7214
7214
7214
7214
7214
7214
6726
6726
6726
6822
6822
6822
6822
6822
6822
6822
6822
7470
7470
7470
7470
6822
6822
6822
6822
6822
7310
7310
7310
7310
7310
7310
7214
7214
7214
7214
7214
7214
7214
7214
7974
7974
7974
7974
7974
7974
7974
7974
7974
7974
7974
7974
7974
7974
8070
8070
8070
7580
7580
7580
7580
7580
7580
8070
8070
8070
8070
8070
7974
7974
7974
7974
7974
7974
7974
7974
7974
7214
7214
7214
7214
7214
7214
7214
7214
7214
7214
7214
7214
7214
7214
7214
7214
7974
7974
7974
7974
7974
7974
8070
8070
8070
8070
8070
8070
8070
8070
8070
8070
8070
8070
8070
8070
8070
8070
8070
8070
8070
8070
8070
8070
8070
8070
8070
8070
8070
8070
8070
8718
8718
8718
8718
8718
8718
8718
8622
8622
8134
7458
7458
7458
7458
7458
7458
7946
7946
7946
7456
6968
6968
7840
7840
7840
7840
7840
7840
7840
7840
6968
7840
7840
7192
7192
7868
7868
7868
7868
7868
8358
8358
8358
8358
8358
9006
9006
9494
9494
9494
9494
9494
9494
9494
9494
9494
9494
9494
9494
9494
9494
9494
9494
9494
9494
9494
9494
9494
9494
9494
8898
8898
8898
8898
8898
8898
8898
8898
8898
8898
8898
8898
8898
8898
8898
8898
8898
8898
8898
8898
8898
8898
8898
8898
8898
8898
8898
8898
8898
8898
8898
8898
8898
8898
8898
8898
8898
8898
8898
8898
8898
8898
8898
8898
8898
8898
8898
8898
8898
8898
8898
8410
8410
8410
8410
8410
8410
8410
8410
8410
8410
8410
8410
8410
8410
8410
8410
8410
8410
8410
9006
9006
9006
8358
8358
8358
8846
8846
8846
8846
8846
8846
9494
9494
9494
8898
8104
7456
7456
7456
7456
7456
7456
8250
8846
8846
8846
8846
8846
8846
8846
8846
8846
8846
8846
8846
8846
8846
8846
8846
8846
8846
8846
8846
8846
8846
8846
8846
8250
8250
8250
8898
8898
8898
8898
8898
8898
8898
8898
8898
8898
8898
8898
8898
8898
8898
8898
8898
8898
8898
8898
8898
8898
8898
8898
9494
9494
9494
8690
8690
8690
8690
8690
8690
8690
8690
8690
8690
8690
8690
8690
8042
8042
8042
8042
8042
8042
8042
8042
7366
7366
7366
7366
7366
8170
8170
8170
8170
8170
7366
7366
7366
7366
7366
7366
8170
8170
8170
8170
8170
8170
8170
8170
8170
8170
8170
7410
7410
7410
7410
7410
8086
7490
7490
7490
8086
8086
8086
8086
7596
7596
7596
7596
7596
7596
8356
9004
9004
9004
9004
9004
9004
9004
8408
8408
8408
8898
8898
8898
8898
8898
8898
8898
8898
8898
8898
8898
8898
8898
8898
8898
8898
8898
8898
8898
9494
9494
9494
9494
9494
8818
8818
8818
8818
8818
8818
9494
9494
9494
9494
8690
8690
8690
8690
8690
8690
8690
8690
8690
8690
8690
8690
8014
8014
8690
8690
8690
8690
8690
8690
8690
8690
8690
8690
8690
8014
8014
8212
8212
8212
8212
8212
8212
8212
8212
8434
7944
7746
7746
7746
7746
7746
7746
7944
7944
7944
8434
8212
8212
8212
8212
8212
8212
8212
8434
8434
8434
8434
7944
7944
7944
7944
7944
7944
7944
7944
7944
7348
7348
7348
7348
7348
7348
7348
7838
7838
7838
7838
7348
7348
7348
7348
7348
7348
7348
7666
7666
7666
7348
7348
7348
7348
7348
7348
7348
7348
7348
7348
7348
7348
7348
7348
7944
8434
8434
8434
8444
8444
8444
8444
8444
8444
8444
8444
8444
8444
8444
8444
8444
8444
8444
8444
8444
8444
8444
8444
8444
8444
8444
8444
8444
8444
8444
8444
8444
8444
8444
8444
8444
8444
8444
8444
8444
8444
8444
8444
8444
8444
8444
8444
8444
8444
8434
8434
8434
8434
8434
8434
8434
8434
8434
8434
8434
8434
8434
8434
8434
8434
8434
8434
8434
8434
8434
8434
8434
8444
8444
8444
8444
8444
8444
8444
8434
8434
8434
8434
8434
8434
8212
8212
8212
8212
8212
8212
8212
8212
8212
8212
8212
8212
8212
7184
7184
7184
7184
7184
7988
7988
7988
7988
7988
7988
7988
7988
7988
7988
7988
7988
7988
7988
7988
7988
7988
7988
7988
7988
7988
7988
7988
7988
7988
7988
7988
7988
7988
7988
7988
7988
7988
7988
7988
7988
7988
7988
7988
7988
7988
7988
7988
7184
7184
7184
7184
7184
7184
7184
7184
7184
7184
7184
7184
8212
8212
8212
8212
8212
8212
8212
8212
8212
8212
8212
7722
7722
7722
7722
7722
7722
7722
8040
8262
8262
8262
8262
8262
8262
8272
8272
8272
8272
8262
8262
8262
8262
8262
8262
8262
8272
8272
8272
7954
7954
7954
7944
7944
7944
7944
7944
7944
7944
7944
7722
7722
7722
7722
7722
7722
8212
8212
7616
7616
7616
7616
7616
7616
7616
7616
7616
7616
7616
7616
7838
7838
7838
7838
7838
7838
7838
7838
7838
7838
7838
7838
7838
8434
8434
8434
8434
8434
8212
8212
8212
8212
8212
8212
8212
8212
8212
8434
8434
8434
8434
8434
8434
8434
8434
8434
8434
8434
8434
8434
8236
8236
8236
8434
8434
8236
8434
8434
8444
8444
8444
8444
8444
8444
8444
8444
8444
8444
8444
8444
8444
8444
8444
8444
8444
8444
8444
8434
8434
8434
8434
8434
7838
7838
7838
7838
7838
7838
7838
7616
7126
7126
7126
7126
7126
7126
7126
7722
7722
7722
7722
7722
8212
8212
8212
8212
8212
8212
8212
8212
8212
8212
8212
8212
8212
8212
8212
8014
8014
8014
8014
8014
8014
8014
8014
8014
8014
8014
8014
8014
8014
8014
8014
8236
8236
7746
7746
7746
8236
8236
8014
8014
8014
8014
8818
8818
8818
8818
8818
8818
8818
8818
8818
8818
8818
8818
8818
8818
8818
8818
8818
8818
8818
8818
8818
8818
8818
8818
8818
9494
9494
9004
9004
9004
9004
9004
9004
9004
9004
9004
9004
9004
9004
9004
9004
9004
9004
9004
9004
9004
9004
9004
9004
9004
9004
9004
9004
9004
9004
9004
8516
8516
8516
9006
9006
8358
7564
8358
8358
8358
8846
8846
8846
8846
8846
8846
8846
8846
8846
8846
8846
8846
8846
9494
9494
9494
9494
9494
9494
9494
9494
9494
9494
9494
9494
9494
9494
9494
9494
9494
9494
9494
9494
9494
9494
9494
9494
9494
9494
9494
9494
9494
8898
8898
8898
8898
8898
8898
8898
8898
8898
8898
8898
8408
8408
8408
9004
9004
9004
8408
8408
8408
8408
8408
8408
8898
8898
9494
9494
9494
9494
9494
9494
9494
9494
9494
9494
9494
9494
9494
9494
9494
9006
9006
9006
9006
9006
9006
9494
9494
9494
9494
9494
9494
9494
9494
9494
9494
9494
9494
9494
9494
9494
9494
9494
9494
9494
9006
9006
9006
9006
9006
9006
9006
9006
9006
9006
9494
9004
9004
9004
9004
9004
9004
9004
9004
9004
9004
9004
9004
9004
9004
9494
9494
9494
8622
8622
8622
8622
8622
8622
8622
8622
8622
8622
8622
8622
8622
8622
8718
8718
8622
8622
8622
8622
8622
8622
8622
8622
8622
9494
9494
9494
9494
9494
9494
9494
9494
9494
9494
9494
8622
8622
7946
7946
7946
7946
7946
8818
8818
8818
8818
8818
8818
8818
8818
8818
8818
8818
8818
8818
8818
8818
8818
8818
8818
8818
8818
8818
8818
8818
8818
8818
8818
8818
8818
8818
8818
8818
8818
8818
8818
8818
8222
8222
7350
7350
7350
6860
6860
7456
7456
8132
8132
8132
8132
8228
8228
8228
8228
8718
8718
8718
8718
8718
8718
8718
8718
8718
8718
8070
8070
8070
8070
7974
7974
7974
7974
7974
7974
7974
7974
7974
7974
7974
7974
7974
7974
7974
7974
7298
7298
7298
7298
7298
7298
7298
8170
8170
8170
8170
8170
8170
8170
8170
7680
7680
7680
7680
7680
7680
7680
8328
8328
8328
8328
8328
8328
8328
8328
7732
7732
7732
7732
7732
7732
7732
7732
7732
7732
7732
8408
8408
7760
7760
7760
6956
6956
6956
7552
7552
7552
7552
7552
7552
7552
7552
7552
7552
7552
7552
7552
7552
7552
8200
8200
8200
8200
8200
8200
8200
8200
8200
8200
8200
8200
8518
7870
7870
7870
7870
7870
7870
7870
6786
7008
7008
7008
7008
7008
7008
7008
7008
7008
7008
7008
7008
7008
7008
7008
7008
7008
7008
7008
7008
7008
7008
7008
7008
7008
7008
7008
7008
7008
7008
7008
7008
7008
7008
7008
7008
7008
7008
7008
7008
7008
7008
7008
6786
6786
6786
6786
6786
6786
6786
7870
7870
7870
7870
7870
7870
7870
7870
7870
7870
7870
7870
7870
7870
7870
7870
7870
7870
7870
7870
7870
7870
7870
7870
7870
7870
7870
7870
7870
7870
7870
7870
7870
7870
7870
7870
7870
7870
7870
7870
7870
7870
7870
7870
7870
7870
7870
7870
7870
7870
7870
7870
7110
7110
7110
7110
7110
7110
7110
7110
7110
7110
7110
7110
7110
7110
7110
7110
7110
6792
6792
6792
7596
7596
7596
8086
8086
8086
8086
8086
8086
8086
8086
8086
8086
8086
8086
8086
8086
8086
8086
8086
8086
8086
8086
8086
8086
8086
8846
8846
8846
8846
8846
8846
9494
9494
9494
9494
9494
9494
9494
9494
9494
9494
9494
9494
9494
9494
9494
9494
9494
9494
9494
9494
9494
9494
9494
9494
9004
9004
9004
9004
9004
8516
8516
8516
8516
8516
8516
8516
8516
8516
8516
8516
8516
8516
8516
9006
9006
9006
9006
9006
9006
9006
9006
9006
9006
9006
9006
9006
9006
9006
9006
9006
9006
9006
9006
9006
9006
8358
8358
8358
9006
9006
9006
9006
9006
9494
9494
9494
9494
9494
9494
9494
9494
9494
9494
9494
9494
9494
9494
9494
9006
9006
9006
9006
9006
9006
9006
9006
9006
9006
9006
9006
9006
9006
9006
9006
9006
9006
9494
9494
9494
9494
9494
9494
9494
9494
9494
9494
9494
9494
9494
9494
9494
9494
9494
9494
9494
9494
9494
9494
9494
9494
9006
9006
9006
9006
9006
9006
9006
9006
9006
9006
9006
9006
9006
9006
8410
8410
8410
8410
8410
8410
8410
8410
7734
7734
7734
7734
7734
7734
7734
7734
7734
7734
7734
8222
8222
8222
7732
7732
7732
7732
7732
7732
7244
7244
7244
7244
7244
7244
7244
7244
7840
7840
7840
7840
8330
8330
8330
8330
7536
7536
7536
7536
7536
7536
7536
7536
7536
8330
8330
8330
8330
8330
9006
9006
9006
9006
9006
9006
9006
9006
9006
9006
9006
9006
8212
8212
8212
8212
8212
8212
8212
8212
8212
8212
8212
8212
8212
8212
8212
8212
8212
8212
8212
8212
8212
8212
9006
9006
8212
8212
8212
8212
8212
8212
8212
8212
9006
9006
9006
9006
9494
9494
9494
9494
9494
9494
9494
9494
9494
9494
9494
9494
8898
8898
8898
8898
8898
8898
8898
8898
9494
9494
9494
9494
9494
9494
9494
8898
8898
8898
8898
8898
8898
8898
8898
8898
8898
8898
8898
8898
8104
8104
8104
8898
8898
8898
8898
8898
8898
8898
8898
8898
8898
8898
8898
8898
8408
8408
8408
8408
8408
8408
8408
9004
9004
9004
9004
9004
9004
9004
9004
9004
9004
9004
9004
9004
9004
9004
9004
9004
9004
9004
9004
9004
9494
9494
9494
9494
9494
9494
9494
9494
9494
9494
9494
9494
9494
9494
9494
9494
9494
9494
9494
9494
9494
9494
9494
9494
9494
9494
9494
9494
9494
9494
9494
9494
9494
9494
9494
9494
9494
9494
9494
9494
9494
9494
9494
9494
9494
9494
9494
9494
9494
9494
9494
9494
9494
9494
9494
9494
9494
9494
9494
9494
9494
9494
9494
9494
9494
9494
9494
9494
9494
9494
9494
9494
8622
8622
8622
8622
8622
8622
8132
8132
8132
8132
8132
8132
8132
8132
8132
9004
9004
9004
9004
9004
9004
9004
9004
9004
9004
9004
9004
9004
9004
9004
9004
9004
9004
9004
9004
9004
9004
9004
9004
9004
9004
9004
9004
9004
9004
9004
9004
9004
9004
9494
9494
9494
9494
9494
9494
9494
9494
9494
9494
9494
9494
9494
9494
9494
9494
9494
9494
9494
9494
9494
9494
9494
9494
9494
9494
9494
9494
9494
9494
9494
9494
9494
9494
9494
8846
8846
8846
8846
8846
8358
8358
8358
8358
8358
8358
8358
8358
8358
8358
8358
8358
8358
9006
9494
9494
9494
9494
9494
9494
9494
9494
9494
9494
9494
9494
9494
9494
9494
9494
9494
9494
9494
8690
8690
8690
8690
8690
8690
8690
8690
8690
8690
8690
8690
8690
8690
8690
8690
8690
8690
8200
8200
8200
8200
8200
8200
8200
8200
8200
8200
8200
8200
8200
8200
8200
8200
8200
8200
8200
8200
8200
8200
8200
8200
8518
8518
8518
8518
8518
8518
8518
8518
8518
8518
8518
8518
8518
8518
8518
8518
8518
8518
8518
8518
8518
8518
8518
8518
8518
8518
8518
8518
8030
8030
7712
7712
7712
7712
7712
7712
7712
7712
7712
7712
7712
8200
8200
8200
8200
9004
9004
9004
9004
9004
9004
9004
9004
9004
9004
9004
9004
9004
9004
9004
9004
8516
8516
9004
9004
9004
9004
9004
9004
9004
9004
9004
9004
9004
9494
9494
9494
9494
9494
9494
9494
9494
9494
9494
9494
9494
9494
9494
9494
9494
9494
9494
9494
9494
9494
9494
9494
9494
9494
9494
8690
8690
8690
8690
9494
9494
9494
9494
9494
9494
9494
9494
9006
9006
9006
9006
9494
9494
9494
9494
9494
9494
9494
9494
9494
9494
9494
9494
9494
9494
9494
9494
8898
8898
8898
8898
8898
9494
9494
9494
9494
9494
9494
9494
9494
9494
8846
8846
8846
8358
8358
8358
8358
8846
8846
8358
8358
8358
8358
8358
8358
8358
8358
8358
8358
8358
8358
8358
8358
8358
8358
8358
8846
8846
8846
8846
8846
8846
8846
8846
9494
9494
9494
9494
9494
9494
9494
9494
9494
9494
9494
9494
9494
9494
9494
9494
9494
9494
9494
9494
9494
9494
9494
9494
9494
9494
9494
9494
9494
9494
9494
9494
9494
9494
9494
9494
9494
9494
9494
9494
9494
9494
9494
9494
9494
9494
9494
9494
9494
9494
9494
9494
9494
9494
9494
9494
9494
9494
9494
9494
9494
9494
9494
9494
9494
9494
9494
9494
9494
9494
8818
8818
8818
8222
8222
8222
8898
8898
8898
8898
8898
8898
8898
8898
8898
8898
8898
8410
8410
8410
8410
8898
8898
8898
8898
8898
8898
8898
8898
8898
8898
8898
8408
8408
8898
8898
8898
8898
8898
8898
8898
8898
8898
8898
8898
8898
8898
8898
8898
9494
9494
8898
8898
8898
8898
8898
8898
8898
8898
8898
8898
8898
8898
9494
9494
9494
9494
9494
9494
9494
9494
9494
9494
9494
9494
9494
9494
9494
9494
9494
9494
9494
9494
9494
9494
9494
9494
9494
9494
9494
9494
9494
9494
9494
9494
9494
9494
9494
9494
9494
9494
9494
9494
9494
9494
9494
9494
9494
9494
9494
9494
9494
9494
9494
9494
9494
9494
9494
9494
9494
9494
9494
9494
9494
9494
9494
9494
9494
9494
9494
9494
9494
9494
9494
9494
9494
9494
9494
9494
9494
9494
9494
9494
9494
9494
9494
9494
9494
9494
9494
9494
9494
9494
9494
9494
9494
9494
9494
9494
9494
9004
9004
9004
9004
9004
9004
9004
9004
9004
9004
9004
9004
9004
9004
9004
9004
9004
9004
9004
9004
9004
9004
9494
9494
9494
9494
9494
9006
9006
8330
8330
8330
8330
8330
8330
8330
8330
7536
7536
7536
7536
7536
7536
7536
8212
8212
8212
8212
8212
8212
8212
8212
8212
8212
8212
8212
8212
8212
8212
8212
8212
7564
7564
7564
7564
8358
8358
8358
9006
9006
9006
9494
9494
9494
9494
9494
9004
9004
9004
9004
9004
9004
9004
9004
9494
9494
9494
9494
9494
9494
9494
9494
9494
9494
9494
9494
9494
9494
9494
9494
9494
9494
9494
9494
9494
9494
9494
9494
9494
9494
9494
9494
9494
9494
9494
9494
9494
9494
9494
9494
9494
9494
9494
9494
9494
9494
9494
9494
9494
9494
9494
9494
9494
9494
9494
9006
9006
9006
9006
9006
9006
9494
9494
9494
9494
9494
9494
9494
9494
9494
9494
9494
9494
9494
9494
9494
9494
9494
9494
9494
9494
9494
9494
9494
9494
9494
9494
9494
9494
9494
9494
9494
9494
9494
9494
9494
9494
9494
9494
9494
9494
9494
9494
9494
9494
9494
9494
9494
9494
9494
8846
9494
9494
9494
9494
9494
9494
9494
9494
9494
9494
9494
9494
9494
9494
9494
9494
9494
8690
8690
8690
8690
8690
8690
8690
9494
9494
9494
9494
9494
9494
9494
9494
9494
9494
9494
9494
9494
9494
9494
9494
9494
9494
9494
9494
9494
9494
9494
9494
9494
9494
9494
9494
9494
9494
9494
9494
9494
9494
9494
9494
9494
9494
8846
8846
8846
8846
8846
8846
8846
8846
8846
8846
8846
8846
8846
8846
8846
9494
9494
9494
9494
9006
9494
9494
9494
9494
9494
9494
9494
9494
9494
9494
9494
9494
9494
9494
9494
9494
9494
9494
9494
9494
9494
9494
9494
9494
9494
9494
9494
9494
9494
9494
9494
9494
9494
9494
9494
9494
9494
9494
9494
8898
8898
8898
8898
8898
8898
8898
8898
8898
8898
8898
8898
8898
8898
8898
8898
9494
9494
9494
9494
9494
9494
9494
9494
9494
9494
9494
9494
9494
9494
9494
9494
9494
9494
9494
9494
9494
9494
9494
9494
9494
9494
9494
9494
9494
9494
9494
9494
9494
9494
9494
9494
9494
9494
9494
9494
9494
8846
8846
8846
8846
8846
8846
8846
8846
8846
8846
8846
8846
8846
8846
8846
8846
8846
9494
9494
9006
9006
9006
9006
9006
9494
9494
9494
9494
9494
9494
9494
9494
9494
9494
9494
9494
9494
9494
9494
9494
9494
9494
9494
9494
9494
9494
9494
9494
9494
9494
9494
9494
9494
9494
9494
9494
9494
9494
9494
9494
8898
8898
8898
8898
8898
8898
8898
9494
9494
9494
9494
9494
9494
9494
9494
9494
9494
9494
9494
9494
9494
9494
9494
9494
9494
9494
9494
9494
9494
9494
9494
9494
9494
9494
9494
9494
9494
9494
9494
9494
9494
9494
9494
9494
9494
9494
9494
9494
9494
9494
9494
9494
9494
9494
9494
9494
9494
9494
9494
9494
9494
9494
9494
9494
8898
8898
8898
8898
8898
8898
8898
8898
8898
8898
8898
9494
9494
9494
9494
9494
9494
9494
9494
9494
9494
9494
9494
9494
9494
9494
9494
9494
9494
9494
9494
9494
9494
9494
9494
9494
9494
9494
9494
9494
9494
9494
9494
9494
9494
9494
9494
9494
9494
9494
9494
9494
9494
9494
9494
9494
9494
9494
9494
9494
9494
9494
9494
9494
9494
9494
9494
9494
9494
9494
9494
9494
9494
9494
9494
9494
9494
9494
9494
9494
9494
9494
9494
9494
9494
9494
9494
9494
9494
9494
9494
9494
9494
9494
9494
9494
9494
9494
9494
9494
9494
9494
9494
9494
9494
9494
9494
9494
9494
9494
9494
9494
9494
9494
9494
9494
9494
9494
9494
9494
9494
9494
9494
9494
9494
8818
8818
8818
8818
8818
8818
8818
8818
8818
8818
8818
8818
8818
9494
9494
9494
9494
9494
9494
9494
9494
9494
9006
9006
9006
9006
9006
9006
9006
9006
9006
9494
9494
9494
9494
9494
9494
9494
9494
9494
9494
9494
9494
9494
9494
9494
9494
9494
9494
9494
9494
9494
9494
9494
9494
9494
9494
9494
9494
9494
9494
9494
9494
9494
9494
9494
9494
9494
9494
9494
9494
9494
8846
8846
8846
8846
8846
8846
8846
8846
8846
8846
8846
8846
8846
8846
8846
8846
8846
8846
8846
8846
9494
9494
9494
9494
9494
9494
9494
9494
9494
9494
9494
9494
9494
9494
9494
9494
9494
9494
9494
9494
9494
9494
9006
9006
9006
9006
9006
9494
9494
9494
9494
9494
9494
9494
9494
9494
9494
9494
9494
9494
9494
9494
9494
9494
9494
9494
9494
9494
9494
9494
8898
8898
8898
8898
8898
8898
8898
8898
8898
8410
8410
8410
9006
9006
9494
9494
9494
9494
9494
9494
9494
9494
9494
9006
9006
9006
9006
9006
9006
9006
9006
9006
9006
9006
9006
9006
9006
8516
8516
8516
8516
8516
8516
8516
9006
9006
9006
9006
9006
9006
9006
9006
9006
9006
9006
9006
9006
9006
9006
9006
9006
9006
9006
9006
9006
9006
9494
9494
9494
9494
9494
9494
9494
9494
9494
9006
9006
9006
9006
8410
8410
8410
8410
8410
8410
8410
8410
9006
9006
9494
9494
9494
9494
9494
9494
9494
9494
9494
9494
9494
9494
9494
9494
9494
9494
9494
9494
9494
9494
9494
9494
9494
9494
9494
9494
9494
9494
9494
9494
9494
9494
9494
9494
9494
9494
9494
9494
9494
9494
9494
9494
9494
9494
9494
9494
9494
9494
9494
9494
9494
9494
9494
9494
9494
9494
9494
9494
9494
9494
9494
9494
9494
9494
9494
9494
9494
9494
9494
9494
9494
9494
9494
9494
9494
9494
9494
9494
9494
9494
9494
9494
9494
9494
9494
9494
9494
9494
9494
9494
9494
9494
9494
9494
9494
9494
9494
9494
9494
9494
9494
9494
9494
9494
9494
9494
9494
9494
9494
9494
9494
9494
9494
9494
8898
8898
8898
8898
9494
9494
9494
8818
8818
8818
8818
8818
8818
8818
8818
8818
8818
8818
8818
9494
9494
9494
9494
9494
9494
9494
9494
9494
9494
9494
9494
9494
9494
9494
9494
9494
9494
9494
9494
9494
9494
9494
9494
9494
9494
9494
9494
9494
9494
9494
9494
9494
9494
9494
9494
9494
9494
9494
9494
9494
9494
9494
9494
9494
9494
9494
9494
9494
9494
9494
9494
9494
9494
9494
9494
9494
8898
9494
9494
9494
9494
9494
9494
9494
9494
9494
9494
9494
9494
9494
9494
9494
9494
9494
9494
9494
9494
9494
9494
9494
9494
8818
8818
8818
8818
8818
8818
8818
8818
8818
8818
8818
8818
8818
8818
8818
8818
8818
8818
8818
8818
8818
8818
9494
9494
9494
9494
9494
9494
9494
9494
9494
9494
9494
9494
9494
9494
9494
9494
9494
9494
9494
9494
9494
9494
9494
9494
9494
9494
9494
9494
9494
9494
8690
8690
8690
8690
8690
8690
8690
8690
8690
8690
9494
9494
9494
9494
9494
9494
9494
9494
9494
9494
9494
9494
9494
9494
9494
9494
9494
9494
9494
9494
9494
9494
9494
9494
9494
9494
9494
9494
9494
9494
9494
9494
9494
9494
9494
9494
9494
9494
9494
9494
9494
9494
9494
9494
9494
9494
9494
9494
9494
9494
9494
9494
9494
9494
9494
9494
9494
9494
9494
9494
9494
9494
9494
9494
9494
9494
9494
9494
9494
9494
9494
9494
9494
9494
9494
9494
9494
9494
9494
9494
9494
9494
9494
9494
9494
9494
9494
9494
9494
9494
9494
9494
9494
9494
9494
9494
9494
9494
9494
9494
9494
9494
9494
9494
9494
9494
9494
9494
9494
9494
9494
9494
9494
9494
9494
9494
9494
9494
9494
9494
9494
9494
9494
9494
9494
9494
9494
9494
9494
9494
9494
9494
9494
9494
9494
9494
9494
9006
9006
9006
9006
9006
9006
9006
9006
9006
9006
9006
9006
9006
9006
9006
9494
9494
9494
9494
9494
9494
9494
9494
9494
9494
9494
9494
9494
9494
9494
9494
9494
9494
9494
9494
9494
9494
9494
9494
9494
9494
9494
9494
9494
9494
9494
9494
9494
9494
9494
9494
9494
9494
9494
9494
9494
9494
9494
9494
9494
9494
9494
9494
9494
9494
9494
9494
9494
9494
9494
9004
9004
9004
9004
9004
9004
9004
9004
9004
9004
9004
9004
9494
9494
9494
9494
9006
9006
9006
9494
9494
9494
9494
9494
9494
9494
9494
9494
9494
9494
9494
9494
9494
9494
9494
9494
9494
9494
9494
9494
9494
9494
9494
9494
9494
9494
9494
9494
9494
9494
9494
9494
9494
9494
9494
9494
9494
9494
9494
9494
9494
9494
9494
9494
9494
9494
9494
9494
9494
9494
9494
9494
9494
9494
9494
9494
9494
9494
9494
9494
9494
9494
9494
9494
9494
9494
9494
9494
9494
9494
9494
9494
9494
9494
9494
9494
9494
9494
9494
9494
9494
9494
9494
9494
9494
9494
9494
9494
9494
9494
9494
9494
9494
9494
9494
9494
9494
9494
9494
9494
9494
9494
9494
9494
9494
9494
9494
9494
9494
9494
9494
9494
9494
9494
9494
9494
9494
9494
9494
9494
9494
9494
9494
9494
9494
9494
9494
9494
9494
9494
9494
9494
9494
9494
9494
9494
9494
9494
9494
9494
9494
9494
9494
9494
9494
9494
9494
9494
9494
9494
9494
9494
9494
9494
9494
9494
9494
9494
9494
9494
9494
9494
9494
9494
9494
9494
9494
9494
9494
9494
9494
9494
9494
9494
9494
9494
9494
9494
9494
9494
9494
9494
9494
9494
9494
9494
9494
9494
9494
9494
9494
9494
9494
9494
9494
9494
9494
9494
9494
9494
9494
9494
9494
9494
9494
9494
9494
9494
9494
9494
9494
9494
9494
9494
9494
9494
9494
9494
9494
9494
9494
9494
9494
9494
9494
9494
9494
9494
9494
9494
9494
9494
9494
9494
9494
9494
9494
9494
9494
9494
9494
9494
9494
9494
9494
9494
9494
9494
9494
9494
9494
9494
9494
9494
9494
9494
9494
9494
9494
9494
9494
9494
9494
9494
9494
9494
9494
9494
9494
9494
9494
8846
8846
8846
8846
8846
8846
8846
8846
8846
8846
8846
8846
8846
8846
8846
8846
8846
8846
8846
8846
8846
8846
8846
8846
9494
9494
9494
9494
9494
9494
9494
9494
9494
9494
9494
9494
9494
9494
9494
9494
9494
9494
9494
9494
9494
9494
9494
9494
9494
9494
9494
9494
9494
9494
9494
9494
9494
9494
9494
9494
9494
9494
9494
9494
9494
9494
9494
9494
9494
9494
9494
9494
9494
9494
9494
9494
9494
9494
9494
9494
9494
9494
9494
9494
9494
9494
9494
9494
9494
9494
9494
9494
9494
9494
9494
9006
9006
9006
9006
9006
9006
9006
9006
9006
9494
9494
9494
9494
9494
9494
9494
9494
9494
9494
9494
9494
9494
9494
9494
9494
9494
9494
9494
9494
9004
9004
9004
9004
9004
9004
9004
9004
9004
9004
9004
9004
9004
9004
9004
9004
9004
9004
9004
9004
9494
9494
9494
9494
9494
9494
9494
9494
9494
9494
9494
9494
9494
9494
9494
9494
9494
9494
9494
9494
9494
9494
9494
9494
9494
9494
9494
9494
9494
9494
9494
9494
9494
9494
9494
9494
9494
9494
9494
9494
9494
9494
9494
9494
9494
9004
9004
9004
9004
9004
9004
9004
9004
9004
9004
9004
9004
9494
9494
9494
9494
9494
9494
9494
9494
9494
9494
9494
9494
9494
9494
9494
9494
9494
9494
9494
9494
9494
9494
9494
9494
9494
9494
9494
9494
9494
9494
9494
9494
9494
9494
9494
9494
9494
9494
9494
9494
9494
9494
9494
9494
9494
9494
9494
9494
9494
9494
9494
9494
9494
9494
9494
9494
9494
9494
9494
9494
9494
9494
9494
9494
9494
9494
9494
9494
9494
9494
9494
9494
9494
9494
9494
9494
9494
9494
9494
9494
9494
9494
9494
9494
9494
9494
9494
9494
8818
8818
8818
8818
8818
8818
8818
8818
8818
8818
9494
9494
9494
9494
9494
9494
9494
9494
9494
9494
9494
9494
8818
8818
8818
8818
8818
8818
8818
8818
8818
8818
8818
8818
8818
8818
9494
9494
9494
9494
9494
9494
9494
9494
9494
9494
9494
9494
9494
9494
9494
9494
9494
9494
9494
9494
9494
9494
9494
9494
9494
9494
9494
9494
9494
9494
9494
9494
9494
9494
9494
9494
9494
9494
9494
9494
9494
9494
9494
9494
9494
9494
9494
9494
9494
9494
9494
9494
9494
9494
9494
9494
9494
9494
9494
9494
9494
9494
9494
9494
9494
9494
9494
9494
9494
9494
9494
9494
9494
9494
9494
9494
9494
9494
9494
9494
9494
9494
9494
9494
9494
9494
9494
9494
9494
9494
9494
9494
9494
9494
9494
9494
9494
9494
9494
9494
9494
9494
9494
9494
9494
9494
9494
9494
9494
9494
9006
9006
9006
9006
9006
9006
9006
9006
9006
9006
9006
9006
9006
9006
9006
9006
9006
9006
9006
9006
9006
9006
9006
9006
9006
9006
9006
9006
9006
9006
9006
9006
9006
9006
9006
9494
9494
9494
9494
9494
9494
9494
9494
9494
9494
9494
9494
9494
9494
9494
9494
9494
9494
9494
9494
9494
9494
9494
9494
9494
9494
9494
9494
9494
9494
9494
9494
9494
9494
9494
9494
9494
9494
9494
9494
9494
9494
9494
9494
9494
9494
9494
9494
9494
9494
9494
9494
9494
9494
9494
9494
9494
9494
9494
9494
9494
9494
9494
9494
9494
9494
9494
9494
9494
9494
9494
9494
9494
9494
9494
9494
9494
9494
9494
9494
9494
9494
9494
9494
9494
9494
9494
9494
9494
9494
9494
9494
9494
9494
9494
9494
9494
9494
9494
9494
9494
9494
9494
9494
9494
9494
9494
9494
9494
9494
9494
9494
9494
9494
9494
9494
9494
9494
9494
9494
9494
9494
9494
9494
9494
9494
9494
9494
9494
9494
9494
9494
9494
9494
9494
9494
9494
9494
9494
9494
9494
9494
9494
9494
9494
9494
9494
9494
9494
9494
9494
9494
9006
9006
9006
9006
9006
9006
9006
9006
9006
9006
9006
9006
9006
9006
9006
9006
9006
9006
9006
9006
9006
9006
9006
9494
9494
9494
9494
9494
9494
9494
9494
9494
9494
9494
9494
9494
9494
9494
9494
9494
9494
9494
9494
9494
9494
9494
9494
9494
9494
9494
9494
9494
9494
9494
9494
9494
9494
9494
9494
9494
9494
9494
8622
8622
8718
8718
8718
8718
8718
8718
8718
8718
8718
8718
8718
8718
8718
8718
8718
8718
8718
8718
8718
8718
8718
8718
8718
8718
8718
8718
8718
8622
8622
8622
8622
8622
8622
8622
8622
8622
8622
8622
8622
8622
8622
8622
8622
8622
8622
8622
8622
8622
8622
8622
8622
8622
8622
8622
8622
8718
8718
8718
8718
8718
8718
8622
8622
8718
8718
8718
8718
8718
8718
8718
8718
8718
8718
8718
8718
8718
8718
8718
8718
8718
8718
8718
8622
8622
8622
8622
8622
8622
8622
8622
8622
8622
8622
8622
8622
8622
8622
8622
8622
8622
8622
8622
8622
8718
8718
8622
8622
8622
8622
8622
8622
8622
8622
8622
8622
8622
8622
8622
8622
8718
8718
8718
8718
8718
8718
8718
8718
8718
8622
8622
8622
8622
8622
8622
8622
8622
8718
8718
8718
8718
8718
8718
8718
8718
8718
8718
8718
8718
8718
8718
8718
8718
8718
8718
8718
8718
8718
8718
8718
8718
8718
8718
8718
8718
8718
8718
8718
8718
8718
8718
8718
8718
8718
8718
8718
8718
8718
8718
8718
8718
8718
8718
8718
8718
8718
8718
8718
8718
8718
8718
8718
8718
8718
8718
8718
8622
8622
8622
8622
8622
8622
8622
8622
8622
8622
8622
8718
8718
8718
8718
8718
8718
8718
8718
8718
8718
8718
8718
8718
8718
8718
8718
8718
8718
8718
8718
8718
8718
8718
8718
8718
8718
8718
8718
8718
8718
8718
8718
8718
8718
8718
8718
8718
8718
8718
8718
8718
8718
8718
8718
8718
8718
8718
8718
8718
8718
8718
8718
8622
8622
8622
8622
8622
8622
8718
8622
8622
8622
8622
8622
8718
8718
8718
8718
8718
8718
8718
8622
8622
8622
8622
8622
8622
8622
8622
9494
9494
9494
9494
9494
9494
9494
9494
9494
9494
9494
9494
9494
9494
9494
9494
9494
9494
9494
9494
9494
9494
9494
9494
9494
9494
9494
9494
9494
9494
9494
9494
9494
9494
9494
9494
9494
9494
9494
9494
9494
9494
9494
9494
9494
9494
9494
9494
9494
9494
9494
9494
9494
9494
9494
9494
9494
9494
9494
9494
9494
9494
9494
9494
9494
9494
9494
9494
9494
9494
9494
9494
9494
9494
9494
9494
9494
9494
9494
9494
9494
9494
9494
9494
9494
9494
9494
9494
9494
9494
9494
9494
9494
9494
9494
9494
9494
9494
9494
9494
9494
9494
9494
9494
9494
9494
9494
9494
9494
9494
9494
9494
9494
9494
9494
9494
9494
9494
9494
9494
9494
9494
9494
9494
9494
9494
9494
9494
9494
9494
9494
9494
9494
9494
9494
9494
9494
9494
9494
9494
9494
9494
9494
9494
9494
9494
9494
9494
9494
9494
9494
9494
9494
9494
9494
9494
9494
9494
9494
9494
9494
9494
9494
9494
9494
9494
9494
9494
9494
9494
9494
9494
9494
9494
9494
9494
9494
9494
9494
9494
9494
9494
9494
9494
9494
9494
9494
9494
9494
9494
9494
9494
9494
9494
9494
9494
9494
9494
9494
9494
9494
9494
9494
9494
9494
9494
9494
9494
9494
9494
9494
9494
9494
9494
9494
9494
9494
9494
9494
9494
9494
9494
9494
9494
9494
9494
9494
9494
9494
9494
9494
9494
9494
9494
9494
9494
9494
9494
9494
9494
9494
9494
9494
9494
9494
9494
9494
9494
9494
9494
9494
9494
9494
9494
9494
9494
9494
9494
9494
9494
9494
9494
9494
9494
9494
9494
9494
9494
9494
9494
9494
9494
9494
9494
9494
9494
9494
9494
9494
9494
9494
9494
9494
9494
9494
9494
9494
9494
9494
9494
9494
9494
9494
9494
9494
9494
9494
9494
9494
9494
9494
9494
9494
9494
9494
9494
9494
9494
9494
8898
8898
8898
8898
8898
8898
8898
8898
8898
8898
8898
8898
8898
8898
8898
8898
8898
9494
9494
9494
9494
9494
9494
9494
9494
9494
9494
9494
9494
9494
9494
9494
9494
9494
9494
9494
9494
9494
9494
9494
9494
9494
9494
9494
9494
9494
9494
9494
9494
9494
9494
9494
9494
9494
9494
9494
9494
9494
9494
9494
9494
9494
9494
9494
9494
9494
9494
9494
9494
9494
9494
9494
9494
9494
9494
9494
9494
9494
9494
9494
9494
9494
9494
9494
9494
9494
9494
9494
9494
9494
9494
9494
9494
9494
9494
9494
9494
9494
9494
9494
9494
9494
9494
9494
9494
9494
9494
9494
9494
9494
9494
9494
9494
9494
9494
9494
9494
9494
9494
9494
9494
9494
9494
9494
9494
9494
9006
9006
9006
9006
9006
9006
9006
9494
9494
9494
9494
9494
9494
9494
9494
9494
9494
9494
9494
9494
9494
9494
9494
9494
9494
9494
9494
9494
9494
9494
9494
9494
9494
9494
9494
9494
9494
9494
9494
9494
9494
9494
9494
9494
9494
9494
9494
9494
9494
9494
9494
9494
9494
9494
9494
9494
9494
9494
9494
9494
9494
9494
9494
9494
9494
9494
9494
9494
9494
9494
9494
9494
9494
9494
9494
9494
9494
9494
9494
9494
9494
9494
9494
9494
9494
9494
9494
9494
9494
9494
9494
9494
9494
9494
9494
9494
9494
9494
9494
9494
9494
9494
9494
9494
9494
9494
9494
9494
9494
9494
9494
9494
9494
9494
9494
9494
9494
9494
9494
9494
9494
9494
9494
9494
9494
9494
9494
9006
9006
9006
9006
9006
9006
9494
9494
9494
9494
9494
9494
9494
9494
9494
9494
9494
9494
9494
9494
9494
9494
9494
9494
9494
9494
9494
9494
9494
9494
9494
9494
9494
9494
9494
9494
9494
9494
9494
9494
9494
9494
9494
9494
9494
9494
9494
9494
9494
9494
9494
9494
9494
9494
9494
9494
9494
9494
9494
9494
9494
9494
9494
9494
9494
9494
9494
9494
9494
9494
9494
9494
9494
9494
9494
9494
9494
9494
9494
9494
9494
9494
9494
9494
9494
9494
9494
9494
9494
9494
9494
9494
9494
9494
9494
9494
9494
9494
9494
9494
9494
9494
9494
9494
9494
9494
9494
9494
9494
9494
9494
9494
9494
9494
9494
9494
9494
9494
9494
9494
9494
9494
9494
9494
9494
9494
9494
9494
9494
9494
9494
9494
9494
9494
9494
9494
9494
9494
9494
9494
9494
9494
9494
9494
9494
9494
9494
9494
9494
9494
9494
9494
9494
9494
9494
9494
9494
9494
9494
9494
9494
9494
9494
9494
9494
9494
9494
9494
9494
9494
9494
9494
9494
9494
9494
9494
9494
9494
9494
9494
9494
9494
9494
9494
9494
9494
9494
9494
9494
9494
9494
9494
9494
9494
9494
9494
9494
9494
9494
9494
9494
9494
9494
9494
9494
9494
9494
9494
9494
9494
9494
9494
9494
9494
9494
9494
9494
9494
9494
9494
9494
9494
9494
9494
9494
9494
9494
9494
9494
9494
9494
9494
9494
9494
9494
9494
9494
9494
9494
9494
9494
9494
9494
9494
9494
9494
9494
9494
9494
9494
9494
9494
9494
9494
9494
9494
9494
9494
9494
9494
9494
9494
9494
9494
9494
9494
9494
9494
9494
9494
9494
9494
9494
9494
9494
9494
9494
9494
9494
9494
9494
9494
9494
9494
9494
9494
9494
9494
9494
9494
9494
9494
9494
9494
9494
9494
9494
9494
9494
9494
9494
9494
9494
9494
9494
9494
9494
9494
9494
9494
9494
9494
9494
9494
9494
9494
9494
9494
9494
9494
9494
9494
9494
9494
9494
9494
9494
9494
9494
9494
9494
9494
9494
9494
9494
9494
9494
9494
9494
9494
9494
9494
9494
9494
9494
9494
9494
9494
9494
9494
9494
9494
9494
9494
9494
9494
9494
9494
9494
9494
9494
9494
9494
9494
9494
9494
9494
9494
9494
9494
9494
9494
9494
9494
9494
9494
9494
9494
9494
9494
9494
9494
9494
9494
9494
9494
9494
9494
9494
9494
9494
9494
9494
9494
9494
9494
9494
9494
9494
9494
9494
9494
9494
9494
9494
9494
9494
9494
9494
9494
9494
9494
9494
9494
9494
9494
9494
9494
9494
9494
9494
9494
9494
9494
9494
9494
9494
9494
9494
99494
9494
9494
9494
9494
9494
9494
9494
9494
9494
9494
9494
9494
9494
9494
9494
9494
9494
9494
9494
9494
9494
9494
9494
9494
9494
9494
9494
9494
9494
9494
9494
9494
9494
9494
9494
9494
9494
9494
9494
9494
9494
9494
9494
9494
9494
9494
9494
9494
9494
9494
9494
9494
9494
9494
9494
9494
9494
9494
9494
9494
9494
9494
9494
9494
9494
9494
9494
9494
9494
9494
9494
9494
9494
9494
9494
9494
9494
9494
9494
9494
9494
9494
9494
9494
9494
9494
9494
9494
9494
9494
9494
9494
9494
9494
9494
9494
9494
9494
9494
9494
9494
9494
9494
9494
9494
9494
9494
9494
9494
9494
9494
9494
9494
9494
9494
9494
9494
9494
9494
9494
9494
9494
9494
9494
9494
9494
9494
9494
9494
9494
9494
9494
9494
9494
9494
9494
9494
9494
9494
9494
9494
9494
9494
9494
9494
9494
9494
9494
9494
9494
9494
9494
9494
9494
9494
9494
9494
9494
9494
9494
9494
9494
9494
9494
9494
9494
9494
9494
9494
9494
9494
9494
9494
9494
9494
9494
9494
9494
9494
9494
9494
9494
9494
9494
9494
9494
9494
9494
9494
9494
9494
9494
9494
9494
9494
9494
9494
9494
9494
9494
9494
9494
9494
9494
9494
9494
9494
9494
9494
9494
9494
9494
9494
9494
9494
9494
9494
9494
9494
9494
9494
9494
9494
9494
9494
9494
9494
9494
9494
9494
9494
9494
9494
9494
9494
9494
9494
9494
9494
9494
9494
9494
9494
9494
9494
9494
9494
9494
9494
9494
9494
9494
9494
9494
9494
9494
9494
9494
9494
9494
9494
9494
9494
9494
9494
9494
9494
9494
9494
9494
9494
9494
9494
9494
9494
9494
9494
9494
9494
9494
9494
8846
8846
8846
8846
8846
9494
9494
9494
9494
9494
9494
9494
9494
9494
9494
9494
9494
9494
9494
9494
9494
9494
9494
9494
9494
9494
9494
9494
9494
9494
9494
9494
9494
9494
9494
9494
9494
9494
9494
9494
9494
9494
9494
9494
9494
9494
9494
9494
9494
9494
9494
9494
9494
9494
9494
9494
9494
9494
9494
9494
9494
9494
9494
9494
9494
9494
9494
9494
9494
9494
9494
9494
9494
9494
9494
9494
9494
9494
9494
9494
9494
9494
9494
9494
9494
9494
9494
9494
9494
9494
9494
9494
9494
9494
9494
9494
9494
9494
9494
9494
9494
9494
9494
9494
9494
9494
9494
9494
9494
9494
9494
9494
9494
9494
9494
9494
9494
9494
9494
9494
9494
9494
9494
9494
9494
9494
9494
9494
9494
9494
9494
9494
9494
9494
9494
9494
9494
9494
9494
9494
9494
9494
9494
9494
9494
9494
9494
9494
9494
9494
9494
9494
9494
9494
9494
9494
9494
9494
9494
9494
9494
9494
9494
9494
9494
9494
9494
9494
9494
9494
9494
9494
9494
9494
9494
9494
9494
9494
9494
9494
9494
9494
9494
9494
9494
9494
9494
9494
9494
9494
9494
9494
9494
9494
9494
9494
9494
9494
9494
9494
9494
9494
9494
9494
9494
9494
9494
9494
9494
9494
9494
9494
9494
9494
9494
9494
9494
9494
9494
9494
9494
9494
9494
9494
9494
9494
9494
9494
9494
9494
9494
9494
9494
9494
9494
9494
9494
9494
9494
9006
9494
9494
9494
9494
9494
9494
9494
9494
9494
9494
9494
9494
9494
9494
9494
9494
9494
9494
9494
9494
9494
9494
9494
9494
9494
9494
9494
9494
9494
9494
9494
9494
9494
9494
9494
9494
9494
9494
9494
9494
9494
9494
9494
9494
9494
9494
9494
9494
9494
9494
9494
9494
9494
9494
9494
9494
9494
9494
9494
9494
9494
9494
9494
9494
9494
9494
9494
9494
9494
9494
9494
9494
9494
9494
9494
9494
9494
9494
9494
9494
9494
9494
9494
9494
9494
9494
9494
9494
9494
9494
9494
9494
9494
9494
9494
9494
9494
9494
9494
9494
9494
9494
9494
9494
9494
9494
9494
9494
9494
9494
9494
9494
9494
9494
9494
9494
9494
9494
9494
9494
9494
9494
9494
9494
9494
9494
9494
9494
9494
9494
9494
9494
9494
9494
9494
9494
9494
9494
9494
9494
9494
9494
9494
9494
9494
9494
9494
9494
9494
9494
9494
9494
9494
9494
9494
9494
9494
9494
9494
9494
9494
9494
9494
9494
9494
9494
9494
9494
9494
9494
9494
9494
9494
9494
9494
9494
9494
9494
9494
9494
9494
9494
9494
9494
9494
9494
9494
9494
9494
9004
9004
9004
9004
9004
9004
9004
9004
9004
9004
9004
9004
9004
9004
9494
9494
9494
9494
9494
9494
9494
9494
9494
9494
9494
9494
9494
9494
9494
9494
9494
9494
9494
9494
9494
9494
9494
9494
9494
9494
9494
9494
9494
9494
9494
9494
9494
9494
9494
9494
9494
9494
9494
9494
9494
9494
9494
9494
9494
9494
9494
9494
9494
9494
9494
9494
9494
9494
9494
9494
9494
9494
9494
9494
9494
9494
9494
9494
9494
9494
9494
9494
9494
9494
9494
9494
9494
9494
9494
9494
9494
9494
9494
9494
9494
9494
9494
9494
9494
9494
9494
9494
9494
9494
9494
9494
9494
9494
9494
9494
9494
9494
9494
9494
9494
9494
9494
9494
9494
9494
9494
9494
9494
9494
9494
9494
9494
9494
9494
9494
9494
9494
9494
9494
9494
9494
9494
9494
9494
9494
9494
9494
9494
9494
9494
9494
9494
9494
9494
9494
9494
9494
9494
9494
9494
9494
9494
9494
9494
9494
9494
9494
9494
9494
9494
9494
9494
9494
9494
9494
9494
9494
9494
9494
9494
9494
9494
9494
9494
9494
9494
9494
9494
9494
9494
9494
9494
9494
9494
9494
9494
9494
9494
9494
9494
9494
9494
9494
9494
9494
9494
9494
9494
9494
9494
9494
9494
9494
9494
9494
9494
9494
9494
9494
9494
9494
9494
9494
9494
9494
9494
9494
9494
9494
9494
9494
9494
9494
9494
9494
9494
9494
9494
9494
9494
9494
9494
9494
9494
9494
9494
9494
9494
9494
9494
9494
9494
9494
9494
9494
9494
9494
9494
9494
9494
9494
9494
9494
9494
9494
9494
9494
9494
9494
9494
9494
9494
9494
9494
9494
9494
9494
9494
9494
9494
9494
9494
9494
9494
9494
9494
9494
9494
9494
9494
9494
9494
9494
9494
9494
9494
9494
9494
9494
9494
9494
9494
9494
9494
9494
9494
9494
9494
9494
9494
9494
9494
9494
9494
9494
9494
9494
9494
9494
9494
9494
9494
9494
9494
9494
9494
9494
9494
9494
9494
9494
9494
9494
9494
9494
9494
9494
9494
9494
9494
9494
9494
9494
9494
9494
9494
9494
9494
9494
9494
9494
9494
9494
9494
9494
9494
9494
9494
9494
9494
9494
9494
9494
9494
9494
9494
9494
9494
9494
9494
9494
9494
9494
9494
9494
9494
9494
9494
9494
9494
9494
9494
9494
9494
9494
9494
9494
9494
9494
9494
9494
9494
9494
9494
9494
9494
9494
9494
9494
9494
9494
9494
9494
9494
9494
9494
9494
9494
9494
9494
9494
9494
9494
9494
9494
9494
9494
9494
9494
9494
9494
9494
9494
9494
9494
9494
9494
9494
9494
9494
9494
9494
9494
9494
9494
9494
9494
9494
9494
9494
9494
9494
9494
9494
9494
9494
9494
9494
9494
9494
9494
9494
9494
9494
9494
9494
9494
9494
9494
9494
9494
9494
9494
9494
9494
9494
9494
9494
9494
9494
9494
9494
9494
9494
9494
9494
9494
9494
9494
9494
9494
9494
9494
9494
9494
9494
9494
9494
9494
9494
9494
9494
9494
9494
9494
9494
9494
9494
9494
9494
9494
9494
9494
9494
9494
9494
9494
9494
9494
9494
9494
9494
9494
9494
9494
9494
9494
9494
9494
9494
9494
9494
9494
9494
9494
9494
9494
9494
9494
9494
9494
9494
9494
9494
9494
9494
9494
9494
9494
9494
9494
9494
9494
9494
9494
9494
9494
9494
9494
9494
9494
9494
9494
9494
9494
9494
9494
9494
9494
9494
9494
9494
9494
9494
9494
9494
9494
9494
9494
9494
9494
9494
9494
9494
9494
9494
9494
9494
9494
9494
9494
9494
9494
9494
9494
9494
9494
9494
9494
9494
9494
9494
9494
9494
9494
9494
9494
9494
9494
9494
9494
9494
9494
9494
9494
9494
9494
9494
9494
9494
9494
9494
9494
9494
9494
9494
9494
9494
9494
9494
9494
9494
9494
9494
9494
9494
9494
9494
9494
9494
9494
9494
9494
9494
9494
9494
9494
9494
9494
9494
9494
9494
9494
9494
9494
9494
9494
9494
9494
9494
9494
9494
9494
9494
9494
9494
9494
9494
9494
9494
9494
9494
9494
9494
9494
9494
9494
9494
9494
9494
9494
9494
9494
9494
9494
9494
9494
9494
9494
9494
9494
9494
9494
9494
9494
9494
9494
9494
9494
9494
9494
9494
9494
9494
9494
9494
9494
9494
9494
9494
9494
9494
9494
9494
9494
9494
9494
9494
9494
9494
9494
9494
9494
9494
9494
9494
9494
9494
9494
9494
9494
9494
9494
9494
9494
9494
9494
9494
9494
9494
9494
9494
9494
9494
9494
9494
9494
9494
9494
9494
9494
9494
9494
9494
9494
9494
9494
9494
9494
9494
9494
9494
9494
9494
9494
9494
9494
9494
9494
9494
9494
9494
9494
9494
9494
9494
9494
9494
9494
9494
9494
9494
9494
9494
9494
9494
9494
9494
9494
9494
9494
9494
9494
9494
9494
9494
9494
9494
9494
9494
9494
9494
9494
9494
9494
9494
9494
9494
9494
9494
9494
9494
9494
9494
9494
9494
9494
9494
9494
9494
9494
9494
9494
9494
9494
9494
9494
9494
9494
9494
9494
9494
9494
9494
9494
9494
9494
9494
9494
9494
9494
9494
9494
9494
9494
9494
9494
9494
9494
9494
9494
9494
9494
9494
9494
9494
9494
9494
9494
9494
9494
9494
9494
9494
9494
9494
9494
9494
9494
9494
9494
9494
9494
9494
9494
9494
9494
9494
9494
9494
9494
9494
9494
9494
9494
9494
9494
9494
9494
9494
9494
9494
9494
9494
9494
9494
9494
9494
9494
9494
9494
9494
9494
9494
9494
9494
9494
9494
9494
9494
9494
9494
9494
9494
9494
9494
9494
9494
9494
9494
9494
9494
9494
9494
9494
9494
9494
9494
9494
9494
9494
9494
9494
9494
9494
9494
9494
9494
9494
9494
9494
9494
949499494
9494
9494
9494
9494
9494
9494
9494
9494
9494
8818
8818
8818
8818
8818
8818
8818
8818
8818
8818
8818
8818
9494
9494
9494
9494
9494
9494
9494
9494
9494
9494
9494
9494
9494
9494
9494
9494
9494
9494
9494
9494
9494
9494
9494
9494
9494
9494
9494
9494
9494
9494
9494
9494
9494
9494
9494
9494
9494
9494
9494
9494
9494
9494
9494
9494
9494
9494
9494
9494
9494
9494
9494
9494
9494
9494
9494
9494
9494
9494
9494
9494
9494
9494
9494
9494
9494
9494
9494
9494
9494
9494
9494
9494
9494
9494
9494
9494
9494
9494
9494
9494
9494
9494
9494
9494
9494
9494
9494
9494
9494
9494
9494
9494
9494
9494
9494
9494
9494
9494
9494
9494
9494
9494
9494
9494
9494
9494
9494
9494
9494
9494
9494
9494
9494
9494
9494
9494
9494
9494
9494
9494
9494
9494
9494
9494
9494
9494
9494
9494
9494
9494
9494
9494
9494
9494
9494
9494
9494
9494
9494
9494
9494
9494
9494
9494
9494
9494
9494
9494
9494
9494
9494
9494
9494
9494
9494
9494
9494
9494
9494
9494
9494
9494
9494
9494
9494
9494
9494
9494
9494
9494
9494
9494
9494
9494
9494
9494
9494
9494
9494
9494
9494
9494
9494
9494
9494
9494
9494
9494
9494
9494
9494
9494
9494
9494
9494
9494
9494
9494
9494
9494
9494
9494
9494
9494
9494
9494
9494
9494
9494
9494
9494
9494
9494
9494
9494
9494
9494
9494
9494
9494
9494
9494
9494
9494
9494
9494
9494
9494
9494
9494
9494
9494
9494
9494
9494
9494
9494
9494
9494
9494
9494
9494
9494
9494
9494
9494
9494
9494
9494
9494
9494
9494
9494
9494
9494
9494
9494
9494
9494
9494
9494
9494
9494
9494
9494
9494
9494
9494
9494
9494
9494
9494
9494
9494
9494
9494
9494
9494
9494
9494
9494
9494
9494
9494
9494
9494
9494
9494
9494
9494
9494
9494
9494
9494
9494
9494
9494
9494
9494
9494
9494
9494
9494
9494
9494
9494
9494
9494
9494
9494
9494
9494
9494
9494
9494
9494
9494
9494
9494
9494
9494
9494
9494
9494
9494
9494
9494
9494
9494
9494
9494
9494
9494
9494
9494
9494
9494
9494
9494
9494
9494
9494
9494
9494
9494
9494
9494
9494
9494
9494
9494
9494
9494
9494
9494
9494
9494
9494
9494
9494
9494
9494
9494
9494
9494
9494
9494
9494
9494
9494
9494
9494
9494
9494
9494
9494
9494
9494
9494
9494
9494
9494
9494
9494
9494
9494
9494
9494
9494
9494
9494
9494
9494
9494
9494
9494
9494
9494
9494
9494
9494
9494
9494
9494
9494
9494
9494
9494
9494
9494
9494
9494
9494
9494
9494
9494
9494
9494
9494
9494
9494
9494
9494
9494
9494
9494
9494
9494
9494
9494
9494
9494
9494
9494
9494
9494
9494
9494
9494
9494
9494
9494
9494
9494
9494
9494
9494
9494
9494
9494
9494
9494
9494
9494
9494
9494
9494
9494
9494
9494
9494
9494
9494
9494
9494
9494
9494
9494
9494
9494
9494
9494
9494
9494
9494
9494
9494
9494
9494
9494
9494
9494
9494
9494
9494
9494
9494
9494
9494
9494
9494
9494
9494
9494
9494
9494
9494
9494
9494
9494
9494
9494
9494
9494
9494
9494
9494
9494
9494
9494
9494
9494
9494
9494
9494
9494
9494
9494
9494
9494
9494
9494
9494
9494
9494
9494
9494
9494
9494
9494
9494
9494
9494
9494
9494
9494
9494
9494
9494
9494
9494
9494
9494
9494
9494
9494
9494
9494
9494
9494
9494
9494
9494
9494
9494
9494
9494
9494
9494
9494
9494
9494
9494
9494
9494
9494
9494
9494
9494
9494
9494
9494
9494
9494
9494
9494
9494
9494
9494
9494
9494
9494
9494
9494
9494
9494
9494
9494
9494
9494
9494
9494
9494
9494
9494
9494
9494
9494
9494
9494
9494
9494
9494
9494
9494
9494
9494
9494
9494
9494
9494
9494
9494
9494
9494
9494
9494
9494
9494
9494
9494
9494
9494
9494
9494
9494
9494
9494
9494
9494
9494
9494
9494
9494
9494
9494
9494
9494
9494
9494
9494
9494
9494
9494
9494
9494
9494
9494
9494
9494
9494
9494
9494
9494
9494
9494
9494
9494
9494
9494
9494
9494
9494
9494
9494
9494
9494
9494
9494
9494
9494
9494
9494
9494
9494
9494
9494
9494
9494
9494
9494
9494
9494
9494
9494
9494
9494
9494
9494
9494
9494
9494
9494
9494
9494
9494
9494
9494
9494
9494
9494
9494
9494
9494
9494
9494
9494
9494
9494
9494
9494
9494
9494
9494
9494
9494
9494
9494
9494
9494
9494
9494
9494
9494
9494
9494
9494
9494
9494
9494
9494
9494
9494
9494
9494
9494
9494
9494
9494
9494
9494
9494
9494
9494
9494
9494
9494
9494
9494
9494
9494
9494
9494
9494
9494
9494
9494
9494
9494
9494
9494
9494
9494
9494
9494
9494
9494
9494
9494
9494
9494
9494
9494
9494
9494
9494
9494
9494
9494
9494
9494
9494
9494
9494
9494
9494
9494
9494
9494
9494
9494
9494
9494
9494
9494
9494
9494
9494
9494
9494
9494
9494
9494
9494
9494
9494
9494
9494
9494
9494
9494
9494
9494
9494
9494
9494
9494
9494
9494
9494
9494
9494
9494
9494
9494
9494
9494
9494
9494
9494
9494
9494
9494
9494
9494
9494
9494
9494
9494
9494
9494
9494
9494
9494
9494
9494
9494
9494
9494
9494
9494
9494
9494
9494
9494
9494
9494
9494
9494
9494
9494
9494
9494
9494
9494
9494
9494
9494
9494
9494
9494
9494
9494
9494
9494
9494
9494
9494
9494
9494
9494
9494
9494
9494
9494
9494
9494
9494
9494
9494
9494
9494
9494
9494
9494
9494
9494
9494
9494
9494
9494
9494
9494
9494
9494
9494
9494
9494
9494
9494
9494
9494
9494
9494
9494
9494
9494
9494
9494
9494
9494
9494
9494
9494
9494
9494
9494
9494
9494
9494
9494
9494
9494
9494
9494
9494
9494
9494
9494
9494
9494
9494
9494
9494
9494
9494
9494
9494
9494
9494
9494
9494
9494
9494
9494
9494
9494
9494
9494
9494
9494
9494
9494
9494
9494
9494
9494
9494
9494
9494
9494
9494
9494
9494
9494
9494
9494
9494
9494
9494
9494
9494
9494
9494
9494
9494
9494
9494
9494
9494
9494
9494
9494
9494
9494
9494
9494
9494
9494
9494
9494
9494
9494
9494
9494
9494
9494
9494
9494
9494
9494
9494
9494
9494
9494
9494
9494
9494
9494
9494
9494
9494
9494
9494
9494
9494
9494
9494
9494
9494
9494
9494
9494
9494
9494
9494
9494
9494
9494
9494
9494
9494
9494
9494
9494
9494
9494
9494
9494
9494
9494
9494
9494
9494
9494
9494
9494
9494
9494
9494
9494
9494
9494
9494
9494
9494
9494
9494
9494
9494
9494
9494
9494
9494
9494
9494
9494
9494
9494
9494
9494
9494
9494
9494
9494
9494
9494
9494
9494
9494
9494
9494
9494
9494
9494
9494
9494
9494
9494
9494
9494
9494
9494
9494
9494
9494
9494
9494
9494
9494
9494
9494
9494
9494
9494
9494
9494
9494
9494
9494
9494
9494
9494
9494
9494
9494
9494
9494
9494
9494
9494
9494
9494
9494
9494
9494
9494
9494
9494
9494
9494
9494
9494
9494
9494
9494
9494
9494
9494
9494
9494
9494
9494
9494
9494
9494
9494
9494
9494
9494
9494
9494
9494
9494
9494
9494
9494
9494
9494
9494
9494
9494
9494
9494
9494
9494
9494
9494
9494
9494
9494
9494
9494
9494
9494
9494
9494
9494
9494
9494
9494
9494
9494
9494
9494
9494
9494
9494
9494
9494
9494
9494
9494
9494
9494
9494
9494
9494
9494
9494
9494
9494
9494
9494
9494
9494
9494
9494
9494
9494
9494
9494
9494
9494
9494
9494
9494
9494
9494
9494
9494
9494
9494
9494
9494
9494
9494
9494
9494
9494
9494
9494
9494
9494
9494
9494
9494
9494
9494
9494
9494
9494
9494
9494
9494
9494
9494
9494
9494
9494
9494
9494
9494
9494
9494
9494
9494
9494
9494
9494
9494
9494
9494
9494
9494
9494
9494
9494
9494
9494
9494
9494
9494
9494
9494
9494
9494
9494
9494
9494
9494
9494
9494
9494
9494
9494
9494
9494
9494
9494
9494
9494
9494
9494
9494
9494
9494
9494
9494
9494
9494
9494
9494
9494
9494
9494
9494
9494
9494
9494
9494
9494
9494
9494
9494
9494
9494
9494
9494
9494
9494
9494
9494
9494
9494
9494
9494
9494
9494
9494
9494
9494
9494
9494
9494
9494
9494
9494
9494
9494
9494
9494
9494
9494
9494
9494
9494
9494
9494
9494
9494
9494
9494
9494
9494
9494
9494
9494
9494
9494
9494
9494
9494
9494
9494
9494
9494
9494
9494
9494
9494
9494
9494
9494
9494
9494
9494
9494
9494
9494
9494
9494
9494
9494
9494
9494
9494
9494
9494
9494
9494
9494
9494
9494
9494
9494
9494
9494
9494
9494
9494
9494
9494
9494
9494
9494
9494
9494
9494
9494
9494
9494
9494
9494
9494
9494
9494
9494
9494
9494
9494
9494
9494
9494
9494
9494
9494
9494
9494
9494
9494
9494
9494
9494
9494
9494
9494
9494
9494
9494
9494
9494
9494
9494
9494
9494
9494
9494
9494
9494
9494
9494
9494
9494
9494
9494
9494
9494
9494
9494
9494
9494
9494
9494
9494
9494
9494
9494
9494
9494
9494
9494
9494
9494
9494
9494
9494
9494
9494
9494
9494
9494
9494
9494
9494
9494
9494
9494
9494
9494
9494
9494
9494
9494
9494
9494
9494
9494
9494
9494
9494
9494
9494
9494
9494
9494
9494
9494
9494
9494
9494
9494
9494
9494
9494
9494
9494
9494
9494
9494
9494
9494
9494
9494
9494
9494
9494
9494
9494
9494
9494
9494
9494
9494
9494
9494
9494
9494
9494
9494
9494
9494
9494
9494
9494
9494
9494
9494
9494
9494
9494
9494
9494
9494
9494
9494
9494
9494
9494
9494
9494
9494
9494
9494
9494
9494
9494
9494
9494
9494
9494
9494
9494
9494
9494
9494
9494
9494
9494
9494
9494
9494
9494
9494
9494
9494
9494
9494
9494
9494
9494
9494
9494
9494
9494
9494
9494
9494
9494
9494
9494
9494
9494
9494
9494
9494
9494
9494
9494
9494
9494
9494
9494
9494
9494
9494
9494
9494
9494
9494
9494
9494
9494
9494
9494
9494
9494
9494
9494
9494
9494
9494
9494
9494
9494
9494
9494
9494
9494
9494
9494
9494
9494
9494
9494
9494
9494
9494
9494
9494
9494
9494
9494
9494
9494
9494
9494
9494
9494
9494
9494
9494
9494
9494
9494
9494
9494
9494
9494
9494
9494
9494
9494
9494
9494
9494
9494
9494
9494
9494
9494
9494
9494
9494
9494
9494
9494
9494
9494
9494
9494
9494
9494
9494
9494
9494
9494
9494
9494
9494
9494
9494
9494
9494
9494
9494
9494
9494
9494
9494
9494
9494
9494
9494
9494
9494
9494
9494
9494
9494
9494
9494
9494
9494
9494
9494
9494
9494
9494
9494
9494
9494
9494
9494
9494
9494
9494
9494
9494
9494
9494
9494
9494
9494
9494
9494
9494
9494
9494
9494
9494
9494
9494
9494
9494
9494
9494
9494
9494
9494
9494
9494
9494
9494
9494
9494
9494
9494
9494
9494
9494
9494
9494
9494
9494
9494
9494
9494
9494
9494
9494
9494
9494
9494
9494
9494
9494
9494
9494
9494
9494
9494
9494
9494
9494
9494
9494
9494
9494
9494
9494
9494
9494
9494
9494
9494
9494
9494
9494
9494
9494
9494
9494
9494
9494
9494
9494
9494
9494
9494
9494
9494
9494
9494
9494
9494
9494
9494
9494
9494
9494
9494
9494
9494
9494
9494
9494
9494
9494
9494
9494
9494
9494
9494
9494
9494
9494
9494
9494
9494
9494
9494
9494
9494
9494
9494
9494
9494
9494
9494
9494
9494
9494
9494
9494
9494
9494
9494
9494
9494
9494
9494
9494
9494
9494
9494
9494
9494
9494
9494
9494
9494
9494
9494
9494
9494
9494
9494
9494
9494
9494
9494
9494
9494
9494
9494
9494
9494
9494
9494
9494
9494
9494
9494
9494
9494
9494
9494
9494
9494
9494
9494
9494
9494
9494
9494
9494
9494
9494
9494
9494
9494
9494
9494
9494
9494
9494
9494
9494
9494
9494
9494
9494
9494
9494
9494
9494
9494
9494
9494
9494
9494
9494
9494
9494
9494
9494
9494
9494
9494
9494
9494
9494
9494
9494
9494
9494
9494
9494
9494
9494
9494
9494
9494
9494
9494
9494
9494
9494
9494
9494
9494
9494
9494
9494
9494
9494
9494
9494
9494
9494
9494
9494
9494
9494
9494
9494
9494
9494
9494
9494
9494
9494
9494
9494
9494
9494
9494
9494
9494
9494
9494
9494
9494
9494
9494
9494
9494
9494
9494
9494
9494
9494
9494
9494
9494
9494
9494
9494
9494
9494
9494
9494
9494
9494
9494
9494
9494
9494
9494
9494
9494
9494
9494
9494
9494
9494
9494
9494
9494
9494
9494
9494
9494
9494
9494
9494
9494
9494
9494
9494
9494
9494
9494
9494
9494
9494
9494
9494
9494
9494
9494
9494
9494
9494
9494
9494
9494
9494
9494
9494
9494
9494
9494
9494
9494
9494
9494
9494
9494
9494
9494
9494
9494
9494
9494
9494
9494
9494
9494
9494
9494
9494
9494
9494
9494
9494
9494
9494
9494
9494
9494
9494
9494
9494
9494
9494
9494
9494
9494
9494
9494
9494
9494
9494
9494
9494
9494
9494
9494
9494
9494
9494
9494
9494
9494
9494
9494
9494
9494
9494
9494
9494
9494
9494
9494
9494
9494
9494
9494
9494
9494
9494
9494
9494
9494
9494
9494
9494
9494
9494
9494
9494
9494
9494
9494
9494
9494
9494
9494
9494
9494
9494
9494
9494
9494
9494
9494
9494
9494
9494
9494
9494
9494
9494
9494
9494
9494
9494
9494
9494
9494
9494
9494
9494
9494
9494
9494
9494
9494
9494
9494
9494
9494
9494
9494
9494
9494
9494
9494
9494
9494
9494
9494
9494
9494
9494
9494
9494
9494
9494
9494
9494
9494
9494
9494
9494
9494
9494
9494
9494
9494
9494
9494
9494
9494
9494
9494
9494
9494
9494
9494
9494
9494
9494
9494
9494
9494
9494
9494
9494
9494
9494
9494
9494
9494
9494
9494
9494
9494
9494
9494
9494
9494
9494
9494
9494
9494
9494
9494
9494
9494
9494
9494
9494
9494
9494
9494
9494
9494
9494
9494
9494
9494
9494
9494
9494
9494
9494
9494
9494
9494
9494
9494
9494
9494
9494
9494
9494
9494
9494
9494
9494
9494
9494
9494
9494
9494
9494
9494
9494
9494
9494
9494
9494
9494
9494
9494
9494
9494
9494
9494
9494
9494
9494
9494
9494
9494
9494
9494
9494
9494
9494
9494
9494
9494
9494
9494
9494
9494
9494
9494
9494
9494
9494
9494
9494
9494
9494
9494
9494
9494
9494
9494
9494
9494
9494
9494
9494
9494
9494
9494
9494
9494
9494
9494
9494
9494
9494
9494
9494
9494
9494
9494
9494
9494
9494
9494
9494
9494
9494
9494
9494
9494
9494
9494
9494
9494
9494
9494
9494
9494
9494
9494
9494
9494
9494
9494
9494
9494
9494
9494
9494
9494
9494
9494
9494
9494
9494
9494
9494
9494
9494
9494
9494
9494
9494
9494
9494
9494
9494
9494
9494
9494
9494
9494
9494
9494
9494
9494
9494
9494
9494
9494
9494
9494
9494
9494
9494
9494
9494
9494
9494
9494
9494
9494
9494
9494
9494
9494
9494
9494
9494
9494
9494
9494
9494
9494
9494
9494
9494
9494
9494
9494
9494
9494
9494
9494
9494
9494
9494
9494
9494
9494
9494
9494
9494
9494
9494
9494
9494
9494
9494
9494
9494
9494
9494
9494
9494
9494
9494
9494
9494
9494
9494
9494
9494
9494
9494
9494
9494
9494
9494
9494
9494
9494
9494
9494
9494
9494
9494
9494
9494
9494
9494
9494
9494
9494
9494
9494
9494
9494
9494
9494
9494
9494
9494
9494
9494
9494
9494
9494
9494
9494
9494
9494
9494
9494
9494
9494
9494
9494
9494
9494
9494
9494
9494
9494
9494
9494
9494
9494
9494
9494
9494
9494
9494
9494
9494
9494
9494
9494
9494
9494
9494
9494
9494
9494
9494
9494
9494
9494
9494
9494
9494
9494
9494
9494
9494
9494
9494
9494
9494
9494
9494
9494
9494
9494
9494
9494
9494
9494
9494
9494
9494
9494
9494
9494
9494
9494
9494
9494
9494
9494
9494
9494
9494
9494
9494
9494
9494
9494
9494
9494
9494
9494
9494
9494
9494
9494
9494
9494
9494
9494
9494
9494
9494
9494
9494
9494
9494
9494
9494
9494
9494
9494
9494
9494
9494
9494
9494
9494
9494
9494
9494
9494
9494
9494
9494
9494
9494
9494
9494
9494
9494
9494
9494
9494
9494
9494
9494
9494
9494
9494
9494
9494
9494
9494
9494
9494
9494
9494
9494
9494
9494
9494
9494
9494
9494
9494
9494
9494
9494
9494
9494
9494
9494
9494
9494
9494
9494
9494
9494
9494
9494
9494
9494
9494
9494
9494
9494
9494
9494
9494
9494
9494
9494
9494
9494
9494
9494
9494
9494
9494
9494
9494
9494
9494
9494
9494
9494
9494
9494
9494
9494
9494
9494
9494
9494
9494
9494
9494
9494
9494
9494
9494
9494
9494
9494
9494
9494
9494
9494
9494
9494
9494
9494
9494
9494
9494
9494
9494
9494
9494
9494
9494
9494
9494
9494
9494
9494
9494
9494
9494
9494
9494
9494
9494
9494
9494
9494
9494
9494
9494
9494
9494
9494
9494
9494
9494
9494
9494
9494
9494
9494
9494
9494
9494
9494
9494
9494
9494
9494
9494
9494
9494
9494
9494
9494
9494
9494
9494
9494
9494
9494
9494
9494
9494
9494
9494
9494
9494
9494
9494
9494
9494
9494
9494
9494
9494
9494
9494
9494
9494
9494
9494
9494
9494
9494
9494
9494
9494
9494
9494
9494
9494
9494
9494
9494
9494
9494
9494
9494
9494
9494
9494
9494
9494
9494
9494
9494
9494
9494
9494
9494
9494
9494
9494
9494
9494
9494
9494
9494
9494
9494
9494
9494
9494
9494
9494
9494
9494
9494
9494
9494
9494
9494
9494
9494
9494
9494
9494
9494
9494
9494
9494
9494
9494
9494
9494
9494
9494
9494
9494
9494
9494
9494
9494
9494
9494
9494
9494
9494
9494
9494
9494
9494
9494
9494
9494
9494
9494
9494
9494
9494
9494
9494
9494
9494
9494
9494
9494
9494
9494
9494
9494
9494
9494
9494
9494
9494
9494
9494
9494
9494
9494
9494
9494
9494
9494
9494
9494
9494
9494
9494
9494
9494
9494
9494
9494
9494
9494
9494
9494
9494
9494
9494
9494
9494
9494
9494
9494
9494
9494
9494
9494
9494
9494
9494
9494
9494
9494
9494
9494
9494
9494
9494
9494
9494
9494
9494
9494
9494
9494
9494
9494
9494
9494
9494
9494
9494
9494
9494
9494
9494
9494
9494
9494
9494
9494
9494
9494
9494
9494
9494
9494
9494
9494
9494
9494
9494
9494
9494
9494
9494
9494
9494
9494
9494
9494
9494
9494
9494
9494
9494
9494
9494
9494
9494
9494
9494
9494
9494
9494
9494
9494
9494
9494
9494
9494
9494
9494
9494
9494
9494
9494
9494
9494
9494
9494
9494
9494
9494
9494
9494
9494
9494
9494
9494
9494
9494
9494
9494
9494
9494
9494
9494
9494
9494
9494
9494
9494
9494
9494
9494
9494
9494
9494
9494
9494
9494
9494
9494
9494
9494
9494
9494
9494
9494
9494
9494
9494
9494
9494
9494
9494
9494
9494
9494
9494
9494
9494
9494
9494
9494
9494
9494
9494
9494
9494
9494
9494
9494
9494
9494
9494
9494
9494
9494
9494
9494
9494
9494
9494
9494
9494
9494
9494
9494
9494
9494
9494
9494
9494
9494
9494
9494
9494
9494
9494
9494
9494
9494
9494
9494
9494
9494
9494
9494
9494
9494
9494
9494
9494
9494
9494
9494
9494
9494
9494
9494
9494
9494
9494
9494
9494
9494
9494
9494
9494
9494
9494
9494
9494
9494
9494
9494
9494
9494
9494
9494
9494
9494
9494
9494
9494
9494
9494
9494
9494
9494
9494
9494
9494
9494
9494
9494
9494
9494
9494
9494
9494
9494
9494
9494
9494
9494
9494
9494
9494
9494
9494
9494
9494
9494
9494
9494
9494
9494
9494
9494
9494
9494
9494
9494
9494
9494
9494
9494
9494
9494
9494
9494
9494
9494
9494
9494
9494
9494
9494
9494
9494
9494
9494
9494
9494
9494
9494
9494
9494
9494
9494
9494
9494
9494
9494
9494
9494
9494
9494
9494
9494
9494
9494
9494
9494
9494
9494
9494
9494
9494
9494
9494
9494
9494
9494
9494
9494
9494
9494
9494
9494
9494
9494
9494
9494
9494
9494
9494
9494
9494
9494
9494
9494
9494
9494
9494
9494
9494
9494
9494
9494
9494
9494
9494
9494
9494
9494
9494
9494
9494
9494
9494
9494
9494
9494
9494
9494
9494
9494
9494
9494
9494
9494
9494
9494
9494
9494
9494
9494
9494
9494
9494
9494
9494
9494
9494
9494
9494
9494
9494
9494
9494
9494
9494
9494
9494
4
9494
9494
9494
9494
9494
9494
9494
9494
9494
9494
9494
9494
9494
9494
9494
9494
9494
9494
9494
9494
9494
9494
9494
9494
9494
9494
9494
9494
9494
9494
9494
9494
9494
9494
9494
9494
9494
9494
9494
9494
