2463
2027
2654
2654
2681
2681
3078
2681
2436
2680
2278
2616
3052
2728
2729
3053
3164
3409
2895
3193
3241
3643
3595
3257
3771
3771
4109
3864
3865
3865
4024
3482
3482
3879
3581
3879
3884
4264
4509
4504
3877
3553
3394
3149
3197
3196
3169
2831
2395
3022
2778
2667
2694
3018
2621
2865
2463
2464
1837
1837
1836
1837
1836
1322
1758
2003
2114
2115
2274
1950
2274
2274
2676
2681
2357
2984
2984
2983
2547
2983
2956
2956
2658
2256
2011
2309
2065
2309
2304
1677
1297
1053
1005
846
847
1092
656
655
899
1335
1335
1362
1335
899
1223
1620
1296
1297
1324
1760
2098
2257
2659
2658
2982
2987
2663
2762
2762
3304
2966
2569
2410
2409
2747
3261
3256
3883
3884
4043
4044
3608
3270
2756
3094
3093
3093
3417
3814
3569
3271
3027
2689
2933
2822
3067
2823
3259
3264
3375
3889
3937
3395
3150
3448
2821
2773
2376
2377
2218
1920
2258
2556
2556
2556
3098
3257
2933
3313
3637
3257
3098
3343
3098
2800
2800
2689
2688
2688
2932
2390
2389
2500
2897
2495
2098
2396
2555
2311
2284
2279
2280
2280
2169
2168
2710
2758
2599
2626
2599
2844
2844
2845
2547
2547
2499
2400
3027
3424
3086
2544
2655
2814
2378
1864
1237
1242
1131
1242
1290
1726
1615
1913
1865
1620
1719
2057
2599
2844
3246
2810
2651
2652
2314
2313
2313
1989
2016
2452
2353
2108
2219
2733
2781
3161
3134
3379
2865
2860
2458
2410
2165
2192
2192
2351
1915
1756
1756
2270
2270
2269
2705
3332
3670
3915
3535
3634
4036
4037
4042
3606
3850
3453
3155
3552
3441
3197
3521
3901
4337
4332
3896
3901
3504
3180
3228
2686
3122
3420
3744
3903
3501
3903
4300
4002
4001
3953
3708
3708
3681
3729
3293
3293
3537
3438
3114
3438
3980
4007
3959
3579
3574
3673
3574
3574
3177
3018
3454
3613
3712
3823
4203
4092
4093
4098
3718
4115
3871
3871
3244
3489
3165
3409
3164
3275
3270
3026
3074
2975
2927
2927
2975
3299
2961
3205
3304
3193
3573
3176
3181
2667
2965
2585
2586
2831
2830
2532
2929
2685
2361
1925
1528
1369
1749
2087
1842
2166
2166
2602
2999
2951
2549
2597
2259
2211
2184
2586
3100
3127
2585
2744
3371
3344
2942
3280
2766
3168
2771
3016
3016
3558
3399
3913
4072
3636
3635
3233
2719
2714
2715
3112
2715
2720
2621
3023
3023
3050
2726
2346
2743
2738
2982
3418
3423
3085
3080
3079
2452
2563
2861
2862
2320
2320
1884
1725
1481
1482
2109
1482
1918
1891
1891
2518
2518
2273
2272
1645
2272
2517
3031
3079
3621
3720
3720
3206
3586
3830
3394
3830
3731
3683
3683
3247
3761
3219
3655
3410
3411
3411
3510
3411
3735
3734
3893
4138
4186
3559
3448
3559
3314
3941
3617
3622
3617
3569
3596
2969
3214
3215
3314
3638
3637
3638
3340
3340
3340
3096
3638
3479
3484
3385
3380
3269
3269
3380
3428
3428
2992
3091
3389
2992
2991
2964
2965
2667
2422
2311
1769
1367
1319
1946
1994
2239
2239
1859
1970
2214
2219
2219
2120
2119
2119
1875
1870
2272
2669
2424
2425
1798
1797
1896
1382
1627
1516
1952
1853
1451
1965
2345
1965
2209
1812
1911
1912
1939
1912
2309
2261
2288
2287
1851
2231
1987
1742
1715
1720
2122
2366
2664
2909
2512
2671
2291
2192
2193
2531
2928
3470
3068
3067
2822
2822
2578
2181
2425
2822
2921
2948
3059
3495
3543
3542
4169
4170
4171
3873
4253
4248
4253
3626
3190
3142
2628
2623
3250
2853
3367
3665
3038
2939
2695
2940
3567
3243
3342
3666
3910
3751
3427
3427
3400
3156
2858
2857
2746
2905
2932
2418
1791
1792
1693
1666
1777
1804
2318
2159
2786
2791
2790
2763
3160
3159
3154
3478
3526
3527
3554
3555
3957
3555
3528
3528
3533
2906
2364
2364
2608
2608
2284
2443
2199
2601
3037
3037
3032
3330
3329
3428
3427
3030
3572
3192
3193
2757
2756
2708
3032
2734
2782
2458
2410
2410
2410
2846
2894
3218
3462
3218
2894
2895
2353
2242
2243
2243
2248
2572
2413
2413
2075
2617
2215
1673
1673
2070
1746
2288
2668
2912
2813
2271
2027
2351
2303
2462
2573
2572
2671
2512
2511
2512
2560
2560
2719
2283
2235
2076
1831
1732
2134
2378
2054
2049
2048
2386
2387
2143
1805
1804
1407
1843
2087
2092
2140
2167
2266
2261
2559
3101
3106
2670
3297
2895
2847
2549
2550
2598
2218
2654
2952
2952
3197
3086
3059
2517
2676
2577
2578
2578
2605
2307
2302
2302
2143
2441
2446
2202
1904
1390
954
949
1385
1629
1927
1682
2224
2562
2959
3118
3091
3091
3336
3335
3434
3275
3274
3275
3227
3128
2884
3286
3610
3609
3173
3553
3712
3170
3171
2791
2394
2421
2469
2580
2421
2935
3034
3470
3371
3344
3588
2961
2525
2477
2477
2232
1908
1570
1908
1909
2008
2007
2331
2358
1844
1843
1843
1519
2146
2047
1709
2089
2334
2382
2383
2383
2721
2319
2418
2418
2038
1990
2038
2197
2170
1926
1878
2314
2711
3035
2408
2297
2408
2408
2110
2624
3004
2666
2230
2528
2230
2071
2315
2613
2233
2134
2570
3112
3160
2646
2535
2291
2290
2917
3028
3272
3431
3811
3838
3790
3466
2924
2924
2679
2680
3194
3195
3195
2759
2461
2460
2433
2189
2190
2238
2674
2998
3097
2986
2887
2563
2049
2054
2596
2695
2690
2801
3203
2661
2688
2693
2938
3236
3125
2880
2483
2384
1982
1977
1950
1949
1954
2278
2523
2634
2586
2830
2450
2014
1855
2193
2220
2215
2374
2375
2889
2988
3368
3765
3738
3786
3159
3159
3164
3005
2906
2858
2858
2520
2515
2515
2515
3057
3057
3493
3831
3507
3209
3257
3262
3018
2582
2534
2582
2906
2905
2857
2477
2576
2874
2763
2366
2042
2439
2841
2327
2029
2409
1867
1862
1973
1978
2222
2222
2764
2812
2971
2860
2761
2381
2480
2083
2407
2843
2844
2844
2843
2954
3252
3008
3009
2573
2031
2030
1931
1930
1606
2003
1601
1602
1554
1798
1798
1460
1508
1832
1831
1720
1561
1899
1894
1899
1900
1576
1675
1834
1834
1589
1913
1615
2051
2453
2056
1957
1984
1984
1983
1984
1957
1909
2020
2119
2114
2162
2676
2921
2677
2566
2407
2407
2412
2412
2364
2475
2773
3153
2717
2712
2713
2740
2788
2787
3329
2787
3184
3157
3316
2802
2802
3429
3429
3456
3998
3998
4512
4188
4193
4193
3679
3282
3277
3277
2979
2984
2936
2777
3174
3418
3932
3927
4086
4410
4008
4410
4383
4410
4072
3558
3447
3203
3251
2927
2927
2547
2871
3385
3385
3337
3336
3674
3336
3716
3827
3200
3200
3444
3285
2771
2772
2673
2673
3109
3268
3268
2726
2825
2389
2389
2065
1906
1905
2243
2244
1842
1890
1842
2384
2004
2406
2730
2731
3029
3188
2864
2864
2566
2565
2565
2454
2427
2475
2911
3022
2778
3102
2943
2948
3328
2892
3328
2931
2832
2587
2686
2713
2333
1995
2622
3019
3014
3312
3826
3825
4163
3865
3351
2954
2955
2955
2955
2928
2590
2928
2955
2328
2333
2333
2713
2665
2660
2633
2632
2659
2660
3287
2745
2718
3016
2905
3302
2900
2899
2926
2926
2628
2633
2006
2520
2515
2813
2813
2818
2818
2382
2382
1985
2387
2063
2063
1765
2010
2446
2441
2600
2198
2039
2198
2246
2490
2491
2491
2893
3435
2893
2893
2649
2247
2491
2789
2741
2443
2284
2283
1769
2396
2507
2507
2508
2263
2587
2588
2264
1926
1926
1931
2255
2011
1912
1960
1959
1911
2209
1829
2231
2231
2476
2873
2972
2972
2973
3515
3270
2873
2575
2548
2575
2623
2524
2497
2742
2340
2720
2720
2720
2284
2279
2306
2258
2556
2953
2958
2713
3149
3393
3388
3387
3387
3435
3324
2782
2941
2941
3483
3488
3091
3336
3336
2794
2905
3243
3195
3168
3163
3052
2728
3270
2972
2972
3083
3082
2838
2865
2323
2323
1696
1697
1586
1591
1993
1993
1557
1855
2099
2641
2343
2779
2779
2780
2780
2535
2291
1911
2291
2290
2290
2338
2311
2312
2339
2180
2180
2179
2152
2476
2138
2139
2536
2781
2780
2891
2886
2484
2436
2437
2057
2437
2775
2774
2779
2343
2502
2105
2403
2839
2297
2924
3023
3537
3532
3152
3151
2827
3224
2710
2313
1686
1686
2228
1983
2031
2355
2356
2356
2736
3138
2979
3376
2996
2560
2449
2449
2694
2694
2449
2052
2163
2168
2548
2984
3381
4008
4252
3850
3552
3850
3414
2787
2676
2432
2591
2194
2439
2550
2551
2306
2551
2306
2195
2631
2876
3503
3404
3024
3421
3373
3373
3887
3451
3695
3298
3325
3324
3423
3179
3576
3687
3576
3956
4067
4311
4747
4636
4537
4636
4392
4391
4392
4391
4502
4403
4404
3968
3454
2827
2503
3130
2971
2574
2575
2575
2819
2792
3194
3194
2949
2976
2976
3490
3538
3538
3136
2622
3019
3421
3177
3501
3500
3473
3473
3473
3718
3817
3812
3514
3758
3763
3383
3681
3681
3436
3039
3039
3553
3933
4330
4766
4766
4765
4717
4718
4316
3919
3675
3919
4164
3919
3405
3919
3918
4163
4164
3866
4164
4164
4164
3866
4268
3930
4327
4327
4326
4227
4525
4280
4618
4507
3965
3667
3668
3668
3663
3419
3446
3445
3043
3048
3048
3159
3318
3207
3208
3208
3207
3451
3562
3807
3807
3780
3621
3621
3621
3621
3648
3537
3537
3648
3268
3810
3486
3487
2973
2973
2973
2973
2974
3376
3265
2863
2863
2862
2618
2729
2729
2728
2776
2875
3277
3436
3431
2804
2805
2694
2258
2582
2587
2539
2919
3163
2919
2914
3025
3461
3460
3465
3306
2764
2328
2323
2865
2865
2766
2766
2814
3250
3494
4121
4635
4238
3993
3613
3289
3534
3486
3486
3241
3340
2904
2905
2910
2799
2555
2153
2398
2446
2770
3167
3140
3167
3547
3302
3303
2906
2901
2874
3033
2985
3283
3685
3684
3525
3524
3635
3536
3780
4216
3814
3814
3815
3477
3815
3477
3525
3684
3683
4085
4085
4085
3649
3490
3166
3193
3352
3676
3296
3269
3025
2701
3025
3026
2728
2728
2728
2680
2924
3023
2699
2185
2509
2510
2510
2537
2438
1811
2149
2776
2374
2422
2422
2427
2427
2941
2914
3294
2667
2666
3102
3201
3201
3201
2821
3223
3603
3444
3444
3444
3106
3404
3106
3404
3404
3404
4031
3404
3002
3002
3340
3967
3856
3855
3855
4257
4502
4503
4123
3785
4182
4562
4561
4588
4588
4191
4092
4092
3848
4245
3618
3618
3618
3618
3619
3718
3176
3175
3334
3334
3578
3579
3917
3403
2967
2967
2723
2564
2808
2563
2225
2563
2515
2416
3043
3288
2661
3288
3044
2417
2528
2528
3042
3669
3042
3042
2704
2704
2699
3135
3294
3921
3676
3775
3748
3589
3192
3192
3530
3530
3232
3629
3656
3900
3386
3545
3545
3550
3148
2824
3366
3365
2968
2969
3293
3690
3691
3936
3500
4014
4416
4714
4709
4598
4597
4597
4217
3893
3893
3941
3940
3642
3966
3967
3967
3723
3723
4159
4132
4243
3846
3851
3878
3878
3878
3554
3555
3444
3444
3444
3345
3345
3456
2914
2576
2820
2576
2575
2527
1900
2224
2223
2603
2598
2936
2500
2599
3141
3385
3358
3656
3254
3651
3651
3492
4119
4119
3577
3604
3505
3604
3306
3742
3790
3791
3164
3116
3116
3116
2871
2871
2760
2246
2002
2007
2006
2520
2520
2123
2234
2135
2433
2433
2678
2354
2349
2350
2674
3071
3071
2773
3071
3613
3289
3691
3149
3150
3198
3087
3086
3086
3038
3038
2700
2811
2409
2408
2652
3194
3194
3194
3194
3199
3194
3195
3533
3533
3019
3019
3019
3343
3343
3348
3348
3348
3862
3617
3618
3618
3280
3279
2899
2898
2898
2898
2946
2941
3343
2829
2928
2526
2202
2207
2609
2365
2365
2879
2768
2366
2704
2815
3059
3059
3060
3687
3576
3575
3820
3576
3549
3929
4331
4490
4485
4485
4486
4387
3845
3850
3223
3547
3033
3547
3547
3791
3546
3149
3260
2880
2556
2120
2500
2501
2390
2092
1848
2093
1755
2079
2476
2317
2476
2475
2475
2316
1992
2103
2202
2500
2500
2103
2103
2004
1759
2097
2421
2666
2666
2693
2688
3085
2747
3183
3427
4054
4054
4054
4054
3943
3316
3268
3269
3811
4149
4154
4149
3811
3811
4438
4597
4352
4351
4107
4445
4107
4107
4080
4191
3789
3630
3874
3576
3332
2818
3156
3558
2931
2931
2930
2931
2930
3175
2930
2592
2640
2640
2884
2773
2449
2773
2773
2800
2899
3010
3015
2967
3594
3594
3567
3456
3754
3749
3749
3749
3749
3908
3809
4054
4054
3512
3539
3241
3755
3728
3776
3777
3397
2883
2883
2883
2884
2836
2935
3233
3232
3612
3950
3977
3977
3977
3978
4520
3978
4026
3999
3840
3999
4541
4493
4113
3716
3314
3155
3155
3557
3557
3937
4334
4848
4749
4748
4775
4531
4775
4775
4886
4259
3921
3519
3519
3122
3121
3748
3206
3179
3517
3517
3517
3676
4073
3676
3676
3681
3681
3054
3102
3201
3828
3855
3855
3419
3419
3816
3478
3914
3803
3505
3803
3776
3776
3452
3776
3262
3257
3258
3258
3257
3284
3284
3039
3284
3284
3289
3289
3400
3400
3400
3289
3289
2662
3000
3514
3269
2872
2824
2665
2713
3115
3067
3067
2729
2730
2731
3128
3128
3287
3398
3736
3339
3180
3179
3179
3174
3175
3175
2795
2457
2616
2616
2616
2615
2371
1969
1870
2272
2272
2161
2161
2260
1746
1746
2373
1971
1944
2341
2585
2261
2803
2830
2586
2924
2586
2988
3312
3312
3557
3605
3169
2772
3152
3666
3666
3665
3666
3368
3341
3679
3679
3341
2961
2962
3300
3305
3304
3548
3543
3543
3444
3444
3444
3199
3198
3634
3733
4113
4113
3869
3242
3487
3328
3572
3573
3573
3573
3573
3328
3725
3345
2831
2434
2948
3193
3573
3059
3059
3060
3687
3588
3250
3588
3587
3249
3005
2957
3068
3068
3073
3073
2749
2848
2749
2748
3262
2860
3257
2821
3065
3224
3522
3522
3224
3219
3224
3626
3725
3481
3482
3237
3238
3674
3972
4216
4461
4362
4117
4362
4700
4700
4700
4699
4798
4799
4847
5171
5198
5198
4900
4576
4575
4548
4389
4713
4199
4194
4194
4194
4193
3791
3791
3743
3498
3499
3526
3824
3580
3282
3527
3527
3091
3605
3605
3604
3604
3652
3896
3572
3473
3875
3876
3828
3828
4152
4152
4450
4549
4708
4328
4030
3919
3919
4299
4304
4205
3825
4123
3581
3581
3581
3581
3554
3310
3554
4096
4096
4091
4527
4527
4526
4526
4531
4531
4286
4666
4666
4264
3884
3487
3535
2993
2993
2557
2552
2651
3053
3053
2651
2552
2954
2955
3352
3788
3815
3815
3767
3767
4309
4689
4689
4689
4800
4848
4848
4412
4417
4417
4416
4417
4417
4417
4416
4417
4369
4031
4130
4031
4130
4130
3886
4131
3589
3209
3209
2807
3209
3257
3098
3342
3343
3338
2941
2539
2698
2599
2551
2650
2655
2655
2655
2655
2703
2702
2188
2188
2188
2140
2113
2108
2009
2036
2036
2084
2084
2481
2481
2481
2883
2882
2855
2855
2557
2557
3099
3104
2945
2945
2834
3214
2834
2834
3132
3132
3132
2735
2411
2412
2364
2688
3026
3185
3284
3284
3681
3681
3522
3522
3958
3985
3985
3985
4365
3985
3986
3589
3589
3589
3584
3743
3716
3716
3827
3832
3290
3285
3333
3285
3186
3075
2830
2829
2829
2877
3391
3067
2665
3062
3173
3173
3715
3960
4059
3948
3703
3544
3924
3626
3626
3625
3949
3949
3949
4108
4510
4113
3571
3816
3768
3444
3449
2935
3046
2610
2611
2611
2909
2909
2529
2529
3071
2912
2668
2695
2584
2743
2791
3227
3222
3736
3736
3491
3464
3491
3193
3517
3490
3491
3491
3332
3630
3875
3875
3551
3253
3253
3253
3497
3496
3496
3655
3766
3766
4163
4168
4168
4069
4069
4069
4069
4168
4167
4167
4167
3653
3648
3310
3311
3609
3608
3608
3609
3933
3391
3280
2653
2605
2361
2202
2313
2313
2214
2841
3355
3031
3031
3130
3130
3031
3369
3911
3912
4236
4236
4235
4240
4240
4288
4240
4235
4479
3937
3501
3390
3501
3660
3660
3708
3410
3415
3416
3714
3713
3812
3839
3728
4108
4108
4108
4650
4602
4358
4358
3731
3704
3705
3381
3380
3491
3491
3735
3735
3333
2953
3355
2953
2411
2735
2437
2464
2220
2220
2220
2268
1930
1831
1831
1831
2169
2169
2142
1818
2142
2544
2299
2300
2295
1957
2056
2055
1944
2486
2597
2597
2598
2550
2148
2147
2147
2549
2548
2449
2476
2476
2476
2317
2317
2317
2561
3188
2944
3189
3189
2792
2840
2840
2813
2814
3152
3588
3588
3588
3588
3250
3250
3647
3250
3588
3588
3074
3318
3616
3568
3569
3568
3568
3948
3406
3454
3454
3553
3505
3504
3509
3509
3264
3312
3312
3709
3307
3849
3876
3777
3777
4291
4264
4509
4510
4510
4510
4172
4574
4574
4574
4673
4668
4288
4044
3530
3530
3530
3482
3383
3410
3299
3304
3684
3360
3361
3409
3029
3029
3029
3273
3787
3787
3787
3782
3787
3886
3885
3858
3231
3858
3857
3758
3753
3753
4077
3832
4212
4217
3893
4052
4163
4163
4163
4164
4116
4116
3719
4116
4117
3575
3820
3868
4410
3974
3973
3973
3728
3728
3680
3283
2741
2741
2740
3137
3138
3138
3138
2758
2599
2599
2758
2599
2937
3182
3182
3281
3440
3341
3721
3820
3721
3324
3648
3696
3696
3696
4132
4132
4133
4675
4675
4774
4801
4800
5197
4800
4398
4398
4800
4555
4555
4555
4952
5197
5198
5198
5193
5193
4948
4948
4948
4921
4921
4583
4484
4511
4516
4516
4114
4516
4615
4610
4499
4097
3853
3754
3754
4156
4267
4267
4267
4267
3969
3968
4266
4510
4510
4515
4760
4755
4755
4755
4358
4358
3816
3705
3381
3492
3816
3768
3773
3773
3393
2957
2957
2957
3354
3355
3328
3328
3708
3708
4250
4349
4250
4249
4249
4004
4004
3602
4038
4037
4032
3734
3734
3734
3734
3734
3734
3734
3833
3833
4235
4480
4480
4480
4156
3912
3801
4045
4093
4093
3713
3713
3713
3713
3316
3640
4020
3921
3948
4059
4059
3948
3434
3435
3434
3435
3387
3388
3388
3064
2820
2278
2277
2388
2436
2436
2437
2735
3059
3059
3059
2814
3356
3870
3870
3434
3433
2806
2806
3242
2918
2891
2891
2780
3407
3407
3652
3976
3976
3975
3976
3975
4002
3566
4002
4399
4372
4372
4471
4809
4809
4836
4837
4838
4458
4299
4299
3961
3913
4293
4293
4292
4293
4404
4305
3791
3796
4040
4040
4040
3716
3716
4230
4389
4389
4389
4389
4144
4482
4482
4481
4481
4480
4142
3898
3899
3899
3947
3942
4266
4511
4516
4854
4530
4530
4482
4581
4581
4422
4746
4746
4719
4395
4296
3998
3998
3993
3479
3099
3100
3148
3037
3037
3064
3069
3069
3021
3021
3401
3401
3645
3644
3644
3643
3643
4157
4157
4205
3961
3961
3961
3961
3961
4120
3961
3961
3623
3623
3624
3624
3379
3379
3352
3463
3708
3703
3802
3802
3802
3803
3830
3830
3830
4074
4079
3968
4079
3835
4173
4417
4416
3980
3981
3601
3899
3899
3894
3894
3649
3247
2949
2949
3273
3174
3174
3273
3675
4055
4054
3716
3202
3207
3207
2805
2805
2800
2800
2556
3070
3043
2719
2719
2878
2767
2719
2963
3074
3319
3721
3721
3179
3179
3179
3179
3615
3615
3504
3068
2909
2909
2810
2837
2837
2885
2885
2885
3321
3294
3299
3251
3350
3251
3251
3299
2897
2996
3023
3023
3023
3023
3023
2996
2997
2752
2751
3293
3293
2751
2751
2751
2371
2913
3158
3158
3496
3397
3396
3396
3396
3495
3819
4117
4228
4228
3890
3890
4292
3665
3665
3692
3693
3693
3693
3666
3693
4320
4315
4315
4315
4474
4474
4473
4037
3878
4037
3878
3878
3878
3830
3830
3506
3506
3506
3554
3878
3879
4038
4043
3995
3750
3750
3506
3395
3733
3733
3706
3706
3951
4331
4330
4574
4574
4574
4574
5010
5010
5010
5005
4760
4760
4760
4462
4463
4066
4093
4093
4093
3713
3713
3761
3766
3607
3607
3766
3667
3965
3806
3468
3420
3415
3574
3579
3959
3635
3973
4021
4020
4020
4344
4100
4100
4199
4443
4444
4444
4444
4444
4444
4444
4064
4064
4064
4064
4064
3522
3522
3522
3521
3521
3521
3473
3473
3473
3135
3380
3718
4260
3718
3204
2959
2954
3199
3199
3199
3199
3713
3713
3714
4256
4256
4304
4304
4309
4065
4065
4060
4060
4304
4309
4420
4393
3879
4259
4259
3717
4259
4254
4254
4281
4286
4286
4286
4187
3863
3863
3863
3863
3525
3524
3524
3524
3525
3525
3525
3089
2930
3444
3444
3444
3444
3880
3880
3582
3582
3555
3879
3878
3879
3879
3635
3879
3634
3629
3629
3629
3518
3629
3874
3874
3874
3472
3499
3254
3254
3206
3207
3206
3206
3206
2882
3284
3383
3284
3289
3288
3288
3261
3420
3420
3420
3447
3785
3785
3884
3725
3725
3970
3970
3971
3971
3971
4130
4130
4125
4014
4338
4338
4339
4344
4339
4339
4387
4387
4685
4387
4387
4387
4498
4498
4498
4498
4796
4796
4552
4116
4360
4796
4748
4368
4123
4503
4179
4184
4184
4183
4183
4183
4072
4396
4396
4396
4397
4396
4641
4641
4641
4641
4641
4641
4641
4640
4613
4211
4211
4211
4211
4211
3584
3584
3584
3611
3366
3367
3415
3416
3416
4043
4043
4016
3389
3230
3229
3340
3499
3526
3526
3526
3526
3526
3526
3526
3499
3498
3525
3525
3520
3521
3521
3473
3362
3362
3362
3367
3340
3967
3340
3737
3732
3218
3245
3244
3145
3150
3150
3151
3150
3150
3151
3150
3261
3309
3150
3395
4022
4023
4023
3975
3976
3975
3975
3975
3975
3948
4350
4351
4346
4346
4346
4346
4505
4505
4505
4504
4504
4393
4441
4468
4567
4567
4519
5033
4406
4307
4307
4307
4307
4307
4307
4009
4009
4009
4009
4009
4014
3578
3626
3626
3229
3228
3201
3201
3201
3228
3223
3196
3593
3593
3704
3545
3545
3434
3434
3870
4168
4168
4795
4398
4425
4425
4425
4524
4524
4524
4524
4524
4476
4476
4587
4984
4984
5032
5032
5032
4933
4885
4885
4885
4885
4774
4774
4933
4933
4933
4595
4595
4694
4694
4742
4743
5081
5081
5081
5081
4684
4346
4048
4048
4159
3532
3531
3829
3829
3829
3829
3670
3671
3672
3671
3671
4298
4303
4059
4011
4349
4349
4508
4508
4508
4397
4397
3855
3557
3558
3856
3856
3856
3757
4001
4000
4048
4048
4021
4022
4022
4022
4419
4961
4960
4960
4961
4961
5060
5171
5123
5123
5171
4833
4206
4206
4206
4206
4158
4158
4206
4206
4205
4232
4232
4184
4184
4232
4232
4133
4134
4107
4206
4833
4734
4833
5171
5171
5171
4774
4372
4399
4398
4398
4100
4100
3856
4154
4153
4148
4148
4550
4523
4523
4523
4424
4376
3996
3996
3996
4044
4288
4288
4668
4668
4767
4767
4608
4509
4509
4509
4509
4509
4509
4509
4536
4536
4536
4509
4509
4509
4509
4509
4906
4795
4796
4552
4552
4552
4172
4271
4382
4382
4382
4382
4383
4383
4410
4790
4691
4664
4908
4908
4584
4743
4695
4695
4700
4700
4699
4699
4319
4319
4160
4208
4209
4209
4589
4748
4748
4743
4742
4741
4742
5066
5066
5071
5071
5071
5070
5070
5070
5071
5066
5066
5066
5066
5066
5066
5066
5093
4848
4848
4848
4412
4511
4463
4463
4463
4463
4462
4463
4463
4468
4468
4904
4905
4581
4067
4312
4312
4636
4636
4636
4631
4631
4604
4604
4604
4631
4251
4251
4251
4251
4250
4250
4250
4250
4249
4629
4677
4677
4677
4566
4567
4567
4568
4568
4568
4568
4568
4323
4328
4004
4003
4517
4517
4517
4273
4273
4273
4114
4114
4225
4470
4794
4794
4767
4767
4767
4767
4767
4767
4926
4926
4926
4926
4926
4921
4921
4922
4927
4927
4927
4927
4589
4430
4430
4430
4674
4626
4626
4674
4674
4429
4429
4428
4317
4312
4471
4471
4471
4227
4338
4338
4582
4581
4586
4487
4328
4328
4328
4328
4328
4329
4328
4328
4328
4328
4487
4487
4189
3675
3627
3627
3622
3511
3109
3110
3110
3109
2865
2865
2865
2865
2865
2865
3379
3379
3379
3379
3379
3379
3379
3717
3717
3717
3717
3717
3717
3717
3717
3717
3961
3961
3802
3802
3802
3802
3802
3802
3802
3802
3802
3802
3802
3802
3802
3802
3961
3961
3961
3961
3961
3961
3961
3961
3961
3961
3717
3717
3717
3717
3717
3717
3717
3393
3393
3393
3691
3691
3691
3691
3691
3311
3311
3691
3691
3691
3691
3691
3691
3691
3691
3691
3691
3935
3935
3935
3935
3935
3935
3935
3935
3935
3935
3935
3691
3532
3777
3777
3777
3777
3777
3777
3777
3777
3777
3532
3776
4021
4021
4021
4021
4021
4021
4021
4021
4021
4021
4021
4021
4021
4021
4021
4021
4021
4021
4021
4021
4021
3683
3683
3683
4085
4085
4085
4085
4085
4085
4085
4085
4085
4085
4085
4085
4085
3841
3841
3841
3841
3841
3841
3841
3841
3841
3841
4165
4165
4165
4165
4165
4165
4165
4165
4165
4503
4503
4503
4503
4503
4258
4258
4258
4258
4258
4258
4258
4258
4258
4258
4258
4258
4258
4258
4258
4258
4258
4258
4502
4502
4502
4502
4502
4502
4747
4747
4747
4747
4747
4747
4747
4747
4747
4747
4747
4747
4747
4747
4747
4747
4747
4747
4747
4747
4747
4747
4747
4747
4747
4747
4747
4747
4747
4747
4747
4503
4503
4503
4503
4503
4503
4503
4503
4503
4503
4503
4503
4503
4503
4503
4503
4503
4106
4106
4106
4106
4106
4106
4106
4106
3782
3782
3782
4106
4106
4106
4106
4106
4106
3670
3718
3718
3718
3718
3718
3718
3718
3718
3718
3718
3718
3718
3718
3718
3718
3718
3718
3718
3718
3718
4115
4115
4115
4115
4115
4115
4115
4115
4115
4359
4359
4359
4359
4115
4115
3718
3718
3473
3473
3473
3473
3473
3473
3473
3473
3473
3473
3473
3473
3473
3473
3473
3473
3473
3473
3473
3425
3425
3861
3861
3861
3861
3861
3861
3861
3861
3861
3861
3861
3861
3861
3861
3861
3861
3861
3861
3861
4106
4106
4106
4106
4106
4106
4106
4106
4106
4106
4106
3808
3808
3808
3808
4106
4106
4106
4106
4106
4106
4106
4106
4106
4106
4106
4106
4106
4106
4106
4106
4106
4106
4106
4106
4106
4106
4106
4106
4106
4106
4106
4106
4106
4106
4106
4106
4503
4503
4503
4503
4503
4503
4503
4503
4503
4503
4503
4503
4503
4503
4747
4747
4502
4502
4502
4502
4502
4258
4503
4503
4503
4503
4503
4503
4503
4503
4503
4503
4101
4101
4101
4101
4101
4101
4101
4503
4503
4747
4747
4747
4502
4502
4502
4502
4502
4502
4502
4502
4502
4502
4502
4502
4747
4747
4747
4747
4747
4747
4747
4747
4747
4747
4747
4747
4747
4747
4747
4747
4747
4747
4747
4747
4747
4747
4747
4747
4747
4747
4747
4747
4747
4747
4747
4747
4747
4747
4747
4747
4747
4747
4747
4747
4747
4747
4747
4747
4502
4502
4502
4502
4502
4747
4747
4747
4747
4747
4747
4747
4747
4747
4747
4747
4747
4747
4503
4503
4503
4503
4503
4503
4503
4503
4503
4101
4101
4101
4101
4101
4101
4101
4101
4101
4101
4101
4101
4101
4101
4101
4101
4101
4101
4101
4101
4101
4101
4101
4101
4101
4101
4503
4503
4503
4503
4503
4503
4503
4503
4165
4165
4165
4165
4165
4165
4165
4165
4503
4503
4503
4503
4503
4503
4503
4747
4747
4747
4747
4747
4747
4747
4747
4747
4747
4747
4747
4747
4747
4747
4747
4747
4503
4503
4503
4503
4503
4503
4747
4747
4747
4747
4747
4747
4747
4747
4747
4747
4747
4747
4747
4747
4747
4747
4747
4747
4747
4747
4747
4747
4747
4747
4747
4747
4747
4747
4747
4747
4747
4747
4747
4747
4747
4747
4747
4747
4747
4747
4747
4747
4747
4747
4747
4747
4747
4747
4747
4747
4747
4747
4747
4747
4747
4747
4747
4747
4747
4747
4747
4747
4747
4747
4747
4747
4747
4747
4747
4747
4747
4747
4747
4747
4747
4747
4747
4747
4747
4747
4747
4409
4409
4409
4409
4409
4409
4409
4409
4409
4165
4165
4165
4165
4165
4165
4165
4165
4165
4165
4165
4165
4165
4165
4165
4165
4409
4409
4409
4409
4409
4747
4747
4747
4747
4747
4747
4747
4747
4747
4747
4747
4747
4747
4747
4747
4747
4747
4747
4747
4747
4345
4345
4345
4345
4345
4345
4345
4345
4345
4345
4747
4747
4747
4747
4747
4747
4747
4747
4449
4449
4449
4449
4449
4449
4449
4747
4747
4747
4747
4747
4747
4747
4747
4747
4747
4747
4747
4747
4747
4747
4747
4747
4747
4747
4747
4747
4747
4747
4747
4747
4747
4747
4747
4747
4747
4502
4502
4502
4502
4502
4502
4502
4502
4502
4502
4502
4502
4502
4502
4502
4502
4502
4502
4502
4502
4502
4502
4502
4747
4747
4747
4747
4747
4747
4747
4747
4747
4747
4747
4747
4747
4747
4747
4747
4747
4747
4747
4747
4747
4747
4747
4747
4449
4449
4449
4449
4449
4449
4449
4449
4449
4449
4449
4747
4747
4747
4747
4747
4747
4747
4747
4747
4747
4747
4747
4747
4747
4747
4747
4747
4747
4747
4311
4747
4747
4747
4747
4747
4747
4747
4747
4747
4747
4747
4747
4747
4747
4747
4747
4747
4747
4747
4747
4747
4747
4747
4747
4747
4747
4747
4747
4747
4747
4747
4747
4747
4747
4747
4747
4747
4747
4747
4747
4747
4747
4747
4747
4747
4747
4747
4747
4747
4409
4409
4409
4409
4409
4409
4409
4409
4409
4409
4111
4111
4111
4111
4111
4111
4111
4111
4449
4449
4449
4747
4747
4747
4747
4747
4747
4747
4747
4747
4747
4747
4747
4747
4747
4747
4747
4747
4747
4747
4449
4449
4449
4449
4449
4449
4449
4449
4449
4449
4449
4449
4449
4111
4111
4111
4111
4111
4111
4111
4449
4747
4747
4747
4747
4747
4747
4747
4747
4747
4747
4747
4747
4747
4747
4747
4747
4747
4747
4747
4747
4747
4747
4747
4747
4747
4747
4747
4747
4747
4747
4747
4747
4747
4747
4747
4747
4502
4502
4502
4502
4502
4502
4502
4502
4502
4502
4502
4502
4502
4502
4502
4502
4502
4502
4502
4502
4502
4502
4502
4502
4502
4502
4502
4502
4502
4502
4502
4502
4502
4747
4747
4747
4747
4747
4747
4747
4747
4747
4747
4747
4747
4747
4747
4747
4747
4747
4747
4747
4747
4747
4747
4747
4747
4747
4747
4747
4747
4747
4747
4747
4747
4747
4747
4747
4747
4747
4747
4747
4747
4747
4747
4747
4747
4747
4747
4747
4747
4747
4747
4747
4747
4747
4747
4747
4747
4747
4747
4747
4747
4747
4747
4747
4747
4747
4747
4747
4747
4747
4747
4747
4747
4747
4747
4747
4747
4747
4747
4747
4747
4747
4747
4747
4409
4409
4409
4409
4409
4409
4409
4409
4409
4409
4409
4409
4747
4747
4747
4747
4747
4747
4747
4747
4747
4747
4747
4747
4747
4747
4747
4747
4747
4747
4747
4747
4747
4747
4747
4747
4747
4747
4747
4747
4747
4747
4747
4747
4747
4747
4747
4747
4747
4747
4747
4747
4747
4503
4747
4747
4747
4747
4747
4747
4747
4747
4747
4747
4747
4747
4747
4747
4747
4747
4747
4747
4747
4747
4747
4747
4747
4747
4747
4747
4747
4747
4747
4747
4747
4747
4747
4747
4747
4747
4747
4747
4747
4747
4747
4747
4747
4747
4747
4747
4747
4502
4502
4502
4502
4502
4502
4502
4502
4502
4502
4502
4502
4502
4502
4502
4502
4502
4502
4502
4502
4502
4747
4747
4747
4747
4747
4747
4747
4747
4747
4747
4747
4747
4747
4747
4747
4747
4747
4747
4747
4747
4747
4747
4747
4747
4747
4747
4747
4747
4747
4747
4747
4747
4747
4747
4747
4747
4747
4747
4747
4747
4747
4747
4747
4747
4747
4747
4747
4747
4747
4747
4747
4747
4747
4747
4747
4747
4747
4747
4747
4747
4747
4747
4747
4747
4747
4747
4747
4747
4747
4747
4747
4747
4747
4747
4747
4747
4747
4747
4747
4747
4747
4747
4747
4747
4747
4747
4747
4747
4747
4747
4747
4747
4747
4747
4747
4747
4747
4747
4747
4747
4747
4747
4747
4747
4747
4747
4747
4747
4747
4747
4747
4747
4747
4747
4747
4747
4747
4747
4747
4747
4747
4747
4747
4747
4747
4747
4747
4747
4747
4747
4747
4747
4747
4747
4747
4747
4747
4747
4747
4747
4747
4747
4747
4747
4747
4747
4747
4747
4747
4747
4747
4747
4747
4747
4747
4747
4747
4747
4503
4503
4503
4503
4503
4503
4503
4503
4503
4503
4503
4503
4503
4503
4503
4503
4503
4503
4503
4503
4503
4503
4503
4503
4503
4503
4503
4503
4503
4503
4503
4503
4503
4503
4503
4503
4503
4747
4747
4747
4747
4747
4747
4747
4747
4747
4747
4747
4747
4747
4747
4747
4747
4747
4747
4747
4747
4747
4747
4747
4747
4747
4747
4747
4747
4747
4747
4747
4747
4747
4747
4747
4747
4747
4747
4747
4747
4747
4747
4747
4747
4747
4747
4747
4747
4747
4747
4747
4747
4747
4747
4747
4747
4747
4747
4747
4747
4747
4747
4747
4747
4747
4747
4747
4747
4747
4747
4747
4747
4747
4747
4747
4747
4747
4747
4747
4747
4747
4747
4747
4747
4747
4747
4747
4747
4747
4747
4747
4747
4747
4747
4747
4747
4747
4747
4747
4747
4747
4747
4747
4747
4747
4747
4747
4747
4747
4747
4747
4747
4747
4747
4747
4747
4747
4747
4747
4747
4747
4747
4747
4747
4747
4747
4747
4747
4747
4747
4747
4747
4747
4747
4747
4747
4747
4747
4747
4747
4747
4747
4747
4747
4747
4747
4747
4747
4747
4747
4747
4747
4747
4747
4747
4747
4747
4747
4747
4747
4747
4747
4747
4747
4747
4747
4747
4747
4747
4747
4747
4747
4747
4747
4747
4747
4747
4747
4747
4747
4747
4747
4747
4747
4747
4747
4747
4747
4747
4747
4747
4747
4747
4747
4747
4747
4747
4747
4747
4747
4747
4747
4747
4747
4747
4747
4747
4747
4747
4747
4747
4747
4747
4747
4747
4747
4747
4747
4747
4747
4747
4747
4747
4747
4747
4747
4747
4747
4747
4747
4747
4747
4747
4747
4747
4747
4747
4747
4747
4747
4747
4747
4747
4747
4747
4747
4747
4747
4747
4747
4747
4747
4747
4747
4747
4747
4747
4747
4747
4747
4747
4747
4747
4747
4747
4747
4747
4747
4747
4747
4747
4747
4747
4747
4747
4747
4747
4747
4747
4747
4747
4747
4747
4747
4747
4747
4747
4747
4747
4747
4747
4747
4747
4747
4747
4747
4747
4747
4747
4747
4747
4747
4747
4747
4747
4747
4747
4747
4747
4747
4747
4747
4747
4747
4747
4747
4747
4747
4747
4747
4747
4747
4747
4747
4747
4747
4747
4747
4747
4747
4747
4747
4747
4747
4747
4747
4747
4747
4747
4747
4747
4747
4747
4747
4747
4747
4747
4747
4747
4747
4747
4747
4747
4747
4747
4747
4747
4747
4747
4747
4747
4747
4747
4747
4747
4747
4747
4747
4747
4747
4747
4747
4747
4747
4747
4747
4747
4747
4747
4747
4747
4747
4747
4747
4747
4747
4747
4747
4747
4747
4747
4747
4747
4747
4747
4747
4747
4747
4747
4747
4747
4747
4747
4747
4747
4747
4747
4747
4747
4747
4747
4747
4747
4747
4747
4747
4747
4747
4747
4502
4502
4502
4747
4747
4747
4747
4747
4747
4747
4747
4747
4747
4747
4747
4747
4747
4747
4747
4747
4747
4747
4747
4747
4747
4747
4747
4747
4747
4747
4747
4747
4747
4747
4747
4747
4747
4747
4747
4747
4747
4747
4747
4747
4747
4747
4747
4747
4747
4747
4747
4747
4747
4747
4747
4747
4747
4747
4747
4747
4747
4747
4747
4747
4747
4747
4747
4747
4747
4747
4747
4747
4747
4747
4747
4747
4747
4747
4747
4747
4747
4747
4747
4747
4747
4747
4747
4747
4747
4747
4747
4747
4747
4747
4747
4747
4747
4747
4747
4747
4747
4747
4747
4747
4747
4747
4747
4747
4747
4747
4747
4747
4747
4747
4747
4747
4747
4747
4747
4747
4747
4747
4747
4747
4747
4747
4747
4747
4747
4747
4747
4747
4747
4747
4747
4747
4747
4747
4747
4747
4747
4747
4747
4747
4747
4747
4747
4747
4747
4747
4747
4747
4747
4747
4747
4747
4747
4747
4747
4747
4747
4747
4747
4747
4747
4747
4747
4747
4747
4747
4747
4747
4747
4747
4747
4747
4747
4747
4747
4747
4747
4747
4747
4747
4747
4747
4747
4747
4747
4747
4747
4747
4747
4747
4747
4747
4747
4747
4747
4747
4747
4747
4747
4747
4747
4747
4747
4747
4747
4747
4747
4747
4747
4747
4747
4747
4747
4747
4747
4747
4747
4747
4747
4747
4747
4747
4747
4747
4747
4747
4747
4747
4747
4747
4747
4747
4747
4747
4747
4747
4747
4747
4747
4747
4747
4747
4747
4747
4747
4747
4747
4747
4747
4747
4747
4747
4747
4747
4747
4747
4747
4747
4747
4747
4747
4747
4747
4747
4747
4747
4747
4747
4747
4747
4747
4747
4747
4747
4747
4747
4747
4747
4747
4747
4747
4747
4747
4747
4747
4747
4747
4747
4747
4747
4747
4747
4747
4747
4747
4747
4747
4747
4747
4747
4747
4747
4747
4747
4747
4747
4747
4747
4747
4747
4747
4747
4747
4747
4747
4747
4747
4747
4747
4747
4747
4747
4747
4747
4747
4747
4747
4747
4747
4747
4747
4747
4747
4747
4747
4747
4747
4747
4747
4747
4747
4747
4747
4747
4747
4747
4747
4747
4747
4747
4747
4747
4747
4747
4747
4747
4747
4747
4747
4747
4747
4747
4747
4747
4747
4747
4747
4747
4747
4747
4747
4747
4747
4747
4747
4747
4747
4747
4747
4747
4747
4747
4747
4747
4747
4747
4747
4747
4747
4747
4747
4747
4747
4747
4747
4747
4747
4747
4747
4747
4747
4747
4747
4747
4747
4747
4747
4747
4747
4747
4747
4747
4747
4747
4747
4747
4747
4747
4747
4747
4747
4747
4747
4747
4747
4747
4747
4747
4747
4747
4747
4747
4747
4747
4747
4747
4747
4747
4747
4747
4747
4747
4747
4747
4747
4747
4747
4747
4747
4747
4747
4747
4747
4747
4747
4747
4747
4747
4747
4747
4747
4747
4747
4747
4747
4747
4747
4747
4747
4747
4747
4747
4747
4747
4747
4747
4747
4747
4747
4747
4747
4747
4747
4747
4747
4747
4747
4747
4747
4747
4747
4747
4747
4747
4747
4747
4747
4747
4747
4747
4747
4747
4747
4747
4747
4747
4747
4747
4747
4747
4747
4747
4747
4747
4747
4747
4747
4747
4747
4747
4747
4747
4747
4747
4747
4747
4747
4747
4747
4747
4747
4747
4747
4747
4747
4747
4747
4747
4747
4747
4747
4747
4747
4747
4747
4747
4747
4747
4747
4747
4747
4747
4747
4747
4747
4747
4747
4747
4747
4747
4747
4747
4747
4747
4747
4747
4747
4747
4747
4747
4747
4747
4747
4747
4747
4747
4747
4747
4747
4747
4747
4747
4747
4747
4747
4747
4747
4747
4747
4747
4747
4747
4747
4747
4747
4747
4747
4747
4747
4747
4747
4747
4747
4747
4747
4747
4747
4747
4747
4747
4747
4747
4747
4747
4747
4747
4747
4747
4747
4747
4747
4747
4747
4747
4747
4747
4747
4747
4747
4747
4747
4747
4747
4747
4747
4747
4747
4747
4747
4747
4747
4747
4747
4747
4747
4747
4747
4747
4747
4747
4747
4747
4747
4747
4747
4747
4747
4747
4747
4747
4747
4747
4747
4747
4747
4747
4747
4747
4747
4747
4747
4747
4747
4747
4747
4747
4747
4747
4747
4747
4747
4747
4747
4747
4747
4747
4747
4747
4747
4747
4747
4747
4747
4747
4747
4747
4747
4747
4747
4747
4747
4747
4747
4747
4747
4747
4747
4747
4747
4747
4747
4747
4747
4747
4747
4747
4747
4747
4747
4747
4747
4747
4747
4747
4747
4747
4747
4747
4747
4747
4747
4747
4747
4747
4747
4747
4747
4747
4747
4747
4747
4747
4747
4747
4747
4747
4747
4747
4747
4747
4747
4747
4747
4747
4747
4747
4747
4747
4747
4747
4747
4747
4747
4747
4747
4747
4747
4747
4747
4747
4747
4747
4747
4747
4747
4747
4747
4747
4747
4747
4747
4747
4747
4747
4747
4747
4747
4747
4747
4747
4747
4747
4747
4747
4747
4747
4747
4747
4747
4747
4747
4747
4747
4747
4747
4747
4747
4747
4747
4747
4747
4747
4747
4747
4747
4747
4747
4747
4747
4747
4747
4747
4747
4747
4747
4747
4747
4747
4747
4747
4747
4747
4747
4747
4747
4747
4747
4747
4747
4747
4747
4747
4747
4747
4747
4747
4747
4747
4747
4747
4747
4747
4747
4747
4747
4747
4747
4747
4747
4747
4747
4747
4747
4747
4747
4747
4747
4747
4747
4747
4747
4747
4747
4747
4747
4747
4747
4747
4747
4747
4747
4747
4747
4747
4747
4747
4747
4747
4747
4747
4747
4747
4747
4747
4747
4747
4747
4747
4747
4747
4747
4747
4747
4747
4747
4747
4747
4747
4747
4747
4747
4747
4747
4747
4747
4747
4747
4747
4747
4747
4747
4747
4747
4747
4747
4747
4747
4747
4747
4747
4747
4747
4747
4747
4747
4747
4747
4747
4747
4747
4747
4747
4747
4747
4747
4747
4747
4747
4747
4747
4747
4747
4747
4747
4747
4747
4747
4747
4747
4747
4747
4747
4747
4747
4747
4747
4747
4747
4747
4747
4747
4747
4747
4747
4747
4747
4747
4747
4747
4747
4747
4747
4747
4747
4747
4747
4747
4747
4747
4747
4747
4747
4747
4747
4747
4747
4747
4747
4747
4747
4747
4747
4747
4747
4747
4747
4747
4747
4747
4747
4747
4747
4747
4747
4747
4747
4747
4747
4747
4747
4747
4747
4747
4747
4747
4747
4747
4747
4747
4747
4747
4747
4747
4747
4747
4747
4747
4747
4747
4747
4747
4747
4747
4747
4747
4747
4747
4747
4747
4747
4747
4747
4747
4747
4747
4747
4747
4747
4747
4747
4747
4747
4747
4747
4747
4747
4747
4747
4747
4747
4747
4747
4747
4747
4747
4747
4747
4747
4747
4747
4747
4747
4747
4747
4747
4747
4747
4747
4747
4747
4747
4747
4747
4747
4747
4747
4747
4747
4747
4747
4747
4747
4747
4747
4747
4747
4747
4747
4747
4747
4747
4747
4747
4747
4747
4747
4747
4747
4747
4747
4747
4747
4747
4747
4747
4747
4747
4747
4747
4747
4747
4747
4747
4747
4747
4747
4747
4747
4747
4747
4747
4747
4747
4747
4747
4747
4747
4747
4747
4747
4747
4747
4747
4747
4747
4747
4747
4747
4747
4747
4747
4747
4747
4747
4747
4747
4747
4747
4747
4747
4747
4747
4747
4747
4747
4747
4747
4747
4747
4747
4747
4747
4747
4747
4747
4747
4747
4747
4747
4747
4747
4747
4747
4747
4747
4747
4747
4747
4747
4747
4747
4747
4747
4747
4747
4747
4747
4747
4747
4747
4747
4747
4747
4747
4747
4747
4747
4747
4747
4747
4747
4747
4747
4747
4747
4747
4747
4747
4747
4747
4747
4747
4747
4747
4747
4747
4747
4747
4747
4747
4747
4747
4747
4747
4747
4747
4747
4747
4747
4747
4747
4747
4747
4747
4747
4747
4747
4747
4747
4747
4747
4747
4747
4747
4747
4747
4747
4747
4747
4747
4747
4747
4747
4747
4747
4747
4747
4747
4747
4747
4747
4747
4747
4747
4747
4747
4747
4747
4747
4747
4747
4747
4747
4747
4747
4747
4747
4747
4747
4747
4747
4747
4747
4747
4747
4747
4747
4747
4747
4747
4747
4747
4747
4747
4747
4747
4747
4747
4747
4747
4747
4747
4747
4747
4747
4747
4747
4747
4747
4747
4747
4747
4747
4747
4747
4747
4747
4747
4747
4747
4747
4747
4747
4747
4747
4747
4747
4747
4747
4747
4747
4747
4747
4747
4747
4747
4747
4747
4747
4747
4747
4747
4747
4747
4747
4747
4747
4747
4747
4747
4747
4747
4747
4747
4747
4747
4747
4747
4747
4747
4747
4747
4747
4747
4747
4747
4747
4747
4747
4747
4747
4747
4747
4747
4747
4747
4747
4747
4747
4747
4747
4747
4747
4747
4747
4747
4747
4747
4747
4747
4747
4747
4747
4747
4747
4747
4747
4747
4747
4747
4747
4747
4747
4747
4747
4747
4747
4747
4747
4747
4747
4747
4747
4747
4747
4747
4747
4747
4747
4747
4747
4747
4747
4747
4747
4747
4747
4747
4747
4747
4747
4747
4747
4747
4747
4747
4747
4747
4747
4747
4747
4747
4747
4747
4747
4747
4747
4747
4747
4747
4747
4747
4747
4747
4747
4747
4747
4747
4747
4747
4747
4747
4747
4747
4747
4747
4747
4747
4747
4747
4747
4747
4747
4747
4747
4747
4747
4747
4747
4747
4747
4747
4747
4747
4747
4747
4747
4747
4747
4747
4747
4747
4747
4747
4747
4747
4747
4747
4747
4747
4747
4747
4747
4747
4747
4747
4747
4747
4747
4747
4747
4747
4747
4747
4747
4747
4747
4747
4747
4747
4747
4747
4747
4747
4747
4747
4747
4747
4747
4747
4747
4747
4747
4747
4747
4747
4747
4747
4747
4747
4747
4747
4747
4747
4747
4747
4747
4747
4747
4747
4747
4747
4747
4747
4747
4747
4747
4747
4747
4747
4747
4747
4747
4747
4747
4747
4747
4747
4747
4747
4747
4747
4747
4747
4747
4747
4747
4747
4747
4747
4747
4747
4747
4747
4747
4747
4747
4747
4747
4747
4747
4747
4747
4747
4747
4747
4747
4747
4747
4747
4747
4747
4747
4747
4747
4747
4747
4747
4747
4747
4747
4747
4747
4747
4747
4747
4747
4747
4747
4747
4747
4747
4747
4747
4747
4747
4747
4747
4747
4747
4747
4747
4747
4747
4747
4747
4747
4747
4747
4747
4747
4747
4747
4747
4747
4747
4747
4747
4747
4747
4747
4747
4747
4747
4747
4747
4747
4747
4747
4747
4747
4747
4747
4747
4747
4747
4747
4747
4747
4747
4747
4747
4747
4747
4747
4747
4747
4747
4747
4747
4747
4747
4747
4747
4747
4747
4747
4747
4747
4747
4747
4747
4747
4747
4747
4747
4747
4747
4747
4747
4747
4747
4747
4747
4747
4747
4747
4747
4747
4747
4747
4747
4747
4747
4747
4747
4747
4747
4747
4747
4747
4747
4747
4747
4747
4747
4747
4747
4747
4747
4747
4747
4747
4747
4747
4747
4747
4747
4747
4747
4747
4747
4747
4747
4747
4747
4747
4747
4747
4747
4747
4747
4747
4747
4747
4747
4747
4747
4747
4747
4747
4747
4747
4747
4747
4747
4747
4747
4747
4747
4747
4747
4747
4747
4747
4747
4747
4747
4747
4747
4747
4747
4747
4747
4747
4747
4747
4747
4747
4747
4747
4747
4747
4747
4747
4747
4747
4747
4747
4747
4747
4747
4747
4747
4747
4747
4747
4747
4747
4747
4747
4747
4747
4747
4747
4747
4747
4747
4747
4747
4747
4747
4747
4747
4747
4747
4747
4747
4747
4747
4747
4747
4747
4747
4747
4747
4747
4747
4747
4747
4747
4747
4747
4747
4747
4747
4747
4747
4747
4747
4747
4747
4747
4747
4747
4747
4747
4747
4747
4747
4747
4747
4747
4747
4747
4747
4747
4747
4747
4747
4747
4747
4747
4747
4747
4747
4747
4747
4747
4747
4747
4747
4747
4747
4747
4747
4747
4747
4747
4747
4747
4747
4747
4747
4747
4747
4747
4747
4747
4747
4747
4747
4747
4747
4747
4747
4747
4747
4747
4747
4747
4747
4747
4747
4747
4747
4747
4747
4747
4747
4747
4747
4747
4747
4747
4747
4747
4747
4747
4747
4747
4747
4747
4747
4747
4747
4747
4747
4747
4747
4747
4747
4747
4747
4747
4747
4747
4747
4747
4747
4747
4747
4747
4747
4747
4747
4747
4747
4747
4747
4747
4747
4747
4747
4747
4747
4747
4747
4747
4747
4747
4747
4747
4747
4747
4747
4747
4747
4747
4747
4747
4747
4747
4747
4747
4747
4747
4747
4747
4747
4747
4747
4747
4747
4747
4747
4747
4747
4747
4747
4747
4747
4747
4747
4747
4747
4747
4747
4747
4747
4747
4747
4747
4747
4747
4747
4747
4747
4747
4747
4747
4747
4747
4747
4747
4747
4747
4747
4747
4747
4747
4747
4747
4747
4747
4747
4747
4747
4747
4747
4747
4747
4747
4747
4747
4747
4747
4747
4747
4747
4747
4747
4747
4747
4747
4747
4747
4747
4747
4747
4747
4747
4747
4747
4747
4747
4747
4747
4747
4747
4747
4747
4747
4747
4747
4747
4747
4747
4747
4747
4747
4747
4747
4747
4747
4747
4747
4747
4747
4747
4747
4747
4747
4747
4747
4747
4747
4747
4747
4747
4747
4747
4747
4747
4747
4747
4747
4747
4747
4747
4747
4747
4747
4747
4747
4747
4747
4747
4747
4747
4747
4747
4747
4747
4747
4747
4747
4747
4747
4747
4747
4747
4747
4747
4747
4747
4747
4747
4747
4747
4747
4747
4747
4747
4747
4747
4747
4747
4747
4747
4747
4747
4747
4747
4747
4747
4747
4747
4747
4747
4747
4747
4747
4747
4747
4747
4747
4747
4747
4747
4747
4747
4747
4747
4747
4747
4747
4747
4747
4747
4747
4747
4747
4747
4747
4747
4747
4747
4747
4747
4747
4747
4747
4747
4747
4747
4747
4747
4747
4747
4747
4747
4747
4747
4747
4747
4747
4747
4747
4747
4747
4747
4747
4747
4747
4747
4747
4747
4747
4747
4747
4747
4747
4747
4747
4747
4747
4747
4747
4747
4747
4747
4747
4747
4747
4747
4747
4747
4747
4747
4747
4747
4747
4747
4747
4747
4747
4747
4747
4747
4747
4747
4747
4747
4747
4747
4747
4747
4747
4747
4747
4747
4747
4747
4747
4747
4747
4747
4747
4747
4747
4747
4747
4747
4747
4747
4747
4747
4747
4747
4747
4747
4747
4747
4747
4747
4747
4747
4747
4747
4747
4747
4747
4747
4747
4747
4747
4747
4747
4747
4747
4747
4747
4747
4747
4747
4747
4747
4747
4747
4747
4747
4747
4747
4747
4747
4747
4747
4747
4747
4747
4747
4747
4747
4747
4747
4747
4747
4747
4747
4747
4747
4747
4747
4747
4747
4747
4747
4747
4747
4747
4747
4747
4747
4747
4747
4747
4747
4747
4747
4747
4747
4747
4747
4747
4747
4747
4747
4747
4747
4747
4747
4747
4747
4747
4747
4747
4747
4747
4747
4747
4747
4747
4747
4747
4747
4747
4747
4747
4747
4747
4747
4747
4747
4747
4747
4747
4747
4747
4747
4747
4747
4747
4747
4747
4747
4747
4747
4747
4747
4747
4747
4747
4747
4747
4747
4747
4747
4747
4747
4747
4747
4747
4747
4747
4747
4747
4747
4747
4747
4747
4747
4747
4747
4747
4747
4747
4747
4747
4747
4747
4747
4747
4747
4747
4747
4747
4747
4747
4747
4747
4747
4747
4747
4747
4747
4747
4747
4747
4747
4747
4747
4747
4747
4747
4747
4747
4747
4747
4747
4747
4747
4747
4747
4747
4747
4747
4747
4747
4747
4747
4747
4747
4747
4747
4747
4747
4747
4747
4747
4747
4747
4747
4747
4747
4747
4747
4747
4747
4747
4747
4747
4747
4747
4747
4747
4747
4747
4747
4747
4747
4747
4747
4747
4747
4747
4747
4747
4747
4747
4747
4747
4747
4747
4747
4747
4747
4747
4747
4747
4747
4747
4747
4747
4747
4747
4747
4747
4747
4747
4747
4747
4747
4747
4747
4747
4747
4747
4747
4747
4747
4747
4747
4747
4747
4747
4747
4747
4747
4747
4747
4747
4747
4747
4747
4747
4747
4747
4747
4747
4747
4747
4747
4747
4747
4747
4747
4747
4747
4747
4747
4747
4747
4747
4747
4747
4747
4747
4747
4747
4747
4747
4747
4747
4747
4747
4747
4747
4747
4747
4747
4747
4747
4747
4747
4747
4747
4747
4747
4747
4747
4747
4747
4747
4747
4747
4747
4747
4747
4747
4747
4747
4747
4747
4747
4747
4747
4747
4747
4747
4747
4747
4747
4747
4747
4747
4747
4747
4747
4747
4747
4747
4747
4747
4747
4747
4747
4747
4747
4747
4747
4747
4747
4747
4747
4747
4747
4747
4747
4747
4747
4747
4747
4747
4747
4747
4747
4747
4747
4747
4747
4747
4747
4747
4747
4747
4747
4747
4747
4747
4747
4747
4747
4747
4747
4747
4747
4747
4747
4747
4747
4747
4747
4747
4747
4747
4747
4747
4747
4747
4747
4747
4747
4747
4747
4747
4747
4747
4747
4747
4747
4747
4747
4747
4747
4747
4747
4747
4747
4747
4747
4747
4747
4747
4747
4747
4747
4747
4747
4747
4747
4747
4747
4747
4747
4747
4747
4747
4747
4747
4747
4747
4747
4747
4747
4747
4747
4747
4747
4747
4747
4747
4747
4747
4747
4747
4747
4747
4747
4747
4747
4747
4747
4747
4747
4747
4747
4747
4747
4747
4747
4747
4747
4747
4747
4747
4747
4747
4747
4747
4747
4747
4747
4747
4747
4747
4747
4747
4747
4747
4747
4747
4747
4747
4747
4747
4747
4747
4747
4747
4747
4747
4747
4747
4747
4747
4747
4747
4747
4747
4747
4747
4747
4747
4747
4747
4747
4747
4747
4747
4747
4747
4747
4747
4747
4747
4747
4747
4747
4747
4747
4747
4747
4747
4747
4747
4747
4747
4747
4747
4747
4747
4747
4747
4747
4747
4747
4747
4747
4747
4747
4747
4747
4747
4747
4747
4747
4747
4747
4747
4747
4747
4747
4747
4747
4747
4747
4747
4747
4747
4747
4747
4747
4747
4747
4747
4747
4747
4747
4747
4747
4747
4747
4747
4747
4747
4747
4747
4747
4747
4747
4747
4747
4747
4747
4747
4747
4747
4747
4747
4747
4747
4747
4747
4747
4747
4747
4747
4747
4747
4747
4747
4747
4747
4747
4747
4747
4747
4747
4747
4747
4747
4747
4747
4747
4747
4747
4747
4747
4747
4747
4747
4747
4747
4747
4747
4747
4747
4747
4747
4747
4747
4747
4747
4747
4747
4747
4747
4747
4747
4747
4747
4747
4747
4747
4747
4747
4747
4747
4747
4747
4747
4747
4747
4747
4747
4747
4747
4747
4747
4747
4747
4747
4747
4747
4747
4747
4747
4747
4747
4747
4747
4747
4747
4747
4747
4747
4747
4747
4747
4747
