3013
3040
3045
3093
2466
2868
2979
2681
3005
2603
2206
2305
2550
2930
3327
3327
3328
3229
3631
3730
3725
3614
3369
3374
4001
3842
3837
3323
2887
2886
2259
2211
1887
1998
1887
2185
2185
2296
2301
2302
2547
2542
2515
3142
3656
3412
3571
3057
2812
2185
2429
2753
2415
2256
2692
2937
2540
2878
2879
2878
2905
2906
3303
3351
2954
2656
3170
3468
3865
3463
3462
3467
3419
3308
3850
3751
3315
3071
3182
3584
3585
4021
4020
4015
3988
3743
3743
3632
3235
3234
3282
2846
2957
3202
3638
3639
3591
3591
3211
3838
3402
3401
3428
3026
3428
3587
3428
3428
3317
3072
3317
3317
2915
2916
2889
2347
2749
3185
3344
2908
3152
3157
3205
3205
3046
3046
3588
3687
3349
3349
2947
2948
2703
2948
2849
3008
2381
3008
3003
3030
3432
3431
3542
3297
2999
3379
3478
3479
3155
2996
3155
2996
2897
2849
3246
2704
2709
3145
3304
3602
3222
2978
2973
2814
2973
3353
2917
2917
3161
3166
3602
3222
3217
3190
3189
3216
3057
2813
3193
3241
3565
2938
3097
3342
2962
2664
2763
2366
2704
2703
2708
2194
2194
2195
2036
1937
1937
2235
2749
2744
2308
2407
2069
1958
1931
2042
1744
1771
1771
2151
1771
2313
2265
2313
2472
2227
2228
2566
2565
2538
2538
2538
2543
2384
2411
2073
2068
2366
2267
1753
2091
1753
1912
1885
2512
3026
2915
2867
3303
3308
3552
3393
2766
3393
3420
3393
3790
3248
3004
3249
2622
2623
2622
2298
1896
1995
1697
1598
1599
1163
1599
1698
1942
1941
1427
1427
2054
2596
2597
2977
3136
3650
3761
3364
3120
2493
2248
2248
2296
2295
2295
1915
2160
1646
1647
1642
1980
2377
2329
2573
2137
1595
1484
1511
1891
2002
1664
1988
1987
2389
2727
2775
2395
2151
2124
2125
1728
1728
2164
2191
2733
3247
3874
3874
3826
3831
3493
3493
3493
3169
3010
3169
3058
2544
2517
2081
2478
1851
1850
1877
1876
2120
2120
2115
2413
2461
3088
3524
3848
3800
3555
3456
3297
3542
3298
2862
2867
3205
2808
2406
2786
2897
3056
3492
3465
3220
2840
2888
2590
2542
2218
2213
2615
2714
3228
3625
3673
3997
3998
3562
3160
2646
2598
2843
3223
3625
3245
2848
2875
2764
3008
3009
2982
2823
2982
2982
3418
3417
3715
3742
4122
3963
3665
3638
3639
3750
3750
3755
3128
3029
3128
2726
3123
3012
3060
3059
3686
3059
3086
2842
3140
2743
2902
2897
2355
2355
2307
2312
1876
1777
2213
2213
1777
1888
1590
1590
1834
1833
2460
2080
2482
2482
2482
2483
2919
2808
2649
2649
2648
2649
2649
2697
3211
3322
3322
3620
4162
3760
3422
3395
3150
3151
3151
2907
2609
2067
2405
2357
2456
2754
2749
2748
2907
2569
2245
2642
2483
2372
2273
2432
2543
2787
2273
2815
2273
2611
2659
2659
2758
2647
2648
2647
2648
2600
2980
2736
3278
3179
3503
3748
3410
3409
3085
2840
2681
2681
2681
3005
3032
3033
2597
2842
2518
2518
2856
2558
2717
2717
2320
2320
2319
2716
2717
3015
2473
2797
2802
2901
2896
2269
2811
3213
2875
3502
3343
3343
2941
3100
3099
3613
3514
2887
2507
1993
1993
1994
1452
1452
1854
2098
2436
2484
2457
3084
2746
3126
3126
3078
3620
3620
4056
4167
3787
3385
3385
3412
3417
3412
3511
3187
3525
3426
3181
3022
3021
2910
3290
3535
3646
3266
3267
3266
3668
3266
3425
3424
3424
3397
3496
3385
3385
3286
3287
3314
3716
3378
3378
3489
3488
3329
3334
3329
3302
2760
2760
3084
3084
2687
3067
2956
2554
2555
2257
2013
2172
2686
2172
2470
2497
2117
2631
2604
3146
3146
2604
2359
2360
2604
2604
2652
2679
3059
3064
2820
2819
2305
2702
2702
2697
3239
3239
3238
2858
3238
3576
3549
3211
2584
2585
2585
2149
2248
2275
2274
2247
2585
3212
3113
2716
2336
2012
2336
2337
2039
2040
2437
2442
2553
2394
2493
3007
3305
3194
3194
3596
3054
2730
2725
2328
2764
2716
2280
1982
2009
2333
2769
2768
3165
3545
3518
3816
3189
2891
2891
2891
3050
3055
3682
3246
3294
3538
3974
3730
3841
3682
3841
3730
3294
2667
2778
3076
3076
2977
3222
3223
3222
2884
2884
2884
2370
2259
2259
1961
2299
2294
2246
2873
2246
2760
3058
2656
2332
1994
1993
1998
1998
2625
2620
2620
2647
2695
2806
2508
2806
2758
3082
2702
2591
2077
2125
2639
3181
3519
3122
3123
2785
3123
2964
2719
2718
2176
2420
2420
2817
2303
2683
2842
2843
2599
2301
2301
2306
2307
2306
2301
2815
3251
2815
2815
2814
2476
2587
2925
3467
3129
3467
3467
3472
3473
2931
2534
2534
2534
1907
2309
2282
2679
2165
2264
2264
2153
1751
2265
1927
1954
1906
1906
1906
1906
1907
1510
1946
1622
1617
1728
1727
1971
1970
1871
1919
2316
2268
2024
2566
2571
2174
2174
2063
2361
2606
3233
3557
3959
4203
4600
4302
4297
3783
3403
3159
2762
2873
2873
2762
2763
2862
2538
2538
2136
1700
1699
1540
1545
1947
1948
1949
2273
2272
2173
2173
2172
1545
1789
1790
1763
2199
2826
2826
2925
3305
3702
3300
3300
3814
3841
3842
4001
4001
4299
4299
4299
4054
4165
4054
3657
3705
4043
4042
4042
3662
3364
3744
3308
3307
3307
2983
2983
3385
3386
3359
2957
2619
2620
2620
2461
2759
2711
2706
2408
1894
1893
2217
2222
2560
2560
2805
2804
3206
3603
3598
3757
3868
3869
3710
3710
3737
3710
3313
3313
2911
2912
3348
3353
3867
4269
4264
3750
3777
4174
4472
4986
4589
4478
4379
3999
3998
3674
3429
3674
3376
3375
3474
3038
3039
3039
3475
3773
4170
4329
4329
4302
3900
3927
3975
3975
3948
3975
4355
4057
4030
4030
4029
4056
3542
3547
3949
3513
3486
3481
3995
4106
3726
3388
3389
3416
3416
3368
2826
3206
2961
2564
3106
3106
3106
3106
3079
3079
2968
2588
2489
2734
3170
3218
3615
3615
3371
3371
3751
4075
4102
4201
3956
3442
3443
3554
3554
3527
3771
4069
4096
3660
3665
3665
3038
2636
2974
3376
3132
3646
3645
3618
3618
3618
4245
3703
3703
3189
2865
3109
2729
2618
2613
2216
2057
2599
2996
2658
2256
2255
2769
2769
2769
2769
2770
2228
2552
2988
3368
2854
2854
2854
2474
2633
2197
2577
1950
1977
2491
2736
3074
3047
3158
3158
2913
3540
3296
3296
3323
3164
3706
3408
3413
3412
3814
4059
3735
3736
3736
3625
3625
3245
3245
3146
3470
3768
3741
3840
3840
3840
3840
3841
3742
3340
3584
3340
3339
3719
3719
4121
4365
4121
4121
4121
4121
3724
3725
3836
3831
3831
3493
3737
3626
2999
3098
3495
3494
3493
3249
3249
3493
2951
2554
2581
3208
3208
3208
2884
3281
3605
3506
3208
3506
3182
3182
3341
3342
3347
2967
3305
3257
3098
3099
3258
3013
3258
3099
3099
3072
3508
3072
2734
2782
3106
3101
3260
3287
3287
3042
2744
2347
2783
3163
3501
3506
3605
3850
3850
3512
2998
2839
2839
2838
3380
3332
3630
4144
4144
4255
4303
4304
3980
3980
4304
4463
4027
4027
3979
3974
3676
3565
3466
3086
3185
3158
3206
3206
3211
3322
3078
3376
3277
3521
3520
3547
3223
3223
3196
3534
3423
3747
3748
3504
3940
4320
3693
3792
3792
3792
3693
3693
3693
3313
3313
3154
3154
2752
2454
3081
3081
3192
3490
3054
3054
3490
3485
3512
3611
3584
3584
3042
3042
3041
2717
2717
2961
3285
3186
3185
3186
3588
3588
3540
3540
3567
3567
3615
3317
3859
3345
3101
3100
3344
3006
3006
3006
3011
3525
3281
3579
3334
3579
3976
3349
3349
3025
3026
3026
3025
3652
3811
3811
3652
3647
3648
4028
4028
4272
4272
4272
4272
4245
4272
4277
3897
3786
3542
3866
3866
3866
3866
3865
3865
3865
3865
4024
3510
2968
2968
3306
3307
3307
2871
2844
2447
2546
2547
2791
3305
3304
3205
3206
3206
3317
3206
3317
3317
3317
3317
3714
3555
3554
3549
3550
3153
2909
3306
3465
3492
3381
3222
3764
3764
3716
3764
3763
3465
3417
3416
3714
4150
3812
3410
3112
2788
2789
3087
2789
3033
3413
3524
3524
3127
3132
3529
3529
3628
3628
4030
4029
3784
3784
3348
3686
4122
4170
4143
4170
3773
3774
3773
3773
3146
3147
3142
3387
4014
4019
3583
3484
2970
2970
2965
2966
3402
3401
3401
3560
3565
3565
3889
3890
3454
3454
3553
3215
3210
3508
3508
3508
3397
3396
3396
3072
3469
3468
3982
3737
3737
3710
3715
4151
4103
3859
3700
4038
4362
4606
4606
4717
4876
4876
4924
4924
4951
4515
4516
4417
4417
4416
4019
3639
3237
3336
3581
3581
4017
3773
3773
3773
3435
2921
3301
3202
3203
3198
3203
3204
3718
3718
3717
3718
3420
2906
2906
2795
2795
2794
2794
2746
2746
3044
3446
3446
3419
3418
3418
3173
3200
3201
3201
3446
2819
2820
3064
3064
3063
3058
3058
2814
2862
2814
2814
2814
2815
2815
2656
2900
3238
3238
3238
3238
3397
3397
3397
3073
3121
2719
3346
3748
3859
4373
4346
4445
4107
4059
4064
4091
3847
4244
4239
4212
3914
3941
3941
4239
4238
4238
4127
4127
4127
3882
4206
4206
3826
3826
3424
3424
3325
3570
3272
3273
3273
3675
4055
4055
4028
4028
4028
4027
4026
4270
4270
4270
3873
3972
3973
3874
3874
3874
3472
3473
3572
3248
3248
3247
3148
3486
3534
3154
3534
3534
3534
3832
3494
3335
3335
3732
3487
3586
3586
3613
3613
3613
3858
3859
4018
3638
3638
3749
4087
4411
4791
4547
4552
4796
4796
4796
4796
4795
4795
4398
4398
4350
4350
4191
4191
3946
3946
3648
3549
3951
3999
3485
3485
3485
3485
3374
3375
3374
3888
4186
4297
4249
4005
4005
4005
4005
3978
3680
3342
3341
3341
3341
3585
3585
3585
3149
3150
3177
2853
2854
2854
2854
2854
2849
3173
3221
3226
2982
3227
3226
2981
2954
2954
2955
2954
2843
2870
2870
3114
3066
3065
3363
3462
3463
3458
2944
2700
2700
2700
2701
2700
2945
2918
3432
3333
3333
3009
3120
3147
3246
3405
3404
3742
3631
3679
3277
3277
3278
3278
2736
2980
2985
3096
3095
2984
2740
3142
3115
2870
3194
2870
2870
3306
3551
3875
3986
3986
4013
3689
3689
3689
3590
3563
3563
3161
3161
3703
3703
3703
3703
3655
3317
3158
3555
3893
3920
4322
4322
4322
4077
4077
4077
4236
4480
4480
4480
4480
4480
4579
4241
4241
4082
4083
3456
3457
3702
3675
3999
3675
3834
3834
3723
3723
4061
4109
4108
4219
3975
3975
3975
3974
3975
4219
4219
4218
3821
3821
3821
4218
4119
4114
4115
3956
3956
3955
4114
4114
3712
4339
4001
4001
4001
4006
4006
3762
3762
3762
3789
3762
3861
4185
4429
4381
4382
3840
3841
3841
3836
4378
4426
4426
4426
4425
3883
4221
4173
4200
4200
4200
4200
4248
4247
4247
4199
4601
4490
4491
4392
4392
4391
4392
4491
4539
4538
4511
4516
4272
4272
4173
4125
3611
3452
3452
3453
3453
3453
3480
3591
4133
4106
4106
3726
3726
4240
4484
4186
4213
4186
4213
4208
4208
3806
3806
3779
3779
3780
3807
4209
4208
4208
4506
4182
4341
4043
4043
4016
4021
4021
4021
4021
4401
4449
4401
4402
4501
4121
4121
4120
4147
4147
4195
4147
3988
3988
3988
4147
4147
4048
4048
4096
4048
3651
3651
3651
3624
3624
4021
4021
4021
4021
4021
4021
4048
3889
3889
3889
3862
3862
3961
3956
3711
3600
3648
3648
3653
3648
3675
3920
3676
3974
3729
3681
3681
4005
4005
4005
3707
3706
3382
3626
3229
3474
3585
3586
3586
3586
3586
3587
3560
3560
3560
3719
4099
4000
4000
3662
3662
3662
3662
3761
3761
4158
4185
4523
4523
4496
4252
4252
4252
4252
4153
3994
3994
3614
3619
3646
3646
3645
3744
3745
3904
3903
3904
4228
4526
4574
4574
4574
4573
4573
4525
4525
4520
4520
4521
4521
4520
4568
4568
4323
4323
4328
4328
4328
4328
4573
4176
3662
3614
3614
3614
3614
3614
4128
4128
3501
3501
3390
4017
4017
4261
4256
4653
4554
4554
4152
4554
4256
4256
4257
4257
4257
4257
4368
4367
4367
4123
4503
4747
4636
4641
4397
4370
4365
4364
4365
4413
4413
4413
4512
4464
4469
4464
4464
4084
4089
4090
4090
4201
4581
4581
4336
4336
4331
4331
4330
4329
4329
4005
4006
4006
4006
4006
4006
3626
3626
3674
3918
4298
4298
4297
4302
4303
4302
4329
4218
4218
4542
4106
3709
4007
4443
4284
4284
4285
4285
4285
4444
4345
4297
4408
4028
4001
4028
4001
3890
4001
4381
4429
4429
4428
4428
4428
4527
4013
4013
4013
4013
4527
4527
4522
4522
4142
3818
3818
4215
4215
4215
4215
4220
4220
3976
3976
4356
4680
4521
4521
4522
4423
4667
4265
4265
3927
4329
4574
4177
4276
4435
4191
4218
4556
4529
4529
4205
3960
4204
3866
3866
4204
4528
4528
4480
4381
4222
4222
4223
4223
4222
3898
3925
4249
4249
4249
4249
3911
4070
3556
3556
3176
3275
3274
3274
3519
3520
3520
3520
3568
3568
3568
3568
3520
3520
3118
3498
4012
4060
4457
4457
4457
4457
4457
4859
4700
4701
4377
4350
4302
4350
3948
3948
3650
3650
3214
3616
3616
3616
3236
3534
3970
3726
3290
3290
3179
3206
3206
3206
3206
3544
3544
3543
3787
4111
4112
4271
3973
3874
3874
3874
3873
3714
3714
3714
3714
3813
3924
3527
3500
3798
3799
3799
3799
4179
4068
4068
4068
3744
4068
4020
4020
4019
3639
3798
3798
3793
3793
4173
4570
4570
4570
4597
4645
4347
4347
4348
4347
4347
4009
4347
4347
4009
3850
4286
4287
4188
4188
4526
4526
4685
4637
4637
4636
4641
4641
4641
4939
5050
5045
5045
4800
4800
4800
4799
4640
4640
4640
4641
4397
4099
4099
4099
4258
4258
3878
4258
4556
4232
3796
3796
3795
4040
3498
3503
3503
3392
3716
3716
3827
3828
3823
3823
3421
3421
3665
3665
3665
3665
3665
3420
3261
3309
3309
2795
2795
2795
2551
2796
2795
2795
3197
3356
3455
3455
3455
3460
3460
3461
3462
3124
3124
3025
3567
3567
3567
3566
3565
3565
3517
3517
3490
3490
3490
3490
4004
4004
4004
4004
4052
4052
4151
4151
4178
3776
4178
4178
3798
3798
3798
3771
3766
3766
3766
3793
3793
3794
3793
3793
3798
3771
3772
3773
3773
3773
3773
3773
3772
4208
4207
4207
4545
4545
4925
4925
4925
4920
4947
4623
4623
4947
4947
4848
4848
5092
4933
4933
4934
5093
5093
5092
5093
5093
5045
5144
5144
4900
4900
5144
4900
4899
4899
5143
5143
5143
5143
4899
4800
4800
4773
4872
4872
4873
4921
4922
4874
5118
5123
5123
5123
5123
5123
5123
5123
5118
5118
5118
5117
5118
5145
5144
4517
4517
4522
4522
4495
4495
4494
4494
4114
4162
3838
4465
4465
4465
4366
4361
4362
4742
4742
4742
4769
4610
4610
4769
4769
4769
4774
4774
4663
4663
4663
4419
4419
4518
4518
4470
4581
4581
4581
4581
4581
4482
4530
4530
4854
4854
4827
4828
4855
4954
4954
4954
4954
4954
4709
4307
4307
3793
3634
3634
3793
3793
3793
3793
3694
3939
3939
3694
3694
4096
4096
4096
4096
4095
3757
4001
3974
4312
4312
4826
4826
4826
4667
4912
5071
5070
5070
5070
5070
5070
5070
5070
5070
5169
5058
5085
4747
4747
4748
4748
4747
4748
4649
4252
4252
4252
4252
4093
4204
4204
4204
3880
3879
3879
3879
3768
3768
3768
3524
3524
3524
3524
3623
3623
3623
3961
3961
3913
4157
4157
4316
4316
4427
4428
4428
4428
4428
4476
4476
4317
4317
4317
4317
4317
4073
4073
4072
4072
3961
4072
4072
4072
4072
4072
4231
4183
4231
4231
4231
4231
4231
4231
4226
4623
4623
4623
4623
4628
4628
4517
4517
4517
4517
4628
4628
4628
4628
4628
4601
4601
4602
4602
4602
4602
4602
4602
4846
4847
4799
4700
4700
4700
4700
5024
5024
5072
5072
4913
4913
4913
4913
4913
5012
5039
4940
5099
4801
4801
4556
4556
4556
4312
4312
4312
4201
4312
4311
4311
4311
4311
4311
4311
4284
4284
4284
4284
4284
4284
4279
4279
4523
4768
4769
4796
4748
4748
4748
4748
4748
4748
4346
4345
4345
4643
4643
4643
4616
4616
4616
4616
4219
4267
4267
4267
4366
4207
4207
4207
4234
4234
4186
4186
4345
4742
4742
4742
4742
4741
4741
4746
4719
4719
4719
4746
4746
4746
4741
4741
4746
4746
5148
5148
5149
4904
4904
4905
4508
4508
4508
4905
4905
4953
4854
4854
4854
4854
4695
4940
4940
4940
4913
4865
4468
4468
4468
4567
4615
4615
4567
4562
4562
4959
4959
4621
4621
4621
4510
4510
4510
4510
4510
4411
4570
4618
4618
4570
4570
4570
4669
4570
4570
4575
4575
4575
4575
4575
4570
4597
4570
4618
4623
4722
5060
5060
5087
5198
5197
5197
5197
5197
4761
4761
4602
4602
4602
4597
5033
4934
4934
4935
4934
4934
4934
4934
4934
4934
4933
4933
5032
5032
5032
5032
5032
5191
5164
5164
5164
5164
5164
5164
5164
4826
4827
4827
4827
4827
4832
4832
4733
4733
4733
4733
5071
5072
5072
5072
5071
5071
4960
4960
4960
4715
4715
4715
4715
4715
4826
4826
4826
4826
4826
4821
4441
4441
4540
4545
4790
4791
4790
4790
4790
4790
4790
4790
4466
4466
4466
4466
4466
4466
4466
4221
4221
4221
4216
4216
4216
4216
4461
4461
4460
4461
4362
4362
4362
4314
4314
4341
4341
4341
4341
4342
3906
3879
3927
3927
3927
3927
3926
4250
4250
4250
4250
4349
4350
4349
4348
4349
4349
4350
4350
4349
4349
4349
4349
4104
4131
4131
4032
4032
4032
4032
4032
4032
4032
4032
4033
4033
4033
3922
4302
4254
4253
4253
4364
4364
4364
4364
4800
4801
4690
4663
4663
4663
4663
4690
4689
4689
4689
4688
4688
4799
4799
4800
4800
4800
4800
4800
4641
4740
4740
4740
4740
4788
4788
4788
4788
4788
4788
4788
4788
4788
4788
4689
4662
4662
4551
4551
4551
4551
4662
4662
4614
4713
4713
4740
4741
4741
4740
4740
4740
4740
4740
4899
4899
4904
4904
4904
4904
4904
4904
4904
4905
4905
4905
4905
4953
4953
4953
4794
4794
4793
4793
4793
4793
4766
4766
4522
4766
4767
4140
4140
4140
4140
4092
4092
4092
4140
4140
4140
4140
4140
4135
4380
4380
4380
4379
4379
4135
4135
4294
4294
4246
4251
4251
4251
4278
4251
4278
4251
4251
4299
4200
4299
4299
4299
4251
4495
4495
5122
5122
5122
5122
5122
5117
5117
5117
5116
5164
5164
5164
5164
5164
5164
5164
5164
4920
4921
4921
4922
4922
4922
4949
4850
4850
4823
4823
5067
4631
4631
4631
4658
4658
4658
4658
4658
4657
4657
4756
4756
4756
4756
4756
4756
4756
4708
4756
4756
4756
4708
4708
4708
4708
4708
4713
4713
4614
4614
4614
4614
4369
4369
4805
4904
4904
5149
5197
5197
5197
5192
5192
5192
5192
5192
5192
5197
5197
5197
5192
5192
5191
5191
5191
5191
5191
5191
5191
5192
5192
5033
5033
5033
4789
4789
4948
4900
4905
4906
4906
4906
4906
4906
4906
4906
4879
4720
4768
4768
4768
4767
4767
4767
4766
4766
5010
5010
5010
5011
5038
5038
5038
5038
5038
5038
5038
5011
5011
5011
5170
5171
5170
5170
5170
5169
5169
5010
5010
5010
5010
5010
5011
5011
5011
5011
5011
5011
5170
5197
5197
5197
5197
5198
5193
5193
5192
5192
5192
4854
4556
4556
4556
4556
4556
4556
4556
4556
4556
4556
4556
4556
4556
4894
4894
4894
4894
4795
4795
4795
4795
4795
4457
4458
4347
4347
4347
4458
4458
4458
4458
4557
4557
4530
4482
4237
4237
4237
4237
4575
4575
4575
4580
4580
4579
4579
4579
4579
4606
4904
4905
4905
4905
4905
4905
4905
4905
4905
4794
4793
4793
4793
4793
4793
5038
5038
5039
5039
5039
5039
5039
5039
5150
5150
5150
5150
5149
5144
5144
5033
5033
5033
5033
5033
5081
5081
5081
5081
5081
4836
4947
5192
5192
5192
5192
5192
5192
5192
4947
4920
4872
4872
4899
4900
4900
4900
4899
4899
4899
4899
4872
4436
4436
4484
4484
4484
4373
4373
4400
4400
4645
4756
4755
4755
4755
4755
4755
4755
4756
4761
4734
4686
4685
4685
4685
4685
4685
4685
4686
4686
4687
4687
4686
4686
4686
4686
5122
5122
5122
5122
5122
5122
5123
5024
5024
4865
5024
5023
5023
5022
5022
4778
4778
4805
5049
5050
5050
5050
5050
5045
5045
5046
5046
5046
5046
5046
5046
5145
5145
5145
5193
5198
5198
5198
5197
5197
5196
5148
5121
5121
5121
5121
5121
5121
5121
5121
5121
5121
5121
5121
5121
5121
5121
5121
5121
5121
5121
5121
5121
4962
4962
4963
4963
4963
4963
4963
4963
4964
4964
4964
4964
4964
4964
4964
4991
4991
5039
5039
5039
5039
5039
5039
5039
5039
5039
5012
5011
5011
5011
5011
5011
5170
5170
5170
5122
5122
5117
5118
5118
5118
5117
5117
5117
5006
5006
5033
5038
4939
4939
4939
4987
4987
4986
4986
4987
4987
4987
4987
4987
5098
5098
5098
5098
5098
5098
5098
5098
5098
5098
5098
5098
5098
5050
5050
5050
5149
5144
5144
5144
5144
5149
5038
5038
5038
5038
5038
5038
5038
5038
5038
5038
5039
5039
5039
5039
5039
5039
5039
5039
5039
5038
5038
5038
5038
5038
5038
5038
5039
5038
5011
5059
5059
5059
5059
5059
5059
5054
5081
5054
5059
5059
5058
5085
5085
5085
5085
5085
5085
5085
5086
5086
5086
5086
5085
5085
5085
5085
5085
5037
5037
5010
5011
5011
5011
5011
5011
5011
5011
5011
5011
5011
5011
5010
5011
5011
5011
5011
5011
5011
5011
5059
5059
5059
5059
5059
5060
5060
5012
5012
5012
5060
5060
5060
5060
5060
5060
5060
5055
5055
5055
5166
5166
5166
5165
5164
5191
5191
5191
5191
5191
5191
5191
5191
5191
5191
5191
5192
5191
5191
5191
4853
4853
5191
5032
5032
5032
5032
5032
5032
5033
5033
5033
5006
5165
5164
5065
5065
5065
5070
5070
5070
5070
5070
5070
5065
5092
5092
5093
5094
5094
5094
5094
5094
5094
5094
5093
5093
5094
5094
5094
5099
5099
5099
5099
5099
5099
5099
5099
5099
5072
5072
5071
5072
5072
5072
5099
5099
5099
5198
5198
5198
5198
5198
5198
5198
5198
5198
5198
5193
5193
5193
5193
5193
5193
5193
5193
5193
5193
5193
5193
5192
5192
5197
5197
5197
5197
5197
5197
5197
5197
5170
5165
5165
5165
5192
5192
5197
5197
5197
5197
5086
5086
5086
5081
5081
5080
5080
5080
5080
5080
5080
5080
5081
5081
5033
5033
5081
5081
5081
5081
5081
5081
5081
5081
5081
5192
5192
5193
5193
5193
5193
5193
5193
5193
5193
5145
5145
5145
5145
5145
5145
5145
5193
5193
5193
5193
5193
5193
5193
5166
5166
5166
5165
5165
5165
5165
5165
5165
5117
5117
5117
5117
5116
5116
5143
5148
5148
5148
5148
5148
5148
5148
5148
5148
5148
5149
5149
5149
5149
5149
5149
5149
5149
5122
5122
5122
5170
5059
5059
5059
5170
5170
5170
5170
5170
5169
5058
5058
5058
5058
5053
5054
5054
5054
5054
5055
5060
5055
5007
5007
5055
5055
5055
5055
5055
4896
4896
4895
4922
4874
4874
4985
4985
4985
4985
4985
4985
4985
4985
4985
4985
4985
4985
4985
4985
4985
4985
4985
4886
5045
5144
5145
5145
5145
5145
5145
5145
5145
5145
5046
5046
5046
5046
5046
5046
5046
5094
5094
5193
5193
5193
5193
5193
5192
5197
5098
5050
5050
5049
4890
4890
4885
4886
4886
4885
5044
5044
5044
5044
5044
5044
5044
5044
5044
5044
5044
5044
5045
5045
5018
4859
4859
4859
4859
4860
4860
4859
4859
4859
4859
4859
4958
4958
4957
4957
4957
4957
4957
4957
4957
4958
4958
4958
4958
4958
4958
4847
4958
4959
4964
4964
5123
5123
5123
5122
5122
5122
5122
5170
5170
5170
5170
5170
5170
5170
5170
5170
5170
5170
5059
5059
5059
5170
5170
5171
5170
5170
5170
5170
5170
5170
5165
5165
5165
5165
5165
5165
5165
5192
5192
5165
5165
5165
5165
5192
5192
5192
5192
5192
5192
5192
5192
5191
5191
5191
5191
5164
5164
5191
5191
5196
5196
5196
5196
5196
5196
5196
5196
5196
5196
5196
5196
5196
5196
5196
5196
5196
5196
5196
5196
5196
5196
5197
5196
5196
5196
5196
5196
5196
5196
5196
5196
5196
5196
5196
5196
5196
5196
5196
5196
5196
5197
5192
5192
5192
5192
5192
5197
5197
5197
5170
5170
5170
5170
5170
5165
5066
5066
5066
5066
5066
5165
5165
5170
5165
5165
5165
5165
5165
5165
5165
5165
5165
5166
5165
5165
5165
5165
5165
5165
5165
5165
5165
5165
5165
5165
5165
5165
5165
5165
5165
5165
5165
5165
5165
5166
5166
5193
5193
5193
5192
5192
5197
5170
5171
5171
5171
5171
5171
5171
5171
5171
5170
5170
5170
5170
5170
5170
5170
5170
5197
5198
5198
5198
5198
5198
5197
5197
5197
5196
5196
5148
5149
5149
5149
5149
5038
5039
5039
5039
5039
5034
5034
5034
5034
5033
5033
5034
5034
5034
5034
5034
5082
5082
5082
5082
5082
5087
5060
5060
5060
5171
5171
5171
5171
5171
5171
5171
5171
5170
5170
5170
5170
5170
5170
5197
5197
5197
5197
5197
5197
5197
5197
5197
5197
5197
5197
5197
5197
5192
5193
5193
5193
5193
5193
5193
5198
5197
5192
5144
5144
5144
5144
5144
5144
5144
5144
5149
5149
5149
5148
5149
5149
5144
5144
5144
5145
5145
5145
5144
5144
5149
5149
5038
5038
5038
5037
5037
5037
5037
5037
5037
5037
5037
5038
5038
4939
4939
4939
4939
4939
4939
5050
5050
5050
5098
5098
5097
5097
5097
5097
5097
5097
5098
5098
5098
5098
5098
5098
5098
5093
5093
5093
5093
5093
5093
5093
5093
5093
5093
5093
5093
5093
5093
5093
5094
5094
5094
5046
5045
5050
5098
5098
5098
5098
5097
5097
5097
5097
5098
5098
5098
5098
5197
5197
5197
5197
5197
5197
5197
5197
5197
5197
5197
5197
5197
5197
5197
5197
5086
5086
5086
5197
5198
5198
5198
5198
5198
5198
5198
5197
5197
5197
5197
5197
5197
5197
5197
5197
5197
5197
5196
5196
5196
5196
5196
5196
5196
5196
5196
5197
5197
5197
5197
5197
5197
5197
5197
5197
5198
5197
5197
5197
5197
5197
5197
5192
5192
5192
5165
5165
5165
5165
5165
5165
5165
5165
5165
5165
5164
5164
5164
5164
5164
5164
5164
5164
5191
5191
5191
5191
5191
5191
5192
5192
5197
5197
5192
5197
5197
5197
5197
5149
5144
5149
5149
5149
5149
5149
5149
5149
5149
5149
5197
5197
5197
5197
5197
5197
5197
5192
5193
5193
5193
5193
5193
5193
5193
5193
5198
5198
5198
5198
5198
5197
5197
5197
5197
5197
5197
5197
5197
5197
5197
5197
5197
5197
5198
5193
5193
5193
5193
5193
5193
5193
5193
5193
5193
5193
5193
5193
5193
5193
5193
5193
5193
5193
5094
5094
5094
5094
5093
5094
5099
5099
5099
5099
5099
5098
5098
5098
5098
5098
5097
5097
5097
5098
5093
5093
5093
5093
5093
5098
5098
5098
5098
5098
5098
5098
5098
5098
5098
5098
5098
5098
5098
5098
5098
5093
5093
5098
5098
5098
5098
5098
5098
5098
5098
5098
5098
5097
5097
5097
5098
5098
5093
5093
5093
5092
5092
5092
5092
5092
5092
5093
5192
5192
5191
5196
5196
5196
5196
5196
5196
5196
5196
5196
5196
5196
5196
5197
5197
5197
5197
5197
5197
5170
5170
5169
5169
5169
5169
5169
5169
5169
5169
5169
5169
5169
5196
5196
5197
5197
5197
5196
5196
5196
5196
5197
5197
5197
5196
5196
5197
5197
5197
5197
5197
5197
5197
5197
5197
5197
5197
5197
5197
5197
5197
5197
5197
5192
5192
5192
5192
5192
5192
5192
5192
5192
5144
5144
5143
5144
5144
5144
5145
5145
5145
5145
5145
5145
5150
5149
5150
5150
5149
5149
5149
5149
5149
5149
5149
5149
5149
5144
5144
5145
5193
5193
5193
5193
5193
5193
5193
5193
5193
5193
5193
5193
5193
5193
5193
5193
5193
5192
5192
5192
5192
5192
5197
5197
5197
5197
5197
5197
5197
5197
5197
5197
5197
5197
5197
5197
5197
5196
5196
5196
5196
5196
5196
5196
5196
5196
5196
5196
5196
5196
5196
5196
5196
5196
5196
5196
5196
5197
5197
5197
5197
5197
5197
5197
5198
5198
5198
5198
5198
5198
5198
5198
5198
5198
5198
5198
5198
5198
5198
5198
5197
5197
5197
5197
5197
5197
5197
5197
5197
5197
5197
5197
5197
5197
5196
5196
5196
5196
5196
5196
5196
5196
5196
5169
5169
5169
5169
5196
5196
5196
5191
5191
5191
5191
5191
5191
5191
5191
5191
5191
5191
5191
5191
5191
5196
5191
5191
5191
5191
5191
5191
5191
5191
5196
5196
5196
5196
5196
5196
5196
5196
5196
5196
5197
5197
5197
5197
5197
5197
5198
5198
5198
5171
5171
5171
5171
5171
5198
5198
5198
5198
5197
5197
5197
5197
5197
5196
5196
5196
5196
5196
5191
5191
5191
5191
5191
5191
5191
5191
5191
5191
5191
5191
5191
5191
5191
5191
5191
5191
5191
5196
5148
5148
5148
5148
5148
5149
5149
5149
5149
5149
5149
5149
5144
5144
5144
5145
5145
5193
5193
5193
5193
5193
5192
5192
5192
5192
5192
5197
5198
5198
5198
5198
5198
5198
5198
5198
5198
5198
5198
5198
5198
5197
5197
5197
5197
5197
5192
5192
5192
5192
5192
5192
5192
5192
5192
5192
5192
5192
5192
5192
5192
5192
5192
5192
5192
5192
5192
5192
5192
5192
5192
5192
5192
5192
5192
5192
5165
5165
5165
5165
5165
5165
5165
5165
5165
5165
5165
5165
5192
5192
5192
5192
5192
5192
5192
5192
5192
5192
5192
5192
5192
5192
5192
5197
5197
5197
5196
5196
5196
5197
5197
5197
5198
5198
5198
5197
5197
5197
5197
5197
5197
5197
5197
5197
5197
5197
5197
5197
5197
5197
5197
5197
5197
5197
5197
5197
5197
5197
5197
5197
5197
5197
5197
5197
5197
5197
5197
5197
5197
5197
5197
5197
5197
5197
5197
5197
5197
5197
5197
5197
5197
5197
5197
5197
5197
5197
5197
5197
5198
5198
5198
5198
5198
5198
5198
5198
5198
5198
5198
5198
5198
5198
5198
5193
5193
5198
5171
5170
5170
5170
5170
5170
5170
5170
5170
5170
5170
5170
5197
5197
5197
5197
5198
5198
5198
5198
5198
5198
5198
5198
5198
5197
5197
5197
5198
5198
5198
5198
5198
5198
5198
5197
5197
5197
5192
5192
5192
5192
5191
5191
5191
5191
5191
5191
5196
5196
5196
5196
5197
5197
5197
5197
5197
5197
5197
5197
5197
5197
5197
5197
5197
5197
5197
5196
5197
5197
5192
5197
5197
5197
5197
5197
5197
5197
5197
5197
5196
5169
5169
5169
5169
5169
5169
5169
5169
5169
5169
5169
5169
5169
5169
5169
5169
5169
5169
5170
5170
5197
5197
5198
5198
5198
5198
5198
5197
5197
5197
5197
5197
5197
5197
5197
5197
5197
5197
5192
5192
5192
5192
5192
5192
5192
5192
5192
5192
5197
5197
5197
5196
5196
5196
5196
5196
5196
5196
5196
5197
5196
5197
5197
5197
5197
5197
5197
5197
5197
5197
5197
5197
5197
5197
5197
5197
5197
5197
5198
5198
5198
5198
5198
5197
5197
5198
5198
5193
5193
5193
5193
5192
5192
5192
5192
5192
5192
5192
5192
5192
5192
5193
5166
5166
5166
5166
5193
5193
5193
5193
5193
5193
5193
5193
5193
5193
5193
5193
5193
5192
5192
5192
5192
5192
5192
5192
5192
5192
5192
5192
5192
5192
5192
5192
5192
5193
5192
5192
5192
5197
5197
5197
5198
5198
5198
5198
5198
5198
5198
5198
5197
5197
5197
5198
5198
5198
5197
5197
5197
5197
5197
5197
5196
5196
5196
5196
5196
5196
5196
5196
5197
5197
5197
5149
5149
5197
5196
5196
5196
5196
5196
5196
5196
5196
5197
5197
5197
5197
5197
5197
5197
5197
5197
5197
5197
5197
5170
5170
5170
5170
5169
5170
5170
5170
5170
5170
5170
5170
5170
5170
5170
5170
5170
5197
5197
5197
5197
5197
5192
5192
5192
5192
5192
5192
5192
5192
5192
5192
5192
5192
5192
5192
5192
5192
5191
5191
5191
5191
5191
5191
5191
5196
5196
5196
5196
5196
5197
5197
5197
5197
5197
5197
5198
5198
5198
5198
5198
5198
5198
5198
5198
5198
5198
5198
5198
5198
5198
5198
5198
5198
5198
5198
5193
5193
5192
5191
5191
5191
5191
5191
5191
5191
5196
5197
5197
5197
5197
5197
5197
5197
5197
5198
5198
5198
5198
5198
5198
5198
5198
5198
5197
5197
5197
5197
5197
5196
5196
5196
5196
5196
5197
5197
5197
5197
5197
5197
5197
5197
5197
5197
5197
5197
5197
5197
5197
5197
5197
5197
5197
5197
5197
5197
5197
5198
5198
5198
5198
5198
5198
5198
5198
5198
5198
5198
5198
5198
5198
5198
5198
5198
5198
5197
5197
5197
5197
5197
5197
5197
5196
5196
5196
5196
5196
5197
5197
5197
5197
5197
5198
5193
5193
5198
5198
5198
5198
5198
5198
5198
5198
5198
5198
5198
5197
5197
5197
5192
5192
5192
5165
5165
5165
5165
5165
5165
5165
5165
5165
5165
5165
5165
5165
5165
5165
5165
5165
5164
5165
5165
5165
5165
5165
5165
5165
5165
5165
5165
5165
5165
5165
5165
5165
5165
5165
5165
5166
5166
5166
5166
5166
5166
5166
5193
5193
5193
5193
5193
5193
5193
5193
5193
5193
5193
5193
5193
5193
5193
5193
5193
5193
5192
5192
5192
5192
5192
5193
5193
5193
5192
5192
5193
5198
5198
5198
5198
5198
5198
5198
5198
5198
5198
5198
5198
5197
5196
5196
5196
5196
5196
5196
5196
5196
5197
5197
5196
5196
5197
5197
5197
5197
5197
5196
5196
5196
5196
5196
5196
5196
5196
5196
5196
5196
5196
5196
5196
5196
5197
5198
5198
5197
5197
5197
5197
5197
5197
5197
5197
5197
5197
5197
5197
5197
5197
5197
5197
5197
5197
5197
5197
5197
5197
5197
5197
5197
5197
5197
5197
5197
5197
5196
5196
5197
5197
5197
5197
5192
5192
5192
5197
5197
5197
5197
5197
5197
5197
5197
5197
5197
5197
5197
5196
5197
5197
5197
5197
5197
5197
5197
5197
5197
5197
5197
5197
5197
5197
5197
5197
5197
5197
5197
5197
5197
5197
5197
5198
5198
5198
5198
5198
5198
5198
5197
5197
5198
5198
5198
5197
5198
5198
5198
5198
5198
5198
5193
5192
5193
5193
5193
5193
5192
5192
5192
5192
5192
5191
5191
5191
5191
5191
5191
5191
5191
5196
5196
5196
5196
5196
5196
5196
5196
5196
5196
5196
5196
5196
5196
5196
5197
5197
5197
5197
5197
5197
5197
5197
5197
5197
5197
5198
5198
5198
5198
5198
5198
5198
5198
5198
5193
5193
5193
5193
5192
5192
5192
5192
5192
5192
5192
5192
5192
5197
5197
5197
5197
5197
5197
5197
5197
5198
5198
5198
5198
5197
5197
5197
5197
5197
5197
5198
5198
5198
5198
5198
5198
5198
5197
5197
5198
5198
5198
5198
5197
5197
5192
5192
5192
5192
5191
5191
5191
5191
5191
5191
5191
5191
5191
5191
5196
5196
5196
5196
5197
5197
5197
5197
5192
5192
5192
5192
5192
5192
5192
5192
5193
5193
5193
5193
5193
5193
5193
5192
5192
5192
5197
5197
5197
5197
5197
5197
5197
5197
5197
5198
5193
5193
5193
5193
5193
5193
5192
5192
5193
5193
5193
5193
5193
5193
5193
5193
5193
5193
5193
5193
5193
5193
5193
5198
5198
5198
5198
5198
5198
5198
5198
5198
5198
5198
5193
5193
5198
5198
5198
5198
5198
5198
5198
5198
5198
5198
5197
5197
5197
5197
5197
5192
5192
5192
5192
5192
5192
5192
5192
5192
5192
5192
5192
5192
5192
5192
5192
5192
5192
5192
5192
5192
5192
5192
5192
5192
5192
5192
5192
5192
5192
5192
5192
5193
5193
5193
5193
5193
5193
5193
5193
5192
5192
5192
5191
5192
5191
5191
5191
5191
5191
5191
5192
5192
5192
5192
5192
5192
5197
5197
5197
5196
5196
5196
5196
5196
5196
5196
5196
5196
5196
5196
5196
5196
5196
5196
5196
5196
5196
5196
5196
5196
5196
5196
5196
5196
5196
5196
5196
5196
5196
5196
5196
5196
5196
5196
5196
5196
5196
5196
5197
5197
5197
5197
5197
5197
5197
5197
5197
5197
5197
5197
5197
5196
5196
5196
5196
5196
5196
5196
5196
5196
5196
5196
5196
5196
5197
5192
5192
5192
5192
5192
5192
5192
5192
5192
5192
5192
5192
5192
5192
5192
5192
5192
5192
5192
5192
5197
5197
5197
5197
5197
5197
5197
5197
5197
5197
5197
5197
5197
5197
5197
5197
5197
5197
5197
5196
5197
5197
5197
5197
5197
5197
5197
5197
5197
5197
5197
5197
5197
5196
5196
5196
5196
5196
5196
5196
5196
5197
5197
5198
5198
5198
5198
5198
5198
5198
5198
5193
5193
5193
5193
5193
5193
5193
5193
5193
5193
5193
5192
5192
5192
5192
5192
5192
5192
5197
5197
5197
5197
5198
5198
5198
5198
5198
5198
5197
5198
5198
5198
5197
5197
5197
5196
5196
5196
5196
5197
5197
5197
5197
5197
5197
5197
5197
5197
5197
5197
5197
5197
5197
5197
5197
5197
5197
5197
5197
5197
5197
5197
5197
5197
5197
5197
5197
5197
5197
5197
5197
5197
5197
5197
5197
5197
5197
5196
5196
5196
5191
5191
5192
5192
5192
5192
5192
5192
5192
5192
5192
5192
5192
5197
5197
5197
5197
5197
5198
5197
5197
5197
5198
5198
5198
5198
5198
5198
5198
5198
5198
5198
5193
5193
5193
5193
5193
5192
5192
5192
5192
5192
5192
5197
5197
5198
5198
5198
5198
5198
5198
5198
5198
5198
5198
5198
5198
5198
5197
5197
5197
5198
5198
5198
5197
5197
5197
5198
5198
5198
5198
5198
5198
5198
5198
5198
5197
5196
5196
5196
5196
5196
5196
5197
5197
5197
5197
5197
5196
5196
5196
5196
5197
5197
5197
5197
5197
5197
5197
5197
5197
5197
5197
5197
5197
5197
5197
5198
5198
5198
5197
5197
5197
5197
5198
5198
5198
5198
5197
5197
5198
5198
5198
5198
5198
5198
5198
5198
5198
5198
5198
5198
5198
5197
5197
5197
5197
5197
5197
5197
5197
5197
5198
5198
5197
5197
5196
5196
5196
5196
5196
5196
5196
5196
5196
5196
5196
5196
5196
5196
5196
5196
5196
5196
5196
5196
5196
5196
5197
5197
5198
5198
5198
5198
5198
5198
5198
5198
5198
5197
5197
5196
5196
5196
5196
5196
5196
5196
5196
5196
5196
5196
5196
5196
5196
5197
5198
5198
5198
5198
5198
5198
5198
5198
5198
5197
5197
5197
5197
5196
5196
5196
5196
5196
5196
5196
5196
5196
5196
5196
5196
5196
5196
5197
5197
5197
5197
5197
5197
5197
5192
5192
5197
5197
5198
5198
5198
5198
5197
5196
5196
5196
5196
5196
5196
5196
5196
5196
5196
5196
5196
5196
5196
5196
5197
5197
5197
5197
5197
5197
5197
5197
5197
5197
5197
5197
5198
5198
5198
5198
5198
5198
5198
5198
5198
5198
5197
5197
5197
5197
5197
5197
5197
5197
5197
5197
5197
5197
5197
5197
5197
5197
5197
5197
5197
5197
5197
5197
5197
5197
5197
5197
5197
5197
5197
5197
5197
5197
5196
5196
5196
5196
5196
5196
5196
5196
5196
5197
5197
5197
5197
5197
5197
5197
5197
5192
5191
5192
5192
5192
5192
5191
5191
5191
5191
5191
5191
5191
5192
5192
5192
5192
5192
5192
5192
5192
5192
5192
5192
5192
5192
5192
5192
5192
5192
5192
5192
5192
5192
5197
5197
5197
5197
5192
5192
5192
5192
5191
5191
5192
5192
5192
5192
5192
5192
5191
5191
5191
5191
5192
5192
5192
5192
5192
5192
5192
5192
5192
5192
5192
5192
5192
5192
5192
5192
5193
5192
5192
5192
5192
5192
5192
5192
5193
5193
5193
5193
5193
5193
5193
5193
5193
5193
5193
5193
5193
5193
5193
5198
5198
5198
5198
5198
5197
5197
5197
5196
5197
5197
5197
5197
5197
5197
5197
5197
5197
5197
5197
5197
5197
5197
5197
5197
5197
5197
5197
5198
5198
5198
5198
5198
5198
5198
5198
5198
5198
5198
5198
5198
5198
5198
5198
5198
5198
5198
5198
5197
5197
5197
5197
5197
5196
5196
5196
5196
5196
5196
5196
5196
5191
5191
5191
5191
5191
5191
5191
5191
5191
5191
5191
5191
5191
5191
5191
5191
5191
5191
5192
5192
5192
5192
5192
5192
5192
5192
5192
5192
5197
5197
5192
5192
5192
5192
5192
5192
5192
5192
5192
5191
5191
5191
5191
5191
5191
5191
5191
5191
5191
5196
5196
5196
5196
5196
5197
5197
5197
5197
5197
5197
5198
5198
5198
5198
5198
5198
5198
5198
5198
5198
5198
5198
5198
5198
5198
5198
5198
5198
5198
5198
5198
5197
5197
5197
5196
5196
5196
5196
5196
5196
5196
5196
5196
5196
5196
5196
5196
5196
5196
5196
5196
5196
5196
5196
5196
5196
5197
5196
5196
5196
5196
5196
5196
5196
5196
5196
5196
5196
5196
5196
5196
5196
5196
5196
5196
5196
5197
5197
5197
5197
5197
5197
5197
5197
5197
5197
5197
5197
5197
5197
5197
5196
5196
5196
5197
5197
5198
5198
5198
5198
5198
5198
5198
5198
5198
5198
5198
5198
5198
5198
5198
5198
5198
5198
5198
5198
5198
5198
5198
5198
5198
5198
5198
5198
5198
5198
5198
5198
5198
5198
5198
5198
5198
5198
5198
5198
5198
5198
5198
5198
5198
5198
5198
5198
5198
5198
5198
5198
5198
5198
5198
5198
5193
5193
5193
5193
5193
5192
5192
5192
5193
5193
5193
5193
5193
5193
5193
5193
5193
5193
5193
5193
5193
5193
5193
5193
5193
5193
5198
5198
5198
5198
5198
5198
5198
5198
5197
5197
5197
5197
5197
5197
5197
5198
5198
5198
5198
5198
5197
5197
5197
5197
5197
5197
5197
5198
5198
5198
5198
5198
5198
5198
5198
5198
5198
5198
5198
5198
5198
5198
5198
5198
5198
5197
5197
5197
5197
5197
5197
5197
5197
5197
5197
5197
5197
5197
5196
5196
5196
5196
5196
5196
5196
5196
5196
5196
5196
5196
5196
5196
5196
5196
5196
5196
5196
5196
5196
5197
5197
5197
5197
5197
5197
5197
5197
5197
5197
5197
5197
5197
5197
5197
5197
5197
5197
5197
5197
5197
5197
5197
5197
5197
5197
5197
5197
5197
5197
5197
5197
5197
5197
5197
5196
5196
5196
5196
5196
5196
5196
5196
5196
5196
5196
5196
5196
5196
5196
5197
5197
5198
5197
5197
5197
5197
5198
5198
5198
5197
5197
5197
5197
5197
5197
5197
5197
5197
5197
5197
5197
5198
5198
5198
5198
5197
5196
5196
5197
5197
5197
5197
5198
5198
5198
5198
5198
5198
5198
5198
5198
5198
5198
5198
5198
5197
5197
5197
5198
5198
5198
5198
5198
5198
5198
5197
5197
5197
5197
5197
5198
5197
5197
5197
5197
5197
5196
5196
5196
5196
5196
5196
5196
5196
5196
5196
5196
5197
5197
5197
5197
5197
5197
5197
5197
5197
5197
5197
5197
5197
5197
5197
5197
5197
5197
5198
5198
5198
5198
5198
5198
5198
5198
5198
5198
5198
5198
5198
5198
5198
5198
5198
5198
5198
5198
5198
5198
5198
5198
5198
5198
5198
5198
5198
5198
5198
5198
5198
5198
5198
5198
5198
5198
5198
5198
5198
5198
5198
5198
5198
5198
5198
5198
5198
5197
5198
5197
5197
5197
5197
5197
5197
5197
5197
5197
5197
5197
5197
5197
5197
5197
5197
5197
5197
5197
5197
5197
5197
5197
5197
5197
5197
5198
5198
5198
5198
5198
5198
5198
5198
5198
5198
5198
5198
5198
5198
5198
5198
5198
5198
5198
5198
5198
5198
5198
5198
5198
5198
5198
5198
5198
5198
5198
5198
5198
5198
5198
5198
5198
5198
5198
5198
5198
5198
5198
5198
5198
5198
5198
5198
5198
5198
5198
5198
5198
5198
5198
5198
5198
5197
5197
5197
5197
5197
5197
5197
5197
5197
5197
5197
5198
5198
5197
5197
5197
5197
5197
5197
5197
5198
5198
5198
5197
5197
5196
5196
5196
5196
5196
5196
5196
5196
5196
5196
5196
5196
5196
5196
5196
5197
5197
5197
5197
5197
5197
5197
5197
5197
5197
5197
5197
5196
5196
5196
5196
5196
5196
5196
5197
5197
5197
5197
5197
5197
5197
5197
5197
5197
5197
5197
5197
5197
5197
5198
5197
5197
5197
5197
5197
5197
5197
5197
5197
5197
5197
5197
5197
5197
5197
5197
5197
5197
5197
5197
5197
5197
5197
5197
5197
5197
5197
5197
5197
5198
5197
5197
5197
5197
5197
5197
5197
5197
5197
5197
5197
5197
5197
5197
5197
5197
5197
5197
5197
5197
5197
5197
5197
5197
5197
5197
5197
5197
5197
5196
5196
5196
5196
5196
5196
5196
5196
5196
5196
5197
5197
5197
5197
5197
5197
5197
5197
5197
5197
5197
5197
5197
5197
5197
5198
5198
5198
5198
5198
5198
5198
5198
5198
5198
5198
5198
5198
5198
5198
5198
5198
5198
5197
5197
5197
5197
5197
5197
5197
5197
5197
5197
5198
5198
5198
5198
5198
5198
5198
5198
5198
5198
5198
5198
5198
5198
5198
5197
5197
5197
5197
5197
5197
5197
5197
5197
5197
5197
5197
5197
5197
5197
5196
5196
5196
5196
5196
5196
5196
5196
5196
5196
5196
5197
5197
5197
5197
5197
5197
5197
5197
5197
5197
5197
5198
5198
5198
5198
5198
5198
5198
5198
5198
5198
5198
5198
5197
5197
5196
5196
5196
5196
5196
5196
5196
5196
5196
5196
5197
5197
5197
5197
5197
5197
5198
5198
5198
5198
5197
5197
5197
5197
5197
5197
5197
5197
5197
5197
5197
5197
5197
5197
5197
5197
5197
5197
5198
5198
5198
5198
5198
5198
5198
5198
5198
5198
5198
5198
5198
5198
5198
5198
5198
5198
5198
5198
5198
5198
5198
5198
5198
5198
5198
5198
5198
5198
5198
5198
5198
5198
5198
5198
5198
5198
5197
5198
5198
5198
5198
5198
5198
5198
5198
5198
5198
5198
5198
5198
5198
5198
5198
5197
5197
5197
5197
5197
5197
5197
5197
5196
5196
5196
5196
5196
5196
5196
5196
5196
5196
5196
5196
5196
5196
5196
5196
5196
5196
5196
5196
5196
5196
5196
5196
5196
5196
5196
5196
5196
5197
5197
5197
5197
5197
5197
5197
5197
5197
5197
5196
5196
5196
5196
5196
5196
5196
5196
5196
5196
5196
5196
5196
5197
5197
5197
5197
5198
5198
5198
5197
5197
5197
5197
5197
5197
5197
5197
5197
5197
5196
5196
5196
5196
5196
5196
5196
5196
5196
5196
5196
5196
5197
5198
5198
5198
5198
5198
5198
5198
5198
5198
5198
5198
5198
5197
5197
5197
5197
5197
5197
5197
5197
5197
5197
5197
5197
5197
5197
5197
5196
5196
5196
5196
5196
5196
5197
5197
5197
5197
5197
5197
5197
5197
5197
5197
5197
5197
5197
5197
5197
5197
5197
5197
5197
5197
5197
5197
5197
5197
5197
5197
5197
5197
5197
5197
5197
5197
5197
5197
5197
5197
5197
5197
5197
5197
5197
5197
5197
5197
5197
5197
5197
5198
5198
5198
5198
5198
5198
5198
5198
5198
5198
5198
5197
5197
5197
5197
5198
5198
5198
5198
5198
5198
5198
5198
5198
5198
5198
5198
5198
5198
5198
5198
5198
5198
5198
5198
5198
5198
5198
5198
5198
5198
5198
5198
5198
5198
5198
5198
5198
5198
5197
5197
5197
5196
5196
5196
5196
5196
5196
5196
5196
5196
5196
5196
5197
5197
5197
5197
5198
5198
5198
5198
5198
5198
5198
5198
5198
5198
5198
5198
5198
5198
5198
5198
5198
5198
5198
5198
5197
5197
5197
5197
5197
5197
5197
5198
5198
5198
5198
5198
5198
5198
5198
5198
5198
5198
5198
5198
5198
5198
5198
5198
5198
5198
5198
5198
5198
5198
5198
5198
5198
5198
5198
5198
5197
5197
5197
5197
5197
5197
5197
5198
5198
5198
5198
5197
5197
5197
5197
5197
5197
5197
5197
5197
5197
5197
5197
5197
5197
5197
5197
5197
5197
5197
5197
5197
5197
5197
5197
5197
5197
5197
5197
5197
5197
5197
5197
5197
5197
5197
5197
5197
5198
5198
5198
5198
5198
5198
5198
5198
5198
5198
5198
5198
5198
5198
5198
5198
5198
5198
5198
5198
5198
5198
5198
5198
5198
5198
5198
5198
5198
5198
5198
5198
5198
5198
5197
5197
5197
5197
5197
5197
5197
5197
5197
5197
5197
5197
5197
5197
5197
5197
5197
5197
5197
5197
5198
5198
5197
5197
5197
5197
5197
5197
5197
5197
5197
5197
5197
5197
5197
5197
5197
5197
5197
5197
5197
5197
5197
5197
5197
5197
5197
5197
5197
5197
5197
5197
5197
5197
5197
5197
5197
5197
5197
5197
5197
5197
5197
5197
5197
5197
5197
5197
5197
5197
5197
5197
5197
5197
5197
5197
5197
5197
5197
5197
5197
5197
5197
5197
5198
5198
5198
5198
5198
5198
5198
5198
5198
5198
5198
5198
5198
5198
5198
5198
5198
5198
5198
5197
5197
5197
5197
5197
5197
5197
5197
5197
5197
5197
5197
5197
5197
5197
5197
5197
5197
5197
5197
5197
5197
5197
5197
5197
5197
5197
5197
5197
5197
5198
5198
5198
5198
5198
5198
5198
5198
5198
5198
5198
5198
5198
5198
5198
5198
5198
5198
5198
5198
5198
5198
5198
5198
5198
5198
5198
5198
5198
5198
5198
5198
5197
5197
5197
5197
5197
5197
5197
5197
5197
5197
5197
5197
5197
5197
5197
5197
5197
5197
5197
5197
5197
5197
5197
5197
5198
5198
5198
5198
5198
5198
5198
5198
5198
5198
5198
5198
5198
5198
5198
5198
5198
5198
5198
5198
5198
5198
5198
5198
5198
5198
5198
5198
5198
5198
5198
5198
5198
5198
5198
5198
5198
5198
5198
5198
5198
5198
5198
5198
5198
5198
5198
5198
5198
5198
5198
5198
5198
5198
5198
5198
5198
5198
5198
5198
5197
5197
5197
5197
5197
5197
5197
5197
5197
5196
5196
5196
5196
5196
5196
5196
5196
5196
5196
5196
5196
5196
5196
5197
5198
5198
5198
5198
5198
5198
5198
5198
5198
5198
5198
5198
5198
5198
5198
5198
5198
5198
5198
5198
5198
5198
5198
5198
5198
5198
5198
5198
5198
5198
5198
5198
5198
5198
5198
5198
5198
5198
5198
5198
5198
5198
5198
5198
5198
5198
5198
5198
5198
5198
5198
5198
5198
5198
5198
5198
5198
5198
5198
5198
5198
5198
5198
5198
5198
5198
5198
5198
5198
5197
5197
5197
5197
5197
5197
5197
5197
5197
5197
5197
5197
5197
5197
5197
5197
5197
5197
5197
5197
5197
5197
5197
5197
5197
5197
5197
5197
5197
5197
5197
5197
5198
5198
5198
5198
5198
5198
5198
5198
5198
5198
5198
5198
5198
5198
5198
5198
5198
5198
5198
5198
5198
5198
5198
5198
5198
5198
5198
5198
5198
5198
5198
5198
5198
5198
5198
5198
5198
5198
5198
5198
5198
5198
5198
5198
5198
5198
5198
5198
5198
5198
5198
5198
5198
5197
5197
5197
5198
5198
5198
5198
5198
5198
5198
5198
5198
5198
5198
5198
5198
5198
5198
5198
5198
5198
5198
5198
5198
5198
5198
5198
5198
5198
5198
5198
5198
5198
5198
5198
5198
5198
5198
5198
5198
5198
5198
5198
5198
5198
5198
5198
5198
5198
5198
5198
5198
5198
5198
5198
5198
5198
5198
5198
5198
5198
5198
5198
5198
5198
5198
5198
5198
5198
5198
5198
5198
5198
5198
5198
5198
5198
5198
5198
5198
5198
5198
5198
5198
5198
5198
5198
5198
5198
5198
5198
5197
5197
5197
5197
5198
5198
5198
5198
5198
5198
5198
5198
5198
5198
5198
5198
5198
5198
5198
5198
5198
5198
5198
5198
5198
5198
5198
5198
5198
5197
5197
5197
5198
5198
5198
5198
5198
5198
5198
5198
5198
5198
5198
5198
5198
5198
5198
5198
5197
5197
5197
5197
5197
5197
5197
5197
5197
5196
5196
5196
5197
5197
5197
5197
5197
5197
5197
5197
5197
5197
5197
5197
5197
5197
5197
5197
5197
5197
5197
5197
5197
5197
5197
5196
5196
5196
5196
5196
5196
5196
5196
5196
5196
5196
5196
5197
5197
5197
5197
5197
5197
5197
5197
5197
5197
5197
5197
5197
5197
5197
5197
5197
5197
5197
5197
5197
5197
5197
5197
5197
5197
5197
5197
5197
5197
5197
5197
5197
5197
5197
5197
5197
5197
5197
5197
5197
5197
5197
5197
5197
5197
5197
5197
5197
5197
5197
5197
5197
5197
5198
5198
5198
5198
5198
5198
5198
5198
5198
5198
5198
5198
5198
5198
5198
5198
5198
5198
5198
5198
5198
5198
5198
5198
5198
5198
5198
5198
5198
5198
5198
5198
5198
5198
5198
5198
5198
5198
5198
5198
5198
5198
5198
5198
5198
5198
5198
5198
5198
5198
5198
5198
5198
5198
5198
5198
5198
5198
5198
5198
5198
5198
5198
5198
5198
5198
5198
5198
5198
5198
5198
5198
5198
5198
5198
5198
5198
5198
5198
5198
5198
5198
5198
5198
5198
5198
5198
5198
5198
5198
5198
5198
5198
5198
5198
5198
5198
5198
5198
5198
5198
5198
5198
5198
5198
5198
5198
5198
5198
5198
5198
5198
5198
5198
5198
5198
5198
5198
5198
5198
5198
5198
5198
5198
5198
5198
5198
5198
5198
5198
5198
5198
5198
5198
5198
5198
5198
5198
5198
5197
5197
5197
5197
5197
5197
5197
5197
5197
5197
5197
5197
5197
5197
5197
5198
5198
5198
5198
5198
5198
5198
5198
5198
5198
5198
5198
5198
5198
5198
5198
5198
5198
5198
5198
5198
5198
5198
5198
5198
5198
5198
5198
5198
5198
5198
5198
5198
5198
5198
5198
5198
5198
5198
5198
5198
5198
5198
5198
5198
5198
5198
5198
5198
5198
5198
5198
5198
5198
5197
5197
5197
5197
5197
5197
5197
5197
5197
5197
5197
5197
5197
5197
5197
5197
5197
5197
5197
5197
5197
5197
5197
5197
5197
5197
5197
5197
5197
5197
5197
5197
5197
5197
5197
5197
5197
5197
5197
5197
5197
5197
5197
5197
5197
5197
5197
5197
5197
5197
5198
5198
5198
5198
5198
5198
5198
5198
5198
5198
5198
5198
5198
5198
5198
5198
5198
5198
5198
5198
5198
5198
5198
5198
5198
5198
5198
5198
5198
5198
5198
5198
5198
5198
5198
5198
5198
5198
5198
5198
5198
5198
5198
5198
5198
5198
5198
5198
5198
5198
5198
5198
5198
5198
5198
5198
5198
5198
5198
5198
5198
5198
5198
5198
5198
5198
5198
5198
5198
5198
5198
5198
5198
5198
5198
5198
5198
5198
5198
5198
5198
5198
5198
5198
5198
5198
5198
5198
5198
5198
5198
5198
5198
5198
5198
5198
5198
5198
5198
5198
5198
5198
5198
5198
5198
5198
5198
5198
5198
5198
5198
5198
5198
5198
5198
5198
5198
5198
5198
5198
5198
5198
5198
5198
5198
5198
5198
5198
5198
5198
5198
5198
5198
5198
5198
5198
5198
5198
5198
5198
5198
5198
5198
5198
5198
5198
5198
5198
5198
5198
5198
5198
5198
5198
5198
5198
5198
5198
5198
5198
5198
5198
5198
5198
5198
5198
5198
5198
5198
5198
5198
5198
5198
5198
5198
5198
5198
5198
5198
5198
5198
5198
5198
5198
5198
5198
5198
5198
5198
5198
5198
5198
5198
5198
5198
5198
5198
5198
5198
5198
5198
5198
5198
5198
5198
5198
5198
5198
5198
5198
5198
5198
5198
5198
5198
5198
5198
5198
5198
5198
5198
5198
5198
5198
5198
5198
5197
5197
5197
5197
5197
5197
5197
5197
5197
5197
5197
5197
5197
5197
5197
5197
5197
5197
5197
5197
5197
5197
5197
5197
5197
5197
5197
5197
5197
5197
5197
5198
5198
5198
5198
5198
5198
5198
5198
5198
5198
5198
5198
5198
5198
5198
5198
5198
5198
5198
5198
5198
5198
5198
5198
5198
5198
5198
5198
5198
5198
5198
5198
5198
5198
5198
5198
5198
5198
5198
5198
5198
5198
5198
5198
5198
5198
5198
5198
5198
5198
5198
5198
5198
5198
5198
5198
5198
5198
5198
5198
5198
5198
5198
5198
5198
5198
5198
5198
5198
5198
5198
5198
5198
5198
5198
5198
5198
5198
5198
5198
5198
5198
5198
5198
5198
5198
5198
5198
5198
5198
5198
5198
5198
5198
5198
5198
5198
5198
5198
5198
5198
5198
5198
5198
5198
5198
5198
5198
5198
5198
5198
5198
5198
5198
5198
5198
5198
5198
5198
5198
5198
5198
5198
5198
5198
5198
5198
5198
5198
5198
5198
5198
5198
5198
5198
5198
5198
5198
5198
5198
5198
5198
5198
5198
5198
5198
5198
5198
5198
5198
5198
5198
5198
5198
5198
5198
5198
5198
5198
5198
5198
5198
5198
5198
5198
5198
5198
5198
5198
5198
5198
5198
5198
5198
5198
5198
5198
5198
5198
5198
5198
5198
5198
5198
5198
5198
5198
5198
5198
5198
5198
5198
5198
5198
5198
5198
5198
5198
5198
5198
5198
5198
5198
5198
5198
5198
5198
5198
5198
5197
5197
5197
5197
5197
5197
5197
5198
5198
5198
5198
5198
5198
5198
5198
5198
5198
5198
5198
5198
5198
5198
5198
5198
5198
5197
5197
5197
5197
5197
5197
5197
5197
5197
5197
5197
5197
5197
5197
5197
5197
5197
5197
5197
5197
5197
5197
5197
5197
5197
5197
5197
5197
5197
5197
5197
5197
5197
5197
5197
5197
5197
5197
5197
5197
5197
5197
5197
5197
5198
5198
5198
5198
5198
5198
5198
5198
5198
5198
5198
5198
5198
5198
5198
5198
5198
5198
5198
5198
5198
5198
5198
5198
5198
5198
5198
5198
5198
5198
5198
5198
5198
5198
5198
5198
5198
5198
5198
5198
5198
5198
5198
5198
5198
5198
5198
5198
5198
5198
5198
5198
5198
5198
5198
5198
5198
5198
5198
5198
5198
5198
5198
5198
5198
5198
5198
5198
5198
5198
5198
5198
5198
5198
5198
5198
5198
5198
5198
5198
5198
5198
5198
5198
5198
5198
5198
5198
5198
5198
5198
5198
5198
5198
5198
5198
5198
5198
5198
5198
5198
5198
5198
5198
5198
5198
5198
5198
5198
5198
5198
5198
5198
5198
5198
5198
5198
5198
5198
5198
5198
5198
5198
5198
5198
5198
5198
5198
5198
5198
5198
5198
5198
5198
5198
5198
5198
5198
5198
5198
5198
5198
5198
5198
5198
5198
5198
5198
5198
5198
5198
5198
5198
5198
5198
5198
5198
5198
5198
5198
5198
5198
5198
5198
5198
5198
5198
5198
5198
5198
5198
5198
5198
5198
5198
5198
5198
5198
5198
5198
5198
5198
5198
5198
5198
5198
5198
5198
5198
5198
5198
5198
5198
5198
5198
5198
5198
5198
5198
5198
5198
5198
5198
5198
5198
5198
5198
5198
5198
5198
5198
5198
5198
5198
5198
5198
5198
5198
5198
5198
5198
5198
5198
5198
5198
5198
5198
5198
5198
5198
5198
5198
5198
5198
5198
5198
5198
5198
5198
5198
5198
5198
5198
5198
5198
5198
5198
5198
5198
5198
5198
5198
5198
5198
5198
5198
5198
5198
5198
5198
5198
5198
5198
5198
5198
5198
5198
5198
5198
5198
5198
5198
5198
5198
5198
5198
5198
5198
5198
5198
5198
5198
5198
5198
5198
5198
5198
5198
5198
5198
5198
5198
5198
5198
5198
5198
5198
5198
5198
5198
5198
5198
5198
5198
5198
5198
5198
5198
5198
5198
5198
5198
5198
5198
5198
5198
5198
5198
5198
5198
5198
