1704
1708
1837
2118
2118
2119
2280
2281
2120
2116
2115
2116
2148
2152
2357
2356
2169
2356
2355
2168
1939
1645
1806
1807
1807
1807
1807
1806
1645
1697
1888
2049
2236
2237
2238
2237
2238
2467
2463
2467
2338
2474
2473
2296
2473
2473
2474
2193
2032
2033
2032
2031
2325
1997
1996
1860
1566
1566
1727
1536
1864
2158
1929
2065
2066
1905
1873
2035
2164
2355
2354
2635
2583
2406
2402
2266
2495
2333
2333
2495
2167
2168
2329
2657
2528
2337
2108
2108
1947
1948
1980
2109
2109
2077
1796
1932
2213
2265
2104
1776
1780
1971
1970
1689
1637
1918
1919
1919
2096
2325
2357
2356
2220
2221
2220
2029
1842
2003
1709
1710
1481
1617
1669
1665
1488
1456
1633
1794
1617
1617
1621
1460
1651
1460
1689
1690
1851
2038
1902
1773
1612
1611
1607
1606
1607
1768
1945
1768
1581
1768
1904
2033
1828
2033
2224
2037
2365
2229
2038
2229
2261
2032
2209
2209
2157
2156
2160
1955
1951
1951
2003
1971
2158
1997
1868
1706
1911
1583
1583
1392
1111
950
1244
1276
1277
1558
1562
1558
1353
1353
1059
731
1025
1216
1184
997
703
651
650
978
1183
1312
1474
1474
1193
1354
1635
1634
1306
1306
1144
1015
1176
1208
1536
1537
1256
1224
1353
1515
1516
1548
1548
1829
1638
1638
1477
1476
1667
1896
1897
2058
2057
1880
1881
1880
2208
1880
2057
2351
2679
2488
2540
2379
2347
2066
2066
2098
1937
1937
1937
2098
1936
1940
1939
1778
1774
1961
1756
1757
1463
1464
1464
1463
1654
1622
1783
1731
1602
1603
1897
1896
1719
1771
2052
1861
1861
1990
2022
2227
2226
2227
2404
2227
2231
2231
2102
2103
2102
1774
1775
1952
1791
1614
1286
1285
1286
1448
1584
1448
1639
1800
1609
1608
1737
1736
1736
1872
1643
1456
1457
1457
1296
1167
1396
1364
1555
1883
1883
1879
1717
2045
1840
1841
1873
2035
2039
1848
1619
1619
1483
1644
1873
1545
1873
1821
1659
1658
1820
1658
1658
1657
1658
1819
1787
1786
1991
2120
2121
2283
2284
2284
2283
2315
2086
2082
2081
2217
2221
2189
2185
2185
2217
2404
2268
2497
2203
2255
2432
2203
2041
1912
1735
1407
1407
1569
1408
1408
1247
1424
1560
1561
1561
1374
1503
1341
1570
1365
1556
1560
1854
1854
1853
1801
1802
1611
1382
1569
1570
1570
1570
1732
1731
1699
1860
1859
1891
2096
1815
2006
2007
2003
1841
1809
1810
1809
1971
2132
1996
1834
2063
2063
1934
1773
1568
1339
1011
1240
1053
876
1081
1258
1257
1257
1585
1394
1426
1427
1589
1360
1496
1548
1371
1699
1647
1511
1640
1827
1622
1799
1799
1990
2195
2356
2195
1867
2195
2195
2195
2356
2028
2309
2313
2449
2320
2316
2317
2317
2316
2317
2156
1875
1713
2041
2045
2046
2207
2206
2206
1878
2206
2435
2436
2436
2435
2431
2435
2107
2236
2564
2564
2236
2236
2517
2679
2731
2570
2289
2289
2285
1957
1821
1982
1821
1769
1905
2066
2067
2035
1874
1687
1686
1495
1823
2010
2009
1804
1805
1805
1477
1478
1482
1321
1320
1648
1680
1680
1648
1648
1647
1648
1700
1861
1533
1533
1724
2052
1865
2052
1875
1713
2041
2040
2039
2039
1852
2013
1685
1357
1221
1357
1638
1586
1586
1638
1634
1796
1797
1636
1637
1637
1508
1669
1874
1713
1842
1637
1501
1500
1636
1636
1636
1475
1423
1422
1423
1427
1428
1427
1236
1397
1558
1422
1613
1790
1926
1645
1832
2160
2024
2056
2192
2192
2063
1769
1737
1738
1738
1509
1638
1310
1604
1604
1656
1656
1469
1674
1955
2142
2371
2370
2234
2234
2235
2073
2105
2267
2595
2434
2247
2042
2370
2369
2240
2241
2370
2531
2302
2301
1973
1973
2160
1999
1999
1837
1838
1557
1786
1557
1263
1399
1727
1566
1567
1566
1514
1719
1718
1582
1405
1406
1568
1568
1240
1239
1375
1427
1426
1426
1426
1720
1591
1455
1456
1457
1456
1585
1257
1393
1389
1388
1094
1375
1379
1540
1404
1404
1565
1561
1855
1823
1542
1543
1543
1543
1381
1381
1517
1312
1313
1641
1818
2146
2145
1984
2189
2351
2215
2376
2376
2215
2038
1833
1833
1704
1933
1965
1966
1970
1969
2146
1984
1985
2190
2189
2012
2141
2422
2235
1941
1942
1938
1937
2073
2072
1936
1936
2098
1969
1641
1969
1969
1969
1937
2124
2285
2004
2005
2037
1832
1961
1961
1960
1928
1928
1929
1930
1931
1740
1553
1847
2052
1891
1597
1596
1596
1773
1773
1909
1909
1909
1581
1420
1419
1713
1419
1610
1611
1406
1078
887
751
938
751
622
783
974
1110
1438
1625
1830
1959
1768
1716
1511
1511
1511
1702
1374
1145
1306
1119
1119
942
1270
1141
1469
1501
1553
1782
1786
1734
1573
1854
1853
2030
2031
1840
1678
1730
1859
1630
1630
1924
1795
2024
1847
1795
1972
1971
1677
1516
1188
1188
1379
1540
1669
1669
1721
1689
1408
1736
1737
1898
1898
2179
2366
2362
2394
2258
2071
2070
1941
1909
1913
2042
1881
1690
1722
1858
2045
2041
1713
1717
1436
1437
1109
948
1139
1300
1296
1501
1829
2110
2111
2405
2214
2037
1832
1832
1551
1713
1712
1716
1717
1717
1389
1095
1376
1376
1581
1577
1348
1296
1457
1648
1825
1648
1512
1351
1580
1579
1873
1579
1873
1872
1871
1872
2200
2071
1866
1865
1636
1474
1146
1275
1437
1489
1817
1785
1786
1734
1895
1733
1910
1911
1963
1911
1782
1782
1834
1835
1964
1963
1776
1780
1499
1500
1500
1499
1338
1334
1539
1820
1819
2147
2146
2308
1980
2141
1950
1773
1774
1480
1808
1527
1531
1531
1563
1511
1511
1306
1511
1647
1876
1876
2157
2348
2143
2143
1952
1624
1801
1988
1956
2008
2336
2008
1847
2052
1865
1736
1865
2026
2217
2056
2088
1952
1952
2113
2061
2061
1733
1869
1740
1740
1549
1388
1388
1183
1006
1058
1006
844
843
1004
868
1196
1401
1453
1747
1743
1449
1450
1451
1613
1613
1749
2077
1872
2063
2240
2240
2063
2240
2104
1875
2011
1979
2273
2082
2081
2080
1752
1943
1944
1945
1754
1941
1780
1941
1941
1941
1945
1946
1978
1977
1815
1977
1800
1800
1796
1796
1468
1281
1468
1468
1645
1646
1645
1468
1307
1307
1255
1446
1284
1461
1666
1795
1794
1795
1796
1800
1613
1436
1764
1763
1924
1892
1756
1756
1565
1701
1702
1702
2030
1894
1894
1613
1612
1451
1452
1733
1732
1919
1951
1950
1950
1763
1602
1602
1473
1664
1664
1664
1632
1761
1948
1948
1620
1339
1620
1849
1620
1782
1454
1454
1267
1403
1404
1591
1919
1714
1420
1233
1097
906
1234
1395
1394
1599
1828
1828
1828
1666
1802
1801
1978
2140
1911
2205
1877
1873
1696
1697
1416
1088
1416
1255
1256
1257
1418
1470
1309
1309
1538
1725
1916
2077
2081
2081
1952
2129
2129
1968
2249
2248
2061
1925
1873
1869
1921
1759
1568
1896
1897
2033
2162
2162
2194
2355
2516
2516
2484
2279
2441
2441
2279
1985
2017
2021
1989
1661
1660
1661
1660
1692
1640
1827
1827
1650
1649
1420
1649
1840
1839
1891
1892
1891
1610
1610
1481
1481
1481
1481
1481
1481
1775
1447
1775
1776
1938
1610
1938
1776
1776
1772
1478
1640
1479
1318
1286
1290
1291
1104
1265
1442
1114
1062
901
739
739
1020
1052
1213
1400
1171
1499
1467
1467
1795
1467
1672
1834
1830
2124
2156
1994
1994
2156
1994
1998
1997
2126
1921
1922
1922
2250
2412
2412
2283
2412
2250
2412
2250
2250
2218
2089
2085
2089
1898
2127
2318
1990
1709
1761
1923
1871
2076
2357
2356
2169
2221
2408
2407
2403
2122
1917
1730
1730
1402
1434
1621
1949
1655
1623
1295
1623
1828
1666
1698
1699
1512
1351
1352
1356
1356
1517
1485
1484
1480
1512
1513
1642
1513
1675
1446
1675
1623
1622
1622
1590
1590
1622
1622
1809
1938
1939
1734
1895
2176
2176
2014
1823
1646
1647
1651
1370
1241
1432
1428
1396
1573
1605
1604
1605
1605
1810
1814
1627
1814
1976
2270
2399
2680
2676
2395
2218
2395
2190
1999
2280
2608
2608
2660
2473
2441
2312
2344
2531
2531
2370
2208
2208
2212
2212
2211
1982
1688
1684
1683
1977
1925
1929
1635
1634
1447
1634
1635
1603
1467
1499
1322
1161
1390
1391
1685
1498
1497
1203
1380
1052
1052
1051
1051
1212
1399
1399
1399
1451
1745
1693
1464
1693
1661
1822
1661
1693
1689
1502
1325
1530
1721
1898
2226
2065
1888
1607
1784
1788
1460
1461
1462
1462
1233
1233
1028
734
896
892
1028
1356
1517
1646
1940
1763
1627
1626
1627
1436
1436
1437
1437
1614
1750
1911
2116
2116
1911
2098
2303
2126
2125
2302
2583
2774
2774
2775
2588
2427
2099
2098
2150
2311
2259
2098
2102
2331
2154
2122
2122
2122
2121
2173
2173
1944
1739
1548
1547
1738
1943
1944
1783
1944
1815
1811
1759
1759
1763
1558
1396
1625
1677
1838
2025
2154
2018
2019
2019
2020
2156
2361
2067
2066
2066
2062
2094
2094
2271
2135
2083
1854
1906
1701
1700
1700
1704
2032
1751
1752
1751
1956
1795
1791
1662
1610
1449
1449
1448
1271
1552
1552
1553
1554
1683
1977
2154
2154
2316
1988
1694
1923
2217
2088
2089
2250
2059
1765
1437
1765
1765
1764
1900
1572
1572
1576
1575
1543
1366
1495
1495
1495
1366
1367
1367
1366
1418
1746
1585
1714
1386
1224
1095
1094
1223
1255
1251
1251
1412
1706
1707
2035
2035
1848
1849
1555
1732
1527
1527
1527
1688
1656
1527
1531
1479
1475
1474
1636
1637
1638
1825
1825
2119
2151
1922
1786
1625
1624
1330
1298
1111
949
788
788
787
948
1153
1154
1153
1157
1293
1455
1684
1356
1075
1075
1356
1356
1388
1389
1576
1705
1701
2029
2323
2322
2161
2161
1974
1693
1884
1679
1866
2027
1850
1522
1523
1851
1851
1903
2108
2108
2109
2270
2447
2447
2728
2728
2727
2566
2570
2566
2570
2276
1948
1743
1948
2276
2071
2071
2070
2070
1909
1910
1629
1629
1629
1628
1629
1957
1629
1910
2238
2399
2693
2506
2315
2315
2314
2153
2152
2152
1858
1858
1858
2049
1913
2049
2050
2049
1721
1926
1927
1926
1926
1797
2091
2220
2221
2092
2092
2093
2222
2170
2008
1879
2040
2041
1747
1934
1933
1772
1772
1595
1647
1418
1419
1648
1648
1777
1586
1777
2071
2232
2045
2222
2222
2170
2169
2330
2049
2101
2288
2287
2058
2339
2287
2255
1927
1926
2254
2255
2287
2288
2256
2255
2094
2090
2252
1924
1630
1443
1238
1242
1242
1242
1242
1242
1471
1503
1502
1325
1164
1164
1160
1024
743
744
744
615
943
1224
1401
1401
1210
1262
1467
1238
1238
1239
1187
1187
1323
1452
1456
1175
1013
1200
1494
1494
1685
1480
1709
1761
1922
2250
2089
1953
2158
2157
2319
2025
2306
2467
2290
2290
2128
2290
2286
2580
2716
2587
2748
2587
2748
2749
2749
2750
2422
2422
2421
2140
2140
2140
2317
2317
2181
2020
2020
2024
2352
2300
2461
2460
2428
2564
2596
2597
2410
2410
2205
2069
2350
2349
2554
2393
2216
2393
2188
1860
1828
1964
1964
2093
2093
2421
2244
2405
2437
2143
2142
2142
2329
2325
2163
2457
2509
2477
2478
2479
2641
2505
2505
2318
2157
2158
2162
2339
2210
2033
2238
2077
1886
1886
1834
2025
2025
1697
1826
1825
1596
1596
1825
1826
1545
1722
1493
1722
1722
1754
1753
1562
1562
1530
1811
1517
1236
1427
1423
1424
1423
1559
1560
1424
1096
934
757
628
757
918
1054
1106
1105
1386
1547
1356
1684
1523
1700
1648
1419
1419
1420
1243
1114
1408
1537
1699
1876
1875
1927
1722
1951
1815
1815
1814
1585
1586
1747
1938
1938
1657
1657
1689
1395
1582
1550
1554
1759
1759
2040
2072
1910
1723
1546
1385
1385
1194
1522
1816
1817
1489
1666
1665
1666
1857
1529
1691
1690
1689
1657
1658
1654
1449
1585
1913
2074
1945
2132
2164
2492
2697
2826
2826
2639
2868
2574
2522
2241
2079
2047
2209
2209
2208
2208
2079
2079
1888
1889
1893
2174
2170
1889
1728
1727
1591
1595
1596
1648
1839
1662
1334
1333
1462
1458
1786
1786
1734
1406
1406
1700
1732
1731
1892
2173
2044
2231
2283
2122
1961
1756
1917
1755
1723
1562
1723
1723
1395
1395
1396
1558
1559
1372
1181
1358
1487
1435
1467
1238
1242
1242
1081
1409
1409
1247
1409
1600
1600
1568
1704
1865
1865
2193
2245
2193
2192
2030
2030
2191
2191
2187
2187
2186
2391
2443
2252
1924
1872
1872
1872
1667
1896
1896
1896
1568
1569
1433
1433
1761
2089
1928
2064
2116
1980
1984
1985
1984
2189
2351
2023
2214
2052
2380
2219
2219
2215
2215
1986
2147
1819
1491
1286
1614
1776
1724
1885
1917
1921
1921
2150
1989
1827
1826
2031
2031
2032
2219
2380
2348
2349
2511
2324
2323
2162
2033
2065
2117
1940
2127
2288
2289
2289
2288
2288
2288
2083
2411
2411
2412
2221
2222
2221
2189
2325
2324
1996
1860
2037
2166
2357
2170
2041
1880
1552
1500
1552
1323
1459
1458
1164
1164
1164
1165
1370
1557
1366
1366
1557
1557
1553
1714
1509
1332
1660
1660
1661
1661
1838
1870
1869
1869
1708
1708
1547
1547
1841
1840
1844
1844
1845
1846
1845
1517
1355
1356
1355
1484
1484
1812
1811
2016
1829
1990
2177
1972
1972
1843
2004
1972
2134
2462
2134
2134
2166
2494
2494
2699
2538
2361
2225
2173
2173
1968
1807
1808
1646
1807
2036
2241
2241
2402
2403
2198
2198
2011
2188
1894
1566
1618
1389
1061
1060
899
900
900
901
724
672
672
672
672
849
848
847
846
814
815
1143
1305
1599
1599
1927
2132
1971
1972
2159
2158
1830
1830
1991
1991
1990
2219
2057
2109
2109
1922
1922
1954
1954
1955
2091
2419
2419
2548
2735
2548
2548
2547
2219
2219
1990
1938
1990
1991
2220
2548
2549
2221
2169
2169
1940
1939
1803
1965
1804
1772
1581
1581
1909
1581
1581
1581
1300
1436
1259
1450
1446
1446
1446
1450
1288
1449
1258
1259
1420
1259
1436
1435
1664
1945
1716
1907
1771
1772
1643
1675
1674
1674
1861
1861
1684
1652
1461
1590
1726
1445
1606
1477
1654
1982
2014
2010
2291
2292
2131
2131
2135
2134
1806
1967
1762
1601
1763
1469
1598
1599
1598
1599
1828
2033
1856
1651
1651
1828
1828
1828
1699
1699
1699
1699
1751
1880
1599
1595
1594
1562
1400
1432
1433
1105
1105
1109
1109
1314
1178
1339
1339
1335
1335
1130
1424
1295
1500
1313
1500
1501
1501
1501
1340
1340
1668
1949
2085
2085
2033
1846
2174
2303
2022
2209
2208
2176
2337
2618
2457
2456
2128
2290
2161
2322
2322
2041
1880
1719
1719
1848
1719
1583
1719
1719
1490
1490
1651
1932
1984
1932
2061
1856
2061
2061
1767
1767
1605
1428
1756
1551
1551
1270
942
1147
1376
1538
1537
1538
1542
1719
1720
2048
2100
2048
2239
2077
2073
1912
1735
1767
1944
2105
1918
1727
1566
1618
1617
1585
1380
1380
1381
1381
1586
1585
1879
2066
1738
1900
1904
1905
2066
2257
2095
1908
1908
1904
1908
2095
2096
2095
1904
1610
1433
1272
1433
1594
1458
1457
1489
1651
1945
1913
2090
1762
1762
2090
1913
1914
1727
2055
2003
2180
2019
2180
2371
2423
2261
2261
2132
2413
2413
2412
2548
2387
2574
2574
2280
2075
2075
2023
2055
2349
2120
2120
2281
1953
2182
2021
2021
2022
2021
1885
1698
1834
1835
2022
2022
2022
2022
2183
2511
2511
2512
2717
2716
2715
2715
2579
2388
2211
2210
2339
2178
2049
2211
2211
2211
2207
2343
2343
2343
2343
2343
2343
2114
2114
2114
2114
2114
2291
2292
1964
2093
1932
1933
1901
1901
1901
2062
2062
2061
1925
1764
1900
2061
2389
2389
2390
2394
2394
2258
2419
2242
2419
2419
2258
2419
2419
2258
2258
2257
2448
2154
2025
2154
1826
1665
1337
1498
1497
1825
1826
1665
1826
1826
1826
2120
2281
1953
1953
1766
1767
1903
1767
1819
1819
1658
1658
1845
2006
2142
2174
1893
2221
2221
1893
1893
1841
1547
1875
1746
1798
1637
1637
1637
1766
1438
1437
1436
1437
1385
1385
1224
1276
1276
1089
1417
1416
1412
1412
1413
1741
1741
1413
1251
1251
1545
1826
1827
1827
1826
1827
2014
1885
1749
1750
1912
1725
1725
1886
2073
1792
1601
1601
1762
1766
1957
2186
1981
1981
1687
1687
1635
1307
1307
1307
1601
1806
2134
2102
2102
1940
2069
2068
1939
1611
1643
1643
1466
1261
1397
1397
1602
1883
1851
1851
1851
1557
1885
1884
1697
1698
1875
1875
2203
2365
2084
2085
2085
1924
1976
1648
1486
1485
1614
1485
1280
1574
1413
1361
1361
1393
1394
1675
1837
1660
1628
1466
1466
1465
1652
1652
1829
1990
2151
2183
2235
1941
1805
1801
1800
1799
1799
1638
1800
1800
2005
1814
1637
1638
1586
1715
2043
2043
2043
2044
2044
1915
2044
2048
2047
2047
2047
1886
1886
2047
2043
2234
2235
1907
1678
2006
2058
1929
1929
1767
1928
1876
1715
1714
1875
1684
1684
1684
1684
1913
2042
2042
2010
2009
2009
2009
1880
1880
1881
1720
1856
2033
2037
2166
2166
1937
2231
2230
2230
2459
2621
2622
2674
2675
2707
2707
2675
2675
2513
2377
2377
2172
2171
2333
2469
2501
2340
2341
2340
2178
2049
1755
1751
1423
1236
1423
1423
1717
1922
1922
1923
1629
1628
1819
1614
1582
1711
2039
2039
2200
1872
2200
2013
2045
2339
2500
2500
2501
2706
2529
2393
2188
2393
2393
2397
2397
2397
2345
2017
2016
2016
1722
1561
1561
1855
1527
1714
1715
1892
1892
1687
2015
2343
2062
2061
2057
2109
1948
1948
1819
1820
1820
1820
1981
2110
2110
2109
2109
2245
2054
2055
2055
2246
2451
2732
2541
2541
2545
2493
2199
1918
1590
1781
2062
2061
2061
2061
1832
1833
1832
1832
1832
1828
1880
1881
2043
1914
2242
2065
2064
1903
1698
1859
1858
1862
1991
1663
1664
1958
1797
1635
1448
1609
1609
1610
1610
1771
1739
1411
1573
1411
1250
1251
957
1162
957
766
927
926
1155
1483
1483
1515
1286
1125
1419
1125
1073
1073
1278
1330
1521
1750
1912
1721
1689
1688
1720
2048
2049
1887
2048
2049
2048
1720
2014
1885
1656
1984
2161
1833
1833
1781
1972
1968
1807
1994
2322
2451
2451
2260
2264
2135
1999
1838
1834
1995
1790
1613
1581
1786
1787
1923
1787
1786
1947
1947
1947
1786
1818
1818
1870
1870
1838
1838
1967
1966
1967
2158
2157
2157
2158
2387
2059
2059
2060
1873
1873
1821
1821
1660
1660
1531
1535
1696
1873
2034
2163
2159
1998
2050
2049
1768
1607
1888
1888
2216
2216
1888
2049
2049
2049
1997
2029
2029
2216
2215
2214
2214
2053
1876
1877
1876
2053
2053
2054
2382
2054
2055
2055
2054
1863
2024
2024
2024
2025
2025
2187
2000
2187
2010
2010
1805
1805
2133
2132
2131
2131
2132
1971
1842
2033
1752
1888
1856
1985
1985
1984
2265
2265
2036
2265
2265
2265
2265
2265
2265
2265
2265
2470
2470
2470
2470
2265
2103
2103
2103
2103
1775
1776
1953
1724
2052
1724
1725
1757
1761
1990
2318
2317
1989
2317
2126
1845
1845
1846
1518
1799
1798
1798
1959
1823
1875
1875
1875
1875
1581
1786
1948
1947
1947
1619
1913
1913
1632
1632
1960
1731
2059
2195
2195
2034
2035
2035
1983
2035
2035
2035
2036
2227
1899
1898
2059
1868
1867
1867
2148
2148
2116
2117
2117
2113
2114
2305
2633
2862
2810
2605
2605
2311
1983
1987
1987
1851
1851
1851
1851
1883
2044
1915
1753
2047
2209
2345
2341
2164
2163
2164
2164
2492
2492
2491
2329
2534
2206
2206
2045
2206
2207
2369
2369
2369
2546
2546
2546
2341
2180
2179
2180
1886
1885
1749
1749
1749
1750
1750
1751
1755
1474
1283
1564
1858
1696
1695
1691
1504
1504
1556
1761
1600
1600
1600
1928
1723
1723
1852
2013
2149
2153
2358
2549
2548
2544
2543
2705
2866
3053
2917
3053
3053
2725
2397
2365
2365
2365
2236
2074
2203
2016
2048
2235
2235
2048
1857
1696
1644
1350
1318
1318
1322
1322
1318
1612
1644
1415
1644
1644
1508
1509
1509
1280
1119
1280
1509
1228
1228
1229
1557
1693
1564
1564
1335
1199
1199
1199
1328
1332
1660
1889
1561
1557
1561
1562
1724
1563
1699
1698
1698
1666
1437
1437
1437
1433
1662
1485
1485
1672
1344
1344
1343
1343
1181
1462
1653
1653
1653
1814
1991
1710
1710
1505
1537
1401
1729
1781
2109
1922
1761
1760
1922
1923
1923
1595
1404
1175
1174
1502
1663
1892
1892
2083
2364
2364
2551
2374
2535
2374
2374
2374
2374
2375
2184
2184
1856
2047
2048
1886
2048
2052
2000
1968
2104
2104
2104
2104
2104
2136
1975
1694
1899
1605
1657
1938
1938
1937
1732
1451
1222
1223
1384
1352
1223
1452
1581
1419
1232
1231
1040
1231
1230
1230
1511
1511
1459
1460
1331
1383
1560
1508
1507
1507
1316
1317
1316
1317
1508
1508
1508
1560
1561
1748
1780
1780
1593
1589
1589
1557
1686
1686
1980
1981
1980
2308
2308
1980
2142
1981
1845
1716
1852
1852
1571
1380
1218
1546
1546
1751
1783
1782
1973
1768
1929
1752
1756
1933
2120
2121
2121
2121
2282
2282
1954
2083
2083
2364
2569
2408
2179
2179
2178
2174
2403
2174
1997
1703
1574
1575
1523
1700
1699
1928
1928
1723
1884
1852
2014
2046
2175
2175
2175
1998
1966
2143
2143
2437
2765
2437
2765
2603
2604
2656
2655
2656
2657
2656
2604
2375
2537
2536
2375
2375
2375
2376
2605
2609
2770
2541
2379
2051
1860
1912
1751
1783
1779
1451
1399
1400
1368
1696
1695
1886
1699
1698
1750
1912
1735
1767
1771
1771
1771
1771
1771
1772
1636
1308
1276
1463
1464
1792
2021
1859
1859
1578
1577
1577
1739
1411
1407
1113
984
1278
1606
1887
1835
1836
1840
1839
1871
1590
1918
1918
1756
1755
1755
1427
1632
1632
1628
1909
1680
1809
1809
1945
1944
1945
1651
1460
1461
1623
1623
1627
1804
2132
2131
2425
2424
2424
2424
2096
2096
2096
2097
1892
1715
1892
1891
2052
1890
1729
1781
1781
2010
2010
1833
1834
1995
1701
1373
1372
1577
1578
1740
2068
2068
2362
2362
2068
1939
1803
1751
1470
1470
1751
1751
1423
1424
1423
1751
1752
1591
1919
1732
1733
1571
1732
1784
1913
1912
1908
1876
1876
1875
1874
2061
2252
2252
2091
2091
2092
1764
2092
2254
2255
2026
2030
2207
2206
2206
2015
1687
1525
1687
1558
1559
1591
1414
1362
1330
1168
1462
1458
1458
1635
1639
1639
1635
1771
1771
1771
1635
1341
1635
1458
1649
1810
1939
1611
1450
1778
1777
1776
1777
1778
1778
1573
1382
1543
1382
1518
1331
1493
1497
1702
1703
1703
1932
1932
1931
1702
1702
1863
2050
2102
1821
1820
1659
1660
1837
1676
1677
1677
1838
1709
1548
1548
1580
1861
1580
1908
1908
2137
2137
2136
2265
2261
2099
2099
2260
2099
2067
2228
2227
2227
2227
2259
2450
2450
2449
2397
2449
2449
2449
2449
2244
2108
2108
2389
2390
2551
2390
2551
2519
2467
2280
2280
2280
2280
2312
2312
2499
2467
2672
2485
2485
2356
2357
2544
2339
2391
2423
2423
2552
2423
2095
2423
2628
2757
2476
2299
2299
2299
2299
2435
2383
2383
2383
2154
2154
2155
2436
2436
2300
2529
2248
2300
2248
2247
2424
2586
2585
2423
2262
1934
1934
1933
1742
1746
1747
2075
2266
2266
2266
2265
2265
2426
2562
2563
2615
2479
2288
2450
2273
2044
2044
2180
2180
2051
1864
1993
2180
2176
1989
2176
2047
2048
2047
2276
2276
1948
2139
2139
1948
2125
1948
2139
1934
2262
1968
1806
2087
2216
2216
2421
2598
2369
2208
2502
2174
2174
2122
2126
2125
2093
2093
2093
1812
1651
1652
1653
1652
1652
1652
1461
1461
1133
1133
1134
1135
1416
1416
1415
1238
1399
1431
1431
1295
1457
1648
1367
1206
1015
1206
1383
1544
1543
1543
1772
1773
1773
1772
1581
1582
1421
1259
1258
1539
1539
1535
1406
1567
1567
1895
1895
1614
1409
1409
1600
1568
1600
1729
2057
2218
2270
2270
2270
2406
2406
2406
2229
2391
2229
2230
2043
2043
2011
1717
1665
1664
1668
1539
1591
1796
1796
1591
1263
1591
1623
1432
1431
1712
1917
1918
1919
1690
1919
2096
2096
2096
1935
2096
2096
2097
2096
2258
2097
1868
2097
1868
1868
1868
1707
1868
2055
2184
2152
1990
1990
1829
1624
1624
1296
1295
1589
1917
2078
2078
2078
1942
1648
1680
1676
1677
1677
1681
1681
1680
1842
1842
1842
2071
2072
2072
2040
2040
2039
2039
2244
2243
2404
2540
2540
2259
2130
1925
1764
1765
1894
1707
1898
1897
2191
2396
2397
2397
2236
2031
1979
1979
1850
1659
1820
2101
2153
2314
2314
2315
2153
2282
2146
2145
2144
2145
2145
2141
2141
2173
2173
2364
2332
2333
2333
2172
2176
2338
2057
2005
1828
1828
1964
1964
2016
2016
2015
2192
2193
2474
2506
2370
2318
2156
2318
2479
2151
1990
1990
2126
2126
1897
2126
2125
1989
2150
1989
1989
1989
1860
2021
2021
2017
2017
2017
1855
1859
1859
1988
1989
2317
2369
2088
2369
2369
2370
2370
2089
2251
2250
2250
2089
2370
2366
2370
2369
2369
2369
2369
2365
2174
2122
2122
1794
1795
1982
1983
1951
1950
1821
1950
1789
1994
1995
1995
2156
1875
1714
1713
1874
2202
1908
1731
1731
1731
1730
1730
1891
2082
2083
2084
2083
2083
2083
2377
2376
2408
2247
2247
2528
2705
2841
2513
2284
2148
2149
2148
2148
1867
2195
2195
2196
2195
2424
2423
2246
2298
2434
2435
2612
2616
2429
2135
2134
2134
2428
2100
2381
2382
2177
1849
2177
2178
2178
2178
1850
1818
1850
1849
1849
2177
2176
1895
1843
1844
1812
1651
1932
2093
2254
2306
2145
2332
2196
2197
2197
1869
2030
2030
1749
2077
1916
2052
1861
1632
1861
1862
1861
1861
1674
1879
2207
2488
2488
2649
2840
2611
2612
2612
2611
2420
2420
2126
2122
2121
2069
2260
2055
2242
2242
2536
2536
2375
2094
1800
1852
1852
1856
2061
2061
1925
1925
1738
1533
1533
1694
1726
1955
1903
1726
1725
1534
1586
1425
1393
1570
1566
1727
2021
2022
2209
2213
2036
1807
1806
1806
1983
2174
2175
2123
2175
2175
2176
2381
2380
2381
2220
2219
1925
1924
1924
1596
1596
1435
1435
1436
1437
1437
1598
1436
1384
1436
1572
1568
1516
1329
1138
1329
1124
1156
965
969
1156
1484
1485
1308
1308
1308
1513
1308
1469
1674
1674
1674
1487
1649
1649
1840
1840
1711
1711
1575
1704
1756
1428
1657
1951
1950
1950
1622
1460
1788
1789
1966
1761
2042
1761
1761
1761
1761
1600
1471
1752
1752
1751
1912
1912
1912
2074
2075
1884
1883
1879
2070
2038
2070
2018
2018
2205
2341
2341
2340
2545
2545
2873
2644
2644
2644
2873
2668
2374
2579
2418
2418
2090
2094
2146
1985
2313
2474
2474
2635
2635
2634
2928
2924
2924
2763
2558
2230
2230
2359
2359
2359
2564
2564
2512
2184
2185
1956
2185
2049
2210
2210
2209
2213
2214
2214
2210
2023
2024
2028
1996
1767
1766
2094
2230
2417
2256
2065
1903
2231
2054
2216
2215
2444
2116
2112
2113
1984
1983
1984
2145
1851
2028
2028
2029
2357
2486
2357
2486
2485
2484
2203
2203
2042
2043
2043
1907
1907
2201
2201
2202
2201
2200
2200
2336
2617
2440
2211
2050
2054
1726
1778
1939
1935
1748
1977
2305
2305
2337
2337
2498
2204
2205
2499
2171
2139
2139
2316
2155
2346
2346
2346
2346
2346
2346
2346
2347
2019
2019
2019
1883
2044
2043
1882
2018
2346
2185
2023
2184
2188
2188
2188
2052
1891
2078
2077
2077
2238
2238
2239
2239
2052
2052
2053
2215
2215
2247
2246
2246
2245
2381
2382
2101
2262
2262
2126
2262
2101
2101
2288
2616
2480
2481
2449
2730
2730
2543
2414
2410
2546
2545
2545
2545
2674
2674
2346
2018
2018
2179
2183
2183
1978
1978
1974
2302
2302
2306
2306
2306
2306
2511
2350
2350
2056
2055
1893
1893
1764
1535
1536
1537
1699
1563
1402
1402
1696
1696
1832
1696
1696
1696
1857
1857
1857
1889
2076
2075
2074
2075
2403
2564
2270
2564
2564
2373
2374
2212
2374
2374
2510
2182
2181
2372
2044
2043
2272
2272
2272
2600
2371
2699
2647
2486
2538
2539
2700
2701
2700
2523
2523
2523
2524
2362
2361
2360
2361
2361
2225
2064
2065
2065
2242
2242
2471
2607
2607
2736
2736
2408
2570
2898
2617
2778
2601
2414
2362
2200
2168
2167
2167
2168
1963
1959
2146
2351
2023
2351
2632
2427
2427
2291
2453
2292
2324
2328
2324
2292
2291
2468
2468
2500
2500
2705
2673
2673
2725
2726
2445
2445
2606
2444
2444
2283
2283
2078
1917
2053
2053
2085
2290
2571
2571
2570
2569
2537
2401
2401
2562
2562
2562
2562
2562
2562
2724
2724
2724
2724
2724
2885
3021
3022
3022
2831
2550
2831
2835
2835
2835
2836
2836
2784
2648
2647
2648
2647
2366
2366
2365
2417
2418
2257
1929
2090
2089
2089
2085
2085
2085
2085
1908
1908
2044
1857
1857
1857
2034
2034
2034
1857
1858
1564
1563
1434
1298
1302
1303
1299
1486
1780
1781
1729
1568
1406
1407
1584
1584
1745
1797
1745
1584
1584
1745
1744
1880
2009
2337
2337
2338
2619
2291
2291
2291
1997
1820
1819
1871
1871
1871
1590
1403
1242
1106
1105
1399
1270
1457
1458
1587
1915
1947
2124
2405
2541
2354
2354
2026
2026
2027
2214
2053
2053
2053
2053
1924
2115
2119
2119
2118
1889
1857
1721
1544
1545
1354
1583
1615
1614
1614
1613
1613
1285
1285
1281
1280
1281
1281
1282
1443
1447
1447
1775
1494
1494
1495
1443
1771
1584
1746
1742
2023
2022
2022
2158
2158
2158
2349
2187
2349
2349
2350
2189
2188
2189
2188
2317
2126
2126
2125
2177
2354
2515
2234
2182
1953
1954
1954
2141
2145
2145
2426
2290
2481
2480
2480
2351
2319
2319
2480
2303
2335
2564
2741
2741
2564
2616
2429
2430
2430
2426
2603
2426
2426
2613
2617
2336
2336
2332
2332
2332
2332
2468
2468
2436
2468
2174
2122
2126
2126
2420
2388
2388
2060
2060
2060
2060
1869
1998
1999
2280
2280
2280
2279
2074
2075
2403
2402
2241
2241
2293
1965
2126
2126
2074
2074
2074
2251
2251
2251
2250
2250
2250
2250
2251
2251
2303
2304
2117
2116
1954
1954
1954
1953
1952
1953
1901
2088
1952
1953
2158
2154
2290
2290
2290
2294
2290
2452
2291
2010
2010
2010
1881
1720
2001
2329
2520
2358
2487
2282
2282
2282
2105
1914
1966
1966
1966
2127
2127
2318
2480
2293
2293
1965
1913
2090
2090
1899
1770
1899
1899
1931
2118
2170
2498
2502
2502
2373
2373
2212
2212
2025
2186
2186
2186
2009
2009
2009
2170
2299
2486
2325
2516
2515
2187
2187
2187
2187
2188
2188
2187
2000
1839
1807
1807
1755
1755
1755
1626
1626
1622
1623
1655
1426
1555
1732
1937
1937
1989
2150
2150
2150
1988
1783
1945
2132
2132
2132
1996
2157
2028
2028
1747
1876
1689
1693
1692
1640
1641
1846
2075
2211
2207
2002
2002
1840
1711
1873
1925
2054
1918
1918
1886
1885
1756
1756
1756
1756
1579
1756
1756
1892
1731
1735
1735
1573
1605
1766
1766
2094
2094
2256
2385
2353
2192
2193
2193
2193
2189
2189
2376
2324
2030
2031
2031
1902
1902
1741
1741
1740
1792
1656
1656
1785
1656
1660
1656
1655
1656
1950
1763
2044
2043
2043
2047
2048
2049
1887
1887
1886
1709
1709
1518
1654
1816
1977
1977
2106
2054
2231
1937
1969
1937
1937
1937
1937
1937
1969
2263
2315
2314
2178
2339
2178
2178
2178
2016
1984
2146
2351
2299
2298
2330
2201
2039
2230
2391
2392
2392
2393
2445
2284
2284
2420
2139
2087
2249
2250
2531
2718
2557
2686
2685
2684
2685
2685
2556
2555
2555
2555
2555
2684
2736
2736
2732
2732
2893
2893
2565
2284
2155
2155
2154
2155
2154
2155
2154
2122
2070
2398
2559
2398
2527
2366
2366
2366
2366
2366
2366
2230
2230
2366
2161
2161
2161
1999
1999
1999
1808
1860
1808
1808
1808
1808
1999
1863
1863
1863
1863
1999
2280
2280
2280
2280
2103
2103
2103
2103
2103
2155
2155
2317
2522
2522
2699
2699
2699
2699
2699
2699
2699
2494
2494
2494
2494
2442
2442
2442
2442
2442
2442
2442
2647
2647
2647
2647
2648
2648
2648
2471
2471
2471
2632
2793
2606
2783
2502
2783
2970
3022
2793
2794
2742
2551
2551
2346
2018
2019
2019
2051
2051
2051
2242
2242
2241
2470
2176
2015
1983
2311
2311
2311
2310
2149
2153
2314
2314
2127
2332
2493
2525
2296
2091
2320
2143
1981
1981
1949
1981
1653
1981
1981
1653
1858
1858
1858
1859
1859
2153
2149
2336
2336
2304
2304
2304
2304
2304
2632
2471
2471
2471
2503
2316
2320
1992
2179
1988
2179
2050
2378
2378
2430
2430
2398
2527
2527
2527
2475
2476
2315
2124
2123
1842
1894
2056
2088
2084
2084
2084
2084
1897
1897
1898
1898
2085
2085
2033
2033
2032
1870
1870
1874
1874
2035
2226
2278
2455
2319
2481
2480
2481
2762
2633
2442
2442
2578
2391
2391
2391
2063
2254
1960
1908
1908
1717
1717
2011
2010
1833
1832
1800
1801
1797
1797
1661
1665
1664
1665
1993
1989
2118
2254
2118
2170
2306
2306
2467
2467
2644
2644
2645
2593
2625
2816
2784
2785
2656
2655
2655
2655
2655
2656
2655
2707
2707
2516
2188
2516
2516
2516
2516
2515
2338
2202
2202
2202
2379
2508
2303
2490
2695
2696
2368
2040
1863
2054
2054
2086
2054
2086
2086
2054
2055
2191
2190
2190
2138
2170
2222
2221
2549
2549
2726
2726
2445
2445
2268
2269
2064
2063
1934
1934
1773
1612
1612
1773
1934
2215
2028
2157
2158
2158
2157
2157
2334
2335
2339
2287
2255
2255
2287
2283
2106
2106
2311
2639
2816
2816
2868
2707
2707
2707
2571
2380
2219
1891
2082
2082
1788
1792
1793
1793
1954
1953
1952
2246
2247
2408
2408
2407
2202
2530
2531
2530
2530
2529
2235
2529
2477
2300
2300
2505
2505
2692
2692
2688
2483
2483
2296
2297
2298
2302
2301
2301
2488
2489
2489
2195
2195
2195
2372
2143
2348
2400
2400
2239
2078
2078
2239
2400
2239
2207
2207
2045
2045
1993
2025
2025
2319
2158
2029
2158
2154
2154
2316
2022
2023
2023
2159
2159
2158
2157
2161
2162
2162
2033
1871
2100
2099
2099
2100
2229
2229
2024
2186
2238
2239
2239
1958
1906
1905
1905
1957
1925
1921
1734
1505
1537
1831
2018
2019
2019
2300
2300
2300
2164
2300
2268
2300
2461
2409
2408
2412
2276
2276
2412
2251
2122
1828
1828
1828
1989
1989
1985
1985
1985
1953
1792
1792
1953
2082
2134
2134
1973
2178
2339
2339
2152
2152
2184
2022
2026
2187
2183
2183
2131
2131
2183
2187
2416
2287
2287
2474
2474
2636
2635
2636
2765
2765
2764
3058
2829
2797
2793
2794
2793
2792
2792
2792
2792
2792
2796
2796
2792
2792
2601
2792
2631
2454
2160
2454
2454
2455
2294
2132
2293
2293
2297
2459
2459
2165
2459
2459
2491
2492
2493
2493
2165
2342
2341
2341
2341
2341
2341
2289
2288
2340
2501
2501
2501
2501
2501
2365
2365
2693
2412
2360
2328
2137
1975
2007
2007
1713
1713
1584
1746
1585
1585
1714
1714
1995
1833
1834
1834
1834
1886
1834
1995
1995
2131
2131
2131
2183
2047
2209
2209
2209
2209
2157
2293
2294
2293
2522
2523
2523
2522
2522
2816
2655
2623
2623
2623
2623
2624
2624
2623
2675
2539
2410
2409
2222
2222
2221
2350
2350
2189
2189
2190
2190
1862
1863
1863
1864
1864
1863
1863
2054
2054
2053
2001
2137
2298
2298
2017
2013
2012
2016
2016
1688
1526
1527
1855
1855
1855
1561
1842
2029
1748
1748
1748
2076
2076
2072
2366
2370
2241
2241
2240
2240
2240
1912
1776
1615
1751
1751
1912
1908
1960
1960
1908
2236
2288
2111
1975
1647
1975
1975
2152
2153
2282
2444
2445
2445
2445
2445
2477
2445
2216
2054
1726
1674
1726
1726
1725
2053
2215
2444
2580
2580
2580
2584
2393
2584
2584
2532
2345
2345
2397
2397
2678
2678
2679
2550
2373
2372
2368
2529
2529
2530
2530
2530
2301
2301
2301
2333
2333
2171
2171
2010
2009
2010
2009
1681
1681
1858
1681
1476
1476
1476
1681
1858
1859
1807
1994
2156
2385
2091
2092
2144
2092
2420
2714
2714
2713
2874
2874
2873
2874
2713
2765
2765
2588
2587
2587
2588
2556
2556
2588
2749
2748
2749
2717
2717
2717
2717
2717
2894
2926
3055
2850
2850
2659
2663
2663
2662
2662
2853
2853
2853
2692
2692
2640
2359
2230
2229
2229
2229
2229
2229
2225
2063
2063
2067
2068
2068
1907
2069
2350
2351
2122
1945
1997
2158
2022
1860
1860
1828
1828
1957
1676
1676
1675
1676
1837
2042
2041
1989
1989
1990
1785
1786
1785
1624
1760
1965
2017
2178
2340
2012
1960
1960
1960
1960
2137
2133
1956
1795
1795
1795
1633
1632
1632
1632
1636
1636
1445
1674
1675
1674
1674
1675
1675
1727
1723
1914
1914
2242
2037
2242
2106
2106
1778
1726
1730
1601
1396
1448
1776
1937
1933
1881
2058
2194
2246
2246
2246
2375
2375
2375
2379
2250
2251
2283
2283
2147
2352
2352
2058
2006
2006
2142
2142
2423
2391
2423
2419
2418
2418
2386
2386
2386
2418
2417
2240
2240
2104
1875
1874
2168
2168
2007
2008
2060
2289
2289
2466
2595
2408
2544
2544
2367
2176
1895
1666
1665
1826
1794
2023
2023
2027
2028
1892
1564
1741
1689
1741
1741
1741
1932
1932
2260
2396
2396
2396
2396
2428
2590
2591
2592
2540
2540
2540
2539
2539
2540
2727
2727
2726
2726
2726
2726
2725
3006
3007
2846
2898
2898
2736
2736
2736
2545
2416
2607
2607
2555
2555
2555
2555
2554
2522
2522
2331
2154
1826
1826
1988
1984
1984
1984
2312
2344
2344
2343
2395
2395
2363
2364
2493
2212
2493
2493
2494
2365
2071
1842
1841
1789
1841
1636
1636
1813
1812
2017
2018
2050
2051
2180
2128
2289
2518
2518
2518
2518
2522
2361
2361
2361
2361
2225
2416
2577
2871
2871
2871
2871
2871
2709
2381
2194
2190
2190
2326
2326
2327
2327
2327
2327
2198
2197
2197
2196
2196
2196
2196
2197
2525
2197
2201
2201
2388
2384
2546
2341
2546
2598
2436
2437
2437
2566
2337
2336
2336
2340
2340
2163
2034
1829
1535
1863
1862
1581
1786
1786
1963
2192
2192
2473
2472
2472
2311
2279
2275
2275
2275
2275
2569
2569
2569
2569
2433
2433
2569
2569
2569
2569
2569
2569
2569
2569
2569
2569
2569
2569
2569
2364
2569
2569
2569
2569
2433
2381
2381
2381
2152
2281
2281
2281
2281
2281
2281
2000
2000
2000
2000
2000
2281
2281
2152
2314
2314
2314
2314
2543
2543
2595
2433
2433
2433
2433
2381
2204
2381
2381
2543
2543
2543
2543
2543
2543
2543
2543
2595
2595
2595
2595
2390
2228
2228
2357
2357
2357
2357
2357
2357
2357
2166
2166
2166
2166
2166
2166
2166
2037
2037
2242
2242
2242
2242
2433
2569
2569
2433
2433
2433
2433
2433
2272
2095
2095
2095
2095
2095
2095
2095
2095
1904
2066
2067
2196
2196
2009
2010
2011
2043
2011
2188
2059
2059
2195
2194
2194
2194
2193
2193
1988
1988
1988
1988
2193
2193
2194
2194
2195
2033
2033
2033
2065
2256
2256
2255
2255
2255
2050
2237
2238
2238
2443
2447
2447
2609
2770
2770
2770
2634
2770
2770
2769
2769
2717
2685
2686
2815
2815
2815
2867
2867
2738
2737
2508
2669
2464
2328
2328
2464
2464
2464
2303
2303
2508
2508
2669
2669
2669
2617
2617
2289
2518
2517
2381
2709
2709
2709
2709
2518
2518
2518
2519
2655
2707
2739
2868
2868
2868
2739
2577
2577
2576
2295
2263
2263
2392
2392
2392
2187
2187
2188
2393
2584
2393
2584
2584
2455
2454
2126
2454
2453
2292
2105
2105
2101
2102
2263
2264
2035
2036
1742
1606
1768
1768
2062
2062
2062
2062
2062
2062
2010
2010
2042
2010
2062
2198
2198
2198
2021
2020
2020
2301
2139
1811
1811
1811
1759
1791
1843
2171
2171
2171
2171
2172
2359
2359
2358
2358
2358
2358
2358
2153
2153
2282
2282
2146
2146
2146
2145
1817
1817
2145
2307
2512
2480
2480
2481
2480
2481
2482
2481
2480
2616
2616
2454
2454
2454
2454
2486
2325
2326
2327
2326
2555
2368
2368
2368
2368
2368
2177
2364
2555
2503
2503
2665
2474
2474
2180
2179
2180
2371
2371
2423
2262
2210
2371
2184
2371
2371
2235
2235
2396
2395
2399
2194
2194
2195
2066
2066
2066
2118
2118
2066
2062
2061
1899
1951
2080
2080
2285
2289
2060
2060
2060
2059
2288
2582
2550
2389
2228
2228
2228
2228
2260
2208
2385
2546
2317
2546
2218
2218
2218
2218
2218
2546
2546
2547
2418
2579
2402
2402
2398
2397
2398
2398
2070
2398
2397
2398
2402
2402
2197
2010
2010
2010
2011
2063
2225
2354
2559
2559
2555
2555
2554
2554
2558
2506
2315
2506
2507
2559
2736
2732
2732
2404
2408
2408
2246
2117
2445
2444
2444
2444
2573
2573
2396
2395
2572
2244
2244
2244
2572
2572
2572
2572
2540
2541
2336
2498
2499
2370
2370
2366
2366
2366
2398
2527
2527
2475
2475
2474
2610
2797
2620
2620
2620
2621
2621
2327
2328
2332
2384
2384
2352
2352
2352
2646
2594
2407
2407
2459
2459
2459
2459
2458
2177
2176
2176
2047
2176
2176
2176
2381
2381
2381
2381
2381
2381
2558
2559
2558
2558
2558
2558
2745
2744
2567
2567
2568
2568
2569
2850
2798
2798
2569
2569
2569
2569
2569
2565
2742
2742
2742
2746
2746
2746
2746
2746
2746
2746
2569
2569
2569
2746
2746
2745
2746
2585
2585
2746
2746
2555
2555
2554
2586
2585
2585
2814
2637
2605
2796
2797
2469
2469
2468
2468
2277
2309
2309
2309
2148
2148
1820
1821
1527
1527
1526
1527
1527
1528
1528
1527
1527
1528
1689
1502
1554
1848
1848
1848
1847
1847
1848
2035
2363
2363
2362
2362
2362
2362
2363
2331
2522
2522
2523
2522
2386
2386
2386
2199
2198
2198
2198
2198
2198
2036
2036
2036
2036
2364
2500
2500
2662
2662
2663
2664
2664
2660
2659
2454
2293
2454
2318
2318
2156
2318
2024
2229
2523
2523
2523
2523
2659
2660
2847
3024
2833
2671
2670
2342
2341
2341
2373
2564
2283
2282
2282
2282
2563
2725
3053
2924
2928
2924
2924
2763
2763
2763
2731
2731
2595
2404
2404
2404
2404
2404
2404
2404
2404
2595
2595
2595
2724
2724
2672
2510
2510
2562
2562
2562
2371
2371
2371
2319
2319
2319
2319
2481
2481
2672
2672
2672
2672
2672
2543
2338
2338
2474
2474
2474
2474
2474
2474
2474
2474
2474
2474
2474
2474
2474
2312
2312
2312
2312
2312
2312
2312
2312
2312
2517
2569
2569
2569
2569
2569
2569
2569
2364
2364
2364
2364
2364
2569
2517
2189
2221
2549
2549
2549
2549
2711
2711
2712
2525
2363
2367
2206
2368
2420
2416
2416
2416
2417
2417
2417
2417
2604
2604
2604
2733
2405
2276
2405
2404
2404
2404
2123
1946
1946
1810
1971
2132
2132
2132
2460
2460
2460
2460
2596
2596
2467
2468
2749
2749
2587
2555
2394
2066
2014
2013
1877
1878
1930
1930
1929
2065
2065
2065
2242
2570
2699
2418
2418
2419
2419
2451
2451
2612
2612
2580
2581
2613
2613
2612
2893
2664
2893
2893
2893
2893
2892
2892
2701
2701
2892
2893
2893
2892
2892
2892
2896
2896
2735
2736
2732
2680
2841
2841
2841
2841
2841
2650
2650
2521
2650
2841
2809
2809
2580
2584
2813
2519
2519
2390
2389
2160
2160
2161
2162
2214
2443
2443
2475
2475
2604
2323
2323
2323
2323
2323
2323
2323
2323
2146
1959
2146
1917
1916
1755
1755
1984
1985
2147
2147
2324
2162
2162
2162
2162
2162
2161
2162
2161
2032
1871
1870
1870
1866
2027
2188
2188
2188
2188
2052
2053
1862
1861
1809
1938
1751
1622
1813
1485
1485
1485
1485
1486
1538
1538
1506
1510
1672
1808
2089
2417
2711
2711
2711
2710
2711
2743
2691
2691
2691
2743
2744
2416
2416
2255
2255
2026
2155
2155
1978
1978
2165
1837
1837
1837
2165
2165
2113
2112
1951
1951
1951
1822
1983
2160
2156
2156
2155
2155
2155
2019
2155
2207
1926
1925
1925
1925
1789
1789
1789
2070
2071
1880
2109
2113
2114
2250
1922
1923
2251
2251
2250
2249
2044
2044
2044
2043
2044
2173
2172
2173
2172
2010
2010
1881
2086
2087
2087
2087
2087
2088
2088
2087
2249
2249
2245
2249
2249
2249
2249
2249
2087
2083
2087
2087
2035
2035
2035
1806
1806
2134
2134
1853
2044
1867
1867
1676
1676
1676
1677
1806
1802
1802
1802
1802
1806
1774
1773
2054
2055
1761
1938
1937
1937
1937
1938
1802
1802
1993
1993
1993
1994
1803
1803
1799
1935
1987
1782
1782
1973
1977
1848
2053
2282
2281
2410
2410
2249
2249
2248
2248
2248
2409
2410
2411
2411
2410
2410
2572
2604
2604
2604
2604
2442
2603
2603
2467
2468
2468
2416
2416
2412
2411
2411
2411
2411
2411
2411
2379
2515
2515
2516
2339
2391
2204
2152
2156
2155
2155
2342
2342
2181
2181
2358
2358
2410
2406
2270
2270
2270
2270
2218
2218
2222
2384
2678
2678
2679
2502
2638
2690
2689
2637
2637
2637
2446
2446
2607
2659
2660
2692
2563
2740
2740
2740
2869
2869
2869
2692
2692
2691
2691
2691
2690
2658
2364
2396
2397
2574
2574
2412
2251
2251
2413
2085
2085
2085
1924
1719
1667
1961
1960
1960
2288
2289
2480
2480
2479
2447
2608
2431
2431
2636
2636
2632
2664
2503
2222
2503
2664
2665
2666
2666
2666
2505
2682
2681
2685
2737
2737
2601
2396
2601
2439
2439
2435
2597
2410
2411
2117
2304
2304
2465
2469
2469
2282
2230
2229
2229
2365
2659
2658
2658
2658
2657
2625
2677
2677
2838
2702
2703
2703
2498
2499
2499
2499
2531
2479
2480
2532
2531
2531
2531
2531
2531
2499
2171
2171
2171
2171
2307
2307
2078
2406
2405
2405
2406
2438
2406
2406
2406
2406
2270
2270
2218
2218
2423
2423
2246
2245
2116
2116
2116
2252
2481
2658
2845
2845
2877
2877
2715
2715
2844
2708
2844
2844
2840
2839
2843
2666
2843
2844
2844
2708
2870
2838
2837
2837
2869
2870
2869
2869
2869
2869
2708
2521
2682
2682
2682
2682
2505
2506
2301
2301
2140
2345
2397
2206
2207
2368
2368
2555
2556
2327
2504
2504
2504
2504
2640
2511
2183
2511
2640
2640
2588
2588
2401
2401
2107
2107
2106
2158
2158
2126
1965
1964
2258
2259
2259
2097
2097
1961
1832
2061
1856
1856
1856
1852
1988
1987
2148
2148
2148
2148
2339
2339
2340
2340
2502
2689
2689
2689
2689
2689
2528
2689
2502
2503
2502
2502
2502
2502
2689
2721
2689
2818
2822
2822
2854
2854
2854
2854
2850
2688
2636
2445
2449
2640
2639
2801
2801
2801
2801
2769
2770
2770
2770
2641
2640
2504
2505
2505
2505
2276
2085
2085
2290
2322
2322
2160
2296
2295
2296
2296
2297
2349
2349
2349
2349
2188
2001
2001
1997
1997
1997
1997
1997
2126
2355
2546
2546
2545
2354
2354
2125
2125
2125
2125
2125
2125
2287
2287
2288
2256
2417
2417
2646
2646
2646
2645
2677
2548
2547
2547
2547
2551
2551
2389
2228
2196
2197
2061
2222
2222
2413
2412
2413
2085
2084
2084
2032
2032
1827
2155
2151
2151
2155
2156
2361
2497
2497
2497
2497
2496
2168
2032
2032
2028
2060
2222
2222
2222
2223
2223
2359
2065
2117
1955
1955
1954
1954
1953
1953
1953
1953
1953
1953
1953
2082
2082
2083
2411
2411
2412
2276
2244
2244
2244
2115
2115
2115
2115
2115
2147
2146
2440
2263
2425
2425
2425
2424
2424
2424
2424
2553
2225
2225
1931
1899
1900
1901
1933
2261
2032
2031
1840
1711
1711
1711
1711
1711
1940
1940
1908
2202
2202
2203
2332
2331
2331
2003
1874
2061
2061
2061
2061
2252
2252
2252
2253
2253
2430
2431
2269
2108
2140
2144
2143
2272
2272
2600
2599
2600
2600
2600
2762
2633
2633
2633
2769
2769
2769
2564
2564
2564
2725
2725
2725
2721
2926
2926
2926
2926
2926
2926
2926
3055
2878
3055
3055
3055
3023
3023
2862
2700
2523
2522
2522
2522
2522
2522
2684
2684
2688
2527
2340
2135
2136
2136
2136
2136
1945
1893
1764
1893
2054
2086
2086
2086
2086
2086
2086
2082
2050
2049
2081
2242
2242
2294
2471
2471
2470
2470
2661
2661
2525
2493
2497
2368
2368
2369
2369
2401
2401
2401
2210
2049
2049
2049
2050
2050
2018
2018
2205
2204
1975
2180
2181
2317
2317
2317
2317
2313
2151
2183
2182
1995
1994
1858
1858
1826
1826
1826
1955
1956
1956
1904
1904
1905
1937
1937
1936
1904
1904
2040
2040
2040
2202
2203
2074
2075
2074
1780
1812
1676
1812
1941
1942
1942
1941
1941
1941
2102
2331
2331
2299
2298
2298
2298
2298
2299
2170
2009
2041
2040
2040
2201
2201
2201
2388
2388
2389
2683
2683
2682
2682
2401
2682
2521
2521
2522
2574
2574
2574
2765
2603
2603
2604
2604
2603
2765
2765
2765
2574
2574
2765
2926
2926
2925
2925
2925
2925
2925
2893
2893
2565
2893
2893
2894
2665
2666
2505
2505
2504
2504
2503
2504
2176
1882
2210
2339
2500
2500
2295
2295
2299
2300
2139
2138
2138
2138
2170
2464
2287
2286
2150
2151
2151
2151
2328
2533
2501
2662
2457
2328
2141
2370
2370
2370
2370
2402
2398
2527
2714
2662
2662
2666
2666
2666
2666
2666
2489
2541
2541
2541
2541
2541
2509
2714
2714
2714
2850
2659
2836
2835
2835
2699
2700
2700
2372
2211
2402
2402
2402
2402
2402
2563
2564
2512
2512
2648
2647
2647
2647
2679
2675
2675
2643
2643
2643
2971
2780
2780
2780
2603
2603
2604
2468
2604
2604
2781
2780
2780
2971
2970
2970
2971
2766
2766
2575
2575
2575
2575
2575
2574
2575
2780
2780
2499
2312
2311
2311
2311
2310
2310
2310
2362
2363
2363
2363
2363
2550
2550
2222
2061
2061
2061
1925
2253
2252
2252
2252
2252
2252
2252
2252
2252
2252
2252
2252
2252
2252
2252
2200
2200
2200
1995
1995
1995
1995
1995
1995
1995
1995
1995
2276
2276
2276
2147
2283
2283
2283
2283
2444
2215
2215
2215
2215
2215
2215
2215
2215
2444
2649
2649
2649
2649
2649
2649
2649
2649
2487
2487
2351
2351
2351
2351
2351
2351
2487
2487
2351
2351
2351
2351
2351
2351
2351
2351
2351
2480
2480
2480
2480
2480
2480
2480
2319
2480
2480
2480
2480
2480
2642
2437
2276
2412
2412
2617
2617
2617
2617
2617
2617
2617
2617
2617
2617
2617
2617
2617
2617
2617
2617
2440
2440
2440
2440
2440
2440
2440
2617
2617
2617
2617
2617
2456
2617
2617
2617
2617
2617
2617
2617
2336
2200
2200
2200
2336
2336
2336
2336
2336
2336
2336
2336
2336
2336
2388
2388
2388
2388
2388
2336
2336
2336
2336
2336
2336
2336
2617
2617
2617
2617
2617
2481
2481
2481
2481
2481
2481
2481
2481
2481
2481
2481
2320
2320
2320
2320
2511
2511
2511
2511
2672
2672
2672
2672
2391
2391
2672
2672
2672
2485
2485
2485
2485
2485
2485
2485
2646
2417
2417
2417
2417
2417
2417
2417
2417
2417
2417
2417
2417
2417
2417
2417
2417
2417
2417
2417
2417
2256
2256
2256
2392
2392
2392
2392
2392
2392
2392
2392
2392
2392
2392
2187
2187
2187
2187
2187
2187
2187
2187
2187
2187
2187
2187
2187
2187
2187
2187
2187
2187
2187
2187
2187
2187
2187
2187
2392
2392
2263
2263
2424
2653
2653
2653
2653
2653
2653
2653
2653
2653
2653
2653
2653
2653
2653
2491
2491
2491
2491
2491
2491
2491
2355
2355
2517
2517
2517
2517
2517
2517
2517
2517
2517
2517
2517
2517
2646
2646
2646
2441
2441
2212
2212
2212
2212
2050
2050
2050
2050
2255
2255
2255
2255
2255
2255
2255
2255
2255
2255
2255
2255
2255
2417
2417
2417
2417
2417
2417
2417
2417
2417
2417
2417
2417
2417
2417
2240
2240
2240
2240
2240
2240
2240
2240
2240
2240
2240
2240
2240
2240
2469
2469
2469
2469
2469
2469
2469
2469
2469
2469
2469
2469
2469
2469
2646
2646
2646
2517
2517
2517
2517
2517
2340
2340
2476
2476
2476
2476
2476
2476
2653
2653
2653
2653
2653
2653
2653
2653
2653
2653
2653
2653
2653
2653
2653
2653
2653
2653
2653
2653
2653
2653
2653
2653
2517
2517
2517
2312
2312
2151
2151
2356
2356
2356
2356
2356
2356
2356
2492
2492
2492
2492
2492
2492
2356
2485
2256
2256
2256
2417
2646
2646
2646
2646
2365
2365
2365
2365
2365
2365
2365
2365
2365
2365
2204
2204
2204
2204
2204
2204
2204
2204
2204
2042
2042
2042
2042
2042
2323
2510
2510
2510
2510
2510
2562
2510
2510
2510
2510
2510
2510
2510
2510
2562
2562
2562
2562
2562
2562
2724
2724
2724
2519
2519
2519
2519
2724
2724
2724
2724
2724
2724
2724
2724
2724
2724
2724
2724
2724
2724
2724
2724
2724
2724
2724
2724
2595
2595
2595
2595
2595
2595
2418
2418
2418
2418
2547
2547
2547
2547
2386
2386
2386
2386
2386
2386
2386
2386
2386
2257
2257
2393
2425
2425
2425
2425
2425
2425
2425
2425
2425
2425
2425
2425
2425
2425
2425
2425
2425
2425
2289
2289
2289
2289
2289
2289
2289
2289
2289
2289
2257
2257
2257
2257
2257
2257
2289
2289
2237
2237
2237
2237
2237
2237
2237
2237
2237
2237
2237
2373
2373
2373
2373
2373
2341
2470
2308
2308
2308
2485
2485
2485
2537
2537
2537
2537
2537
2537
2537
2537
2537
2537
2537
2537
2346
2294
2294
2294
2346
2346
2346
2346
2346
2537
2537
2537
2537
2699
2522
2386
2386
2386
2386
2386
2386
2386
2386
2386
2386
2386
2386
2386
2386
2563
2434
2382
2543
2543
2543
2543
2543
2543
2595
2595
2595
2595
2724
2724
2724
2724
2724
2672
2672
2672
2672
2485
2485
2485
2256
2256
2485
2672
2672
2672
2672
2672
2672
2672
2443
2443
2443
2443
2443
2443
2443
2672
2672
2672
2543
2543
2543
2543
2543
2543
2543
2543
2543
2543
2356
2356
2356
2356
2356
2517
2517
2517
2646
2646
2646
2646
2517
2517
2517
2517
2517
2646
2646
2646
2646
2485
2672
2672
2672
2672
2672
2672
2672
2672
2672
2672
2672
2672
2672
2672
2672
2672
2672
2672
2672
2672
2510
2510
2510
2510
2333
2204
2204
2204
2204
2381
2381
2381
2543
2543
2366
2366
2366
2366
2366
2418
2418
2418
2418
2418
2418
2418
2418
2213
2390
2390
2390
2390
2526
2526
2526
2526
2526
2731
2731
2679
2679
2731
2731
2731
2731
2569
2569
2569
2569
2569
2569
2433
2433
2433
2433
2433
2433
2433
2562
2562
2562
2562
2562
2562
2562
2562
2562
2510
2510
2510
2510
2510
2562
2562
2357
2357
2357
2357
2357
2357
2357
2357
2357
2357
2357
2357
2357
2357
2357
2357
2357
2357
2357
2305
2305
2510
2510
2510
2510
2510
2510
2510
2381
2381
2381
2381
2381
2381
2510
2510
2510
2510
2510
2510
2510
2562
2385
2562
2357
2357
2357
2357
2357
2519
2519
2519
2519
2519
2519
2519
2519
2519
2519
2519
2519
2519
2519
2519
2519
2519
2519
2519
2467
2467
2467
2467
2467
2467
2672
2672
2672
2672
2467
2467
2467
2467
2519
2519
2519
2519
2390
2390
2213
2213
2213
2213
2213
2213
2390
2390
2390
2338
2338
2177
2177
2177
2306
2306
2306
2306
2306
2511
2672
2672
2672
2672
2672
2672
2672
2672
2672
2672
2672
2672
2672
2672
2672
2672
2672
2672
2672
2672
2672
2672
2672
2672
2672
2672
2467
2467
2467
2519
2519
2519
2519
2519
2519
2519
2519
2342
2519
2357
2357
2357
2357
2357
2357
2357
2357
2357
2357
2357
2357
2357
2357
2357
2357
2357
2357
2357
2357
2357
2357
2305
2305
2305
2305
2305
2305
2305
2305
2305
2305
2305
2305
2305
2305
2305
2305
2305
2305
2305
2305
2305
2305
2305
2305
2305
2305
2305
2305
2305
2128
2128
2128
2128
2128
2128
2305
2305
2144
2144
2144
2305
2305
2305
2305
2176
2305
2305
2305
2510
2510
2510
2510
2349
2349
2349
2349
2220
2220
2349
2349
2349
2349
2349
2349
2349
2349
2172
2172
2172
2172
2172
2334
2334
2334
2334
2334
2334
2334
2334
2334
2334
2334
2334
2334
2334
2334
2470
2470
2470
2470
2470
2470
2470
2522
2522
2393
2393
2393
2393
2393
2570
2408
2408
2408
2408
2569
2569
2569
2569
2569
2569
2569
2569
2569
2569
2569
2569
2569
2517
2517
2517
2517
2517
2679
2679
2679
2679
2679
2679
2679
2679
2679
2679
2679
2679
2679
2679
2679
2679
2679
2679
2679
2731
2731
2731
2731
2731
2731
2731
2731
2731
2731
2731
2731
2731
2731
2569
2517
2517
2381
2510
2510
2510
2510
2510
2510
2672
2672
2672
2672
2672
2672
2543
2543
2543
2679
2679
2679
2679
2679
2679
2679
2679
2679
2679
2517
2517
2517
2517
2517
2517
2679
2679
2679
2679
2679
2679
2679
2679
2679
2679
2679
2679
2518
2570
2570
2570
2570
2518
2341
2502
2502
2502
2315
2315
2315
2315
2315
2315
2315
2315
2315
2315
2347
2347
2347
2347
2315
2315
2315
2492
2492
2492
2492
2492
2331
2518
2518
2518
2647
2647
2647
2647
2647
2647
2647
2647
2647
2647
2699
2699
2699
2418
2418
2418
2418
2418
2418
2418
2418
2418
2418
2418
2418
2418
2418
2418
2418
2282
2443
2443
2443
2443
2443
2443
2724
2724
2724
2724
2724
2724
2724
2724
2724
2724
2724
2724
2672
2672
2672
2672
2672
2672
2672
2672
2672
2672
2672
2672
2672
2672
2672
2672
2672
2672
2672
2672
2672
2672
2672
2672
2724
2724
2724
2724
2724
2724
2724
2724
2724
2724
2562
2724
2724
2724
2672
2672
2672
2672
2485
2485
2324
2485
2485
2485
2485
2485
2485
2646
2833
2642
2642
2642
2642
2642
2481
2481
2481
2481
2481
2304
2304
2304
2304
2304
2304
2304
2304
2440
2440
2440
2440
2440
2440
2440
2440
2440
2440
2440
2440
2440
2617
2617
2617
2617
2617
2617
2617
2617
2617
2481
2481
2304
2304
2440
2440
2440
2440
2440
2440
2440
2440
2278
2278
2278
2278
2278
2278
2278
2278
2278
2278
2278
2278
2278
2278
2278
2278
2278
2455
2455
2455
2455
2455
2455
2455
2455
2455
2278
2278
2278
2278
2278
2278
2278
2278
2440
2440
2440
2278
2278
2142
2142
2142
2142
2142
2142
2142
2142
2142
2142
2142
2142
2142
2142
2142
2142
2142
2142
2142
2142
2142
2142
2303
2303
2303
2303
2116
2116
2293
2293
2293
2293
2293
2293
2164
2164
1959
2150
2150
2286
2491
2491
2491
2491
2491
2491
2491
2314
2314
2314
2123
2123
2123
2300
2071
2071
2071
2071
2071
2071
2071
2071
2071
2071
2071
2071
2071
2071
2071
2300
2300
2300
2300
2300
2300
2300
2300
2300
2300
2491
2491
2491
2491
2491
2491
2491
2491
2653
2653
2653
2653
2476
2476
2476
2476
2476
2476
2476
2476
2508
2508
2508
2508
2508
2508
2508
2508
2508
2508
2508
2508
2476
2476
2476
2476
2476
2476
2476
2476
2476
2476
2476
2508
2508
2508
2508
2508
2508
2508
2508
2476
2476
2476
2476
2476
2476
2476
2476
2476
2247
2279
2279
2279
2279
2279
2279
2279
2279
2279
2279
2279
2279
2279
2508
2508
2508
2508
2508
2508
2508
2508
2508
2508
2508
2508
2508
2508
2508
2508
2508
2508
2508
2476
2653
2653
2653
2653
2653
2653
2653
2653
2653
2653
2653
2492
2492
2492
2653
2653
2653
2517
2646
2646
2646
2646
2646
2646
2646
2646
2646
2646
2646
2646
2646
2646
2646
2646
2646
2646
2646
2646
2646
2646
2646
2646
2646
2646
2469
2469
2469
2469
2469
2469
2469
2469
2469
2469
2646
2646
2646
2646
2646
2646
2646
2646
2646
2646
2646
2646
2646
2646
2646
2646
2646
2646
2469
2469
2469
2646
2646
2646
2646
2646
2646
2646
2646
2646
2469
2469
2469
2469
2469
2340
2179
2179
2179
2179
2179
2179
2179
2211
2211
2211
2347
2508
2508
2347
2347
2186
2347
2211
2211
2211
2211
2347
2347
2347
2347
2347
2347
2347
2347
2347
2315
2315
2315
2315
2492
2621
2621
2621
2621
2621
2621
2621
2621
2621
2621
2621
2621
2621
2621
2444
2444
2621
2621
2621
2621
2621
2621
2492
2492
2621
2621
2621
2621
2621
2621
2621
2621
2621
2621
2621
2621
2621
2621
2621
2621
2621
2621
2621
2621
2621
2621
2416
2416
2416
2416
2416
2416
2416
2416
2416
2416
2280
2280
2280
2280
2280
2441
2441
2441
2441
2441
2441
2441
2441
2441
2441
2441
2441
2441
2441
2646
2646
2646
2646
2646
2646
2646
2646
2646
2646
2517
2517
2517
2517
2340
2340
2340
2340
2476
2476
2476
2476
2476
2476
2476
2476
2476
2476
2653
2653
2491
2491
2491
2491
2491
2491
2491
2491
2491
2491
2491
2491
2491
2491
2491
2330
2492
2492
2492
2492
2492
2492
2492
2492
2492
2492
2492
2492
2492
2492
2492
2492
2492
2492
2492
2492
2653
2653
2491
2653
2653
2653
2653
2653
2653
2653
2653
2653
2653
2517
2517
2340
2340
2340
2340
2340
2340
2340
2340
2340
2340
2340
2340
2340
2340
2340
2340
2340
2476
2476
2653
2653
2653
2653
2653
2653
2653
2653
2653
2653
2653
2653
2653
2653
2653
2653
2653
2653
2653
2653
2653
2653
2653
2653
2653
2653
2653
2653
2492
2621
2621
2621
2459
2459
2459
2459
2282
2282
2282
2282
2282
2282
2282
2282
2282
2282
2282
2282
2282
2282
2282
2444
2444
2444
2444
2444
2444
2444
2444
2444
2308
2308
2308
2308
2308
2308
2308
2308
2308
2308
2308
2308
2308
2308
2308
2469
2469
2469
2469
2469
2308
2308
2308
2147
2147
2147
2147
2147
2147
2334
2334
2334
2334
2334
2334
2511
2511
2511
2511
2511
2511
2563
2563
2563
2386
2522
2522
2699
2699
2699
2699
2699
2699
2699
2699
2699
2699
2699
2699
2699
2699
2570
2731
2731
2731
2731
2731
2731
2731
2731
2731
2731
2731
2731
2731
2570
2570
2570
2570
2570
2570
2570
2699
2699
2699
2699
2699
2699
2647
2647
2699
2699
2699
2699
2508
2346
2346
2346
2346
2346
2346
2346
2217
2217
2217
2217
2217
2217
2217
2408
2408
2408
2408
2408
2408
2569
2569
2569
2569
2569
2569
2378
2378
2378
2378
2378
2378
2378
2540
2540
2379
2379
2379
2379
2570
2570
2570
2570
2570
2570
2570
2570
2570
2570
2570
2570
2570
2570
2570
2570
2570
2570
2570
2570
2570
2570
2434
2434
2243
2243
2243
2243
2243
2243
2434
2434
2434
2595
2595
2595
2595
2595
2595
2595
2731
2731
2731
2731
2731
2731
2731
2731
2731
2731
2570
2570
2570
2570
2570
2570
2518
2518
2518
2518
2518
2518
2518
2518
2518
2518
2518
2518
2518
2518
2518
2518
2518
2518
2518
2518
2518
2518
2647
2456
2456
2456
2456
2647
2647
2647
2647
2647
2647
2647
2699
2699
2699
2699
2699
2537
2699
2699
2699
2699
2699
2699
2699
2699
2699
2699
2647
2647
2647
2647
2647
2647
2647
2647
2647
2647
2647
2647
2647
2647
2647
2647
2647
2647
2647
2647
2647
2647
2647
2485
2485
2485
2485
2485
2485
2485
2485
2485
2485
2485
2485
2485
2485
2485
2537
2537
2699
2699
2699
2699
2699
2699
2699
2699
2508
2508
2508
2508
2508
2508
2508
2508
2508
2456
2456
2456
2456
2456
2508
2508
2508
2508
2508
2508
2508
2508
2508
2508
2508
2508
2346
2346
2346
2346
2346
2294
2294
2294
2294
2294
2089
2089
2089
2089
2141
2141
2141
2141
2141
2332
2332
2332
2332
2332
2332
2332
2332
2332
2332
2332
2332
2332
2332
2332
2494
2699
2699
2699
2699
2699
2699
2699
2699
2699
2699
2699
2699
2699
2699
2563
2563
2563
2563
2511
2511
2511
2511
2511
2511
2511
2511
2672
2672
2672
2672
2672
2672
2481
2533
2533
2533
2533
2533
2533
2533
2533
2533
2533
2533
2533
2533
2533
2533
2533
2533
2533
2724
2724
2672
2672
2672
2672
2672
2672
2724
2724
2724
2724
2724
2724
2724
2595
2433
2433
2433
2433
2433
2433
2433
2433
2595
2595
2595
2724
2724
2724
2724
2724
2724
2724
2724
2724
2724
2724
2724
2562
2562
2562
2562
2562
2562
2562
2562
2562
2562
2724
2724
2724
2724
2547
2547
2547
2724
2724
2724
2724
2724
2724
2724
2724
2724
2724
2724
2724
2724
2724
2724
2724
2724
2724
2724
2724
2724
2724
2724
2724
2724
2724
2724
2724
2724
2533
2533
2533
2533
2533
2533
2533
2533
2328
2328
2328
2328
2276
2276
2276
2481
2481
2642
2642
2642
2642
2642
2642
2642
2642
2642
2642
2642
2642
2642
2642
2642
2481
2533
2533
2533
2533
2533
2533
2533
2481
2672
2672
2672
2672
2672
2672
2672
2724
2724
2724
2724
2724
2724
2724
2724
2672
2672
2672
2672
2672
2672
2672
2672
2672
2672
2672
2672
2672
2672
2672
2672
2672
2672
2672
2672
2672
2672
2672
2672
2672
2672
2672
2672
2672
2672
2672
2672
2672
2672
2672
2672
2672
2672
2672
2672
2672
2672
2672
2672
2672
2672
2672
2672
2672
2672
2672
2672
2672
2672
2672
2672
2672
2672
2672
2672
2672
2495
2495
2495
2495
2495
2495
2495
2495
2495
2495
2333
2333
2510
2510
2510
2510
2510
2381
2381
2381
2381
2381
2381
2381
2381
2381
2381
2381
2433
2433
2433
2433
2433
2433
2433
2433
2595
2724
2724
2724
2724
2724
2724
2724
2724
2724
2724
2724
2724
2724
2724
2724
2724
2724
2724
2724
2724
2547
2547
2547
2547
2547
2547
2547
2547
2547
2547
2547
2547
2547
2547
2547
2547
2547
2547
2547
2547
2547
2342
2342
2547
2342
2342
2342
2342
2213
2213
2213
2213
2213
2213
2213
2213
2213
2213
2051
2051
2051
2213
2213
2213
2213
2213
2213
2213
2213
2349
2349
2349
2349
2349
2349
2349
2349
2349
2349
2526
2526
2526
2526
2526
2526
2526
2526
2526
2526
2526
2526
2526
2526
2526
2526
2526
2526
2526
2526
2526
2526
2526
2526
2526
2731
2731
2731
2731
2731
2731
2731
2731
2731
2731
2731
2731
2731
2731
2731
2731
2679
2679
2679
2679
2679
2679
2731
2731
2731
2731
2731
2731
2731
2731
2731
2731
2731
2731
2731
2731
2731
2731
2731
2731
2731
2731
2679
2679
2731
2731
2731
2679
2679
2517
2517
2517
2517
2517
2517
2569
2569
2569
2569
2569
2569
2569
2569
2569
2569
2569
2569
2569
2378
2378
2569
2569
2569
2569
2569
2569
2569
2569
2569
2569
2569
2569
2569
2569
2569
2569
2569
2731
2570
2699
2699
2699
2699
2699
2699
2699
2699
2699
2699
2699
2699
2699
2699
2699
2570
2393
2554
2554
2554
2554
2554
2554
2554
2554
2554
2731
2540
2540
2540
2540
2540
2540
2540
2540
2540
2404
2533
2533
2533
2533
2533
2533
2724
2724
2724
2724
2724
2724
2724
2724
2724
2724
2724
2724
2724
2724
2724
2724
2724
2724
2724
2724
2672
2672
2672
2672
2672
2672
2672
2672
2672
2672
2672
2672
2672
2672
2672
2672
2672
2672
2672
2511
2511
2511
2511
2511
2511
2511
2382
2382
2518
2518
2518
2518
2518
2518
2518
2518
2518
2518
2518
2518
2518
2518
2518
2518
2518
2518
2518
2518
2518
2518
2518
2518
2518
2518
2518
2518
2518
2518
2518
2518
2518
2518
2518
2518
2518
2647
2647
2647
2518
2518
2518
2518
2518
2518
2518
2518
2518
2518
2518
2647
2647
2647
2647
2647
2647
2647
2647
2647
2647
2647
2647
2699
2699
2699
2699
2647
2647
2647
2647
2647
2647
2647
2647
2647
2647
2647
2647
2485
2485
2647
2647
2647
2647
2647
2647
2647
2647
2647
2456
2456
2456
2456
2617
2617
2617
2617
2617
2617
2617
2617
2617
2617
2617
2617
2617
2617
2488
2649
2649
2649
2649
2649
2649
2649
2649
2513
2642
2642
2642
2642
2642
2642
2642
2642
2642
2642
2642
2642
2642
2642
2642
2642
2642
2642
2642
2642
2642
2642
2642
2642
2642
2642
2642
2642
2642
2642
2642
2642
2642
2642
2642
2642
2642
2642
2642
2642
2642
2642
2642
2642
2642
2642
2642
2642
2642
2642
2642
2642
2642
2642
2642
2642
2642
2642
2642
2642
2642
2642
2642
2642
2642
2642
2642
2481
2481
2481
2481
2481
2481
2481
2617
2617
2617
2617
2617
2617
2617
2617
2617
2617
2617
2617
2617
2617
2617
2617
2617
2617
2617
2617
2617
2617
2617
2617
2617
2617
2617
2617
2617
2617
2617
2617
2617
2617
2617
2617
2617
2617
2617
2617
2617
2617
2617
2617
2617
2617
2617
2617
2617
2617
2617
2617
2617
2617
2617
2617
2617
2617
2617
2617
2617
2617
2617
2617
2617
2617
2617
2617
2617
2617
2617
2617
2481
2481
2320
2320
2320
2320
2320
2481
2481
2642
2642
2642
2642
2642
2642
2642
2642
2481
2481
2481
2319
2319
2319
2319
2480
2480
2480
2480
2480
2480
2480
2480
2480
2480
2480
2480
2480
2480
2480
2480
2480
2480
2480
2480
2480
2480
2351
2351
2190
2190
2319
2132
2132
2132
2132
2132
2132
2132
2132
2132
2132
2132
2323
2323
2323
2323
2323
2323
2323
2484
2484
2646
2646
2646
2646
2646
2646
2646
2646
2646
2646
2646
2646
2484
2484
2484
2484
2484
2484
2646
2646
2646
2646
2646
2646
2646
2646
2646
2646
2646
2646
2646
2646
2646
2646
2646
2646
2646
2485
2485
2485
2485
2485
2485
2485
2485
2485
2485
2485
2672
2672
2672
2672
2672
2672
2672
2672
2672
2672
2672
2672
2672
2672
2672
2672
2672
2724
2724
2724
2724
2724
2724
2724
2724
2724
2724
2724
2724
2724
2724
2724
2724
2724
2724
2724
2724
2724
2724
2724
2724
2724
2724
2724
2724
2724
2724
2724
2724
2724
2724
2724
2724
2672
2672
2672
2672
2672
2672
2672
2672
2672
2672
2672
2672
2672
2672
2672
2672
2672
2672
2672
2672
2672
2481
2481
2481
2672
2672
2672
2672
2672
2672
2672
2672
2672
2672
2672
2672
2672
2672
2672
2672
2672
2672
2672
2672
2672
2672
2672
2672
2724
2724
2724
2724
2724
2724
2724
2724
2724
2724
2724
2724
2724
2672
2672
2724
2724
2724
2724
2724
2724
2724
2724
2724
2724
2724
2724
2724
2724
2672
2672
2672
2672
2672
2672
2724
2724
2724
2724
2724
2724
2724
2724
2724
2724
2724
2724
2724
2724
2724
2672
2672
2485
2485
2485
2485
2485
2485
2485
2485
2672
2495
2495
2308
2308
2485
2485
2485
2485
2485
2485
2485
2485
2485
2485
2485
2646
2646
2646
2646
2646
2646
2646
2646
2646
2646
2484
2484
2484
2484
2484
2646
2646
2646
2646
2646
2646
2646
2646
2646
2646
2646
2646
2646
2646
2646
2646
2646
2646
2646
2646
2646
2646
2485
2485
2485
2485
2485
2485
2485
2485
2485
2485
2485
2485
2621
2621
2621
2621
2621
2621
2621
2621
2621
2621
2621
2621
2621
2621
2621
2621
2621
2621
2621
2621
2621
2621
2621
2621
2621
2621
2444
2444
2444
2444
2621
2621
2621
2621
2621
2621
2621
2621
2621
2621
2621
2416
2416
2416
2416
2416
2416
2416
2416
2416
2416
2416
2416
2416
2416
2416
2416
2416
2416
2416
2416
2416
2416
2416
2416
2621
2621
2621
2621
2621
2621
2621
2621
2621
2621
2621
2621
2621
2621
2621
2621
2621
2621
2621
2621
2621
2621
2621
2621
2621
2621
2621
2621
2621
2621
2621
2621
2621
2621
2621
2621
2621
2621
2621
2621
2621
2621
2621
2621
2621
2621
2621
2621
2621
2621
2621
2621
2621
2621
2621
2621
2621
2621
2621
2621
2621
2621
2621
2621
2621
2621
2621
2621
2485
2485
2485
2485
2485
2485
2485
2485
2485
2485
2485
2485
2485
2485
2485
2485
2621
2621
2621
2621
2621
2621
2621
2621
2621
2621
2621
2621
2621
2621
2621
2621
2621
2621
2621
2621
2621
2621
2621
2621
2621
2621
2621
2621
2621
2460
2460
2331
2331
2331
2331
2331
2331
2331
2331
2331
2331
2331
2331
2331
2331
2331
2460
2460
2460
2460
2460
2460
2460
2460
2621
2621
2621
2621
2621
2621
2621
2621
2621
2621
2621
2621
2621
2621
2621
2621
2621
2621
2621
2621
2621
2621
2621
2621
2621
2621
2621
2621
2621
2621
2621
2621
2621
2621
2621
2621
2621
2621
2621
2621
2621
2621
2621
2621
2492
2492
2492
2492
2492
2492
2492
2492
2492
2492
2492
2492
2492
2492
2492
2492
2492
2492
2492
2653
2653
2653
2653
2653
2653
2653
2653
2653
2653
2653
2653
2653
2653
2653
2653
2653
2653
2653
2653
2653
2653
2653
2653
2653
2653
2653
2653
2653
2653
2653
2653
2653
2653
2653
2653
2653
2653
2653
2653
2653
2653
2653
2653
2653
2653
2653
2653
2653
2653
2653
2653
2653
2653
2653
2653
2653
2653
2653
2653
2653
2653
2653
2653
2653
2653
2653
2653
2653
2653
2653
2653
2653
2653
2653
2653
2653
2653
2653
2653
2653
2653
2653
2653
2653
2653
2653
2653
2653
2653
2653
2653
2653
2653
2653
2653
2653
2653
2653
2653
2653
2653
2653
2653
2653
2653
2653
2653
2653
2653
2653
2653
2653
2653
2653
2653
2653
2653
2653
2653
2653
2653
2653
2653
2653
2653
2653
2653
2653
2653
2653
2653
2653
2653
2653
2653
2653
2653
2653
2653
2653
2653
2653
2653
2653
2653
2653
2653
2653
2653
2653
2653
2653
2653
2653
2653
2653
2653
2653
2653
2653
2653
2653
2653
2653
2653
2653
2653
2653
2653
2653
2653
2653
2653
2653
2492
2653
2653
2653
2653
2653
2653
2653
2653
2653
2653
2653
2653
2653
2653
2653
2653
2653
2653
2653
2653
2653
2653
2653
2653
2653
2653
2653
2653
2653
2653
2653
2653
2653
2653
2653
2653
2653
2653
2653
2653
2653
2653
2653
2653
2653
2653
2653
2653
2653
2653
2653
2653
2653
2653
2653
2653
2653
2653
2653
2653
2653
2653
2653
2653
2653
2653
2653
2653
2653
2653
2653
2653
2653
2653
2653
2653
2653
2653
2653
2653
2653
2653
2653
2653
2517
2517
2517
2517
2646
2646
2646
2646
2646
2646
2646
2646
2646
2646
2646
2646
2646
2646
2646
2646
2646
2646
2646
2646
2646
2646
2646
2646
2646
2646
2517
2517
2646
2646
2646
2646
2646
2646
2646
2646
2646
2646
2646
2646
2646
2646
2646
2646
2646
2646
2646
2646
2646
2646
2646
2646
2646
2646
2646
2646
2646
2646
2646
2646
2646
2646
2646
2646
2646
2646
2646
2646
2646
2646
2646
2646
2646
2646
2646
2646
2646
2646
2646
2646
2646
2646
2646
2646
2646
2646
2646
2646
2646
2646
2646
2646
2646
2646
2646
2646
2646
2646
2646
2646
2646
2646
2646
2646
2646
2646
2646
2646
2646
2646
2646
2646
2646
2646
2646
2646
2646
2646
2646
2646
2646
2646
2646
2646
2646
2646
2646
2646
2646
2646
2646
2646
2646
2646
2646
2646
2646
2646
2646
2646
2646
2646
2646
2646
2646
2646
2646
2646
2646
2646
2646
2646
2646
2646
2646
2646
2646
2646
2646
2646
2646
2646
2646
2646
2646
2646
2646
2646
2646
2646
2646
2646
2485
2485
2485
2485
2485
2485
2485
2485
2485
2485
2485
2485
2485
2485
2485
2485
2646
2646
2646
2646
2646
2646
2646
2646
2646
2646
2646
2646
2646
2646
2646
2646
2646
2646
2646
2646
2646
2646
2646
2646
2646
2646
2646
2646
2646
2646
2646
2646
2646
2646
2646
2646
2646
2646
2646
2646
2646
2646
2646
2646
2646
2646
2646
2646
2646
2646
2646
2646
2646
2646
2646
2646
2646
2646
2646
2646
2646
2646
2646
2646
2646
2646
2646
2646
2646
2646
2646
2646
2646
2646
2646
2646
2646
2646
2646
2646
2646
2646
2646
2646
2646
2646
2646
2646
2646
2646
2646
2646
2646
2646
2646
2646
2646
2646
2646
2646
2646
2646
2646
2646
2646
2646
2646
2646
2646
2646
2646
2646
2646
2646
2646
2646
2646
2646
2646
2646
2646
2646
2646
2646
2646
2646
2646
2646
2646
2646
2646
2646
2646
2646
2646
2646
2646
2646
2646
2646
2646
2646
2485
2485
2485
2485
2485
2485
2485
2485
2485
2485
2485
2485
2485
2485
2485
2485
2646
2646
2646
2646
2646
2646
2646
2646
2646
2646
2517
2517
2517
2517
2517
2356
2485
2485
2485
2485
2485
2485
2485
2485
2485
2485
2485
2485
2485
2646
2646
2646
2646
2646
2646
2646
2646
2646
2646
2646
2646
2646
2646
2646
2646
2646
2646
2646
2646
2646
2646
2646
2646
2646
2646
2646
2646
2646
2646
2646
2646
2646
2646
2646
2646
2646
2646
2646
2646
2646
2646
2646
2646
2646
2646
2646
2646
2646
2646
2646
2646
2646
2646
2646
2646
2646
2646
2646
2646
2646
2646
2646
2646
2646
2646
2646
2646
2646
2646
2646
2646
2485
2485
2485
2485
2485
2485
2485
2324
2324
2324
2324
2485
2485
2485
2485
2485
2485
2485
2485
2485
2485
2485
2485
2646
2646
2646
2646
2646
2646
2646
2646
2646
2646
2646
2646
2646
2646
2646
2646
2646
2646
2646
2646
2646
2646
2646
2646
2646
2646
2646
2646
2646
2646
2646
2646
2646
2646
2646
2646
2646
2646
2646
2646
2646
2646
2646
2646
2646
2646
2646
2646
2646
2646
2646
2646
2646
2646
2646
2485
2485
2485
2485
2485
2485
2621
2621
2621
2621
2621
2621
2621
2621
2621
2621
2621
2621
2621
2621
2621
2621
2621
2621
2621
2621
2621
2621
2621
2621
2621
2621
2621
2621
2621
2621
2621
2621
2621
2621
2621
2621
2621
2621
2621
2621
2621
2621
2621
2621
2621
2621
2621
2621
2621
2621
2621
2621
2621
2621
2621
2621
2621
2621
2621
2621
2621
2621
2621
2621
2621
2621
2621
2621
2621
2621
2621
2621
2621
2621
2621
2621
2621
2621
2621
2621
2621
2621
2621
2621
2621
2621
2621
2621
2621
2621
2621
2621
2621
2621
2621
2621
2621
2621
2621
2621
2621
2621
2621
2621
2621
2621
2621
2621
2621
2621
2621
2621
2621
2621
2621
2621
2621
2621
2621
2621
2621
2621
2621
2621
2621
2621
2621
2621
2621
2621
2621
2621
2621
2621
2621
2621
2621
2621
2621
2621
2621
2621
2621
2621
2621
2621
2621
2621
2621
2621
2621
2621
2621
2621
2621
2621
2621
2621
2621
2621
2621
2621
2621
2621
2621
2621
2621
2621
2621
2621
2621
2621
2621
2621
2621
2621
2621
2621
2621
2621
2621
2621
2621
2621
2621
2621
2621
2621
2621
2621
2621
2621
2621
2621
2621
2621
2621
2621
2621
2621
2621
2621
2621
2621
2621
2621
2621
2621
2621
2621
2621
2621
2621
2621
2621
2621
2621
2621
2621
2621
2621
2621
2621
2621
2621
2621
2621
2621
2621
2621
2621
2621
2621
2621
2621
2621
2621
2621
2621
2621
2621
2621
2621
2621
2621
2621
2621
2621
2621
2621
2621
2621
2621
2621
2621
2621
2621
2621
2621
2621
2621
2621
2621
2621
2621
2621
2621
2621
2621
2492
2492
2621
2621
2621
2621
2621
2621
2621
2621
2621
2621
2621
2621
2621
2621
2621
2621
2621
2621
2621
2621
2621
2621
2621
2621
2621
2621
2621
2621
2621
2621
2621
2621
2621
2621
2621
2492
2492
2492
2492
2492
2492
2492
2492
2492
2492
2492
2492
2492
2492
2492
2621
2621
2485
2485
2485
2485
2485
2485
2621
2621
2621
2621
2621
2621
2621
2621
2621
2621
2621
2621
2621
2621
2416
2416
2416
2416
2416
2416
2416
2416
2416
2416
2416
2416
2416
2416
2416
2416
2416
2416
2416
2416
2416
2416
2416
2416
2416
2416
2416
2416
2416
2416
2416
2416
2416
2416
2416
2416
2416
2416
2416
2416
2416
2416
2416
2416
2416
2416
2416
2416
2416
2416
2416
2416
2416
2416
2416
2621
2621
2621
2621
2621
2621
2621
2621
2460
2460
2460
2460
2621
2621
2621
2621
2621
2621
2621
2621
2621
2621
2621
2621
2621
2621
2621
2621
2621
2621
2621
2621
2621
2621
2621
2621
2621
2621
2621
2621
2621
2621
2621
2621
2621
2621
2621
2621
2621
2621
2621
2621
2621
2621
2621
2621
2621
2621
2621
2621
2621
2621
2621
2621
2621
2621
2621
2621
2621
2621
2621
2621
2621
2621
2621
2621
2621
2621
2621
2621
2621
2621
2621
2621
2621
2621
2621
2621
2621
2621
2621
2621
2621
2621
2621
2621
2621
2621
2621
2621
2621
2621
2621
2621
2621
2621
2621
2621
2621
2621
2621
2621
2621
2621
2621
2621
2621
2621
2621
2621
2621
2621
2621
2621
2621
2621
2621
2621
2621
2621
2621
2621
2621
2621
2621
2621
2621
2621
2621
2621
2621
2621
2621
2621
2621
2621
2621
2621
2621
2621
2621
2621
2621
2621
2621
2621
2621
2621
2621
2621
2621
2621
2621
2621
2621
2621
2621
2621
2621
2621
2621
2621
2621
2621
2621
2621
2621
2621
2621
2621
2621
2621
2621
2621
2621
2621
2621
2621
2621
2621
2621
2621
2621
2621
2621
2621
2621
2621
2621
2621
2621
2621
2621
2621
2621
2621
2621
2621
2621
2621
2621
2621
2621
2621
2621
2621
2621
2621
2621
2621
2621
2621
2621
2621
2621
2621
2621
2621
2621
2621
2621
2621
2621
2621
2621
2621
2621
2621
2621
2621
2621
2621
2621
2621
2621
2621
2492
2492
2492
2492
2492
2492
2492
2492
2492
2492
2492
2492
2492
2492
2492
2492
2492
2492
2492
2492
2492
2492
2621
2621
2621
2621
2621
2621
2621
2621
2621
2621
2621
2621
2621
2621
2621
2621
2621
2621
2621
2621
2621
2621
2621
2621
2621
2621
2621
2621
2621
2621
2621
2621
2621
2621
2621
2621
2621
2621
2621
2621
2621
2621
2621
2621
2621
2621
2621
2621
2621
2621
2621
2621
2621
2621
2621
2621
2621
2621
2621
2621
2621
2621
2621
2621
2621
2621
2621
2621
2621
2621
2621
2621
2621
2621
2621
2621
2621
2621
2621
2621
2621
2621
2621
2621
2621
2621
2621
2621
2621
2621
2621
2621
2621
2621
2621
2621
2621
2621
2621
2621
2621
2621
2621
2621
2621
2621
2621
2621
2621
2621
2621
2621
2621
2621
2621
2621
2621
2621
2621
2621
2621
2621
2621
2621
2621
2621
2621
2621
2621
2621
2621
2621
2621
2621
2621
2621
2621
2621
2621
2621
2621
2621
2621
2621
2621
2621
2621
2621
2621
2621
2621
2621
2621
2621
2621
2621
2621
2621
2621
2621
2621
2621
2621
2621
2621
2621
2621
2621
2621
2621
2621
2621
2621
2621
2621
2621
2621
2621
2621
2621
2621
2621
2621
2621
2621
2621
2621
2621
2621
2621
2621
2621
2621
2621
2621
2621
2621
2621
2621
2621
2621
2621
2621
2621
2621
2621
2621
2621
2621
2621
2621
2621
2621
2621
2621
2621
2621
2621
2621
2621
2621
2621
2621
2621
2621
2621
2621
2621
2621
2621
2621
2621
2621
2621
2621
2621
2621
2621
2621
2621
2621
2621
2621
2621
2621
2621
2621
2621
2621
2621
2621
2621
2621
2621
2621
2621
2621
2621
2621
2621
2621
2621
2621
2621
2621
2621
2621
2621
2621
2621
2621
2621
2621
2621
2621
2621
2621
2621
2621
2621
2621
2621
2621
2621
2621
2621
2621
2621
2621
2621
2621
2621
2621
2621
2621
2621
2621
2621
2621
2621
2621
2621
2621
2621
2621
2621
2621
2621
2621
2621
2621
2621
2621
2621
2621
2621
2621
2621
2621
2621
2621
2621
2621
2621
2621
2621
2621
2621
2621
2621
2621
2621
2621
2621
2621
2621
2621
2621
2621
2621
2621
2621
2621
2492
2492
2315
2347
2347
2347
2347
2347
2347
2347
2347
2347
2347
2347
2347
2347
2347
2347
2347
2347
2347
2347
2347
2315
2315
2315
2315
2315
2315
2315
2315
2315
2315
2444
2444
2444
2444
2444
2444
2444
2444
2444
2444
2444
2444
2444
2444
2444
2444
2444
2444
2444
2444
2444
2444
2444
2444
2444
2444
2444
2444
2444
2444
2444
2621
2621
2621
2621
2621
2621
2621
2621
2621
2621
2621
2621
2621
2621
2621
2621
2621
2621
2621
2621
2621
2621
2621
2621
2621
2621
2621
2621
2621
2621
2621
2621
2621
2621
2621
2621
2621
2621
2621
2621
2621
2621
2621
2621
2621
2621
2621
2621
2621
2621
2621
2621
2621
2621
2621
2621
2621
2621
2621
2621
2621
2621
2621
2621
2621
2621
2621
2621
2621
2621
2621
2621
2621
2621
2621
2621
2621
2621
2621
2621
2621
2621
2621
2621
2621
2621
2621
2621
2621
2621
2621
2621
2621
2621
2621
2621
2621
2621
2621
2621
2621
2621
2621
2621
2621
2621
2621
2621
2621
2621
2621
2621
2621
2621
2621
2621
2621
2621
2621
2621
2621
2621
2621
2621
2621
2621
2621
2621
2621
2621
2621
2621
2621
2621
2621
2621
2621
2621
2621
2621
2621
2621
2621
2621
2621
2621
2621
2621
2621
2621
2621
2621
2621
2621
2621
2621
2621
2621
2621
2621
2621
2621
2621
2621
2621
2621
2621
2621
2621
2621
2621
2621
2621
2621
2621
2621
2621
2621
2621
2621
2621
2621
2621
2621
2621
2621
2621
2621
2621
2621
2621
2621
2621
2621
2621
2621
2621
2621
2621
2621
2621
2621
2621
2621
2621
2621
2621
2621
2621
2621
2621
2621
2621
2621
2621
2621
2621
2621
2621
2621
2621
2621
2621
2621
2621
2621
2621
2621
2621
2621
2621
2621
2621
2621
2621
2621
2621
2621
2621
2621
2621
2621
2621
2621
2621
2621
2621
2621
2621
2621
2621
2621
2621
2621
2621
2621
2621
2621
2621
2621
2621
2621
2621
2621
2621
2621
2621
2621
2621
2621
2621
2621
2621
2621
2621
2621
2621
2621
2621
2621
2621
2621
2621
2621
2621
2621
2621
2621
2621
2621
2621
2621
2621
2621
2621
2621
2621
2621
2621
2621
2621
2621
2621
2621
2621
2621
2621
2621
2621
2621
2621
2621
2621
2621
2621
2621
2621
2621
2621
2621
2621
2621
2621
2621
2621
2621
2621
2621
2621
2621
2621
2621
2621
2621
2621
2621
2621
2621
2621
2621
2621
2621
2621
2621
2621
2621
2621
2621
2621
2621
2621
2621
2621
2621
2621
2621
2621
2621
2621
2621
2621
2621
2621
2621
2621
2621
2621
2621
2621
2621
2621
2621
2621
2621
2621
2621
2621
2621
2621
2621
2621
2621
2621
2621
2621
2621
2621
2621
2621
2621
2621
2621
2621
2621
2621
2621
2621
2621
2621
2621
2621
2621
2621
2621
2621
2621
2621
2621
2621
2621
2621
2621
2621
2621
2621
2621
2621
2621
2621
2621
2621
2621
2621
2621
2621
2621
2621
2621
2621
2621
2621
2621
2621
2621
2621
2621
2621
2621
2621
2621
2621
2621
2621
2621
2621
2621
2621
2621
2621
2621
2621
2621
2621
2621
2621
2621
2621
2621
2621
2621
2621
2621
2621
2621
2621
2621
2621
2621
2621
2621
2621
2621
2621
2621
2621
2621
2621
2621
2621
2621
2621
2621
2621
2621
2621
2621
2621
2621
2621
2621
2621
2621
2621
2621
2621
2621
2621
2621
2621
2621
2621
2621
2621
2621
2621
2621
2621
2492
2621
2621
2621
2621
2621
2621
2621
2621
2621
2621
2621
2621
2621
2621
2621
2621
2621
2621
2621
2621
2621
2621
2621
2621
2621
2621
2621
2621
2621
2621
2621
2621
2621
2621
2621
2621
2621
2621
2621
2621
2621
2621
2621
2621
2621
2621
2621
2621
2621
2621
2621
2621
2621
2621
2621
2621
2621
2621
2621
2621
2621
2621
2621
2621
2621
2621
2621
2621
2621
2621
2621
2621
2621
2621
2621
2621
2621
2621
2621
2621
2621
2621
2621
2621
2621
2621
2621
2621
2621
2621
2621
2621
2621
2621
2621
2621
2621
2621
2621
2621
2621
2621
2621
2621
2621
2621
2621
2621
2621
2621
2621
2621
2621
2621
2621
2621
2621
2621
2621
2621
2621
2621
2621
2621
2621
2621
2621
2621
2621
2621
2621
2621
2621
2621
2621
2621
2621
2621
2621
2621
2621
2621
2621
2621
2621
2621
2621
2621
2621
2621
2621
2621
2621
2621
2621
2621
2621
2621
2621
2621
2621
2621
2621
2621
2621
2621
2621
2621
2621
2621
2621
2621
2621
2621
2621
2621
2621
2621
2621
2621
2621
2621
2621
2621
2621
2621
2621
2621
2485
2485
2485
2485
2485
2485
2621
2621
2621
2621
2621
2621
2621
2621
2621
2621
2621
2621
2621
2621
2621
2621
2621
2621
2621
2621
2621
2621
2621
2621
2621
2621
2621
2621
2621
2621
2621
2621
2621
2621
2621
2621
2621
2621
2621
2621
2621
2621
2621
2621
2621
2621
2621
2621
2621
2621
2621
2485
2485
2485
2485
2485
2485
2485
2485
2485
2485
2485
2621
2621
2621
2621
2621
2621
2621
2621
2621
2621
2621
2621
2621
2621
2621
2621
2621
2621
2621
2621
2621
2621
2621
2621
2621
2621
2621
2621
2621
2621
2621
2621
2621
2621
2621
2621
2621
2621
2621
2621
2621
2621
2621
2621
2621
2621
2621
2621
2621
2621
2621
2621
2621
2621
2621
2621
2621
2621
2621
2621
2621
2621
2621
2621
2621
2621
2621
2621
2621
2621
2621
2621
2621
2621
2621
2621
2621
2621
2621
2621
2621
2621
2621
2621
2621
2621
2621
2621
2621
2621
2621
2621
2621
2621
2621
2621
2621
2621
2621
2621
2621
2621
2621
2621
2621
2621
2621
2621
2621
2621
2621
2621
2621
2621
2621
2621
2621
2621
2621
2621
2621
2621
2621
2621
2621
2621
2621
2621
2621
2621
2621
2459
2459
2459
2459
2459
2459
2459
2459
2459
2459
2459
2621
2621
2621
2621
2621
2621
2621
2621
2621
2621
2621
2621
2621
2621
2621
2621
2621
2621
2621
2621
2621
2621
2621
2621
2621
2621
2621
2621
2621
2621
2621
2621
2621
2621
2621
2621
2621
2621
2621
2621
2621
2621
2621
2621
2621
2621
2621
2621
2621
2621
2621
2621
2621
2621
2621
2621
2621
2621
2621
2621
2621
2621
2621
2621
2621
2621
2621
2621
2621
2621
2621
2621
2621
2621
2621
2621
2621
2621
2621
2621
2621
2621
2621
2621
2621
2621
2621
2621
2621
2621
2621
2621
2621
2621
2621
2621
2621
2621
2621
2621
2621
2621
2621
2621
2621
2621
2621
2621
2621
2621
2621
2621
2621
2621
2621
2621
2621
2621
2621
2621
2621
2621
2621
2621
2621
2621
2621
2621
2621
2621
2621
2621
2621
2621
2621
2621
2621
2621
2621
2621
2621
2621
2621
2621
2621
2621
2621
2621
2621
2621
2621
2621
2621
2621
2621
2621
2621
2621
2621
2621
2621
2621
2621
2621
2621
2621
2621
2621
2621
2621
2621
2621
2621
2621
2621
2621
2621
2621
2621
2621
2621
2621
2621
2621
2621
2621
2621
2621
2621
2621
2621
2621
2621
2621
2621
2621
2621
2621
2621
2621
2621
2621
2621
2621
2621
2621
2621
2621
2621
2621
2621
2621
2621
2621
2621
2621
2621
2621
2621
2621
2621
2621
2621
2621
2621
2621
2621
2621
2621
2621
2621
2621
2621
2621
2621
2621
2621
2621
2621
2621
2621
2621
2621
2621
2621
2621
2621
2621
2621
2621
2621
2621
2621
2621
2621
2621
2621
2621
2621
2621
2621
2621
2621
2621
2621
2621
2621
2621
2621
2621
2621
2621
2621
2621
2621
2621
2621
2621
2621
2621
2621
2621
2621
2621
2621
2621
2621
2621
2621
2621
2621
2621
2621
2621
2621
2621
2621
2621
2621
2621
2621
2621
2621
2621
2621
2621
2621
2621
2621
2621
2621
2621
2621
2621
2621
2621
2621
2621
2621
2621
2621
2621
2621
2621
2621
2621
2621
2621
2621
2621
2621
2621
2621
2621
2621
2621
2621
2621
2621
2621
2621
2621
2621
2621
2621
2621
2621
2621
2621
2621
2621
2621
2621
2621
2621
2621
2621
2621
2621
2621
2621
2621
2621
2621
2621
2621
2621
2621
2621
2621
2621
2621
2621
2621
2621
2621
2621
2621
2621
2621
2621
2621
2621
2621
2621
2621
2621
2621
2621
2621
2621
2621
2621
2621
2621
2621
2621
2621
2621
2621
2621
2621
2621
2621
2621
2621
2621
2621
2621
2621
2621
2621
2621
2621
2621
2621
2621
2621
2621
2621
2621
2621
2621
2621
2621
2621
2621
2621
2621
2621
2621
2621
2621
2621
2621
2621
2621
2621
2621
2621
2621
2621
2621
2621
2621
2621
2621
2621
2621
2621
2621
2621
2621
2621
2621
2621
2621
2621
2621
2621
2621
2621
2621
2621
2621
2621
2621
2621
2621
2621
2621
2621
2621
2621
2621
2621
2621
2621
2621
2621
2621
2621
2621
2621
2621
2621
2621
2621
2621
2621
2621
2621
2621
2621
2621
2621
2621
2621
2621
2621
2621
2621
2621
2621
2621
2621
2621
2621
2621
2621
2621
2621
2621
2621
2621
2621
2621
2621
2621
2621
2621
2621
2621
2621
2621
2621
2621
2621
2621
2621
2621
2621
2621
2621
2621
2621
2621
2621
2621
2621
2621
2621
2621
2621
2621
2621
2621
2621
2621
2621
2621
2621
2621
2621
2621
2621
2621
2621
2621
2621
2621
2621
2621
2621
2621
2621
2621
2621
2621
2621
2621
2621
2621
2621
2621
2621
2621
2621
2621
2621
2621
2621
2621
2621
2621
2621
2621
2621
2621
2621
2621
2621
2621
2621
2621
2621
2621
2621
2621
2621
2621
2621
2621
2621
2621
2621
2621
2621
2621
2621
2621
2621
2621
2621
2621
2621
2621
2621
2621
2621
2621
2621
2621
2621
2621
2621
2621
2621
2621
2621
2621
2621
2621
2621
2621
2621
2621
2621
2621
2621
2621
2621
2621
2621
2621
2621
2621
2621
2621
2621
2621
2621
2621
2621
2621
2621
2621
2621
2621
2621
2621
2621
2621
2621
2621
2621
2621
2621
2621
2621
2621
2621
2621
2621
2621
2621
2621
2621
2621
2621
2621
2621
2621
2621
2621
2621
2621
2621
2621
2621
2621
2621
2621
2621
2621
2621
2621
2621
2621
2621
2621
2621
2621
2621
2621
2621
2621
2621
2621
2621
2621
2621
2621
2621
2621
2621
2621
2621
2621
2621
2621
2621
2621
2621
2621
2621
2621
2621
2621
2621
2621
2621
2621
2621
2621
2621
2621
2621
2621
2621
2621
2621
2621
2621
2621
2621
2621
2621
2621
2621
2621
2621
2621
2621
2621
2621
2621
2621
2621
2621
2621
2621
2621
2621
2621
2621
2621
2621
2621
2621
2621
2621
2621
2621
2621
2621
2621
2621
2621
2621
2621
2621
2621
2621
2621
2621
2621
2621
2621
2621
2621
2621
2621
2621
2621
2621
2621
2621
2621
2621
2621
2621
2621
2621
2621
2621
2621
2621
2621
2621
2621
2621
2621
2621
2621
2621
2621
2621
2621
2621
2621
2621
2621
2621
2621
2621
2621
2621
2621
2621
2621
2621
2621
2621
2621
2621
2621
2621
2621
2621
2621
2621
2621
2621
2621
2621
2621
2621
2621
2621
2621
2621
2621
2621
2621
2621
2621
2621
2621
2621
2621
2621
2621
2621
2621
2621
2621
2621
2621
2621
2621
2621
2621
2621
2621
2621
2621
2621
2621
2621
2621
2621
2621
2621
2621
2621
2621
2621
2621
2621
2621
2621
2621
2621
2621
2621
2621
2621
2621
2621
2621
2621
2621
2621
2621
2621
2621
2621
2621
2621
2621
2621
2621
2621
2621
2621
2621
2621
2621
2621
2621
2621
2621
2621
2621
2621
2621
2621
2621
2621
2621
2621
2621
2621
2621
2621
2621
2621
2621
2621
2621
2621
2621
2621
2621
2621
2621
2621
2621
2621
2621
2621
2621
2621
2621
2621
2621
2621
2621
2621
2621
2621
2621
2621
2621
2621
2621
2621
2621
2621
2621
2621
2621
2621
2621
2621
2621
2621
2621
2621
2621
2621
2621
2621
2621
2621
2621
2621
2621
2621
2621
2621
2621
2621
2621
2621
2621
2621
2621
2621
2621
2621
2621
2621
2621
2621
2621
2621
2621
2621
2621
2621
2621
2621
2621
2621
2621
2621
2621
2621
2621
2621
2621
2621
2621
2621
2621
2621
2621
2621
2621
2621
2621
2621
2621
2621
2621
2621
2621
2621
2621
2621
2621
2621
2621
2621
2621
2621
2621
2621
2621
2621
2621
2621
2621
2621
2621
2621
2621
2621
2621
2621
2621
2621
2621
2621
2621
2621
2621
2621
2621
2621
2621
2621
2621
2621
2621
2621
2621
2621
2621
2621
2621
2621
2621
2621
2621
2621
2621
2621
2621
2621
2621
2621
2621
2621
2621
2621
2621
2621
2621
2621
2621
2621
2621
2621
2621
2621
2621
2621
2621
2621
2621
2621
2621
2621
2621
2621
2621
2621
2621
2621
2621
2621
2621
2621
2621
2621
2621
2621
2621
2621
2621
2621
2621
2621
2621
2621
2621
2621
2621
2621
2621
2621
2621
2621
2621
2621
2621
2621
2621
2621
2621
2621
2621
2621
2621
2621
2621
2621
2621
2621
2621
2621
2621
2621
2621
2621
2621
2621
2621
2621
2621
2621
2621
2621
2621
2621
2621
2621
2621
2621
2621
2621
2621
2621
2621
2621
2621
2621
2621
2621
2621
2621
2621
2621
2621
2621
2621
2621
2621
2621
2621
2621
2621
2621
2621
2621
2621
2621
2621
2621
2621
2621
2621
2621
2621
2621
2621
2621
2621
2621
2621
2621
2621
2621
2621
2621
2621
2621
2621
2621
2621
2621
2621
2621
2621
2621
2621
2621
2621
2621
2621
2621
2621
2621
2621
2621
2621
2621
2621
2621
2621
2621
2621
2621
2621
2621
2621
2621
2621
2621
2621
2621
2621
2621
2621
2621
2621
2621
2621
2621
2621
2621
2621
2621
2621
2621
2621
2621
2621
2621
2621
2621
2621
2621
2621
2621
2621
2621
2621
2621
2621
2621
2621
2621
2621
2621
2621
2621
2621
2621
2621
2621
2621
2621
2621
2621
2621
2621
2621
2621
2621
2621
2621
2621
2621
2621
2621
2621
2621
2621
2621
2621
2621
2621
2621
2621
2621
2621
2621
2621
2621
2621
2621
2621
2621
2621
2621
2621
2621
2621
2621
2621
2621
2621
2621
2621
2621
2621
2621
2621
2621
2621
2621
2621
2621
2621
2621
2621
2621
2621
2621
2621
2621
2621
2621
2621
2621
2621
2621
2621
2621
2621
2621
2621
2621
2621
2621
2621
2621
2621
2621
2621
2621
2621
2621
2621
2621
2621
2621
2621
2621
2621
2621
2621
2621
2621
2621
2621
2621
2621
2621
2621
2621
2621
2621
2621
2621
2621
2621
2621
2621
2621
2621
2621
2621
2621
2621
2621
2621
2621
2621
2621
2621
2621
2621
2621
2621
2621
2621
2621
2621
2621
2621
2621
2621
2621
2621
2621
2621
2621
2621
2621
2621
2621
2621
2621
2621
2621
2621
2621
2621
2621
2621
2621
2621
2621
2621
2621
2621
2621
2621
2621
2621
2621
2621
2621
2621
2621
2621
2621
2621
2621
2621
2621
2621
2621
2621
2621
2621
2621
2621
2621
2621
2621
2621
2621
2621
2621
2621
2621
2621
2621
2621
2621
2621
2621
2621
2621
2621
2621
2621
2621
2621
2621
2621
2621
2621
2621
2621
2621
2621
2621
2621
2621
2621
2621
2621
2621
2621
2621
2621
2621
2621
2621
2621
2621
2621
2621
2621
2621
2621
2621
2621
2621
2621
2621
2621
2621
2621
2621
2621
2621
2621
2621
2621
2621
2621
2621
2621
2621
2621
2621
2621
2621
2621
2621
2621
2621
2621
2621
2621
2621
2621
2621
2621
2621
2621
2621
2621
2621
2621
2621
2621
2621
2621
2621
2621
2621
2621
2621
2621
2621
2621
2621
2621
2621
2621
2621
2621
2621
2621
2621
2621
2621
2621
2621
2621
2621
2621
2621
2621
2621
2621
2621
2621
2621
2621
2621
2621
2621
2621
2621
2621
2621
2621
2621
2621
2621
2621
2621
2621
2621
2621
2621
2621
2621
2621
2621
2621
2621
2621
2621
2621
2621
2621
2621
2621
2621
2621
2621
2621
2621
2621
2621
2621
2621
2621
2621
2621
2621
2621
2621
2621
2621
2621
2621
2621
2621
2621
2621
2621
2621
2621
2621
2621
2621
2621
2621
2621
2621
2621
2621
2621
2621
2621
2621
2621
2621
2621
2621
2621
2621
2621
2621
2621
2621
2621
2621
2621
2621
2621
2621
2621
2621
2621
2621
2621
2621
2621
2621
2621
2621
2621
2621
2621
2621
2621
2621
2621
2621
2621
2621
2621
2621
2621
2621
2621
2621
2621
2621
2621
2621
2621
2621
2621
2621
2621
2621
2621
2621
2621
2621
2621
2621
2621
2621
2621
2621
2621
2621
2621
2621
2621
2621
2621
2621
2621
2621
2621
2621
2621
2621
2621
2621
2621
2621
2621
2621
2621
2621
2621
2621
2621
2621
2621
2621
2621
2621
2621
2621
2621
2621
2621
2621
2621
2621
2621
2621
2621
2621
2621
2621
2621
2621
2621
2621
2621
2621
2621
2621
2621
2621
2621
2621
2621
2621
2621
2621
2621
2621
2621
2621
2621
2621
2621
2621
2621
2621
2621
2621
2621
2621
2621
2621
2621
2621
2621
2621
2621
2621
2621
2621
2621
2621
2621
2621
2621
2621
2621
2621
2621
2621
2621
2621
2621
2621
2621
2621
2621
2621
2621
2621
2621
2621
2621
2621
2621
2621
2621
2621
2621
2621
2621
2621
2621
2621
2621
2621
2621
2621
2621
2621
2621
2621
2621
2621
2621
2621
2621
2621
2621
2621
2621
2621
2621
2621
2621
2621
2621
2621
2621
2621
2621
2621
2621
2621
2621
2621
2621
2621
2621
2621
2621
2621
2621
2621
2621
2621
2621
2621
2621
2621
2621
2621
2621
2621
2621
2621
2621
2621
2621
2621
2621
2621
2621
2621
2621
2621
2621
2621
2621
2621
2621
2621
2621
2621
2621
2621
2621
2621
2621
2621
2621
2621
2621
2621
2621
2621
2621
2621
2621
2621
2621
2621
2621
2621
2621
2621
2621
2621
2621
2621
2621
2621
2621
2621
2621
2621
2621
2621
2621
2621
2621
2621
2621
2621
2621
2621
2621
2621
2621
2621
2621
2621
2621
2621
2621
2621
2621
2621
2621
2621
2621
2621
2621
2621
2621
2621
2621
2621
2621
2621
2621
2621
2621
2621
2621
2621
2621
2621
2621
2621
2621
2621
2621
2621
2621
2621
2621
2621
2621
2621
2621
2621
2621
2621
2621
2621
2621
2621
2621
2621
2621
2621
2621
2621
2621
2621
2621
2621
2621
2621
2621
2621
2621
2621
2621
2621
2621
2621
2621
2621
2621
2621
2621
2621
2621
2621
2621
2621
2621
2621
2621
2621
2621
2621
2621
2621
2621
2621
2621
2621
2621
2621
2621
2621
2621
2621
2621
2621
2621
2621
2621
2621
2621
2621
2621
2621
2621
2621
2621
2621
2621
2621
2621
2621
2621
2621
2621
2621
2621
2621
2621
2621
2621
2621
2621
2621
2621
2621
2621
2621
2621
2621
2621
2621
2621
2621
2621
2621
2621
2621
2621
2621
2621
2621
2621
2621
2621
2621
2621
2621
2621
2621
2621
2621
2621
2621
2621
2621
2621
2621
2621
2621
2621
2621
2621
2621
2621
2621
2621
2621
2621
2621
2621
2621
2621
2621
2621
2621
2621
2621
2621
2621
2621
2621
2621
2621
2621
2621
2621
2621
2621
2621
2621
2621
2621
2621
2621
2621
2621
2621
2621
2621
2621
2621
2621
2621
2621
2621
2621
2621
2621
2621
2621
2621
2621
2621
2621
2621
2621
2621
2621
2621
2621
2621
2621
2621
2621
2621
2621
2621
2621
2621
2621
2621
2621
2621
2621
2621
2621
2621
2621
2621
2621
2621
2621
2621
2621
2621
2621
2621
2621
2621
2621
2621
2621
2621
2621
2621
2621
2621
2621
2621
2621
2621
2621
2621
2621
2621
2621
2621
2621
2621
2621
2621
2621
2621
2621
2621
2621
2621
2621
2621
2621
2621
2621
2621
2621
2621
2621
2621
2621
2621
2621
2621
2621
2621
2621
2621
2621
2621
2621
2621
2621
2621
2621
2621
2621
2621
2621
2621
2621
2621
2621
2621
2621
2621
2621
2621
2621
2621
2621
2621
2621
2621
2621
2621
2621
2621
2621
2621
2621
2621
2621
2621
2621
2621
2621
2621
2621
2621
2621
2621
2621
2621
2621
2621
2621
2621
2621
2621
2621
2621
2621
2621
2621
2621
2621
2621
2621
2621
2621
2621
2621
2621
2621
2621
2621
2621
2621
2621
2621
2621
2621
2621
2621
2621
2621
2621
2621
2621
2621
2621
2621
2621
2621
2621
2621
2621
2621
2621
2621
2621
2621
2621
2621
2621
2621
2621
2621
2621
2621
2621
2621
2621
2621
2621
2621
2621
2621
2621
2621
2621
2621
2621
2621
2621
2621
2621
2621
2621
2621
2621
2621
2621
2621
2621
2621
2621
2621
2621
2621
2621
2621
2621
2621
2621
2621
2621
2621
2621
2621
2621
2621
2621
2621
2621
2621
2621
2621
2621
2621
2621
2621
2621
2621
2621
2621
2621
2621
2621
2621
2621
2621
2621
2621
2621
2621
2621
2621
2621
2621
2621
2621
2621
2621
2621
2621
2621
2621
2621
2621
2621
2621
2621
2621
2621
2621
2621
2621
2621
2621
2621
2621
2621
2621
2621
2621
2621
2621
2621
2621
2621
2621
2621
2621
2621
2621
2621
2621
2621
2621
2621
2621
2621
2621
2621
2621
2621
2621
2621
2621
2621
2621
2621
2621
2621
2621
2621
2621
2621
2621
2621
2621
2621
2621
2621
2621
2621
2621
2621
2621
2621
2621
2621
2621
2621
2621
2621
2621
2621
2621
2621
2621
2621
2621
2621
2621
2621
2621
2621
2621
2621
2621
2621
2621
2621
2621
2621
2621
2621
2621
2621
2621
2621
2621
2621
2621
2621
2621
2621
2621
2621
2621
2621
2621
2621
2621
2621
2621
2621
2621
2621
2621
2621
2621
2621
2621
2621
2621
2621
2621
2621
2621
2621
2621
2621
2621
2621
2621
2621
2621
2621
2621
2621
2621
2621
2621
2621
2621
2621
2621
2621
2621
2621
2621
2621
2621
2621
2621
2621
2621
2621
2621
2621
2621
2621
2621
2621
2621
2621
2621
2621
2621
2621
2621
2621
2621
2621
2621
2621
2621
2621
2621
2621
2621
2621
2621
2621
2621
2621
2621
2621
2621
2621
2621
2621
2621
2621
2621
2621
2621
2621
2621
2621
2621
2621
2621
2621
2621
2621
2621
2621
2621
2621
2621
2621
2621
2621
2621
2621
2621
2621
2621
2621
2621
2621
2621
2621
2621
2621
2621
2621
2621
2621
2621
2621
2621
2621
2621
2621
2621
2621
2621
2621
2621
2621
2621
2621
2621
2621
2621
2621
2621
2621
2621
2621
2621
2621
2621
2621
2621
2621
2621
2621
2621
2621
2621
2621
2621
2621
2621
2621
2621
2621
2621
2621
2621
2621
2621
2621
2621
2621
2621
2621
2621
2621
2621
2621
2621
2621
2621
2621
2621
2621
2621
2621
2621
2621
2621
2621
2621
2621
2621
2621
2621
2621
2621
2621
2621
2621
2621
2621
2621
2621
2621
2621
2621
2621
2621
2621
2621
2621
2621
2621
2621
2621
2621
2621
2621
2621
2621
2621
2621
2621
2621
2621
2621
2621
2621
2621
2621
2621
2621
2621
2621
2621
2621
2621
2621
2621
2621
2621
2621
2621
2621
2621
2621
2621
2621
2621
2621
2621
2621
2621
2621
2621
2621
2621
2621
2621
2621
2621
2621
2621
2621
2621
2621
2621
2621
2621
2621
2621
2621
2621
2621
2621
2621
2621
2621
2621
2621
2621
2621
2621
2621
2621
2621
2621
2621
2621
2621
2621
2621
2621
2621
2621
2621
2621
2621
2621
2621
2621
2621
2621
2621
2621
2621
2621
2621
2621
2621
2621
2621
2621
2621
2621
2621
2621
2621
2621
2621
2621
2621
2621
2621
2621
2621
2621
2621
2621
2621
2621
2621
2621
2621
2621
2621
2621
2621
2621
2621
2621
2621
2621
2621
2621
2621
2621
2621
2621
2621
2621
2621
2621
2621
2621
2621
2621
2621
2621
2621
2621
2621
2621
2621
2621
2621
2621
2621
2621
2621
2621
2621
2621
2621
2621
2621
2621
2621
2621
2621
2621
2621
2621
2621
2621
2621
2621
2621
2621
2621
2621
2621
2621
2621
2621
2621
2621
2621
2621
2621
2621
2621
2621
2621
2621
2621
2621
2621
2621
2621
2621
2621
2621
2621
2621
2621
2621
2621
2621
2621
2621
2621
2621
2621
2621
2621
2621
2621
2621
2621
2621
2621
2621
2621
2621
2621
2621
2621
2621
2621
2621
2621
2621
2621
2621
2621
2621
2621
2621
2621
2621
2621
2621
2621
2621
2621
2621
2621
2621
2621
2621
2621
2621
2621
2621
2621
2621
2621
2621
2621
2621
2621
2621
2621
2621
2621
2621
2621
2621
2621
2621
2621
2621
2621
2621
2621
2621
2621
2621
2621
2621
2621
2621
2621
2621
2621
2621
2621
2621
2621
2621
2621
2621
2621
2621
2621
2621
2621
2621
2621
2621
2621
2621
2621
2621
2621
2621
2621
2621
2621
2621
2621
2621
2621
2621
2621
2621
2621
2621
2621
2621
2621
2621
2621
2621
2621
2621
2621
2621
2621
2621
2621
2621
2621
2621
2621
2621
2621
2621
2621
2621
2621
2621
2621
2621
2621
2621
2621
2621
2621
2621
2621
2621
2621
2621
2621
2621
2621
2621
2621
2621
2621
2621
2621
2621
2621
2621
2621
2621
2621
2621
2621
2621
2621
2621
2621
2621
2621
2621
2621
2621
2621
2621
2621
2621
2621
2621
2621
2621
2621
2621
2621
2621
2621
2621
2621
2621
2621
2621
2621
2621
2621
2621
2621
2621
2621
2621
2621
2621
2621
2621
2621
2621
2621
2621
2621
2621
2621
2621
2621
2621
2621
2621
2621
2621
2621
2621
2621
2621
2621
2621
2621
2621
2621
2621
2621
2621
2621
2621
2621
2621
2621
2621
2621
2621
2621
2621
2621
2621
2621
2621
2621
2621
2621
2621
2621
2621
2621
2621
2621
2621
2621
2621
2621
2621
2621
2621
2621
2621
2621
2621
2621
2621
2621
2621
2621
2621
2621
2621
2621
2621
2621
2621
2621
2621
2621
2621
2621
2621
2621
2621
2621
2621
2621
2621
2621
2621
2621
2621
2621
2621
2621
2621
2621
2621
2621
2621
2621
2621
2621
2621
2621
2621
2621
2621
2621
2621
2621
2621
2621
2621
2621
2621
2621
2621
2621
2621
2621
2621
2621
2621
2621
2621
2621
2621
2621
2621
2621
2621
2621
2621
2621
2621
2621
2621
2621
2621
2621
2621
2621
2621
2621
2621
2621
2621
2621
2621
2621
2621
2621
2621
2621
2621
2621
2621
2621
2621
2621
2621
2621
2621
2621
2621
2621
2621
2621
2621
2621
2621
2621
2621
2621
2621
2621
2621
2621
2621
2621
2621
2621
2621
2621
2621
2621
2621
2621
2621
2621
2621
2621
2621
2621
2621
2621
2621
2621
2621
2621
2621
2621
2621
2621
2621
2621
2621
2621
2621
2621
2621
2621
2621
2621
2621
2621
2621
2621
2621
2621
2621
2621
2621
2621
2621
2621
2621
2621
2621
2621
2621
2621
2621
2621
2621
2621
2621
2621
2621
2621
2621
2621
2621
2621
2621
2621
2621
2621
2621
2621
2621
2621
2621
2621
2621
2621
2621
2621
2621
2621
2621
2621
2621
2621
2621
2621
2621
2621
2621
2621
2621
2621
2621
2621
2621
2621
2621
2621
2621
2621
2621
2621
2621
2621
2621
2621
2621
2621
2621
2621
2621
2621
2621
2621
2621
2621
2621
2621
2621
2621
2621
2621
2621
2621
2621
2621
2621
2621
2621
2621
2621
2621
2621
2621
2621
2621
2621
2621
2621
2621
2621
2621
2621
2621
2621
2621
2621
2621
2621
2621
2621
2621
2621
2621
2621
2621
2621
2621
2621
2621
2621
2621
2621
2621
2621
2621
2621
2621
2621
2621
2621
2621
2621
2621
2621
2621
2621
2621
2621
2621
2621
2621
2621
2621
2621
2621
2621
2621
2621
2621
2621
2621
2621
2621
2621
2621
2621
2621
2621
2621
2621
2621
2621
2621
2621
2621
2621
2621
2621
2621
2621
2621
2621
2621
2621
2621
2621
2621
2621
2621
2621
2621
2621
2621
2621
2621
2621
2621
2621
2621
2621
2621
2621
2621
2621
2621
2621
2621
2621
2621
2621
2621
2621
2621
2621
2621
2621
2621
2621
2621
2621
2621
2621
2621
2621
2621
2621
2621
2621
2621
2621
2621
2621
2621
2621
2621
2621
2621
2621
2621
2621
2621
2621
2621
2621
2621
2621
2621
2621
2621
2621
2621
2621
2621
2621
2621
2621
2621
2621
2621
2621
2621
2621
2621
2621
2621
2621
2621
2621
2621
2621
2621
2621
2621
2621
2621
2621
2621
2621
2621
2621
2621
2621
2621
2621
2621
2621
2621
2621
2621
2621
2621
2621
2621
2621
2621
2621
2621
2621
2621
2621
2621
2621
2621
2621
2621
2621
2621
2621
2621
2621
2621
2621
2621
2621
2621
2621
2621
2621
2621
2621
2621
2621
2621
2621
2621
2621
2621
2621
2621
2621
2621
2621
2621
2621
2621
2621
2621
2621
2621
2621
2621
2621
2621
2621
2621
2621
2621
2621
2621
2621
2621
2621
2621
2621
2621
2621
2621
2621
2621
2621
2621
2621
2621
2621
2621
2621
2621
2621
2621
2621
2621
2621
2621
2621
2621
2621
2621
2621
2621
2621
2621
2621
2621
2621
2621
2621
2621
2621
2621
2621
2621
2621
2621
2621
2621
2621
2621
2621
2621
2621
2621
2621
2621
2621
2621
2621
2621
2621
2621
2621
2621
2621
2621
2621
2621
2621
2621
2621
2621
2621
2621
2621
2621
2621
2621
2621
2621
2621
2621
2621
2621
2621
2621
2621
2621
2621
2621
2621
2621
2621
2621
2621
2621
2621
2621
2621
2621
2621
2621
2621
2621
2621
2621
2621
2621
2621
2621
2621
2621
2621
2621
2621
2621
2621
2621
2621
2621
2621
2621
2621
2621
2621
2621
2621
2621
2621
2621
2621
2621
2621
2621
2621
2621
2621
2621
2621
2621
2621
2621
2621
2621
2621
2621
2621
2621
2621
2621
2621
2621
2621
2621
2621
2621
2621
2621
2621
2621
2621
2621
2621
2621
2621
2621
2621
2621
2621
2621
2621
2621
2621
2621
2621
2621
2621
2621
2621
2621
2621
2621
2621
2621
2621
2621
2621
2621
2621
2621
2621
2621
2621
2621
2621
2621
2621
2621
2621
2621
2621
2621
2621
2621
2621
2621
2621
2621
2621
2621
2621
2621
2621
2621
2621
2621
2621
2621
2621
2621
2621
2621
2621
2621
2621
2621
2621
2621
2621
2621
2621
2621
2621
2621
2621
2621
2621
2621
2621
2621
2621
2621
2621
2621
2621
2621
2621
2621
2621
2621
2621
2621
2621
2621
2621
2621
2621
2621
2621
2621
2621
2621
2621
2621
2621
2621
2621
2621
2621
2621
2621
2621
2621
2621
2621
2621
2621
2621
2621
2621
2621
2621
2621
2621
2621
2621
2621
2621
2621
2621
2621
2621
2621
2621
2621
2621
2621
2621
2621
2621
2621
2621
2621
2621
2621
2621
2621
2621
2621
2621
2621
2621
2621
2621
2621
2621
2621
2621
2621
2621
2621
2621
2621
2621
2621
2621
2621
2621
2621
2621
2621
2621
2621
2621
2621
2621
2621
2621
2621
2621
2621
2621
2621
2621
2621
2621
2621
2621
2621
2621
2621
2621
2621
2621
2621
2621
2621
2621
2621
2621
2621
2621
2621
2621
2621
2621
2621
2621
2621
2621
2621
2621
2621
2621
2621
2621
2621
2621
2621
2621
2621
2621
2621
2621
2621
2621
2621
2621
2621
2621
2621
2621
2621
2621
2621
2621
2621
2621
2621
2621
2621
2621
2621
2621
2621
2621
2621
2621
2621
2621
2621
2621
2621
2621
2621
2621
2621
2621
2621
2621
2621
2621
2621
2621
2621
2621
2621
2621
2621
2621
2621
2621
2621
2621
2621
2621
2621
2621
2621
2621
2621
2621
2621
2621
2621
2621
2621
2621
2621
2621
2621
2621
2621
2621
2621
2621
2621
2621
2621
2621
2621
2621
2621
2621
2621
2621
2621
2621
2621
2621
2621
2621
2621
2621
2621
2621
2621
2621
2621
2621
2621
2621
2621
2621
2621
2621
2621
2621
2621
2621
2621
2621
2621
2621
2621
2621
2621
2621
2621
2621
2621
2621
2621
2621
2621
2621
2621
2621
2621
2621
2621
2621
2621
2621
2621
2621
2621
2621
2621
2621
2621
2621
2621
2621
2621
2621
2621
2621
2621
2621
2621
2621
2621
2621
2621
2621
2621
2621
2621
2621
2621
2621
2621
2621
2621
2621
2621
2621
2621
2621
2621
2621
2621
2621
2621
2621
2621
2621
2621
2621
2621
2621
2621
2621
2621
2621
2621
2621
2621
2621
2621
2621
2621
2621
2621
2621
2621
2621
2621
2621
2621
2621
2621
2621
2621
2621
2621
2621
2621
2621
2621
2621
2621
2621
2621
2621
2621
2621
2621
2621
2621
2621
2621
2621
2621
2621
2621
2621
2621
2621
2621
2621
2621
2621
2621
2621
2621
2621
2621
2621
2621
2621
2621
2621
2621
2621
2621
2621
2621
2621
2621
2621
2621
2621
2621
2621
2621
2621
2621
2621
2621
2621
2621
2621
2621
2621
2621
2621
2621
2621
2621
2621
2621
2621
2621
2621
2621
2621
2621
2621
2621
2621
2621
2621
2621
2621
2621
2621
2621
2621
2621
2621
2621
2621
2621
2621
2621
2621
2621
2621
2621
2621
2621
2621
2621
2621
2621
2621
2621
2621
2621
2621
2621
2621
2621
2621
2621
2621
2621
2621
2621
2621
2621
2621
2621
2621
2621
2621
2621
2621
2621
2621
2621
2621
2621
2621
2621
2621
2621
2621
2621
2621
2621
2621
2621
2621
2621
2621
2621
2621
2621
2621
2621
2621
2621
2621
2621
2621
2621
2621
2621
2621
2621
2621
2621
2621
2621
2621
2621
2621
2621
2621
2621
2621
2621
2621
2621
2621
2621
2621
2621
2621
2621
2621
2621
2621
2621
2621
2621
2621
2621
2621
2621
2621
2621
2621
2621
2621
2621
2621
2621
2621
2621
2621
2621
2621
2621
2621
2621
2621
2621
2621
2621
2621
2621
2621
2621
2621
2621
2621
2621
2621
2621
2621
2621
2621
2621
2621
2621
2621
2621
2621
2621
2621
2621
2621
2621
2621
2621
2621
2621
2621
2621
2621
2621
2621
2621
2621
2621
2621
2621
2621
2621
2621
2621
2621
2621
2621
2621
2621
2621
2621
2621
2621
2621
2621
2621
2621
2621
2621
2621
2621
2621
2621
2621
2621
2621
2621
2621
2621
2621
2621
2621
2621
2621
2621
2621
2621
2621
2621
2621
2621
2621
2621
2621
2621
2621
2621
2621
2621
2621
2621
2621
2621
2621
2621
2621
2621
2621
2621
2621
2621
2621
2621
2621
2621
2621
2621
2621
2621
2621
2621
2621
2621
2621
2621
2621
2621
2621
2621
2621
2621
2621
2621
2621
2621
2621
2621
2621
2621
2621
2621
2621
2621
2621
2621
2621
2621
2621
2621
2621
2621
2621
2621
2621
2621
2621
2621
2621
2621
2621
2621
2621
2621
2621
2621
2621
2621
2621
2621
2621
2621
2621
2621
2621
2621
2621
2621
2621
2621
2621
2621
2621
2621
2621
2621
2621
2621
2621
2621
2621
2621
2621
2621
2621
2621
2621
2621
2621
2621
2621
2621
2621
2621
2621
2621
2621
2621
2621
2621
2621
2621
2621
2621
2621
2621
2621
2621
2621
2621
2621
2621
2621
2621
2621
2621
2621
2621
2621
2621
2621
2621
2621
2621
2621
2621
2621
2621
2621
2621
2621
2621
2621
2621
2621
2621
2621
2621
2621
2621
2621
2621
2621
2621
2621
2621
2621
2621
2621
2621
2621
2621
2621
2621
2621
2621
2621
2621
2621
2621
2621
2621
2621
2621
2621
2621
2621
2621
2621
2621
2621
2621
2621
2621
2621
2621
2621
2621
2621
2621
2621
2621
2621
2621
2621
2621
2621
2621
2621
2621
2621
2621
2621
2621
2621
2621
2621
2621
2621
2621
2621
2621
2621
2621
2621
2621
2621
2621
2621
2621
2621
2621
2621
2621
2621
2621
2621
2621
2621
2621
2621
2621
2621
2621
2621
2621
2621
2621
2621
2621
2621
2621
2621
2621
2621
2621
2621
2621
2621
2621
2621
2621
2621
2621
2621
2621
2621
2621
2621
2621
2621
2621
2621
2621
2621
2621
2621
2621
2621
2621
2621
2621
2621
2621
2621
2621
2621
2621
2621
2621
2621
2621
2621
2621
2621
2621
2621
2621
2621
2621
2621
2621
2621
2621
2621
2621
2621
2621
2621
2621
2621
2621
2621
2621
2621
2621
2621
2621
2621
2621
2621
2621
2621
2621
2621
2621
2621
2621
2621
2621
2621
2621
2621
2621
2621
2621
2621
2621
2621
2621
2621
2621
2621
2621
2621
2621
2621
2621
2621
2621
2621
2621
2621
2621
2621
2621
2621
2621
2621
2621
2621
2621
2621
2621
2621
2621
2621
2621
2621
2621
2621
2621
2621
2621
2621
2621
2621
2621
2621
2621
2621
2621
2621
2621
2621
2621
2621
2621
2621
2621
2621
2621
2621
2621
2621
2621
2621
2621
2621
2621
2621
2621
2621
2621
2621
2621
2621
2621
2621
