2804
2804
2290
2614
2713
2614
2615
1988
2502
2501
2500
2798
3195
3294
2970
2573
2684
2732
2394
2283
2288
2915
3159
3595
3590
3591
3189
2891
2918
2674
2919
2919
2292
2293
1751
2075
1639
1639
2041
1717
1717
1828
2225
2198
2225
2661
2613
2661
2959
2959
2445
2334
2334
1937
2451
2424
2423
2375
2713
2718
2316
2315
2942
2644
2942
2942
3339
3450
3852
3852
3225
3273
3517
3518
3138
3133
3513
3672
3561
3566
3164
3275
3599
3594
3214
2876
3214
2700
2700
2402
2407
2434
2976
3490
3391
3390
3363
3990
3476
3231
3258
3503
3602
3166
3680
3680
3138
3138
3133
3106
3648
3021
2776
3021
3648
3324
3225
3252
3252
3257
3659
4095
4095
3693
3991
4393
4149
4393
4388
4389
4341
4341
4341
4230
4071
3826
3874
3874
3874
3985
3985
3588
3588
3561
3720
3422
3311
3067
3447
3399
3498
3498
3796
3394
3639
3883
3882
3584
3585
3590
3590
3346
2966
2993
2834
3236
3347
2805
2778
2778
2773
2800
2398
2371
2376
2773
2773
2932
3230
3229
3771
3819
3574
3976
3976
3638
3638
3639
3012
3639
3639
3528
3529
2987
2888
2729
2332
2576
2973
2972
2971
3082
3327
3486
3241
3621
3616
3940
3538
3158
3560
3560
4102
4482
4184
3782
3782
4120
4009
4010
4010
4011
3384
3384
3495
3384
3411
3363
3363
3368
3995
3994
3994
3994
3994
3994
3994
4239
4350
4191
4350
4350
3970
3859
3832
4212
4311
4422
4417
4715
4720
4340
4241
3943
3784
3779
3878
3878
4280
4660
4958
4561
4450
4455
4019
3920
4317
4317
4317
3775
4317
4072
3675
3431
3867
3915
3942
3937
3535
3021
2479
2155
2155
2154
2155
2557
2509
2171
2568
2813
2411
2510
2510
2754
3268
3169
3169
3170
3712
3332
3491
3602
3575
3574
3276
3574
3574
3574
3463
3304
3304
3304
3060
3061
3385
2871
2982
2658
3038
2793
2793
3117
3216
3105
3110
3448
3448
3124
3369
3693
3741
4255
4255
4282
4255
4255
4255
3917
3375
3370
3370
3125
3125
2827
2827
3369
3369
3368
3369
3613
2986
3284
3311
3284
3284
3686
4024
4023
4650
4650
4649
4405
4516
4136
4136
4163
4163
3825
3423
3761
3920
4300
4545
4446
4690
5092
4981
4933
4933
4391
4391
4439
4391
4391
4147
4258
4263
4258
3920
3920
3920
3622
3511
3512
4054
4153
4153
4397
4396
4397
4298
3862
4160
4259
4259
4259
4695
4695
4298
4000
3999
3675
3048
3021
2862
3021
3048
3096
3048
3386
3684
3142
3539
3159
2762
2248
2645
2969
3596
3976
3579
3579
3255
3011
3012
3013
3124
2826
3340
3002
2843
3385
2871
2871
2760
3098
3098
3209
3368
3882
4126
3724
3724
4121
3494
3097
3494
3335
3633
3633
3522
3570
4197
4202
3958
3416
2980
2735
2221
1824
2069
2042
2444
2396
2423
2667
3209
2965
3124
3123
3122
3519
4033
4357
4258
4099
4100
4344
4100
4211
4310
3683
3683
4310
4199
4199
4199
4199
4198
3684
3585
3261
3261
3256
3256
3415
3415
2873
2984
2984
3526
3228
3229
3118
2959
2959
2959
3283
3527
3203
3203
3501
3501
3502
3501
3501
3256
2714
3256
3256
3355
3679
3790
4304
4193
3651
3896
3944
3944
4380
4380
4922
4922
5033
5033
4406
4082
4083
4083
4083
4083
4083
4710
4710
4274
4433
3806
3695
3694
4130
4135
4036
4035
3737
4364
4364
4688
4986
4742
4345
4456
4457
4854
4516
4192
3790
3790
3790
3631
3234
3234
2720
2879
2768
3106
3079
3190
3190
3190
3592
3592
3544
3544
3433
3532
2905
2567
2566
2593
2566
2566
2268
2263
1883
1883
1910
1910
1665
1670
2067
2115
2115
2495
2396
2640
2640
2938
2541
2542
2880
3204
2960
2580
2553
2580
2580
2580
2553
3067
3311
3310
3310
3337
3338
3094
3721
3965
3965
3965
3966
3628
3628
3330
3330
3330
2788
2386
2385
2358
1922
1923
1679
1678
1976
1817
2197
1570
1570
1571
1523
1571
1570
1570
2112
2107
2509
2847
2445
3072
3072
3317
3269
3268
3269
2755
2755
2755
3269
3368
3527
3203
3447
3474
3230
3474
3910
3910
3910
4021
3394
3393
3393
3441
3342
2800
3427
3316
3321
3723
3724
3386
3006
3006
3005
3000
3000
2952
3051
3051
3052
3053
2808
2781
2786
2834
2320
2347
2347
2188
2526
2188
2526
2478
2723
3047
3427
3538
3538
3586
3745
3745
3365
3879
4421
4322
4719
4421
4421
4420
4415
4170
4122
4221
4062
4063
4036
4035
4035
4036
4036
4195
3857
3698
3943
3316
3217
2973
3311
3311
3691
3690
3691
3989
3665
3420
3309
3314
3473
3472
3473
3500
3064
3064
3163
3408
3519
3181
3808
4244
4145
4145
4145
4483
4086
4085
4184
4185
4086
3459
3458
3457
3452
3453
3452
4079
4052
4052
3754
3509
3350
3355
3356
3245
2907
2907
2955
2519
2955
3253
3497
3742
3769
3333
3306
3465
3576
3528
3852
3450
3451
3446
2932
3446
3148
3545
3545
3545
3221
3248
3586
3591
3591
3564
3663
3658
3499
3119
3443
2929
3309
3823
3823
3982
4009
4014
3987
4285
4285
4333
4333
4328
4030
3692
3178
3178
2781
2780
3216
3217
3217
2675
2674
3012
3554
3581
4095
4047
4444
4285
4583
4584
4148
4148
3904
3362
3362
3361
3366
3267
2753
2373
2374
2422
2422
2422
2395
2395
2395
2797
2896
2785
2785
3299
3299
3679
3580
3824
3923
4034
4193
4094
4094
3935
3935
3935
3962
3961
4060
3736
4172
4171
4123
4024
4348
4348
4348
4890
4989
5037
5037
4989
4989
4744
4744
4744
4989
5148
5148
5143
5143
4899
4800
4800
5044
5045
5045
5045
4801
4259
4264
4259
4260
3633
3633
3732
3487
3487
3189
3487
3487
3487
2973
3600
3600
3845
3448
3421
3469
3866
3866
3621
3621
3865
3817
3816
3821
3441
3442
3331
3087
3087
3087
3086
2689
2934
2934
2934
3331
3033
3033
3033
2695
2694
2694
2292
2287
2292
2340
2341
2242
2269
2671
2044
2039
2039
2377
2218
2218
2170
2170
2175
2176
2275
1937
1937
1540
1535
1535
1535
1873
2032
2031
2031
2031
2031
1872
1920
1920
1920
2031
2031
2030
2030
2031
2004
2518
2677
3304
3145
3145
2631
2583
2583
2963
2583
3097
2852
3097
3096
3638
3638
3797
3824
3824
3797
3798
3846
3851
3850
3850
4094
4094
4094
3983
4363
4363
4315
4316
4315
3991
3986
3827
3827
4125
3723
3723
3723
3343
3099
3258
3502
3507
3507
3508
3509
3509
3350
3350
3350
3350
3398
3398
3398
3509
2882
3279
3034
2923
2950
2950
2706
3030
3030
3030
3189
3433
3433
3433
3274
3273
3273
3268
3670
3670
3128
3670
4050
3726
4050
4050
4161
4161
4161
4166
4118
4007
4007
4008
3710
3710
4008
4008
4007
4118
4363
4362
4357
4357
4357
4357
4362
4335
4383
4384
4411
4570
4570
4570
4570
4570
4570
4522
4495
4396
4396
4423
4099
3855
3855
3855
3855
3557
3552
3557
3605
3929
3924
3813
4057
4156
4156
3642
3642
3398
3239
3866
3866
3528
3501
3506
3506
3507
3618
3618
3777
4021
3910
3905
3746
3422
3760
3919
3919
3919
4217
4217
4731
4334
4334
3792
4116
4658
4559
4558
4657
4658
4360
4359
4311
4067
4072
3827
4071
4182
4182
4177
3775
3775
4172
4073
4073
4078
4078
4078
4078
4078
4105
3781
3781
3670
3156
3255
3500
3500
3401
3401
3021
2862
2863
3161
3563
3558
4072
4183
4183
4183
4183
4183
4183
4182
3555
3556
3555
3603
3167
3167
3547
3249
3249
3005
3005
3164
3163
3599
3599
3698
3587
3560
3018
3342
3342
3342
2940
2945
2940
2940
2940
2940
2967
2967
3594
3349
3350
3251
3496
3595
3595
3595
4137
4142
4142
4142
4142
3897
3738
3897
3897
4008
3494
3792
3792
3468
3130
3454
3427
3829
4074
4074
4074
3750
3639
3639
3977
3977
3978
3977
3972
3972
3873
3825
4149
4393
4393
4149
3851
3950
4248
4089
4603
4604
4609
3982
3468
3627
3247
2811
3247
2909
3247
2923
3437
3437
3437
3548
3596
3548
3548
3548
3575
3277
3276
3249
2911
2911
2911
3209
2807
3051
3050
3050
3050
3374
3076
2832
2832
3076
3124
2582
2582
3124
3124
3462
3489
2975
2970
2975
2975
2976
2732
2684
2683
2683
2683
2684
2684
2684
2685
2685
2685
3087
3086
3086
2841
2889
2889
3134
3514
3514
3514
3513
3175
3170
3508
3509
3514
3514
3514
3112
3626
3626
3626
3626
3626
3246
3247
3002
3002
2997
2996
2885
2885
3287
2890
3270
3222
3520
3520
3361
3520
3631
3636
3636
3636
3338
3339
3240
3235
3124
3369
3369
3124
3369
2989
2989
3088
3088
3088
3332
3332
3332
3332
3331
3442
2928
2683
2928
2928
2928
2928
2901
2949
3346
3373
3262
3262
3263
3777
3380
3380
3760
3871
3469
3370
3767
4394
4399
4398
4350
4350
4350
4350
4106
3592
3592
3254
3498
3497
3497
4011
4012
4011
4011
4012
4012
3985
3984
3985
3471
3873
4171
4171
4171
4172
4172
3927
3922
3927
3629
3967
4066
3967
4265
4292
4806
4806
4806
4468
4806
4806
4695
4695
4695
4695
4694
4258
3861
3234
3229
3665
4292
4292
4292
4292
4689
4934
4934
4689
4662
4418
4662
4662
4503
4602
4629
4740
4741
4741
4741
4741
4740
4740
4442
3900
4198
4087
4087
4135
3508
3508
3184
3136
3109
3354
3359
3359
3683
3683
3683
3683
4310
4310
4852
4879
4879
4879
4879
4879
4443
4438
4438
4597
4498
4498
4503
4503
4614
4100
3989
3745
3744
3717
3419
3419
3174
3285
3280
3307
3312
3312
3201
3201
3201
3201
3201
3201
3445
3743
3584
3585
3585
3585
2958
2556
2958
2959
2959
3118
3554
3602
3602
3713
3712
3707
3707
3707
4221
3977
3639
4266
4266
4266
4511
4075
3695
3794
3794
3794
3496
3337
3337
3289
3044
3342
3342
3586
3586
3966
3971
3574
3574
3575
4011
4011
4011
4010
4348
4343
4244
4244
4343
4343
4343
4343
4502
4403
4408
4297
3895
3895
3896
3896
4141
4141
3843
3843
3942
3941
3941
3936
4234
4235
4234
4234
4234
4631
4251
4251
4653
4653
4408
4408
4408
4456
4456
4408
4408
4519
4899
4899
4899
4655
4655
4141
4114
4162
3838
3739
3739
4063
4068
4313
4313
4313
4068
4068
4312
4311
4311
4200
4200
4200
3798
3798
4200
4200
4311
4311
4311
4556
4556
4557
4557
4557
4557
4557
4656
4656
4656
4656
4608
4449
4052
3807
3696
4093
3994
4508
4508
4128
3726
3971
3971
3970
4129
4129
4177
4288
4283
4283
4284
4284
4686
4638
4638
4638
4638
4638
4300
4327
4327
4375
4375
4216
4216
4216
4315
4695
4371
4371
4371
3857
3612
3771
3771
3527
3130
3129
2502
2403
2376
3003
3517
3841
3841
3730
3350
3351
3351
2915
2920
2920
3300
3299
3299
3299
3300
3327
3327
3327
3438
3776
4020
4020
4417
4390
4390
4390
4417
4306
4301
4301
4306
4417
4417
4516
4178
4178
4178
4177
4177
4178
4614
4614
4615
4615
4567
4567
4566
3939
3840
3443
3443
3443
3542
3443
4070
4070
4408
4408
4407
4407
4407
4380
4380
4380
4407
4380
4269
4269
4269
4110
4110
3866
3965
3965
3965
3966
3867
3867
3868
3868
3867
3894
3867
3867
3862
3862
3862
3889
3889
3888
3999
4396
4285
4285
4530
4530
4530
4530
4531
4531
4532
4580
4579
4241
3861
3866
3866
3866
4246
4405
4743
4695
4293
4695
4694
4292
4292
3968
4016
4418
4418
4418
4259
4254
4255
4260
4233
4260
4255
4255
4255
4207
4255
4255
4254
4254
4227
4386
3984
3985
3605
3605
3606
3606
3606
3850
3606
3606
3606
3606
3092
3097
2852
2852
3232
3231
3342
3341
3293
3617
3319
3320
3320
3209
3204
3204
2880
2879
2990
2831
3075
3123
3123
3124
3124
3124
3124
3369
3667
3270
3270
3270
3270
3271
3298
3397
3556
3312
3312
3311
3284
3798
3798
3699
3704
3545
3545
3497
3497
3899
3899
3926
4170
3832
3832
3832
3880
3880
3881
3881
3854
3854
3610
3637
3095
3419
3308
2984
2604
2604
2599
2598
2196
2295
2454
2996
2995
3333
3338
3735
3708
4088
4088
4088
4088
4089
4116
4518
4491
4491
4492
4491
4491
4491
4443
4198
4197
4308
4309
4633
4681
4681
4680
4680
4680
4569
4569
4680
4278
4278
4273
3893
4137
3740
4120
4517
4919
4820
4820
4496
4496
4448
4475
4476
4481
4726
4726
4825
4825
4714
4715
4318
4318
4317
4019
4019
3681
3681
4005
4000
4397
4238
4211
4322
4322
4322
4323
4371
4371
4323
4323
4078
4078
3979
3868
3868
3868
3967
4126
3746
4084
4084
3542
3541
3217
3217
3217
3462
3760
3760
3760
3760
3787
3787
3787
3351
3351
3356
3404
3404
3305
3416
3740
3581
3680
3680
3435
3435
3435
3191
3191
3191
3190
3191
3191
3436
3436
3325
3277
3521
3521
3521
3197
3245
3244
2999
3110
3110
3434
3976
3976
4135
4135
4571
4951
4951
4951
4903
4903
4951
4903
4903
4903
4659
4707
4707
4707
4707
4271
4516
4952
4953
4905
4905
4953
4953
4953
4517
4953
4953
4953
4953
4953
4953
4953
4953
4953
4556
4457
4457
4452
4452
4457
4457
4457
4457
4457
4457
4212
4212
4053
4053
4212
4185
4185
4186
4430
4271
4370
4370
3968
3968
4213
4213
4240
4239
4239
3901
3900
3900
3901
3577
3979
3979
3979
3681
3681
3681
3582
3582
3555
3952
4111
4111
4111
4111
4111
4111
4111
4110
4448
4443
4542
4494
4114
4114
4141
4141
4521
3979
3979
3868
3868
3868
3873
3846
3846
3847
3874
3874
4172
4171
4171
4172
4172
4172
3770
3770
3771
3771
3771
3771
3770
3881
4423
4471
4472
4373
4373
4368
4368
4367
4340
4340
4742
4742
5066
4630
4630
4631
4631
4636
4636
4525
4525
4477
4576
4576
4575
4575
4575
4173
3928
3928
3928
3927
3927
3928
3928
3927
3927
4038
4065
4113
4113
4113
4113
4108
3997
3997
3838
3838
3811
4056
4056
4056
3718
3670
3675
3675
3675
3576
3624
4026
4026
4027
4022
4049
4160
4160
4160
4160
4165
4601
4574
4574
4574
4574
4574
4526
4526
4526
4685
4685
4685
4784
4784
4625
4625
4620
4620
4620
4621
4621
4621
4620
4620
4620
4620
4620
4620
4668
4668
4668
4827
5165
5165
5165
5165
5165
5164
5164
5164
5169
4789
4491
4246
4246
4544
4789
4690
4690
4691
4691
4691
4691
4691
4691
4691
4692
5072
4734
4729
4681
4708
4708
4708
5046
4801
4806
4562
4561
4263
4264
4153
4153
4148
4393
4393
4366
4366
4366
4366
4366
4414
4712
4712
4712
4811
4811
4811
4811
4810
4810
4486
4486
4486
4486
4486
4491
4490
4442
4442
4442
4442
4442
4442
4442
4443
4443
4443
4687
4686
5010
5010
5037
5037
5085
4841
4841
4742
4444
4742
4853
4853
4854
4854
4854
4854
5098
5093
5094
5046
5046
5045
5045
5045
5093
5093
5093
4982
4983
4983
4988
5087
5087
5086
5086
5086
5038
5039
5034
5034
5039
4701
4700
4700
4700
4701
4701
4701
4701
4701
5039
4637
4637
5039
5039
5038
5039
5039
5039
5039
5039
5039
5039
5039
5039
5039
5039
4659
4659
4414
4659
4659
4659
4659
4658
4658
4657
4705
4816
4811
4763
4768
4669
4425
4425
4425
4425
4669
4669
4670
4670
4670
4670
4670
4643
4643
4643
4742
4742
4742
4498
4525
4525
4526
4499
4498
4493
4155
3857
3857
3857
4195
4194
4194
3870
4250
4250
4277
4325
4623
4623
4623
4624
4948
4948
4947
4948
4948
4949
4949
4552
4552
4551
4551
4551
4551
4551
4551
4551
4551
4556
4556
4556
4555
4555
4555
4555
4555
4556
4557
4556
4397
4286
4286
4286
4397
4397
4392
4391
4364
4761
4761
4920
4920
4582
4582
4534
4534
4582
4582
4582
4582
4587
4587
4428
4423
4424
4424
4424
4583
4583
4588
4588
4926
4926
4953
4953
4953
4854
4854
4853
4694
4694
4694
4667
4619
4619
4619
4619
4619
4619
4646
4745
4745
4745
4348
4348
4103
4103
4262
4659
4903
4903
4903
4951
4952
4614
4566
4566
4566
4566
4566
4566
4566
4566
4567
4567
4269
4269
4269
4268
4268
4169
4169
4169
4168
4169
4169
4169
4169
4414
4513
4513
4561
4562
4562
4562
4561
4560
4533
4533
4533
4533
4560
4560
4560
4560
4560
4560
4561
4561
4859
4859
4859
4859
4859
4859
4859
4859
4859
4859
4859
4614
4614
4613
4177
4018
3970
3970
3970
3971
3971
3971
3971
3971
3647
3646
3984
4143
4579
4579
4579
4627
4627
4468
4468
4468
4032
4032
3921
3873
3873
3774
4019
4019
4455
4554
4554
4554
4118
4229
4230
4278
4251
4251
4278
4167
4166
4161
3619
3620
3779
3779
3778
3778
3889
4213
4755
4755
4644
4644
4645
4645
4645
4645
4347
4347
4347
4347
4347
4347
4023
4023
4024
4024
4024
4024
4024
4024
4024
4024
4024
4024
4024
4024
3997
3997
3455
3407
3407
3843
4141
4140
4140
4140
4140
4140
4140
4140
4140
4140
4682
4681
4686
4686
4686
4686
4687
4687
4687
4687
4588
4615
4714
5038
5038
5038
5149
5149
5122
5122
4580
4607
4655
4544
4544
4445
4445
4445
4445
4445
4445
4445
4440
4539
4539
4538
4538
5080
5081
5080
5080
4981
4986
4986
4986
4986
4959
4959
4417
4417
4418
4418
4418
4418
4418
4418
4418
4418
4418
4418
4418
4417
4417
4528
4627
4579
4579
4580
4581
4581
4629
4624
4624
4465
4465
4465
4465
4220
4379
4379
4379
4379
4624
4624
4624
4513
4513
4512
4512
4513
4414
4414
4414
4414
4413
4512
4517
4512
4464
4464
4464
4465
4465
4492
4492
4492
4492
4491
4246
4246
4245
4245
4293
4293
4293
4194
4194
4194
4194
4194
4736
4736
4736
4736
4736
4741
4840
4792
4792
4793
4788
4836
4841
4836
4947
4947
4947
4947
4899
4900
4873
4873
4873
4873
4872
4877
4877
4877
5122
5122
5122
5122
4725
4726
4725
4725
4725
4724
4565
4565
4565
4565
4565
4613
4613
4613
4613
4613
4613
4613
4613
4613
5010
5005
5005
5164
5164
4866
4866
4866
5164
5164
5164
5116
5143
5143
5143
4819
4819
4819
4819
4824
4797
4798
4639
4634
4635
4635
4635
4635
4635
4635
4390
4390
4390
4390
4395
4640
4529
4529
4529
4529
4529
4529
4529
4556
4551
4551
4551
4551
4551
4551
4550
4555
4257
4257
4257
4257
4257
4158
4158
3914
3962
3961
3961
3961
3913
3886
4045
4045
4046
4046
4290
4285
4285
4384
4384
4384
4384
4384
3987
3987
4014
4014
4411
4459
4360
4333
4285
4396
4396
4396
4495
4543
4543
4543
4495
4495
4496
4496
4496
4496
4496
4496
4495
4495
4495
4522
4523
4522
4522
4495
4495
4496
4496
4496
4496
4501
4501
4825
4825
4825
4825
4825
4825
4825
4825
4825
4825
4726
4753
4753
4753
4753
4852
4852
4753
4748
4748
4748
4748
4753
4753
4753
4748
4748
4847
4847
4847
4820
5118
5118
5118
5118
5118
5118
5118
5118
5118
4604
4493
4498
4498
4498
4497
4497
4497
4497
4497
4497
4492
4492
4492
4493
4493
4493
4493
4493
4493
4492
4492
4492
4492
4492
4492
4247
4247
4247
4247
4358
4259
4259
4259
4286
4285
4530
4530
4530
4530
4530
4530
4285
4285
4126
4126
4126
4126
4126
4126
4099
4099
4104
4152
4153
4153
4105
3781
3780
3775
4289
4290
4389
4388
4388
4388
4388
4415
4416
4416
4416
4416
4661
4661
4661
4661
4550
4551
4551
4875
4875
4875
5034
5034
5034
5033
5033
5033
5034
5034
5034
5033
5038
5038
5037
5037
5037
4792
4792
4792
4792
4792
4792
4787
4787
4898
4898
4899
4899
4899
4900
4602
4602
4602
4602
4602
4607
4606
4606
4606
4606
4606
4606
4606
4607
4607
4607
4607
4607
4606
4606
4606
4507
4507
4507
4507
4506
4506
4506
4804
4804
4852
4852
4741
4741
4741
4742
4841
4952
4953
4953
4948
4948
4953
4953
4905
4953
5198
5198
5198
4860
4860
4812
4812
4812
4812
4812
4812
4812
4812
4812
4812
5150
5149
5149
5149
5050
5050
5045
5045
5045
5045
5050
5023
5024
5024
4913
4913
4913
4754
4753
4753
4753
4753
4753
4780
4780
4780
4879
4879
4879
4878
4879
4879
5038
5033
5033
5033
5033
5033
5032
5032
5143
5143
5144
5144
5144
5144
5144
5149
5150
5150
5150
5150
5149
5144
5144
5144
5144
4900
4900
4899
4872
4872
4872
4920
5164
5164
5164
5164
5164
5164
5164
5116
5017
5044
5045
4800
4800
4800
4800
4799
4799
4799
4799
5044
5044
5044
5044
5044
4933
4933
4933
4933
4933
4934
4934
4934
4935
4776
4935
4935
4934
4689
4689
4689
4662
4667
4667
4667
4667
4778
4778
4778
4778
4778
4778
4778
4778
4778
4778
4778
4805
4805
4805
4806
4806
4806
4806
4806
4801
4801
4800
4800
4800
4800
4899
4899
4899
4899
4899
4899
4899
4900
4900
4899
4899
4899
4904
4904
4904
4904
4905
4905
4905
4904
4904
4904
4904
4904
4904
4904
4904
4904
4904
5149
5149
5149
4905
4904
4904
4904
4793
4793
4793
4793
4793
4841
4842
4842
4842
4815
4814
4814
4814
4766
4766
4766
5010
5010
5010
5011
5012
5012
5012
5012
5012
5012
5012
5012
5011
5011
5011
5011
5122
5122
5123
5123
5123
5171
5170
5170
5170
5197
5197
5197
5197
5197
5197
5197
5098
5050
5050
5050
5050
5050
5050
5050
5051
5051
5051
4940
4940
4940
4935
4935
4935
5034
5034
5034
5034
5034
5034
5082
5193
5193
5193
5034
5034
5193
5193
5193
5193
5193
4813
4813
4813
4813
4813
4813
4568
4520
4520
4568
4568
4568
4813
4813
4813
4813
4813
4813
4812
4812
4785
4785
4785
4812
4812
4812
4812
4812
4812
4811
4811
4811
4811
4811
4811
4811
4811
4811
4816
4816
4817
4817
4812
4812
4812
4812
4812
4812
4812
4812
4812
4785
4784
4784
5164
5164
5164
5164
5165
5165
5165
5165
5165
5164
5164
5164
5164
5164
5165
5166
5166
5166
5171
5171
5170
5197
5197
5192
5193
5193
5193
5193
5193
5193
5193
5166
5166
5166
5166
5193
5193
5193
5192
5192
5093
5093
5093
5092
5092
5092
5093
5093
5066
5066
5066
5066
5066
5066
5066
5066
5066
5093
5092
4981
4981
5080
5080
5080
5053
5053
5053
5053
5080
5080
5080
5080
5080
5191
5191
5080
5085
5086
5086
5086
5086
5086
5086
5086
5085
5085
5085
4458
4459
4460
4460
4460
4460
4460
4459
4459
4459
4459
4459
4459
4459
4458
4458
4459
5086
5086
5086
5085
5085
5085
5085
5085
5085
5085
5085
5085
5037
5037
5037
5085
5085
4986
4986
4986
4987
4987
4987
4987
4987
4987
4987
5098
5098
5098
5098
5097
5098
5098
5197
5197
5197
5197
5197
5197
5197
5197
5197
5197
5197
5197
5197
5197
5197
5197
5197
5197
5192
5192
5192
5192
5192
5191
5191
5143
5143
5148
5121
5121
5121
5169
5196
5196
5196
5196
5148
5148
5148
5148
5148
5148
5148
5121
5122
5170
5170
4773
4773
4773
4773
4725
4725
4725
4725
4773
4773
4773
5170
5170
5170
5170
5170
5170
5170
5170
5170
5170
5170
5170
5170
5169
5169
5169
5169
5169
5196
5196
5196
5196
5196
5196
5196
5196
5196
5196
5196
5196
5196
5196
5196
5196
5196
5097
5097
5097
5092
5092
5191
5191
5191
5191
5191
5191
5191
5191
5032
5032
5032
5191
5191
5191
5191
5164
5164
5053
5053
5053
5053
5053
5054
5165
5164
5164
5164
5164
5164
5164
5164
5164
5164
5164
5164
5169
5169
5169
5169
5196
5196
5085
5085
5085
5085
5085
5085
5085
5085
5085
5085
5085
5086
5086
5086
5086
5197
5197
5197
5197
5197
5197
5197
5197
5197
5197
5197
5197
5197
5198
5198
5198
5087
5087
5087
5087
5087
5087
5082
5082
4983
5082
5082
5082
5082
5082
5082
5193
5193
5193
5193
5193
5193
5193
5193
5193
5193
5193
5193
5198
5171
5171
5171
5171
5171
5171
5171
5171
5170
5170
5169
4924
5169
5169
5169
5169
5169
5169
5169
5164
5164
5164
5164
5164
5164
5164
5164
5164
5164
5164
5164
5169
5169
5196
5196
5196
5196
5196
5196
5196
5196
5196
5196
5196
5196
5085
5086
5086
5086
5086
5086
4841
4841
4841
4841
4952
4952
4952
4952
4952
4952
4953
4953
5198
5198
5198
5197
5197
5197
5197
5197
5197
5197
5197
5197
5170
5170
5170
5197
5197
5197
5170
5170
5170
5170
5170
5170
5170
5170
5170
5170
5170
5170
5170
5122
5117
5117
5117
5117
5117
5117
5117
5117
5117
5117
5117
5117
5116
5116
5116
5117
5117
5117
5117
5006
5006
5006
5005
5005
5116
5116
5116
5116
5116
5116
5116
5116
5117
5117
5165
5165
5164
5164
5165
5164
5164
5164
5164
5164
5164
5191
5192
5192
5192
5192
5192
5192
5192
5191
5191
5191
5191
5191
5191
5191
5196
5196
5196
5196
5196
5169
5169
5169
5169
5170
5170
5170
5170
5170
5170
5170
5171
5171
5171
5060
5060
4901
4896
4896
4896
4901
4901
4896
4896
4896
4896
4901
4901
4901
5060
5060
5060
5060
5060
5060
5060
5171
5170
5169
5121
5121
5121
5121
5121
5121
5121
5121
5122
5122
5122
5122
5122
5123
5118
5118
5118
5118
5118
5007
5034
5034
5034
5034
5145
5118
4874
4874
4775
4775
4802
4901
4949
4949
4949
4949
4949
4949
4949
5193
5193
5166
5193
5192
5192
5192
5192
5192
5192
5144
5144
5144
5143
5143
5143
5143
5144
5144
5144
5144
5144
5144
5144
5144
5144
5149
5149
5149
5148
5148
5148
5148
5148
5121
5121
5022
5022
5022
5022
5022
5022
5121
5122
5122
5122
5122
5122
5122
5122
5122
5121
5121
5121
5121
5121
5122
5011
5011
5038
5038
5149
5149
5149
5149
5149
5150
5150
5150
5150
5150
5150
5150
5198
5197
5197
5149
5148
5149
5149
5149
5148
5148
5148
5149
5149
5122
5122
5122
5122
5149
5197
5197
5197
5197
5197
5197
5170
5170
5169
5169
5196
5191
5191
5191
5192
5191
5191
5191
5192
5192
5192
5192
5192
5192
5192
5192
5192
5192
5192
5081
5082
5082
5082
5082
5082
5082
5082
5082
5082
5193
5166
5166
5166
5166
5193
5193
5193
5193
5193
5193
5193
5193
5192
5197
5149
5149
5149
5149
5149
5149
5149
5149
5149
5149
5149
5149
5122
5121
5121
5122
5122
5122
5149
5144
4846
4846
5144
5144
5192
5192
5192
5192
5192
5191
5191
5191
5191
5191
5191
5191
5191
5164
5164
5164
5164
5165
5165
5165
5166
5166
5171
5171
5171
5171
5171
5170
5170
5170
5170
5170
5169
5170
5170
5170
5197
5197
5197
5197
5197
5197
5196
5191
5191
5191
5191
5191
5191
5191
5191
5191
5192
5192
5192
5192
5192
5192
5193
5192
5192
5193
5192
5192
5192
5165
5165
5165
5165
5165
5165
5165
5165
5165
5165
5165
5165
5165
5165
5165
5165
5165
5170
5170
5170
5122
5170
5170
5170
5170
5170
5170
5170
5170
5122
5122
5122
5117
5117
5117
5117
5117
5144
5144
5144
5144
5144
5144
5144
5143
5143
5143
5143
5144
5144
5144
5149
5197
5197
5197
5197
5197
5197
5170
5170
5170
5170
5170
5170
5197
5197
5197
5197
5197
5197
5197
5197
5197
5196
5196
5196
5196
5197
5197
5197
5197
5197
5197
5198
5198
5198
5198
5197
5170
5170
5170
5170
5170
5170
5170
5170
5170
5170
5170
5170
5171
5171
5171
5171
5171
5171
5171
5171
5171
5198
5198
5198
5198
5198
5198
5198
5198
5198
5198
5198
5198
5198
5198
5198
5198
5198
5198
5198
5198
5198
5198
5171
5171
5171
5171
5171
5171
5171
5171
5171
5171
5171
5171
5171
5171
5198
5198
5198
5197
5197
5197
5197
5170
5169
5169
5170
5170
5170
5170
5170
5170
5170
5170
5170
5170
5165
5165
5165
5165
5165
5165
5165
5165
5165
5165
5165
5166
5165
5165
5165
5165
5165
5165
5170
5169
5169
5169
5169
5170
5197
5197
5192
5192
5192
5192
5192
5192
5192
5192
5192
5192
5192
5192
5192
5192
5193
5193
5193
5193
5193
5193
5193
5193
5193
5193
5193
5166
5166
5165
5165
5165
5170
5170
5170
5170
5165
5165
5117
5117
5117
5144
5149
5149
5144
5144
5144
5144
5144
5144
5144
5144
5144
5144
5144
5117
5117
5118
5166
5166
5166
5165
5165
5165
5165
5165
5165
5192
5192
5192
5192
5191
5191
5191
5191
5191
5191
5191
5191
5164
5164
5164
5164
5165
5165
5165
5165
5165
5165
5165
5165
5165
5165
5165
5165
5165
5165
5165
5165
5165
5166
5166
5166
5118
5118
5118
5118
5117
5122
5122
5122
5122
5122
5122
5122
5123
5123
5123
5123
5118
5145
5145
5145
5145
5145
5145
5145
5145
5145
5145
5150
5149
5150
5145
5145
5144
5144
5144
4806
4811
4811
4811
4811
4811
5149
5149
5149
5197
5197
5197
5197
5197
5197
5197
5149
5149
5148
5148
5148
5149
5148
5148
5148
5148
5148
5148
5148
5148
5148
5149
5149
5150
5145
5144
5145
5145
5145
5145
5145
5144
5144
5192
5192
5193
5192
5192
5192
5192
5191
5191
5191
5191
5191
5191
5192
5192
5192
5191
5192
5193
5193
5193
5193
5193
5193
5192
5192
5197
5197
5197
5197
5170
5170
5170
5170
5170
5170
5169
5169
5169
5196
5197
5197
5197
5170
5170
5165
5166
5067
5094
5094
5094
5094
5094
5094
5094
5094
5094
5193
5192
5192
5191
5191
5191
5196
5197
5192
5192
5192
5193
5193
5192
5192
5192
5192
5192
5197
5198
5198
5198
5198
5198
5198
5198
5198
5198
5198
5198
5171
5171
5171
5171
5123
5123
5123
5123
5118
5118
5118
5118
5166
5166
5166
5166
5166
5171
5198
5198
5198
5198
5198
5198
5198
5198
5198
5171
5171
5171
5171
5171
5171
5170
5165
5165
5165
5165
5165
5192
5192
5191
5191
5191
5192
5192
5192
5192
5192
5192
5192
5192
5192
5192
5192
5192
5192
5192
5192
5192
5192
5192
5192
5197
5192
5192
5192
5192
5192
5165
5165
5165
5165
5165
5165
5165
5165
5165
5165
5165
5165
5165
5165
5165
5165
5165
5165
5165
5165
5164
5164
5116
5116
5164
5164
5164
5164
5164
5169
5169
5169
5170
5197
5197
5197
5197
5197
5196
5196
5197
5197
5197
5197
5198
5198
5198
5198
5198
5198
5198
5197
5086
5086
5086
5086
5059
5059
5059
5059
5059
5059
5059
5059
5086
5081
5081
5081
5086
5086
5086
5086
5081
5081
5086
5086
5086
5086
5086
5059
5059
5059
5059
5059
5059
5059
5059
5059
5059
5059
5059
5059
5059
5059
5059
5059
5060
5060
5060
5060
5060
5060
5060
5087
5087
5087
5086
5086
5086
5086
5086
5086
5086
5086
5086
5086
5087
5082
5082
5193
5192
5192
5192
5192
5192
5193
5193
5193
5193
5193
5193
5193
5192
5192
5192
5197
5196
5196
5196
5196
5196
5196
5196
5196
5196
5196
5196
5196
5196
5197
5197
5196
5191
5191
5191
5196
5196
5196
5196
5196
5196
5197
5197
5197
5197
5197
5196
5148
5149
5149
5149
5149
5144
5144
5192
5192
5193
5193
5193
5193
5193
5193
5193
5193
5193
5193
5193
5193
5198
5198
5198
5198
5198
5198
5198
5198
5197
5192
5192
5192
5192
5192
5192
5192
5192
5192
5192
5192
5193
5193
5193
5192
5192
5192
5197
5197
5192
5192
5197
5197
5197
5197
5197
5197
5197
5197
5197
5197
5197
5197
5197
5197
5197
5197
5197
5192
5192
5192
5192
5192
5192
5193
5193
5193
5193
5193
5193
5192
5192
5192
5192
5192
5191
5191
5164
5164
5164
5165
5192
5192
5192
5192
5192
5192
5192
5192
5192
5197
5197
5197
5197
5197
5197
5197
5197
5197
5197
5197
5197
5197
5198
5198
5198
5198
5198
5198
5197
5197
5197
5197
5197
5197
5197
5197
5197
5197
5197
5197
5198
5198
5193
5193
5193
5193
5193
5193
5193
5193
5193
5198
5198
5197
5197
5197
5197
5149
5149
5149
5149
5149
5149
5149
5149
5149
5149
5149
5149
5149
5149
5149
5149
5197
5197
5197
5197
5197
5197
5197
5197
5197
5197
5149
5149
5149
5149
5149
5149
5149
5149
5149
5149
5149
5149
5149
5149
5150
5150
5150
5150
5150
5150
5150
5150
5198
5198
5198
5198
5198
5198
5198
5197
5197
5197
5197
5197
5197
5197
5197
5197
5197
5197
5197
5197
5197
5197
5197
5197
5197
5197
5197
5197
5197
5196
5196
5196
5196
5196
5196
5196
5197
5098
5098
5098
5098
5098
5098
5197
5197
5198
5198
5198
5198
5198
5198
5198
5198
5198
5198
5198
5198
5198
5198
5198
5198
5193
5193
5193
5193
5193
5193
5193
5193
5193
5193
5193
5193
5193
5193
5193
5193
5193
5192
5192
5192
5192
5192
5192
5192
5192
5192
5192
5192
5197
5197
5197
5198
5198
5171
5170
5170
5170
5170
5170
5170
5170
5170
5170
5170
5170
5170
5171
5171
5171
5171
5171
5171
5171
5171
5171
5171
5171
5170
5170
5170
5170
5170
5170
5170
5170
5171
5170
5170
5170
5170
5170
5170
5170
5171
5171
5171
5171
5171
5171
5171
5171
5171
5171
5171
5171
5171
5170
5170
5170
5170
5170
5170
5170
5170
5170
5170
5170
5170
5170
5170
5170
5169
5169
5169
5169
5169
5169
5164
5164
5164
5169
5169
5196
5197
5197
5197
5197
5197
5197
5196
5196
5196
5196
5196
5196
5197
5197
5198
5198
5198
5198
5198
5198
5198
5198
5198
5197
5197
5198
5198
5171
5171
5171
5171
5171
5171
5171
5171
5171
5171
5171
5171
5171
5170
5170
5170
5170
5170
5170
5170
5197
5197
5197
5197
5197
5192
5192
5192
5191
5191
5192
5165
5165
5165
5165
5170
5170
5170
5170
5170
5170
5170
5169
5170
5165
5165
5165
5165
5192
5193
5193
5192
5192
5192
5192
5192
5192
5191
5191
5191
5191
5191
5191
5196
5196
5196
5196
5196
5196
5196
5196
5196
5196
5197
5197
5198
5198
5198
5193
5193
5193
5193
5193
5193
5193
5192
5192
5192
5192
5192
5192
5192
5192
5192
5192
5192
5193
5193
5193
5193
5193
5193
5193
5198
5198
5198
5197
5197
5197
5197
5197
5197
5197
5196
5197
5197
5196
5196
5196
5196
5196
5196
5196
5196
5196
5197
5197
5196
5196
5196
5196
5196
5196
5197
5197
5196
5196
5196
5196
5196
5196
5196
5196
5196
5196
5196
5169
5169
5169
5169
5169
5169
5169
5169
5169
5169
5169
5169
5169
5169
5169
5196
5196
5196
5196
5196
5196
5196
5197
5196
5196
5196
5196
5197
5197
5197
5197
5198
5198
5198
5197
5197
5192
5192
5192
5192
5192
5192
5192
5192
5197
5197
5192
5192
5192
5192
5192
5192
5192
5192
5192
5192
5192
5192
5192
5192
5192
5192
5192
5197
5198
5198
5198
5198
5198
5198
5198
5198
5198
5198
5198
5198
5198
5198
5198
5198
5198
5198
5198
5198
5198
5198
5197
5197
5197
5197
5197
5197
5198
5171
5170
5170
5170
5169
5169
5169
5169
5169
5169
5170
5170
5170
5170
5170
5170
5170
5170
5170
5169
5169
5169
5169
5169
5169
5169
5169
5169
5169
5169
5169
5169
5169
5196
5196
5196
5196
5196
5196
5196
5196
5196
5196
5196
5196
5196
5196
5196
5196
5196
5196
5196
5196
5197
5197
5197
5197
5197
5197
5197
5197
5197
5197
5197
5192
5192
5192
5197
5197
5197
5197
5197
5197
5196
5196
5196
5196
5196
5196
5196
5196
5196
5196
5196
5197
5197
5197
5197
5197
5197
5197
5197
5197
5196
5196
5196
5196
5196
5196
5196
5196
5197
5197
5197
5197
5197
5197
5197
5197
5198
5198
5198
5198
5198
5198
5198
5198
5198
5197
5197
5197
5197
5197
5197
5197
5197
5197
5197
5197
5197
5197
5197
5197
5197
5197
5197
5197
5197
5197
5197
5197
5197
5197
5197
5197
5197
5170
5170
5170
5197
5197
5197
5197
5197
5197
5197
5197
5197
5197
5197
5197
5197
5198
5193
5193
5192
5192
5193
5193
5193
5193
5193
5193
5193
5198
5193
5193
5192
5193
5193
5193
5193
5193
5192
5192
5192
5192
5192
5191
5191
5191
5191
5191
5191
5191
5191
5191
5191
5191
5191
5191
5191
5191
5191
5191
5191
5192
5193
5193
5193
5193
5193
5193
5193
5193
5193
5193
5193
5193
5193
5192
5192
5197
5196
5196
5196
5196
5196
5197
5197
5197
5197
5197
5197
5192
5192
5192
5192
5192
5191
5191
5192
5192
5192
5192
5197
5197
5197
5197
5196
5196
5196
5196
5196
5196
5196
5196
5197
5197
5192
5192
5192
5192
5192
5192
5192
5191
5191
5191
5191
5191
5191
5191
5191
5191
5191
5191
5196
5196
5197
5197
5197
5197
5197
5197
5197
5197
5197
5197
5197
5197
5197
5197
5197
5196
5196
5196
5197
5197
5197
5192
5192
5192
5192
5192
5192
5192
5192
5192
5192
5192
5192
5192
5192
5197
5197
5197
5197
5197
5197
5192
5193
5193
5193
5193
5193
5193
5193
5193
5193
5193
5198
5198
5198
5198
5198
5197
5197
5197
5197
5198
5197
5197
5197
5197
5170
5169
5164
5164
5164
5165
5165
5165
5165
5165
5165
5164
5164
5164
5164
5164
5164
5164
5169
5169
5169
5169
5169
5169
5169
5169
5169
5169
5169
5164
5164
5164
5191
5192
5197
5197
5197
5197
5198
5198
5198
5197
5197
5197
5197
5197
5197
5197
5197
5197
5196
5196
5196
5196
5196
5196
5196
5196
5196
5196
5196
5196
5196
5196
5196
5196
5196
5196
5196
5196
5197
5197
5197
5196
5196
5196
5196
5191
5191
5191
5191
5191
5191
5191
5191
5191
5191
5191
5191
5196
5197
5196
5196
5197
5197
5192
5191
5191
5191
5191
5191
5191
5191
5191
5191
5191
5191
5191
5191
5191
5191
5191
5191
5191
5196
5196
5196
5196
5196
5196
5196
5196
5196
5197
5197
5197
5198
5198
5198
5198
5197
5197
5197
5198
5198
5197
5192
5192
5192
5192
5192
5192
5193
5193
5193
5193
5193
5193
5193
5193
5193
5193
5193
5192
5192
5192
5192
5197
5197
5197
5197
5197
5170
5170
5170
5170
5171
5171
5171
5171
5171
5171
5171
5171
5171
5171
5171
5171
5171
5171
5171
5171
5171
5171
5171
5170
5170
5170
5169
5169
5170
5170
5197
5198
5198
5198
5198
5198
5198
5197
5197
5198
5198
5198
5198
5198
5198
5198
5198
5198
5198
5198
5198
5198
5198
5198
5197
5197
5197
5198
5198
5198
5198
5198
5198
5198
5198
5198
5197
5192
5191
5196
5197
5197
5197
5197
5197
5197
5197
5197
5197
5197
5197
5197
5197
5197
5197
5197
5197
5197
5197
5197
5197
5197
5197
5197
5197
5197
5197
5197
5197
5197
5197
5197
5197
5197
5197
5197
5198
5198
5198
5198
5198
5198
5198
5198
5198
5198
5198
5198
5198
5198
5198
5198
5198
5198
5198
5198
5198
5198
5198
5197
5197
5197
5197
5197
5197
5197
5197
5197
5197
5197
5197
5197
5197
5197
5197
5197
5197
5197
5197
5197
5197
5197
5197
5197
5197
5197
5170
5170
5170
5170
5169
5169
5169
5169
5169
5196
5197
5197
5197
5197
5197
5197
5197
5196
5196
5196
5196
5196
5196
5197
5197
5197
5198
5198
5198
5197
5197
5197
5197
5197
5197
5197
5197
5197
5197
5197
5197
5196
5197
5198
5198
5197
5197
5197
5197
5197
5198
5198
5198
5198
5198
5198
5198
5198
5198
5197
5197
5197
5197
5197
5197
5197
5197
5197
5192
5193
5193
5193
5166
5171
5170
5165
5165
5165
5165
5166
5166
5166
5166
5165
5165
5166
5171
5171
5171
5171
5171
5171
5171
5171
5171
5171
5171
5170
5170
5170
5170
5170
5171
5171
5171
5171
5171
5171
5171
5171
5171
5171
5171
5171
5171
5198
5197
5197
5197
5197
5197
5197
5197
5197
5197
5197
5198
5198
5198
5198
5197
5197
5192
5192
5192
5192
5192
5192
5191
5191
5191
5191
5191
5191
5191
5191
5191
5191
5191
5191
5191
5191
5191
5191
5191
5191
5191
5191
5191
5192
5192
5192
5197
5170
5171
5171
5171
5171
5171
5171
5171
5170
5170
5170
5197
5197
5197
5197
5197
5197
5198
5198
5198
5198
5198
5198
5198
5198
5198
5198
5198
5198
5198
5197
5197
5197
5197
5197
5197
5196
5196
5196
5196
5196
5196
5196
5191
5191
5191
5191
5196
5196
5196
5196
5196
5196
5196
5196
5196
5196
5196
5197
5197
5197
5197
5197
5197
5198
5198
5198
5198
5198
5198
5198
5198
5198
5198
5198
5198
5198
5198
5198
5197
5198
5198
5197
5192
5192
5192
5193
5193
5198
5198
5198
5198
5198
5198
5198
5193
5198
5198
5198
5198
5198
5198
5198
5198
5198
5198
5198
5198
5198
5198
5198
5197
5197
5197
5197
5197
5197
5197
5197
5197
5197
5196
5196
5197
5197
5197
5197
5197
5197
5197
5197
5197
5197
5197
5197
5192
5192
5192
5192
5192
5192
5192
5192
5192
5192
5192
5192
5197
5197
5197
5198
5198
5198
5198
5197
5197
5197
5197
5197
5197
5196
5196
5196
5196
5196
5196
5196
5197
5197
5197
5197
5197
5192
5192
5192
5191
5191
5192
5192
5192
5192
5192
5192
5192
5193
5193
5193
5193
5193
5193
5192
5192
5192
5192
5192
5192
5192
5192
5193
5193
5193
5193
5193
5193
5193
5193
5193
5192
5192
5192
5192
5192
5192
5193
5193
5193
5193
5193
5193
5193
5193
5193
5193
5193
5193
5193
5193
5193
5193
5193
5193
5193
5193
5193
5192
5192
5192
5192
5192
5192
5193
5193
5193
5193
5193
5193
5193
5193
5193
5193
5193
5193
5193
5192
5193
5193
5193
5193
5193
5192
5192
5192
5192
5192
5192
5192
5192
5197
5197
5197
5197
5197
5197
5197
5197
5197
5197
5197
5196
5196
5196
5196
5196
5197
5197
5196
5196
5196
5196
5196
5196
5196
5196
5196
5196
5196
5196
5196
5196
5196
5196
5197
5192
5193
5192
5192
5192
5192
5192
5192
5192
5192
5192
5192
5192
5192
5192
5192
5192
5192
5192
5192
5192
5192
5197
5192
5191
5191
5192
5192
5192
5192
5192
5192
5192
5192
5192
5192
5192
5192
5192
5192
5193
5193
5193
5198
5198
5198
5193
5193
5193
5193
5193
5193
5193
5192
5192
5191
5192
5192
5192
5192
5192
5191
5191
5191
5191
5191
5191
5191
5191
5191
5191
5191
5191
5191
5191
5191
5191
5191
5191
5191
5191
5192
5197
5197
5197
5197
5197
5197
5197
5197
5198
5198
5197
5197
5197
5197
5197
5197
5196
5196
5196
5196
5196
5196
5196
5196
5196
5196
5196
5196
5196
5196
5196
5196
5196
5196
5196
5196
5196
5191
5191
5191
5191
5196
5196
5196
5196
5196
5196
5197
5197
5197
5197
5197
5196
5196
5196
5196
5196
5196
5196
5196
5196
5196
5197
5197
5197
5197
5197
5197
5197
5197
5197
5197
5192
5192
5192
5192
5192
5192
5192
5193
5193
5193
5193
5193
5193
5193
5193
5193
5193
5193
5193
5193
5192
5191
5191
5191
5191
5191
5191
5191
5191
5191
5191
5191
5191
5191
5191
5191
5191
5191
5191
5191
5191
5192
5192
5192
5193
5193
5193
5193
5193
5193
5193
5193
5193
5193
5192
5192
5192
5192
5192
5192
5192
5192
5192
5192
5191
5191
5191
5191
5191
5191
5191
5191
5196
5197
5197
5197
5197
5197
5197
5197
5197
5197
5197
5197
5197
5197
5197
5197
5198
5198
5198
5198
5198
5198
5198
5198
5198
5198
5198
5198
5198
5198
5198
5198
5198
5198
5198
5198
5198
5198
5198
5198
5198
5198
5198
5198
5198
5197
5197
5196
5196
5196
5196
5196
5196
5196
5196
5196
5196
5196
5196
5196
5196
5196
5196
5196
5196
5196
5196
5196
5197
5197
5197
5197
5197
5197
5197
5197
5197
5197
5197
5197
5197
5197
5197
5197
5197
5197
5197
5197
5192
5192
5193
5192
5197
5197
5197
5197
5198
5198
5198
5198
5198
5198
5198
5198
5198
5198
5198
5197
5197
5197
5197
5197
5196
5196
5196
5196
5196
5196
5197
5197
5197
5197
5197
5197
5197
5197
5197
5197
5197
5197
5197
5197
5197
5197
5197
5198
5198
5198
5198
5198
5198
5198
5198
5198
5198
5198
5198
5198
5198
5198
5198
5198
5198
5198
5198
5198
5198
5198
5198
5198
5198
5198
5198
5197
5197
5197
5197
5197
5197
5197
5197
5198
5193
5193
5193
5193
5193
5193
5193
5193
5193
5193
5193
5193
5193
5193
5193
5193
5193
5193
5193
5198
5198
5198
5198
5198
5198
5198
5198
5197
5197
5197
5192
5193
5193
5192
5197
5197
5196
5196
5196
5196
5196
5196
5196
5196
5197
5197
5197
5197
5197
5197
5197
5197
5197
5197
5197
5192
5192
5192
5192
5192
5192
5192
5192
5192
5192
5192
5192
5192
5192
5192
5192
5192
5192
5192
5192
5192
5192
5192
5192
5192
5192
5197
5197
5197
5197
5197
5197
5197
5197
5197
5197
5197
5197
5197
5192
5197
5196
5196
5196
5196
5196
5196
5196
5196
5197
5197
5197
5197
5197
5197
5197
5197
5197
5197
5197
5197
5197
5197
5197
5197
5197
5197
5197
5197
5197
5197
5197
5198
5198
5198
5198
5198
5198
5198
5198
5197
5197
5197
5196
5196
5196
5196
5196
5196
5191
5191
5191
5192
5197
5192
5192
5192
5192
5192
5197
5197
5197
5197
5197
5197
5197
5197
5197
5197
5197
5197
5197
5197
5197
5197
5197
5197
5197
5192
5191
5191
5191
5191
5191
5191
5191
5192
5192
5193
5193
5193
5193
5193
5193
5193
5193
5192
5192
5192
5192
5192
5192
5192
5192
5192
5192
5192
5192
5192
5192
5192
5197
5197
5197
5196
5196
5196
5196
5196
5196
5196
5196
5196
5196
5196
5196
5196
5196
5196
5196
5196
5191
5191
5191
5191
5191
5191
5191
5191
5191
5191
5191
5191
5191
5191
5191
5191
5191
5191
5191
5191
5196
5196
5196
5196
5196
5196
5196
5196
5196
5196
5196
5196
5196
5196
5196
5196
5196
5197
5197
5197
5197
5197
5197
5197
5197
5197
5197
5197
5197
5197
5196
5196
5196
5196
5196
5196
5196
5196
5196
5197
5197
5197
5197
5197
5197
5197
5197
5197
5197
5197
5197
5197
5197
5197
5197
5197
5197
5197
5197
5197
5197
5197
5197
5197
5197
5197
5197
5197
5197
5197
5197
5197
5197
5197
5197
5197
5197
5198
5198
5198
5198
5198
5198
5198
5198
5197
5198
5198
5198
5198
5198
5198
5198
5198
5197
5197
5198
5198
5198
5198
5198
5198
5198
5198
5198
5198
5198
5197
5197
5192
5192
5192
5192
5192
5191
5191
5191
5191
5191
5191
5191
5191
5191
5191
5191
5191
5191
5192
5192
5191
5191
5192
5192
5192
5192
5192
5192
5192
5192
5192
5192
5192
5192
5192
5192
5192
5192
5192
5192
5192
5192
5192
5192
5192
5192
5192
5192
5192
5192
5192
5192
5192
5192
5192
5192
5192
5192
5192
5193
5198
5198
5198
5198
5198
5198
5198
5198
5198
5198
5198
5197
5197
5197
5197
5197
5197
5197
5197
5197
5197
5197
5197
5198
5198
5198
5198
5198
5193
5193
5193
5193
5193
5198
5198
5198
5198
5198
5198
5198
5198
5198
5198
5198
5198
5198
5198
5198
5198
5198
5198
5198
5198
5198
5197
5197
5197
5197
5197
5197
5198
5198
5198
5198
5198
5198
5198
5198
5198
5198
5198
5198
5198
5198
5198
5198
5198
5198
5193
5193
5193
5193
5193
5193
5193
5193
5193
5193
5193
5193
5193
5193
5192
5192
5192
5192
5192
5192
5192
5192
5192
5192
5192
5192
5192
5192
5192
5192
5192
5192
5192
5192
5192
5192
5192
5193
5193
5193
5193
5193
5193
5193
5193
5193
5193
5193
5193
5193
5193
5193
5193
5193
5193
5193
5198
5197
5198
5198
5198
5198
5198
5198
5198
5198
5193
5192
5192
5192
5192
5193
5193
5198
5198
5198
5198
5198
5198
5198
5198
5198
5198
5198
5198
5198
5198
5198
5198
5198
5198
5198
5198
5198
5198
5198
5198
5198
5197
5197
5197
5197
5197
5197
5196
5196
5196
5196
5196
5196
5196
5196
5196
5196
5196
5196
5196
5196
5196
5196
5196
5196
5196
5196
5197
5197
5197
5197
5197
5197
5197
5197
5197
5198
5198
5198
5198
5198
5198
5198
5197
5197
5197
5196
5196
5197
5197
5197
5197
5197
5197
5197
5197
5197
5197
5197
5197
5197
5197
5197
5197
5197
5197
5197
5197
5197
5197
5197
5192
5192
5192
5192
5192
5192
5192
5191
5191
5191
5191
5191
5191
5191
5191
5191
5191
5191
5196
5196
5196
5196
5196
5196
5197
5197
5197
5197
5197
5197
5197
5198
5198
5197
5197
5197
5197
5197
5198
5198
5198
5193
5193
5193
5193
5193
5193
5193
5193
5193
5193
5193
5193
5193
5193
5193
5193
5193
5193
5193
5198
5198
5198
5198
5198
5198
5198
5198
5198
5198
5198
5193
5193
5193
5193
5193
5193
5192
5193
5193
5193
5193
5193
5193
5193
5193
5193
5192
5192
5193
5193
5193
5193
5193
5193
5193
5193
5193
5193
5193
5193
5193
5193
5193
5193
5193
5192
5197
5197
5197
5197
5197
5197
5197
5197
5197
5197
5197
5197
5197
5197
5197
5196
5196
5196
5196
5197
5197
5197
5197
5197
5197
5197
5197
5197
5197
5198
5198
5198
5198
5198
5197
5197
5192
5192
5192
5197
5198
5198
5198
5198
5198
5198
5198
5198
5198
5198
5198
5198
5197
5197
5197
5197
5197
5197
5197
5197
5196
5197
5197
5197
5197
5197
5197
5197
5197
5198
5198
5198
5198
5198
5198
5198
5198
5198
5197
5197
5197
5197
5197
5197
5197
5197
5197
5197
5197
5197
5197
5197
5197
5197
5196
5196
5196
5196
5196
5196
5196
5196
5196
5196
5196
5196
5196
5196
5196
5196
5196
5196
5196
5196
5196
5196
5196
5196
5196
5196
5196
5197
5197
5197
5197
5197
5197
5197
5197
5197
5192
5192
5192
5192
5192
5192
5192
5192
5192
5193
5193
5193
5193
5193
5193
5193
5193
5193
5193
5192
5192
5192
5192
5192
5192
5192
5192
5192
5192
5192
5192
5192
5192
5192
5192
5192
5192
5192
5191
5191
5191
5191
5191
5191
5191
5191
5191
5191
5191
5191
5191
5191
5192
5192
5192
5192
5192
5192
5192
5193
5193
5193
5193
5193
5193
5193
5193
5193
5193
5193
5193
5193
5193
5193
5193
5193
5193
5193
5193
5193
5193
5193
5192
5192
5192
5192
5192
5192
5192
5192
5192
5192
5193
5193
5193
5193
5193
5198
5198
5198
5198
5198
5198
5198
5198
5198
5198
5198
5198
5198
5198
5198
5198
5198
5198
5198
5198
5198
5197
5198
5197
5197
5197
5197
5197
5197
5197
5197
5197
5197
5197
5197
5197
5197
5197
5197
5197
5197
5197
5197
5197
5197
5197
5197
5197
5197
5197
5197
5197
5197
5198
5198
5198
5198
5198
5198
5198
5198
5198
5198
5198
5198
5198
5198
5198
5198
5198
5198
5198
5198
5198
5198
5198
5198
5198
5198
5198
5198
5198
5197
5196
5196
5196
5196
5196
5196
5196
5196
5196
5196
5196
5196
5196
5196
5196
5196
5196
5196
5196
5196
5196
5196
5196
5196
5196
5196
5196
5196
5196
5196
5196
5196
5196
5196
5196
5196
5197
5197
5197
5197
5197
5197
5197
5197
5197
5197
5197
5197
5196
5197
5197
5196
5191
5191
5191
5191
5191
5191
5191
5196
5196
5196
5196
5197
5197
5197
5197
5197
5197
5197
5197
5197
5197
5197
5197
5198
5198
5198
5197
5197
5197
5197
5197
5197
5197
5197
5196
5196
5196
5196
5196
5196
5196
5196
5196
5197
5197
5197
5197
5197
5198
5198
5198
5198
5198
5198
5198
5197
5197
5197
5197
5197
5197
5197
5197
5197
5197
5197
5197
5197
5197
5197
5197
5197
5197
5197
5197
5197
5197
5197
5197
5197
5196
5197
5196
5196
5196
5196
5196
5196
5196
5196
5196
5196
5197
5197
5197
5197
5197
5197
5197
5197
5197
5197
5197
5197
5197
5197
5197
5197
5197
5197
5197
5197
5197
5197
5197
5192
5192
5192
5192
5192
5192
5197
5197
5197
5196
5196
5196
5196
5197
5197
5197
5198
5198
5198
5197
5197
5197
5197
5197
5197
5197
5192
5192
5192
5192
5192
5192
5192
5192
5192
5192
5192
5192
5193
5192
5191
5191
5191
5191
5191
5191
5192
5192
5192
5192
5192
5192
5192
5192
5192
5192
5192
5192
5192
5192
5191
5191
5191
5191
5191
5191
5191
5191
5191
5196
5196
5196
5196
5197
5197
5198
5198
5198
5198
5198
5198
5198
5198
5198
5198
5198
5198
5198
5198
5198
5198
5198
5198
5198
5198
5198
5198
5198
5198
5198
5198
5198
5198
5198
5197
5197
5197
5197
5197
5196
5196
5196
5197
5197
5197
5197
5197
5197
5197
5197
5197
5197
5197
5197
5197
5197
5197
5197
5197
5197
5197
5197
5197
5197
5197
5197
5197
5197
5197
5197
5197
5197
5197
5197
5197
5197
5197
5198
5198
5198
5198
5198
5198
5198
5198
5198
5198
5198
5198
5198
5198
5198
5198
5198
5198
5198
5198
5198
5198
5198
5198
5198
5198
5198
5198
5198
5198
5198
5198
5198
5198
5198
5198
5198
5198
5198
5198
5198
5198
5198
5198
5198
5198
5198
5197
5197
5197
5198
5198
5198
5198
5198
5198
5198
5198
5198
5198
5198
5198
5198
5198
5198
5198
5198
5198
5198
5198
5197
5197
5197
5197
5197
5197
5197
5197
5197
5197
5197
5197
5197
5197
5197
5197
5197
5197
5197
5197
5197
5197
5197
5197
5197
5197
5197
5197
5197
5197
5197
5197
5197
5197
5197
5197
5197
5197
5197
5197
5197
5197
5197
5197
5197
5198
5198
5198
5198
5197
5197
5197
5197
5197
5197
5197
5197
5197
5197
5197
5197
5197
5197
5197
5197
5197
5197
5197
5197
5197
5192
5192
5192
5192
5192
5192
5192
5192
5193
5193
5193
5193
5193
5193
5193
5193
5193
5193
5198
5198
5198
5198
5198
5198
5198
5198
5198
5198
5198
5198
5198
5198
5198
5198
5198
5198
5198
5198
5198
5198
5198
5198
5198
5198
5198
5198
5198
5198
5198
5198
5198
5198
5198
5198
5198
5198
5198
5198
5198
5198
5197
5197
5198
5198
5198
5198
5198
5198
5198
5198
5198
5198
5197
5197
5197
5197
5198
5198
5198
5198
5198
5198
5198
5198
5198
5198
5198
5198
5198
5198
5198
5198
5198
5198
5198
5198
5197
5197
5197
5197
5197
5197
5197
5197
5197
5197
5197
5197
5197
5197
5197
5197
5198
5198
5198
5198
5198
5198
5198
5198
5197
5198
5198
5198
5198
5198
5198
5198
5198
5197
5197
5197
5197
5197
5197
5197
5197
5197
5197
5197
5197
5197
5197
5197
5197
5197
5197
5197
5197
5198
5198
5198
5198
5198
5198
5198
5198
5198
5198
5198
5198
5198
5198
5198
5197
5197
5197
5197
5197
5197
5197
5197
5197
5197
5197
5197
5197
5197
5198
5198
5198
5198
5198
5198
5198
5198
5198
5198
5198
5198
5197
5197
5197
5197
5197
5197
5196
5196
5196
5196
5196
5196
5196
5196
5196
5196
5196
5197
5197
5197
5197
5196
5196
5196
5196
5197
5197
5197
5197
5197
5197
5197
5197
5197
5197
5197
5197
5197
5197
5197
5197
5197
5197
5197
5197
5197
5198
5198
5197
5198
5198
5198
5198
5198
5198
5198
5198
5198
5198
5198
5198
5198
5198
5198
5198
5198
5198
5198
5198
5198
5198
5198
5198
5198
5197
5197
5198
5198
5198
5198
5198
5198
5198
5198
5198
5198
5198
5198
5198
5198
5198
5198
5198
5198
5198
5198
5198
5198
5198
5198
5198
5198
5198
5198
5198
5197
5197
5198
5198
5198
5198
5198
5198
5198
5198
5198
5198
5198
5198
5198
5198
5198
5198
5198
5198
5198
5198
5198
5198
5198
5197
5197
5197
5197
5198
5198
5198
5198
5198
5198
5198
5198
5198
5198
5198
5198
5198
5198
5198
5198
5198
5198
5198
5197
5197
5197
5197
5197
5197
5197
5197
5197
5197
5197
5197
5197
5197
5197
5197
5197
5197
5197
5197
5197
5196
5196
5196
5196
5196
5196
5196
5196
5196
5196
5196
5196
5196
5197
5197
5197
5197
5198
5198
5198
5198
5198
5198
5198
5198
5198
5198
5198
5198
5198
5198
5198
5198
5198
5198
5198
5198
5198
5198
5198
5198
5198
5198
5198
5198
5198
5198
5198
5198
5198
5198
5198
5198
5198
5198
5198
5198
5198
5198
5198
5198
5198
5198
5198
5197
5197
5197
5197
5197
5197
5197
5197
5197
5197
5197
5197
5197
5197
5197
5197
5197
5197
5198
5198
5198
5198
5198
5198
5198
5198
5198
5198
5198
5198
5198
5198
5198
5198
5198
5198
5198
5198
5198
5198
5198
5198
5198
5198
5198
5198
5198
5198
5198
5198
5198
5198
5197
5197
5197
5197
5197
5198
5198
5198
5198
5198
5198
5198
5198
5198
5198
5198
5198
5198
5198
5198
5198
5198
5198
5198
5198
5198
5198
5198
5198
5198
5198
5198
5198
5198
5198
5198
5198
5198
5198
5198
5198
5198
5197
5197
5197
5197
5197
5197
5197
5197
5197
5197
5197
5197
5197
5197
5197
5197
5197
5197
5197
5197
5197
5197
5197
5197
5197
5197
5198
5198
5198
5198
5198
5198
5198
5198
5198
5198
5198
5198
5198
5198
5198
5198
5198
5198
5198
5198
5198
5198
5198
5198
5198
5198
5198
5198
5198
5198
5198
5198
5198
5198
5198
5198
5198
5198
5198
5198
5198
5198
5198
5198
5198
5198
5197
5197
5197
5197
5197
5197
5197
5197
5197
5197
5197
5197
5197
5197
5197
5197
5197
5197
5197
5197
5197
5198
5198
5198
5198
5198
5198
5198
5198
5198
5198
5197
5197
5197
5197
5197
5196
5196
5196
5197
5197
5197
5197
5197
5197
5197
5197
5197
5197
5197
5197
5197
5197
5197
5197
5197
5197
5197
5197
5197
5197
5198
5198
5198
5198
5198
5198
5198
5198
5198
5198
5198
5198
5198
5198
5198
5198
5198
5198
5198
5198
5198
5198
5198
5198
5198
5198
5197
5197
5197
5197
5196
5196
5196
5196
5196
5196
5196
5196
5197
5197
5197
5197
5198
5198
5198
5198
5197
5197
5197
5197
5197
5197
5197
5197
5197
5197
5198
5198
5198
5198
5198
5198
5197
5197
5197
5198
5198
5198
5198
5198
5198
5198
5198
5198
5198
5198
5198
5198
5198
5198
5198
5198
5198
5198
5198
5198
5198
5198
5198
5198
5198
5198
5198
5198
5198
5198
5198
5198
5198
5198
5198
5198
5198
5198
5198
5198
5198
5198
5198
5197
5197
5197
5197
5198
5198
5198
5198
5198
5198
5198
5198
5198
5198
5198
5198
5198
5198
5198
5198
5198
5198
5198
5198
5198
5198
5198
5197
5197
5197
5197
5197
5197
5197
5197
5196
5196
5196
5196
5196
5196
5196
5196
5196
5196
5196
5196
5196
5196
5196
5196
5196
5196
5196
5196
5196
5196
5196
5196
5196
5196
5196
5196
5196
5196
5196
5196
5196
5196
5196
5196
5196
5196
5196
5196
5196
5196
5196
5196
5196
5196
5196
5196
5196
5196
5196
5196
5196
5196
5196
5196
5196
5196
5196
5196
5196
5197
5197
5197
5196
5196
5197
5197
5197
5197
5197
5197
5198
5198
5198
5198
5198
5198
5198
5197
5197
5197
5197
5197
5197
5197
5197
5197
5197
5197
5197
5197
5197
5197
5197
5197
5197
5197
5197
5197
5197
5197
5197
5197
5197
5197
5197
5197
5197
5197
5197
5197
5197
5197
5197
5197
5197
5197
5197
5197
5197
5197
5197
5197
5197
5197
5197
5197
5197
5197
5197
5197
5197
5197
5197
5197
5197
5197
5197
5197
5197
5197
5197
5196
5196
5196
5196
5196
5196
5196
5196
5196
5196
5196
5196
5196
5196
5196
5197
5197
5197
5197
5197
5197
5197
5197
5197
5197
5197
5197
5196
5196
5196
5196
5196
5196
5196
5197
5197
5197
5197
5197
5197
5197
5197
5197
5197
5197
5197
5197
5197
5197
5197
5197
5197
5197
5197
5197
5197
5197
5197
5197
5197
5196
5196
5196
5196
5196
5196
5196
5196
5196
5196
5196
5196
5196
5196
5197
5197
5197
5197
5197
5197
5197
5197
5197
5197
5197
5197
5197
5197
5197
5197
5197
5197
5197
5197
5197
5197
5196
5196
5196
5196
5196
5196
5196
5196
5196
5196
5196
5196
5196
5196
5196
5196
5196
5196
5196
5196
5196
5196
5197
5197
5197
5197
5197
5197
5197
5197
5197
5197
5197
5197
5197
5197
5197
5197
5197
5197
5197
5197
5197
5197
5197
5197
5197
5197
5197
5197
5197
5197
5197
5197
5197
5197
5198
5198
5198
5198
5198
5198
5198
5198
5198
5198
5198
5198
5198
5198
5198
5198
5198
5198
5198
5198
5198
5198
5198
5197
5197
5197
5197
5197
5197
5197
5197
5197
5197
5197
5197
5197
5197
5197
5196
5196
5196
5196
5196
5196
5196
5196
5196
5196
5196
5197
5197
5197
5197
5197
5197
5197
5197
5197
5197
5197
5197
5197
5197
5197
5197
5197
5198
5198
5198
5198
5198
5198
5198
5198
5198
5198
5198
5198
5198
5198
5198
5198
5198
5198
5198
5198
5198
5198
5198
5198
5198
5198
5198
5198
5198
5198
5198
5198
5197
5197
5197
5197
5197
5197
5197
5197
5197
5197
5197
5197
5197
5197
5197
5197
5197
5197
5197
5197
5197
5197
5197
5197
5197
5197
5197
5197
5197
5197
5197
5197
5197
5198
5198
5198
5198
5198
5198
5198
5198
5198
5198
5198
5198
5198
5198
5198
5198
5198
5198
5198
5198
5198
5198
5198
5198
5198
5198
5198
5198
5198
5198
5198
5198
5198
5198
5198
5198
5198
5198
5198
5198
5198
5198
5198
5198
5198
5198
5198
5198
5198
5198
5198
5198
5198
5198
5198
5198
5198
5198
5198
5198
5198
5198
5198
5198
5198
5198
5198
5198
5198
5198
5198
5198
5198
5198
5198
5198
5198
5198
5198
5198
5198
5198
5198
5198
5198
5198
5198
5198
5198
5198
5198
5198
5198
5198
5198
5198
5198
5198
5198
5198
5198
5198
5198
5198
5198
5198
5198
5198
5198
5198
5198
5198
5198
5198
5198
5198
5198
5198
5198
5198
5198
5198
5198
5198
5198
5198
5198
5198
5198
5198
5198
5198
5198
5198
5198
5198
5198
5198
5198
5198
5198
5198
5198
5198
5198
5198
5198
5198
5198
5198
5198
5198
5198
5198
5198
5198
5198
5198
5198
5198
5198
5198
5198
5198
5198
5198
5198
5198
5198
5198
5198
5198
5198
5198
5198
5198
5198
5198
5198
5198
5198
5198
5198
5198
5198
5198
5198
5198
5198
5198
5198
5198
5198
5198
5198
5198
5198
5198
5198
5198
5198
5198
5198
5198
5198
5198
5198
5198
5198
5198
5198
5198
5198
5198
5198
5198
5198
5198
5198
5198
5198
5198
5198
5198
5198
5198
5198
5198
5198
5198
5198
5198
5198
5198
5198
5198
5198
5198
5198
5198
5198
5198
5198
5198
5198
5198
5198
5198
5198
5198
5198
5198
5198
5198
5198
5198
5198
5198
5198
5198
5198
5198
5198
5198
5198
5198
5198
5198
5198
5198
5198
5198
5198
5198
5198
5198
5198
5198
5197
5197
5197
5197
5197
5198
5198
5198
5198
5198
5198
5198
5197
5197
5197
5197
5197
5197
5197
5197
5197
5197
5197
5197
5197
5197
5197
5197
5197
5197
5197
5197
5197
5197
5198
5198
5198
5198
5198
5198
5198
5198
5198
5198
5198
5198
5198
5198
5198
5198
5198
5198
5198
5198
5198
5198
5198
5198
5198
5198
5198
5198
5198
5198
5198
5198
5198
5198
5198
5198
5198
5198
5198
5198
5198
5198
5198
5198
5198
5198
5198
5198
5198
5198
5198
5198
5198
5198
5198
5198
5198
5198
5198
5198
5198
5198
5198
5198
5198
5198
5198
5198
5198
5198
5198
5198
5198
5198
5198
5198
5198
5198
5198
5198
5198
5198
5198
5198
5198
5198
5198
5198
5198
5198
5198
5198
5198
5198
5198
5198
5198
5198
5198
5198
5198
5198
5198
5198
5198
5198
5198
5198
5198
5198
5198
5198
5198
5198
5198
5198
5198
5198
5198
5198
5198
5198
5198
5198
5198
5198
5198
5198
5198
5198
5198
5198
5198
5198
5198
5198
5198
5198
5198
5198
5198
5198
5198
5198
5198
5198
5198
5198
5198
5198
5198
5197
5198
5198
5198
5198
5198
5198
5198
5198
5198
5198
5198
5198
5198
5198
5198
5198
5198
5198
5198
5198
5198
5198
5198
5198
5198
5198
5198
5198
5198
5198
5198
5198
5198
5198
5198
5198
5198
5198
5198
5198
5198
5198
5198
5198
5198
5198
5198
5198
5198
5198
5198
5198
5198
5198
5198
5198
5198
5198
5198
5198
5198
5198
5198
5198
5198
5198
5198
5198
5197
5198
5198
5198
5198
5198
5198
5198
5198
5198
5198
5198
5198
5198
5198
5198
5198
5198
5198
5198
5198
5198
5198
5198
5198
5198
5198
5198
5198
5198
5198
5198
5198
5198
5198
5198
5198
5198
5198
5198
5198
5198
5198
5198
5198
5198
5198
5198
5198
5198
5198
5198
5198
5198
5198
5198
5198
5198
5198
5198
5198
5198
5198
5198
5198
5198
5198
5198
5198
5198
5198
5198
5198
5198
5198
5198
5198
5198
5198
5198
5198
5198
5198
5198
5198
5198
5198
5198
5198
5198
5198
5198
5198
5198
5198
5198
5198
5198
5198
5198
5198
5198
5198
5198
5198
5198
5198
5198
5198
5198
5198
5198
5198
5198
5198
5197
5197
5198
5198
5198
5198
5198
5198
5198
5198
5198
5198
5198
5198
5198
5198
5198
5198
5198
5198
5198
5198
5198
5198
5198
5198
5198
5198
5198
5198
5198
5198
5198
5198
5198
5198
5198
5198
5198
5198
5197
5197
5197
5197
5197
5197
5197
5197
5197
5197
5197
5197
5197
5197
5197
5197
5197
5197
5197
5197
5197
5197
5197
5197
5197
5197
5197
5197
5198
5198
5198
5198
5198
5198
5198
5198
5198
5198
5198
5198
5198
5198
5198
5198
5198
5198
5198
5198
5198
5198
5198
5198
5198
5198
5198
5198
5198
5198
5198
5198
5198
5198
5198
5198
5198
5198
5198
5198
5198
5198
5198
5198
5198
5198
5198
5198
5198
5198
5198
5198
5198
5198
5198
5198
5198
5198
5198
5198
5198
5198
5198
5198
5198
5198
5198
5198
5198
5198
5198
5198
5198
5198
5198
5198
5198
5198
5198
5198
5198
5198
5198
5198
5198
5198
5198
5198
5198
5198
5198
5198
5198
5198
5198
5198
5198
5198
5198
5198
5198
5198
5198
5198
5198
5198
5198
5198
5198
5198
5198
5198
5198
5198
5198
5198
5198
5198
5198
5198
5198
5198
5198
5198
5198
5198
5198
5198
5198
5198
5198
5198
5198
5198
5198
5198
5198
5198
5198
5198
5198
5198
5198
5198
5198
5198
5198
5198
5198
5198
5198
5198
5198
5198
5198
5198
5198
5198
5198
5198
5198
5198
5198
5198
5198
5198
5198
5198
5198
5198
5198
5198
5198
5198
5198
5198
5198
5198
5198
5198
5198
5198
5198
5198
5198
5198
5198
5198
5198
5198
5198
5198
5198
5198
5198
5198
5198
5198
5198
5198
5198
5198
5198
5198
5198
5198
5198
5198
5198
5198
5198
5198
5198
5198
5198
5198
5198
5198
5198
5198
5198
5198
5198
5198
5198
5198
5198
5198
5198
5197
5197
5197
5198
5198
5198
5198
5198
5198
5198
5198
5198
5198
5198
5198
5198
5198
5198
5198
5198
5198
5198
5198
5198
5198
5198
5198
5198
5198
5198
5198
5198
5198
5197
5197
5197
5197
5197
5197
5197
5197
5197
5197
5197
5197
5197
5197
5197
5197
5197
5197
5197
5197
5197
5197
5197
5197
5197
5197
5197
5197
5197
5197
5197
5197
5197
5197
5197
5197
5197
5197
5197
5197
5197
5197
5197
5197
5197
5197
5197
5197
5197
5197
5197
5197
5197
5197
5197
5197
5197
5197
5197
5197
5197
5197
5197
5197
5197
5197
5197
5198
5198
5198
5198
5198
5198
5198
5198
5198
5198
5198
5198
5198
5198
5198
5198
5198
5198
5198
5198
5198
5198
5198
5198
5198
5198
5198
5198
5198
5198
5198
5198
5198
5198
5198
5198
5198
5198
5198
5198
5198
5198
5198
5198
5198
5198
5198
5198
5198
5198
5198
5198
5198
5198
5198
5198
5198
5198
5198
5198
5197
5197
5197
5197
5197
5197
5197
5197
5197
5197
5198
5198
5198
5198
5198
5198
5198
5198
5198
5198
5198
5198
5198
5198
5198
5198
5198
5198
5198
5198
5198
5198
5198
5198
5198
5198
5198
5198
5198
5198
5198
5198
5198
5198
5198
5198
5198
5198
5198
5198
5198
5198
5198
5198
5198
5198
5198
5198
5197
5198
5198
5198
5198
5198
5198
5198
5198
5198
5198
5198
5198
5198
5198
5198
5198
5198
5198
5198
5198
5198
5198
5198
5198
5198
5198
5198
5198
5198
5198
5198
5198
5198
5198
5198
5198
5198
5198
5198
5198
5198
5198
5198
5198
5198
5198
5198
5198
5198
5198
5198
5198
5198
5198
5198
5198
5198
5198
5198
5198
5198
5198
5198
5198
5198
5198
5198
5198
5198
5198
5198
5198
5198
5198
5198
5198
5198
5198
5198
5198
5198
5198
5198
5198
5198
5198
5198
5198
5198
5198
5198
5198
5198
5198
5198
5198
5198
5198
5198
5198
5198
5198
5198
5198
5198
5198
5198
5198
5198
5198
5198
5198
5198
5198
5198
5198
5198
5198
5198
5198
5198
5198
5198
5198
5198
5198
5198
5198
5198
5198
5198
5198
5198
5198
5198
5198
5198
5198
5198
5198
5198
5198
5198
5198
5198
5198
5198
5198
5198
5198
5198
5198
5198
5198
5198
5198
5198
5198
5198
5198
5198
5198
5198
5198
5198
5198
5198
5198
5198
5198
5198
5198
5198
5198
5198
5198
5198
5198
5198
5198
5198
5198
5198
5198
5198
5198
5198
5198
5198
5198
5198
5198
5198
5198
5198
5198
5198
5198
5198
5198
5198
5198
5198
5198
5198
5198
5198
5198
5198
5198
5198
5198
5198
5198
5198
5198
5198
5198
5198
5198
5198
5198
5198
5198
5198
5198
5198
5198
5198
5198
5198
5198
5198
5198
5198
5198
5198
5198
5198
5198
5198
5198
5198
5198
5198
5198
5198
5198
5198
5198
5198
5198
5198
5198
5198
5198
5198
5198
5198
5198
5198
5198
5198
5198
5198
5198
5198
5198
5198
5198
5198
5198
5198
5198
5198
5198
5198
5198
5198
5198
5198
5198
5198
5198
5198
5198
5198
5198
5198
5198
5198
5198
5198
5198
5198
5198
5198
5198
5198
5198
5198
5198
5198
5198
5198
5198
5198
5198
5198
5198
5198
5198
5198
5197
5197
5197
5197
5197
5197
5197
5197
5197
5197
5197
5197
5197
5197
5197
5197
5197
5197
5197
5198
5198
5198
5198
5198
5198
5198
5198
5198
5198
5198
5198
5198
5198
5198
5198
5198
5198
5198
5198
5198
5198
5198
5198
5198
5198
5198
5198
5198
5198
5198
5198
5198
5198
5198
5198
5198
5198
5198
5198
5198
5198
5198
5198
5198
5198
5198
5198
5198
5198
5198
5198
5198
5198
5198
5198
5198
5198
5198
5198
5198
5198
5198
5198
5198
5198
5198
5198
5198
5198
5198
5198
5198
5198
5198
5198
5198
5198
5198
5198
5198
5198
5198
5198
5198
5198
5198
5198
5198
5198
5198
5198
5198
5198
5198
5198
5198
5198
5198
5198
5198
5198
5198
5198
5198
5198
5198
5198
5198
5198
5198
5198
5198
5198
5198
5198
5198
5198
5198
5198
5198
5198
5198
5198
5198
5198
5198
5198
5198
5198
5198
5198
5198
5198
5198
5198
5198
5198
5198
5198
5198
5198
5198
5198
5198
5198
5198
5198
5198
5198
5198
5198
5198
5198
5198
5198
5198
5198
5198
5198
5198
5198
5198
5198
5198
5198
5198
5198
5198
5198
5198
5198
5198
5198
5198
5198
5198
5198
5198
5198
5198
5198
5198
5198
5198
5198
5198
5198
5198
5198
5198
5198
5198
5198
5198
5198
5198
5198
5198
5198
5198
5198
5198
5198
5198
5198
5198
5198
5198
5198
5198
5198
5198
5198
5198
5198
5198
5198
5198
5198
5198
5198
5198
5198
5198
5198
5198
5198
5198
5198
5198
5198
5198
5198
5198
5198
5198
5198
5198
5198
5198
5198
5198
5198
5198
5198
5198
5198
5198
5198
5198
5198
5198
5198
5198
5198
5198
5198
5198
5198
5198
5198
5198
5198
5198
5198
5198
5198
5198
5198
5198
5198
5198
5198
5198
5198
5198
5198
5198
5198
5198
5198
5198
5198
5198
5198
5198
5198
5198
5198
5198
5198
5198
5198
5198
5198
5198
5198
5198
5198
5198
5198
5198
