2320
2320
1993
2026
2119
2515
2509
2843
3133
3040
3046
3497
3491
3491
3830
3312
2921
3205
2754
2769
2373
2358
2371
2889
3340
2889
3280
3267
3485
3503
3518
3611
3393
3393
3360
3021
2731
3182
3199
3199
3617
3166
2748
2230
2236
2687
2353
1962
1975
1975
1960
2178
2172
2178
2468
2455
2851
2845
2394
2394
1998
2325
2843
2196
2196
2229
1798
1781
2115
2115
2506
2957
2439
2346
2346
2359
2341
2680
2773
2322
2032
1641
2159
2577
3008
3459
3446
3107
2773
2773
2740
2755
3146
3485
3267
3663
3324
3231
3449
3462
3495
3044
3011
3345
3684
4135
4141
3807
3801
3410
3192
2908
2477
2767
3051
3442
3448
3121
3768
3755
3364
3074
3092
2808
2802
2895
3179
3086
3071
2424
2424
2751
2333
2006
1722
2049
2082
2097
2315
2408
2799
2281
2571
3218
2571
2538
2142
2560
2573
2480
2513
2513
3031
3037
3054
3036
3370
3463
3894
3881
3542
3091
2764
2474
2457
2908
2926
2475
2871
2871
3210
2876
2870
2452
2786
3070
2552
2842
3360
3778
3685
4136
4153
4166
3775
3485
3151
3136
2618
2585
2154
2247
2247
2253
2644
2627
2176
1785
2112
1785
1767
1761
1794
1809
2136
2470
3117
2699
2705
2371
2365
2699
2303
2019
1986
1986
1652
1005
912
930
1577
2028
2419
2425
2412
2406
2499
2833
3351
3024
3308
3314
3221
3652
3261
3261
3261
2977
3395
3791
3773
3322
3713
3374
3701
3718
3703
3697
3710
3994
3476
3080
3086
3104
3091
2873
2906
2999
3395
2977
2971
2986
2652
2634
2617
2835
2439
2835
2617
2617
2186
1539
1990
2329
2976
2961
3251
3682
3392
3409
3422
2971
2989
2989
3279
3697
3712
3294
3277
3277
3259
3710
3617
3278
3278
3265
3232
3750
3423
3440
3774
3792
3775
3788
3141
3128
2844
3171
3589
3622
3607
3189
3282
2764
2746
2653
2257
1923
2016
2355
1964
1964
1964
2382
2043
2061
2074
2056
2703
2272
2179
2146
2480
2871
2871
3210
3303
3699
3917
3934
4365
3718
3322
3969
4365
3974
4007
3914
4432
4716
4069
4069
3673
3640
3623
3716
3722
3204
3219
3126
2908
2624
2657
2675
2385
2385
2603
2603
3121
3411
3077
2659
2208
2301
2752
2301
1783
1770
1552
1565
1547
1257
1708
1675
1692
2110
2143
2361
2355
2373
1922
2569
2960
3294
3294
3294
3277
3244
3534
3244
2813
2813
2795
2813
2479
2910
2817
2804
2786
2792
3243
2596
2581
2614
2632
2181
2194
2478
2087
2087
2087
1748
2139
2121
2460
2478
2929
2929
3219
3236
2785
2567
2901
2994
3512
3094
2760
2743
2225
2207
2725
2692
2710
2710
3128
3579
3240
3255
3473
3812
4208
4190
4175
4169
4169
4503
4112
4145
3818
3367
3028
2738
2738
2307
2307
2758
3189
2793
2459
2474
2190
2581
3228
3215
3554
3336
2945
2298
2625
2298
2582
2973
2542
2542
2527
2076
2082
2372
2279
2926
2508
2502
2218
2649
2867
2867
2220
2554
2950
3043
2704
2308
2308
2018
2018
2031
2449
2467
2374
2658
3054
3021
3021
3021
3348
3365
3347
2829
3119
3134
3134
3473
3473
3924
3473
3473
3082
2864
2957
2561
2468
2986
2468
2141
2234
2881
3399
3386
3782
4000
3907
3568
3586
3619
3601
3586
3155
3122
3135
2917
2499
2499
2499
2717
2499
2592
2625
2843
3170
3137
3555
3538
3556
3160
3175
3162
2744
2097
2004
2021
2360
2751
2360
2393
2824
3215
3666
3215
3200
3200
2873
2655
2638
2655
2365
2026
2365
2347
2440
2858
2524
2539
2524
2537
2933
3384
2866
3200
3418
3418
3745
3418
3027
2688
2671
2671
2671
2453
2844
2859
2859
2575
2914
2881
3528
3189
2798
2785
2451
2484
2875
2782
2782
2800
3090
3107
3113
3206
3490
3099
2648
3099
3112
2694
2410
2928
2895
2878
3269
3608
3217
2570
2564
2274
2564
2046
2052
2336
2670
2336
2336
1997
1984
1978
2317
2224
2551
2769
3160
3494
3155
2759
3277
2886
2552
2558
2897
2930
2924
2924
2891
3287
3320
3320
2924
3571
3664
3446
3353
2902
2902
2902
3320
3320
3326
3326
2908
2390
2403
2420
2938
2938
3272
3723
3723
3433
3526
3944
3660
3660
3209
3427
3427
3427
3209
3203
3203
3203
3203
3170
2523
2523
2914
2580
2149
2580
2162
2496
2780
2262
1831
1492
1831
1837
2288
2195
2842
2558
2976
2963
3253
2914
2947
2657
2624
3020
3451
3055
2721
3060
3456
3974
4192
4177
4159
4142
4136
3745
4035
4035
4128
3789
4073
4073
4079
3789
3806
4096
3678
3711
3315
3315
3649
3322
3032
3359
3777
3443
3426
3426
3443
3025
3019
2588
2571
2584
2923
3213
3120
2669
2330
2297
2693
2693
3144
3150
3137
3137
3154
3585
3603
3603
3207
3207
3207
3300
3718
3731
3404
2986
3404
2757
3084
3084
3423
3814
3721
4368
3977
3959
3959
4350
4060
4093
4093
3662
3649
3131
3149
2502
2515
2946
2940
2923
3441
3157
2939
2921
2921
2927
2942
2511
2060
1733
1733
1718
1936
2367
1936
2029
2676
3127
3127
2788
3072
3399
3414
3704
3689
3298
3313
3280
2829
3225
3656
3656
3372
3082
3366
2948
2730
2212
2119
2113
1682
2073
2591
2930
2534
2952
2668
2653
2314
2329
2725
2818
2835
3119
2723
3119
3125
3464
3464
3451
3451
3882
4333
3915
3928
3281
3928
3928
3601
3588
2941
3275
2936
2505
2505
2412
2425
2141
1750
1416
1706
1188
1173
1820
2338
1820
2154
2169
1835
1822
2149
2433
2037
2130
2124
2109
2443
2116
2129
2456
2847
2847
2880
2489
2907
3298
2847
2853
2847
2853
3284
3251
2860
3311
3326
3326
3359
3069
3465
3483
3874
3841
3194
3194
2798
2347
2329
2329
1938
1507
1958
2476
2907
3246
2795
2795
2468
3115
2597
2582
3033
3033
3033
3251
3251
3158
3485
4003
3572
3862
4293
3959
4355
4342
3946
3946
4342
3946
3495
3886
3904
3513
3229
3680
3663
3145
3541
3554
4072
4406
4406
3988
3975
4008
4023
3592
3586
3599
3586
3592
3876
3858
3407
3798
3783
4234
4252
4265
4696
4245
3911
4004
3998
3714
4048
4048
3617
4035
3817
3426
3413
3426
3877
4308
4592
4161
4161
3743
3730
3440
3730
4121
3831
3846
3199
2915
3562
3562
3568
3568
3581
3563
3224
3218
3557
3557
3230
3557
3166
3584
3569
3787
3140
2806
3140
2622
2529
2622
3013
2679
2679
2685
2969
2630
2630
2597
3244
3262
3169
2773
2322
2661
2661
2377
2895
3185
3202
2912
3196
3647
3981
4377
4359
4359
4346
4636
4297
4297
3779
3794
3794
3812
3905
3890
3923
3639
3621
3331
3004
3022
3037
3037
3019
3019
2568
3086
2868
2868
3207
2811
3095
3095
3491
3095
3108
3539
3935
4386
4371
4037
3753
3740
3740
3322
3340
3674
3656
3623
3289
2771
3061
2722
2716
3000
3418
3752
3735
3750
4089
4074
3678
3339
3666
3683
3292
3275
2991
2540
2447
2480
2480
2447
2447
2460
2478
2762
3280
2953
3344
2926
2535
2986
2652
2745
3079
3297
3693
3675
3693
3675
3690
3708
3725
3731
3713
3429
3462
3880
3863
3880
4164
3733
3282
3267
3267
3261
3692
3675
3257
3224
3551
3551
3261
3261
2614
2218
2235
1901
2297
2688
2470
2488
2503
2837
3176
3176
3394
3381
3097
3097
3387
3294
2955
2524
2863
2956
3603
3085
2992
2596
2602
2384
2780
2873
2780
3064
3064
3282
3800
4218
4000
3666
3759
3772
3757
3744
3777
3792
3786
3447
3051
3482
3933
3933
3286
3933
4151
4118
3600
3585
3600
4118
4118
3700
3269
3251
2733
2746
3164
2837
2870
2479
2910
2263
2659
2644
2426
2760
2364
2760
3278
3284
3623
3284
3284
3623
3623
3105
3088
3055
3042
3260
3042
2949
2964
2546
3193
2854
2867
2867
2854
2872
2872
2421
2434
2416
2403
2388
2388
2481
2899
3290
3323
3340
2944
2297
1906
2297
2312
2708
2290
2629
3147
3147
3130
2739
2739
3157
3375
3036
3036
3375
3036
3036
3036
3021
3021
2590
2603
2510
2092
2431
2849
2849
3176
2892
2602
2695
2662
2323
2774
2774
2256
2243
1909
2248
2030
2045
1627
1845
1862
1862
2280
2062
2045
2058
2052
2699
2705
2378
2662
3180
3611
3598
3147
2729
3063
3353
3366
2970
2955
2671
2332
2349
2349
2633
1986
2204
2237
2224
2675
2675
3002
3017
2683
2683
3101
3008
2490
2490
2583
2550
2266
2266
2662
2647
2229
2223
2557
2223
2223
1772
1445
1445
1463
1914
2198
1802
2129
2547
2116
1832
2166
2179
2185
2581
2568
3215
3197
2779
3170
3077
2626
2235
2268
2719
2072
2090
2183
1849
1849
1756
1738
2129
2129
2096
2129
2776
2759
2759
2852
2852
2819
3337
3352
2901
2895
2568
2852
3191
2973
2634
2619
2625
2625
3056
3507
3223
3241
2845
3172
3511
3511
3221
3221
2830
2737
2955
2504
2597
2270
2661
2270
2560
2554
2838
2851
2833
2848
3182
3089
2871
2581
2908
2581
2587
2587
2574
2056
2074
2056
2050
1619
1285
1298
1315
1533
1249
1645
1929
2022
1683
1590
1306
1824
1824
2114
2545
2327
2333
2320
1924
1924
1918
2202
1912
2005
2456
2469
2487
2905
2812
3146
3473
3460
3042
3438
2791
2457
2848
2457
2026
2026
1742
2081
2472
2903
2936
2936
3220
3220
3187
3200
3293
3293
2954
2558
2558
2776
2758
3154
3137
2619
2958
2958
2865
2852
2945
2494
2507
2797
2803
2710
3044
3462
3031
3031
2640
2733
2315
2706
2691
2706
2723
2396
2106
2106
2124
2414
2396
3043
2647
2630
2296
2296
2814
2847
2754
3150
3568
3585
3603
3586
3920
3636
3636
3636
3118
3103
3196
3196
2805
3256
3774
3791
3791
3785
4112
3894
3604
3571
3558
3219
3252
3252
3267
3606
2959
2944
3591
3809
3824
3406
3079
3062
3453
2935
3219
3232
3232
2948
2948
2948
2954
2861
3188
3170
3157
3575
3575
3865
3575
3859
4149
3822
3175
3175
3175
3693
3693
3359
3069
2551
2518
2531
2080
2113
2113
2447
2447
2898
2898
2507
2507
2938
2520
3038
3038
2699
2989
3316
2920
3338
3677
3343
3310
2983
2693
2687
2720
2720
2381
2720
2502
2595
2595
2562
2549
2562
2780
3427
3209
3242
3227
3227
3244
3262
3589
3604
3589
3604
3586
3247
3638
3311
3707
3614
3223
3316
3534
3861
4252
4252
4252
3856
4195
4213
3762
4213
4547
4547
4532
4248
4248
4030
4248
4263
4547
4532
4081
4081
3650
3617
3650
3637
3353
3784
3366
3333
3316
3223
3236
3526
3922
3704
3273
3273
3691
3401
3416
3706
4157
3830
3491
3709
3419
3419
2772
3062
2671
3010
3016
3001
3392
2941
3392
2941
2723
2327
2327
1936
1936
1936
1597
2048
2695
3086
3086
3103
3442
3024
3024
3308
3308
3024
3455
3442
3838
3442
3726
3739
4157
4157
3818
3484
3702
3702
3735
4062
3544
2897
3236
3883
3865
4261
4228
3938
3938
4272
4255
4272
4305
4323
3996
3979
3583
3565
3658
3645
3612
3612
4008
3557
3847
3862
3880
3865
4316
4316
4032
3581
3150
3057
3051
3144
3662
3989
4420
4871
4871
4886
4547
4329
4002
3551
3568
3907
4234
4216
3785
3785
4216
4216
3820
3727
3727
3309
2918
2918
2579
2863
3259
3677
3710
3716
4107
3817
3910
4249
3922
4373
4280
4280
4263
4263
4356
4072
4089
4379
4663
4145
3855
4182
4182
3791
3804
3804
3771
3487
3160
2709
3100
3087
3072
3523
3072
3090
2997
2579
2672
2281
2275
2693
2726
3244
3259
3241
3241
3531
3531
3982
3464
3464
3125
3409
3376
2925
3316
2982
2988
3506
3506
3519
3853
3569
3279
3279
3279
3618
3636
3619
3526
3816
3798
3831
3848
3509
3503
3503
3488
3471
2953
2959
2926
2535
2529
2980
3307
3400
2949
3233
3250
2603
2618
2525
2558
3205
3544
3544
4062
4062
4062
4453
4436
4887
4893
4878
4231
3800
3893
4324
4318
3867
3528
3495
3510
3497
3101
3101
3134
2743
2756
3152
2734
2444
2783
2789
2450
2437
2655
3073
3464
3458
3131
2913
2931
2898
2480
2462
2066
2484
2484
2501
2719
2732
2715
3111
2777
2493
2275
2262
2909
2927
2909
3360
3373
3663
3145
3484
3484
3484
3053
2602
2635
2217
2202
2536
2536
2542
2536
2967
3418
3027
3033
3020
3411
3405
3411
3072
3072
3066
3350
3363
3363
3363
3381
3398
3616
3616
3616
3616
3185
3185
2789
2455
2442
2224
2131
2649
2662
2271
2254
2645
3076
3063
3281
3281
3263
3230
3230
3230
3230
3230
3569
3230
3648
3648
3130
3526
3526
3559
3898
3559
3565
3582
3916
3916
4009
3618
3631
3297
3315
3315
3025
3359
3141
2494
2885
2867
2861
2470
2988
2955
2973
2979
3626
3626
2979
2966
2979
2979
3318
3318
3965
4292
4582
4255
4255
4237
3947
3516
3120
2836
3054
3037
3031
2813
2479
2512
2846
3277
3295
3202
2868
3264
3281
3608
3157
3250
3232
3566
3473
3134
3134
3352
3018
3111
2593
2580
2547
2547
2129
2463
2136
2654
3072
3399
3850
4189
4096
4114
4114
4096
4111
4096
3762
3780
3813
3595
3929
3944
3605
3618
3908
3457
3039
3021
3004
3343
2912
2912
3330
3336
3046
3046
3063
3514
3532
3963
3930
3930
4148
4539
4524
4524
4190
4190
3799
3381
3671
3686
3719
3701
3686
3779
3779
3746
4164
3946
3946
3933
4267
3620
3330
3324
3339
2921
2939
2939
2543
2543
2827
3474
2956
2956
2956
2939
2924
2924
2957
2957
2924
2924
3214
2924
3442
3448
3017
2733
2748
2748
2781
2781
2781
3199
3630
3112
3079
3363
3380
3363
3581
4099
4132
3793
4083
4096
4096
4096
4096
4003
3719
4003
3785
3785
3334
3050
2632
2632
2649
2131
1804
1771
1437
1955
2289
2616
2601
2940
3391
3782
3769
3862
3411
3629
3238
3232
3139
3590
3372
3372
3378
3769
3378
3471
3144
3362
3072
3072
3054
3072
3072
3490
3817
3832
3815
3809
3470
3452
3452
3848
3330
3620
3169
3175
3514
3083
2756
2663
2657
2642
3073
3073
2655
2688
3106
3390
3106
2688
3206
3533
3194
3478
3047
3386
3102
2706
2799
3217
3234
3217
3668
4059
3841
4059
3725
3742
3452
3467
3480
3089
2996
2996
3387
3393
3411
3745
3227
3511
3511
3177
3573
3122
2704
2365
2783
2770
3221
3188
3182
3613
3595
3595
3934
3595
3595
3311
3324
3417
3701
3734
3721
3270
2852
2870
2479
2462
2369
2659
2998
2998
3011
3104
3104
2673
2455
2442
2424
2134
2525
2859
2859
2520
2427
2440
2446
2463
2446
2440
2858
2858
2864
2864
3295
3813
3395
3362
3780
3389
3105
3090
3374
3664
4115
4115
4454
4487
4091
4091
4085
4303
4303
4309
3970
3937
3419
3201
3195
2764
2782
2788
3219
3234
3630
3630
3647
3363
3363
2716
2716
2701
2270
2270
2303
2521
2952
3045
2614
2953
2953
2953
3600
3266
3657
3941
4372
4279
4246
4279
4246
4261
4595
5113
5113
5096
4812
4416
4082
4082
3564
3597
3270
3270
3270
2931
2931
2931
2931
3270
3604
3386
3479
3140
2722
2075
1982
1999
2326
2311
2650
2259
2677
2644
2644
2659
2653
2653
2653
2871
2904
2997
2980
2980
3627
3633
3415
3415
3415
3415
3432
3419
3815
3809
3482
3809
3358
2927
2927
2909
2909
2927
2910
3301
3318
3300
3751
3360
3267
3273
3704
3671
4062
4075
4075
3624
3842
3552
3539
4057
4057
4057
4070
4055
3624
3624
3618
3279
3279
3262
3355
3372
3372
3038
3038
3025
3025
2932
3271
3271
3364
3397
3415
3428
3411
2764
2546
2552
2842
2829
2823
2484
2818
2725
2740
2722
2739
2321
2772
2785
3216
3434
3100
3384
2953
2938
2956
3387
3097
2770
3104
2708
2998
2567
2554
2554
2536
2549
2536
2932
3579
3546
3529
3622
3231
3248
3030
2696
2178
2609
2615
2522
2522
1875
1858
1876
2210
2728
2728
2761
2471
2798
2347
2360
2751
2320
1993
1960
1676
1894
1560
1560
1560
1560
1560
1560
1560
1844
1877
1877
1892
1877
1970
1970
1985
2416
2750
2416
2416
2706
3353
3340
3674
3581
3920
4247
3957
3957
3939
3543
3543
3961
3961
3570
3663
3663
3657
3330
3657
3674
3674
3581
3674
3657
3624
3637
3637
3298
3749
3422
2971
2687
2687
2687
2704
2988
2988
3384
3050
3083
3534
2887
3214
3121
2903
2890
2983
3322
3289
3322
3305
3290
2951
2957
3175
3142
3142
3136
3136
2918
2933
3272
3257
3475
3481
4128
4519
4809
4842
4809
4391
3960
3509
3118
3025
2698
3025
3118
3135
3135
2617
2617
3068
2850
2399
2306
2339
2306
2697
2915
2928
3359
3359
3342
2951
2555
2265
2265
2683
2683
3074
3107
3094
3111
2680
2695
3146
3129
2678
2678
3196
3196
3209
3176
3607
3594
3376
3376
3376
3409
3422
3095
3313
3095
3429
3756
3849
4300
4294
3647
4043
4333
4006
4006
3722
3940
3957
3957
3975
3960
3626
3910
4244
4211
4211
3780
3763
3372
3082
3069
3716
3298
3313
2979
2528
2528
2132
2422
2428
2335
2335
2317
2027
2317
2350
2344
2740
2746
2746
2764
2758
3149
2810
2827
2810
2816
2598
2611
2611
2578
2996
3330
3040
3040
3040
2706
2700
2685
2685
2685
3136
3136
3426
3413
3844
3453
3022
3453
3163
3145
3145
3145
2861
3195
3288
3288
3578
3595
3934
3483
3390
3781
4108
4108
3461
3122
2691
2691
2975
3426
3426
3432
4079
3789
3789
3789
4007
4438
4531
4531
4313
3979
3979
3962
3531
3531
3821
3728
3728
3821
3728
3401
3728
3728
3722
3722
3722
3722
4153
4153
4159
3512
3121
3138
3477
3081
3114
3132
3132
2681
2696
2679
2679
2261
2657
2226
1708
1708
1725
1398
1816
1816
2463
2430
2821
3272
3599
3599
3817
4151
3933
3915
3519
3915
3625
3610
3900
3900
3900
3900
3918
3951
3966
3627
3209
3640
3350
3568
3581
3568
3117
2790
2773
2790
3241
3659
3642
3636
3618
3908
4001
3610
3517
3099
3099
2881
2234
2573
3091
2695
2708
2693
2786
2804
2711
2726
2387
2778
2760
2242
2209
2627
2209
2196
2535
2535
2520
2520
2181
2577
2592
2598
2207
2598
2937
2486
2196
2714
3361
3579
3148
3579
3245
3535
3139
2855
2208
2492
3139
3139
2748
2230
2012
1997
1997
1713
1746
1746
1713
1066
1517
1178
1462
1980
2307
2400
2417
2450
2417
2835
2848
2842
2848
2558
2558
2576
2591
2925
2494
2925
2641
2628
2611
2624
2531
2922
3569
3965
3950
3950
3950
4234
3950
3983
3983
4000
3569
3051
3034
3016
3031
2613
2897
3315
3300
3300
3639
3312
3405
3836
3836
3445
3439
2988
2649
2556
2556
2774
2761
2774
2761
2779
2383
2383
2165
2556
2952
3170
3185
3524
3128
3145
3145
3130
2739
2400
2383
2398
2398
2380
2386
2404
2186
1755
1755
1749
1755
2273
2491
2818
2800
3251
3541
3257
3257
3653
3670
3152
3491
3458
3551
3133
3151
3136
2846
3264
3264
2925
2958
3349
3780
3774
4064
4047
4029
4029
4547
4553
4547
4547
4329
3911
3393
3393
3408
3926
3893
3878
3551
3769
3769
4187
4187
4094
4094
4094
4187
4202
4219
4219
4202
3751
3764
3764
4048
4081
4099
4099
3815
3297
3279
3279
3279
3279
3264
3548
3554
3554
3158
3125
3125
3140
2856
2856
2841
2858
2891
3342
2891
2473
2380
2363
2759
3177
2759
2852
2456
2456
2363
2781
2798
2765
2347
2341
2625
2658
2658
2267
2663
3081
3048
2764
3103
3621
3654
3258
3585
3981
3654
3621
4072
4072
3738
3307
3325
2907
2907
3298
2959
2508
2514
2123
1833
2167
2618
2711
3050
2403
2403
2418
2403
2687
2670
2577
2594
2884
2884
3302
2851
2333
2333
1994
1710
1704
1797
2124
2111
2758
3042
3042
3057
3042
3042
2758
3189
3473
3486
3825
3429
3429
3336
3336
3318
3318
3301
3334
3730
3440
3427
3945
3962
3678
4069
4353
4320
4320
3889
3902
3902
4192
4192
4175
4181
3963
3673
3691
3364
2973
3066
3066
3081
3075
2741
2774
2774
2774
2741
2648
2648
2975
2457
2463
2681
3015
3009
3026
2742
2742
3032
3125
2786
2390
2172
2205
2172
2390
2396
2792
3131
3113
2786
2773
3291
3291
3291
3324
3651
3004
3004
2670
2670
2670
2331
2978
2978
2885
2868
2961
2955
2972
3256
2972
2972
3311
3324
3106
2588
2606
2588
2192
2710
3161
3552
3552
3552
3537
3821
3728
3438
3421
3639
3645
4076
4063
4078
4078
4171
4171
3844
3844
3857
3857
3857
3857
3857
3764
3373
3367
3763
3424
3430
3430
3212
2694
2661
2243
2570
2570
2663
3054
3344
3017
2924
2924
3017
3050
3037
3055
3055
3273
2989
3328
3310
3310
3828
4246
3855
3855
3872
3476
3803
3285
3285
2958
3292
2841
2826
3277
3271
3667
3682
3667
3685
3234
3561
2914
2914
2897
2897
2879
2846
2450
2734
2395
2791
3309
2891
2891
2891
2564
2597
3048
3048
3695
4113
4440
4440
4440
4453
4440
4446
4446
3928
3928
3638
3928
3835
3835
3545
3539
3545
3563
3563
3557
3223
3190
3223
2827
3345
3351
3685
3351
3345
3345
3362
3078
3474
3457
3457
3848
3861
3861
4200
4200
4484
4818
4484
4484
4484
4471
4484
4466
4070
4070
4070
4360
4070
4037
4070
4404
3973
3755
3848
3835
3417
3384
2993
2666
2019
2437
2455
2673
3064
3495
3891
3891
3904
3910
3910
3910
3571
3910
3910
3943
4590
4256
3738
3738
3720
3324
2677
2692
3339
3333
3333
3339
3339
2692
3026
3026
3026
2808
3098
2764
3098
3494
3401
3419
3028
2694
2694
2694
3085
3732
4066
3727
3694
3679
3661
3661
3661
3648
3741
4080
4098
4098
4616
4165
4165
4182
4195
4522
4522
4509
4492
4208
4208
4202
4208
3561
3234
3216
3210
3223
3441
3725
3742
3748
3748
3458
3476
3085
3118
3025
2992
2974
3621
3621
4072
3788
4115
3697
3680
3284
3675
3336
3732
4022
4055
4394
4381
3950
4381
4375
4468
4886
4368
3917
3932
3945
3932
3945
4463
4480
4480
4141
4147
4147
4147
4141
4126
3908
3923
3276
3243
3243
3243
2825
3109
3327
3745
3732
4379
3861
3768
3751
3751
3757
3361
3034
3051
2404
3051
2660
2999
3032
3032
3026
3011
3407
3117
3568
2921
2904
2570
2352
2679
3197
3164
3179
3192
3526
3526
3532
3532
3625
3643
3628
3294
3276
2845
2832
3050
3340
3050
3050
3050
3068
2784
2784
2817
2817
3151
3151
3151
3168
3815
3815
3815
3798
3798
3347
3008
3008
3025
3476
3760
3309
3309
3322
3322
3337
3331
3313
3319
3337
3331
3762
3669
4008
3790
3775
3762
3762
4153
3757
3770
3431
3721
3736
3829
4225
4132
3614
3596
3178
3396
3005
3005
2972
3423
3205
2809
2162
2380
2771
2754
2741
2774
2383
2049
2142
2127
2127
2140
2536
2318
2034
2021
2036
2053
2392
2392
2377
2377
2344
2735
3382
3382
3600
3600
4118
4025
4118
4133
4133
3806
3806
3355
3388
3672
3454
3781
3781
3497
3464
3449
3482
3482
3933
3594
3812
3827
4166
3876
3889
3872
3481
3815
3815
3597
2950
2950
3341
3014
2623
2913
3131
3098
3116
3507
3056
2625
3076
3507
3791
3791
3778
3778
4105
3654
3654
3136
3153
3186
3604
3604
3386
3392
3392
3299
3817
3817
3800
3382
3382
3382
3092
3105
3198
3198
3845
3506
3924
3891
3891
4230
3946
3428
3718
3718
3735
3735
3445
3427
3717
3750
3423
3133
3133
2702
3153
2762
2366
2273
2256
2250
2268
2268
2558
2107
2107
2200
2718
2705
2923
2830
2847
2830
2836
3267
3663
3324
3608
3935
3717
3699
3699
3917
3627
3640
4091
4078
4095
3768
3786
4177
4190
4172
4172
4139
3748
3414
3507
3501
3501
3791
4130
3712
3619
4037
3641
3351
3336
3369
3462
3462
3853
3462
3011
2994
2476
2463
2753
2720
2720
2735
2752
2413
2413
2398
2381
2381
2398
2789
2571
2910
2910
2923
3257
3164
2746
3264
3264
3682
3697
3682
3697
3413
3413
3398
3385
3385
3385
3603
3609
3609
3609
3609
3642
3625
3909
3909
4305
4015
3731
3824
3485
3502
3953
3966
3981
3334
2903
2886
2880
3170
3170
2836
2836
2853
2840
2825
2825
2307
2214
1763
1763
1856
2503
2509
3027
3042
3025
2735
3186
3186
2539
2524
2431
2449
2431
1913
1913
1695
1695
2022
2240
1789
1393
1789
2128
2221
1894
2541
2150
2477
2868
3158
3158
2819
2836
3287
3805
3414
3321
3321
3321
3304
3014
3031
3044
3062
3029
3420
2773
2788
2788
3435
2984
3268
2621
2203
2203
2186
2617
3068
3068
3068
2677
2159
2493
2493
2783
2768
2755
2749
3140
3155
2764
2764
2797
2401
2792
2401
2368
1917
1934
1947
1929
2320
2320
2771
2771
2553
2538
2756
2774
2761
2854
2854
2564
2982
2889
2889
3285
3378
3384
3291
3273
2842
2825
3164
3158
3676
3285
3285
3298
3298
3285
3285
3285
2867
2416
2847
2513
2295
2629
2302
2320
2538
2929
3380
3393
3399
3399
3399
3689
3706
3706
3422
3437
3006
2667
2700
2700
2685
2672
2672
3103
3196
3103
2707
2707
2417
2083
1652
1619
1953
1986
2079
2726
3010
3010
3010
3010
3010
3010
2993
3320
3716
3320
3036
3432
3447
3429
3102
3392
3676
4094
4088
4427
4445
4049
4062
4029
3690
3690
3690
4086
3690
3690
3677
3677
3286
3613
3630
3179
3161
3144
3051
3442
3781
3787
3448
3465
3804
3822
3822
4253
4346
4379
4373
3955
3968
3968
3953
3614
3620
3102
3520
3520
3503
3503
3954
3969
3642
3659
3659
3659
3626
3342
3738
3091
3375
3375
3362
2944
2926
2530
2524
3171
3171
3204
2870
3266
3251
3251
3578
3294
3578
3187
3526
3544
3557
3557
3464
3882
3864
3580
3241
3224
3558
3558
3340
3624
3193
2866
2881
2974
3313
3331
3762
4280
4671
4280
4247
3829
3829
3814
3721
3721
3939
3954
3954
3670
3023
3010
3401
3434
3761
3767
3249
2858
2858
3142
3124
3109
3109
3756
4147
4141
4158
4158
3767
3549
3549
3153
3371
3762
3777
3783
3783
3493
3511
3929
3912
3912
3694
3688
3655
3661
3879
3879
3864
3580
3580
3593
3626
3608
3623
4019
4019
4303
3976
3993
4320
4320
4413
4398
4064
3971
3753
3753
3768
3751
3300
3285
3803
3803
3803
4137
4137
4131
3847
3862
3466
3433
3466
3917
3884
3557
3650
4046
4046
4264
4249
3910
3263
3602
3509
3526
3513
3513
3082
3729
3729
3511
3729
3762
3762
3775
4206
4299
4286
4292
4307
4325
4325
4652
4134
4134
4134
4101
4101
3670
3664
3649
3649
3649
4167
4167
4200
4215
4221
3825
3498
3481
3481
3498
3481
3912
4202
4202
4202
4202
4202
3751
3718
3287
3287
3287
3320
3314
2980
2962
2962
2315
2315
2766
3050
3481
3481
3487
3821
4148
4133
3806
3355
3370
3388
3295
3622
3104
2814
3265
3783
3876
3870
3536
3521
3103
3521
3534
4181
3963
3963
3512
3512
3963
4297
4693
4911
4911
4917
4934
4934
4600
4600
4149
4149
4136
4587
4260
4275
4275
4242
4275
3857
3466
3466
3857
4184
4184
4151
3700
3373
3707
3720
3720
3289
3289
3274
3564
3564
3547
3547
3534
3549
3153
3584
3578
3578
3905
3890
3551
3584
3566
3905
4301
3974
3684
3684
3684
3702
3992
3998
3998
3965
3965
3978
3688
4106
3588
3197
3104
3091
3482
3772
3772
4223
3576
4094
4107
4122
3838
3442
4089
4089
4089
4083
4070
4052
4065
4349
3931
3713
3746
3746
3746
3746
3746
3462
3480
3497
3497
3480
3764
3764
4182
4578
4578
4160
4142
3852
3870
3536
3521
3536
3536
3140
3430
3417
3835
3835
3317
3644
3611
3644
3978
4496
4463
4496
4513
4909
4625
4625
4718
4625
4291
4273
4273
3822
3822
3915
3898
3380
2984
2984
2969
3253
3259
3226
3226
3622
3637
4088
4088
4106
3675
3279
3296
3309
3527
3521
3303
3734
3641
3734
3721
3437
3420
3433
3951
3951
3500
3896
3249
3896
3902
3935
3608
3269
3603
3942
3909
3909
3909
4236
3845
4296
4514
4421
4705
4274
4056
4073
4073
4073
4058
3724
3385
3367
3040
3040
2750
2750
2783
2770
2770
2374
2090
2424
2442
2535
2502
1855
2194
2188
2188
2095
2077
2083
2083
1565
1583
1565
2083
2083
2176
2466
2449
2840
2853
2870
2888
2882
3278
3496
3780
3384
3371
3371
3404
3186
3617
3327
3310
3292
3292
3292
3582
4229
4136
3718
3811
4029
4029
4044
3613
3323
3650
3667
3652
3619
3634
3634
3619
4050
4065
3972
3955
4351
4369
4375
4468
4037
4050
4340
4013
4431
4431
4431
3980
3980
4013
3723
3723
3723
3723
3723
3690
3684
3684
3666
3666
4097
4115
4115
4132
4422
4749
4749
4731
4731
4749
4318
4324
4318
4318
4749
4731
4441
4459
4175
4160
4160
4175
3957
4408
4074
3427
3711
4358
4340
4056
4056
4390
4396
4396
4396
4396
3965
3950
3532
3816
3816
4106
4013
4013
4106
4139
3855
3822
4040
4027
3934
4365
4365
4075
4058
3840
3409
3403
3076
3076
3494
3494
3821
3821
3821
4039
3821
4252
4252
3913
3913
3913
3517
3856
3856
3438
3438
3438
3438
3438
3728
3277
3277
3277
3277
3277
3673
3891
3891
3891
4342
4342
4342
3824
3824
4108
4108
4626
4626
4626
4195
4613
4613
4613
4274
4274
4274
4274
4705
4487
4487
4487
4069
4069
4102
4117
4117
4123
4123
3789
3882
3882
3882
3882
3900
3894
3894
3894
3894
3911
3393
3378
3361
3034
3047
3465
3792
3759
3792
3465
3480
3387
3372
3372
3465
3014
3001
3328
3846
3199
3181
3399
3003
3018
3352
3134
3134
3530
3515
3124
3091
3124
3141
3359
3025
2607
2280
2927
2940
2940
2955
2938
3356
3263
3602
3936
3505
3936
3954
4345
4061
3843
4061
4067
4518
4518
4179
4463
4463
4463
4072
3788
3788
3370
2974
2991
2973
2973
2683
2465
2465
2558
2552
2459
2459
2477
2895
2477
2462
2853
3137
3533
3142
3125
3125
3125
3415
3833
3543
2896
2863
3202
3189
3516
3734
3747
3780
3786
3786
3803
3896
3896
3500
3515
3509
3494
3461
3852
3885
3885
3885
4175
4158
4554
4227
4874
4874
4443
4770
4486
4486
4770
4757
4306
4323
4329
4323
3805
4256
4256
4271
4238
4145
4130
4136
4136
4136
4151
4164
4146
4146
4146
3728
3332
3005
3038
3131
3038
3434
3401
3111
3629
3233
2899
2560
2543
2537
2968
3001
3001
3007
3100
3100
3067
3067
3067
3084
3084
3102
3009
3102
3135
3135
3042
2651
3042
3135
3117
3102
3429
2911
3329
3329
3316
3316
3316
3834
3443
3777
3777
3450
3463
3012
3302
3209
2919
3310
3706
3275
3269
2985
3275
3706
3706
4157
3766
4050
4050
4037
3606
3606
3606
3272
3287
3287
3293
3009
3009
3027
3354
3354
3693
3786
4217
4124
3906
3906
3488
3161
3161
2765
2858
2765
3156
3440
3150
3243
2852
2852
2819
2852
3070
3083
3083
3050
3050
2832
2819
3037
3327
3043
3076
3076
2786
3182
3600
3613
3613
2966
3357
3691
3691
3598
3691
3691
4338
4628
4197
4180
3662
3328
3328
2932
2914
2496
2927
2927
3261
2614
2275
1985
1985
2381
1985
2003
2421
3068
3586
3493
3042
3029
3014
3341
3792
3792
3885
4224
4224
4224
4508
4502
4519
4068
3729
3735
4074
3747
3729
3511
3962
4289
4289
4507
4507
4507
4490
4457
4457
4490
4490
4457
4747
4316
3898
3898
3915
3576
2929
3576
3576
3594
3594
3594
3609
4040
3822
3822
3729
3729
3729
3714
3727
3336
3009
2675
2391
2675
3093
3080
3080
3080
2662
2644
2662
2677
2770
2770
3109
3091
2660
2660
2660
2643
2643
2970
2970
3401
3401
3434
3401
3792
3361
3695
4113
4131
4038
4038
3587
4018
3371
3388
3388
3388
3388
3104
3104
2770
3104
3098
3111
3111
3111
3329
3362
3329
3312
3329
2911
2893
2893
3289
3740
3758
3758
3741
3726
4144
3753
3770
3436
3436
3529
3511
3529
3529
3529
3512
3512
3081
3098
3113
2774
2807
2792
2774
2774
3205
3852
3852
3819
3726
3741
3523
3807
3807
3807
3807
3792
3807
4146
4131
4131
4131
3613
3646
3613
4131
3484
3145
2855
2855
2838
2931
2931
2604
3251
3469
3475
3044
3475
3490
3484
3875
4202
4492
4492
3845
3845
3427
3209
3427
2996
3414
3431
3862
3862
3849
3849
4496
4045
4045
4384
4367
4400
4061
4061
3843
3843
3810
3810
4144
4144
4177
4162
4162
4179
4518
4533
4551
4551
4261
4246
4229
3945
3611
3180
3180
3162
3175
3162
3613
3580
3593
3266
3600
3617
3221
3221
3221
3221
3227
3445
3439
3835
3444
3444
3427
3858
3640
3222
3440
3101
3385
3385
2867
3385
3418
3200
2682
2697
3036
3036
3053
3271
2820
2826
2813
2382
2349
2256
2674
2674
2674
2674
3105
3556
3649
3431
3949
3302
3335
3353
3353
3338
3338
3665
3665
3247
3247
3247
3260
3678
3227
3445
3118
3118
3101
3008
3335
3625
3592
3592
3574
3591
3585
4036
4036
3640
3640
3733
3733
3739
4386
4293
3862
3862
3535
3535
3084
2566
2566
2957
3475
3475
3475
3136
3119
3550
3946
3979
3761
3471
3137
3137
3152
2734
3073
3091
3108
3093
3093
3093
2662
2656
2638
2731
2737
2955
3386
3293
3744
3744
3744
3744
3744
4034
4034
4034
3516
3516
3843
4361
4022
4115
3468
3435
3774
3774
3774
4192
4175
4175
4175
4509
4509
4524
4557
4126
4143
3809
3809
3809
4143
4143
4161
4143
4161
3710
3710
3710
3693
4144
4111
3777
3762
3762
3762
3777
4208
4855
4840
4322
4304
3886
4220
4220
3881
3490
3490
3397
3430
2783
3201
3201
3294
3941
3941
3928
3477
3143
3143
3161
3495
3508
3495
3402
3415
3397
3848
3941
3941
3941
3848
3848
3842
3515
3482
3821
4212
4227
4233
4218
4218
4311
4021
4021
4021
4008
3557
3557
3126
3644
3662
3662
3662
3662
4113
4544
4544
4559
4553
3906
3906
3906
3488
3470
3455
3472
3487
3500
3487
3203
3110
3143
3143
3161
3254
3901
3901
3914
3914
3897
3506
3413
3413
3697
3697
3682
3697
3697
4115
4115
3719
3706
3706
3706
3706
3719
4009
4336
4353
4069
3851
3818
4036
3618
3618
3328
3618
3618
3291
3073
3469
3796
4187
4174
3723
3205
2871
2853
2206
2424
2424
2409
2082
2366
2379
2379
2366
2366
2379
2161
2808
2814
2797
3015
3108
3435
3342
3676
4094
4094
4112
4145
4160
4142
4160
4177
3759
3328
3313
3313
3307
3017
3017
3032
2748
2731
2731
2731
2737
2737
2737
2704
2721
3011
2998
3416
3082
3115
3115
3633
3627
3610
3592
3592
3592
3374
3658
4109
4202
4219
4219
3929
3929
4360
4378
4345
4351
4351
4345
4345
4345
4006
4006
3988
3973
4006
4006
3588
3588
3927
3588
3922
4212
4430
4430
4212
3781
3781
3447
3430
3430
3430
3337
3337
3671
3764
3779
3328
2932
3328
3328
3235
2945
2945
2912
2912
3202
3202
3420
3136
2809
2815
2833
2833
3264
3264
3246
3259
3710
3727
3721
3727
3714
3747
3413
2895
2878
3162
3501
3495
3205
3205
3723
3729
4063
4076
4169
4154
4154
4154
4171
4171
4186
4186
4513
4295
4295
4278
4272
3821
4272
4272
4562
4469
4687
4672
4333
4006
4099
4099
4086
3796
3809
3809
3591
4009
4024
4024
3690
3690
4017
4307
4307
4324
4658
4664
4268
4255
4238
4205
4205
3774
3127
3127
3774
3759
3753
4184
3894
3376
3393
3408
3747
4143
4176
4194
4194
3743
4033
4033
4033
4484
4484
4497
4163
4497
4480
4062
4580
4580
4565
4582
4597
4597
4597
4313
4313
4313
4313
4298
4298
4280
4698
4704
4704
4704
4704
4704
4698
4698
4698
4665
4671
4654
4687
4348
3897
4348
3830
4169
4169
4169
3842
3842
4169
4169
4169
4169
3879
3896
4180
4180
3853
3853
4143
4110
4097
3807
4134
4424
4424
4424
3993
3993
3602
3263
3246
3240
3240
3253
3253
3253
3592
3592
3592
3625
3625
3532
3625
3625
3286
3286
3193
3211
3211
3228
3659
3642
3648
3648
3741
3959
3959
3941
3545
4063
4063
4030
4426
4426
4443
3796
3779
3796
4187
3669
3669
3218
3218
3218
3205
3238
3253
3704
3414
3408
3926
3926
3708
3708
3675
3660
3693
3676
3693
3693
3693
3693
3302
3308
3308
3321
3539
3539
3539
3533
4180
4180
4180
4571
4538
4553
4540
4573
4177
3893
3911
3911
3264
3264
3270
3052
3052
3046
3029
2996
3335
3625
3631
3297
3297
2846
2846
2831
2848
3132
3147
3365
3365
3365
3398
3398
3305
3272
2982
2764
2797
2810
3457
3118
3118
3100
3083
3176
3176
3194
3194
3645
3662
3880
3847
3829
3829
3829
3378
3717
3717
3717
3700
3700
3482
3500
3407
3123
3156
3156
3156
2638
2605
2939
3032
3032
3250
2859
2892
2565
3016
3306
3590
3590
3572
3288
3288
3572
3566
3533
3194
3211
3196
3229
2811
2817
2804
2817
2817
3235
3631
3958
3958
3507
3507
3846
3813
3828
3828
3813
3813
3523
3523
3523
3523
3523
3538
3828
3735
3753
3535
3201
3183
3634
3617
3617
3617
3617
3617
3951
3951
4044
4062
4049
3956
3956
4474
4468
4017
4017
4017
4017
3999
4217
4668
4668
4685
4778
4444
4444
4444
4351
4012
4012
4018
4111
4105
3587
3921
3927
4318
4318
4336
4319
3901
3808
3412
3808
3808
3357
3030
3030
3012
3012
3012
2997
3336
3336
3369
3035
3052
3145
3145
3479
3140
3123
3541
3541
2894
2894
3221
3739
3308
3275
3922
3940
3955
3955
3955
3564
3471
3862
3847
3864
3864
3864
3580
3595
3595
3608
3608
3608
3593
3266
3266
3281
3275
3275
2985
2985
3018
3000
2609
2609
2576
2559
3010
3103
3103
3120
3027
3027
3418
3757
3757
3740
4024
4455
4037
4037
4043
3652
3685
3038
3025
3025
3672
3672
3672
4090
4183
4510
4510
4800
4800
4800
5191
5185
4734
4395
4395
4395
4401
4740
4740
4740
4740
4757
4467
4036
3389
3383
3383
3401
3832
3832
3832
3832
3832
3832
3832
4283
3765
3765
3778
3745
3751
3751
3751
4398
4383
4383
4383
4416
4706
4673
4339
3692
3675
3692
4210
3992
3986
3968
3955
4289
4196
3745
3745
3745
3745
3728
3444
3662
3662
3662
3662
3946
4593
4608
4608
4318
4769
4769
4862
4875
4881
4866
4881
4868
4868
4868
5158
4874
4874
5158
4767
4761
4779
4561
4222
4255
4255
3737
3644
3248
3261
3261
3228
2944
3162
3446
3785
3501
3785
3785
3367
3373
3764
3373
3083
2436
2436
2423
2713
2713
3104
3089
3102
3498
3916
3916
3949
3665
4312
4312
4299
4299
4299
4293
4386
4904
4904
4871
4581
4163
4070
4085
4070
4354
4354
4354
4360
4142
4157
3510
3728
3728
3728
3728
4018
4018
4018
4018
4018
3691
3473
3473
3458
3440
3440
3658
4305
4087
4087
4087
3753
3753
3747
3747
3463
3790
4074
4074
4074
4080
4074
4074
3790
3790
3790
3790
3790
3790
4008
4008
4008
4008
4008
3557
3557
3557
3975
3975
3975
3975
3975
3757
3757
3757
3757
3757
3361
3361
3361
3812
3473
3473
3473
3473
3473
3473
3479
3813
3830
3830
3830
3830
3813
3813
3813
3395
3408
3425
3425
3764
3758
3758
4154
3820
4154
3763
3763
3763
3763
3763
4154
4438
4438
4444
4537
4141
4048
4066
4284
4066
4066
4081
4066
4049
4049
3765
3782
3492
3153
3153
3492
3153
3443
3839
4257
4596
4814
4418
4418
4814
4814
4829
4823
4405
4438
4220
4313
4313
4220
3769
3754
3972
3978
3644
3644
3644
3644
3737
3644
3644
3644
3737
3737
3447
3898
3559
3559
3893
3893
4177
4160
3833
3833
3833
3499
3499
3499
3406
3010
3010
3406
3122
3122
2731
3015
3030
3320
3647
3647
3664
3649
3636
3636
4027
4027
4009
3976
3692
3705
3705
3798
4132
4132
3485
3485
3769
3551
3890
3877
3890
3499
3717
4108
3781
3796
3462
4109
4109
4436
4436
4218
4218
4636
4669
5003
5221
5221
5239
4900
4482
4476
4192
4192
4175
4175
4162
4162
4147
4147
4147
4153
3722
3737
3737
3750
3750
3750
3767
3767
4051
3533
3515
3515
3297
3515
3502
3502
3502
3502
3502
3469
3454
3454
3885
3868
4386
4386
4401
4386
4804
4477
4816
4816
4816
4723
4736
4318
3867
3867
3476
3803
3821
4212
4212
4199
3808
3808
4259
4677
4690
4677
4677
4677
4677
4694
4360
3964
3964
3964
3680
3713
3713
3713
3713
3680
3680
3262
2972
2972
3005
2999
3283
3617
3617
3186
3169
3565
3226
3226
3644
3659
3375
2924
2924
2891
3322
3606
3612
3645
3645
3935
3935
3517
3233
3215
3215
3606
3623
3296
3309
3292
3310
3310
3310
3292
3286
3704
3797
3784
3751
3757
4208
4208
4208
4226
3936
3936
3949
3982
3982
3949
4276
4560
4560
4164
4164
4151
4547
4454
4003
4454
4454
4127
4109
4448
4461
4751
4844
4844
4844
4844
4844
4505
4287
4626
4626
4626
4613
4613
4613
4613
4646
4659
4659
4141
4141
4141
3857
4184
4184
4702
4689
4689
4689
4689
4707
4707
4925
4925
4832
4925
4925
4925
4925
4925
4919
4919
4523
4505
4087
4087
4483
4901
4901
4901
5185
5185
5185
5185
4895
4895
4499
4281
4677
4690
4690
4272
4259
4477
4477
4150
4163
4180
4180
3846
4180
3896
4314
3918
3918
3467
3076
3527
3527
3527
3545
3545
3835
3822
3822
3789
4116
4116
3898
3608
3826
4116
4116
3826
4217
4199
3860
3860
3860
3860
4144
4483
4092
4092
4092
4488
4494
4477
4462
4495
4495
4495
4495
4489
4495
4510
3992
3992
3992
3986
4003
4521
4521
4506
4506
4796
4703
4703
4703
4709
4709
4491
4491
4157
4172
3845
3828
3921
3934
3934
3934
3503
3085
3303
3297
3284
3269
3269
3284
3290
3290
3284
3301
3301
3635
3641
4032
4045
3827
3827
3827
3436
3867
3867
3852
3852
3852
3846
3415
3433
3651
4069
4052
3834
3834
3849
3849
3855
4246
3912
3894
4228
4195
3861
3861
3846
3863
3472
3490
3505
3723
3723
3433
3466
3793
3793
3778
3765
4055
4068
4068
4051
4033
4033
4464
4464
4125
3907
3907
3389
3780
3795
3782
4300
4300
4300
4639
4656
4265
4265
4265
4483
4265
4656
4656
4656
4641
4302
4302
3906
3906
3889
4228
4562
4562
4562
4562
4562
4144
4144
3817
3533
3533
3199
3212
3539
3757
3757
4175
4175
4175
4571
4571
4905
4923
4923
4910
5194
4910
4492
4459
4008
4021
4021
4021
3374
3361
3361
3779
3773
3773
3773
4420
4437
4437
4437
4103
4136
4136
4136
4136
4587
4570
4570
4280
4614
4275
3948
3855
3855
4182
4182
3751
4041
4325
4418
4757
4757
4763
4763
4436
4436
4102
4009
4026
4026
4026
4041
4054
4054
4381
4381
4381
4381
4381
4054
3836
3819
3819
4146
4577
4594
4687
4674
4347
4681
4681
4681
4648
4648
4633
4633
4182
4633
4627
4627
4633
4633
4202
4202
4202
4202
4202
4202
3868
3868
3584
3802
4233
4233
3943
3925
3586
3569
3896
3909
3909
3924
3924
3924
4208
4208
3777
3810
3717
3717
4051
4036
3818
4036
3709
3709
3999
3999
3999
3603
3696
4127
4127
4454
4454
4454
4454
4127
4034
4373
4388
4388
4355
4340
4340
4355
4355
4355
4751
4751
4769
4802
5129
4839
4806
4806
4159
4159
4176
4161
4161
4161
4161
4451
4161
4161
4161
4161
4161
4451
4451
4434
4095
4188
4095
4188
4170
4188
4188
4182
4182
4182
4182
3964
3970
3539
3539
3121
2794
2794
2781
2497
2715
2715
2715
2319
2319
2603
2999
3338
3338
3338
3338
3665
3665
3680
4111
4105
4105
4105
4523
4505
4523
4523
4523
4233
4218
4865
4878
4860
4860
4860
4642
4648
4648
4130
4348
4366
4366
4366
4366
4039
4329
4329
3898
3805
3898
3898
3892
3553
3559
3559
3576
3609
3319
3837
3824
3824
3824
3791
3791
3791
3804
3791
3791
3340
3323
3323
3774
3807
3714
3729
3311
3311
3311
3296
3309
3291
3581
3581
3575
3592
3592
3607
3934
4352
4352
4337
4320
4307
3789
3571
3571
3571
3664
3670
3683
3701
3701
3695
3695
3712
3712
3321
3321
3321
3288
3288
3288
3270
2986
2986
3004
3004
2987
3205
3723
3723
3738
4129
4129
3795
3795
4226
4208
4193
4180
4195
4195
4195
4195
4212
3994
3576
3576
3609
3576
3994
3977
3990
3990
3594
3612
3612
3612
3221
3560
3560
3547
3547
3938
3938
3938
3938
3944
3926
3495
3495
3495
3495
3495
3829
3829
3829
3829
3736
3754
3787
3460
3553
3538
3532
3547
3529
3542
3208
3208
3175
3193
3193
3589
3589
3589
3923
3589
3589
3807
3807
3807
3794
3794
4078
4078
4060
3776
4207
4534
4868
4885
4870
4853
5137
5137
5137
4853
4853
4853
4859
4876
4876
4537
4520
3873
4520
4520
4520
4514
4547
4547
4096
4109
4126
4126
4144
4595
4595
4879
4866
4866
4532
4499
4499
3852
3759
4406
4419
3772
3755
3465
3471
4118
4105
4395
4734
4734
4827
4827
4827
4821
4821
4827
4840
4857
4439
4008
4342
4342
4342
4124
4124
4124
4111
4094
4094
4094
4094
3760
3773
3991
4006
3555
3555
3555
3540
3144
2817
2817
2817
2527
2434
2428
2428
2428
2443
2476
2476
2476
2894
3228
3321
3321
3303
3320
3647
3363
3363
3348
3638
3922
3922
3404
3404
3404
3404
3404
2986
2986
2986
2986
3417
3835
3835
3835
3404
3077
3083
3083
3066
3517
4035
4053
4053
4449
4464
4464
4464
4791
4698
4715
4715
4388
4382
3964
3964
3964
4057
3723
3729
4056
4056
4050
3957
4050
4468
4250
4250
4232
4232
4250
4250
4250
4250
4232
4232
4217
4235
4666
4666
4672
4672
4687
4403
4386
4293
4293
4293
3897
3897
3897
3897
3570
3854
3848
3830
3399
3417
3417
3417
3510
3510
3492
3492
3492
3710
4141
4158
4492
4498
4498
4107
4092
4092
4107
3773
3773
3773
3773
3680
3667
3634
3634
3727
4118
4112
4112
3828
3828
3834
3819
3819
4146
4146
3928
4262
4169
4169
3879
3879
3879
3879
3879
3894
3888
3497
3888
4284
4269
4287
3869
3542
3542
3151
3542
3557
3590
3808
3808
3590
3199
3526
3526
3619
3604
3610
3593
3593
3593
3587
3978
3885
3489
3489
3582
3489
3582
3599
3599
3599
3506
3599
3889
3796
3763
4047
4080
4080
4173
3889
4107
4525
4432
4415
4415
4415
4428
4428
4443
4109
3782
3782
3782
3443
3443
3443
3443
3428
3712
3712
4046
4061
4388
4170
4170
4170
4509
4727
4694
4694
4700
4700
4700
4700
4366
4366
3848
3865
4199
3915
4199
4717
4717
4433
4015
4015
4015
4015
4015
4015
3681
3681
3965
3952
3952
3946
3946
3946
3607
3607
3589
3595
3595
4013
4013
4013
3723
4119
4137
4230
4012
3919
3919
4209
4192
4186
4168
3777
3777
3777
3777
3777
3777
3777
4116
4116
4116
4116
4134
4134
4140
4233
4233
4246
4263
4250
4235
4569
4569
4552
4552
4225
3794
3811
4242
4149
4149
4367
4367
4367
4758
4851
4851
5178
4844
4827
4734
4751
4764
4764
5098
5081
5098
5092
5107
5107
4589
4589
4572
4572
4572
4141
4141
4141
4123
4123
4156
4123
4141
4141
3807
3789
3789
3822
4253
4220
4238
3911
3898
3680
4007
3360
4007
4013
4013
3995
4213
3817
3811
3904
3904
4238
4255
3916
3916
3949
3949
3949
3949
3916
3916
3916
4255
4255
4268
3984
3969
3969
3956
3666
3573
3556
3649
3667
3682
3699
3983
3983
4379
4379
4392
3974
3961
3743
4161
4161
4161
4161
3822
3822
4340
4679
4679
4679
4679
4712
4712
4619
4619
4101
4101
4619
4837
4837
4930
4930
4913
4913
4913
4579
4564
4854
4854
4463
4245
4245
4212
4603
4603
4510
4527
4527
4243
4243
4243
4243
4276
4258
4258
4258
4273
4273
4286
4271
4271
4364
4370
4277
4561
4579
4562
4562
4562
4562
4579
4797
4791
4373
4355
4355
4355
4370
4370
4370
4370
4370
4355
4355
4355
4137
4137
4137
4137
4104
3814
3814
3820
3807
3807
3807
3807
3807
3807
3807
3801
3816
3829
3829
3545
3545
3879
3879
4097
4190
4190
4608
4281
4281
4188
3737
3737
3346
3673
3673
4124
4414
4397
4397
4397
4397
4001
3986
4001
4001
4007
4007
4398
4392
4485
4485
4502
4535
4819
4825
4825
5221
5221
5221
5221
4830
4496
4403
4076
4076
4076
3792
3779
3746
3746
3746
3839
3839
4173
4500
4485
4468
3821
4105
3771
3788
3806
3375
3375
3357
3351
3782
3797
3797
4444
4444
4444
4444
4026
4039
4039
4026
4360
4366
4082
4076
4076
4076
4076
4076
4076
4094
4094
3876
3876
3876
4294
4512
4185
4185
4469
4482
4482
4469
4469
4469
4469
4475
4866
4582
4576
4589
4873
4856
4856
4838
4855
4424
4442
3991
3991
3976
4407
4407
4407
4389
4395
4056
4056
4089
4540
4540
4447
4774
4774
4774
4774
4774
4484
4484
3837
3831
3831
3831
3846
3846
3813
3422
3440
3473
3055
3055
2537
2519
2519
2809
3327
3333
3751
3738
3723
3741
3756
3756
3756
3849
3831
4478
4188
4206
4206
4206
4206
4206
4188
3770
3764
3749
3749
3749
4088
4088
4506
4796
5187
5187
5200
5187
5187
5187
5094
5094
4767
4767
4767
4767
4120
3702
3702
3702
3702
3484
3194
3207
3300
3590
3590
3917
3917
3917
3917
3917
3917
3633
3633
3616
3616
3622
3906
3906
3900
4318
4318
4536
4542
4208
3918
4208
4208
4226
4226
4220
4127
4127
4127
4144
4144
4144
4144
4144
4478
4478
4478
4478
4478
4260
3869
3869
3351
3351
3067
3351
3998
4389
4395
4395
4395
4395
4395
4395
4395
4382
4349
4382
4600
4615
4615
4598
4598
4264
4246
3855
3855
3855
3855
3855
3822
3855
3855
3948
3948
3961
3946
3946
3963
3963
3957
3944
4278
4296
4296
4814
4814
4796
4811
4811
4811
4811
4811
5202
5202
5202
5202
5202
5169
5169
5169
5169
5169
5182
5182
5182
5182
4964
4964
4871
4858
4858
4843
4843
4843
4858
4467
4049
4067
4067
4050
4050
4050
3716
4134
4352
4352
4025
4007
4007
4007
4007
4398
4002
4015
4015
4021
3803
3790
4186
4279
4264
4264
4279
4279
4297
4631
4625
4625
4625
4625
4625
4625
4291
4291
4618
4618
4279
4261
4479
4048
4081
4512
4497
4497
4497
4503
4503
4518
4518
4518
4518
4518
4531
4313
4313
4313
4652
4652
4201
4201
4535
4196
4196
4190
4190
4190
4196
4214
4214
4231
4570
4570
4570
4570
4570
4552
4535
4535
4139
4106
4324
4775
4775
4762
4795
4795
4364
4377
4808
4775
4775
4775
4775
4775
4792
4810
4717
4717
4717
4717
4699
4699
4693
4786
4773
4758
4741
4741
4310
4325
4325
4721
4734
4283
4283
4714
4430
4430
4430
4415
4415
4448
4435
4435
4342
3911
3917
3526
3543
3543
3526
3543
3556
3556
3556
3160
3160
3143
3160
3160
3160
3444
3835
3835
3835
3617
3835
3835
3853
3853
4304
4287
4287
4287
4274
4291
4274
4274
4274
4289
4289
4289
4289
4289
4289
4289
4306
4306
4319
4412
4412
4412
4412
3994
3994
4425
4410
4410
4828
4397
4397
4397
4379
4397
4391
4822
4729
4729
4729
4729
4729
4729
4716
4498
4498
4498
4498
4716
4716
4069
4465
4465
4465
4465
4069
4051
4034
4034
4034
3744
4034
4052
3834
4481
4142
4360
4360
4076
4091
4091
4184
3857
4141
4141
4468
4468
4468
4481
4487
4487
4487
4487
4472
4466
4466
4373
4373
4083
4089
4182
4182
3964
3964
4254
4161
4161
4161
3871
3871
3871
3838
3853
4249
4249
4249
4249
4243
4243
4228
4261
4261
4243
4243
4243
4230
4230
4243
3792
3798
3280
3280
3280
3247
3537
3119
3119
3119
3106
3119
3119
3134
3134
3134
3352
3339
3339
3857
4196
4196
4196
4196
4214
3880
3880
3880
3880
3880
3880
4298
4298
4298
4080
4173
4173
4167
3771
3771
3771
3771
3804
3804
3804
4255
4255
4240
4240
3950
3917
3917
3934
4224
4239
4239
4146
4146
4129
4525
4531
4544
4577
4287
4254
4271
4304
4304
3853
3853
4187
3769
3769
3769
4220
3893
3887
3870
3963
4181
4163
4453
4453
4453
4453
4459
4459
4426
4413
4413
4413
4413
4413
4413
4123
3905
4123
4156
4123
4123
3732
3749
3749
3353
3353
3749
3732
3732
3732
4123
4123
4140
4140
4140
4140
4140
4140
4140
4140
4125
4158
4158
4158
4485
4775
4788
4788
4498
4498
4481
4481
4475
4475
4475
4382
4048
4048
4141
4141
4048
4048
4048
4048
4048
4048
4048
4063
4081
4371
4044
4061
4061
4028
4028
4061
4479
4479
4479
4479
4446
4479
4479
4466
4466
4793
4799
4892
4799
4782
4875
4875
4869
4869
4478
4812
4825
4825
4732
4732
4732
4732
4714
4283
4283
3944
4037
4037
4037
4037
4037
4055
4055
4055
4055
4040
4040
4040
4379
4379
4379
4346
4328
4346
4346
4333
4049
4440
4422
4706
4706
4706
4706
4372
4372
4372
4372
4372
4372
4279
4279
4279
4279
4279
4279
4279
4279
4279
3995
3995
3995
4329
4329
4329
4329
4329
4329
4329
4329
4329
4329
4329
4329
4329
3938
3938
3938
3938
3938
3938
3938
3938
3938
3938
3938
4222
4222
4222
4222
4222
4222
4222
4222
4222
4613
4613
4613
4613
4613
4323
4323
3805
3805
3805
3805
4323
4323
4613
5044
5044
5044
5044
5044
5044
4760
4760
5044
5044
4754
4754
4754
4754
4427
4427
4427
4427
4427
4427
4427
4427
4427
4427
4427
4717
4499
4499
4499
4499
4499
4499
4499
4499
4499
4081
4408
4408
4408
4408
4408
4408
4408
4408
4408
4408
4408
4826
4542
4542
4542
4542
4542
4542
4542
4542
4542
4760
4426
4426
4426
4426
4426
4426
4710
4710
4371
4371
4710
4420
4136
4136
4426
4426
4426
4426
4426
4426
4426
4426
4426
4426
4136
4136
4136
4136
4136
4136
4136
4136
4136
4136
4136
4420
4202
4202
4202
4202
4202
4420
4420
4420
4420
4420
4710
4710
4710
4710
5044
5044
5044
4826
4826
4826
4826
4826
4826
4826
4487
4487
4487
4487
4487
4487
4487
4487
4487
4487
4487
4487
4153
4153
4153
4153
4153
3863
3863
3863
3863
3863
3863
3863
3863
3863
3863
3467
3467
3467
3863
3863
3863
3863
3863
3863
3863
3863
3863
3863
3863
3863
3863
3863
3863
3863
4081
4081
4081
4081
4081
4081
4081
4081
4081
4081
4081
4081
4081
3685
3401
3401
3401
3401
3401
3401
3401
3685
3294
3294
3294
3685
4024
3806
3806
3806
3806
3806
3806
3806
3806
4202
4202
4202
4202
3784
4202
4202
4420
4136
4136
4136
4136
4136
4136
4136
4136
4136
4136
4136
4136
4136
4136
4136
4136
4136
4136
4136
4136
4136
4136
4136
4136
4136
4136
4136
4136
3705
3705
3705
3705
3705
3705
3705
3705
3705
3705
3705
3705
3705
3705
3705
3705
3705
3705
3705
3705
3995
3995
3995
3995
3995
4426
4426
4426
4710
4710
4710
5044
5044
5044
5044
5044
5044
5044
4705
4705
4705
4705
4705
4705
4705
4705
4705
4705
4705
4705
4705
4705
4287
4287
4287
4287
4287
4287
4287
4287
4287
4287
4287
4287
4287
4287
4287
4287
4287
4287
4287
4287
4287
4287
4287
4705
4705
4705
4705
4705
4705
4705
4705
4705
4487
4487
4487
4705
4705
4705
4705
4705
4705
4314
3987
3987
3987
3987
3987
3987
3987
3987
3987
4326
4326
4326
4326
4326
4108
4108
4108
4108
4108
4108
4108
4108
4108
4108
4108
4108
3824
3824
3824
4108
4108
4435
4435
4435
4826
4408
4408
4408
4017
4017
4017
4017
4017
4017
4017
4017
3727
3727
3727
4118
4118
4118
4118
4408
4408
4408
4626
4626
4626
4626
4626
4626
4626
4626
4626
4626
4626
4626
4626
4626
4626
4626
4626
4626
4626
4626
4626
4626
4626
4626
4626
4626
4626
4626
4626
4336
4336
4336
4336
4336
4626
4626
4626
4626
4626
4626
4626
4626
4626
4626
4626
5044
5044
5044
5044
5044
5044
4826
4826
4826
4826
4826
4826
4826
4826
4826
4826
4826
5044
4626
4626
4626
4626
4626
4626
4235
4235
4235
3896
3612
3612
3951
3951
4235
4235
4235
4235
4235
4235
4235
4235
4235
4235
4235
4235
4235
4626
4626
4195
4195
3905
3905
3905
3905
3905
3905
3905
3905
3905
3905
3514
3514
3514
3905
3905
3905
3621
3621
3621
4052
4336
4754
4754
4754
4754
4754
4754
4754
4754
4754
4754
4754
4754
4754
4754
4754
4754
5044
5044
5044
5044
5044
5044
4754
4754
4754
4754
4754
4754
4754
4754
4754
4754
4754
4754
4754
4754
4754
4754
4754
5044
5044
5044
5044
5044
5044
4653
4653
4363
4363
4363
4363
4363
4754
4363
4363
4363
4363
4363
4363
4363
4363
4363
4363
4363
4363
4024
3740
3740
3740
3740
3740
3740
3740
3740
3740
4131
4131
4131
4131
4131
4131
4131
4131
4131
4131
4470
4470
4470
4470
4470
4470
4470
4760
4760
4760
4760
4760
4760
4760
4760
4760
4433
4433
4717
4717
4717
4717
4717
4717
4717
4717
4717
4499
4499
4499
4499
4499
4499
4499
4499
4499
4499
4499
4499
4499
4499
4499
4499
4499
4499
4499
4499
4499
4499
4499
4499
4499
4499
4103
4103
4103
4103
4103
4103
4103
4103
4103
4103
4103
4103
4103
4103
4103
4103
4103
4103
4430
4826
4826
4826
4826
4826
4826
4826
5044
5044
5044
5044
5044
4613
4613
4613
4613
5044
5044
5044
5044
5044
5044
5044
5044
5044
5044
5044
5044
5044
5044
5044
5044
4613
4613
4613
4222
4222
4222
4222
4222
4222
4222
4222
4222
4222
4222
4222
4004
4004
4004
4395
4395
4105
4105
3821
3821
3821
3821
3821
3821
3821
3821
3821
3482
3766
3766
4105
4105
4105
4105
4323
4323
4613
5044
5044
5044
5044
4705
4705
4705
4705
5044
5044
5044
5044
5044
5044
5044
5044
5044
5044
5044
5044
4613
4613
4613
4613
4613
4395
4395
4395
4395
4395
4395
4111
4395
4395
4395
4395
4395
4395
4395
4395
4826
4826
4487
4487
4487
4487
4487
4487
4487
4487
4487
4203
4203
4203
4203
4203
4203
4203
4203
4203
4203
4203
4203
4203
4203
4203
4203
4203
4203
4487
4487
4487
4487
4487
4487
4487
4487
4487
4487
4487
4487
4826
4826
4826
4826
4826
4826
4826
4826
4826
4826
4826
4826
4826
4826
4826
4826
4826
4826
5044
5044
5044
5044
5044
5044
5044
5044
4613
4613
4613
4395
4004
4004
4395
4395
4395
4395
4395
4395
4395
4395
4395
4395
4395
4395
4395
4395
3977
3977
3977
3977
3977
4195
4613
5044
5044
5044
5044
5044
5044
5044
5044
5044
5044
5044
5044
5044
5044
5044
5044
5044
5044
5044
5044
5044
5044
5044
5044
5044
5044
5044
5044
5044
5044
5044
5044
5044
5044
5044
4710
4492
4492
4492
4492
4710
4710
4710
4319
4319
4319
4319
4319
4319
4319
4319
4319
4319
4319
4319
4319
4319
4319
4319
4319
4319
4710
4192
4192
4192
4192
4192
4192
4192
4710
4426
4426
4136
4136
4136
4136
4136
4136
4136
4136
4470
4470
4470
4470
4470
4470
4470
4470
4470
4470
4760
4760
4760
4542
4826
4826
4826
4826
4826
4826
4826
4826
4826
4826
4826
4826
4826
4826
4826
5044
5044
4710
4710
4383
4383
4383
4383
4383
4383
4383
4717
4717
4717
4717
4717
4717
5044
5044
5044
5044
5044
5044
5044
4826
4826
4826
4826
4826
4826
4826
4826
4826
4826
4826
4826
4826
4826
5044
5044
5044
5044
5044
5044
5044
4705
4705
4705
4705
4705
4705
4287
4287
4287
4287
4287
4705
4705
4705
4705
4378
4378
4705
4705
4705
4705
4705
4705
4705
4705
4705
5044
5044
5044
5044
5044
5044
5044
5044
5044
5044
5044
5044
5044
5044
5044
4760
4760
4760
4421
4421
4421
4421
4421
4421
4421
4421
4421
4421
4421
4421
4705
4705
4705
4705
4705
4705
4705
4705
4705
4705
4705
4705
4705
4705
4705
4705
4705
4705
4487
4487
4487
4487
4487
4487
4487
4487
4487
4487
4487
4487
4487
4487
4160
3729
3729
3729
3729
3729
3729
3729
3729
3729
3729
3729
3729
3729
3729
4160
4160
4160
4160
4160
4160
4160
4378
4705
4705
4371
4371
4371
4371
4371
4153
4153
4487
4487
4487
4487
4487
4487
4487
4487
4487
4487
4487
4487
4487
4487
4487
4487
4487
4487
4036
4036
4036
4036
4036
4036
4036
4036
4036
4487
4487
4705
4487
4487
4487
4705
4705
4705
4705
4705
4705
4705
4705
4705
4705
4705
4705
4705
4705
4705
4705
4705
4705
4705
4705
4705
4705
4705
4371
4371
4371
4705
4705
4705
5044
5044
5044
5044
5044
5044
5044
5044
5044
5044
5044
5044
5044
5044
4526
4526
4526
4526
4526
4526
4526
4526
4526
4526
4526
4526
4526
4526
5044
5044
5044
5044
4717
4717
4717
5044
5044
5044
5044
5044
5044
5044
5044
5044
5044
5044
5044
5044
5044
5044
4717
4717
4717
4717
4717
4717
4717
4717
4717
4717
4717
4717
4717
4299
4626
4287
4705
4705
4705
4705
4705
5044
5044
5044
5044
5044
5044
4754
4754
4754
4754
5044
5044
5044
5044
5044
5044
5044
5044
5044
5044
5044
5044
5044
5044
5044
5044
5044
5044
5044
4754
4754
4754
4415
4415
4415
4415
4415
4415
4415
4415
4415
3984
3984
3984
3984
3984
3984
4323
4323
4323
4323
4323
4613
4613
4613
5044
5044
5044
5044
5044
5044
5044
4754
4754
5044
5044
5044
5044
5044
5044
5044
5044
5044
5044
5044
5044
5044
4705
4705
4421
4421
4421
4421
4421
4421
4421
4421
4421
4421
4421
4421
4421
4705
4705
4705
4705
4705
4705
4705
4705
4705
4705
4705
4705
4705
4705
4705
4705
4705
4705
4705
4705
4705
5044
5044
5044
5044
5044
5044
5044
5044
5044
5044
5044
5044
5044
5044
5044
5044
5044
5044
5044
5044
5044
5044
5044
5044
5044
4705
4378
4378
4705
4705
4705
4705
4705
4705
5044
5044
5044
5044
5044
5044
5044
5044
5044
4826
4408
4408
4408
4408
4626
4626
4626
4626
4626
4626
4626
4626
4626
4626
4408
4074
4074
4292
4292
4292
4292
4292
4292
4292
4626
4626
4626
4626
4626
4626
5044
5044
5044
5044
5044
5044
5044
5044
5044
5044
5044
5044
5044
5044
5044
5044
5044
5044
5044
5044
5044
5044
5044
5044
5044
5044
5044
5044
5044
5044
5044
5044
5044
5044
5044
5044
5044
5044
5044
5044
5044
5044
5044
5044
5044
5044
5044
5044
5044
5044
5044
5044
5044
5044
5044
5044
5044
5044
5044
5044
5044
5044
5044
5044
5044
5044
5044
5044
5044
5044
5044
5044
5044
5044
4626
4626
4626
4626
4626
4626
4292
4292
4292
4292
4292
4292
4292
4292
4292
4626
4626
4626
4626
4626
4626
4626
4626
4626
4626
4626
4626
4626
4235
4235
4235
4235
4235
4235
4235
4235
4235
4653
4653
4653
4435
4826
4826
4826
4826
4826
5044
5044
5044
5044
5044
5044
5044
5044
5044
5044
5044
5044
5044
5044
5044
5044
5044
5044
5044
4826
4826
4826
4826
4826
5044
5044
5044
5044
5044
5044
5044
5044
5044
5044
5044
5044
5044
5044
5044
4760
4760
4760
4760
4760
5044
5044
5044
5044
5044
5044
5044
5044
5044
5044
4760
4760
5044
5044
5044
5044
5044
5044
5044
5044
5044
4754
5044
5044
5044
5044
5044
5044
5044
5044
5044
5044
4826
4826
4826
4826
4826
4826
4826
4826
4826
4826
4826
4826
4826
4826
5044
5044
5044
5044
4754
4754
4754
4754
4754
4754
4754
4754
4754
4754
4420
4420
4420
4710
4710
4710
4383
4383
4717
4717
4717
4717
4717
4717
4717
4717
4717
4717
4717
4717
4717
4717
4717
4427
4427
4427
4143
4143
4143
4143
4143
4143
4143
4143
4143
4143
4427
4427
4717
4717
4717
4717
4717
4717
4717
5044
5044
5044
5044
4705
4705
4705
4705
4705
4705
4705
4705
4705
4705
4705
4705
4705
4705
4705
4705
4705
4705
4705
4705
4705
4705
5044
5044
5044
5044
5044
4754
4754
4754
4754
4754
4754
4754
4754
5044
5044
5044
5044
5044
5044
5044
4653
4653
4653
4653
4653
4653
4653
4653
4435
4435
4435
4435
4435
4435
4435
4435
4435
4435
4435
4826
4826
4826
4826
4826
4826
4826
4826
4826
5044
5044
5044
5044
5044
5044
4705
4705
4705
4705
4705
4705
4705
4705
4705
4705
4705
4705
4705
4705
4705
4705
4705
4705
4705
5044
5044
5044
5044
5044
5044
5044
5044
5044
5044
5044
5044
5044
5044
5044
5044
5044
5044
5044
5044
5044
5044
5044
5044
5044
4626
4626
4626
4626
4626
4626
4626
4626
4626
4626
4626
5044
5044
5044
5044
5044
5044
5044
5044
5044
4626
4626
4626
4626
4626
4626
4626
4626
4626
4626
4626
4408
4826
4492
4710
4710
4710
4710
4710
4710
4710
4710
4710
4710
4710
4710
4710
4710
4710
4710
4710
4710
4710
4710
4710
5044
5044
4760
4760
4760
5044
5044
5044
5044
5044
5044
5044
5044
5044
5044
5044
5044
5044
5044
4826
4826
4826
4826
4826
4826
4826
4826
4826
4826
4826
4826
4826
4826
4826
5044
5044
5044
5044
5044
5044
5044
5044
5044
5044
5044
4826
4826
4826
4826
5044
5044
5044
5044
5044
5044
4705
4705
4705
4705
4705
4705
4705
4705
4705
4705
4705
4705
4705
4705
4705
4705
4705
4705
4705
4705
4705
4705
4705
4705
4705
4705
4705
4705
4705
4487
4826
4826
4826
4826
4408
4408
4408
4408
4408
4408
4408
4826
4826
4826
4826
4826
4826
4826
4826
4826
4826
4826
4826
4826
5044
5044
5044
5044
4705
4705
4705
4705
4705
4274
4056
4395
4395
4395
4395
4395
4395
4395
4395
4395
4395
4395
4395
4395
4395
4395
4395
4395
4395
4395
4395
4395
4395
4395
4395
4613
4613
5044
5044
5044
5044
5044
5044
5044
5044
5044
5044
5044
5044
5044
5044
5044
5044
5044
5044
5044
5044
5044
5044
4705
4705
4705
4705
4705
4705
4705
4705
4705
4705
4705
4705
4705
4705
4705
4705
4705
4705
4705
4705
4705
4705
4705
4705
4705
4705
4705
4705
4705
4705
4705
4705
4705
4705
4705
4705
4705
4705
4705
4705
4705
4705
4705
4705
4705
4705
4705
4705
4705
4705
4705
4705
4705
4705
4705
4705
4705
4705
4705
4705
4705
4705
4705
4705
4705
4705
4705
4705
4705
4705
4705
4705
4705
4705
4705
4705
4705
4705
5044
5044
4760
4760
4760
4760
5044
5044
5044
5044
5044
5044
5044
5044
5044
5044
5044
5044
5044
5044
4826
5044
5044
5044
5044
5044
5044
5044
5044
5044
5044
5044
5044
5044
5044
5044
5044
5044
5044
4754
4754
4754
4754
4754
4754
5044
5044
5044
5044
5044
5044
5044
5044
4653
4653
4653
4653
4653
4653
4653
4653
4653
4653
4653
4653
4653
4653
4653
4653
4653
4653
4653
4653
4653
4653
4653
4653
4653
4653
4653
4653
4653
4653
4653
4653
4653
4653
4653
4653
4653
4369
4369
4369
4369
4369
4653
4653
4653
4653
4653
4653
4653
4653
4653
4653
4653
4653
4314
4314
4314
4314
4314
4314
4314
4314
4314
4314
4314
4314
4314
4314
4314
4314
4314
4314
4314
4314
4314
4653
4653
4653
4653
4653
4653
4653
4653
4653
4653
4653
4653
4369
4369
4369
4369
4369
4369
4369
4369
4369
4369
4369
4369
4369
4369
4369
4369
4369
4369
4369
4369
4369
4369
4369
4369
4369
4369
4369
4369
4369
4369
4369
4369
4369
4369
4369
4369
4369
4369
4369
4369
4369
4151
4369
4369
4079
3861
3861
4151
4151
4151
4542
4542
4542
4542
4542
4542
4542
4542
4542
4542
4542
4542
4542
4542
4542
4542
4542
4542
4826
4826
4826
4542
4542
4542
4826
4826
4826
4826
4826
4499
4499
4499
4826
4826
4826
4826
4826
4826
4826
4826
4826
4826
4826
4826
4826
4826
4826
4826
4826
4826
4826
5044
5044
5044
5044
5044
5044
5044
5044
5044
5044
5044
5044
4710
4710
4710
4710
4710
4492
4492
4492
4492
4492
4492
4492
4492
4492
4492
4492
4492
4492
4492
4492
4492
4492
4492
4492
4202
4202
4202
4420
4420
4420
4420
4420
4420
4420
4420
4420
4420
4420
4420
4420
4420
4420
4710
4420
4420
4420
4420
4420
4420
4420
4420
4420
4420
4420
4420
4420
4420
4420
4420
4420
4420
4420
4420
4420
4420
4420
4420
4420
4754
4754
4754
4754
4754
4754
4754
4754
4754
4470
4470
4470
4470
4470
4470
4470
4470
4470
4760
4760
4760
4760
4760
4760
4760
4760
4760
4760
4760
4760
4760
5044
5044
5044
5044
5044
5044
5044
5044
5044
5044
4717
4717
4717
4717
4717
4717
4717
4717
4717
4717
4717
4717
5044
5044
5044
5044
5044
5044
5044
5044
5044
5044
5044
5044
5044
5044
5044
5044
5044
5044
4754
4754
5044
5044
5044
5044
5044
5044
5044
5044
5044
5044
5044
5044
5044
4613
4613
5044
5044
5044
5044
5044
5044
5044
5044
5044
5044
5044
5044
5044
5044
5044
5044
5044
5044
5044
5044
5044
5044
5044
5044
5044
5044
5044
5044
5044
5044
5044
5044
5044
5044
5044
5044
5044
5044
5044
5044
5044
5044
4653
4653
4653
4653
4653
4653
4653
4653
4653
4653
4653
4653
4314
4314
4314
4314
4314
4314
4314
4314
4314
4314
4705
4705
4705
4705
4705
4705
4705
4705
4705
4705
5044
5044
5044
5044
5044
5044
5044
5044
5044
5044
5044
5044
5044
5044
5044
5044
5044
5044
5044
5044
5044
5044
5044
5044
5044
5044
5044
5044
5044
5044
5044
5044
5044
5044
5044
5044
5044
5044
5044
5044
5044
5044
5044
5044
5044
5044
5044
5044
5044
5044
5044
5044
5044
5044
5044
5044
5044
5044
4760
4760
4760
4760
4421
4421
4421
4421
4203
4203
4203
4203
4203
4203
4203
4203
4203
4203
4203
4203
4203
4203
4203
4203
4203
4203
4203
4421
4421
4421
4421
4421
4421
4421
4421
4421
4421
4421
4421
4421
4421
4421
4421
4421
4760
4760
4760
4760
4760
4760
4760
4760
4760
4760
4760
4760
4760
4760
4760
4760
4760
4760
4760
4760
4760
4760
4760
4760
4760
5044
5044
5044
5044
5044
5044
5044
5044
5044
5044
5044
5044
5044
5044
5044
5044
5044
5044
5044
5044
5044
5044
5044
5044
4754
5044
4826
4826
4826
4826
4826
4826
4826
4826
4826
4826
4826
4826
4826
4826
4826
4375
4375
4375
4375
4375
4375
4375
4375
4375
4375
4375
4375
4375
4375
4375
4375
4375
4375
4375
4375
4375
4375
4375
4375
4375
4375
4375
4375
4375
4375
4375
4375
4375
4826
4826
4826
4826
4826
4826
4826
4826
4826
4826
4826
4826
4826
4826
4826
4826
4826
4826
4826
4826
4826
4826
4826
4826
5044
5044
5044
5044
5044
4754
4754
5044
5044
5044
5044
5044
5044
5044
5044
5044
5044
5044
5044
5044
5044
5044
5044
5044
5044
5044
5044
5044
5044
5044
5044
5044
5044
5044
5044
5044
5044
5044
5044
4754
4754
5044
5044
5044
5044
5044
5044
5044
5044
5044
5044
5044
5044
5044
4826
4826
4826
4826
4826
4826
4826
4826
4826
4826
4826
4826
4826
4826
4826
4826
4826
4826
4826
4826
4826
4826
4826
4826
4826
4826
4826
4826
4826
4826
4826
4826
4826
4826
4826
4826
4826
4826
4826
4826
4826
4826
4826
4826
4492
4492
4492
4492
4492
4492
4492
4492
4492
4492
4492
4492
4492
4492
4492
4492
4492
4492
4492
4492
4492
4492
4710
4710
4710
4710
4710
4710
4383
4383
4717
4717
4717
4717
4717
4717
4717
4717
4717
4717
4717
4717
4717
4717
4717
4717
4717
4717
4717
4717
4717
4717
4717
4717
4717
4717
4717
4717
4717
4717
4717
4717
4717
4717
4717
4717
4717
4717
4717
4717
4383
4383
4383
4717
4717
4717
4717
4717
4717
4717
4717
4717
4717
4717
4717
4717
4717
4717
4717
4717
4717
4717
4499
4826
4826
4826
4826
4826
4826
4826
5044
5044
5044
5044
5044
5044
5044
5044
5044
5044
5044
5044
5044
5044
5044
5044
5044
5044
5044
5044
5044
5044
5044
5044
5044
5044
5044
5044
5044
5044
5044
5044
5044
5044
5044
5044
5044
5044
5044
5044
5044
5044
5044
5044
5044
5044
5044
5044
5044
5044
5044
5044
5044
5044
4826
4826
4826
4826
4826
4826
4826
4826
4826
4826
5044
4754
4754
4754
4754
4754
4754
4754
4754
4754
4754
4754
4754
4754
4754
4754
4754
4754
4754
4754
4754
4754
4754
4754
4754
4754
4754
4754
5044
5044
5044
5044
5044
5044
5044
5044
5044
5044
5044
5044
5044
5044
5044
5044
5044
4826
4826
5044
5044
5044
5044
5044
5044
5044
5044
5044
5044
5044
5044
5044
5044
5044
5044
5044
5044
5044
5044
5044
5044
5044
5044
5044
5044
5044
5044
5044
5044
5044
5044
5044
5044
5044
5044
5044
5044
5044
5044
5044
5044
5044
5044
5044
5044
5044
4826
4826
4826
4826
4487
4487
4487
4487
4826
4536
4536
4754
4754
4754
4754
4754
5044
5044
5044
5044
5044
5044
5044
5044
5044
5044
5044
5044
5044
5044
5044
5044
5044
5044
5044
5044
5044
5044
5044
5044
5044
5044
5044
5044
4710
4710
4710
4710
4710
4710
4279
4279
4279
4279
4710
4710
4710
4710
4710
4710
4710
4710
4710
4710
4710
4710
4710
4710
4710
4710
4710
4710
4710
4710
4710
4710
4492
4492
4710
4710
4710
4710
4710
4710
4710
4710
4710
4710
4710
4710
4710
4710
4710
4710
4710
4710
4710
4710
4710
4710
4710
5044
5044
5044
5044
5044
5044
5044
5044
5044
5044
5044
5044
5044
5044
4826
4826
4826
5044
5044
5044
5044
5044
5044
5044
5044
4826
4826
4826
4826
4826
4826
4826
4826
4826
4826
5044
5044
5044
5044
5044
5044
4705
4705
4705
4705
4705
4705
4705
4705
4705
5044
5044
5044
5044
5044
5044
5044
5044
5044
5044
5044
5044
5044
5044
5044
5044
5044
5044
4760
4760
4760
4760
4760
4760
4760
4760
4760
4760
4760
4760
4760
4760
4760
4760
4760
4760
4760
4760
4760
4760
4760
4760
4760
4760
5044
5044
5044
5044
5044
5044
5044
5044
4717
4717
4717
4717
4717
4717
4717
4717
4717
4717
5044
5044
5044
5044
5044
5044
5044
5044
4826
4826
4826
4826
4826
4826
4826
4826
4826
4826
4826
4826
4826
4826
4826
4826
4826
4826
4826
4826
4826
4826
4826
4826
4826
4826
4826
4826
4826
4826
4826
4826
4826
4826
4826
4826
4826
4826
4826
4826
4826
4826
4395
4395
4395
4395
4395
4395
4395
4395
4395
4613
4613
5044
5044
5044
5044
5044
5044
5044
5044
5044
5044
5044
5044
5044
5044
5044
5044
5044
5044
5044
5044
5044
5044
5044
5044
5044
5044
5044
5044
5044
5044
4754
4754
4754
4754
4754
4754
4754
4754
5044
5044
5044
5044
5044
5044
5044
5044
5044
5044
5044
5044
5044
5044
5044
5044
5044
5044
5044
5044
5044
5044
5044
5044
5044
5044
5044
5044
5044
5044
5044
5044
5044
5044
5044
5044
5044
5044
5044
5044
5044
5044
5044
5044
5044
5044
5044
5044
5044
5044
5044
5044
5044
5044
5044
5044
5044
5044
5044
5044
5044
5044
5044
5044
5044
5044
5044
5044
5044
5044
5044
5044
5044
5044
5044
5044
5044
5044
5044
5044
5044
5044
5044
5044
5044
5044
5044
5044
4760
4760
4760
4760
4760
4760
4760
4760
4760
4760
4760
4760
4760
4760
4760
4760
4760
4760
4760
5044
5044
5044
5044
5044
5044
5044
5044
5044
5044
5044
5044
5044
5044
5044
5044
5044
5044
5044
5044
5044
5044
5044
4626
4626
5044
5044
5044
5044
5044
5044
5044
5044
5044
5044
5044
5044
5044
5044
5044
5044
5044
5044
5044
5044
5044
5044
5044
5044
5044
5044
5044
5044
5044
5044
5044
5044
5044
5044
5044
5044
5044
5044
5044
5044
5044
5044
5044
5044
5044
5044
5044
5044
5044
5044
5044
5044
5044
5044
5044
5044
5044
5044
5044
5044
5044
5044
5044
5044
5044
5044
5044
5044
5044
5044
5044
5044
5044
5044
5044
5044
5044
5044
5044
5044
5044
5044
5044
5044
5044
5044
5044
5044
5044
5044
5044
5044
5044
4626
4626
4626
4626
4626
4626
4626
4626
4626
4626
4626
4626
4626
4626
4626
5044
5044
5044
5044
5044
5044
5044
5044
5044
5044
5044
5044
5044
5044
5044
5044
5044
5044
5044
5044
5044
5044
5044
5044
5044
4760
4760
4760
4760
4760
4760
4760
4760
4760
4760
4760
4760
5044
5044
5044
5044
5044
5044
5044
5044
5044
5044
5044
5044
5044
5044
5044
5044
5044
5044
5044
5044
5044
5044
5044
5044
5044
5044
5044
5044
5044
5044
5044
5044
5044
5044
5044
4760
4760
4760
4760
4760
4760
4760
4760
4760
4760
4760
4760
4760
4760
4760
4760
4760
4760
4760
4760
4760
4760
4470
4470
4470
4470
4760
4760
4760
4760
4760
4760
4760
4760
4760
4760
4760
4760
4760
4760
4760
4760
4760
4760
5044
5044
5044
5044
5044
5044
5044
5044
5044
5044
5044
5044
5044
5044
5044
5044
5044
5044
5044
5044
5044
5044
5044
5044
5044
5044
5044
5044
5044
5044
4710
5044
5044
5044
5044
5044
5044
5044
5044
5044
5044
5044
5044
5044
5044
5044
5044
5044
5044
5044
5044
5044
5044
5044
5044
5044
5044
5044
5044
5044
5044
5044
5044
5044
5044
5044
5044
5044
5044
5044
5044
5044
5044
4626
4626
4626
4626
4626
4626
4626
4626
4626
4626
4626
4626
4626
4626
5044
5044
5044
5044
5044
5044
5044
5044
5044
5044
5044
5044
5044
5044
5044
5044
5044
5044
5044
5044
5044
5044
5044
5044
5044
5044
5044
5044
5044
5044
5044
5044
5044
5044
5044
5044
5044
5044
5044
5044
5044
5044
5044
5044
5044
5044
5044
5044
5044
5044
5044
5044
5044
5044
5044
5044
5044
5044
5044
5044
4626
4626
4626
4626
4626
4626
4626
4626
5044
5044
5044
5044
5044
5044
5044
5044
5044
5044
5044
5044
5044
5044
5044
5044
5044
5044
5044
5044
5044
5044
5044
5044
5044
5044
5044
5044
5044
4653
4653
4653
4435
4653
4653
4653
4653
4653
4653
4653
4653
4653
4653
4653
4653
4653
4653
4653
4653
4653
4653
4653
4653
4653
4653
4653
4653
4653
4653
4653
4653
4653
4653
4653
4653
4653
4653
4653
4653
4653
5044
5044
5044
5044
5044
4717
4717
5044
5044
5044
5044
5044
5044
5044
5044
5044
5044
5044
5044
5044
5044
5044
5044
5044
5044
5044
5044
5044
5044
5044
5044
5044
5044
5044
5044
5044
5044
5044
5044
5044
5044
5044
5044
5044
5044
5044
5044
5044
5044
5044
5044
5044
5044
5044
5044
5044
5044
5044
5044
5044
5044
5044
5044
5044
5044
5044
5044
5044
5044
5044
5044
5044
5044
5044
5044
5044
5044
5044
5044
5044
5044
5044
5044
5044
5044
5044
5044
5044
5044
5044
5044
5044
5044
5044
5044
5044
5044
5044
5044
5044
5044
5044
5044
5044
5044
5044
5044
5044
5044
5044
4826
4826
4826
4826
4826
4826
4826
4826
4826
4826
4826
4826
4826
4826
4826
4826
4826
4826
4826
4826
4826
4826
4826
4826
4826
4826
4826
4826
4826
4826
4826
4826
4826
4826
4826
4826
4826
4826
5044
5044
5044
5044
5044
5044
5044
4826
4826
4826
4826
4826
4826
4826
4826
4826
4826
4826
4826
4826
4826
4826
5044
5044
5044
5044
5044
5044
5044
5044
5044
5044
5044
5044
5044
5044
5044
5044
5044
5044
5044
5044
5044
5044
5044
5044
5044
5044
5044
5044
5044
5044
5044
5044
5044
5044
5044
5044
5044
5044
5044
5044
5044
5044
5044
5044
5044
5044
5044
5044
5044
5044
5044
5044
5044
5044
5044
5044
5044
5044
5044
5044
5044
5044
5044
5044
5044
5044
5044
5044
5044
5044
5044
5044
5044
5044
5044
5044
5044
5044
5044
5044
5044
5044
5044
5044
5044
5044
5044
5044
5044
5044
5044
5044
5044
5044
5044
5044
5044
5044
5044
5044
5044
5044
5044
5044
5044
4826
4826
4826
4826
4826
4826
4826
4826
4826
4826
4826
4826
4826
4826
4826
4826
4826
4826
4826
4826
4826
4826
4826
4408
4408
4408
4408
4408
4408
4408
4408
4408
4408
4408
4408
4408
4408
4408
4408
4408
4408
4408
4408
4408
4408
4408
4408
4408
4408
4626
4626
4626
4626
4626
4626
4626
4626
4626
4626
4626
5044
5044
5044
5044
5044
5044
5044
5044
5044
5044
5044
5044
5044
5044
5044
5044
5044
5044
5044
5044
5044
5044
5044
5044
5044
5044
5044
5044
5044
5044
5044
5044
5044
5044
5044
5044
5044
5044
5044
5044
5044
5044
5044
5044
5044
5044
5044
5044
5044
5044
5044
5044
5044
5044
5044
5044
5044
5044
5044
5044
5044
5044
5044
5044
5044
5044
5044
5044
5044
5044
5044
5044
5044
5044
5044
5044
5044
5044
5044
5044
5044
5044
5044
5044
5044
5044
5044
5044
5044
5044
5044
5044
5044
5044
5044
5044
5044
5044
4710
4710
4710
4710
4710
4710
4710
4710
5044
5044
5044
5044
5044
5044
5044
5044
5044
5044
5044
5044
5044
5044
5044
5044
5044
5044
5044
5044
5044
5044
5044
5044
5044
5044
5044
5044
5044
5044
5044
5044
5044
5044
5044
5044
5044
5044
5044
5044
5044
5044
5044
5044
5044
5044
5044
5044
5044
5044
5044
5044
5044
5044
5044
5044
5044
5044
5044
5044
5044
5044
5044
5044
5044
5044
5044
5044
5044
5044
5044
5044
5044
5044
5044
5044
5044
5044
5044
5044
5044
5044
5044
5044
5044
5044
5044
5044
5044
5044
5044
5044
5044
5044
5044
5044
5044
5044
5044
5044
5044
5044
5044
5044
5044
5044
5044
5044
5044
5044
5044
5044
5044
5044
5044
5044
5044
5044
5044
5044
5044
5044
5044
5044
5044
5044
5044
5044
5044
5044
5044
5044
5044
5044
5044
5044
5044
5044
5044
5044
5044
5044
5044
5044
5044
5044
5044
5044
5044
5044
5044
5044
5044
5044
5044
5044
5044
5044
5044
5044
5044
5044
5044
5044
5044
5044
5044
5044
5044
5044
5044
5044
5044
5044
5044
5044
4710
4710
4710
4710
4710
4710
4710
4710
4710
4710
5044
5044
5044
5044
5044
5044
5044
4710
4710
4710
4710
4710
4710
4710
4710
4710
5044
5044
5044
5044
5044
5044
5044
5044
5044
5044
5044
5044
5044
5044
5044
5044
5044
5044
5044
5044
5044
5044
5044
5044
5044
5044
5044
5044
5044
5044
5044
5044
5044
5044
5044
5044
5044
5044
5044
5044
5044
5044
5044
5044
5044
5044
5044
5044
5044
5044
5044
5044
5044
5044
5044
5044
5044
5044
5044
5044
5044
5044
5044
5044
5044
5044
5044
5044
5044
5044
5044
5044
5044
5044
5044
5044
5044
5044
5044
5044
5044
5044
5044
5044
5044
5044
5044
5044
5044
5044
5044
5044
5044
5044
5044
5044
5044
5044
5044
5044
5044
5044
5044
5044
5044
5044
5044
5044
5044
5044
5044
5044
5044
5044
5044
5044
5044
5044
5044
5044
5044
5044
5044
5044
5044
5044
5044
5044
5044
5044
5044
5044
5044
5044
5044
5044
5044
5044
5044
5044
5044
5044
5044
5044
5044
5044
5044
5044
5044
5044
5044
5044
5044
5044
5044
5044
4626
4292
4626
4626
4626
4626
4626
4626
4626
4626
4626
4626
4626
5044
5044
5044
5044
5044
5044
5044
5044
5044
5044
5044
5044
5044
5044
5044
5044
5044
5044
5044
5044
5044
5044
5044
5044
5044
5044
5044
5044
5044
5044
5044
5044
5044
5044
5044
5044
5044
5044
5044
5044
5044
5044
5044
5044
5044
5044
5044
5044
5044
5044
5044
5044
5044
5044
5044
5044
5044
5044
5044
5044
5044
5044
5044
5044
5044
5044
5044
5044
5044
5044
5044
5044
5044
5044
5044
5044
5044
5044
5044
5044
5044
5044
5044
5044
5044
5044
5044
5044
5044
5044
5044
5044
5044
5044
5044
5044
4826
4826
4826
4826
4826
4826
4826
4826
4826
4826
4826
4826
4826
4826
4826
4826
5044
5044
5044
5044
5044
5044
5044
5044
4710
4710
4710
4710
4710
4710
4710
5044
5044
5044
5044
5044
5044
5044
5044
5044
5044
5044
5044
5044
5044
5044
5044
5044
5044
5044
5044
5044
5044
5044
5044
5044
5044
5044
5044
5044
5044
5044
5044
5044
5044
5044
5044
5044
5044
5044
5044
5044
5044
5044
5044
5044
5044
5044
5044
5044
5044
5044
5044
5044
5044
5044
5044
5044
5044
5044
5044
5044
5044
5044
5044
5044
5044
5044
5044
5044
5044
5044
5044
5044
5044
5044
5044
5044
5044
5044
5044
5044
5044
5044
5044
5044
5044
5044
5044
5044
5044
5044
5044
5044
5044
5044
5044
5044
5044
5044
5044
5044
5044
5044
5044
5044
5044
5044
5044
5044
5044
5044
5044
5044
5044
5044
5044
5044
5044
5044
5044
5044
5044
5044
4710
4710
4710
4710
4710
4710
4710
4710
4710
4710
4710
4710
4492
4492
4492
4492
4492
4492
4492
4492
4492
4492
4710
4710
4710
4710
4710
4710
4710
4710
4710
4710
4710
4710
5044
5044
5044
5044
5044
5044
5044
5044
5044
5044
5044
5044
5044
5044
5044
5044
5044
5044
5044
5044
5044
5044
5044
5044
5044
5044
5044
5044
5044
5044
5044
5044
5044
5044
5044
5044
5044
5044
5044
5044
5044
5044
5044
5044
5044
5044
5044
5044
5044
5044
5044
5044
5044
5044
5044
5044
5044
5044
5044
5044
5044
5044
5044
5044
5044
5044
5044
5044
5044
5044
5044
5044
5044
5044
5044
5044
5044
5044
5044
5044
5044
5044
5044
5044
5044
5044
5044
5044
5044
5044
5044
5044
5044
5044
5044
5044
5044
5044
5044
5044
5044
5044
5044
5044
5044
5044
5044
5044
5044
5044
5044
5044
5044
5044
5044
5044
5044
5044
5044
5044
5044
5044
5044
5044
5044
5044
5044
5044
5044
5044
5044
5044
5044
5044
5044
5044
5044
5044
5044
5044
5044
5044
5044
5044
5044
5044
5044
5044
5044
5044
5044
5044
5044
5044
5044
5044
4710
4710
4710
4710
4710
4710
4710
4710
4710
4710
4710
4710
4710
4710
4710
4710
4710
4710
4710
4710
5044
5044
5044
5044
5044
5044
4826
4826
4826
4826
4826
4826
4826
4826
4826
4826
4826
4826
4826
4826
4826
4826
4826
4826
4826
5044
5044
5044
5044
5044
5044
5044
5044
5044
5044
5044
5044
5044
5044
5044
5044
5044
5044
5044
5044
5044
5044
5044
5044
5044
5044
5044
5044
5044
5044
5044
5044
5044
5044
5044
5044
5044
5044
5044
5044
5044
5044
5044
5044
5044
5044
5044
5044
5044
5044
5044
5044
5044
5044
5044
5044
5044
5044
5044
5044
5044
5044
5044
5044
5044
5044
5044
5044
5044
5044
5044
5044
5044
5044
5044
5044
5044
5044
5044
5044
5044
5044
5044
4826
4826
4826
4826
4826
4826
4826
4826
4826
4826
4826
4826
4826
4826
4826
4826
5044
5044
5044
5044
5044
5044
5044
5044
5044
5044
5044
5044
5044
5044
5044
5044
5044
5044
5044
5044
5044
5044
5044
5044
5044
5044
5044
5044
5044
5044
5044
5044
5044
5044
5044
5044
5044
5044
5044
5044
5044
5044
5044
5044
5044
5044
5044
5044
5044
5044
5044
5044
5044
4760
4760
4760
4760
4760
4760
4760
4760
4760
4760
4760
4760
5044
5044
5044
5044
5044
5044
5044
5044
5044
5044
5044
5044
5044
5044
5044
5044
5044
5044
5044
5044
5044
5044
5044
5044
5044
5044
5044
5044
5044
4705
4705
4705
4705
4705
4705
4705
4705
4705
4705
4705
4705
4705
4705
4705
4705
4705
4705
4705
4705
4705
5044
5044
5044
5044
5044
5044
5044
5044
5044
5044
5044
5044
5044
5044
5044
5044
5044
5044
5044
5044
5044
5044
5044
5044
5044
5044
5044
5044
5044
5044
5044
5044
5044
5044
5044
5044
5044
5044
5044
5044
5044
5044
5044
5044
5044
5044
5044
5044
5044
5044
5044
5044
5044
5044
5044
5044
5044
5044
5044
5044
5044
5044
5044
5044
5044
5044
5044
5044
5044
5044
5044
5044
5044
5044
5044
5044
5044
5044
5044
5044
5044
5044
5044
5044
5044
5044
5044
5044
5044
5044
5044
5044
5044
5044
5044
5044
5044
5044
5044
5044
5044
5044
5044
5044
5044
5044
5044
5044
5044
5044
5044
5044
5044
5044
5044
5044
5044
5044
5044
5044
5044
5044
5044
5044
5044
5044
5044
5044
5044
5044
5044
5044
5044
5044
5044
5044
5044
5044
5044
5044
5044
5044
5044
5044
5044
5044
5044
5044
5044
5044
5044
5044
5044
5044
5044
5044
5044
5044
5044
5044
5044
5044
5044
5044
5044
5044
5044
5044
5044
5044
5044
5044
5044
5044
5044
5044
5044
5044
5044
5044
5044
5044
5044
5044
5044
5044
5044
5044
5044
5044
5044
5044
5044
5044
5044
5044
5044
5044
5044
5044
5044
5044
5044
5044
5044
5044
5044
5044
5044
5044
5044
5044
5044
5044
5044
5044
5044
5044
5044
5044
5044
5044
5044
5044
5044
5044
5044
5044
5044
5044
5044
5044
5044
5044
5044
5044
5044
5044
5044
5044
5044
5044
5044
5044
5044
5044
5044
5044
5044
5044
5044
5044
5044
5044
5044
5044
5044
5044
5044
5044
5044
5044
5044
5044
5044
5044
5044
5044
5044
5044
5044
5044
5044
5044
5044
5044
5044
5044
5044
5044
5044
5044
5044
5044
5044
5044
5044
5044
5044
5044
5044
5044
5044
5044
5044
5044
5044
5044
5044
5044
5044
5044
5044
5044
5044
5044
5044
5044
5044
5044
5044
5044
5044
5044
5044
5044
5044
5044
5044
5044
5044
5044
5044
5044
5044
5044
5044
5044
5044
5044
5044
5044
5044
5044
5044
5044
5044
5044
5044
5044
5044
5044
5044
5044
5044
5044
5044
5044
5044
5044
5044
5044
5044
5044
5044
5044
5044
5044
5044
5044
5044
5044
5044
5044
5044
5044
5044
5044
5044
5044
5044
5044
5044
5044
5044
5044
5044
5044
5044
5044
5044
5044
5044
5044
5044
5044
5044
5044
5044
5044
5044
5044
5044
5044
5044
5044
5044
5044
5044
5044
5044
5044
5044
5044
5044
5044
5044
5044
5044
5044
5044
5044
5044
5044
5044
5044
5044
5044
5044
5044
5044
5044
5044
5044
5044
5044
5044
5044
5044
5044
5044
5044
5044
5044
5044
5044
5044
5044
5044
5044
5044
5044
5044
5044
5044
5044
5044
5044
5044
5044
5044
5044
5044
5044
5044
5044
5044
5044
5044
5044
5044
5044
5044
5044
5044
5044
5044
5044
5044
5044
5044
5044
5044
5044
5044
5044
5044
5044
5044
5044
5044
5044
5044
5044
5044
5044
5044
5044
5044
5044
5044
5044
5044
5044
5044
5044
5044
5044
5044
5044
5044
5044
5044
5044
5044
5044
5044
5044
5044
5044
5044
5044
5044
5044
5044
5044
5044
5044
5044
5044
5044
5044
5044
5044
5044
5044
5044
5044
5044
5044
5044
5044
5044
5044
5044
5044
5044
5044
5044
5044
5044
5044
5044
5044
5044
5044
5044
5044
5044
5044
5044
5044
5044
5044
5044
5044
5044
5044
5044
5044
5044
5044
5044
5044
5044
5044
5044
5044
5044
5044
5044
5044
5044
5044
5044
5044
5044
5044
5044
5044
5044
5044
5044
5044
5044
5044
5044
5044
5044
5044
5044
5044
5044
5044
5044
5044
5044
5044
5044
5044
5044
5044
5044
5044
5044
5044
5044
5044
5044
5044
5044
5044
5044
5044
5044
5044
5044
5044
5044
5044
5044
5044
5044
5044
5044
5044
5044
5044
5044
5044
5044
5044
5044
5044
5044
5044
5044
5044
5044
5044
5044
5044
5044
5044
5044
5044
5044
5044
5044
5044
5044
5044
5044
5044
5044
5044
5044
5044
5044
5044
5044
5044
5044
5044
5044
5044
5044
5044
5044
5044
5044
5044
5044
5044
5044
5044
5044
5044
5044
5044
5044
5044
5044
5044
5044
5044
5044
5044
5044
5044
5044
5044
5044
5044
5044
5044
5044
5044
5044
5044
5044
5044
5044
5044
5044
5044
5044
5044
5044
5044
5044
5044
5044
5044
5044
5044
5044
5044
5044
5044
5044
5044
5044
5044
5044
5044
5044
5044
5044
5044
5044
5044
5044
5044
5044
5044
5044
5044
5044
5044
5044
5044
5044
5044
5044
5044
5044
5044
5044
5044
5044
5044
5044
5044
5044
5044
5044
5044
5044
5044
5044
5044
5044
5044
5044
5044
5044
5044
5044
5044
5044
5044
5044
5044
5044
5044
5044
5044
5044
5044
5044
5044
5044
5044
5044
5044
5044
5044
5044
5044
5044
5044
5044
5044
5044
5044
5044
5044
5044
5044
5044
5044
5044
5044
5044
5044
5044
5044
5044
5044
5044
5044
5044
5044
5044
5044
5044
5044
5044
5044
5044
5044
5044
5044
5044
5044
5044
5044
5044
5044
5044
5044
5044
5044
5044
5044
5044
5044
5044
5044
5044
5044
5044
5044
5044
5044
5044
5044
5044
5044
5044
5044
5044
5044
5044
5044
5044
5044
5044
5044
5044
5044
5044
5044
5044
5044
5044
5044
5044
5044
5044
5044
5044
5044
5044
5044
5044
5044
5044
5044
5044
5044
5044
5044
5044
5044
5044
5044
5044
5044
5044
5044
5044
5044
5044
5044
5044
5044
5044
5044
5044
5044
5044
5044
5044
5044
5044
5044
5044
5044
5044
5044
5044
5044
5044
5044
5044
5044
5044
5044
5044
5044
5044
5044
5044
5044
5044
5044
5044
5044
5044
5044
5044
5044
5044
5044
5044
5044
5044
5044
5044
5044
5044
5044
5044
5044
5044
5044
5044
5044
5044
5044
5044
5044
5044
5044
5044
5044
5044
5044
5044
5044
5044
5044
5044
5044
5044
5044
5044
5044
5044
5044
5044
5044
5044
5044
5044
5044
5044
5044
5044
5044
5044
5044
5044
5044
5044
5044
5044
5044
5044
5044
5044
5044
5044
5044
5044
5044
5044
5044
5044
5044
5044
5044
5044
5044
5044
5044
5044
5044
5044
5044
5044
5044
5044
5044
5044
5044
5044
5044
5044
5044
5044
5044
5044
5044
5044
5044
5044
5044
5044
5044
5044
5044
5044
5044
5044
5044
5044
5044
5044
5044
5044
5044
5044
5044
5044
5044
5044
5044
5044
5044
5044
5044
5044
5044
5044
5044
5044
5044
5044
5044
5044
5044
5044
5044
5044
5044
5044
5044
5044
5044
5044
5044
5044
5044
5044
5044
5044
5044
5044
5044
5044
5044
5044
5044
5044
5044
5044
5044
5044
5044
5044
5044
5044
5044
5044
5044
5044
5044
5044
5044
5044
5044
5044
5044
5044
5044
5044
5044
5044
5044
5044
5044
5044
5044
5044
5044
5044
5044
5044
5044
5044
5044
5044
5044
5044
5044
5044
5044
5044
5044
5044
5044
5044
5044
5044
5044
5044
5044
5044
5044
5044
5044
5044
5044
5044
5044
5044
5044
5044
5044
5044
5044
5044
5044
5044
5044
5044
5044
5044
5044
5044
5044
5044
5044
5044
5044
5044
5044
5044
5044
5044
5044
5044
5044
5044
5044
5044
5044
5044
5044
5044
5044
5044
5044
5044
5044
5044
5044
5044
5044
5044
5044
5044
5044
5044
5044
5044
5044
5044
5044
5044
5044
5044
5044
5044
5044
5044
5044
5044
5044
5044
5044
5044
5044
5044
5044
5044
5044
5044
5044
5044
5044
5044
5044
5044
5044
5044
5044
5044
5044
5044
5044
5044
5044
5044
5044
5044
5044
5044
5044
5044
5044
5044
5044
5044
5044
5044
5044
5044
5044
5044
5044
5044
5044
5044
5044
5044
5044
5044
5044
5044
5044
5044
5044
5044
5044
5044
5044
5044
5044
5044
5044
5044
5044
5044
5044
5044
5044
5044
5044
5044
5044
5044
5044
5044
5044
5044
5044
5044
5044
5044
5044
5044
5044
5044
5044
5044
5044
5044
5044
5044
5044
5044
5044
5044
5044
5044
5044
5044
5044
5044
5044
5044
5044
5044
5044
5044
5044
5044
5044
5044
5044
5044
5044
5044
5044
5044
5044
5044
5044
5044
5044
5044
5044
5044
5044
5044
5044
5044
5044
5044
5044
5044
5044
5044
5044
5044
5044
5044
5044
5044
5044
5044
5044
5044
5044
5044
5044
5044
5044
5044
5044
5044
5044
5044
5044
5044
5044
5044
5044
5044
5044
5044
5044
5044
5044
5044
5044
5044
5044
5044
5044
5044
5044
5044
5044
5044
5044
5044
5044
5044
5044
5044
5044
5044
5044
5044
5044
5044
5044
5044
5044
5044
5044
5044
5044
5044
5044
5044
5044
5044
5044
5044
5044
5044
5044
5044
5044
5044
5044
5044
5044
5044
5044
5044
5044
5044
5044
5044
5044
5044
5044
5044
5044
5044
5044
5044
5044
5044
5044
5044
5044
5044
5044
5044
5044
5044
5044
5044
5044
5044
5044
5044
5044
5044
5044
5044
5044
5044
5044
5044
5044
5044
5044
5044
5044
5044
5044
5044
5044
5044
5044
5044
5044
5044
5044
5044
5044
5044
5044
5044
5044
5044
5044
5044
5044
5044
5044
5044
5044
5044
5044
5044
5044
5044
5044
5044
5044
5044
5044
5044
5044
5044
5044
5044
5044
5044
5044
5044
5044
5044
5044
5044
5044
5044
5044
5044
5044
5044
5044
5044
5044
5044
5044
5044
5044
5044
5044
5044
5044
5044
5044
5044
5044
5044
5044
5044
5044
5044
5044
5044
5044
5044
5044
5044
5044
5044
5044
5044
5044
5044
5044
5044
5044
5044
5044
5044
5044
5044
5044
5044
5044
5044
5044
5044
5044
5044
5044
5044
5044
5044
5044
5044
5044
5044
5044
5044
5044
5044
5044
5044
5044
5044
5044
5044
5044
5044
5044
5044
5044
5044
5044
5044
5044
5044
5044
5044
5044
5044
5044
5044
5044
5044
5044
5044
5044
5044
5044
5044
5044
5044
5044
5044
5044
5044
5044
5044
5044
5044
5044
5044
5044
5044
5044
5044
5044
5044
5044
5044
5044
5044
5044
5044
5044
5044
5044
5044
5044
5044
5044
5044
5044
5044
5044
5044
5044
5044
5044
5044
5044
5044
5044
5044
5044
5044
5044
5044
5044
5044
5044
5044
5044
5044
5044
5044
5044
5044
5044
5044
5044
5044
5044
5044
5044
5044
5044
5044
5044
5044
5044
5044
5044
5044
5044
5044
5044
5044
5044
5044
5044
5044
5044
5044
5044
5044
5044
5044
5044
5044
5044
5044
5044
5044
5044
5044
5044
5044
5044
5044
5044
5044
5044
5044
5044
5044
5044
5044
5044
5044
5044
5044
5044
5044
5044
5044
5044
5044
5044
5044
5044
5044
5044
5044
5044
5044
5044
5044
5044
5044
5044
5044
5044
5044
5044
5044
5044
5044
5044
5044
5044
5044
5044
5044
5044
5044
5044
5044
5044
5044
5044
5044
5044
5044
5044
5044
5044
5044
5044
5044
5044
5044
5044
5044
5044
5044
5044
5044
5044
5044
5044
5044
5044
5044
5044
5044
5044
5044
5044
5044
5044
5044
5044
5044
5044
5044
5044
5044
5044
5044
5044
5044
5044
5044
5044
5044
5044
5044
5044
5044
5044
5044
5044
5044
5044
5044
5044
5044
5044
5044
5044
5044
5044
5044
5044
5044
5044
5044
5044
5044
5044
5044
5044
5044
5044
5044
5044
5044
5044
5044
5044
5044
5044
5044
5044
5044
5044
5044
5044
5044
5044
5044
5044
5044
5044
5044
5044
5044
5044
5044
5044
5044
5044
5044
5044
5044
5044
5044
5044
5044
5044
5044
5044
5044
5044
5044
5044
5044
5044
5044
5044
5044
5044
5044
5044
5044
5044
5044
5044
5044
5044
5044
5044
5044
5044
5044
5044
5044
5044
5044
5044
5044
5044
5044
5044
5044
5044
5044
5044
5044
5044
5044
5044
5044
5044
5044
5044
5044
5044
5044
5044
5044
5044
5044
5044
5044
5044
5044
5044
5044
5044
5044
5044
5044
5044
5044
5044
5044
5044
5044
5044
5044
5044
5044
5044
5044
5044
5044
5044
5044
5044
5044
5044
5044
5044
5044
5044
5044
5044
5044
5044
5044
5044
5044
5044
5044
5044
5044
5044
5044
5044
5044
5044
5044
5044
5044
5044
5044
5044
5044
5044
5044
5044
5044
5044
5044
5044
5044
5044
5044
5044
5044
5044
5044
5044
5044
5044
5044
5044
5044
5044
5044
5044
5044
5044
5044
5044
5044
5044
5044
5044
5044
5044
5044
5044
5044
5044
5044
5044
5044
5044
5044
5044
5044
5044
5044
5044
5044
5044
5044
5044
5044
5044
5044
5044
5044
5044
5044
5044
5044
5044
5044
5044
5044
5044
5044
5044
5044
5044
5044
5044
5044
5044
5044
5044
5044
5044
5044
5044
5044
5044
5044
5044
5044
5044
5044
5044
5044
5044
5044
5044
5044
5044
5044
5044
5044
5044
5044
5044
5044
5044
5044
5044
5044
5044
5044
5044
5044
5044
5044
5044
5044
5044
5044
5044
5044
5044
5044
5044
5044
5044
5044
5044
5044
5044
5044
5044
5044
5044
5044
5044
5044
5044
5044
5044
5044
5044
5044
5044
5044
5044
5044
5044
5044
5044
5044
5044
5044
5044
5044
5044
5044
5044
5044
5044
5044
5044
5044
5044
5044
5044
5044
5044
5044
5044
5044
5044
5044
5044
5044
5044
5044
5044
5044
5044
5044
5044
5044
5044
5044
5044
5044
5044
5044
5044
5044
5044
5044
5044
5044
5044
5044
5044
5044
5044
5044
5044
5044
5044
5044
5044
5044
5044
5044
5044
5044
5044
5044
5044
5044
5044
5044
5044
5044
5044
5044
5044
5044
5044
5044
5044
5044
5044
5044
5044
5044
5044
5044
5044
5044
5044
5044
5044
5044
5044
5044
5044
5044
5044
5044
5044
5044
5044
5044
5044
5044
5044
5044
5044
5044
5044
5044
5044
5044
5044
5044
5044
5044
5044
5044
5044
5044
5044
5044
5044
5044
5044
5044
5044
5044
5044
5044
5044
5044
5044
5044
5044
5044
5044
5044
5044
5044
5044
5044
5044
5044
5044
5044
5044
5044
5044
5044
5044
5044
5044
5044
5044
5044
5044
5044
5044
5044
5044
5044
5044
5044
5044
5044
5044
5044
5044
5044
5044
5044
5044
5044
5044
5044
5044
5044
5044
5044
5044
5044
5044
5044
5044
5044
5044
5044
5044
5044
5044
5044
5044
5044
5044
5044
5044
5044
5044
5044
5044
5044
5044
5044
5044
5044
5044
5044
5044
5044
5044
5044
5044
5044
5044
5044
5044
5044
5044
5044
5044
5044
5044
5044
5044
5044
5044
5044
5044
5044
5044
5044
5044
5044
5044
5044
5044
5044
5044
5044
5044
5044
5044
5044
5044
5044
5044
5044
5044
5044
5044
5044
5044
5044
5044
5044
5044
5044
5044
5044
5044
5044
5044
5044
5044
5044
5044
5044
5044
5044
5044
5044
5044
5044
5044
5044
5044
5044
5044
5044
5044
5044
5044
5044
5044
5044
5044
5044
5044
5044
5044
5044
5044
5044
5044
5044
5044
5044
5044
5044
5044
5044
5044
5044
5044
5044
5044
5044
5044
5044
5044
5044
5044
5044
5044
5044
5044
5044
5044
5044
5044
5044
5044
5044
5044
5044
5044
5044
5044
5044
5044
5044
5044
5044
5044
5044
5044
5044
5044
5044
5044
5044
5044
5044
5044
5044
5044
5044
5044
5044
5044
5044
5044
5044
5044
5044
5044
5044
5044
5044
5044
5044
5044
5044
5044
5044
5044
5044
5044
5044
5044
5044
5044
5044
5044
5044
5044
5044
5044
5044
5044
5044
5044
5044
5044
5044
5044
5044
5044
5044
5044
5044
5044
5044
5044
5044
5044
5044
5044
5044
5044
5044
5044
5044
5044
5044
5044
5044
5044
5044
5044
5044
5044
5044
5044
5044
5044
5044
5044
5044
5044
5044
5044
5044
5044
5044
5044
5044
5044
5044
5044
5044
5044
5044
5044
5044
5044
5044
5044
5044
5044
5044
5044
5044
5044
5044
5044
5044
5044
5044
5044
5044
5044
5044
5044
5044
5044
5044
5044
5044
5044
5044
5044
5044
5044
5044
5044
5044
5044
5044
5044
5044
5044
5044
5044
5044
5044
5044
5044
5044
5044
5044
5044
5044
5044
5044
5044
5044
5044
5044
5044
5044
5044
5044
5044
5044
5044
5044
5044
5044
5044
5044
5044
5044
5044
5044
5044
5044
5044
5044
5044
5044
5044
5044
5044
5044
5044
5044
5044
5044
5044
5044
5044
5044
5044
5044
5044
5044
5044
5044
5044
5044
5044
5044
5044
5044
5044
5044
5044
5044
5044
5044
5044
5044
5044
5044
5044
5044
5044
5044
5044
5044
5044
5044
5044
5044
5044
5044
5044
5044
5044
5044
5044
5044
5044
5044
5044
5044
5044
5044
5044
5044
5044
5044
5044
5044
5044
5044
5044
5044
5044
5044
5044
5044
5044
5044
5044
5044
5044
5044
5044
5044
5044
5044
5044
5044
5044
5044
5044
5044
5044
5044
5044
5044
5044
5044
5044
5044
5044
5044
5044
5044
5044
5044
5044
5044
5044
5044
5044
5044
5044
5044
5044
5044
5044
5044
5044
5044
5044
5044
5044
5044
5044
5044
5044
5044
5044
5044
5044
5044
5044
5044
5044
5044
5044
5044
5044
5044
5044
5044
5044
5044
5044
5044
5044
5044
5044
5044
5044
5044
5044
5044
5044
5044
5044
5044
5044
5044
5044
5044
5044
5044
5044
5044
5044
5044
5044
5044
5044
5044
5044
5044
5044
5044
5044
5044
5044
5044
5044
5044
5044
5044
5044
5044
5044
5044
5044
5044
5044
5044
5044
5044
5044
5044
5044
5044
5044
5044
5044
5044
5044
5044
5044
5044
5044
5044
5044
5044
5044
5044
5044
5044
5044
5044
5044
5044
5044
5044
5044
5044
5044
5044
5044
5044
5044
5044
5044
5044
5044
5044
5044
5044
5044
5044
5044
5044
5044
5044
5044
5044
5044
5044
5044
5044
5044
5044
5044
5044
5044
5044
5044
5044
5044
5044
5044
5044
5044
5044
5044
5044
5044
5044
5044
5044
5044
5044
5044
5044
5044
5044
5044
5044
5044
5044
5044
5044
5044
5044
5044
5044
5044
5044
5044
5044
5044
5044
5044
5044
5044
5044
5044
5044
5044
5044
5044
5044
5044
5044
5044
5044
5044
5044
5044
5044
5044
5044
5044
5044
5044
5044
5044
5044
5044
5044
5044
5044
5044
5044
5044
5044
5044
5044
5044
5044
5044
5044
5044
5044
5044
5044
5044
5044
5044
5044
5044
5044
5044
5044
5044
5044
5044
5044
5044
5044
5044
5044
5044
5044
5044
5044
5044
5044
5044
5044
5044
5044
5044
5044
5044
5044
5044
5044
5044
5044
5044
5044
5044
5044
5044
5044
5044
5044
5044
5044
5044
5044
5044
5044
5044
5044
5044
5044
5044
5044
5044
5044
5044
5044
5044
5044
5044
5044
5044
5044
5044
5044
5044
5044
5044
5044
5044
5044
5044
5044
5044
5044
5044
5044
5044
5044
5044
5044
5044
5044
5044
5044
5044
5044
5044
5044
5044
5044
5044
5044
5044
5044
5044
5044
5044
5044
5044
5044
5044
5044
5044
5044
5044
5044
5044
5044
5044
5044
5044
5044
5044
5044
5044
5044
5044
5044
5044
5044
5044
5044
5044
5044
5044
5044
5044
5044
5044
5044
5044
5044
5044
5044
5044
5044
5044
5044
5044
5044
5044
5044
5044
5044
5044
5044
5044
5044
5044
5044
5044
5044
5044
5044
5044
5044
5044
5044
5044
5044
5044
5044
5044
5044
5044
5044
5044
5044
5044
5044
5044
5044
5044
5044
5044
5044
5044
5044
5044
5044
5044
5044
5044
5044
5044
5044
5044
5044
5044
5044
5044
5044
5044
5044
5044
5044
5044
5044
5044
5044
5044
5044
5044
5044
5044
5044
5044
5044
5044
5044
5044
5044
5044
5044
5044
5044
5044
5044
5044
5044
5044
5044
5044
5044
5044
5044
5044
5044
5044
5044
5044
5044
5044
5044
5044
5044
5044
5044
5044
5044
5044
5044
5044
5044
5044
5044
5044
5044
5044
5044
5044
5044
5044
5044
5044
5044
5044
5044
5044
5044
5044
5044
5044
5044
5044
5044
5044
5044
5044
5044
5044
5044
5044
5044
5044
5044
5044
5044
5044
5044
5044
5044
5044
5044
5044
5044
5044
5044
5044
5044
5044
5044
5044
5044
5044
5044
5044
5044
5044
5044
5044
5044
5044
5044
5044
5044
5044
5044
5044
5044
5044
5044
5044
5044
5044
5044
5044
5044
5044
5044
5044
5044
5044
5044
5044
5044
5044
5044
5044
5044
5044
5044
5044
5044
5044
5044
5044
5044
5044
5044
5044
5044
5044
5044
5044
5044
5044
5044
5044
5044
5044
5044
5044
5044
5044
5044
5044
5044
5044
5044
5044
5044
5044
5044
5044
5044
5044
5044
5044
5044
5044
5044
5044
5044
5044
5044
5044
5044
5044
5044
5044
5044
5044
5044
5044
5044
5044
5044
5044
5044
5044
5044
5044
5044
5044
5044
5044
5044
5044
5044
5044
5044
5044
5044
5044
5044
5044
5044
5044
5044
5044
5044
5044
5044
5044
5044
5044
5044
5044
5044
5044
5044
5044
5044
5044
5044
5044
5044
5044
5044
5044
5044
5044
5044
5044
5044
5044
5044
5044
5044
5044
5044
5044
5044
5044
5044
5044
5044
5044
5044
5044
5044
5044
5044
5044
5044
5044
5044
5044
5044
5044
5044
5044
5044
5044
5044
5044
5044
5044
5044
5044
5044
5044
5044
5044
5044
5044
5044
5044
5044
5044
5044
5044
5044
5044
5044
5044
5044
5044
5044
5044
5044
5044
5044
5044
5044
5044
5044
5044
5044
5044
5044
5044
5044
5044
5044
5044
5044
5044
5044
5044
5044
5044
5044
5044
5044
5044
5044
5044
5044
5044
5044
5044
5044
5044
5044
5044
5044
5044
5044
5044
5044
5044
5044
5044
5044
5044
5044
5044
5044
5044
5044
5044
5044
5044
5044
5044
5044
5044
5044
5044
5044
5044
5044
5044
5044
5044
5044
5044
5044
5044
5044
5044
5044
5044
5044
5044
5044
5044
5044
5044
5044
5044
5044
5044
5044
5044
5044
5044
5044
5044
5044
5044
5044
5044
5044
5044
5044
5044
5044
5044
5044
5044
5044
5044
5044
5044
5044
5044
5044
5044
5044
5044
5044
5044
5044
5044
5044
5044
5044
5044
5044
5044
5044
5044
5044
5044
5044
5044
5044
5044
5044
5044
5044
5044
5044
5044
5044
5044
5044
5044
5044
5044
5044
5044
5044
5044
5044
5044
5044
5044
5044
5044
5044
5044
5044
5044
5044
5044
5044
5044
5044
5044
5044
5044
5044
5044
5044
5044
5044
5044
5044
5044
5044
5044
5044
5044
5044
5044
5044
5044
5044
5044
5044
5044
5044
5044
5044
5044
5044
5044
5044
5044
5044
5044
5044
5044
5044
5044
5044
5044
5044
5044
5044
5044
5044
5044
5044
5044
5044
5044
5044
5044
5044
5044
5044
5044
5044
5044
5044
5044
5044
5044
5044
5044
5044
5044
5044
5044
5044
5044
5044
5044
5044
5044
5044
5044
5044
5044
5044
5044
5044
5044
5044
5044
5044
5044
5044
5044
5044
5044
5044
5044
5044
5044
5044
5044
5044
5044
5044
5044
5044
5044
5044
5044
5044
5044
5044
5044
5044
5044
5044
5044
5044
5044
5044
5044
5044
5044
5044
5044
5044
5044
5044
5044
5044
5044
5044
5044
5044
5044
5044
5044
5044
5044
5044
5044
5044
5044
5044
5044
5044
5044
5044
5044
5044
5044
5044
5044
5044
5044
5044
5044
5044
5044
5044
5044
5044
5044
5044
5044
5044
5044
5044
5044
5044
5044
5044
5044
5044
5044
5044
5044
5044
5044
5044
5044
5044
5044
5044
5044
5044
5044
5044
5044
5044
5044
5044
5044
5044
5044
5044
5044
5044
5044
5044
5044
5044
5044
5044
5044
5044
5044
5044
5044
5044
5044
5044
5044
5044
5044
5044
5044
5044
5044
5044
5044
5044
5044
5044
5044
5044
5044
5044
5044
5044
5044
5044
5044
5044
5044
5044
5044
5044
5044
5044
5044
5044
5044
5044
5044
5044
5044
5044
5044
5044
5044
5044
5044
5044
5044
5044
5044
5044
5044
5044
5044
5044
5044
5044
5044
5044
5044
5044
5044
5044
5044
5044
5044
5044
5044
5044
5044
5044
5044
5044
5044
5044
5044
5044
5044
5044
5044
5044
5044
5044
5044
5044
5044
5044
5044
5044
5044
5044
5044
5044
5044
5044
5044
5044
5044
5044
5044
5044
5044
5044
5044
5044
5044
5044
5044
5044
5044
5044
5044
5044
5044
5044
5044
5044
5044
5044
5044
5044
5044
5044
5044
5044
5044
5044
5044
5044
5044
5044
5044
5044
5044
5044
5044
5044
5044
5044
5044
5044
5044
5044
5044
5044
5044
5044
5044
5044
5044
5044
5044
5044
5044
5044
5044
5044
5044
5044
5044
5044
5044
5044
5044
5044
5044
5044
5044
5044
5044
5044
5044
5044
5044
5044
5044
5044
5044
5044
5044
5044
5044
5044
5044
5044
5044
5044
5044
5044
5044
5044
5044
5044
5044
5044
5044
5044
5044
5044
5044
5044
5044
5044
5044
5044
5044
5044
5044
5044
5044
5044
5044
5044
5044
5044
5044
5044
5044
5044
5044
5044
5044
5044
5044
5044
5044
5044
5044
5044
5044
5044
5044
5044
5044
5044
5044
5044
5044
5044
5044
5044
5044
5044
5044
5044
5044
5044
5044
5044
5044
5044
5044
5044
5044
5044
5044
5044
5044
5044
5044
5044
5044
5044
5044
5044
5044
5044
5044
5044
5044
5044
5044
5044
5044
5044
5044
5044
5044
5044
5044
5044
5044
5044
5044
5044
5044
5044
5044
5044
5044
5044
5044
5044
5044
5044
5044
5044
5044
5044
5044
5044
5044
5044
5044
5044
5044
5044
5044
5044
5044
5044
5044
5044
5044
5044
5044
5044
5044
5044
5044
5044
5044
5044
5044
5044
5044
5044
5044
5044
5044
5044
5044
5044
5044
5044
5044
5044
5044
5044
5044
5044
5044
5044
5044
5044
5044
5044
5044
5044
5044
5044
5044
5044
5044
5044
5044
5044
5044
5044
5044
5044
5044
5044
5044
5044
5044
5044
5044
5044
5044
5044
5044
5044
5044
5044
5044
5044
5044
5044
5044
5044
5044
5044
5044
5044
5044
5044
5044
5044
5044
5044
5044
5044
5044
5044
5044
5044
5044
5044
5044
5044
5044
5044
5044
5044
5044
5044
5044
5044
5044
5044
5044
5044
5044
5044
5044
5044
5044
5044
5044
5044
5044
5044
5044
5044
5044
5044
5044
5044
5044
5044
5044
5044
5044
5044
5044
5044
5044
5044
5044
5044
5044
5044
5044
5044
5044
5044
5044
5044
5044
5044
5044
5044
5044
5044
5044
5044
5044
5044
5044
5044
5044
5044
5044
5044
5044
5044
5044
5044
5044
5044
5044
5044
5044
5044
5044
5044
5044
5044
5044
5044
5044
5044
5044
5044
5044
5044
5044
5044
5044
5044
5044
5044
5044
5044
5044
5044
5044
5044
5044
5044
5044
5044
5044
5044
5044
5044
5044
5044
5044
5044
5044
5044
5044
5044
5044
5044
5044
5044
5044
5044
5044
5044
5044
5044
5044
5044
5044
5044
5044
5044
5044
5044
5044
5044
5044
5044
5044
5044
5044
5044
5044
5044
5044
5044
5044
5044
5044
5044
5044
5044
5044
5044
5044
5044
5044
5044
5044
5044
5044
5044
5044
5044
5044
5044
5044
5044
5044
5044
5044
5044
5044
5044
5044
5044
5044
5044
5044
5044
5044
5044
5044
5044
5044
5044
5044
5044
5044
5044
5044
5044
5044
5044
5044
5044
5044
5044
5044
5044
5044
5044
5044
5044
5044
5044
5044
5044
5044
5044
5044
5044
5044
5044
5044
5044
5044
5044
5044
5044
5044
5044
5044
5044
5044
5044
5044
5044
5044
5044
5044
5044
5044
5044
5044
5044
5044
5044
5044
5044
5044
5044
5044
5044
5044
5044
5044
5044
5044
5044
5044
5044
5044
5044
5044
5044
5044
5044
5044
5044
5044
5044
5044
5044
5044
5044
5044
5044
5044
5044
5044
5044
5044
5044
5044
5044
5044
5044
5044
5044
5044
5044
5044
5044
5044
5044
5044
5044
5044
5044
5044
5044
5044
5044
5044
5044
5044
5044
5044
5044
5044
5044
5044
5044
5044
5044
5044
5044
5044
5044
5044
5044
5044
5044
5044
5044
5044
5044
5044
5044
5044
5044
5044
5044
5044
5044
5044
5044
5044
5044
5044
5044
5044
5044
5044
5044
5044
5044
5044
5044
5044
5044
5044
5044
5044
5044
5044
5044
5044
5044
5044
5044
5044
5044
5044
5044
5044
5044
5044
5044
5044
5044
5044
5044
5044
5044
5044
5044
5044
5044
5044
5044
5044
5044
5044
5044
5044
5044
5044
5044
5044
5044
5044
5044
5044
5044
5044
5044
5044
5044
5044
5044
5044
5044
5044
5044
5044
5044
5044
5044
5044
5044
5044
5044
5044
5044
5044
5044
5044
5044
5044
5044
5044
5044
5044
5044
5044
5044
5044
5044
5044
5044
5044
5044
5044
5044
5044
5044
5044
5044
5044
5044
5044
5044
5044
5044
5044
5044
5044
5044
5044
5044
5044
5044
5044
5044
5044
5044
5044
5044
5044
5044
5044
5044
5044
5044
5044
5044
5044
5044
5044
5044
5044
5044
5044
5044
5044
5044
5044
5044
5044
5044
5044
5044
5044
5044
5044
5044
5044
5044
5044
5044
5044
5044
5044
5044
5044
5044
5044
5044
5044
5044
5044
5044
5044
5044
5044
5044
5044
5044
5044
5044
5044
5044
5044
5044
5044
5044
5044
5044
5044
5044
5044
5044
5044
5044
5044
5044
5044
5044
5044
5044
5044
5044
5044
5044
5044
5044
5044
5044
5044
5044
5044
5044
5044
5044
5044
5044
5044
5044
5044
5044
5044
5044
5044
5044
5044
5044
5044
5044
5044
5044
5044
5044
5044
5044
5044
5044
5044
5044
5044
5044
5044
5044
5044
5044
5044
5044
5044
5044
5044
5044
5044
5044
5044
5044
5044
5044
5044
5044
5044
5044
5044
5044
5044
5044
5044
5044
5044
5044
5044
5044
5044
5044
5044
5044
5044
5044
5044
5044
5044
5044
5044
5044
5044
5044
5044
5044
5044
5044
5044
5044
5044
5044
5044
5044
5044
5044
5044
5044
5044
5044
5044
5044
5044
5044
5044
5044
5044
5044
5044
5044
5044
5044
5044
5044
5044
5044
5044
5044
5044
5044
5044
5044
5044
5044
5044
5044
5044
5044
5044
5044
5044
5044
5044
5044
5044
5044
5044
5044
5044
5044
5044
5044
5044
5044
5044
5044
5044
5044
5044
5044
5044
5044
5044
5044
5044
5044
5044
5044
5044
5044
5044
5044
5044
5044
5044
5044
5044
5044
5044
5044
5044
5044
5044
5044
5044
5044
5044
5044
5044
5044
5044
5044
5044
5044
5044
5044
5044
5044
5044
5044
5044
5044
5044
5044
5044
5044
5044
5044
5044
5044
5044
5044
5044
5044
5044
5044
5044
5044
5044
5044
5044
5044
5044
5044
5044
5044
5044
5044
5044
5044
5044
5044
5044
5044
5044
5044
5044
5044
5044
5044
5044
5044
5044
5044
5044
5044
5044
5044
5044
5044
5044
5044
5044
5044
5044
5044
5044
5044
5044
5044
5044
5044
5044
5044
5044
5044
5044
5044
5044
5044
5044
5044
5044
5044
5044
5044
5044
5044
5044
5044
5044
5044
5044
5044
5044
5044
5044
5044
5044
5044
5044
5044
5044
5044
5044
5044
5044
5044
5044
5044
5044
5044
5044
5044
