4589
4590
4351
4069
4069
4169
3837
4195
3935
3580
4071
4480
4480
4380
4480
4835
4835
5095
5550
5549
5157
5489
5490
5540
5591
5591
5541
5541
5540
5932
5523
5539
5778
5323
5272
5272
5727
5343
5104
4613
4221
4605
4505
4050
3692
4101
4459
3897
3897
3246
2888
3379
3024
2640
2879
2547
2531
2531
2082
2466
2921
3203
3854
4303
4865
5223
4814
5146
5146
5555
5655
5297
4888
4628
4066
4116
3667
3667
3668
3684
3668
3668
3684
3684
3735
4127
4027
3695
3795
4204
3713
3713
3697
3014
2363
2925
3576
3576
3836
3427
3918
3679
3629
4078
4317
3925
4334
3683
3444
3393
3443
3443
3183
3541
3259
3519
3570
3519
3519
3518
3109
2660
3069
3424
3324
3716
3716
3456
4139
4471
4710
4710
4710
4992
4501
4117
4117
3434
3434
3925
3363
2908
3168
2810
2810
3265
3623
4185
4836
4381
4836
5220
4836
4887
4325
5008
5457
5065
5014
4565
4565
3914
4014
4014
4014
3754
3805
3805
3314
3706
3707
3656
4105
4596
4596
4105
4055
3723
3739
3384
3875
3517
3568
3618
3169
2930
2930
2538
2798
2798
2343
2727
2236
2475
2424
2915
3270
2779
3171
3222
3171
2488
3171
2932
2983
2983
2932
2249
2740
2739
2739
2978
2979
3662
4111
3702
3602
3111
3443
3801
4210
3761
3377
3868
3868
3868
4317
4968
4968
4968
5423
5184
5134
4779
4830
4830
5185
4730
4679
4730
4780
4520
4029
4013
4575
4126
4617
5001
4592
4101
4592
4030
4030
4485
4101
3819
3818
3426
3071
3310
3259
3260
3259
3614
3665
3014
2682
3074
3023
2568
2952
2594
2544
2826
2826
3184
3185
3184
3184
3235
3236
2954
3004
3566
3327
2765
2410
2426
3077
3639
3077
3359
3459
3409
3408
3970
3970
3586
3846
3355
3594
4085
3693
3743
4127
3636
3968
3969
3919
3535
3585
3994
3994
4449
4449
4398
3836
4220
3765
3082
2843
2843
2583
3038
2583
2567
2158
2418
2827
2545
2187
1927
2610
2849
2849
3109
3564
3564
3922
3564
3956
4447
4446
4804
5159
5159
4920
5202
4711
4356
4074
3391
3630
3580
3125
3176
3192
3192
2783
2783
2399
2399
2383
2792
2460
2792
3074
3529
3478
3479
3530
3530
3138
2856
2401
2400
2401
2793
2384
3067
2384
2666
2665
3114
3569
3569
3309
3992
4554
4909
5169
5219
4864
4864
5355
5355
5355
4864
4415
3764
3406
3306
3661
3401
3162
3813
4052
4001
4261
3578
3223
2941
2941
3432
3100
3484
3245
3245
3484
3816
3832
4515
4131
4132
4490
4440
4824
5179
4824
5233
4742
4726
4466
4466
4466
4466
4821
4871
4462
4478
4478
4120
3765
4025
4024
4024
4124
4175
4124
4124
4175
3492
3253
3253
3253
2993
2601
2039
2040
2279
2179
2128
2112
2112
2112
2112
2470
2469
2469
2470
2470
2752
3243
3004
3396
3038
3277
3839
3277
3632
3582
3198
3582
3682
3350
3349
3681
3681
3681
3289
3189
3581
3597
3581
3990
4006
4007
4690
4298
4298
4656
4656
4640
4640
3989
3989
4249
3865
3864
3864
3964
3964
4356
4117
3708
3448
3090
3741
4190
4574
4574
4574
4182
3531
3582
3598
3598
3648
3648
3293
3685
4336
3685
3669
4078
4027
4027
4028
4079
3630
3579
3579
3529
3529
3887
3605
3604
3604
3864
4515
4566
4567
4209
4491
4209
4158
4516
4871
4870
4871
4220
4236
4286
4286
4937
5219
5169
4887
4478
3827
3472
3472
3212
3212
3212
3196
2741
3196
3247
3247
3696
3645
3884
3784
3784
3784
3884
3934
3985
4394
4394
4394
4010
3601
3362
3746
3746
3745
3745
4027
4028
4028
4383
4283
4522
4522
4522
5084
5084
5735
5052
5152
4703
4464
4873
5112
5111
5111
5560
5560
6243
5834
5385
5834
5850
5395
5395
4833
5242
4858
4842
4742
4091
3852
3853
3852
3403
3403
3403
3403
3353
2961
3410
3001
3240
3695
3696
4347
3892
3401
3417
3801
4193
4193
4177
3819
3835
3835
3935
3935
3935
4293
4343
4603
5165
5165
5165
4810
4361
4311
4051
4406
4124
4073
4057
4466
4748
5197
5197
4805
5065
5064
5064
5064
5519
5161
5212
4763
4308
4308
4069
3809
3859
3577
4068
4018
4467
4468
4136
4468
3977
3976
4467
4922
5182
5182
5182
5182
5183
4828
4177
3722
4004
4004
4359
4358
4408
4424
4425
5076
5531
5531
4880
4880
4471
4189
4189
3805
4189
4547
4497
4481
4221
3866
4258
4613
4613
5022
5021
4663
4923
4591
4830
4830
4830
4830
4730
5381
4932
4932
4932
4982
4982
4590
4872
4972
4712
4972
4922
4922
5280
5280
5729
5320
4965
4966
4966
4966
4866
4627
4677
4677
4676
4676
5085
5185
4903
4919
4920
4660
4660
4098
4047
3997
3613
3663
3647
3646
3646
4001
3901
3901
3952
3952
3953
4285
4285
4847
4797
4746
4391
4391
4673
4264
3809
3809
3126
3176
3176
2894
3349
3733
3683
3032
3292
3943
4182
4591
4691
4741
4357
4357
4741
4741
4741
4691
4452
5135
4484
5135
5527
5882
5490
5772
5512
5063
5323
5373
5041
5041
4657
4397
4042
3684
3700
3700
3960
3910
3419
3159
3650
3701
3246
3601
4050
4050
3950
3934
3443
3459
3817
4201
4692
4691
4242
4634
4873
4973
4734
5066
4682
5137
4682
4400
4400
4008
4400
4401
4301
4301
4583
4683
4683
5138
4487
4487
4487
4487
4487
4537
4921
4921
5370
5630
4947
4538
4538
4487
4487
4486
4154
4154
3770
4421
4405
4814
4714
4714
4356
4357
4741
4286
4302
4302
4302
4302
4634
4873
4873
4857
4575
4575
4933
4949
5404
5072
5755
6087
6037
6087
5596
4913
4912
4557
4297
4980
4622
4213
4163
4423
4407
3756
3856
3524
3540
2978
3333
3384
3000
2317
2301
1909
2318
2710
3068
3084
3134
3466
3011
3502
3502
4064
4747
5398
5399
5398
5043
5043
5044
5428
5428
5377
5361
5361
4799
4539
4555
4555
4171
4222
4122
4071
3662
3713
3697
4106
4122
4122
3631
2948
3403
3071
3562
3844
3843
3394
3726
3675
3659
4342
4904
4904
4854
5114
4875
5324
5324
4966
4706
5061
5419
5419
5420
5420
5804
5804
5522
5522
5804
5855
5854
6093
5410
5128
4566
4567
4827
4588
4588
4588
4588
4827
5510
5510
5510
5610
5660
5660
5609
5608
5276
5276
4593
4875
4875
5207
5207
5207
5208
5224
4869
4587
5149
4694
4434
4434
4694
4693
4335
4790
4790
4458
4358
3796
3796
3797
3797
3797
3797
3306
3290
3648
3647
3698
3289
3289
3571
3289
3644
3660
3660
3660
3660
3660
3942
3926
3942
3682
3782
4114
4114
4523
4068
4017
4017
3633
3184
3134
3134
2742
3425
3070
3070
3330
3779
3779
4134
3895
3945
3895
3613
4104
4155
3895
3895
3844
3844
4083
4083
4133
3684
4076
4076
4638
4399
4848
4848
4848
5232
5233
5233
4742
4742
4742
4981
4623
4623
4622
4980
4980
5262
5262
4907
4807
4358
4358
4713
4713
4713
4030
4030
3646
3084
3085
2676
2676
2675
2726
2727
3176
3276
3226
2575
2574
2574
2574
2182
2182
2182
2182
1827
1811
2266
2266
2650
2599
3282
3844
3605
3997
3997
4048
3997
4406
4406
3957
4406
4406
4456
4456
4507
4746
4507
4123
4507
4507
4507
4149
4165
4149
4149
4800
5155
4823
4773
4823
4839
4384
4384
4384
4839
4484
4035
4295
4650
4600
4839
4839
4840
4824
4824
4874
4419
4035
3775
4133
3778
3778
4162
4494
3811
3479
3479
3429
3428
3036
3491
3751
4143
4143
4193
3738
4093
4776
4676
5167
5622
5622
5954
5463
5912
6012
6012
6012
5450
5095
4711
5273
5273
5034
5389
5405
5405
5389
5389
5389
5389
4827
5318
5334
5334
4885
5334
5573
5957
5718
5334
5283
5283
4600
4242
4243
4294
4243
3961
3961
3945
4507
4507
4523
4523
4523
5206
5205
4643
4593
5155
4763
4763
4272
4763
4763
4408
4076
3621
3953
3953
3391
3391
3630
3985
3885
4447
4447
4831
4815
4815
4865
5320
5060
5160
5160
4705
4721
5079
4979
5261
5262
5362
5262
5654
5754
5515
5775
5775
6230
5547
5163
5147
4887
4903
4511
4511
4229
4229
4229
4489
4080
4131
4130
4079
4079
4361
4412
3957
3906
3906
3906
3906
4589
4640
4641
4591
4590
4590
4591
4590
4258
3976
3960
3309
3309
3701
3701
3210
3260
3715
3716
3154
3486
3895
4457
4008
3553
4044
3994
3894
3403
3419
3159
3143
3142
3143
3143
3143
3425
3425
3374
3634
3684
4335
4790
4790
4790
4790
4790
4841
4790
4890
5274
5274
4865
4410
4819
4870
4770
4770
4438
4178
4178
4194
4194
4294
4194
3839
4294
4294
4012
3996
3313
3804
4043
4043
4492
4824
5507
5607
5198
4866
4882
4433
4715
4715
4714
5069
5069
5053
4771
4720
4069
3578
3578
2895
3386
3835
3480
3740
3740
3791
3807
3707
4039
4039
4394
4676
4676
4676
4321
4421
4422
4030
4439
4438
4439
4439
4179
4179
4128
3796
3347
2892
2892
3152
3607
4258
4258
4208
4891
5223
5222
4962
4962
4963
4963
4579
4578
4628
4628
4628
4983
4983
4983
4933
5325
5325
4834
5283
5774
5774
5492
5037
5492
5160
5420
5804
5242
5003
5004
5004
5054
5054
5293
5293
5243
5243
5294
5243
5525
5034
4774
4419
3970
4325
4325
4375
4359
4359
4808
4807
5298
5298
4843
4894
4445
4087
4445
4445
4900
4508
4508
4840
5402
5794
5794
5794
5794
5436
5386
4735
5093
4761
4710
5042
5058
5058
4567
4567
4567
4567
5016
5016
4661
4212
4567
4567
4567
5058
4649
4649
4194
4245
4245
4896
5156
5056
4672
5056
5057
5006
5455
5439
5439
5490
5490
5490
5490
5945
5894
5894
5945
5945
5944
5945
6045
6045
6045
6045
6454
6470
5908
5908
5908
5857
5857
6419
6061
6061
5499
5499
5857
5402
5402
5010
5060
5060
4800
5192
5754
5305
5205
5256
5516
5516
5466
5466
5466
5466
5465
5449
5549
4987
4887
4987
4304
4204
4887
4529
4529
4529
4197
4197
4197
4759
4759
5208
5208
5209
4949
4949
5404
5404
5403
5403
5761
5270
5286
5618
5718
6209
6210
6210
6470
6370
6370
6370
5915
5531
5292
5291
5746
5846
5163
5163
5547
5786
5786
5735
5735
5735
5735
5736
5281
5736
5720
5720
5720
5720
5720
5069
5069
5120
5120
5069
5085
5084
4675
4726
4710
4710
4318
4318
4969
4969
4970
4970
4970
5362
5362
5311
5311
4862
4862
4862
5271
4916
4916
4656
5105
5105
5105
5105
5105
5105
5365
5365
5365
4714
4305
4305
4205
4205
4560
4611
4610
4610
4610
4610
5019
5035
5035
5035
4796
4404
4144
3695
3695
3695
4144
4536
4485
4535
4774
4212
3820
3820
4382
4774
5457
5457
5508
5508
5508
5768
5768
5768
5413
5153
4821
4805
4805
4905
5260
5260
5260
5160
5260
5260
4876
4467
4467
4367
3918
3867
3628
3629
3629
3889
3889
3905
4144
3582
3582
3532
3583
3583
3323
3974
3974
3619
3619
3719
3719
3719
4128
4690
4950
4950
5334
5334
5334
4651
4651
4651
4651
4651
5334
5333
5282
5614
5614
5614
5614
5969
5869
5853
5953
6004
5722
5722
5738
5788
5788
5433
5433
5417
5417
5699
5699
6054
6070
6070
6020
5738
5346
5346
5795
5795
5795
5386
5386
5386
5126
5127
5387
5387
5387
5055
5055
5105
5105
5105
4747
5105
5105
5497
5397
5137
4575
4984
4984
4968
5530
5529
5545
5546
5530
5075
5025
5025
5025
5480
5812
5428
5428
4973
4973
5255
5204
5588
5688
5688
5239
5239
4556
4164
4164
4424
5107
4847
4847
4356
4356
4356
4356
4356
4356
3794
4249
4299
4060
4059
3777
4226
4226
4226
4465
4481
5043
5325
4870
4421
4421
4870
4854
4854
4496
4547
4547
4547
4563
4463
4463
4563
4823
5314
5032
4677
4627
4909
4418
4418
4034
4034
4034
3983
3983
3534
3535
3535
3890
4381
4381
4381
4049
4049
4049
3810
3809
3809
3809
3809
3860
4252
4252
3897
3505
3860
4309
4310
4210
3950
4000
3950
4334
3925
3925
3924
3924
3924
3569
3569
3569
3924
4379
4097
4429
4429
4430
4669
4669
5061
5061
5321
5421
5321
4966
5016
5116
5116
4784
4783
4783
4767
4667
4667
4667
4667
4617
4975
5330
5430
5430
5839
5839
5600
5242
4982
4998
4507
4507
4507
4507
4507
4767
5049
5049
5049
5049
5049
5033
5033
5033
5033
5033
5033
5033
5391
5723
5723
5723
5723
5463
5463
5479
5479
5479
5529
5529
5478
5086
5086
5577
5577
5577
5128
5128
5078
5078
5078
5128
5128
5128
5128
5128
5129
5129
4674
4658
4658
4658
4658
5107
5107
5057
5057
5057
5107
4752
5012
5251
4867
5251
5251
5251
5302
4918
4918
4868
5323
5707
5216
5165
5165
5216
5571
5570
5331
5071
4789
4789
4434
4925
4925
4925
4470
4730
4730
4730
4746
4985
5377
5277
5327
5327
5327
5327
5327
5327
5276
5276
5276
5276
5276
5558
5558
5558
5558
5149
5149
5504
5504
4942
4558
5013
5064
5064
5448
5398
5159
5159
5159
5159
5721
5705
5654
5670
5909
6318
5926
5926
5976
5644
6036
6036
6020
5665
5665
5665
5665
5383
5384
5384
5384
5666
5384
5435
5767
5767
5409
5409
5509
5864
5864
5814
5814
6096
6096
6096
5704
5704
5295
5311
5260
5260
5618
5618
5260
5021
5021
5379
5097
5097
5097
4742
4726
5135
5135
5135
5490
5135
5417
5433
5433
5672
5723
5723
5707
5447
5447
5446
5207
4798
4798
4798
4798
5037
5392
5292
5010
5011
4960
4959
4959
5219
5611
5611
5120
4762
4763
4763
5172
5272
5272
5272
5272
4917
4968
4708
4657
4657
4657
4657
4657
4657
4917
4917
4917
4917
5275
5766
6121
6121
6121
5882
5498
5106
5106
5106
5122
5122
5122
5514
5254
5305
4814
4798
4798
4798
4798
4814
4814
5096
5587
5587
5587
5132
5132
5116
5116
5116
5116
5376
5376
5392
5034
5034
5034
5034
5392
5392
5391
5775
5213
5113
5568
5568
5568
5568
5568
5159
5159
5568
5568
5568
5517
5517
5517
5517
4834
4835
4935
4934
4550
4450
4450
4095
4079
4079
4463
4563
4463
4463
4463
4463
5025
5380
5380
5380
5380
5380
5396
5396
5114
5114
5114
5114
5797
5897
5897
5897
5335
5574
5574
5182
5233
5233
4875
4875
4520
4260
4520
5082
5031
4576
4934
4934
4934
4934
5389
5389
5671
5671
5222
5272
5272
5272
5273
5273
5273
5273
5273
5273
5628
6077
6469
6114
6114
6114
6114
6114
6114
6114
6114
6113
6113
6113
6113
6113
6114
5875
5875
5875
5875
5875
5875
5543
5543
5594
5949
6188
6188
6188
5697
5697
6029
5769
5769
5769
5669
6160
6109
6109
6093
6092
5760
5760
5760
5760
5402
5352
5352
5403
5403
5403
5403
5735
5735
5735
5084
5084
5084
5084
5033
5133
5491
5491
5391
5391
5407
5667
5667
5667
5312
5313
5313
5297
5296
5296
5014
5665
5681
5289
5289
5050
5050
5050
5050
5050
4641
4641
5033
5133
5133
5133
5183
4825
4825
4825
4825
4876
4826
4810
4860
4860
4760
5118
5527
5036
5036
5036
5036
5036
4627
4627
5036
5037
4777
4727
4777
4777
5016
5016
5016
4966
4966
4966
4966
4966
4966
4966
4966
4965
4965
5065
5420
5420
5470
5470
5730
5398
5398
5680
5696
6187
6187
6187
6171
6171
6120
5881
5932
5932
5832
5832
5932
5548
5193
5193
5193
5432
5432
5787
5395
5787
5787
6171
5779
5779
5679
5629
5274
5274
4916
4932
5264
5314
5264
5264
5265
5265
5265
5365
5105
5365
5033
5033
5388
5388
5106
5106
5055
5055
4700
5092
5076
5127
4867
5127
5127
5485
5225
4776
4776
4776
5108
5107
5107
5556
5224
5224
5274
5556
5556
5456
5472
5472
5421
5776
5827
5827
5827
5827
5827
5827
6159
6159
6108
6108
6159
6159
6159
5704
5704
5704
5704
5422
5422
5422
5422
5522
5522
5522
5522
5190
5190
4832
4832
4833
4833
4833
4782
4220
4502
4502
4553
4503
4503
4503
4403
4403
4663
5225
5225
5583
5583
5583
5583
5092
5092
5092
5092
5424
5373
5423
5523
5523
6014
6013
6013
6013
6013
5629
5629
5629
6013
6013
5753
5753
5703
5345
5395
5395
5655
5655
5555
5555
5555
5555
5555
6010
6061
6061
6061
6061
6061
6061
6061
6061
6061
6061
6061
6061
6061
6061
5606
5606
5606
5606
5606
5606
5606
5606
5367
5367
5367
5822
6061
6061
6011
5960
5960
5960
5960
5960
6060
6060
6060
6060
6044
6045
6045
6061
6061
6111
6111
6111
5662
5662
5662
5661
5712
5662
5712
5712
5696
5696
5696
5696
5341
5341
5241
5596
5596
5596
5596
5597
5597
5597
6046
6046
6046
6046
6046
6404
6404
6165
6165
6165
6165
6165
6181
6165
6165
6165
6165
6165
6165
6404
6404
6404
6404
6404
6404
6404
6354
6454
6122
6121
6121
6122
6172
6172
6188
5928
5689
5638
5638
5638
5638
5638
5638
5638
5638
5638
5638
5638
5898
6230
6230
6230
5781
5389
5373
5389
5339
5339
5389
5389
5628
5628
5628
5628
5628
5628
5628
5628
5628
6020
6020
6020
6020
5970
5969
5969
5969
5730
5731
5731
5731
5731
5731
5731
5731
5730
5730
5730
5730
5730
5730
5730
5731
5731
5970
5970
5612
5512
5512
5512
5612
5663
5662
5171
4816
4765
4816
4816
5171
5171
5529
6020
6021
6021
6021
6021
6021
6021
5689
5689
5638
5638
5638
5280
5280
5729
5729
5729
5729
5345
5729
5345
5345
5345
5677
5676
6034
6034
6034
6034
6034
6034
6034
6034
5579
5580
5580
5964
5964
5963
5963
5631
5069
5069
5119
5119
5119
5119
5103
5119
5069
4787
4838
4838
4888
4888
4889
5451
5733
5494
5494
5494
5494
5494
5494
5494
5494
5949
5949
6281
6520
6420
6420
6419
6419
6035
6035
6135
6135
6135
6135
5853
5853
5853
6135
6135
6135
6135
6135
6135
6119
6135
6135
6135
6135
6135
6135
6135
6085
6085
6085
5636
5636
5585
5585
5585
5585
5585
5585
5585
5585
5585
5585
5230
5230
5230
5679
5679
6063
6063
6063
6063
6064
6419
6403
6403
6419
6403
6419
6159
5801
5409
5393
5393
5393
5393
5393
5393
5393
5653
5704
5422
5421
5421
5421
5370
5370
5370
5370
5370
5370
5110
5468
5468
4977
5259
5259
5259
5310
5310
5360
5360
5360
5360
5360
5309
5310
5361
5361
5361
5361
5261
5261
5261
5261
5261
5653
5653
5653
5653
5653
5653
5602
5602
5602
5218
4979
4978
4978
4978
5469
5469
5708
5724
6108
6058
6318
5926
5926
5666
5666
5666
5716
5816
5816
5816
5817
5817
5817
5817
5817
5767
6027
6027
6027
6027
6027
6077
6077
6077
6077
5719
5669
5285
5269
5269
5269
5269
5661
5677
5677
5677
5677
5677
5677
6035
6035
6035
6035
6034
6085
6085
6085
6469
6469
5786
5786
5786
5770
5820
5820
5820
5820
5820
5820
5820
5820
5820
5820
5820
5770
5770
5415
5031
5031
5031
5031
5031
5031
5031
5031
5081
5081
5465
6148
6149
6149
6149
6149
6149
6149
6165
6065
6065
6065
6065
6015
6015
6015
6015
6115
6114
6114
6164
6519
6519
6519
6519
6519
6503
6503
6503
6503
6503
6119
6119
6135
6135
6135
6035
6035
6036
6136
6136
6136
6135
6135
6135
6135
6519
6519
6503
6503
6503
6503
6503
6503
6503
6503
6519
6519
6503
6403
6404
6420
6420
6420
6369
6369
6369
6369
6369
6369
6369
6369
6420
6420
6420
6419
6419
6419
6419
6419
6419
6419
6419
6403
6404
6404
6144
6144
6144
6144
6144
6144
6094
6094
6094
6194
6194
6194
6194
6194
6194
5912
5912
5912
5912
5912
5861
5861
5861
5469
5469
5485
5469
5861
5861
5861
5861
5861
6143
6143
6143
5688
5688
5688
5688
5333
5333
5333
5333
5333
5383
5738
5738
5738
5499
5499
5499
5499
5499
5515
5515
5754
6014
6014
6014
6014
6014
6014
5630
6085
6085
6085
6085
6085
6469
6369
6369
6369
6369
6369
6420
6420
6369
6420
6420
6420
6420
6419
6137
6137
6137
6137
6138
6138
6138
6138
6138
6138
6238
6238
5880
6162
5902
5902
5802
5802
5802
5752
5752
5752
5752
5802
5802
5751
5751
5751
5751
5751
5735
5995
5995
5995
6011
6011
6011
6011
6011
6011
6010
6061
5822
5822
5822
5822
5823
5823
5823
5823
5823
5823
5923
5923
5923
5923
5872
5872
5872
5871
5871
5871
6110
6110
6110
6110
6111
6111
6111
6111
6111
6111
6111
6111
6111
6111
5872
5872
6111
6111
6011
6011
5995
5995
5995
5995
6011
5619
5619
5619
5619
5619
5619
5619
5670
5670
5670
5670
5654
5654
6012
6012
6012
6012
6012
6012
6012
6028
6028
5978
5962
6354
6354
6354
6354
6404
6404
6404
6404
6404
6403
6403
6403
6403
6403
6403
6353
6353
6353
6353
6353
6353
6453
6453
6453
6453
6469
6469
6469
6469
6470
6470
6470
6470
6210
6210
6159
6159
6159
6159
6159
6159
6158
6158
6158
6158
6158
6209
6210
6260
6260
6520
6520
6520
6520
6520
6520
6520
6519
6519
6503
6503
6503
6504
6454
6504
6504
6504
6503
6403
6403
6403
6403
6403
6353
6353
6353
6353
6302
6352
6352
6352
6352
6352
6352
6403
6403
6403
6403
6403
6352
6368
6419
6419
6419
6419
6419
6419
6419
6419
6420
6420
6419
6419
6419
6419
6420
6420
6420
6420
6420
6420
6420
6404
6404
6404
6404
6404
6404
6404
6404
6404
6404
6404
6404
6404
6404
6353
6353
6353
6353
6353
6353
6353
6303
6303
6303
6403
6403
6403
6403
6403
6403
6454
6453
6453
6453
6453
6453
6453
6453
6453
6453
6402
6402
6418
6418
6418
6418
6418
6418
6418
6418
6418
6419
6403
6403
6402
6402
6402
6402
6402
6402
6402
6402
6418
6418
6418
6418
6402
6402
6402
6402
6402
6302
6302
6302
6302
6302
6302
6302
6402
6418
6418
6418
6418
6418
6418
6418
6469
6469
6469
6469
6469
6469
6137
6137
6137
6137
6137
6137
6137
6138
6138
6138
6122
5862
5862
5862
5862
5862
5504
5554
5554
5503
5502
5834
5595
5595
5834
5834
5834
5834
5834
5835
5835
5835
6095
6095
6095
6095
6453
6453
6403
6403
6403
6403
6453
6453
6453
6453
6453
6452
6452
6452
6452
6452
6452
6452
6452
6452
6452
6503
6503
6503
6503
6503
6503
6503
6503
6503
6403
6404
6404
6404
6353
6353
6369
6469
6469
6209
6209
6209
6209
6209
6209
6209
6209
6209
6209
6209
6209
6193
6193
6193
6193
6193
6193
6193
6193
6143
6159
6159
6159
6159
6159
6159
6419
6418
6418
6418
6468
6418
6418
6418
6034
6034
6034
6034
6034
6034
6084
6085
6085
6085
6136
6136
6136
6136
6136
6136
5681
5681
5681
5631
5631
5239
5239
5631
5631
5631
5631
5631
5631
5631
5631
5631
5531
5531
5531
5531
5531
5531
5631
5631
5631
5631
5630
5630
5630
6014
6014
6014
6469
6469
6453
6453
6453
6402
6402
6453
6402
6402
6402
6418
6418
6418
6418
6419
6470
6520
6520
6504
6504
6504
6504
6504
6504
6504
6504
6504
6404
6404
6404
6404
6404
6404
6354
6354
6353
6353
6403
6404
6504
6504
6504
6504
6504
6504
6504
6504
6504
6504
6504
6112
6111
6112
6112
6112
6112
6112
6128
6128
6520
6470
6470
6470
6470
6470
6470
6470
6454
6454
6096
6454
6454
6454
6454
6504
6504
6503
6503
6504
6454
6470
6469
6469
6469
6469
6453
6453
6453
6453
6453
6469
6469
6469
6469
6469
6469
6469
6418
6418
6418
6418
6418
6418
6418
6418
6418
6418
6418
6418
6418
6418
6419
6419
6419
6419
6419
6419
6418
6418
6469
6469
6469
6453
6453
6453
6453
6453
6454
6454
6454
6454
6454
6122
6122
6122
6122
6122
6122
6122
6122
6022
6022
6022
5971
6021
6072
6072
6072
6072
6072
6072
6072
6071
6071
6071
6071
6071
6087
6087
6071
6071
6072
6072
6072
6072
6072
6072
6072
6072
6072
6072
6072
6088
6088
6087
6087
6087
6087
6087
6036
6036
6036
6036
6036
6036
6087
6087
6087
6087
6187
6187
6187
6187
6187
6087
6087
6071
6171
6171
6171
6171
6171
6171
6503
6503
6503
6503
6403
6403
6403
6403
6403
6164
6403
6403
6403
6403
6403
6403
6403
6403
6352
6352
6352
6352
6352
6302
6302
6402
6402
6402
6402
6010
6402
6402
6418
6418
6418
6418
6418
6418
6418
6418
6418
6418
6418
6468
6469
6469
6469
6468
6468
6469
6469
6469
6520
6162
6162
6162
6162
6162
6162
6162
6162
6162
6162
6112
6112
6162
6162
6162
6162
6162
6162
6162
6162
6162
6162
6162
6162
6111
6110
6110
6110
6110
5850
5800
5800
5800
5850
5850
5850
5850
5850
5850
5850
5800
5800
5700
5700
5700
5700
5750
5751
5751
5751
5751
5751
5751
5851
5851
5851
5851
6209
5970
5970
5970
5970
5970
5970
5970
5954
5970
5970
5969
5969
6020
6280
6281
6280
6280
6280
6280
6280
6280
6280
6519
6519
6519
6519
6519
6520
6520
6520
6504
6504
6504
6504
6504
6504
6504
6504
6504
6504
6504
6503
6503
6403
6503
6503
6503
6503
6403
6403
6403
6403
6353
6354
6354
6354
6354
6354
6354
6370
6370
6370
6131
6131
6131
6131
6131
6131
6131
6115
6354
6354
6354
6354
6354
6354
6354
6354
6354
6354
6354
6354
6354
6354
6354
6354
6354
6354
6354
6370
6370
6370
6370
6370
6470
6470
6520
6519
6519
6519
6519
6519
6468
6468
6468
6468
6468
6468
6468
6468
6468
6468
6468
6468
6468
6468
6468
6468
6469
6469
6469
6469
6469
6469
6469
6469
6469
6469
6469
6469
6469
6469
6419
6419
6419
6419
6419
6419
6419
6419
6419
6419
6419
6469
6469
6469
6469
6469
6469
6469
6469
6453
6453
6453
6453
6452
6452
6452
6452
6468
6468
6452
6452
6452
6452
6452
6352
6452
6452
6452
6468
6519
6519
6519
6519
6519
6519
6519
6519
6519
6519
6519
6519
6519
6503
6503
6403
6403
6403
6403
6503
6403
6403
6404
6404
6404
6404
6404
6404
6404
6404
6404
6404
6404
6403
6403
6403
6404
6404
6404
6404
6404
6404
6404
6404
6404
6404
6404
6404
6404
6403
6403
6419
6420
6370
6370
6370
6370
6370
6370
6370
6370
6370
6370
6370
6370
6354
6354
6354
6354
6354
6354
6454
6454
6454
6454
6454
6454
6454
6454
6454
6454
6454
6454
6454
6454
6504
6504
6504
6504
6453
6353
6353
6353
6353
6353
6353
6353
6369
6369
6369
6369
6369
6369
6369
6369
6369
6368
6352
6403
6403
6403
6404
6404
6404
6404
6404
6404
6404
6404
6404
6403
6404
6354
6370
6370
6370
6370
6370
6370
6370
6370
6370
6354
6370
6370
6370
6370
6369
6369
6353
6369
6353
6302
6302
6303
6303
6303
6303
6303
6303
6319
6319
6059
6319
6319
6319
6319
6419
6419
6419
6419
6419
6419
6403
6403
6453
6453
6171
6171
6171
6171
6453
6453
6504
6504
6504
6504
6504
6504
6504
6504
6504
6504
6504
6504
6504
6504
6453
6453
6453
6452
6503
6503
6403
6403
6403
6403
6403
6403
6403
6503
6452
6453
6453
6453
6453
6453
6453
6453
6469
6469
6469
6520
6520
6520
6281
6520
6520
6520
6520
6520
6520
6520
6520
6520
6520
6520
6520
6520
6520
6520
6520
6520
6520
6520
6520
6504
6504
6504
6520
6520
6520
6520
6520
6520
6520
6520
6520
6520
6520
6520
6520
6520
6520
6520
6520
6520
6520
6520
6520
6520
6520
6519
6519
6519
6519
6519
6520
6520
6520
6520
6470
6470
6470
6470
6470
6470
6520
6520
6520
6520
6520
6504
6504
6504
6504
6504
6504
6504
6504
6504
6453
6453
6453
6453
6453
6453
6453
6453
6453
6453
6453
6453
6453
6504
6504
6503
6503
6503
6503
6503
6503
6503
6503
6519
6520
6520
6520
6504
6504
6504
6504
6504
6504
6504
6504
6504
6504
6504
6504
6504
6503
6503
6503
6503
6503
6503
6503
6503
6504
6504
6520
6520
6520
6520
6520
6520
6520
6520
6520
6520
6520
6520
6469
6469
6520
6520
6519
6503
6503
6503
6503
6503
6503
6503
6503
6503
6503
6519
6519
6519
6519
6519
6519
6519
6520
6520
6520
6469
6469
6468
6468
6468
6468
6468
6468
6468
6468
6468
6468
6468
6468
6468
6468
6468
6468
6468
6468
6468
6468
6468
6468
6468
6468
6468
6468
6468
6468
6452
6452
6452
6097
6148
6148
6148
6148
6148
6148
6148
6148
6098
6148
6148
6148
6148
6148
6148
6164
6164
6164
6164
6164
6164
6519
6519
6519
6519
6519
6519
6519
6519
6519
6519
6419
6419
6419
6419
6419
6419
6519
6519
6519
6519
6519
6519
6520
6520
6520
6520
6519
6519
6519
6419
6419
6419
6419
6419
6419
6419
6419
6419
6419
6419
6420
6420
6420
6420
6420
6420
6420
6420
6420
6404
6420
6420
6420
6420
6420
6420
6420
6420
6520
6520
6520
6520
6520
6520
6520
6520
6520
6520
6420
6420
6420
6420
6420
6420
6420
6420
6420
6420
6420
6420
6420
6420
6420
6420
6420
6420
6419
6419
6519
6519
6519
6519
6519
6519
6519
6519
6519
6519
6519
6519
6519
6519
6519
6519
6519
6520
6470
6469
6469
6469
6469
6469
6469
6469
6469
6469
6469
6469
6469
6469
6469
6469
6469
6469
6230
6230
6280
6280
6519
6519
6519
6519
6519
6519
6519
6519
6519
6519
6519
6519
6503
6453
6453
6454
6454
6454
6454
6454
6454
6470
6470
6470
6470
6470
6470
6470
6469
6469
6469
6469
6469
6469
6469
6469
6469
6469
6469
6418
6418
6418
6418
6419
6418
6418
6418
6469
6469
6469
6469
6469
6469
6453
6453
6469
6469
6469
6469
6469
6469
6469
6418
6418
6418
6418
6418
6418
6419
6419
6470
6470
6470
6470
6470
6470
6470
6470
6520
6520
6520
6520
6520
6520
6520
6520
6520
6520
6520
6520
6520
6520
6520
6519
6519
6520
6420
6420
6420
6420
6420
6420
6420
6420
6420
6420
6420
6420
6419
6419
6419
6419
6419
6419
6419
6419
6369
6369
6369
6369
6369
6469
6469
6469
6469
6469
6469
6469
6469
6470
6469
6469
6469
6469
6469
6469
6470
6470
6470
6470
6454
6454
6454
6454
6454
6454
6403
6403
6403
6453
6453
6453
6453
6453
6453
6453
6453
6453
6453
6453
6453
6453
6453
6453
6453
6469
6453
6504
6504
6504
6504
6454
6454
6454
6454
6454
6454
6453
6453
6453
6453
6453
6453
6453
6453
6453
6453
6453
6453
6453
6453
6453
6353
6403
6403
6404
6404
6404
6404
6404
6404
6404
6353
6453
6453
6453
6453
6453
6453
6453
6504
6504
6504
6504
6504
6504
6504
6504
6504
6504
6504
6504
6453
6453
6452
6452
6452
6452
6452
6452
6503
6504
6504
6504
6504
6504
6504
6504
6504
6504
6504
6504
6520
6520
6520
6420
6420
6420
6420
6420
6420
6420
6420
6420
6420
6420
6420
6420
6420
6420
6420
6420
6520
6520
6520
6520
6520
6520
6520
6520
6520
6520
6520
6519
6519
6519
6519
6519
6519
6468
6469
6469
6469
6469
6469
6469
6468
6468
6468
6468
6468
6468
6468
6468
6468
6468
6468
6452
6452
6452
6452
6453
6453
6453
6453
6453
6453
6453
6453
6469
6520
6520
6520
6520
6520
6520
6520
6520
6520
6520
6520
6520
6520
6520
6520
6519
6520
6520
6520
6520
6520
6520
6520
6420
6420
6420
6404
6420
6420
6420
6419
6419
6419
6369
6369
6353
6369
6369
6369
6369
6369
6369
6369
6370
6370
6370
6470
6470
6469
6469
6469
6469
6469
6469
6469
6469
6469
6469
6519
6519
6519
6519
6519
6519
6520
6520
6520
6520
6520
6520
6520
6520
6520
6520
6520
6520
6520
6520
6520
6520
6520
6520
6520
6520
6519
6519
6519
6519
6519
6519
6519
6519
6469
6519
6519
6520
6520
6470
6470
6454
6454
6454
6454
6454
6454
6454
6454
6454
6454
6454
6454
6454
6454
6454
6454
6454
6454
6454
6454
6454
6454
6454
6454
6454
6454
6504
6504
6504
6504
6504
6504
6520
6520
6520
6520
6520
6520
6520
6520
6520
6520
6520
6520
6520
6520
6504
6504
6503
6403
6403
6403
6403
6403
6352
6352
6352
6353
6353
6353
6353
6353
6404
6404
6404
6404
6404
6404
6404
6404
6404
6404
6404
6404
6404
6404
6404
6404
6404
6404
6404
6404
6404
6404
6404
6404
6404
6504
6504
6504
6504
6504
6504
6503
6519
6519
6519
6519
6519
6519
6519
6519
6519
6519
6519
6519
6519
6519
6519
6519
6519
6519
6519
6519
6519
6519
6519
6519
6519
6519
6520
6520
6520
6520
6520
6520
6520
6520
6520
6520
6520
6520
6520
6520
6520
6520
6520
6520
6519
6519
6519
6520
6520
6520
6520
6520
6520
6520
6520
6520
6520
6520
6520
6520
6520
6520
6520
6520
6520
6520
6520
6520
6520
6520
6520
6520
6520
6504
6504
6504
6504
6453
6453
6453
6453
6453
6452
6402
6452
6352
6352
6352
6352
6352
6352
6352
6352
6352
6352
6403
6403
6403
6403
6403
6404
6404
6404
6404
6404
6404
6404
6404
6404
6404
6420
6420
6420
6420
6420
6420
6520
6520
6519
6519
6519
6520
6520
6520
6420
6420
6420
6420
6420
6370
6370
6370
6470
6469
6469
6469
6469
6469
6469
6469
6469
6469
6469
6469
6469
6469
6469
6469
6469
6470
6470
6470
6470
6454
6454
6454
6454
6470
6470
6370
6370
6370
6370
6370
6370
6370
6370
6370
6370
6370
6370
6370
6370
6370
6370
6370
6370
6370
6370
6370
6370
6370
6354
6354
6354
6354
6354
6354
6354
6354
6354
6354
6404
6404
6404
6504
6504
6504
6504
6504
6504
6504
6454
6454
6454
6504
6504
6504
6504
6504
6504
6503
6503
6503
6519
6519
6519
6519
6519
6519
6519
6519
6519
6469
6469
6469
6469
6469
6469
6469
6469
6470
6470
6470
6470
6470
6469
6469
6469
6469
6469
6469
6469
6469
6469
6469
6470
6470
6470
6470
6470
6470
6469
6469
6469
6469
6470
6470
6470
6470
6520
6520
6520
6520
6504
6504
6504
6504
6503
6503
6504
6503
6503
6503
6503
6503
6519
6519
6520
6520
6520
6520
6520
6520
6520
6520
6520
6520
6520
6520
6520
6520
6520
6520
6520
6519
6519
6519
6519
6519
6519
6520
6520
6520
6520
6520
6520
6520
6520
6520
6520
6520
6520
6520
6520
6520
6520
6520
6520
6520
6520
6520
6520
6520
6520
6520
6520
6520
6520
6520
6520
6520
6520
6520
6520
6520
6504
6504
6504
6504
6504
6504
6504
6504
6504
6504
6504
6504
6503
6403
6403
6419
6519
6520
6520
6520
6520
6520
6520
6520
6520
6520
6520
6520
6520
6520
6520
6520
6520
6520
6520
6520
6520
6520
6520
6520
6520
6519
6520
6520
6520
6520
6520
6520
6520
6520
6520
6520
6520
6520
6520
6520
6520
6520
6520
6520
6520
6520
6520
6520
6520
6520
6520
6520
6519
6519
6519
6519
6519
6519
6519
6519
6519
6519
6519
6503
6503
6403
6403
6404
6403
6403
6352
6352
6352
6352
6352
6352
6352
6352
6352
6352
6352
6352
6352
6352
6352
6352
6452
6453
6453
6453
6453
6469
6520
6520
6520
6520
6520
6520
6520
6520
6520
6520
6520
6520
6519
6519
6519
6519
6520
6520
6520
6520
6520
6520
6520
6520
6520
6520
6519
6520
6520
6519
6519
6520
6520
6520
6520
6520
6520
6520
6520
6520
6520
6520
6520
6520
6520
6520
6520
6520
6520
6520
6520
6520
6520
6520
6520
6504
6504
6504
6504
6520
6520
6520
6520
6520
6520
6520
6520
6520
6504
6504
6504
6504
6504
6504
6504
6504
6503
6503
6503
6504
6503
6503
6503
6503
6503
6403
6403
6403
6403
6403
6403
6403
6404
6404
6404
6404
6404
6404
6404
6404
6404
6404
6504
6504
6503
6504
6520
6520
6520
6520
6520
6520
6520
6520
6520
6520
6520
6520
6520
6520
6520
6520
6520
6520
6520
6520
6520
6520
6520
6520
6520
6520
6520
6520
6520
6520
6520
6469
6469
6469
6469
6469
6469
6469
6469
6469
6469
6469
6469
6469
6469
6468
6468
6468
6468
6468
6468
6468
6468
6468
6468
6519
6519
6519
6519
6519
6519
6519
6503
6503
6403
6403
6403
6403
6403
6403
6403
6403
6403
6403
6403
6403
6403
6403
6403
6403
6419
6419
6419
6419
6419
6519
6519
6519
6519
6519
6503
6503
6519
6503
6503
6503
6503
6504
6504
6504
6504
6504
6520
6519
6519
6519
6519
6519
6519
6519
6503
6503
6503
6403
6403
6403
6403
6419
6403
6403
6403
6403
6403
6403
6403
6403
6403
6403
6403
6403
6403
6403
6403
6403
6404
6404
6404
6404
6404
6404
6404
6404
6353
6352
6352
6452
6452
6452
6452
6452
6452
6453
6453
6453
6453
6453
6453
6453
6453
6453
6453
6453
6453
6453
6453
6453
6453
6453
6453
6453
6453
6453
6453
6453
6453
6453
6453
6453
6453
6453
6453
6453
6453
6453
6453
6453
6453
6453
6453
6453
6453
6453
6469
6469
6469
6469
6469
6469
6469
6469
6520
6520
6519
6519
6520
6520
6520
6520
6520
6520
6520
6520
6520
6520
6520
6520
6520
6520
6520
6520
6520
6520
6520
6520
6520
6520
6520
6469
6469
6520
6520
6520
6520
6520
6520
6520
6520
6520
6520
6520
6520
6520
6520
6519
6519
6519
6519
6519
6519
6519
6468
6468
6468
6468
6468
6468
6468
6468
6468
6468
6468
6468
6468
6519
6519
6519
6519
6519
6519
6519
6519
6520
6520
6520
6520
6520
6520
6520
6520
6520
6520
6520
6520
6520
6520
6520
6520
6520
6520
6520
6520
6520
6520
6520
6520
6520
6520
6520
6520
6520
6520
6520
6520
6520
6520
6520
6520
6519
6519
6519
6519
6519
6519
6519
6519
6519
6520
6520
6520
6520
6520
6520
6520
6520
6520
6520
6520
6520
6520
6520
6520
6520
6520
6520
6520
6520
6519
6519
6519
6519
6519
6519
6519
6519
6519
6519
6519
6519
6519
6519
6519
6519
6519
6519
6519
6519
6519
6519
6519
6519
6519
6519
6519
6519
6519
6519
6519
6519
6503
6503
6503
6503
6503
6503
6503
6503
6503
6503
6503
6503
6503
6503
6503
6503
6403
6403
6403
6403
6403
6403
6403
6403
6403
6403
6503
6503
6503
6503
6503
6503
6503
6503
6503
6503
6503
6503
6503
6503
6503
6503
6503
6503
6503
6503
6504
6504
6504
6504
6504
6504
6504
6504
6504
6504
6504
6504
6504
6504
6504
6504
6504
6504
6504
6504
6504
6504
6504
6504
6504
6504
6504
6504
6503
6503
6519
6519
6519
6519
6519
6519
6519
6519
6519
6519
6503
6503
6503
6503
6503
6503
6403
6503
6503
6519
6519
6519
6519
6519
6520
6520
6520
6504
6504
6504
6504
6504
6503
6503
6503
6503
6503
6503
6504
6520
6520
6520
6520
6520
6520
6520
6520
6520
6520
6520
6520
6520
6520
6520
6520
6520
6520
6520
6520
6520
6520
6520
6520
6519
6519
6519
6519
6519
6519
6519
6519
6519
6519
6520
6520
6520
6520
6520
6520
6520
6520
6520
6520
6520
6520
6520
6520
6520
6520
6520
6520
6520
6520
6520
6520
6520
6519
6519
6519
6519
6519
6519
6519
6519
6519
6519
6519
6519
6519
6519
6503
6503
6503
6403
6403
6403
6403
6403
6403
6403
6403
6403
6403
6403
6403
6419
6419
6419
6419
6419
6419
6419
6419
6419
6419
6419
6419
6419
6420
6420
6420
6420
6420
6420
6420
6420
6420
6420
6420
6420
6404
6404
6404
6403
6404
6404
6404
6404
6404
6404
6404
6404
6404
6404
6404
6404
6404
6404
6404
6404
6404
6404
6404
6404
6404
6404
6404
6404
6404
6404
6404
6404
6404
6404
6404
6504
6520
6520
6520
6520
6520
6520
6520
6520
6520
6520
6520
6520
6520
6520
6520
6520
6520
6520
6520
6520
6520
6520
6520
6520
6520
6520
6520
6520
6520
6520
6519
6519
6519
6519
6520
6520
6520
6520
6520
6520
6520
6520
6520
6520
6504
6504
6504
6504
6504
6504
6504
6504
6504
6504
6504
6504
6504
6504
6504
6504
6503
6403
6403
6403
6403
6403
6403
6403
6403
6503
6503
6503
6503
6503
6503
6503
6503
6503
6503
6503
6503
6503
6503
6503
6503
6503
6503
6519
6519
6519
6519
6519
6519
6519
6519
6519
6519
6519
6519
6519
6519
6519
6519
6519
6519
6519
6519
6519
6503
6503
6503
6503
6503
6519
6519
6519
6519
6519
6519
6519
6520
6520
6520
6520
6520
6520
6520
6519
6519
6519
6519
6519
6519
6519
6503
6503
6503
6503
6519
6519
6519
6519
6519
6519
6519
6519
6519
6519
6519
6519
6519
6519
6519
6519
6519
6519
6519
6519
6519
6519
6519
6519
6519
6519
6519
6519
6519
6519
6519
6519
6520
6520
6520
6520
6520
6520
6520
6520
6520
6520
6520
6520
6520
6520
6520
6520
6520
6519
6519
6519
6519
6519
6519
6520
6520
6520
6520
6520
6520
6520
6520
6520
6520
6520
6520
6520
6520
6520
6520
6520
6520
6520
6520
6520
6520
6520
6520
6520
6520
6520
6520
6520
6520
6520
6520
6520
6520
6519
6519
6469
6469
6469
6519
6519
6519
6519
6519
6520
6519
6519
6519
6519
6519
6519
6519
6519
6519
6519
6519
6519
6519
6519
6519
6519
6519
6519
6519
6519
6519
6519
6519
6520
6520
6504
6504
6504
6504
6504
6504
6504
6504
6504
6504
6504
6504
6504
6504
6504
6504
6504
6504
6504
6504
6504
6504
6504
6504
6504
6504
6504
6520
6520
6520
6520
6520
6520
6520
6520
6520
6520
6520
6520
6520
6520
6520
6520
6520
6520
6520
6520
6520
6520
6520
6520
6520
6504
6504
6504
6504
6504
6504
6504
6504
6504
6504
6504
6503
6504
6504
6504
6504
6504
6504
6504
6504
6504
6504
6504
6504
6504
6504
6504
6504
6504
6504
6504
6504
6504
6504
6504
6520
6520
6520
6520
6520
6520
6520
6520
6520
6520
6520
6520
6520
6520
6520
6520
6520
6519
6519
6519
6519
6519
6519
6519
6519
6519
6519
6519
6519
6519
6519
6519
6519
6519
6519
6519
6519
6520
6520
6520
6520
6520
6520
6519
6519
6519
6519
6519
6519
6519
6519
6519
6519
6519
6519
6519
6519
6520
6520
6520
6520
6520
6519
6519
6519
6519
6519
6519
6519
6520
6520
6520
6520
6520
6520
6520
6520
6520
6520
6520
6520
6520
6520
6520
6519
6519
6519
6519
6519
6519
6519
6519
6519
6519
6519
6519
6519
6519
6519
6519
6519
6519
6519
6519
6519
6520
6520
6520
6520
6520
6520
6520
6520
6520
6520
6520
6520
6520
6520
6520
6520
6520
6520
6520
6520
6520
6520
6520
6519
6519
6519
6519
6520
6520
6520
6520
6520
6520
6520
6520
6520
6520
6520
6520
6520
6520
6520
6520
6520
6520
6519
6519
6519
6519
6519
6519
6519
6519
6519
6519
6519
6519
6519
6519
6519
6519
6519
6519
6519
6519
6519
6519
6519
6519
6519
6519
6519
6519
6519
6519
6519
6519
6520
6520
6520
6520
6520
6520
6520
6520
6520
6520
6520
6504
6504
6504
6504
6504
6504
6504
6504
6504
6520
6520
6520
6520
6520
6520
6520
6520
6520
6520
6520
6520
6520
6520
6520
6520
6520
6520
6520
6520
6520
6520
6520
6520
6520
6520
6519
6519
6519
6519
6519
6519
6519
6519
6519
6519
6519
6519
6519
6519
6519
6519
6519
6519
6519
6519
6519
6519
6519
6519
6519
6519
6519
6519
6519
6519
6519
6519
6519
6520
6520
6520
6520
6520
6520
6520
6520
6520
6520
6520
6520
6520
6520
6520
6520
6520
6520
6520
6520
6520
6519
6519
6519
6519
6519
6520
6520
6520
6520
6520
6520
6520
6520
6520
6520
6520
6520
6520
6520
6520
6520
6520
6520
6520
6520
6520
6520
6520
6520
6520
6469
6453
6453
6453
6453
6469
6469
6469
6520
6520
6520
6520
6520
6520
6520
6520
6520
6520
6519
6519
6519
6519
6519
6519
6519
6519
6519
6519
6519
6519
6519
6520
6520
6520
6520
6520
6520
6520
6520
6520
6520
6520
6520
6520
6520
6520
6520
6520
6520
6520
6520
6520
6520
6520
6520
6520
6520
6520
6520
6520
6520
6520
6520
6519
6519
6519
6519
6519
6519
6519
6519
6519
6519
6519
6519
6519
6503
6503
6503
6504
6504
6504
6504
6504
6504
6504
6504
6504
6504
6504
6504
6504
6520
6520
6520
6520
6520
6520
6520
6520
6520
6520
6520
6520
6520
6520
6520
6520
6520
6520
6520
6520
6520
6520
6520
6520
6520
6520
6520
6520
6520
6520
6520
6520
6520
6520
6520
6520
6520
6520
6520
6520
6520
6520
6520
6520
6520
6520
6520
6520
6520
6520
6520
6520
6520
6520
6520
6520
6520
6520
6520
6520
6520
6520
6504
6503
6503
6503
6503
6503
6503
6503
6503
6519
6519
6519
6519
6519
6519
6519
6519
6519
6519
6519
6519
6519
6519
6519
6519
6519
6519
6519
6519
6519
6519
6519
6519
6519
6519
6519
6519
6519
6519
6519
6519
6519
6519
6519
6519
6520
6520
6520
6520
6520
6520
6520
6520
6520
6520
6520
6520
6520
6520
6520
6520
6520
6520
6520
6520
6520
6520
6520
6520
6520
6520
6520
6520
6520
6519
6519
6519
6519
6519
6519
6519
6519
6519
6519
6519
6519
6519
6519
6519
6519
6519
6519
6519
6519
6519
6519
6519
6519
6519
6519
6519
6519
6519
6519
6519
6519
6519
6519
6519
6519
6519
6519
6519
6519
6519
6519
6519
6519
6519
6519
6519
6519
6519
6519
6519
6519
6519
6519
6519
6519
6519
6519
6519
6519
6519
6519
6519
6519
6519
6519
6519
6519
6519
6519
6519
6519
6519
6519
6519
6519
6519
6519
6519
6519
6519
6519
6519
6519
6519
6519
6519
6519
6519
6519
6519
6520
6520
6520
6519
6519
6519
6519
6519
6519
6519
6519
6519
6519
6519
6519
6519
6519
6519
6519
6519
6519
6519
6519
6519
6519
6519
6519
6519
6519
6519
6519
6519
6519
6519
6519
6519
6519
6519
6519
6519
6519
6519
6519
6519
6519
6519
6519
6519
6519
6519
6519
6519
6519
6519
6520
6520
6520
6520
6520
6520
6520
6520
6520
6520
6520
6520
6520
6520
6520
6520
6520
6520
6520
6520
6520
6520
6520
6520
6520
6520
6520
6520
6519
6519
6519
6519
6520
6520
6520
6520
6520
6520
6520
6520
6520
6520
6520
6520
6520
6520
6520
6520
6519
6519
6519
6519
6519
6519
6520
6520
6520
6520
6520
6520
6520
6520
6520
6520
6520
6520
6520
6520
6519
6519
6519
6519
6519
6519
6519
6519
6519
6520
6520
6520
6520
6520
6520
6520
6520
6520
6520
6520
6520
6520
6520
6520
6520
6520
6520
6520
6520
6520
6520
6520
6520
6520
6520
6520
6520
6520
6520
6520
6520
6520
6520
6520
6520
6520
6520
6520
6520
6520
6520
6520
6519
6519
6519
6519
6519
6519
6519
6519
6519
6519
6519
6519
6519
6519
6519
6519
6519
6519
6519
6519
6519
6519
6519
6519
6519
6519
6519
6519
6519
6519
6519
6519
6519
6519
6519
6519
6519
6519
6519
6519
6519
6519
6519
6519
6519
6519
6519
6520
6519
6520
6520
6520
6520
6520
6520
6519
6520
6520
6520
6520
6520
6520
6520
6520
6520
6520
6520
6520
6520
6520
6520
6520
6520
6520
6520
6520
6520
6520
6520
6520
6520
6520
6520
6520
6520
6520
6520
6520
6520
6520
6520
6520
6520
6519
6519
6519
6519
6519
6519
6519
6519
6519
6519
6519
6519
6519
6519
6520
6520
6520
6520
6520
6519
6519
6519
6519
6519
6519
6519
6519
6519
6519
6519
6519
6519
6519
6519
6519
6519
6519
6519
6519
6519
6519
6519
6519
6519
6519
6520
6520
6520
6520
6520
6520
6520
6520
6519
6519
6520
6520
6520
6520
6520
6520
6520
6520
6520
6520
6520
6520
6520
6520
6520
6520
6520
6520
6520
6520
6520
6520
6520
6520
6520
6520
6520
6520
6520
6520
6520
6520
6520
6520
6520
6520
6520
6520
6520
6520
6520
6520
6520
6520
6520
6520
6520
6520
6520
6520
6520
6520
6520
6520
6520
6520
6520
6520
6520
6520
6520
6520
6520
6520
6520
6520
6520
6520
6520
6520
6520
6520
6520
6520
6520
6520
6520
6520
6520
6520
6520
6520
6520
6520
6520
6520
6520
6520
6520
6520
6520
6520
6520
6520
6520
6520
6520
6520
6520
6520
6519
6519
6520
6520
6520
6520
6520
6520
6520
6520
6520
6519
6519
6519
6519
6519
6519
6519
6519
6519
6519
6519
6519
6519
6519
6519
6519
6519
6519
6519
6519
6519
6519
6519
6519
6519
6519
6519
6519
6519
6519
6519
6519
6519
6519
6519
6519
6519
6519
6519
6519
6519
6519
6519
6519
6519
6519
6520
6520
6520
6520
6520
6520
6520
6520
6520
6520
6520
6520
6520
6520
6520
6520
6520
6520
6520
6520
6520
6520
6520
6520
6520
6520
6520
6520
6520
6520
6520
6519
6520
6520
6520
6520
6519
6519
6519
6519
6519
6519
6519
6519
6519
6519
6519
6519
6519
6519
6519
6520
6520
6520
6520
6520
6520
6520
6520
6520
6520
6520
6520
6520
6519
6519
6519
6519
6520
6520
6520
6520
6520
6519
6519
6519
6520
6520
6520
6520
6520
6520
6520
6520
6520
6520
6520
6520
6520
6520
6520
6520
6520
6520
6520
6520
6520
6520
6520
6520
6520
6520
6520
6520
6519
6519
6519
6519
6519
6519
6519
6519
6519
6519
6519
6519
6519
6519
6519
6519
6519
6519
6519
6519
6519
6519
6519
6520
6520
6520
6520
6520
6520
6520
6520
6520
6520
6520
6520
6520
6520
6520
6520
6520
6520
6520
6520
6520
6519
6519
6519
6519
6519
6519
6519
6519
6519
6519
6519
6519
6519
6519
6519
6519
6519
6519
6519
6519
6519
6520
6520
6520
6519
6519
6519
6519
6519
6519
6519
6519
6519
6519
6519
6519
6519
6519
6519
6519
6519
6519
6519
6519
6519
6520
6520
6520
6520
6520
6519
6519
6519
6519
6519
6519
6519
6519
6520
6520
6520
6520
6520
6520
6520
6520
6520
6520
6520
6520
6520
6520
6520
6520
6520
6520
6520
6520
6520
6520
6519
6519
6519
6519
6519
6519
6520
6520
6520
6520
6520
6520
6520
6520
6520
6520
6520
6520
6520
6520
6520
6520
6520
6520
6520
6519
6519
6519
6519
6519
6520
6520
6520
6519
6519
6519
6519
6519
6519
6519
6519
6519
6519
6519
6519
6519
6519
6519
6519
6519
6519
6520
6520
6520
6520
6520
6520
6520
6520
6520
6520
6520
6520
6520
6520
6520
6520
6520
6519
6519
6519
6520
6520
6520
6520
6520
6520
6520
6520
6520
6519
6519
6519
6519
6519
6519
6519
6519
6519
6519
6519
6519
6519
6519
6519
6519
6519
6519
6519
6519
6519
6519
6519
6519
6519
6519
6519
6519
6520
6520
6520
6520
6520
6520
6520
6520
6520
6520
6520
6520
6520
6520
6520
6520
6520
6520
6520
6520
6520
6520
6520
6520
6520
6520
6520
6519
6519
6519
6519
6519
6519
6519
6519
6520
6520
6520
6520
6520
6520
6520
6520
6520
6520
6520
6520
6520
6520
6520
6520
6520
6520
6520
6520
6520
6520
6520
6520
6520
6520
6520
6520
6520
6520
6520
6520
6520
6520
6520
6520
6520
6520
6520
6520
6520
6520
6519
6519
6519
6519
6519
6519
6519
6519
6519
6519
6519
6519
6519
6519
6519
6519
6519
6519
6519
6519
6519
6519
6519
6519
6519
6519
6519
6519
6519
6519
6519
6519
6519
6519
6519
6519
6519
6519
6520
6520
6520
6520
6520
6520
6520
6520
6520
6520
6520
6520
6520
6520
6520
6520
6520
6520
6520
6520
6520
6520
6519
6519
6519
6519
6519
6519
6519
6519
6519
6519
6519
6519
6519
6519
6519
6519
6519
6519
6519
6519
6519
6519
6519
6519
6519
6519
6519
6519
6519
6519
6519
6519
6519
6519
6520
6520
6520
6520
6520
6520
6520
6520
6520
6520
6520
6520
6520
6520
6520
6520
6520
6520
6520
6520
6520
6520
6520
6520
6520
6520
6520
6520
6520
6520
6520
6520
6520
6520
6520
6520
6520
6520
6520
6520
6520
6520
6520
6520
6520
6520
6520
6520
6520
6520
6520
6520
6520
6520
6520
6520
6520
6520
6520
6520
6520
6519
6519
6519
6519
6520
6520
6520
6520
6520
6520
6520
6520
6520
6520
6520
6520
6520
6520
6519
6519
6519
6519
6519
6519
6519
6519
6519
6519
6519
6519
6519
6519
6519
6519
6519
6519
6519
6519
6519
6519
6519
6519
6519
6519
6519
6519
6520
6520
6520
6520
6520
6520
6520
6520
6520
6520
6520
6520
6520
6520
6520
6520
6520
6520
6520
6520
6520
6520
6520
6520
6520
6520
6520
6520
6520
6520
6520
6520
6520
6520
6520
6520
6519
6519
6519
6519
6519
6519
6519
6519
6519
6519
6519
6519
6519
6519
6520
6520
6520
6520
6520
6520
6520
6520
6520
6520
6520
6520
6520
6520
6520
6519
6519
6519
6519
6519
6519
6519
6519
6519
6519
6519
6519
6519
6519
6519
6519
6519
6519
6519
6519
6519
6519
6519
6519
6519
6519
6519
6519
6519
6519
6519
6519
6519
6519
6519
6519
6519
6519
6519
6519
6519
6520
6520
6520
6520
6520
6519
6519
6519
6519
6519
6519
6520
6520
6520
6520
6520
6520
6520
6520
6520
6520
6520
6520
6520
6520
6520
6520
6520
6520
6520
6520
6520
6520
6520
6520
6520
6520
6520
6520
6520
6520
6520
6520
6520
6520
6520
6520
6520
6520
6520
6520
6519
6519
6519
6519
6519
6519
6519
6519
6519
6519
6520
6520
6520
6520
6520
6520
6520
6520
6520
6520
6520
6520
6520
6519
6519
6519
6520
6520
6520
6520
6520
6520
6520
6520
6520
6520
6520
6520
6520
6520
6520
6520
6520
6520
6520
6520
6520
6520
6519
6519
6519
6519
6519
6519
6519
6519
6519
6519
6519
6519
6519
6519
6519
6519
6519
6519
6519
6519
6520
6520
6520
6520
6520
6520
6520
6520
6520
6520
6520
6520
6520
6520
6520
6520
6520
6520
6520
6520
6520
6520
6520
6520
6520
6520
6520
6520
6520
6520
6520
6520
6520
6520
6520
6520
6520
6520
6520
6520
6520
6520
6520
6520
6520
6520
6520
6520
6520
6520
6520
6520
6520
6520
6520
6520
6520
6520
6520
6520
6519
6519
6519
6519
6519
6519
6519
6519
6519
6519
6519
6519
6519
6519
6519
6519
6520
6520
6520
6520
6519
6519
6520
6520
6520
6520
6520
6520
6520
6520
6520
6520
6520
6520
6520
6520
6520
6520
6520
6520
6519
6519
6519
6519
6519
6519
6519
6519
6519
6519
6519
6519
6519
6519
6519
6519
6519
6519
6519
6519
6519
6519
6519
6519
6519
6519
6519
6519
6519
6519
6519
6519
6519
6519
6519
6519
6519
6519
6519
6519
6519
6519
6519
6519
6519
6519
6520
6520
6520
6520
6520
6520
6520
6520
6520
6520
6520
6520
6520
6520
6520
6520
6520
6520
6520
6520
6520
6519
6519
6519
6519
6519
6519
6519
6519
6519
6519
6519
6519
6519
6519
6519
6519
6519
6519
6519
6519
6519
6519
6519
6519
6519
6519
6519
6519
6519
6519
6519
6519
6519
6519
6519
6519
6519
6519
6520
6520
6520
6520
6520
6520
6520
6520
6520
6520
6520
6520
6520
6520
6520
6520
6520
6520
6520
6520
6520
6520
6520
6520
6520
6520
6520
6520
6520
6520
6520
6520
6520
6520
6520
6520
6520
6520
6520
6520
6520
6520
6520
6520
6520
6520
6520
6520
6520
6520
6520
6520
6520
6520
6520
6520
6520
6520
6520
6520
6520
6520
6520
6520
6520
6520
6520
6520
6520
6520
6520
6520
6520
6520
6520
6520
6520
6520
6520
6520
6520
6520
6520
6520
6520
6520
6520
6520
6520
6520
6520
6520
6520
6520
6520
6520
6520
6520
6520
6520
6520
6520
6520
6520
6520
6520
6520
6520
6520
6520
6520
6520
6520
6520
