3300
2920
2947
3285
3286
2962
3342
3342
3856
3454
2940
2945
3269
3242
2998
3242
3143
3657
3657
3756
3512
3511
3913
3913
4024
3913
3908
3528
3576
3174
3174
2929
2956
2955
3066
3066
3067
3311
2797
3311
3311
2875
2875
3272
3271
3172
3271
3160
3405
3405
3406
3379
3380
3136
3572
3571
3730
3571
3570
3575
3819
4221
4221
4519
4519
4519
4899
4655
4655
4317
4269
4380
4718
4718
4394
4295
3898
3271
3160
3259
3260
3657
3658
3902
3657
3981
4092
3768
3795
3843
4002
4629
4628
4517
3975
3637
3638
3394
2992
2987
3389
2762
2663
2261
2260
2260
2505
2457
1943
2345
2047
2047
2047
2095
2100
2211
2310
2310
2262
2804
2705
3003
3051
3003
3327
3327
3954
3953
3411
3459
3454
3454
3792
4306
3982
3982
3684
3170
2543
2543
3057
3057
3599
3600
3086
2706
2707
2806
2806
2707
2310
2151
2151
2395
2394
2394
2149
2248
2149
2101
2399
2796
2955
2519
2492
2381
2895
2557
2558
2558
2161
2788
2274
2274
2301
1759
1764
1812
1923
1918
2315
2414
2315
2288
2129
2129
2228
1826
1826
1853
2098
1987
1986
1986
2324
2704
2324
2324
2726
2731
2486
2486
2486
2866
2867
2819
2481
2819
2192
1812
1785
2109
2651
3031
3276
3031
3058
2814
2814
3250
2814
2814
3250
3877
4036
3937
3639
3750
3750
4048
4048
4048
4048
3612
3453
3501
3203
3203
2806
3051
2424
2938
3335
3224
3323
3567
3567
3540
4167
4166
3922
4166
4325
4623
4618
4374
4374
4485
4088
4485
4386
4630
4729
4729
5165
5165
5165
4827
4529
4015
4015
4020
3584
3042
2883
2883
3319
3346
3319
3478
3379
2999
2372
2373
2373
2671
3298
2896
2923
2764
2328
2328
2487
2487
2189
2162
2460
2301
2301
2301
2300
2459
2839
2938
2694
3032
3276
3177
3177
3579
4015
4015
4015
3618
3645
3640
3640
3640
3395
3394
3395
3494
3493
3445
3959
3959
3959
3860
3701
3674
3430
3092
2794
3336
3733
3738
3739
3984
3984
3739
3898
4143
4138
4237
3840
3681
3681
3681
3167
2540
3167
3465
3465
3220
2784
2811
2431
2431
2432
2770
2769
2471
2985
2471
2471
2471
2444
2824
2713
2614
2614
3128
3129
3129
3374
3373
3374
3672
3671
3333
3338
3735
3338
3338
3338
3386
3387
3387
2985
2985
2984
2739
3141
2817
2190
2185
2621
2107
1705
2107
2445
2043
2288
2532
2532
2152
2666
2693
3017
2503
2502
2613
2071
2071
2072
2073
2073
2700
2456
2970
3350
3449
3449
3204
3204
3363
3264
3263
3665
3506
3506
3126
2499
2743
2743
2744
2743
2748
2424
2523
2279
2821
2816
2975
2975
2948
2948
2953
2952
2947
2848
2853
2742
2583
2694
2695
2259
2260
2255
2260
2696
2691
2790
2248
2200
1902
2226
2768
2226
2127
2524
2529
2205
2304
2846
2845
2734
2298
2925
2528
2639
2687
3123
3123
2785
2785
2784
2382
2762
2763
3087
3087
3425
3827
3827
3200
3199
3199
3194
2814
2814
2715
3342
3369
3369
3528
2901
2901
3000
2486
2487
2867
2465
2979
3223
3196
3494
3739
4136
4136
4136
4136
4136
3812
3270
3672
3672
3427
3428
3048
3047
3047
2936
2935
2935
3562
3562
3463
3843
3505
3505
3510
3621
3621
3462
3462
3457
3457
3999
3951
4196
4197
3683
3684
3732
3487
3732
3732
3759
3918
3891
3990
3831
3831
3831
3783
4107
3996
3995
4154
4202
4229
4229
3687
3363
3363
3877
3632
3632
3632
3970
3726
3971
3971
3591
3591
3293
3293
3298
3299
3299
3272
3272
3596
3596
3596
3976
3976
4518
4762
4873
4900
4562
4451
4451
4352
4352
4107
4107
4107
4059
4107
4107
3480
3480
3044
2800
3098
3097
3049
2652
2652
2751
2751
3089
3486
3730
3975
3975
3730
3631
4067
3823
3309
3309
3554
3665
3665
4292
3968
3857
4181
4154
4398
4153
4180
4694
4939
4939
4615
4588
4588
4589
4588
4074
3638
3394
3394
3505
3167
3681
3681
3681
3676
3162
3162
3162
3162
3500
3120
3120
3147
3471
3851
3851
3899
3899
3561
3513
3268
3606
3705
3606
3308
3308
3309
3309
3150
3150
3586
3634
3634
3634
3633
3633
3236
3236
3209
3507
3459
3161
3188
3188
2808
2470
2850
2448
1906
1906
2150
1906
2150
2552
2651
2699
2699
2672
2428
2726
2678
3192
3589
3748
3753
3753
3998
3618
3618
3618
4160
3646
3646
3890
3889
3889
3487
3488
3515
3917
3917
3917
3672
3720
3719
3719
3720
3715
4229
4229
4567
4269
4170
3846
3798
3256
3501
3506
3506
3554
3554
3554
3653
3494
3395
3395
3395
3693
3693
3582
3244
3244
2730
2486
2730
3068
3020
3068
3041
2644
2743
3067
3581
2954
2954
3496
3495
3496
3491
3871
3898
3574
3574
3475
3039
3039
3138
3143
3143
3143
3116
2602
3229
2985
2980
2980
3224
2980
2980
2980
2985
2985
3144
3144
2742
3144
3171
3171
2873
3197
3197
2817
2817
2817
3197
3170
3414
3315
3426
3940
3940
3940
3695
3794
3794
3789
3789
4087
4039
4066
4502
4747
4747
4746
4719
4475
4177
4177
3932
3932
3933
3960
3959
4007
3627
3632
3632
3930
4175
4175
3633
3388
3632
3877
3877
3553
3151
3553
3308
3303
3308
3688
3350
3350
3052
2953
3350
3350
3449
3450
3450
3402
3402
3726
3099
3397
3397
3370
3397
3099
2663
2908
2809
2908
2908
2881
2881
2908
3246
3294
2892
2844
2844
2844
2599
2600
2648
2893
2893
2496
2932
3559
3532
3532
3096
3532
3934
3934
3934
4331
4331
3817
3493
3091
3415
3817
3420
3420
3419
3414
3414
3441
3330
2992
2944
2944
3242
3243
3785
3833
3431
3828
3828
3828
3392
3392
3391
3391
3905
3904
4340
4345
4340
3904
3904
4015
3473
3474
3229
3181
3723
4061
4061
3962
3420
3962
3935
3637
3642
3741
3741
3642
3100
3345
3234
3234
3234
3261
2747
3149
3447
3447
3420
3420
3420
3420
3421
3420
3420
3419
3039
3039
3581
3581
3608
3719
4233
4233
4233
4233
4234
4333
4088
4333
3791
3277
3118
3498
3118
3119
3278
3326
3299
3200
3200
2955
3469
3714
4094
3935
3597
2970
2970
2726
2825
3261
3162
3162
3157
3162
3051
3078
3705
4043
4038
4011
4011
4010
4009
3961
3623
3623
3671
3347
3347
3446
3066
3066
3018
3560
3940
4051
3806
3833
3722
3723
3723
3834
4172
4173
4173
4221
4194
4439
4391
4550
4874
4874
4438
4874
4536
4377
3980
3979
4317
3690
3690
3690
3717
3472
3472
3472
3036
3663
3663
3907
3907
3907
3365
3067
3067
3067
3067
3067
2956
3498
3934
3690
3690
3690
3738
3414
3414
3811
3712
3956
3554
3956
3712
4010
3983
3935
4034
4145
4390
4279
4279
4603
4847
4847
4847
4602
4602
4607
4608
4656
4220
4220
4220
4215
4214
4214
4214
4325
4214
4166
4193
3566
3565
3676
3676
3921
3822
4449
4449
4885
5044
5049
5022
4684
4732
4684
4684
4783
4810
4565
4566
4811
5149
4522
3980
3735
3491
3153
3148
3148
3775
3775
4019
3908
3610
3948
4490
4093
4094
3935
4046
4046
3935
3983
3982
3981
3579
3552
3453
3751
3910
3530
3371
3768
3768
4170
4281
4282
4662
4282
4282
4283
4283
3985
3741
3114
2790
2790
2789
2789
2789
2789
2451
2550
2550
2888
2777
2777
3021
2619
3021
3021
3022
3027
3054
3299
3458
3457
3781
3457
3021
3021
3022
3021
3132
2618
3132
3568
3409
3012
3012
3171
2833
3213
3511
3109
3109
3109
3109
3061
3061
3463
3787
3688
3688
3577
3332
3333
3089
3089
2930
2930
2930
3041
3285
3174
3222
3619
3619
3778
3751
3746
4084
3925
3411
3411
4038
4552
4552
4557
4584
4340
4313
4340
4002
3605
3281
3440
3539
3539
3440
3392
3730
3730
3730
3571
3029
3029
3426
3426
2912
3157
3156
3156
2858
2858
2422
2422
2025
2269
2268
2665
2776
2777
2776
2776
2776
2776
2875
3389
3389
3437
3410
3708
3709
3704
3709
3868
3863
3863
4299
4326
4868
4841
4841
4841
4730
4486
4486
4486
4513
4077
4077
4078
3451
3352
3451
3450
3886
3886
3886
3885
3885
3890
4517
3890
4001
4001
3599
3599
3599
3488
3243
3244
3488
3440
3441
3489
3462
3707
3608
3603
3702
4104
4131
3887
3887
3998
3618
3942
3942
3831
3831
3831
3831
3942
3545
3518
3470
3518
3518
4145
4144
3985
3990
3991
3991
4371
4272
4224
4224
3979
3979
3437
3099
2988
3015
3114
3114
3113
3272
3272
3814
3815
3815
3788
3815
3273
3273
3815
3815
4153
4153
4054
3674
3918
4017
4262
4262
4262
3635
4015
4015
4642
4206
4317
4316
3992
3478
3234
3670
3670
3643
3345
3643
3644
3485
3485
3485
3386
3485
3485
3374
3422
3323
3323
3323
3720
3819
3819
4143
4387
4387
4288
4044
4044
4071
4071
4071
4071
4585
4071
4071
4071
4044
4043
4142
4142
4142
4386
4338
4497
4398
4074
3776
3771
3882
3771
3771
3527
3771
3771
3882
3981
3981
3737
3737
3737
3195
3222
3222
3227
3227
2982
2983
3497
3497
3470
3068
3067
3365
3360
3360
3605
3929
3770
3770
4312
4714
4713
4713
4714
4714
4603
4714
4714
4714
4376
4376
4376
4376
4377
4715
4417
4576
4576
4603
4603
4602
4602
4602
4357
4362
4251
4224
4522
4125
4126
4126
3612
3639
3639
3634
3879
3990
3990
3891
3939
3939
3780
3535
3634
3878
4392
4392
4392
4365
4370
4370
4046
4045
4045
3531
3776
3935
3776
3775
3802
3802
3754
3655
3656
3755
4152
4200
4195
4196
4355
4355
4355
4354
4327
4228
4327
4228
3792
3744
3744
3743
3743
3748
3637
3638
3639
3341
3341
3341
3341
3389
3389
3384
3389
3388
3387
3339
3339
3340
3340
3776
3777
3888
3777
3532
3527
3125
3125
3224
3223
3250
3548
3449
3449
3422
3124
3172
3172
3124
3123
3637
3638
3638
3936
3309
2912
3309
3554
3554
3653
3653
3701
3700
3811
3700
3652
3653
4280
4281
4280
4682
4682
4302
4682
4709
4820
4821
4821
4821
5145
5145
5144
5117
5122
4824
4819
4305
4305
4194
3652
3657
3412
3657
3656
3332
3332
3327
3625
3466
3466
3790
3546
3705
3710
3710
3274
3274
2976
3490
3734
3635
3635
3635
3635
3635
3636
3391
3391
3391
3391
3391
3386
3386
3485
3486
3486
3513
3513
3758
4056
4056
4056
3718
3394
3394
3393
3717
3718
3718
3619
3619
4161
4161
4161
4161
4161
4166
4277
4276
3978
3979
3437
3979
3979
3465
3460
3301
3460
3459
3214
2817
3331
3767
4012
4011
4408
4706
4706
4382
4382
4481
4454
4210
4210
4210
4210
4099
4423
4761
4788
4899
4561
4402
4402
4740
4740
4740
4740
4899
4899
4904
4877
4877
4877
4877
4877
4904
4905
4905
4905
4905
4905
4905
4806
4426
4426
4474
4474
4315
3688
3688
3688
3443
3416
3796
3796
3685
3680
3680
3839
3844
3845
3844
3685
3784
3784
3811
3409
3409
3409
3654
3654
3898
4525
4525
4526
4526
4228
4387
4007
4007
4118
4520
4493
4334
4010
4308
4308
4307
4307
4307
4307
4302
4461
4462
4842
5166
5165
5165
5166
5165
5165
4841
4840
4845
4686
4687
4687
4687
5011
4767
4767
4794
4470
4371
4371
4073
4073
4025
4025
4349
4647
4620
4864
4753
4753
4752
4863
4236
4125
4236
4335
4330
4086
4086
4086
4087
4135
4140
3760
3760
3919
3621
3621
3219
3218
3219
3218
3598
3599
3626
3190
3592
3836
3837
3435
3434
3433
3434
3870
3870
4272
4272
4245
3703
3323
3703
3703
4001
4001
3890
3891
3890
3890
3645
3890
3890
3890
3890
3731
3730
3730
3731
3731
3842
3841
4383
4383
5010
5010
5010
4911
4911
4911
4912
4912
4912
4398
4398
4398
4397
4397
4397
4059
4054
4054
4054
4054
4054
4054
4054
4059
4011
4012
4111
4111
4111
4111
4449
4449
4449
4476
4449
4444
4444
4444
4444
4449
4449
4963
4962
4962
4962
4962
5010
5010
4899
4899
5058
5058
5010
4911
4911
4666
4666
4507
4508
4508
4508
4508
4508
4508
4753
4753
4752
4851
5010
5010
5010
4613
4514
4562
4514
4514
4134
4134
4161
4161
4161
4161
4209
4161
4260
4260
4657
4658
5038
5038
5033
4491
4491
4602
4575
4277
4277
4277
4277
4277
4118
4118
4123
4123
4118
4118
4118
4277
4166
4171
4072
4073
4072
4072
4183
4183
3845
3846
3894
3649
3649
3649
3648
3648
3675
3675
4217
4212
4211
4310
4310
3908
3913
4211
4549
4169
4170
4170
4122
4502
4502
4403
4403
4403
4023
3912
3912
3668
3667
3667
3912
3907
4309
4310
4310
4309
4309
3795
3843
3598
3709
3710
3710
3709
3709
3709
3661
3906
3907
4421
4421
4262
3964
4063
4443
4443
4602
4575
4623
4623
4623
3996
3672
3236
3236
3236
3236
3241
3241
3241
2844
2844
2844
3471
3133
3133
3530
3530
3530
3530
3285
3623
3623
3868
3869
3868
3868
3868
3867
3867
3867
3867
4191
4191
4218
4191
4191
4191
4191
4435
4435
4430
4457
4409
4845
4846
4819
4819
4820
4820
4820
4820
4819
4422
4422
4311
4310
4310
4066
4067
3822
4066
4066
4364
3962
3962
4073
4475
4364
4369
4370
4370
4370
4370
4369
4369
4270
4265
4292
4292
3778
3783
3783
3756
3756
3757
3856
3904
4149
4149
3811
3806
3806
3806
3806
3806
3806
3561
3899
3899
3899
3899
3899
3899
3898
3903
3904
3899
3899
3899
3898
3898
3850
3691
3936
3936
3984
3983
3935
3935
3935
3836
3836
4350
4350
4355
4355
4355
3975
3975
4355
4355
4355
4355
3953
3948
4350
4350
4351
4351
4378
4426
4426
4426
4182
4182
4187
4187
4298
4299
4299
4272
4371
4370
4370
4370
4397
4397
4396
4555
4799
4799
4700
4695
4695
4794
4794
4550
4794
4549
4549
4550
4947
4899
4800
4800
4800
4800
4800
5045
5045
5093
4691
4691
4691
4691
4690
4789
4789
4789
4630
4386
4338
4338
4338
4338
4338
4311
4359
4359
4359
4360
4249
4249
4249
3911
3666
3666
3671
3623
3868
3868
3868
3868
3979
3979
4027
4027
4027
4027
4027
3782
3782
3783
4185
4185
4185
4185
4137
4137
4136
4136
4136
4136
4135
4136
4163
4052
4052
3672
3672
3671
3373
3368
3706
3706
3706
3707
3818
3818
3818
3817
3818
3818
4062
4307
4307
4307
4307
4605
4605
4605
4764
4812
4812
4764
4764
4765
4765
4606
4654
4654
4654
4409
4568
4568
4568
4568
4948
4704
4677
4677
4677
4676
4675
4273
4517
4418
4423
4179
4131
4132
4132
4132
4132
4132
4231
4476
4503
4503
4392
4440
4440
4551
4551
4551
4524
4524
4524
4523
4767
4443
4443
4443
4444
4444
4445
4444
4444
4444
4768
4768
4523
4550
4550
4550
4550
4550
4550
4439
4439
4439
4440
4440
4281
4281
4281
4281
4281
4281
3943
4054
4054
4213
4551
4440
4043
4154
3830
3830
4075
4075
4075
4075
4399
4399
4399
4399
4155
4056
3811
4213
4186
4186
4186
4583
4583
4181
4181
4208
4307
4307
4196
4196
4195
4440
4551
4546
4545
4545
4497
4741
4741
4741
4741
4714
4714
4615
5017
5116
4871
4872
4872
4871
4876
4924
4924
4925
4925
4920
4920
4596
4596
4596
4920
4920
4920
4920
4920
4920
4622
4622
4920
4921
4921
5166
5166
5165
5192
5144
5144
5149
5150
5149
5149
5197
5197
5197
5197
5197
4683
4286
4286
4800
4800
4800
4701
4590
4590
4589
4344
4589
4562
4562
4562
4182
4182
4562
4661
4661
4661
4688
4688
4688
4443
4438
4390
4635
4635
4683
4683
4169
4169
4169
3845
3845
3686
3686
3686
3659
3659
3660
4174
4174
4571
4730
4730
4730
4729
4734
4735
4636
4234
4234
4234
4234
4234
4186
4186
3941
3989
4016
4261
4261
4260
4359
4359
4359
4359
3962
3962
3962
3962
3962
3962
4359
4360
4360
4359
4359
4359
4360
4762
4763
4762
4735
4735
4846
4798
4798
4798
4798
4798
5122
5023
5023
5018
5117
5117
5117
5117
5144
5144
5144
5144
4602
4602
4650
4650
4650
4650
5192
4565
4565
4565
4565
4565
4565
4538
4543
4543
4543
4543
4432
4432
4432
4432
4543
4543
4543
4543
4543
4570
4570
4570
4570
4570
4543
4543
4538
4538
4538
4214
4214
4214
4213
4213
4213
4214
4214
4214
4214
4214
4241
4241
4241
4240
4081
4082
4082
4082
4055
4055
3944
3971
3971
3944
3944
4103
4103
4103
4214
4214
4214
4538
4538
4538
4538
4538
4537
4537
4537
4537
4537
4537
5164
5165
5165
5166
5166
5165
5170
5170
5171
5171
5171
5171
5166
5166
5166
5166
5055
5054
4895
4895
4597
4597
4598
4597
4756
4359
4359
4364
3984
3984
3984
4011
3984
3984
3984
4095
4094
4095
4475
4475
4376
4403
4403
4292
4292
4292
4292
4292
4244
4244
4244
4244
4244
4244
3999
3972
3972
4217
4217
4244
4244
4245
4240
4240
4351
4350
4398
4497
4795
4796
4795
4796
4796
4796
4769
4769
4768
4768
4768
4768
4768
4773
4773
4529
4524
4524
4523
4523
4523
4920
4947
5191
5191
4893
4569
4542
4542
4542
4494
4792
4819
4819
4792
4792
4819
4819
4660
4660
4660
4322
4481
4482
4482
4487
4487
4825
4825
4798
4639
4639
4639
4640
4688
4688
4688
4688
4687
4687
4687
4687
4687
4687
4687
4687
4682
4682
4634
4523
4523
4682
4682
4687
4687
4735
4735
4735
4735
4730
4730
4729
4729
4729
4730
4730
4730
4841
4841
4503
4504
4456
4456
4456
4456
4456
4456
4483
4483
4483
4483
4531
4531
4531
4504
4504
4828
4828
4583
4583
4582
4582
4582
4581
4826
4826
4826
4778
4778
4783
4778
4778
4778
4778
4778
4783
4783
4783
4783
4783
4783
4783
4783
4783
4783
4783
4783
4783
4784
4784
5122
5122
5122
4963
4963
4958
4985
4986
4986
4986
4986
4986
4986
4986
4584
4584
4584
4584
4584
4583
4631
4631
4631
4790
4742
4742
4747
4742
4742
4742
4741
4741
5143
5032
5037
4657
4658
4658
4631
4631
4631
4631
4532
4912
4911
4911
4911
5010
5011
5011
5011
5122
5122
5122
5122
4784
4784
4539
4428
4476
4477
4477
4477
4815
4815
4767
4762
4762
5007
5007
5055
5055
5055
5054
5059
5059
5059
5059
5059
5059
5086
5086
5086
5197
5149
5149
5122
5023
5122
5122
4784
4784
4784
4784
4784
4685
4684
4684
4684
4684
4684
4684
4732
4733
4733
5071
5071
5071
5170
5170
5170
5170
5170
5170
5011
5010
5010
5010
5010
5037
5196
5196
5196
5196
5196
5169
5169
5169
5169
5170
5170
5170
5165
5165
5165
5165
5165
5165
5165
5165
5006
5006
5006
4958
5117
5117
5117
5122
5122
5122
5149
5149
5050
5050
5050
5050
5050
5051
5051
5051
4806
5051
5051
4806
4806
4806
4805
4805
4904
4904
4904
4905
4806
4806
4806
4647
4647
4647
4642
4642
4642
4615
4615
4615
4860
4860
4860
4615
4615
4614
4713
4958
4958
4957
4957
4957
4957
4957
4957
4957
4957
4957
4957
4957
4957
4957
4957
4957
4957
4957
4958
4958
4847
4847
4852
4847
4602
4650
4650
4650
4650
4650
4651
4650
4650
4326
4353
4109
4109
4268
4512
4512
4485
4485
4485
4485
4485
4485
4512
4836
4947
4848
4848
4847
4847
4847
4847
4847
4847
4847
4847
4847
4820
4820
4825
4825
4825
4825
4825
4825
4714
4714
4714
4715
4715
4715
4667
4667
4912
4912
4913
5024
5023
5050
5050
5050
5149
5148
5143
5143
5148
5196
5197
5170
4925
4925
4920
4920
4925
4877
5122
5023
5071
5072
5071
5070
5097
4799
5097
4661
4661
4661
4662
4662
4635
4635
4734
4734
4734
4734
4734
4734
4734
4734
4734
4734
4735
4491
4735
4735
4735
4624
4624
4623
4623
4623
4623
4623
4623
4623
4623
4623
4623
5059
5059
5054
5054
5081
5081
5081
5081
4837
4836
4788
4788
4788
4788
4793
4766
4667
4667
4668
4668
4668
4668
4668
4668
4663
4663
4668
4668
4668
4668
4668
4668
4668
4668
4779
4779
4827
4827
4827
4668
4668
4663
4663
4822
4849
4849
4849
4849
4849
4849
4849
4849
4848
4848
4848
4848
4848
4848
4853
4853
4853
5097
5092
5092
5092
5092
5092
5092
5092
5093
5093
5093
5093
5093
5093
4934
4934
4934
4934
5033
5033
5033
5033
5034
5034
5034
5034
5034
5034
5034
5193
5193
5192
5191
5080
4835
4835
4835
4835
4835
4835
5080
5081
5054
5053
5053
5058
5058
5085
5085
5086
4788
4899
4899
5197
5170
5170
5170
5171
5198
5198
5197
5197
5197
5197
5197
5197
5197
5170
5170
4926
4926
4827
4827
4827
4827
4827
5071
5071
5071
5071
5071
5170
5071
5170
5197
5197
5197
5197
5086
5086
5086
5086
5038
5038
5149
5144
5144
5144
5144
5144
5144
5149
5148
5049
5049
5049
5049
5049
5097
5098
5098
5098
5098
5098
5098
5098
5098
5097
5097
5098
5099
5099
5051
5051
5051
5150
5149
5038
5038
5038
5037
4792
4793
4793
4793
4793
4792
4792
4792
4792
4792
4792
4792
4792
4792
5037
5037
5037
5037
4793
4793
4766
4814
4814
4814
4814
5058
5058
5058
5169
5169
5169
5164
5164
5165
5165
5165
5192
5193
5193
5193
5193
5193
5192
5197
5197
5197
5197
5197
5149
5149
5149
4905
4905
4905
4905
4904
4904
4904
4904
4905
4806
4905
4906
4906
4906
4879
4879
4906
4906
4906
4906
4905
4905
4904
4904
4805
4805
4805
4805
4806
4806
4854
4854
4953
4953
4953
4953
4953
4953
4953
4953
5197
5197
5149
5149
5149
4851
4851
4824
4824
4824
4725
4725
4725
4725
4725
4725
4824
4824
4824
4872
4872
5170
5170
5122
5122
5122
5122
5121
5116
5116
5116
5116
5116
5116
5116
5143
5143
5143
5143
5143
5143
5116
5116
5116
5116
4871
4872
4872
4872
4872
4871
4872
5117
5144
5144
5033
5038
5037
5037
5037
5032
4630
4630
4630
4630
4631
4631
4631
4636
4637
4637
4632
4605
4605
4605
4605
4605
4605
4716
4716
4715
4720
4720
4720
4720
4720
4720
4747
4720
4720
4720
4720
4720
4720
4721
4720
4476
4476
4476
4476
4524
4768
4768
4768
4795
4795
4795
4795
4795
4795
4795
4795
4795
4795
4795
4794
4794
4695
4695
4695
4695
4695
4695
4584
4986
5085
5085
5085
5085
5080
5081
5081
5081
5081
5081
5081
5080
5080
5085
5196
5191
5191
5191
5192
5192
5192
5191
5191
5191
5080
5081
5192
5192
5192
5192
5192
5192
5192
5192
5192
5192
5192
5193
5193
5193
5193
5193
5198
5198
5198
5198
5198
5198
5198
5087
5087
5087
5087
5087
5198
5198
5198
5039
5012
5012
5012
5011
5011
5011
4963
4963
5122
5122
5123
5123
5123
5123
5123
5122
5122
5122
5122
5122
5121
5121
5121
5169
5169
5169
4924
5169
5164
5169
5169
5169
5169
5164
5164
5164
5164
5164
5169
5169
5170
5170
5170
5169
5169
5169
5169
5169
5169
5169
5196
5196
5196
5196
5196
5196
5196
5196
5196
5196
5197
5197
5197
5197
5197
5192
5192
5144
5144
5192
5192
5192
5192
5081
5080
5085
5085
5085
5085
5086
5086
5059
5059
5059
5058
5059
5086
5086
4927
4927
4927
5086
5086
5086
4987
4982
4982
4982
5093
5093
5094
5094
5094
5094
5094
5094
5094
5099
4775
4775
4775
4775
4775
4775
4775
4775
4775
4775
4775
5099
5099
5099
5098
5098
5197
5197
5197
5197
5197
5196
5196
5196
5097
5097
5098
5098
5098
5071
5071
5071
5071
5072
5072
5072
5072
5072
5072
5072
5072
5072
5072
5071
5071
5071
5071
5071
5071
5071
5170
5170
5170
5059
5058
5058
5059
5059
5059
5060
5060
5059
5059
5059
5059
5059
5058
5058
5058
5058
5058
5058
5058
5058
5058
5059
4960
4960
4960
4959
4960
4960
5059
5086
5086
5086
5086
5086
5086
5086
5086
5086
5086
5086
5086
5086
5038
5011
5011
5011
5011
5006
5117
5165
5165
5165
5165
5165
5165
5117
5118
5118
5145
5034
5033
5032
5037
5037
5037
5037
5085
5085
5196
5196
5196
5196
5196
5196
5037
5038
5038
5038
5038
5197
5192
5192
5191
5191
5191
5191
5191
5164
5191
5092
5093
5093
5093
5094
5094
5094
5046
5046
5046
5046
5046
5046
5046
5046
5046
5046
5046
5046
5046
5046
5046
5046
5046
5046
5045
5046
5046
5046
5046
5051
5051
5099
5099
5099
4854
4854
4854
4854
4849
4849
4849
4849
4849
4849
5094
5094
5193
5193
5193
5166
5193
5193
5193
5166
5166
5166
5165
5165
5165
5164
5165
5170
5170
5170
5170
5170
5170
5170
5197
5197
5149
5038
5038
5038
5038
5038
5038
5038
5033
5033
5033
5033
5144
5144
5149
5149
5149
4990
5038
5038
5038
4939
4939
4939
4938
4938
4938
4938
4939
4939
5038
5038
5038
5037
5037
5037
5032
5032
5191
5191
5191
5191
5192
5192
5192
5192
5192
5192
5192
5192
5192
5192
5192
5192
5192
5192
5192
5192
5192
5192
5192
5192
5193
5193
5193
5192
5192
5192
5165
5192
5192
5192
5192
5192
5144
5144
5144
5144
5144
5144
5045
5093
5192
5192
5192
5192
5192
5192
5081
5081
5086
5086
5086
5086
5086
5086
5086
5086
5038
5038
5038
5038
5038
5038
5038
5038
5038
5038
5038
5039
5150
5150
5150
5198
5198
5198
5198
5198
5198
5198
5198
5198
5198
5197
5197
5197
5197
5197
5197
5197
5192
5192
5197
5197
5170
5171
5166
5166
5165
5165
5165
5066
5071
5098
5098
5098
5098
5098
5099
5051
5051
5150
5145
5145
5145
5145
5145
5145
5145
5145
5145
5118
5166
5166
5166
5166
5166
5165
5165
5165
5164
5164
5164
5164
5164
5164
5164
5164
5164
5191
5191
5191
5164
5164
5164
5164
5164
5164
5164
5164
5164
5164
5164
5116
5116
5117
5117
5122
5122
5122
5149
5149
5150
5150
5149
5149
5149
5197
5197
5197
5149
5149
5149
5149
5149
5122
5170
5170
5071
5071
5071
5071
5070
5169
5169
5164
5165
5170
5170
5170
5171
5170
5170
5170
5170
5170
5170
5170
5197
5098
5098
5098
5098
5098
5098
5098
5098
5098
5098
5093
5093
5098
5098
5098
5098
5098
5098
5098
5098
5098
5098
5098
5098
5098
5098
5098
5098
5098
5098
5093
5093
5098
5098
5098
5098
5098
5098
5098
5097
5097
5097
5097
5098
5098
5098
5099
5099
5099
5099
5099
5099
5099
5099
5072
5072
5072
5072
5072
5099
5099
5099
5098
5097
5097
5097
5097
5097
5097
5097
4938
4938
4938
4938
4939
4939
4939
4939
4939
4939
4939
4891
4891
4891
4891
4892
4892
4991
4964
4964
4964
4964
4964
4964
4964
4964
4964
4964
4963
4963
4963
4963
5011
5011
5011
5012
5012
5012
5012
5012
5039
5038
5038
5033
5034
5034
5034
5034
5034
5193
5198
5171
5171
5171
5170
5170
5197
5197
5197
5197
5197
5197
5197
5197
5197
5197
5197
5192
5192
5192
5192
5192
5192
5197
5197
5196
5196
5197
5197
5197
5197
5197
5197
5197
5197
5098
5098
5098
5098
5098
5098
5099
5098
5071
5098
5098
5098
5098
5098
5098
5098
5098
5098
5098
5098
5097
5097
5097
5097
5097
5097
5097
5097
5097
5097
5097
5097
5097
5097
5097
5097
5097
5097
5092
5093
5093
5093
5093
5066
5165
5165
5165
5165
5166
5166
5166
5166
5193
5082
5082
5034
5034
5034
5034
5034
5034
5034
5034
5034
5034
5034
5033
5033
5033
5033
5033
5033
5033
5033
5033
5033
5033
5144
5144
5144
5149
5149
5149
5149
5149
5149
5197
5197
5197
5197
5198
5197
5197
5197
5170
5170
5170
5170
5170
5170
5170
5170
5170
5170
5122
5122
5122
5149
5149
5144
5149
5144
5144
5149
5149
5148
5148
5143
5144
5143
5116
5116
5116
5116
5164
5164
5164
5164
5165
5165
5165
5165
5165
5165
5165
5165
5165
5165
5165
5165
5165
5165
5165
5165
5170
5170
5170
5170
5170
5170
5170
5122
5149
5149
5197
5197
5149
5148
5148
5143
5143
5143
5143
5143
5143
5143
5144
5144
5144
5149
5197
5197
5197
5197
5197
5197
5196
5196
5196
5196
5196
5196
5196
5196
5196
5196
5148
5148
5148
5149
5149
5149
5149
5149
5149
5149
5149
5197
5197
5170
5170
5170
5170
5170
5170
5170
5071
5071
5071
5170
5170
5197
5197
5197
5196
5197
5197
5197
5197
5197
5197
5197
5197
5196
5196
5196
5196
5197
5197
5197
5197
5197
5197
5197
5197
5197
5197
5197
5197
5197
5197
5197
5197
5198
5198
5198
5198
5198
5198
5198
5198
5198
5198
5198
5150
5150
5150
5150
5150
5123
5150
5150
5150
5150
5198
5198
5198
5197
5197
5038
5038
5039
5038
5033
5033
5192
5192
5192
5191
5191
5191
5196
5148
5148
5148
5148
5148
5148
5148
5148
5121
5122
5122
5117
5117
5117
5117
5117
5117
5117
5117
5117
5117
5117
5117
5117
5117
5117
5117
5118
5118
5118
5118
5118
5118
5118
5118
5118
5118
5145
5145
5145
5145
5145
5145
5145
5150
5150
5150
5150
5198
5198
5198
5198
5198
5198
5198
5198
5198
5198
5198
5198
5198
5198
5197
5198
5198
5198
5198
5198
5197
5197
5197
5197
5197
5198
5198
5198
5198
5198
5198
5198
5198
5198
5197
5192
5191
5191
5191
5191
5143
5143
5143
5143
5143
5143
5144
5144
5144
5144
5192
5192
5192
5192
5197
5197
5198
5198
5193
5192
5144
5144
5144
5144
5144
5144
5145
5144
5144
5144
5149
5149
5149
5149
5149
5144
5149
5149
5149
5150
5150
5150
5150
5150
5198
5198
5193
5193
5193
5193
5193
5193
5193
5193
5193
5193
5193
5193
5193
5193
5193
5193
5193
5193
5193
5192
5192
5192
5192
5193
5193
5198
5197
5197
5197
5198
5198
5198
5198
5197
5197
5197
5197
5192
5192
5192
5192
5192
5197
5196
5196
5196
5191
5196
5196
5197
5197
5197
5197
5196
5196
5196
5196
5196
5191
5191
5191
5191
5191
5191
5191
5191
5191
5192
5192
5192
5191
5191
5191
5192
5192
5192
5192
5192
5165
5165
5165
5165
5165
5165
5165
5170
5170
5170
5170
5170
5170
5170
5197
5198
5198
5198
5198
5198
5198
5198
5198
5198
5198
5198
5198
5198
5197
5197
5197
5197
5197
5197
5197
5197
5197
5197
5197
5196
5196
5196
5196
5196
5148
5148
5196
5196
5196
5196
5196
5196
5196
5196
5196
5196
5196
5196
5196
5196
5196
5196
5196
5196
5196
5196
5196
5196
5196
5196
5196
5196
5196
5196
5196
5197
5197
5197
5197
5197
5197
5197
5197
5197
5197
5192
5193
5193
5193
5193
5193
5192
5165
5165
5165
5165
5165
5165
5165
5166
5165
5164
5165
5165
5165
5165
5165
5165
5165
5170
5170
5170
5170
5170
5197
5170
5170
5197
5197
5197
5197
5197
5197
5197
5196
5196
5196
5191
5192
5197
5196
5196
5197
5197
5197
5197
5197
5197
5197
5196
5196
5196
5196
5196
5196
5196
5196
5196
5197
5197
5197
5197
5197
5197
5192
5192
5192
5165
5165
5164
5164
5164
5164
5164
5164
5164
5164
5165
5165
5164
5164
5164
5164
5164
5164
5191
5192
5192
5191
5192
5192
5192
5192
5197
5197
5197
5197
5196
5196
5196
5196
5197
5197
5149
5149
5149
5149
5149
5149
5149
5149
5149
5149
5149
5149
5149
5149
5197
5196
5196
5197
5197
5197
5197
5197
5197
5170
5170
5169
5169
5169
5169
5169
5169
5169
5169
5169
5169
5170
5170
5170
5170
5170
5170
5170
5170
5170
5170
5170
5169
5169
5169
5169
5169
5169
5169
5169
5196
5196
5196
5196
5196
5196
5196
5196
5196
5196
5196
5196
5196
5196
5197
5197
5196
5196
5169
5164
5164
5191
5191
5191
5191
5191
5191
5191
5191
5191
5191
5191
5191
5191
5191
5191
5191
5191
5192
5192
5191
5191
5191
5191
5191
5191
5191
5191
5191
5191
5191
5192
5193
5193
5193
5193
5193
5193
5193
5193
5193
5198
5198
5198
5198
5198
5193
5193
5192
5192
5192
5192
5192
5192
5192
5192
5193
5193
5193
5193
5193
5198
5198
5198
5198
5198
5198
5197
5196
5197
5197
5197
5197
5197
5197
5197
5197
5196
5196
5196
5196
5196
5196
5196
5191
5191
5191
5191
5192
5192
5191
5191
5191
5192
5192
5192
5191
5191
5191
5192
5193
5193
5193
5193
5193
5193
5193
5192
5191
5191
5191
5191
5191
5191
5143
5143
5143
5143
5143
5143
5143
5143
5143
5143
5143
5143
5143
5143
5143
5144
5144
5144
5144
5144
5144
5144
5144
5144
5144
5144
5144
5144
5149
5149
5149
5149
5149
5149
5149
5149
5149
5149
5149
5149
5149
5150
5150
5150
5150
5150
5150
5149
5149
5148
5148
5148
5148
5148
5143
5144
5144
5144
5144
5144
5144
5144
5144
5144
5144
5144
5144
5144
5192
5192
5192
5192
5192
5192
5192
5192
5192
5192
5192
5192
5192
5192
5192
5192
5192
5192
5192
5192
5193
5192
5192
5192
5192
5192
5192
5197
5197
5197
5192
5192
5192
5192
5192
5192
5192
5192
5192
5192
5192
5192
5192
5192
5193
5193
5198
5198
5198
5198
5198
5198
5198
5198
5198
5193
5193
5193
5192
5192
5192
5192
5192
5192
5192
5192
5192
5192
5192
5192
5192
5191
5191
5191
5191
5191
5191
5191
5191
5191
5191
5191
5191
5191
5191
5191
5191
5191
5191
5191
5191
5191
5192
5192
5192
5192
5192
5192
5192
5192
5192
5192
5165
5165
5165
5165
5192
5192
5192
5192
5192
5197
5197
5197
5197
5197
5197
5196
5196
5196
5196
5196
5196
5196
5197
5197
5197
5197
5196
5196
5196
5196
5196
5196
5196
5196
5196
5197
5197
5197
5197
5197
5197
5197
5197
5197
5197
5197
5197
5197
5197
5198
5198
5198
5198
5198
5198
5198
5198
5198
5198
5198
5198
5198
5198
5198
5198
5198
5198
5198
5198
5198
5198
5198
5198
5197
5197
5197
5197
5197
5197
5197
5197
5197
5197
5170
5170
5170
5170
5170
5171
5171
5171
5171
5171
5171
5171
5171
5171
5171
5171
5171
5171
5170
5170
5170
5170
5170
5170
5170
5170
5170
5170
5170
5170
5170
5170
5165
5165
5166
5166
5118
5118
5118
5118
5123
5122
5122
5122
5122
5122
5122
5122
5122
5123
5123
5123
5122
5122
5122
5122
5117
5117
5144
5144
5144
5192
5192
5192
5192
5192
5192
5197
5197
5197
5197
5197
5198
5198
5198
5198
5198
5193
5193
5193
5193
5193
5145
5145
5145
5145
5145
5145
5145
5145
5145
5145
5145
5145
5145
5145
5145
5145
5145
5150
5150
5198
5193
5193
5192
5192
5192
5192
5192
5192
5192
5192
5192
5192
5192
5192
5165
5165
5165
5165
5165
5165
5165
5165
5165
5165
5165
5165
5165
5192
5192
5192
5192
5192
5192
5192
5192
5192
5192
5192
5192
5192
5192
5192
5192
5192
5192
5144
5144
5144
5144
5144
5144
5149
5149
5149
5149
5149
5149
5197
5197
5196
5196
5196
5196
5196
5196
5196
5196
5196
5196
5196
5197
5197
5197
5197
5196
5196
5196
5196
5196
5196
5196
5196
5197
5197
5197
5197
5197
5197
5197
5197
5197
5197
5197
5197
5197
5196
5196
5196
5196
5196
5197
5197
5197
5197
5197
5197
5197
5197
5197
5196
5196
5196
5196
5196
5196
5191
5191
5191
5191
5191
5192
5197
5196
5196
5197
5197
5197
5197
5197
5197
5197
5197
5197
5197
5197
5196
5196
5196
5197
5197
5197
5197
5197
5197
5197
5197
5197
5197
5197
5197
5197
5197
5197
5197
5192
5192
5191
5191
5191
5191
5191
5191
5191
5191
5191
5192
5191
5191
5191
5191
5191
5191
5191
5196
5196
5196
5196
5196
5196
5196
5191
5191
5192
5192
5192
5192
5192
5192
5192
5192
5192
5192
5192
5192
5192
5192
5191
5192
5192
5192
5192
5192
5192
5192
5192
5192
5192
5191
5192
5192
5192
5192
5191
5191
5191
5191
5191
5191
5192
5192
5193
5193
5193
5193
5193
5193
5193
5193
5193
5193
5193
5193
5193
5193
5193
5193
5193
5193
5193
5193
5193
5193
5193
5193
5193
5193
5192
5192
5192
5192
5192
5192
5192
5192
5192
5192
5192
5192
5192
5192
5192
5192
5192
5197
5197
5197
5197
5198
5198
5197
5197
5197
5198
5198
5198
5197
5197
5197
5197
5197
5198
5198
5198
5198
5198
5198
5171
5171
5171
5171
5171
5171
5171
5171
5171
5171
5198
5198
5198
5171
5171
5171
5171
5171
5171
5171
5166
5166
5166
5166
5166
5166
5166
5193
5193
5193
5192
5192
5192
5192
5192
5192
5192
5192
5192
5192
5192
5197
5197
5197
5197
5197
5197
5197
5197
5197
5197
5197
5197
5197
5196
5196
5196
5196
5196
5196
5196
5196
5196
5196
5196
5196
5196
5196
5196
5196
5196
5196
5196
5196
5196
5196
5196
5196
5197
5197
5196
5196
5196
5196
5196
5196
5196
5196
5196
5196
5196
5196
5196
5196
5196
5196
5197
5197
5197
5197
5197
5197
5197
5197
5197
5197
5197
5197
5197
5197
5197
5197
5197
5197
5197
5197
5149
5149
5150
5198
5198
5198
5198
5198
5198
5198
5198
5198
5198
5198
5198
5198
5197
5197
5197
5197
5198
5198
5198
5198
5198
5198
5198
5198
5193
5145
5145
5145
5118
5117
5118
5145
5145
5145
5193
5198
5198
5198
5198
5198
5198
5198
5198
5198
5198
5197
5197
5197
5197
5197
5197
5197
5197
5197
5197
5197
5192
5192
5192
5192
5192
5192
5192
5192
5192
5193
5198
5198
5198
5198
5198
5150
5150
5150
5150
5150
5150
5150
5150
5150
5150
5150
5150
5150
5150
5149
5150
5150
5150
5150
5149
5149
5149
5149
5149
5149
5149
5149
5149
5149
5149
5122
5122
5122
5122
5122
5117
5117
5117
5122
5122
5122
5170
5170
5170
5171
5171
5166
5165
5165
5165
5165
5165
5165
5165
5165
5165
5192
5192
5192
5192
5192
5192
5192
5192
5192
5192
5192
5192
5192
5192
5193
5193
5193
5193
5193
5193
5193
5193
5193
5193
5193
5193
5198
5198
5198
5198
5198
5198
5198
5198
5198
5197
5192
5192
5192
5192
5192
5193
5193
5193
5193
5193
5193
5193
5193
5193
5193
5193
5193
5192
5192
5192
5193
5193
5193
5192
5197
5197
5197
5197
5197
5198
5198
5198
5198
5198
5193
5193
5193
5198
5198
5198
5198
5198
5198
5193
5193
5193
5193
5193
5193
5192
5197
5197
5197
5197
5197
5192
5192
5192
5192
5192
5192
5193
5193
5193
5193
5193
5193
5193
5193
5192
5192
5192
5192
5192
5192
5192
5192
5192
5193
5193
5193
5193
5193
5193
5193
5193
5193
5193
5193
5192
5192
5191
5191
5191
5191
5191
5191
5191
5191
5191
5191
5191
5191
5191
5191
5191
5191
5191
5191
5191
5191
5191
5192
5191
5191
5191
5191
5191
5192
5192
5192
5192
5192
5192
5192
5192
5192
5192
5192
5192
5192
5192
5192
5192
5192
5192
5192
5192
5192
5192
5192
5192
5192
5193
5193
5193
5193
5193
5166
5193
5192
5192
5192
5192
5192
5192
5192
5192
5192
5192
5192
5192
5192
5192
5192
5192
5192
5192
5192
5192
5192
5192
5192
5192
5192
5192
5192
5197
5197
5197
5197
5197
5197
5197
5197
5197
5197
5197
5197
5197
5197
5197
5197
5197
5197
5197
5197
5197
5197
5197
5197
5197
5197
5198
5198
5198
5198
5198
5198
5198
5198
5198
5198
5198
5198
5198
5198
5198
5198
5198
5198
5198
5198
5198
5198
5198
5198
5198
5198
5198
5198
5198
5198
5198
5198
5198
5198
5197
5197
5192
5192
5197
5197
5198
5198
5198
5198
5198
5198
5198
5198
5198
5198
5198
5198
5198
5198
5198
5198
5198
5198
5198
5198
5198
5198
5198
5198
5198
5198
5198
5198
5198
5198
5198
5198
5198
5198
5198
5197
5197
5197
5197
5198
5198
5198
5198
5198
5198
5198
5198
5198
5198
5198
5198
5198
5198
5197
5197
5197
5196
5197
5197
5197
5197
5197
5197
5197
5197
5197
5197
5197
5197
5197
5197
5197
5197
5196
5196
5196
5196
5196
5196
5196
5196
5196
5196
5196
5196
5197
5197
5197
5197
5198
5198
5198
5198
5198
5198
5197
5197
5197
5197
5197
5197
5197
5197
5197
5192
5192
5192
5192
5192
5192
5192
5192
5192
5192
5192
5192
5192
5192
5192
5192
5192
5192
5192
5192
5192
5192
5197
5197
5196
5196
5197
5197
5197
5197
5197
5197
5197
5197
5197
5197
5197
5192
5192
5192
5193
5193
5193
5193
5193
5193
5193
5193
5193
5193
5193
5193
5193
5193
5193
5193
5193
5193
5193
5193
5193
5193
5193
5193
5193
5193
5193
5193
5193
5193
5193
5193
5193
5193
5193
5193
5193
5193
5193
5192
5192
5192
5192
5192
5192
5192
5191
5192
5192
5197
5197
5197
5197
5197
5197
5197
5192
5192
5192
5191
5191
5191
5191
5191
5191
5192
5192
5192
5192
5192
5191
5191
5191
5191
5196
5196
5197
5197
5197
5197
5197
5192
5192
5192
5192
5192
5192
5192
5192
5192
5192
5192
5192
5192
5192
5192
5192
5192
5192
5191
5191
5191
5192
5192
5192
5193
5192
5197
5197
5197
5197
5196
5196
5197
5196
5196
5196
5196
5196
5196
5196
5191
5191
5191
5191
5191
5191
5191
5191
5191
5196
5196
5196
5196
5197
5197
5196
5196
5196
5196
5196
5196
5196
5196
5196
5196
5196
5197
5197
5197
5197
5197
5192
5192
5192
5193
5193
5193
5193
5193
5193
5193
5193
5192
5193
5193
5193
5193
5193
5193
5193
5193
5193
5192
5192
5192
5192
5192
5197
5197
5197
5197
5197
5197
5192
5192
5192
5192
5192
5193
5193
5193
5198
5198
5198
5198
5197
5197
5197
5197
5197
5197
5197
5197
5197
5197
5197
5197
5197
5196
5196
5191
5191
5192
5192
5192
5192
5192
5193
5192
5192
5192
5192
5192
5192
5192
5192
5192
5192
5192
5192
5192
5192
5192
5192
5192
5192
5192
5192
5192
5192
5192
5192
5192
5192
5192
5192
5192
5192
5192
5197
5197
5196
5196
5197
5197
5197
5197
5197
5197
5197
5197
5197
5198
5197
5197
5197
5197
5197
5197
5196
5197
5197
5197
5197
5197
5197
5196
5197
5197
5197
5197
5197
5197
5197
5197
5197
5198
5198
5198
5198
5198
5198
5198
5198
5198
5198
5197
5197
5197
5197
5196
5196
5196
5196
5196
5196
5196
5197
5197
5196
5196
5196
5196
5196
5196
5197
5197
5197
5197
5197
5197
5197
5197
5197
5197
5197
5197
5197
5196
5196
5196
5196
5197
5197
5197
5197
5197
5197
5197
5197
5197
5197
5197
5197
5197
5196
5196
5196
5196
5196
5197
5197
5197
5197
5197
5198
5198
5198
5198
5198
5198
5198
5198
5198
5198
5198
5198
5198
5198
5198
5198
5198
5198
5198
5198
5198
5198
5197
5197
5197
5197
5197
5197
5197
5197
5197
5197
5196
5196
5197
5197
5192
5192
5192
5192
5192
5192
5192
5191
5191
5191
5191
5192
5192
5192
5192
5192
5192
5192
5192
5192
5192
5197
5197
5197
5197
5197
5196
5196
5196
5196
5196
5196
5196
5196
5197
5197
5197
5197
5197
5197
5197
5197
5197
5196
5196
5196
5196
5196
5196
5197
5197
5197
5196
5196
5196
5191
5191
5191
5191
5191
5191
5191
5191
5191
5191
5196
5197
5197
5197
5197
5197
5197
5197
5197
5198
5198
5198
5198
5198
5198
5198
5198
5198
5197
5197
5198
5198
5198
5193
5193
5193
5193
5193
5192
5192
5192
5192
5192
5192
5192
5192
5192
5192
5197
5197
5197
5197
5197
5197
5197
5197
5197
5197
5197
5197
5197
5197
5198
5198
5198
5198
5198
5198
5198
5198
5198
5198
5198
5198
5198
5198
5198
5198
5198
5197
5196
5196
5196
5196
5196
5196
5197
5197
5197
5197
5197
5197
5197
5197
5198
5198
5198
5198
5198
5198
5198
5198
5198
5198
5198
5197
5197
5197
5197
5197
5197
5197
5197
5197
5197
5197
5197
5197
5197
5197
5197
5197
5197
5197
5197
5192
5192
5192
5192
5192
5192
5192
5192
5197
5197
5197
5197
5197
5197
5197
5197
5197
5197
5197
5197
5197
5197
5197
5197
5197
5197
5197
5197
5197
5197
5197
5197
5198
5198
5198
5198
5198
5198
5198
5198
5198
5198
5198
5198
5198
5198
5198
5198
5198
5197
5197
5197
5197
5198
5198
5198
5198
5198
5198
5197
5197
5197
5197
5197
5197
5197
5197
5197
5197
5197
5197
5197
5197
5197
5196
5196
5196
5196
5196
5196
5196
5196
5196
5197
5197
5197
5197
5197
5197
5197
5197
5197
5197
5197
5197
5197
5197
5197
5197
5198
5198
5198
5198
5193
5193
5193
5193
5198
5198
5198
5198
5198
5198
5198
5198
5198
5198
5198
5198
5198
5198
5198
5198
5198
5198
5198
5198
5198
5198
5198
5193
5193
5193
5193
5193
5192
5192
5192
5192
5193
5193
5193
5193
5193
5193
5193
5193
5193
5193
5192
5192
5192
5192
5197
5197
5197
5197
5197
5197
5197
5197
5197
5198
5198
5198
5198
5198
5198
5198
5198
5198
5197
5197
5197
5198
5193
5193
5193
5193
5193
5193
5193
5193
5193
5192
5192
5193
5193
5192
5192
5192
5192
5191
5191
5191
5191
5191
5191
5191
5192
5192
5197
5197
5197
5196
5196
5196
5196
5196
5196
5196
5196
5196
5196
5196
5196
5196
5196
5196
5196
5196
5196
5196
5196
5197
5197
5197
5197
5197
5197
5197
5192
5192
5192
5192
5192
5192
5192
5192
5193
5192
5192
5192
5192
5192
5191
5191
5192
5192
5192
5192
5197
5197
5197
5197
5197
5197
5197
5197
5197
5196
5196
5196
5196
5196
5196
5196
5196
5196
5196
5196
5196
5196
5196
5196
5196
5196
5196
5196
5197
5197
5197
5197
5197
5197
5192
5192
5192
5192
5192
5192
5192
5192
5192
5192
5197
5197
5197
5197
5196
5196
5196
5196
5196
5196
5196
5196
5196
5197
5197
5197
5197
5197
5197
5197
5197
5197
5197
5197
5197
5197
5196
5196
5196
5196
5196
5196
5196
5196
5196
5196
5196
5197
5197
5197
5197
5197
5197
5197
5197
5197
5197
5197
5197
5192
5192
5192
5192
5191
5192
5192
5192
5197
5197
5197
5197
5197
5197
5197
5197
5197
5197
5197
5197
5197
5197
5196
5196
5197
5196
5196
5196
5197
5197
5197
5196
5196
5197
5196
5196
5196
5196
5196
5196
5196
5196
5196
5196
5196
5196
5196
5196
5196
5196
5196
5196
5197
5196
5196
5196
5196
5196
5196
5196
5196
5196
5196
5196
5196
5196
5196
5196
5196
5196
5196
5196
5196
5196
5196
5196
5197
5197
5197
5197
5197
5197
5197
5197
5197
5197
5197
5197
5197
5197
5197
5197
5197
5197
5197
5197
5197
5197
5197
5197
5197
5197
5197
5197
5197
5197
5197
5197
5197
5197
5197
5197
5197
5197
5197
5197
5197
5197
5197
5197
5197
5197
5197
5197
5197
5197
5198
5198
5198
5198
5198
5198
5198
5198
5198
5198
5198
5198
5198
5198
5197
5197
5197
5196
5196
5196
5196
5196
5197
5197
5197
5196
5196
5196
5196
5196
5197
5196
5196
5196
5196
5196
5197
5197
5197
5197
5197
5197
5197
5198
5197
5197
5197
5197
5197
5197
5197
5197
5198
5198
5198
5198
5198
5198
5198
5198
5198
5198
5198
5197
5197
5197
5197
5197
5197
5197
5197
5198
5198
5198
5197
5198
5198
5198
5198
5198
5198
5197
5197
5197
5196
5196
5196
5196
5196
5196
5196
5196
5196
5196
5196
5196
5196
5196
5196
5197
5197
5197
5197
5197
5197
5197
5197
5197
5197
5197
5197
5198
5198
5198
5197
5197
5197
5197
5197
5197
5197
5197
5197
5197
5197
5198
5198
5198
5198
5193
5193
5193
5193
5193
5192
5191
5191
5191
5191
5196
5196
5196
5196
5196
5196
5196
5196
5196
5196
5196
5197
5197
5197
5197
5197
5197
5198
5198
5198
5198
5198
5198
5198
5198
5198
5198
5198
5198
5198
5198
5198
5198
5198
5198
5197
5197
5197
5196
5196
5196
5196
5196
5196
5196
5196
5196
5196
5196
5196
5197
5196
5196
5191
5191
5191
5196
5196
5196
5197
5197
5197
5197
5197
5197
5197
5197
5197
5197
5197
5197
5197
5197
5197
5197
5197
5197
5197
5197
5198
5198
5198
5198
5198
5198
5198
5198
5193
5193
5193
5192
5192
5192
5192
5192
5192
5197
5197
5197
5197
5197
5197
5197
5197
5197
5196
5196
5196
5196
5196
5196
5196
5196
5196
5196
5196
5196
5196
5196
5197
5197
5197
5197
5197
5196
5196
5196
5196
5196
5196
5196
5197
5197
5197
5197
5197
5197
5197
5197
5197
5197
5197
5197
5197
5197
5197
5197
5196
5196
5196
5196
5196
5196
5196
5196
5196
5191
5191
5191
5191
5191
5191
5191
5191
5191
5192
5192
5192
5192
5192
5192
5192
5192
5192
5193
5193
5193
5193
5193
5193
5193
5193
5193
5193
5193
5193
5193
5193
5193
5193
5193
5193
5193
5193
5193
5193
5193
5193
5193
5193
5193
5193
5193
5193
5193
5193
5193
5193
5193
5193
5193
5193
5193
5198
5198
5198
5198
5198
5198
5198
5198
5198
5198
5198
5198
5198
5198
5198
5198
5197
5197
5197
5197
5197
5197
5197
5197
5197
5197
5197
5197
5198
5198
5197
5197
5197
5197
5197
5197
5197
5197
5198
5198
5197
5196
5196
5196
5196
5196
5196
5196
5196
5196
5196
5196
5196
5196
5197
5197
5197
5197
5197
5197
5197
5197
5197
5197
5197
5197
5197
5197
5197
5197
5197
5197
5197
5197
5197
5197
5197
5197
5198
5198
5198
5198
5198
5197
5198
5198
5198
5198
5198
5198
5198
5198
5198
5198
5198
5198
5198
5198
5198
5198
5198
5198
5198
5198
5198
5198
5198
5198
5198
5198
5198
5198
5198
5198
5197
5197
5197
5196
5196
5196
5196
5196
5196
5196
5196
5196
5196
5196
5196
5196
5196
5196
5197
5197
5197
5197
5197
5197
5197
5197
5197
5197
5197
5197
5197
5197
5197
5197
5197
5197
5197
5197
5197
5197
5197
5197
5196
5196
5196
5196
5196
5196
5196
5196
5196
5196
5196
5196
5196
5196
5196
5197
5197
5197
5197
5197
5197
5197
5196
5196
5196
5196
5196
5196
5196
5196
5196
5196
5197
5197
5198
5198
5198
5198
5198
5198
5198
5198
5198
5198
5198
5198
5198
5198
5198
5198
5198
5198
5198
5198
5198
5198
5197
5197
5197
5197
5197
5197
5197
5197
5197
5197
5197
5197
5197
5197
5197
5197
5197
5197
5197
5197
5197
5197
5197
5197
5197
5197
5197
5197
5197
5197
5197
5197
5197
5197
5197
5197
5197
5197
5197
5197
5197
5197
5197
5197
5197
5197
5197
5197
5198
5198
5198
5197
5197
5197
5197
5197
5198
5197
5197
5197
5197
5197
5197
5197
5198
5197
5197
5198
5198
5198
5197
5197
5197
5197
5197
5197
5197
5197
5197
5197
5197
5197
5197
5197
5197
5197
5197
5197
5197
5197
5197
5197
5197
5197
5197
5197
5197
5197
5197
5197
5197
5197
5197
5196
5196
5196
5196
5196
5196
5196
5191
5191
5191
5191
5191
5192
5192
5192
5192
5192
5192
5192
5192
5192
5192
5192
5192
5192
5192
5192
5192
5192
5192
5192
5192
5192
5192
5192
5192
5192
5192
5192
5192
5192
5192
5192
5192
5192
5192
5192
5192
5192
5192
5192
5197
5197
5197
5197
5197
5197
5197
5197
5197
5197
5197
5196
5197
5197
5197
5197
5197
5197
5197
5197
5197
5197
5197
5197
5197
5197
5197
5197
5197
5197
5197
5197
5197
5197
5197
5197
5197
5198
5198
5198
5198
5198
5198
5198
5198
5198
5198
5198
5198
5197
5197
5197
5197
5196
5196
5196
5196
5196
5196
5196
5196
5196
5196
5196
5196
5196
5196
5191
5191
5191
5191
5191
5191
5191
5191
5191
5191
5191
5191
5191
5191
5191
5191
5196
5196
5196
5196
5196
5196
5196
5196
5196
5196
5196
5196
5196
5196
5196
5196
5196
5196
5196
5196
5196
5196
5196
5196
5197
5197
5197
5197
5197
5197
5197
5197
5197
5197
5197
5197
5197
5197
5197
5197
5196
5197
5198
5198
5197
5198
5198
5198
5198
5198
5198
5198
5198
5198
5198
5198
5198
5198
5197
5197
5197
5197
5196
5197
5197
5197
5197
5197
5197
5197
5197
5197
5197
5197
5197
5197
5197
5197
5198
5198
5198
5198
5198
5198
5198
5198
5198
5198
5198
5198
5198
5198
5198
5198
5198
5198
5198
5198
5198
5198
5198
5198
5198
5198
5198
5198
5198
5197
5197
5197
5197
5198
5198
5198
5198
5198
5198
5198
5198
5198
5198
5198
5198
5198
5198
5198
5197
5197
5197
5197
5197
5197
5197
5197
5197
5197
5197
5197
5197
5197
5197
5197
5196
5196
5196
5196
5196
5196
5196
5196
5196
5196
5196
5196
5196
5197
5197
5197
5197
5197
5197
5197
5197
5197
5196
5196
5197
5197
5197
5198
5198
5198
5198
5198
5198
5198
5198
5198
5198
5198
5198
5198
5198
5198
5197
5197
5197
5197
5197
5197
5197
5197
5197
5197
5197
5197
5197
5197
5197
5197
5197
5197
5192
5192
5192
5192
5191
5191
5191
5191
5191
5191
5191
5191
5191
5191
5191
5191
5191
5191
5191
5191
5191
5191
5191
5191
5191
5191
5191
5191
5191
5191
5191
5191
5196
5196
5196
5196
5196
5196
5196
5196
5196
5196
5197
5197
5197
5197
5196
5196
5196
5197
5197
5197
5197
5197
5197
5197
5197
5197
5197
5197
5197
5197
5197
5197
5197
5197
5198
5198
5198
5198
5198
5198
5198
5198
5198
5198
5198
5198
5198
5198
5198
5198
5198
5198
5198
5198
5198
5198
5198
5198
5198
5198
5198
5193
5193
5193
5193
5193
5193
5198
5198
5198
5198
5197
5197
5197
5197
5197
5197
5197
5197
5197
5197
5197
5197
5197
5197
5197
5196
5196
5196
5196
5196
5196
5196
5196
5196
5196
5196
5196
5196
5196
5196
5197
5197
5197
5197
5197
5197
5197
5197
5197
5197
5197
5197
5197
5197
5197
5197
5197
5197
5197
5198
5197
5197
5197
5196
5196
5197
5197
5197
5197
5197
5197
5197
5197
5197
5197
5197
5197
5197
5196
5196
5196
5196
5196
5196
5196
5196
5196
5196
5196
5196
5196
5196
5196
5196
5196
5196
5196
5196
5196
5196
5196
5196
5196
5196
5196
5196
5196
5196
5197
5197
5197
5197
5197
5197
5197
5197
5197
5197
5197
5197
5197
5197
5197
5197
5197
5197
5197
5197
5197
5197
5197
5197
5197
5197
5197
5197
5197
5197
5197
5197
5198
5198
5198
5198
5198
5198
5198
5198
5198
5198
5198
5198
5198
5198
5198
5197
5196
5196
5197
5197
5197
5196
5196
5196
5196
5197
5197
5197
5197
5197
5197
5197
5197
5197
5197
5197
5198
5198
5198
5198
5198
5198
5197
5197
5198
5198
5198
5198
5198
5198
5198
5198
5198
5198
5198
5198
5198
5198
5198
5198
5198
5198
5198
5198
5198
5198
5198
5198
5198
5198
5198
5198
5198
5198
5198
5198
5198
5198
5198
5198
5198
5198
5198
5198
5198
5198
5198
5198
5198
5198
5198
5197
5197
5197
5197
5197
5197
5197
5197
5197
5197
5198
5198
5198
5198
5198
5198
5198
5198
5198
5198
5198
5198
5198
5198
5198
5198
5198
5198
5198
5198
5198
5198
5198
5198
5197
5197
5197
5197
5197
5197
5197
5196
5196
5196
5196
5196
5196
5197
5197
5198
5198
5198
5198
5198
5198
5198
5198
5198
5198
5198
5198
5198
5198
5198
5198
5198
5198
5198
5198
5198
5198
5198
5198
5198
5198
5198
5198
5198
5198
5198
5198
5198
5198
5198
5198
5198
5198
5198
5198
5198
5198
5198
5198
5198
5198
5198
5198
5198
5197
5197
5197
5197
5197
5197
5197
5197
5198
5197
5197
5197
5197
5197
5196
5197
5197
5197
5197
5197
5197
5197
5197
5197
5197
5197
5197
5197
5197
5197
5197
5197
5197
5197
5197
5197
5197
5197
5197
5197
5197
5197
5197
5197
5197
5198
5198
5198
5198
5198
5198
5198
5198
5198
5198
5198
5198
5198
5198
5198
5198
5198
5198
5198
5198
5198
5198
5198
5198
5198
5198
5198
5198
5198
5198
5198
5198
5198
5198
5198
5198
5198
5197
5197
5197
5197
5197
5198
5198
5198
5198
5198
5198
5198
5198
5198
5198
5198
5198
5198
5198
5198
5198
5197
5197
5197
5197
5197
5197
5197
5197
5197
5197
5197
5197
5197
5197
5197
5197
5197
5197
5197
5197
5197
5197
5197
5197
5197
5197
5197
5197
5197
5197
5197
5197
5197
5197
5197
5198
5198
5198
5198
5198
5197
5197
5197
5197
5197
5197
5197
5197
5197
5197
5197
5197
5197
5197
5197
5197
5197
5197
5197
5197
5196
5196
5196
5196
5196
5196
5196
5197
5197
5198
5198
5198
5198
5198
5198
5198
5198
5198
5198
5198
5198
5198
5198
5198
5198
5198
5198
5198
5198
5198
5198
5198
5198
5198
5198
5198
5198
5198
5198
5198
5198
5198
5198
5198
5198
5198
5198
5198
5198
5198
5198
5198
5198
5198
5198
5198
5198
5198
5197
5197
5197
5197
5198
5197
5197
5197
5197
5197
5196
5196
5196
5196
5196
5196
5196
5196
5197
5197
5197
5197
5197
5197
5197
5197
5197
5197
5197
5197
5197
5197
5197
5197
5197
5197
5197
5198
5198
5198
5198
5198
5198
5198
5198
5198
5198
5198
5198
5198
5198
5198
5198
5198
5198
5198
5198
5198
5198
5198
5198
5198
5198
5198
5198
5198
5198
5198
5198
5198
5198
5198
5197
5197
5197
5197
5197
5197
5197
5197
5197
5198
5198
5198
5198
5198
5198
5198
5198
5198
5198
5198
5198
5198
5198
5198
5198
5198
5198
5198
5198
5198
5198
5198
5198
5197
5197
5197
5197
5197
5197
5197
5197
5197
5197
5197
5197
5197
5197
5197
5197
5197
5197
5197
5197
5197
5197
5197
5197
5198
5198
5198
5198
5198
5198
5197
5197
5197
5198
5198
5198
5198
5198
5198
5197
5197
5197
5197
5197
5197
5197
5197
5197
5197
5197
5197
5197
5197
5196
5196
5196
5196
5196
5196
5196
5196
5196
5196
5196
5196
5197
5197
5197
5197
5198
5198
5197
5197
5197
5197
5198
5198
5198
5198
5198
5198
5198
5197
5197
5197
5197
5197
5197
5197
5197
5197
5197
5197
5197
5197
5197
5197
5197
5197
5198
5198
5198
5198
5198
5198
5198
5198
5198
5198
5198
5198
5198
5198
5198
5198
5198
5198
5198
5198
5198
5198
5198
5197
5197
5197
5197
5197
5197
5197
5197
5197
5197
5197
5197
5197
5197
5197
5197
5197
5197
5197
5197
5197
5197
5197
5197
5197
5197
5198
5198
5198
5198
5198
5198
5198
5198
5198
5198
5198
5198
5197
5197
5197
5197
5197
5197
5197
5197
5197
5197
5197
5197
5197
5198
5198
5198
5198
5198
5198
5198
5198
5198
5198
5198
5198
5198
5198
5198
5197
5197
5197
5197
5197
5197
5197
5197
5197
5197
5197
5197
5197
5197
5197
5197
5197
5197
5197
5197
5197
5197
5197
5197
5197
5197
5197
5197
5197
5197
5197
5197
5197
5196
5196
5196
5197
5197
5197
5197
5197
5197
5197
5197
5197
5197
5196
5196
5196
5197
5197
5197
5197
5197
5197
5197
5197
5197
5197
5197
5197
5197
5197
5197
5198
5198
5198
5198
5198
5198
5198
5198
5198
5198
5198
5198
5198
5198
5198
5198
5198
5198
5197
5197
5197
5197
5198
5198
5198
5198
5198
5198
5198
5198
5198
5198
5198
5198
5198
5198
5198
5198
5198
5198
5198
5198
5198
5198
5198
5198
5198
5198
5198
5198
5198
5198
5197
5197
5197
5197
5197
5197
5197
5197
5197
5197
5197
5197
5197
5197
5197
5197
5197
5197
5197
5197
5197
5197
5197
5197
5197
5198
5198
5198
5198
5198
5198
5198
5198
5197
5197
5197
5198
5198
5198
5198
5198
5198
5198
5198
5198
5198
5198
5198
5198
5198
5198
5198
5198
5198
5198
5198
5198
5198
5198
5198
5198
5198
5197
5197
5197
5197
5198
5198
5198
5198
5198
5198
5198
5198
5198
5198
5198
5198
5198
5198
5198
5198
5198
5198
5198
5198
5198
5198
5198
5198
5198
5198
5198
5198
5198
5198
5198
5198
5198
5198
5198
5198
5198
5198
5198
5198
5198
5198
5198
5198
5198
5198
5198
5198
5198
5198
5198
5198
5198
5198
5198
5198
5198
5198
5198
5198
5198
5198
5198
5198
5198
5198
5198
5198
5198
5198
5198
5197
5197
5197
5197
5197
5197
5197
5197
5197
5197
5197
5196
5197
5197
5197
5197
5197
5197
5197
5197
5197
5197
5197
5197
5197
5197
5197
5197
5197
5197
5197
5197
5197
5197
5197
5197
5197
5197
5197
5197
5197
5197
5197
5197
5197
5197
5197
5197
5197
5197
5197
5197
5197
5197
5197
5197
5197
5197
5197
5197
5197
5197
5197
5197
5197
5197
5197
5197
5197
5197
5197
5197
5198
5198
5198
5198
5198
5198
5198
5198
5198
5198
5198
5198
5198
5198
5198
5198
5198
5198
5198
5198
5198
5198
5198
5198
5198
5198
5198
5198
5198
5198
5198
5198
5198
5198
5198
5198
5198
5198
5198
5198
5198
5198
5198
5198
5198
5198
5198
5198
5198
5198
5198
5198
5198
5198
5198
5198
5198
5198
5198
5198
5198
5198
5198
5198
5198
5198
5198
5198
5198
5198
5198
5198
5198
5198
5198
5198
5198
5198
5198
5198
5198
5198
5198
5198
5198
5197
5197
5197
5197
5197
5197
5197
5197
5197
5197
5197
5197
5197
5197
5197
5197
5197
5197
5197
5197
5197
5197
5197
5197
5197
5197
5197
5197
5197
5197
5197
5197
5197
5197
5197
5197
5198
5198
5198
5198
5198
5198
5198
5198
5198
5198
5198
5198
5198
5198
5198
5198
5198
5198
5198
5198
5198
5198
5198
5198
5198
5197
5197
5197
5197
5197
5197
5197
5197
5197
5197
5197
5197
5197
5197
5197
5197
5197
5197
5197
5197
5197
5197
5197
5197
5197
5197
5197
5198
5198
5198
5198
5198
5198
5198
5198
5198
5198
5198
5198
5198
5198
5198
5198
5198
5198
5198
5198
5198
5198
5198
5198
5198
5198
5198
5198
5198
5198
5198
5198
5198
5198
5198
5198
5198
5198
5198
5198
5198
5198
5198
5198
5198
5198
5198
5198
5198
5198
5198
5198
5198
5198
5198
5198
5198
5198
5198
5198
5198
5198
5198
5198
5198
5198
5198
5198
5198
5198
5198
5198
5198
5198
5198
5198
5198
5198
5198
5198
5198
5198
5198
5198
5197
5197
5197
5197
5197
5197
5197
5197
5197
5197
5197
5197
5197
5197
5197
5197
5197
5197
5197
5197
5197
5197
5197
5197
5197
5198
5198
5198
5198
5198
5198
5198
5198
5198
5198
5198
5198
5198
5197
5197
5197
5197
5197
5197
5197
5197
5197
5197
5197
5197
5197
5197
5197
5197
5197
5197
5197
5197
5197
5197
5197
5198
5198
5198
5198
5198
5198
5198
5197
5197
5197
5198
5198
5198
5198
5198
5198
5198
5198
5198
5198
5198
5198
5198
5198
5198
5198
5198
5198
5198
5198
5198
5198
5198
5198
5198
5198
5198
5198
5198
5198
5198
5198
5198
5198
5198
5198
5198
5198
5198
5198
5198
5198
5198
5198
5198
5198
5198
5198
5198
5198
5198
5198
5198
5198
5198
5198
5198
5198
5198
5198
5198
5198
5198
5198
5198
5198
5198
5198
5198
5198
5198
5198
5198
5198
5198
5198
5198
5198
5198
5198
5198
5198
5198
5198
5198
5198
5198
5198
5198
5198
5198
5198
5198
5198
5198
5198
5198
5198
5198
5198
5198
5198
5198
5198
5198
5198
5198
5198
5198
5198
5198
5198
5198
5198
5198
5198
5198
5198
5198
5198
5198
5198
5198
5198
5198
5198
5198
5198
5198
5198
5198
5198
5198
5198
5198
5198
5198
5198
5198
5198
5198
5198
5198
5198
5198
5198
5198
5198
5198
5198
5198
5198
5198
5198
5198
5198
5198
5198
5198
5198
5198
5198
5198
5198
5198
5198
5198
5198
5198
5198
5198
5198
5198
5198
5198
5198
5198
5198
5198
5198
5198
5198
5198
5198
5198
5198
5198
5198
5198
5198
5198
5198
5198
5198
5198
5198
5198
5198
5198
5198
5198
5198
5198
5198
5198
5198
5198
5198
5198
5198
5198
5198
5198
5198
5198
5198
5198
5198
5198
5198
5198
5198
5198
5198
5198
5198
5198
5198
5198
5198
5198
5198
5198
5198
5198
5198
5198
5198
5198
5198
5198
5198
5198
5198
5198
5198
5198
5198
5198
5198
5198
5198
5198
5198
5198
5198
5198
5198
5198
5198
5198
5198
5198
5198
5198
5198
5198
5198
5198
5198
5198
5198
5198
5198
5198
5198
5198
5198
5198
5198
5198
5198
5198
5198
5198
5198
5198
5198
5198
5198
5198
5198
5198
5198
5197
5197
5197
5197
5197
5197
5197
5197
5197
5197
5197
5197
5197
5197
5197
5197
5197
5197
5197
5197
5197
5198
5198
5198
5198
5198
5198
5198
5198
5198
5198
5198
5198
5198
5198
5198
5198
5198
5198
5198
5197
5197
5197
5197
5197
5197
5197
5198
5198
5198
5198
5198
5198
5198
5198
5198
5198
5198
5198
5198
5198
5198
5198
5198
5198
5198
5198
5198
5198
5198
5198
5198
5198
5198
5198
5198
5198
5198
5198
5198
5198
5198
5198
5198
5198
5198
5198
5198
5198
5198
5198
5198
5198
5198
5198
5198
5198
5198
5198
5198
5198
5198
5198
5198
5198
5197
5197
5198
5198
5198
5198
5198
5198
5198
5198
5198
5198
5198
5198
5198
5198
5198
5198
5198
5198
5198
5198
5198
5198
5198
5198
5198
5198
5198
5198
5198
5198
5198
5198
5198
5198
5198
5198
5198
5198
5198
5198
5198
5198
5198
5198
5198
5198
5198
5198
5198
5198
5198
5198
5198
5198
5198
5198
5198
5198
5198
5198
5198
5198
5197
5197
5197
5197
5197
5197
5197
5197
5197
5197
5197
5197
5197
5197
5197
5197
5197
5197
5197
5197
5197
5198
5198
5198
5198
5198
5198
5198
5198
5198
5198
5198
5198
5198
5198
5198
5198
5198
5198
5198
5198
5198
5198
5198
5198
5198
5198
5198
5198
5198
5198
5198
5198
5198
5198
5198
5198
5198
5198
5198
5198
5198
5198
5198
5198
5198
5198
5198
5198
5198
5198
5198
5198
5198
5198
5198
5198
5198
5198
5198
5198
5198
5198
5198
5198
5198
5198
5198
5198
5198
5198
5198
5198
5198
5198
5198
5198
5198
5198
5198
5198
5198
5198
5198
5198
5198
5198
5198
5198
5198
5198
5198
5198
5198
5198
5198
5198
5198
5198
5198
5198
5198
5198
5198
5198
5198
5198
5198
5198
5198
5198
5198
5198
5198
5198
5198
5198
5198
5198
5198
5198
5198
5198
5198
5198
5198
5198
5198
5198
5198
5198
5198
5198
5198
5198
5198
5198
5198
5198
5198
5198
5198
5198
5198
5198
5198
5198
5198
5198
5198
5198
5198
5198
5198
5198
5198
5198
5198
5198
5198
5198
5198
5198
5198
5198
5198
5198
5198
5198
5198
5198
5198
5198
5198
5198
5198
5198
5198
5198
5198
5198
5198
5198
5198
5198
5198
5198
5198
5198
5198
5198
5198
5198
5198
5198
5198
5198
5198
5198
5198
5198
5198
5198
5198
5198
5198
5198
5198
5198
5198
5198
5198
5198
5198
5198
5198
5198
5198
5198
5198
5198
5198
5198
5198
5198
5198
5198
5198
5198
5198
5198
5198
5198
5198
5198
5198
5198
5198
5198
5198
5198
5198
5198
5198
5198
5198
5198
5198
5198
5198
5198
5198
5198
5198
5198
5198
5198
5198
5198
5198
5198
5198
5198
5198
5198
5198
5198
5198
5198
5198
5198
5198
5198
5198
5198
5198
5198
5198
5198
5198
5198
5198
5198
5198
5198
5198
5198
5198
5198
5198
5198
5198
5198
5198
5198
5198
5198
5198
5198
5198
5198
5198
5198
5198
5198
5198
5198
5198
5198
5198
5198
5198
5198
5198
5198
5198
5198
5198
5198
5198
5198
5198
5198
5198
5198
5198
5198
5198
