3906
4298
3736
3245
3246
3485
3869
3869
3609
3370
3369
3860
4218
3863
4102
4152
4153
4169
4169
4501
4761
4429
4711
4711
4762
4404
3913
3458
3176
3276
3838
3446
3446
2997
2997
3488
3843
3459
3908
3908
3417
3178
3536
4027
3672
4004
4004
4388
4128
4583
4483
4743
4742
5151
4500
4009
4500
4600
4216
4571
4555
4106
3423
4074
4074
4024
4040
4024
4416
4316
3924
4316
4765
5448
5397
4948
4948
4964
4964
5246
4837
4888
4533
4251
4490
4132
3570
3954
4309
3954
3271
3553
3911
4320
3936
3920
3921
4276
4959
5059
5443
5059
5443
5111
4428
4990
4990
4990
4581
3930
3546
3545
3445
3894
4226
3735
4418
3963
3514
3614
3222
2940
2840
2890
2891
2891
2891
2208
1948
1964
1964
2419
2701
3085
3085
3534
3252
2868
3551
4202
4186
3947
4207
3556
4207
3752
3702
3752
4161
3478
3717
3733
3401
3401
3892
4575
4575
4336
3978
4336
3653
3298
3298
2647
2929
2879
2828
3283
3282
3283
3283
3638
3970
3408
2953
2504
3066
3450
3168
2836
3285
3336
3336
3728
4010
4010
4465
3903
3511
3843
3583
3583
3128
2846
2896
2896
3458
4141
4423
3740
3740
3458
3457
3457
4108
4109
3700
3699
3649
3749
3300
3582
3974
3642
3284
3967
3967
3476
3526
3475
3924
4415
4415
4315
4575
4575
4626
4626
4626
4576
4316
4576
4576
4908
4909
4858
5097
5506
5864
5863
5508
5508
5099
5149
4817
4817
4255
4355
3704
3704
4036
3986
3495
3256
3256
3256
3665
4120
4171
4120
4121
4476
4118
4169
4219
4218
4869
4485
4130
3479
2796
2797
2797
2515
2415
2515
2797
2747
3238
3288
3272
3834
4517
4185
4517
4068
4307
3816
3766
3766
3715
4164
3715
3455
3046
3046
3455
3715
3715
3715
3455
3455
3946
3946
4395
4411
4461
4222
4221
3659
3659
3643
3643
3593
3184
2729
3380
3764
4119
4170
3487
3726
3986
3602
4011
4466
5149
4910
4910
5294
4845
4745
4390
4406
4761
4429
4429
4074
4313
3929
4029
4387
4127
4482
4483
4483
4483
3992
3637
3636
3620
3569
3829
4161
4061
3669
3719
3735
3475
3475
3193
2784
3139
3421
3983
3983
3983
3744
3844
4293
4344
3782
3500
3782
4273
3918
4327
4328
4328
4567
4467
4018
4467
4416
3925
4025
3616
4025
4417
4417
3766
4026
3976
4467
4451
4059
4059
3610
3610
4172
4172
4072
4123
3791
3229
3229
3880
4264
4264
4264
4619
4619
5011
5011
5011
5011
4729
5061
4606
4197
4146
3762
3111
3111
2620
2619
2669
3231
3680
3441
3850
3492
3508
3059
2667
2312
2551
2935
2675
2675
1992
1992
1976
2258
2941
3299
3748
3848
3849
4109
4108
3546
4001
4052
3369
4020
4511
4272
4221
4576
4085
4477
4478
4969
4969
5020
4920
5482
5482
5124
4792
4532
5215
5547
5098
5337
5337
5786
5547
4864
4864
4415
5098
5097
4446
4446
4446
5097
5047
4692
4308
4663
4923
4641
4249
4249
3917
3917
3933
4382
4027
4309
4293
4293
4293
4309
4359
4308
4666
4308
3853
4185
4285
4025
3975
4430
4785
4503
4554
4793
5177
4845
4845
5177
5177
5177
5569
5570
5121
4630
4630
4221
4221
4221
3766
4124
4108
4368
4777
4777
4776
4776
4214
3882
3490
3490
3106
3106
3388
3033
3033
2982
2998
2998
3048
3503
3503
3453
3214
3265
3649
4140
4702
4420
4421
4421
4063
3654
4063
3501
4063
4421
4405
4760
4709
4218
4500
4500
4218
4610
3927
3365
3365
3814
3814
3459
3950
3850
3866
3966
3582
3190
3240
3240
2831
3186
2831
2781
2831
2831
2831
2781
2781
3464
3796
3795
4077
4432
4994
4343
4393
4802
5194
4745
4413
4464
5115
5447
4796
4536
5187
4504
5187
5426
5810
5159
4704
4704
4704
4705
4466
4111
3829
4284
4234
4218
4218
4217
3885
3493
3732
3681
4013
4013
4064
3825
3416
2961
3416
2733
3142
3158
2774
2723
2962
2946
2996
2996
3647
4039
3939
3939
3700
3209
3225
3276
3260
2902
3585
4034
3383
3643
4134
3742
3742
4100
3645
3645
3645
3196
3296
3947
4186
4468
4860
4860
4298
4038
3938
4293
4293
3938
4393
4653
4244
3886
3395
3344
3105
3055
3410
3410
3972
3972
4211
4212
4211
4211
4620
4228
4228
3577
3578
3629
3297
3297
3397
3397
3397
3042
3042
3533
3549
3267
3625
3525
3116
3525
3625
3609
3659
4043
4043
3552
3502
3402
3452
3452
3452
3452
3844
3860
3298
3297
3297
3579
3579
3579
4028
3644
3644
3644
3999
4383
4383
4383
4123
4124
3766
4257
4589
5240
5240
5802
5786
5786
5103
5103
4748
4186
4186
3777
3286
3644
3744
3744
3295
3311
3211
3660
3660
3276
3037
3037
3446
3546
3901
3901
4463
4954
4954
4953
5337
4888
5148
4657
4657
4658
4300
4658
5107
5598
5243
4961
4961
5316
4665
4216
4200
4100
4751
4751
4750
4989
4989
4750
4295
4744
4484
4129
4812
5267
4883
5122
5122
5404
4842
4393
4493
4753
4514
4514
5076
5092
5092
5076
4718
4718
4227
4127
4485
3834
3834
3934
3372
3727
3676
3676
3676
3676
3321
3337
3337
3786
3770
4421
4660
5222
4773
4773
4723
5107
5556
5164
4755
4495
4213
4263
4618
4878
4639
5031
5031
4931
4931
4931
4573
4812
4552
3901
4183
3734
4183
4183
4184
4184
3792
4201
4201
4201
4201
4559
4559
4150
3868
3867
4358
4000
3509
3509
3901
4259
4259
4259
4910
4578
4578
3895
3845
3845
4177
4177
4177
3722
3722
3390
3881
3931
3576
4259
3867
3883
3883
3883
4143
4144
4426
4477
3794
4249
4010
4342
4082
4437
4082
4032
3700
3700
3700
3750
3366
3721
3439
4122
4122
4404
3721
3960
4220
4612
4712
4712
4712
4263
4672
5121
4861
4412
4672
4656
4656
4656
4005
4005
3905
3855
3573
4256
4640
4401
4417
4699
4683
4699
4244
4483
4099
4098
4547
4265
4214
4546
4546
4214
4214
4198
4198
4198
4530
4985
4494
4594
4594
4595
4595
4595
4877
4595
4645
4645
5296
5036
5036
4986
5036
4385
4335
4826
5108
5108
5368
4959
4276
4276
4660
4421
3930
3930
3929
3474
3929
3980
3625
3625
4116
4117
4117
4768
4767
5006
4906
4415
4415
4415
4465
4465
4465
4466
4017
4033
4033
4033
4033
4033
4482
4200
3940
3940
3556
3911
3910
3911
4402
4351
4451
4451
3996
3604
4059
4009
4269
4269
4269
4551
4551
4935
4480
4480
4464
4464
4480
4480
4480
4122
4514
3952
3503
3503
4065
4115
4115
3760
3760
3710
3760
3760
3368
3723
3723
3774
4223
3941
3940
3449
3065
3065
2965
2965
3065
3474
3423
3423
3423
3474
3474
3235
3235
3474
3474
3474
3474
3474
4157
3918
3867
3851
3851
4235
4726
4726
4394
4445
4445
4394
4394
4394
4676
4677
4677
4417
4809
5167
5167
4783
5043
5043
4688
4330
4785
4801
4409
4409
4409
3758
3758
3758
3476
3808
3476
3527
2965
3527
3527
3809
4193
3911
3861
3861
3861
4100
4382
3927
3927
3927
3927
3876
3193
3193
3244
3636
4091
4090
3599
3583
3301
3351
3706
4197
4880
4780
4396
4728
5379
5379
5379
5379
5328
5610
5278
4627
4959
4959
5317
5417
6068
5710
5301
4946
5355
5356
5356
5356
5356
5356
5355
5073
5428
5428
4979
5428
5428
5189
5547
5138
5138
5139
5139
5139
5089
5139
4807
4823
4374
4114
4498
3936
3445
3496
3496
3495
3395
3395
3677
3677
4168
4168
3713
3714
3714
4169
4118
4169
4408
4970
4954
4672
4621
5070
5170
5169
4811
5220
5220
5552
5552
5910
5910
5671
5931
5573
5573
5573
5931
5931
5881
5319
5881
5897
5897
5897
5897
5897
5897
5448
4993
5448
5448
5730
5239
5239
5688
5688
6179
6230
5872
5590
5490
5035
5035
5035
4384
4384
4839
5121
5121
4766
4767
5125
5364
4909
4909
4858
4857
4857
4408
4408
4508
4509
4509
4509
4958
4566
4921
4971
4522
4522
4522
4031
4031
4031
4486
4486
4486
4470
4086
4086
4577
4317
3985
3935
3986
3935
3935
3696
4347
4347
4739
4789
4789
4434
4384
4384
4435
4790
5029
4538
4538
4538
4870
4870
4631
4681
4681
5172
5172
4780
5019
5403
4994
5010
5402
4947
5207
4645
4253
4645
4629
4629
5038
4987
4987
4705
4705
4704
4704
4349
4804
4754
4754
4654
3971
3971
3971
4071
4353
4353
4114
4114
4165
4165
3674
3913
3913
3913
3963
3912
4595
4313
4263
4754
4755
5204
5204
4944
5204
5254
5536
5144
5536
5536
6098
6098
6098
6098
5740
5791
6146
6096
5814
5864
5455
5455
5071
4811
4827
5109
5467
4816
5200
4709
4609
5018
5002
5002
4951
4951
5442
5392
5652
5702
5344
4782
4373
4782
4782
4782
4782
4390
4035
4390
3981
3931
3931
3931
3981
3626
4018
4376
4376
4376
4376
4326
4325
3642
3642
3642
3742
3743
3743
4394
4444
4460
5022
5022
4460
4360
4360
4002
4685
4301
3852
4236
4798
4797
4797
5206
5257
5206
5206
5206
5257
4802
5251
5251
5609
5200
5200
5200
5200
4709
4809
4809
4810
4159
4108
4517
4517
4517
4185
4640
4640
4640
4640
4995
4995
4713
4713
4713
4995
5486
5131
5131
4739
4639
4230
3948
4340
4991
4991
4633
4632
4582
4343
3888
3888
3888
3888
3988
4397
4397
3906
4361
4261
3877
3928
3928
4210
4210
4568
3885
3869
3919
3920
3920
3936
4320
4269
4369
4319
3870
3870
3415
3864
4196
4551
4551
4550
4268
4951
4851
4902
5184
5184
5675
5283
5522
5471
5232
5232
4950
4459
3808
3808
3808
3858
3858
4097
4148
4149
4149
4149
3791
3791
3891
4346
4837
4836
5228
5212
4857
4597
4547
4905
4905
4666
4274
4534
5185
5577
5932
5932
5574
5624
5624
5292
5574
4891
4482
4840
4789
5198
4843
4793
4401
4401
4640
4641
4641
4641
4657
4248
3686
3685
3585
3977
3522
3877
4332
4741
4741
4791
4741
4741
4386
4386
4741
4286
4286
3902
3952
3713
3952
3936
4619
4264
4264
4264
4264
4315
4877
4194
4210
3971
4303
4403
4403
4787
4788
4788
4788
4788
5243
5243
5243
4983
4983
5338
5338
5338
5338
5338
5338
5287
5287
4929
5168
4929
4980
4625
4980
4979
4595
4595
4595
4495
4853
5237
5237
4882
4550
4101
4101
3743
3743
4426
4426
4875
4313
4313
4313
4313
4263
4263
4621
4976
5236
5568
5176
5226
5788
6027
6027
5745
5290
5290
5290
5290
5290
5290
4935
4935
4486
4226
3868
3868
3817
4272
4721
4721
5003
5003
5395
5446
5395
5753
5753
5753
5421
5421
5776
5776
5367
5627
6036
6087
6087
6087
5596
5580
5580
5580
5580
5225
4867
4412
4361
4719
5051
5051
5051
4791
4552
4552
4791
4459
4510
4842
4842
4792
5247
5602
5193
5193
4835
4835
5193
5602
5602
5270
5761
5406
5355
4793
4893
4611
4611
4611
4253
4153
4204
4559
4559
4609
4609
4869
4378
4394
4378
4378
4378
4378
4379
4379
4140
4139
4630
4962
4962
4978
5217
4768
4768
4718
5076
5076
5060
4651
4319
4768
5050
5050
4790
4790
4790
4790
4806
4451
4451
4451
4860
4860
4960
4961
4961
4961
4278
4633
4633
4633
4633
4278
4840
5195
4803
4803
4448
5131
5463
5463
5463
5224
5224
5579
5839
5788
5788
5788
5105
5105
5105
5497
5497
5497
5497
5397
5497
5042
5281
5280
5280
4922
4972
4872
4872
4872
4872
4872
4972
5330
5330
5280
5280
5735
5735
5735
5785
5223
5223
5223
5207
4798
4698
5260
5260
5260
5276
5276
5276
5276
5276
5016
5016
5067
5067
5068
5018
5118
5527
5245
5527
5511
5511
5511
5511
5771
5771
5416
6099
6454
5999
6049
5558
5508
5226
4966
4966
4966
4611
4610
4965
4966
4404
4859
4858
4858
4858
5118
5118
5067
5067
5068
5068
5084
5084
5646
5646
5646
5646
5407
5391
5131
5131
5413
5413
5413
5413
4730
4448
4448
4730
4321
4320
4320
4580
5263
5279
5280
5264
5264
5263
4981
4981
4981
5220
5220
5220
5270
4878
4879
4930
4929
4879
4547
4597
4337
4337
4597
4597
4239
3979
3979
3740
4132
4082
4491
4751
5242
5243
4983
4983
4534
4534
4892
4437
4437
4487
4487
4487
4769
4278
4278
4733
4733
4633
4633
4633
4633
4633
4633
4249
4581
4581
4581
4126
4076
4176
4436
4436
4436
4385
4385
4435
4335
4335
4784
4784
5168
4776
4444
4460
4460
4951
4567
4517
4756
4756
4194
4756
4806
5138
5138
4878
5262
5262
4878
4546
4546
4545
4929
4913
4913
5245
5195
4633
4633
4893
4894
4510
4178
4178
4178
4562
4562
4562
4562
5017
5409
5409
5741
5741
5409
5409
5409
5409
5409
5409
5408
5169
5170
5270
4878
4929
4928
4928
4668
4668
4668
4313
3904
3904
3904
4259
4309
4259
4208
4209
4469
4369
3914
3964
4373
4612
5004
5004
5004
4620
4620
4338
4793
4793
4793
4844
4844
4844
4794
4794
4794
4743
5025
5076
5075
5075
5024
5408
5508
5508
5508
6070
6070
6070
5686
6070
6120
6452
6402
6402
6120
6402
6142
6158
6058
5819
6079
6079
6079
6079
6079
6063
6063
6063
5608
5708
5057
5708
5448
4886
4886
5448
5093
5109
5109
5109
4827
4811
4827
5182
5182
5637
5637
5182
4790
4790
4790
4341
4341
4341
4790
5182
5082
5082
5133
5372
4881
4881
4882
4882
4882
4882
4524
5015
5015
5115
5115
5064
5115
5115
5375
4692
4974
4974
4974
4974
4974
4735
4735
4734
4734
4734
4634
4634
4992
4992
4976
4485
4485
4485
4585
4023
4023
4706
4945
5507
5962
6012
5563
5563
5563
5563
5179
5670
5215
5215
4857
4857
5215
5215
5670
5670
5670
5388
5404
5404
5353
5353
5253
5253
5254
5254
5254
5254
5638
5588
6037
6037
6037
6037
6037
6037
6037
6021
6021
5782
6021
6021
6021
6021
6072
5581
5581
5530
5198
5530
5530
5581
5581
5581
5863
5862
5862
5878
6369
6369
6370
6370
6370
6369
6318
6318
6368
6368
6368
6108
6108
5653
5653
5653
5704
5704
5654
5163
5163
5163
5163
5263
5263
5263
5263
5263
5212
4763
4080
4571
4621
4382
4332
4571
4831
4831
4831
4439
4157
4612
4894
4878
5561
5561
5561
5561
6010
6010
6060
6060
6060
5651
6043
5588
5588
5230
5180
5180
5230
5230
5230
4948
4948
4898
5353
5253
5353
5404
5404
5404
5404
5813
5813
5713
5763
5764
5714
5714
5714
5714
5996
5995
5995
5996
5996
6046
5996
5996
6046
6046
5662
5662
5662
5662
5662
5662
5380
5764
5309
5309
5667
5667
5667
5275
5730
5746
5746
5746
5746
5696
5696
5696
5978
5978
5927
6027
5788
5788
5788
5506
5506
5506
5557
5557
5557
5557
5557
5557
5557
5557
5949
5617
5617
5617
5617
5617
5899
5899
5899
6231
6230
6179
6179
6179
6179
5617
5617
5617
5233
5283
5283
5334
5573
5241
4558
4558
4558
4319
4319
4269
4009
4009
4009
4009
4009
4393
4342
4342
4342
4602
4602
4602
4602
4602
4247
4247
4247
4930
4980
4980
5031
5031
4749
5031
5031
5270
5170
4910
4911
5011
5011
5011
5011
4772
4771
4721
4721
4721
4771
4771
4771
5103
5103
5087
5087
5442
5442
5392
5392
5392
5954
5954
5854
5954
5954
5954
5954
5954
5954
5954
5954
5954
5954
5622
5861
5861
5861
5861
5861
5861
6121
5712
5713
5662
5662
5380
5380
5712
5612
5612
5257
5308
5308
5308
5324
5733
5473
5422
4967
4967
5322
5322
5322
5322
5322
5322
5373
5373
5373
5373
5373
5373
5373
5423
5423
5423
5683
5683
5682
5682
5682
5631
5913
5913
5913
5913
5653
5653
5913
5913
6013
6013
6013
6013
6013
6013
6013
5963
5947
5998
5998
5947
5947
6402
6402
6402
6402
6402
6453
6454
6454
6454
6403
6143
6143
6143
6194
5862
5862
5862
5862
5811
5811
5811
5862
5504
5504
5504
5504
5862
5862
5862
5862
5862
6122
6121
6121
6121
6121
6121
6453
5770
5770
5670
5720
5820
5820
5820
5820
5581
5531
5531
5122
5122
5122
5138
5138
5138
5188
5188
5188
5427
5377
5377
5377
5377
5377
5377
5377
5786
5786
5770
5820
5720
5328
5277
5277
5377
5377
5377
5377
6060
6060
6060
6111
6112
6061
5703
5703
5702
5702
5702
5702
5702
5702
5703
5294
5294
5012
5012
5012
5012
5421
5421
5421
5421
5421
5421
5421
5421
5437
5437
5488
5472
5140
5472
5472
5472
5017
5299
5298
4914
4914
4914
4654
4914
5272
5288
5288
5288
5288
5237
5237
4879
4829
4813
5197
5197
5247
5247
5147
5147
5198
5590
5181
5181
5181
5130
5130
5130
5130
5130
5080
5080
5438
5488
5488
5488
5488
5504
5504
5604
6059
6059
6043
6043
5993
5711
5711
5472
5473
5473
5489
5489
5488
5488
5488
5488
5897
5947
5948
5948
5947
6186
6186
6186
6186
6186
5926
5687
5687
5637
5637
5919
5970
5970
5970
5971
5871
5870
5870
5870
6130
6369
6369
6369
6369
6369
6369
6369
6318
6318
6319
6319
6080
6064
6064
6064
6064
6064
6064
6064
6064
6064
6063
6063
5731
5747
5747
5747
5747
5747
5747
5748
5748
5748
5798
5798
5898
5898
5898
5898
6230
6230
6281
6281
6281
6281
6280
6280
6230
6230
6230
6214
6453
6453
6402
6403
6403
6453
6453
6453
6453
6453
6453
6453
6453
6453
6453
6453
6069
6069
6069
5830
5830
5881
5549
5549
5549
5565
5949
5949
5949
5458
5458
5458
5697
5697
5458
5458
5458
5458
5458
5458
5458
5003
5494
5949
5949
5898
5898
5898
5882
5882
5882
5882
5882
5832
6164
6214
5882
5622
5622
5622
5622
5673
5673
5673
5673
5673
5673
5673
5673
5673
5673
5673
5673
5673
5673
5622
5622
5621
5621
5621
5621
5621
5621
5621
5860
5860
5860
5860
5911
5911
5911
5927
5927
5877
5877
5877
5877
5485
5485
5485
5485
5434
5484
5484
5484
5484
5744
5728
5728
5728
5728
5319
5319
4864
5256
5272
5727
5677
5677
5395
5395
5395
5727
5727
5728
5728
5728
6010
5678
5678
5678
5678
5439
5055
5055
5055
5055
5055
5054
5054
5386
5386
5436
5436
5675
6084
6084
6084
6084
6084
5984
6035
6035
5677
5677
5678
5678
5662
5662
5762
5762
6120
6120
6120
6136
6136
6136
6520
6520
6520
6420
6420
6520
6520
6520
6520
6520
6165
5926
5926
5826
5826
5825
5825
6064
6064
6064
6064
6065
6065
6065
6064
6064
6064
6064
6419
6419
6419
6419
6419
6419
6180
6180
6180
6419
6419
6419
6419
6368
6368
6368
6368
6352
6352
6302
6352
6352
6302
6302
6302
6302
6302
6302
6318
6318
6418
6468
6452
6352
6070
6070
6070
6070
6070
6070
6086
6368
6368
6368
6368
6368
6369
6369
6319
6319
6318
6319
6319
6319
6370
6012
6112
6112
6112
6061
6061
6061
6061
5961
5961
5569
5927
6319
6419
6419
6419
6419
6419
6419
6419
6419
6319
6419
6319
6319
6318
6368
6368
6368
6368
6419
6519
6519
6519
6519
6519
6519
6468
6468
6019
5969
6020
6004
6004
6054
6054
6054
6054
5815
5815
5815
5815
5815
5815
5815
5815
5815
5816
5815
5815
5533
5433
5672
5954
5955
5955
5955
5955
5955
5905
5905
5905
5905
5921
5661
5661
5661
5661
5921
5921
5921
5921
5921
5566
5566
5550
5600
5600
5600
5600
5600
5600
5318
5318
5318
5318
5318
5318
5318
5673
5623
5363
5645
5645
5905
5905
5921
5466
5466
5466
5466
5465
5465
5465
5466
5466
5466
5466
5466
5466
5227
5466
5465
5465
5183
5233
5233
5233
5333
5782
5782
5782
5782
6237
6238
6188
6137
6137
6137
5646
5646
5646
5646
5696
5695
5695
5695
5696
5696
5696
5696
5978
5978
5978
6469
6469
6453
6353
6353
6353
6353
6353
6404
6420
6420
6420
6420
6420
6062
6062
6062
6162
6162
6162
6162
6161
6161
6162
6162
6162
5830
5730
6062
6062
6162
6162
6162
6161
6161
6161
6161
6519
6519
6469
6469
6469
6469
6230
6179
6179
6179
6179
6230
6230
6230
6469
6469
6519
6519
6519
6419
6419
6419
6419
6159
6259
6259
6209
6209
6158
6158
6058
6058
5819
5803
5819
5819
6058
6058
6318
5963
5963
6013
6013
6013
6013
6014
5656
5656
5656
5655
5655
5655
5655
5755
5756
5756
5756
5756
5755
5755
5755
6110
6110
6110
6110
6110
5850
5850
5850
6110
6110
6110
6110
6110
6110
6110
6110
6094
6094
6094
5994
6094
6094
6094
6094
6094
6094
6094
6094
6094
6095
6094
6094
6094
6145
6503
6503
6503
6403
6403
6403
6403
6403
6403
6403
6403
6403
6403
6352
6302
6302
6402
6402
6402
6402
6402
6402
6402
6453
6503
6503
6503
6111
5779
5779
5779
5779
5779
6171
5932
5932
5932
5932
5932
5932
5932
5577
5477
5477
5477
5809
5809
6164
6164
6164
6165
6165
6165
5883
5883
5983
5983
5983
5983
5932
5932
5932
5832
5832
5932
5932
5948
5948
5948
5948
5948
5948
5948
5948
5948
5948
6187
6187
6187
6238
6238
6238
6187
6171
6171
6171
6222
6222
6222
5813
5812
5812
5812
5761
5406
5406
5406
5457
5457
5739
5639
5589
5590
5690
5690
5690
5690
5690
5690
5690
5740
6149
6149
6149
6149
6149
6099
6099
6099
6099
5999
5998
6353
6369
6369
6370
6420
6420
6420
6420
6420
6420
6011
6011
6010
6010
5994
5943
5661
5712
5712
5713
5713
5712
5712
5712
5662
5662
6071
5662
6071
6072
6088
6088
6088
6088
6088
6088
6088
5849
6131
6131
6131
6231
6231
6281
6281
6520
6520
6520
6520
6520
6520
6520
6519
6519
6519
6519
6519
6259
6259
6259
6259
6259
6259
6159
6159
6109
6109
6109
6109
6109
6109
6369
6369
6369
6369
6369
6369
6369
6369
6419
6369
6419
6419
6061
6045
6045
6045
6045
6045
6045
5994
5994
5994
5944
5944
5944
5944
5944
5994
5994
5994
5994
5994
6010
6010
6010
6010
6010
6010
6010
6061
6161
6161
6161
6161
6162
6162
6111
6111
6111
6111
6111
5851
5851
5902
5902
5902
5902
5902
5902
5886
5902
6162
6520
6520
6520
6520
6520
6519
6519
6520
6520
6520
6520
6520
6519
6519
6519
6519
6469
6469
6469
6469
6470
6470
6470
6231
6231
6231
6230
6469
6369
6369
6369
6369
6353
6353
6353
6353
6353
6354
6354
6354
6354
6354
6354
6354
6354
6353
6353
6453
6453
6453
6469
6469
6470
6470
6470
6470
6470
6470
6470
6454
6454
6454
6454
6403
6164
6403
6403
6453
6453
6453
6453
6353
6353
6353
6352
6352
6352
6403
6403
6352
6368
6368
6419
6419
6368
6368
6368
6086
6186
6186
6186
6186
6186
6186
6186
6186
6186
6136
6136
6036
6036
6036
6036
6136
6137
6137
6137
6188
6238
5783
5783
5783
6238
6520
6519
6520
6420
6420
6420
6420
6420
6520
6520
6520
6520
6504
6504
6504
6504
6520
6520
6520
6520
6520
6520
6520
6470
6470
6470
6470
6470
6470
6470
6470
6470
6370
6370
6369
6369
6419
6419
6419
6419
6419
6419
6420
6420
6520
6520
6520
6520
6470
6470
6470
6470
6419
6419
6419
6403
6403
6403
6164
6215
6214
6214
6214
6163
6163
6163
6163
6164
6164
6164
6214
6214
6214
6214
6214
6214
6265
6265
6265
6504
6504
6504
6504
6504
6504
6504
6504
6504
6504
6520
6520
6520
6520
6520
6520
6520
6520
6520
6520
6504
6520
6520
6520
6520
6520
6520
6520
6520
6520
6520
6520
6520
6520
6520
6520
6520
6470
6470
6469
6469
6469
6469
6469
6469
6469
6369
6369
6369
6369
6419
6419
6419
6519
6519
6519
6519
6520
6520
6470
6470
6470
6470
6470
6470
6470
6470
6470
6470
6470
6470
6470
6470
6520
6520
6520
6520
6520
6520
6504
6504
6520
6520
6520
6469
6469
6469
6469
6419
6419
6419
6419
6419
6419
6419
6419
6319
6319
6319
6369
6369
6369
6369
6469
6369
6353
6353
6353
6353
6353
6353
6353
6453
6469
6453
6353
6453
6453
6453
6453
6453
6453
6453
6469
6469
6469
6469
6469
6469
6469
6469
6369
6469
6469
6469
6469
6469
6469
6469
6469
6469
6369
6369
6368
6368
6368
6352
6352
6368
6468
6418
6469
6469
6469
6469
6469
6470
6470
6520
6519
6519
6519
6519
6519
6259
6259
6259
6259
6259
6259
6259
6208
6208
6259
6259
6259
6259
6259
6259
6259
6519
6503
6503
6503
6503
6503
6503
6503
6519
6519
6519
6468
6452
6452
6452
6452
6352
6352
6302
6318
6368
6368
6368
6368
6368
6368
6368
6368
6352
6352
6352
6352
6352
6352
6352
6352
6352
6352
6352
6352
6368
6368
6369
6369
6369
6353
6353
6404
6404
6504
6504
6504
6404
6420
6404
6404
6404
6404
6353
6353
6404
6404
6404
6404
6404
6404
6404
6404
6404
6353
6353
6353
6353
6353
6353
6353
6353
6353
6353
6353
6353
6352
6352
6352
6352
6352
6352
6352
6352
6352
6352
6352
6452
6452
6452
6452
6452
6503
6504
6504
6504
6453
6453
6453
6452
6452
6452
6452
6452
6452
6452
6452
6503
6503
6503
6503
6503
6503
6503
6403
6403
6403
6419
6419
6419
6419
6419
6419
6419
6419
6419
6419
6419
6419
6419
6419
6419
6419
6419
6419
6419
6519
6519
6419
6419
6419
6419
6419
6419
6419
6420
6420
6420
6420
6419
6419
6419
6419
6419
6419
6419
6419
6419
6368
6368
6468
6468
6468
6468
6468
6452
6452
6452
6452
6452
6452
6503
6452
6452
6452
6503
6503
6503
6503
6503
6519
6519
6519
6519
6519
6519
6503
6503
6503
6503
6453
6453
6402
6402
6402
6418
6418
6418
6418
6402
6402
6452
6452
6452
6452
6452
6453
6453
6453
6453
6453
6453
6453
6453
6453
6214
6214
6214
6265
6265
6504
6504
6504
6504
6504
6504
6504
6504
6504
6504
6504
6504
6504
6504
6504
6504
6454
6454
6454
6454
6454
6454
6454
6453
6453
6453
6453
6453
6454
6454
6454
6454
6454
6470
6470
6469
6469
6469
6469
6469
6469
6369
6369
6369
6419
6519
6519
6519
6520
6520
6520
6520
6520
6520
6520
6520
6188
6188
6520
6520
6520
6520
6520
6520
6520
6520
6520
6520
6420
6420
6420
6420
6404
6420
6420
6420
6420
6420
6370
6370
6370
6370
6369
6369
6369
6369
6369
6369
6353
6403
6403
6352
6352
6452
6452
6452
6452
6452
6452
6452
6452
6452
6352
6352
6352
6352
6113
6113
6113
6213
6229
6280
6280
6229
6229
6229
6229
6229
6229
6229
6229
6280
6280
6519
6519
6519
6519
6519
6519
6519
6519
6519
6520
6520
6520
6520
6520
6520
6520
6520
6519
6519
6519
6519
6519
6519
6519
6519
6519
6519
6519
6520
6520
6520
6520
6504
6504
6504
6504
6504
6504
6504
6504
6504
6504
6504
6520
6520
6520
6520
6520
6520
6520
6520
6470
6470
6469
6469
6469
6470
6469
6519
6519
6519
6519
6469
6469
6469
6469
6469
6469
6469
6469
6469
6469
6453
6453
6469
6469
6469
6519
6519
6519
6519
6468
6468
6468
6468
6468
6468
6468
6468
6468
6469
6469
6469
6469
6469
6419
6419
6419
6419
6419
6419
6419
6419
6419
6419
6469
6453
6453
6453
6453
6453
6453
6453
6453
6453
6353
6353
6352
6352
6352
6352
6352
6302
6303
6303
6302
6302
6302
6302
6302
6402
6402
6403
6403
6403
6403
6403
6419
6419
6470
6470
6470
6520
6520
6520
6520
6469
6520
6520
6520
6520
6470
6520
6520
6520
6520
6520
6520
6520
6520
6504
6504
6504
6504
6504
6504
6504
6504
6504
6504
6504
6504
6504
6503
6503
6503
6503
6503
6503
6503
6503
6503
6504
6504
6504
6504
6504
6504
6504
6504
6504
6504
6504
6504
6504
6504
6504
6504
6504
6504
6504
6504
6504
6504
6504
6504
6504
6504
6504
6504
6504
6504
6504
6503
6503
6453
6453
6453
6453
6453
6453
6453
6469
6469
6469
6453
6453
6453
6453
6453
6453
6469
6469
6469
6469
6469
6453
6453
6453
6453
6453
6453
6453
6453
6453
6453
6453
6469
6469
6469
6469
6469
6469
6469
6469
6469
6469
6469
6469
6469
6469
6470
6470
6470
6470
6470
6470
6470
6470
6470
6470
6470
6470
6454
6454
6454
6454
6454
6470
6470
6470
6470
6470
6470
6470
6470
6470
6470
6470
6470
6470
6470
6470
6470
6469
6469
6418
6418
6418
6418
6418
6418
6418
6419
6470
6470
6470
6470
6470
6470
6470
6470
6470
6419
6419
6469
6469
6469
6469
6453
6504
6504
6504
6504
6504
6504
6504
6504
6504
6504
6504
6504
6504
6504
6504
6504
6504
6504
6504
6504
6504
6504
6504
6504
6504
6503
6503
6503
6503
6453
6453
6454
6454
6454
6454
6454
6454
6454
6454
6454
6454
6470
6470
6454
6454
6454
6454
6454
6454
6454
6454
6454
6454
6454
6454
6454
6454
6504
6503
6503
6503
6503
6403
6403
6403
6403
6404
6404
6404
6404
6404
6404
6404
6404
6404
6404
6404
6404
6404
6354
6354
6354
6354
6354
6354
6354
6354
6354
6354
6354
6354
6354
6354
6354
6354
6354
6354
6354
6354
6354
6354
6354
6354
6404
6404
6420
6420
6420
6420
6420
6420
6420
6420
6420
6420
6419
6419
6419
6419
6403
6403
6503
6503
6503
6503
6503
6503
6403
6403
6403
6403
6419
6419
6419
6419
6419
6419
6419
6419
6419
6419
6419
6419
6419
6419
6419
6419
6419
6420
6420
6420
6420
6420
6420
6420
6420
6420
6420
6419
6419
6419
6419
6419
6419
6419
6419
6419
6419
6403
6403
6403
6403
6352
6403
6403
6403
6403
6403
6403
6403
6403
6403
6403
6403
6419
6419
6419
6419
6419
6419
6419
6419
6419
6403
6353
6354
6354
6354
6404
6404
6404
6403
6403
6403
6403
6403
6403
6403
6403
6403
6419
6419
6419
6419
6419
6419
6419
6419
6419
6419
6419
6419
6419
6419
6419
6419
6419
6519
6519
6519
6519
6519
6519
6519
6519
6519
6519
6519
6519
6519
6519
6519
6519
6519
6519
6519
6519
6519
6519
6519
6520
6469
6469
6468
6468
6468
6468
6468
6468
6468
6468
6468
6468
6468
6468
6468
6468
6468
6468
6519
6468
6468
6468
6468
6468
6468
6468
6468
6468
6468
6468
6468
6468
6468
6368
6368
6368
6368
6368
6352
6352
6352
6352
6352
6352
6302
6302
6302
6302
6302
6402
6402
6402
6452
6452
6452
6452
6352
6352
6352
6352
6352
6352
6352
6352
6352
6452
6452
6452
6468
6468
6468
6468
6469
6469
6469
6469
6469
6469
6469
6469
6469
6469
6469
6469
6469
6469
6468
6468
6468
6468
6468
6469
6469
6468
6468
6468
6468
6468
6468
6468
6468
6468
6468
6452
6452
6452
6452
6503
6503
6503
6504
6520
6520
6520
6520
6520
6520
6520
6520
6520
6520
6520
6520
6520
6520
6520
6520
6520
6520
6520
6504
6504
6504
6520
6520
6520
6520
6520
6519
6519
6520
6520
6520
6519
6519
6503
6519
6519
6520
6520
6520
6520
6470
6470
6470
6470
6470
6454
6454
6454
6454
6454
6470
6419
6419
6419
6419
6403
6402
6402
6402
6302
6302
6302
6302
6302
6302
6302
6302
6303
6353
6353
6353
6353
6353
6353
6352
6352
6352
6352
6352
6352
6352
6452
6452
6452
6452
6452
6452
6452
6452
6453
6453
6453
6504
6504
6504
6504
6504
6520
6520
6519
6519
6519
6519
6519
6519
6519
6519
6519
6519
6519
6519
6519
6520
6519
6519
6519
6519
6519
6519
6519
6519
6519
6519
6519
6519
6519
6519
6519
6519
6519
6519
6519
6519
6519
6519
6519
6519
6519
6519
6519
6519
6519
6503
6504
6504
6504
6504
6504
6520
6520
6520
6520
6520
6520
6520
6519
6519
6519
6519
6519
6519
6519
6519
6519
6519
6519
6519
6519
6519
6519
6520
6520
6520
6520
6520
6520
6520
6520
6520
6520
6520
6520
6520
6520
6520
6520
6520
6520
6520
6520
6519
6519
6519
6519
6519
6519
6519
6519
6519
6519
6519
6519
6519
6519
6519
6519
6519
6519
6519
6519
6519
6519
6519
6519
6519
6519
6519
6520
6520
6520
6520
6520
6520
6520
6520
6520
6520
6520
6520
6520
6520
6519
6519
6519
6519
6519
6469
6469
6469
6453
6453
6453
6469
6469
6469
6469
6469
6469
6469
6469
6469
6469
6519
6519
6519
6519
6519
6519
6519
6519
6519
6519
6519
6519
6519
6503
6503
6503
6503
6503
6519
6519
6519
6519
6519
6519
6519
6519
6519
6519
6519
6519
6519
6519
6519
6519
6519
6519
6519
6519
6519
6519
6519
6519
6503
6503
6503
6403
6404
6404
6404
6420
6420
6420
6420
6420
6520
6520
6520
6520
6520
6520
6520
6520
6520
6520
6520
6520
6520
6520
6520
6520
6520
6520
6520
6520
6520
6520
6520
6520
6520
6520
6520
6520
6520
6520
6520
6520
6469
6469
6469
6520
6520
6520
6520
6520
6520
6520
6520
6520
6520
6520
6520
6520
6520
6520
6520
6520
6520
6520
6520
6520
6520
6520
6469
6469
6469
6469
6469
6469
6469
6469
6469
6520
6520
6520
6520
6519
6519
6519
6519
6519
6519
6519
6519
6519
6503
6519
6520
6520
6520
6520
6520
6520
6520
6519
6519
6519
6519
6519
6519
6519
6519
6519
6519
6519
6519
6519
6519
6519
6519
6519
6519
6519
6519
6519
6519
6519
6519
6519
6519
6519
6519
6519
6519
6519
6519
6520
6520
6520
6520
6520
6520
6520
6520
6520
6520
6520
6520
6520
6520
6520
6519
6519
6519
6520
6520
6520
6520
6520
6520
6520
6520
6520
6519
6519
6519
6519
6519
6519
6519
6519
6520
6520
6520
6520
6520
6520
6520
6520
6520
6469
6469
6469
6469
6469
6469
6469
6469
6469
6469
6469
6469
6469
6469
6469
6469
6468
6468
6468
6468
6468
6468
6469
6469
6520
6520
6504
6453
6453
6453
6453
6453
6453
6453
6453
6453
6453
6453
6453
6453
6453
6453
6453
6453
6453
6453
6453
6453
6453
6453
6453
6453
6469
6469
6469
6469
6469
6520
6520
6520
6470
6470
6470
6470
6469
6469
6469
6469
6469
6469
6469
6469
6469
6469
6469
6469
6469
6469
6453
6454
6454
6454
6453
6503
6503
6503
6503
6503
6503
6503
6503
6503
6503
6503
6503
6503
6503
6503
6503
6503
6503
6503
6519
6519
6519
6519
6519
6519
6519
6519
6519
6520
6520
6520
6520
6520
6520
6520
6520
6520
6520
6520
6520
6520
6520
6520
6520
6520
6520
6504
6504
6504
6503
6503
6504
6504
6504
6520
6520
6520
6519
6519
6519
6519
6503
6503
6503
6503
6503
6503
6519
6519
6519
6519
6519
6519
6519
6468
6468
6468
6468
6468
6468
6468
6468
6468
6468
6468
6468
6468
6468
6468
6468
6468
6468
6468
6468
6468
6468
6468
6468
6468
6468
6468
6468
6468
6519
6519
6519
6519
6519
6519
6519
6519
6519
6519
6519
6520
6520
6520
6520
6520
6519
6519
6519
6519
6519
6519
6519
6519
6519
6519
6519
6519
6519
6520
6520
6520
6520
6519
6519
6519
6519
6519
6519
6520
6520
6520
6520
6520
6504
6504
6504
6504
6504
6504
6504
6504
6503
6503
6503
6503
6503
6503
6503
6503
6503
6503
6403
6403
6403
6403
6403
6403
6503
6403
6404
6404
6404
6404
6404
6404
6420
6420
6420
6420
6420
6420
6420
6419
6419
6419
6419
6419
6419
6419
6419
6419
6419
6419
6519
6519
6519
6519
6519
6519
6519
6519
6519
6519
6519
6519
6520
6520
6504
6504
6504
6504
6504
6504
6504
6504
6504
6504
6504
6504
6504
6504
6504
6504
6504
6504
6504
6504
6503
6503
6503
6403
6403
6403
6403
6403
6403
6403
6404
6404
6404
6404
6404
6404
6404
6404
6404
6404
6404
6504
6504
6504
6503
6503
6503
6503
6503
6503
6503
6503
6503
6503
6504
6504
6504
6504
6504
6520
6520
6520
6520
6520
6520
6519
6519
6519
6519
6519
6519
6519
6519
6519
6519
6519
6519
6519
6519
6519
6519
6519
6519
6519
6519
6519
6519
6519
6519
6519
6519
6519
6520
6520
6520
6520
6520
6520
6520
6520
6520
6520
6520
6520
6519
6519
6519
6519
6519
6519
6519
6519
6519
6519
6519
6519
6519
6519
6519
6519
6519
6519
6519
6519
6519
6519
6519
6520
6504
6504
6504
6504
6504
6504
6504
6504
6504
6503
6503
6503
6503
6503
6503
6503
6503
6503
6503
6403
6403
6403
6419
6419
6419
6419
6419
6419
6519
6519
6519
6519
6519
6519
6519
6469
6469
6469
6469
6469
6469
6469
6469
6469
6469
6418
6418
6418
6418
6418
6418
6402
6402
6402
6402
6402
6302
6302
6402
6402
6402
6402
6402
6402
6402
6402
6402
6402
6453
6453
6453
6503
6503
6519
6519
6519
6519
6519
6519
6519
6519
6519
6519
6519
6520
6520
6520
6520
6520
6520
6520
6520
6520
6520
6520
6520
6520
6519
6519
6519
6519
6519
6519
6519
6519
6519
6519
6519
6519
6519
6519
6519
6519
6519
6519
6519
6519
6519
6503
6503
6503
6503
6503
6503
6503
6503
6503
6503
6503
6503
6503
6503
6503
6503
6503
6503
6503
6503
6503
6519
6519
6519
6520
6520
6520
6520
6520
6520
6520
6520
6520
6520
6520
6520
6520
6520
6520
6520
6520
6520
6520
6520
6520
6520
6520
6520
6519
6519
6519
6519
6520
6520
6520
6520
6520
6520
6520
6520
6520
6520
6520
6520
6520
6520
6520
6520
6520
6520
6520
6520
6520
6520
6520
6520
6520
6520
6520
6520
6520
6520
6520
6520
6520
6520
6520
6520
6520
6520
6520
6520
6520
6520
6520
6519
6519
6519
6519
6519
6519
6519
6519
6519
6519
6519
6519
6519
6519
6519
6519
6503
6503
6503
6503
6519
6519
6519
6519
6519
6519
6519
6519
6519
6519
6519
6519
6519
6519
6519
6519
6519
6519
6520
6520
6520
6520
6520
6520
6520
6520
6520
6520
6520
6520
6520
6520
6520
6520
6520
6520
6520
6520
6520
6520
6520
6520
6520
6520
6520
6520
6520
6519
6519
6519
6519
6519
6519
6519
6519
6519
6519
6519
6519
6519
6519
6519
6519
6519
6519
6519
6519
6519
6519
6519
6519
6519
6519
6519
6519
6519
6519
6519
6519
6519
6519
6519
6519
6519
6519
6519
6519
6519
6519
6519
6519
6503
6503
6403
6403
6403
6403
6403
6404
6404
6404
6404
6504
6503
6503
6503
6503
6503
6403
6503
6503
6503
6503
6504
6504
6504
6504
6504
6504
6504
6504
6504
6504
6504
6504
6504
6504
6504
6504
6504
6504
6504
6504
6504
6504
6504
6503
6503
6504
6504
6504
6504
6504
6504
6504
6504
6504
6504
6504
6504
6504
6504
6504
6504
6504
6504
6504
6504
6504
6504
6504
6504
6504
6503
6403
6403
6403
6403
6403
6403
6403
6503
6503
6503
6504
6504
6504
6504
6504
6504
6504
6504
6504
6504
6504
6504
6504
6504
6504
6504
6504
6504
6504
6504
6504
6520
6520
6520
6520
6520
6520
6520
6520
6520
6520
6520
6520
6520
6520
6520
6520
6469
6469
6469
6469
6469
6469
6469
6469
6468
6468
6468
6468
6468
6468
6468
6519
6519
6519
6519
6519
6519
6519
6519
6519
6519
6519
6519
6519
6519
6519
6519
6519
6519
6519
6519
6520
6520
6520
6520
6520
6520
6520
6520
6520
6520
6520
6520
6520
6520
6520
6520
6520
6520
6520
6520
6520
6520
6520
6520
6520
6520
6520
6520
6520
6520
6520
6520
6520
6520
6520
6520
6520
6520
6520
6520
6520
6520
6520
6520
6520
6520
6520
6520
6520
6520
6520
6520
6520
6520
6520
6520
6520
6520
6520
6520
6520
6520
6520
6520
6520
6520
6520
6520
6520
6520
6520
6520
6520
6520
6520
6520
6520
6520
6520
6520
6520
6520
6520
6520
6520
6520
6520
6520
6520
6520
6520
6520
6520
6520
6520
6520
6520
6520
6520
6520
6520
6520
6520
6520
6520
6520
6520
6520
6520
6519
6519
6519
6519
6519
6519
6519
6520
6520
6520
6520
6520
6520
6520
6520
6520
6520
6520
6520
6520
6520
6520
6520
6520
6520
6520
6520
6520
6520
6520
6519
6519
6519
6519
6519
6519
6519
6519
6519
6519
6519
6519
6519
6519
6519
6519
6519
6519
6519
6519
6519
6520
6520
6520
6520
6520
6520
6520
6520
6520
6520
6520
6520
6520
6520
6520
6520
6520
6520
6520
6520
6520
6520
6520
6520
6520
6520
6520
6520
6520
6520
6520
6520
6520
6504
6503
6403
6403
6403
6403
6419
6419
6419
6419
6419
6419
6419
6419
6419
6419
6419
6420
6520
6520
6520
6520
6520
6520
6520
6519
6519
6520
6520
6520
6520
6520
6520
6520
6520
6520
6520
6520
6520
6520
6520
6504
6504
6504
6504
6504
6504
6504
6504
6504
6504
6504
6520
6520
6520
6504
6504
6504
6520
6520
6519
6519
6519
6519
6519
6519
6519
6519
6520
6520
6520
6520
6520
6520
6520
6520
6520
6520
6520
6520
6520
6520
6520
6520
6520
6519
6519
6519
6519
6519
6519
6519
6519
6519
6519
6519
6519
6519
6519
6520
6520
6504
6504
6504
6504
6504
6504
6520
6520
6520
6520
6520
6520
6520
6520
6520
6520
6520
6520
6520
6520
6520
6520
6520
6520
6520
6520
6520
6520
6520
6520
6520
6520
6520
6520
6520
6520
6520
6520
6520
6520
6520
6520
6520
6520
6520
6520
6520
6520
6520
6520
6520
6520
6520
6520
6520
6520
6520
6520
6520
6520
6520
6504
6504
6504
6503
6503
6503
6503
6503
6504
6504
6504
6504
6504
6504
6504
6504
6504
6520
6520
6520
6520
6520
6520
6520
6520
6520
6520
6520
6520
6520
6520
6520
6520
6520
6520
6520
6520
6520
6520
6520
6520
6520
6520
6519
6503
6503
6503
6503
6503
6503
6503
6503
6504
6504
6504
6503
6503
6503
6503
6504
6504
6504
6504
6504
6504
6504
6504
6504
6504
6504
6504
6504
6504
6504
6504
6504
6504
6504
6504
6504
6504
6504
6504
6504
6504
6504
6504
6504
6504
6504
6504
6504
6504
6504
6504
6504
6504
6504
6504
6504
6504
6520
6520
6520
6520
6520
6520
6519
6519
6520
6520
6520
6520
6520
6520
6520
6520
6520
6520
6519
6520
6520
6520
6520
6520
6520
6520
6520
6520
6520
6520
6520
6520
6520
6520
6520
6520
6520
6520
6520
6520
6520
6520
6520
6520
6520
6520
6520
6520
6520
6519
6519
6519
6519
6520
6520
6520
6520
6520
6520
6520
6520
6520
6520
6520
6520
6520
6520
6520
6520
6520
6520
6520
6520
6520
6520
6520
6520
6520
6520
6520
6520
6520
6520
6520
6520
6520
6520
6520
6520
6520
6520
6520
6520
6520
6520
6504
6520
6519
6519
6519
6519
6519
6519
6519
6519
6519
6519
6519
6519
6519
6519
6519
6519
6519
6519
6519
6519
6520
6519
6519
6519
6519
6520
6520
6520
6520
6520
6520
6520
6520
6520
6520
6519
6519
6519
6519
6520
6520
6520
6520
6519
6519
6519
6519
6519
6519
6519
6519
6519
6519
6519
6519
6519
6519
6519
6519
6519
6519
6519
6519
6519
6519
6519
6519
6503
6503
6503
6503
6503
6504
6504
6504
6504
6504
6504
6504
6504
6504
6504
6504
6504
6504
6504
6504
6504
6504
6504
6504
6520
6520
6520
6520
6520
6520
6519
6519
6519
6519
6519
6519
6519
6519
6519
6519
6519
6519
6519
6519
6519
6519
6519
6519
6519
6519
6519
6519
6519
6519
6519
6519
6519
6519
6519
6519
6519
6519
6519
6519
6519
6519
6519
6519
6519
6519
6519
6519
6520
6520
6520
6520
6520
6520
6520
6520
6520
6520
6520
6520
6520
6520
6520
6520
6520
6520
6520
6520
6520
6520
6520
6520
6520
6520
6520
6520
6520
6520
6519
6520
6520
6520
6520
6520
6520
6520
6520
6520
6520
6520
6520
6520
6520
6520
6520
6520
6520
6520
6520
6520
6519
6519
6519
6519
6519
6519
6520
6520
6520
6520
6520
6520
6520
6520
6520
6520
6520
6520
6520
6520
6519
6519
6519
6519
6519
6519
6519
6519
6519
6519
6519
6519
6519
6519
6519
6519
6519
6519
6519
6519
6519
6519
6519
6519
6519
6519
6519
6519
6519
6520
6520
6520
6520
6520
6520
6520
6520
6520
6520
6520
6520
6520
6520
6519
6519
6519
6519
6519
6519
6519
6519
6519
6519
6519
6519
6519
6519
6519
6519
6519
6519
6519
6519
6519
6519
6519
6519
6519
6519
6519
6519
6519
6519
6519
6519
6519
6519
6519
6520
6520
6520
6520
6520
6520
6520
6520
6520
6520
6520
6520
6520
6520
6520
6520
6520
6520
6520
6520
6520
6520
6520
6520
6520
6520
6520
6520
6520
6520
6520
6520
6520
6520
6520
6520
6520
6520
6520
6520
6520
6520
6520
6520
6520
6520
6520
6520
6520
6504
6504
6504
6504
6504
6504
6504
6504
6504
6504
6504
6504
6504
6504
6504
6504
6504
6504
6504
6504
6504
6504
6504
6504
6504
6504
6504
6504
6504
6504
6520
6520
6520
6520
6520
6520
6520
6520
6520
6520
6520
6520
6520
6520
6520
6520
6520
6520
6520
6520
6520
6520
6520
6520
6520
6520
6520
6520
6520
6520
6520
6520
6520
6520
6519
6520
6520
6520
6520
6520
6520
6519
6519
6519
6519
6519
6519
6519
6520
6520
6520
6520
6520
6520
6520
6520
6520
6520
6520
6520
6520
6520
6520
6520
6519
6519
6519
6519
6519
6519
6519
6519
6519
6519
6519
6519
6519
6519
6519
6519
6519
6519
6519
6519
6519
6519
6519
6519
6519
6519
6519
6519
6519
6519
6519
6519
6519
6519
6519
6519
6519
6519
6519
6519
6519
6520
6520
6520
6520
6520
6520
6520
6519
6519
6519
6519
6519
6519
6519
6519
6519
6519
6519
6519
6519
6519
6519
6519
6519
6519
6519
6519
6519
6519
6519
6519
6519
6519
6519
6519
6519
6519
6519
6519
6520
6520
6520
6520
6520
6520
6520
6520
6520
6520
6520
6520
6520
6520
6520
6520
6520
6520
6520
6520
6520
6520
6520
6520
6520
6520
6520
6520
6520
6520
6520
6520
6520
6520
6520
6520
6520
6520
6520
6520
6520
6520
6520
6520
6520
6520
6520
6520
6520
6520
6520
6520
6520
6520
6520
6520
6520
6520
6520
6520
6520
6520
6520
6520
6519
6519
6519
6519
6519
6519
6519
6519
6519
6519
6519
6519
6519
6519
6519
6519
6519
6519
6519
6519
6519
6519
6519
6519
6519
6519
6519
6519
6519
6519
6519
6519
6519
6519
6519
6519
6519
6519
6519
6519
6519
6519
6519
6519
6519
6519
6519
6519
6519
6519
6519
6519
6519
6519
6519
6519
6519
6519
6519
6519
6519
6503
6503
6503
6503
6503
6503
6503
6403
6403
6403
6503
6503
6503
6519
6519
6519
6519
6519
6519
6519
6519
6519
6520
6519
6519
6519
6519
6519
6519
6519
6519
6519
6519
6519
6519
6519
6519
6519
6519
6519
6519
6519
6519
6519
6519
6519
6519
6519
6519
6519
6519
6519
6519
6519
6519
6519
6519
6519
6519
6519
6519
6519
6519
6519
6519
6519
6519
6519
6519
6519
6519
6519
6519
6519
6519
6519
6519
6519
6519
6519
6519
6519
6519
6519
6519
6519
6519
6519
6520
6520
6520
6520
6520
6520
6520
6520
6520
6520
6520
6520
6520
6520
6520
6520
6520
6520
6520
6520
6520
6520
6520
6520
6520
6520
6520
6520
6520
6520
6520
6520
6520
6520
6520
6520
6520
6520
6519
6519
6519
6519
6519
6520
6520
6520
6520
6520
6520
6520
6520
6520
6520
6520
6520
6520
6520
6520
6520
6520
6520
6520
6520
6520
6520
6520
6520
6520
6520
6520
6520
6520
6520
6520
6520
6520
6520
6520
6520
6520
6520
6520
6520
6520
6519
6519
6519
6519
6519
6519
6519
6519
6519
6519
6519
6519
6519
6519
6519
6519
6519
6519
6519
6519
6519
6519
6519
6519
6519
6519
6519
6519
6519
6519
6519
6520
6520
6520
6520
6520
6520
6520
6520
6520
6520
6520
6520
6520
6520
6520
6520
6520
6520
6520
6520
6520
6520
6520
6520
6520
6520
6520
6520
6520
6520
6520
6520
6520
6520
6520
6520
6520
6520
6520
6520
6520
6520
6520
6520
6520
6520
6520
6520
6520
6520
6520
6520
6520
6520
6520
6520
6520
6520
6520
6520
6520
6520
6520
6520
6520
6520
6520
6520
6520
6520
6520
6520
6520
6520
6520
6519
6519
6519
6519
6519
6519
6519
6519
6519
6519
6519
6519
6519
6519
6519
6519
6519
6519
6519
6519
6520
6520
6520
6520
6520
6520
6520
6520
6520
6520
6520
6520
6520
6520
6520
6520
6520
6520
6520
6520
6520
6520
6520
6520
6520
6520
6520
6520
6520
6520
6520
6520
6520
6520
6520
6520
6520
6520
6520
6520
6520
6520
6520
6520
6520
6520
6520
6520
6520
6520
6520
6520
6520
6520
6520
6520
6520
6520
6520
6520
6520
6520
6520
6520
6520
6520
6520
6519
6519
6519
6519
6519
6519
6520
6519
6519
6519
6519
6519
6519
6519
6519
6519
6519
6519
6520
6520
6520
6520
6520
6520
6520
6520
6520
6520
6520
6520
6520
6520
6520
6520
6520
6520
6520
6520
6520
6520
6520
6520
6520
6520
6520
6519
6519
6519
6519
6519
6519
6519
6519
6519
6519
6519
6519
6519
6519
6519
6519
6519
6519
6519
6519
6519
6519
6519
6519
6519
6519
6519
6519
6519
6519
6519
6519
6519
6519
6519
6519
6519
6519
6519
6519
6519
6519
6519
6519
6519
6519
6520
6520
6520
6520
6520
6520
6520
6520
6520
6520
6520
6520
6520
6520
6520
6520
6520
6520
6520
6520
6520
6520
6520
6520
6520
6520
6520
6519
6519
6519
6519
6519
6519
6519
6519
6519
6519
6519
6519
6519
6519
6519
6519
6520
6520
6520
6520
6520
6520
6520
6520
6520
6520
6520
6520
6520
6520
6520
6520
6520
6520
6520
6520
6520
6520
6520
6520
6520
6520
6520
6520
6519
6519
6519
6519
6519
6519
6519
6519
6519
6519
6519
6519
6519
6519
6519
6519
6519
6519
6519
6519
6519
6519
6519
6519
6520
6520
6520
6520
6520
6520
6520
6520
6520
6520
6520
6520
6520
6520
6520
6520
6520
6520
6520
6520
6520
6520
6520
6520
6520
6520
6520
6520
6519
6519
6519
6519
6519
6519
6519
6519
6519
6519
6519
6519
6519
6519
6519
6519
6519
6519
6519
6519
6519
6519
6519
6519
6519
6519
6519
6520
6520
6520
6520
6520
6520
6520
6520
6520
6520
6520
6520
6520
6520
6520
6520
6520
6520
6520
6519
6519
6519
6519
6519
6520
6520
6520
6520
6520
6520
6520
6520
6520
6520
6520
6520
6520
6520
6520
6520
6520
6520
6520
6520
6520
6520
6520
6520
6520
6520
6520
6520
6520
6520
6520
6520
6520
6520
6520
6519
6519
6519
6519
6519
6519
6519
6519
6520
6520
6520
6520
6520
6520
6520
6520
6520
6520
6520
6520
6520
6520
6520
6520
6520
6520
6520
6520
6520
6520
6520
6520
6520
6520
6520
6520
6520
6520
6520
6520
6520
6520
6520
6520
6520
6520
6520
6520
6520
6520
6520
6520
6520
6520
6519
6519
6519
6519
6519
6519
6519
6519
6519
6519
6519
6519
6519
6519
6519
6519
6519
6519
6519
6519
6519
6520
6520
6520
6520
6520
6520
6520
6520
6520
6520
6520
6520
6520
6520
6520
6520
6520
6520
6520
6520
6520
6519
6520
6520
6520
6520
6519
6519
6519
6519
6519
6519
6519
6519
6519
6519
6519
6519
6519
6519
6519
6519
6519
6519
6519
6519
6519
6519
6519
6519
6519
6519
6519
6519
6520
6520
6520
6520
6519
6519
6519
6519
6519
6519
6519
6519
6519
6519
6519
6519
6519
6519
6520
6520
6520
6520
6520
6520
6519
6519
6519
6519
6519
6519
6519
6519
6519
6519
6519
6519
6519
6519
6519
6519
6519
6519
6519
6519
6519
6519
6520
6520
6520
6520
6520
6520
6520
6520
6520
6520
6520
6520
6520
6520
6520
6520
6520
6520
6519
6519
6519
6519
6519
6519
6519
6519
6520
6520
6520
6520
6520
6520
6520
6520
6520
6520
6520
6520
6520
6520
6520
6520
6520
6520
6520
6520
6520
6520
6520
6520
6520
6520
6520
6520
6519
6519
6519
6519
6519
6519
6519
6519
6519
6519
6519
6519
6519
6519
6519
6519
6519
6519
6519
6519
6519
6519
6519
6519
6519
6519
6519
6519
6519
6519
6519
6519
6519
6519
6519
6519
6519
6519
6519
6519
6519
6520
6520
6520
6520
6519
6519
6519
6519
6520
6520
6520
6520
6520
6520
6520
6520
6520
6520
6520
6520
6520
6520
6520
6519
6519
6519
6519
6519
6519
6519
6519
6519
6520
6520
6520
6520
6519
6519
6519
6519
6519
6519
6519
6519
6519
6519
6519
6519
6519
6519
6519
6519
6519
6519
6519
6519
6519
6519
6519
6519
6519
6519
6519
6519
6519
6519
6519
6519
6519
6519
6519
6519
6519
6519
6519
6519
6519
6520
6520
6520
6520
6520
6520
6520
6520
6520
6520
6520
6520
6520
6520
6520
6520
6520
6520
6520
6520
6520
6520
6520
6520
6520
6520
6520
6520
6520
6520
6520
6520
6520
6520
6520
6520
6520
6520
6520
6519
6519
6519
6519
6519
6519
6519
6519
6519
6519
6519
6519
6519
6519
6519
6519
6520
6520
6520
6520
6520
6520
6520
6520
6520
6520
6520
6520
6520
6520
6520
6520
6520
6520
6520
6520
6519
6519
6519
6519
6519
6519
6519
6519
6519
6519
6519
6519
6519
6519
6519
6519
6519
6519
6519
6519
6519
6519
6519
6519
6519
6519
6519
6519
6519
6519
6519
6520
6520
6520
6520
6520
6520
6520
6520
6520
6520
6520
6520
6520
6520
6520
6520
6520
6520
6520
6520
6520
6520
6520
6520
6520
6520
6520
6520
6520
6520
6520
6520
6520
6520
6520
6520
6520
6520
6520
6520
6520
6520
6519
6519
6519
6519
6519
6519
6519
6519
6519
6519
6519
6519
6519
6519
6519
6519
6519
6519
6519
6519
6519
6519
6519
6519
6519
6519
6519
6519
6519
6519
6519
6519
6519
6519
6519
6519
6519
6519
6519
6519
6519
6519
6519
6519
6519
6519
6519
6519
6519
6519
6519
6519
6519
6519
6519
6519
6519
6519
6519
6519
6519
6519
6519
6519
6519
6519
6519
6519
6519
6519
6519
6519
6519
6519
6519
6519
6519
6519
6519
6519
6519
6519
6519
6519
6519
6519
6519
6519
6519
6519
6519
6519
6519
6519
6519
6519
6519
6519
6520
6520
6520
6520
6520
6520
6520
6520
6520
6520
6520
6520
6520
6519
6519
6519
6519
6519
6519
6519
6519
6519
6519
6519
6519
6519
6519
6519
6519
6519
6519
6519
6519
6519
6519
6519
6519
6519
6519
6519
6519
6519
6519
6520
6520
6520
6520
6520
6520
6520
6520
6520
6520
6520
6520
6520
6520
6520
6520
6520
6520
6520
6520
6520
6520
6520
6520
6520
6520
6520
6520
6520
6520
6520
6520
6520
6520
6520
6520
6520
6520
6520
6520
6520
6520
6520
6520
6520
6520
6519
6519
6519
6519
6519
6519
6520
6520
6520
6520
6520
6520
6520
6520
6520
6520
6520
6520
6520
6520
6520
6519
6519
6519
6519
6519
6519
6519
6519
6519
6519
6519
6519
6519
6519
6519
6519
6519
6519
6519
6519
6520
6520
6520
6520
6520
6520
6520
6520
6520
6520
6520
6520
6520
6520
6520
6520
6520
6520
6520
6520
6520
6520
6520
6520
6520
6520
6520
6520
6520
6520
6520
6520
6520
6520
6520
6520
6520
6520
6520
6520
6520
6520
6519
6519
6519
6519
6519
6519
6520
6520
6520
6520
6520
6520
6520
6520
6520
6520
6520
6520
6520
6520
6520
6520
6520
6520
6520
6520
6520
6520
6520
6520
6520
6520
6520
6520
6520
6519
6519
6519
6519
6519
6519
6519
6519
6519
6519
6519
6519
6519
6519
6519
6519
6519
6520
6520
6520
6520
6520
6520
6520
6520
6519
6519
6519
6519
6519
6519
6519
6519
6519
6519
6519
6520
6520
6520
6520
6520
6520
6520
6520
6520
6520
6520
6520
6520
6520
6520
6520
6520
6520
6520
6520
6520
6520
6520
6520
6520
6520
6520
6520
6520
6520
6520
6520
6520
6520
6520
6520
6520
6520
6520
6520
6520
6520
6520
6520
6520
6520
6520
6520
6519
6519
6519
6519
6519
6519
6519
6519
6519
6519
6519
6519
6520
6520
6520
6520
6520
6520
6520
6520
6520
6520
6520
6520
6520
6520
6520
6520
6520
6520
6520
6520
6520
6520
6520
6520
6519
6520
6520
6520
6520
6520
6520
6520
6520
6520
6520
6520
6520
6520
6520
6520
6520
6520
6520
6520
6520
6520
6520
6520
6520
6520
6520
6519
6519
6519
6519
6519
6519
6519
6519
6519
6519
6519
6519
6519
6519
6519
6519
6519
6519
6519
6519
6519
6519
6519
6519
6519
6519
6519
6519
6519
6520
6520
6520
6520
6520
6520
6520
6520
6520
6520
6520
6520
6520
6519
6519
6519
6519
6519
6519
6519
6519
6519
6519
6519
6519
6519
6520
6520
6520
6520
6520
6520
6520
6520
6520
6519
6519
6519
6519
6519
6519
6519
6519
6519
6519
6519
6519
6520
6520
6520
6520
6520
6520
6520
6520
6520
6520
6520
6520
6520
6520
6520
6520
6520
6520
6520
6520
6520
6520
6520
6520
6520
6520
6520
6520
6520
6520
6520
6520
6520
6520
6520
6519
6519
6519
6519
6519
6519
6519
6519
6519
6519
6519
6519
6519
6519
6519
6519
6519
6519
6519
6519
6519
6519
6520
6520
6520
6520
6520
6520
6520
6520
6520
6520
6520
6520
6520
6520
6520
6520
6520
6520
6520
6520
6520
6520
6520
6520
6520
6520
6520
6520
6520
6520
6520
6520
6520
6520
6520
6520
6520
6520
6520
6520
6520
6520
6520
6520
6520
6520
6520
6520
6520
6520
6520
6520
6520
6520
6520
6520
6520
6520
6520
6520
6520
6520
6520
6520
6520
6520
6520
6520
6520
6520
6520
6520
6520
6520
6520
6520
6520
6520
6520
6520
6520
6520
6520
6520
6520
6520
6519
6519
6519
6519
6519
6519
6519
6520
6520
6520
6520
6520
6520
6520
6520
6520
6520
6520
6520
6520
6520
6520
6520
6520
6520
6520
6520
6520
6520
6520
6520
6520
6520
6520
6520
6520
6520
6520
6520
6520
6520
6520
6520
6520
6520
6520
6520
6520
6520
6520
6520
6520
6520
6519
6519
6519
6519
6519
6519
6519
6519
6519
6520
6520
6520
6520
6520
6520
6520
6520
6520
6520
6520
6520
6520
6520
6520
6520
6520
6520
6520
6520
6520
6520
6520
6520
6520
6520
6520
6520
6520
6520
6520
6520
6520
6520
6520
6520
6520
6520
6520
6520
6520
6520
6520
6520
6520
6520
6520
6520
6520
6520
6520
6520
6520
6520
6520
6520
6520
6520
6520
6520
6520
6520
6520
6520
6520
6520
6520
6520
6520
6520
6520
6520
6520
6520
6520
6520
6520
6520
6520
6520
6520
6520
6520
6520
6520
6520
6520
6520
6520
6520
6520
6520
6520
6520
6520
6520
6520
6520
6520
6520
6520
6520
6520
6520
6520
6520
6520
6520
6520
6520
6520
6520
6520
6520
6520
6520
6520
6520
6520
6520
6520
6520
6520
6520
6520
6520
6520
6520
6520
6520
6520
6520
6520
6520
6520
6519
6519
6519
6519
6519
6519
6519
6519
6519
6519
6519
6519
6519
6519
6519
6519
6519
6519
6519
6519
6519
6519
6519
6519
6519
6519
6519
6519
6519
6519
6519
6519
6519
6519
6519
6519
6519
6520
6520
6520
6520
6520
6520
6520
6519
6519
6519
6519
6519
6519
6520
6520
6520
6519
6519
6519
6519
6519
6519
6519
6519
6519
6519
6519
6519
6519
6519
6519
6519
6519
6519
6519
6519
6519
6519
6519
6519
6519
6519
6519
6519
6519
6519
6519
6519
6519
6519
6519
6519
6519
6519
6519
6519
6519
6519
6519
6519
6519
6519
6519
6519
6519
6519
6519
6519
6519
6519
6519
6519
6519
6519
6519
6519
6519
6519
6519
6519
6519
6519
6520
6520
6520
6520
6520
6520
6520
6520
6520
6520
6520
6520
6520
6520
6519
6519
6519
6519
6519
6519
6519
6520
6520
6520
6520
6520
6520
6520
6519
6519
6520
6519
6519
6519
6519
6519
6519
6520
6520
6520
6520
6520
6520
6520
6519
6519
6519
6519
6519
6519
6519
6519
6520
6520
6520
6520
6520
6520
6520
6520
6520
6520
6520
6520
6520
6520
6520
6520
6520
6520
6520
6520
6520
6520
6520
6520
6520
6520
6520
6520
6520
6520
6520
6520
6520
6520
6520
6520
6520
6520
6520
6520
6520
6520
6520
6520
6520
6520
6520
6520
6520
6520
6520
6520
6520
6520
6520
6520
6520
6520
6520
6520
6520
6520
6520
6520
6520
6520
6520
6520
6520
6520
6520
6520
6520
6520
6520
6520
6520
6520
6520
6520
6520
6520
6520
6520
6520
6520
6519
6519
6519
6519
6519
6520
6520
6520
6520
6520
6519
6519
6520
6520
6520
6520
6520
6520
6520
6520
6520
6520
6520
6520
6520
6520
6520
6520
6520
6520
6520
6520
6520
6520
6520
6520
6520
6520
6520
6520
6520
6520
6520
6520
6520
6520
6520
6520
6520
6520
6520
6520
6520
6520
6520
6520
6520
6520
6520
6520
6520
6520
6520
6520
6520
6520
6520
6520
6520
6520
6520
6520
6520
6520
6520
6520
6520
6520
6520
6520
6520
6520
6520
6520
6520
6520
6520
6520
6520
6520
6520
6520
6520
6520
6520
6520
6520
6520
6520
6520
6520
6520
6520
6520
6520
6520
6520
6520
6520
6520
6520
6520
6520
6520
6520
6520
6520
6520
6520
6520
6520
6520
6520
6520
6520
6520
6520
6520
6520
6520
6520
6520
6520
6520
6520
6520
6520
6520
6520
6520
6520
6520
6520
6520
6520
6520
6520
6520
6520
6520
6520
6520
6520
6520
6520
6520
6519
6519
6519
6519
6519
6519
6519
6519
6519
6519
6519
6519
6519
6519
6519
6520
6520
6520
6520
6520
6520
6520
6520
6520
6520
6520
6520
6520
6520
6520
6520
6520
6520
6520
6520
6520
6520
6520
6520
6520
6520
6520
6520
6520
6520
6520
6520
6520
6520
6520
6520
6520
6520
6520
6520
6520
6520
6520
6520
6520
6520
6520
6520
6520
6520
6520
6520
6520
6520
6520
6520
6520
6520
6520
6520
6520
6520
6520
6519
6519
6519
6519
6519
6519
6519
6519
6519
6519
6519
6519
6519
6519
6519
6519
6520
6520
6520
6520
6520
6520
6520
6520
6520
6520
6520
6520
6520
6520
6520
6520
6520
6520
6520
6520
6520
6520
6520
6520
6520
6520
6520
6520
6520
6520
6520
6520
6520
6520
6520
6520
6520
6520
6520
6520
6520
6520
6520
6520
6520
6520
6520
6520
6520
6520
6520
6520
6520
6520
6520
6520
6520
6520
6520
6520
6520
6520
6520
6520
6520
6519
6519
6519
6519
6520
6520
6520
6520
6520
6520
6520
6520
6520
6520
6520
6520
6520
6520
6520
6520
6520
6520
6520
6520
6520
6520
6520
6520
6520
6520
6520
6520
6520
6520
6520
6520
6520
6520
6520
6520
6520
6520
6520
6520
6520
6520
6520
6520
6520
6520
6520
6520
6520
6520
6520
6520
6520
6520
6520
6520
6520
6520
6520
6520
6520
6520
6520
6520
6520
6520
6520
6520
6520
6520
6520
6520
6520
6520
6520
6520
6520
6520
6520
6520
6520
6520
6520
6520
6520
6520
6520
6520
6520
6520
6520
6520
6520
6520
6520
6520
6520
6520
6520
6520
6520
6520
6520
6520
6520
6520
6520
6520
6520
6520
6520
6520
6520
6520
6520
6520
6520
6520
6520
6520
6520
6520
6520
6520
6520
6520
6520
6520
6520
6520
6520
6520
6520
6520
6520
6520
6520
6520
6520
6520
6520
6520
6520
6520
6519
6520
6520
6519
6519
6519
6519
6519
6519
6519
6519
6519
6519
6519
6519
6519
6519
6519
6519
6519
6519
6519
6519
6520
6520
6520
6520
6520
6520
6520
6520
6520
6520
6520
6520
6520
6520
6520
6520
6520
6520
6520
6520
6520
6520
6520
6520
6520
6520
6520
6520
6520
6520
6520
6520
6520
6520
6520
6520
6520
6520
6520
6520
6520
6520
6520
6520
6520
6520
6520
6520
6520
6520
6520
6520
6520
6520
6520
6520
6520
6520
6520
6520
6520
6520
6520
6520
6520
6520
6520
6520
6520
6520
6520
6520
6520
6520
6520
6520
6520
6520
6520
6520
6520
6520
6520
6520
6520
6520
6520
6520
6520
6520
6520
6520
6520
6520
6520
6520
6520
6520
6520
6520
6520
6520
6520
6520
6520
6520
6520
6520
6520
6520
6520
6520
6520
6520
6520
6520
6520
6520
6520
6520
6520
6520
6520
6520
6520
6520
6520
6520
6520
6520
6520
6520
6520
6520
6520
6520
6520
6520
6520
6520
6520
6520
6520
6520
6520
6520
6520
6520
6520
6520
6520
6520
6520
6520
6520
6520
6520
6520
6520
6520
6520
6520
6520
6520
6520
6520
6519
6519
6519
6519
6519
6519
6519
6519
6519
6519
6519
6519
6519
6519
6519
6519
6519
6519
6519
6519
6519
6519
6519
6519
6519
6519
6519
6520
6520
6520
6520
6520
6520
6520
6520
6520
6520
6520
6520
6520
6520
6520
6520
6520
6520
6520
6520
6520
6520
6520
6520
6520
6520
6520
6520
6520
6520
6520
6520
6520
6520
6520
6520
6520
6519
6519
6519
6519
6519
6520
6520
6520
6520
6520
6519
6519
6519
6519
6519
6519
6519
6519
6519
6519
6519
6519
6519
6519
6519
6520
6520
6520
6520
6520
6520
6520
6520
6520
6520
6520
6520
6520
6520
6520
6520
6520
6520
6520
6520
6520
6520
6520
6520
6520
6520
6520
6520
6520
6520
6520
6520
6520
6520
6520
6520
6520
6520
6520
6520
6520
6520
6520
6520
6520
6520
6520
6520
6520
6520
6520
6520
6520
6520
6520
6520
6520
6520
6520
6520
6520
6520
6520
6520
6520
6520
6520
6520
6520
6520
6520
6520
6520
6520
6520
6520
6520
6520
6520
6520
6520
6520
6520
6520
6520
6520
6520
6520
6520
6520
6520
6520
6520
6520
6520
6520
6520
6520
6520
6520
6520
6520
6520
6520
6520
6520
6520
6520
6520
6520
6520
6520
6520
6520
6520
6520
6520
6520
6520
6520
6520
6520
6520
6520
6520
6520
6520
6520
6520
6520
6520
6520
6520
6520
6520
6520
6520
6520
6520
6520
6520
6520
6520
6520
6520
6520
6520
6520
6520
6520
6520
6519
6519
6519
6519
6519
6519
6519
6519
6519
6519
6519
6519
6520
6520
6520
6520
6520
6520
6520
6520
6520
6520
6520
6520
6520
6520
6520
6520
6520
6520
6520
6520
6520
6520
6520
6520
6520
6520
6520
6520
6520
6520
6520
6520
6520
6520
6520
6520
6520
6520
6520
6520
6520
6520
6520
6520
6520
6520
6520
6520
6520
6520
6520
6520
6520
6520
6520
6520
6520
6520
6520
6520
6520
6520
6520
6520
6520
6520
6520
6520
6520
6520
6520
6520
6520
6520
6520
6520
6520
6520
6520
6520
6520
6520
6520
6520
6520
6520
6520
6520
6520
6520
6520
6520
6520
6520
6520
6520
6520
6520
6520
6520
6520
6520
6520
6520
6520
6520
6520
6520
6520
6520
6520
6520
6520
6520
6520
6520
6520
6520
6520
6520
6520
6520
6520
6520
6520
6520
6520
6520
6520
6520
6519
6519
6519
6519
6519
6519
6519
6519
6519
6519
6519
6519
6519
6520
6520
6520
6520
6520
6520
6520
6520
6520
6520
6520
6520
6520
6520
6520
6520
6520
6520
6520
6520
6520
6520
6520
6520
6520
6520
6520
6520
6520
6520
6520
6520
6520
6520
6520
6520
6520
6520
6520
6520
6520
6520
6520
6520
6520
6520
6520
6520
6520
6520
6520
6520
6520
6520
6520
6520
6520
6520
6520
6520
6520
6520
6520
6520
6520
6520
6520
6520
6520
6520
6520
6520
6520
6520
6520
6520
6520
6520
6520
6520
6520
6520
6520
6520
6520
6520
6520
6520
6520
6520
6520
6520
6520
6520
6520
6520
6519
6519
6519
6519
6519
6519
6519
6519
6519
6519
6519
6519
6519
6519
6519
6519
6519
6519
6519
6519
6519
6519
6519
6519
6519
6519
6519
6519
6519
6519
6519
6519
6519
6519
6519
6519
6519
6519
6519
6519
6519
6519
6519
6519
6519
6520
6520
6520
6520
6520
6520
6520
6519
6519
6519
6519
6519
6519
6519
6519
6519
6519
6519
6519
6519
6519
6519
6519
6519
6519
6519
6519
6519
6519
6519
6519
6519
6519
6519
6519
6519
6519
6519
6519
6519
6519
6519
6519
6519
6519
6519
6519
6519
6519
6519
6519
6519
6519
6519
6519
6519
6519
6519
6519
6519
6519
6519
6519
6519
6519
6519
6519
6519
6519
6519
6519
6519
6519
6519
6519
6519
6519
6519
6519
6519
6519
6519
6519
6519
6519
6519
6519
6519
6519
6519
6519
6519
6519
6519
6519
6519
6519
6519
6519
6519
6519
6519
6519
6519
6519
6519
6519
6519
6519
6519
6519
6519
6519
6520
6520
6520
6520
6520
6520
6520
6520
6520
6520
6520
6520
6520
6520
6520
6520
6520
6520
6520
6520
6520
6520
6520
6520
6520
6520
6520
6520
6520
6520
6520
6520
6520
6520
6520
6520
6520
6520
6520
6520
6520
6520
6520
6520
6520
6520
6520
6520
6520
6520
6520
6520
6520
6520
6520
6520
6520
6520
6520
6520
6520
6520
6520
6520
6520
6520
6520
6520
6520
6520
6520
6520
6520
6520
6520
6520
6520
6520
6520
6520
6520
6520
6520
6520
6520
6520
6520
6520
6520
6520
6520
6520
6520
6520
6520
6520
6520
6520
6520
6520
6520
6520
6520
6520
6520
6520
6520
6520
6520
6520
6520
6520
6520
6520
6520
6520
6520
6520
6520
6520
6520
6520
6520
6520
6520
6520
6520
6520
6520
6520
6520
6520
6520
6520
6520
6520
6520
6520
6520
6520
6520
6520
6520
6520
6520
6520
6520
6520
6520
6520
6520
6520
6520
6520
6520
6520
6520
6520
6520
6520
6520
6520
6520
6520
6520
6520
6520
6520
6520
6520
6520
6520
6520
6520
6520
6520
6520
6520
6520
6520
6520
6520
6520
6520
6520
6520
6520
6520
6520
6520
6520
6520
6520
6520
6520
6520
6520
6520
6520
6520
6520
6520
6520
6520
6520
6520
6520
6520
6520
6520
6520
6520
6520
6520
6520
6520
6520
6520
6520
6520
6520
6520
6520
6520
6520
6520
6520
6520
6520
6520
6520
6520
6520
6520
6520
6520
6520
6520
6520
6520
6520
6520
6520
6520
6520
6520
6520
6520
6520
6520
6520
6520
6520
6520
6520
6520
6520
6520
6520
6520
6520
6520
6520
6520
6520
6520
6520
6520
6520
6520
6520
6520
6520
6520
6520
6520
6520
6520
6520
6520
6520
6520
6520
6520
6520
6520
6520
6520
6520
6520
6520
6520
6520
6520
6520
6520
6520
6520
6520
6520
6520
6520
6520
6520
6520
6520
6520
6520
6520
6520
6520
6520
6520
6520
6520
6520
6520
6520
6520
6520
6520
6520
6520
6520
6520
6520
6520
6520
6520
6520
6520
6520
