3750
3909
3473
3149
3050
3388
2991
3315
3156
3183
3619
3374
3374
3485
3644
3645
3889
3889
4403
4403
4023
3685
3361
3460
3216
3554
3798
4178
4179
3665
3665
3665
3285
3665
3229
3743
3201
2903
2903
2902
2903
2902
2901
3146
2808
2808
3132
2618
2519
2275
2164
2706
2679
2680
2978
2977
2978
2977
3413
3413
3011
3011
3038
3376
3778
3480
3480
2938
2938
2600
2600
2711
2810
2430
2331
2332
2337
2581
2422
2177
2475
2523
2518
2518
2517
2115
2495
2495
2496
2893
2894
2783
2882
2887
3225
3627
3738
3336
3335
3336
3335
3877
3579
3531
3579
3580
3469
3421
3416
3415
2788
3086
2842
2743
2346
2351
2346
1966
1965
2479
2043
1705
1678
2080
2477
2525
2905
2905
3016
2474
2719
3261
3420
3018
3420
3664
3419
3419
3175
3802
3260
2633
2638
2527
2554
2892
3136
2756
2359
2795
2906
2907
2505
2604
2505
2885
2886
2859
2521
2923
2923
3550
3306
2792
2390
2390
2342
2341
2586
2341
2586
2634
2475
2813
2972
3071
3473
3473
3149
3144
3541
3541
4083
4083
4083
3838
3843
3843
4167
4681
4682
4681
4708
4609
4450
4048
4021
3641
4021
3697
3649
3107
3134
3676
3296
2998
2993
3291
3339
3041
3421
3420
3420
3665
3670
3559
3670
3643
4045
4040
3702
3703
3704
3704
3459
3459
2917
2869
3167
3709
3411
3735
4033
3406
3406
4033
4033
4278
3881
3770
3881
3367
3069
2527
2527
3041
2661
2661
2760
2760
2515
2191
2080
2460
2704
2752
3050
3049
3373
3373
3484
3484
3822
3484
3373
3373
3915
3915
3671
3572
3573
3249
3360
2818
3360
3698
3262
3421
3520
3519
3519
3519
3221
2679
3076
3374
3374
3326
3326
3326
3227
3227
3472
3472
3471
3715
3604
3605
3604
3604
3605
3361
3202
2805
2805
2805
2964
2964
3506
3506
3533
3533
3019
2392
2503
2939
2940
2538
2782
2781
2781
2780
2238
2752
3379
3427
3427
2913
2886
3428
3380
3428
3428
3183
2747
3183
3024
3024
2686
3024
3029
2402
2799
2800
2801
2960
3362
3361
3313
3340
3339
3853
3473
3473
3446
3473
3314
2917
3016
3016
3017
3414
3659
3415
2979
2880
2338
2582
2244
2244
2245
1947
1550
1550
1549
1548
1303
1739
2136
2136
1700
2327
2763
2862
2465
2029
2353
1726
2162
2051
2210
2183
2231
2773
2231
2628
3008
2606
2209
2204
2204
1690
1988
1889
1890
1895
1894
1650
1894
2521
2632
2632
2731
3128
3029
3029
3543
3543
4085
4487
4487
4328
4084
3704
3705
3949
4194
4574
4574
4138
4139
4138
3624
3623
3299
3188
3188
3624
3625
3784
3784
4108
4103
4103
3561
3237
3078
3077
2832
2833
3171
3176
2549
2576
2576
2179
2174
2174
2571
2895
2557
3184
3136
3295
3300
3273
3273
3029
3077
3072
3071
3023
3537
4079
3643
4079
4417
4661
4661
4662
4662
4667
4715
4377
4622
4108
4622
4220
4247
4002
4247
4242
4215
3970
3590
3590
3048
3000
3338
3338
3386
3413
3793
3549
3793
3455
3455
3428
3428
3428
3433
3428
3048
3048
2534
2936
3035
2737
2736
2637
2637
2664
2664
2420
2519
2471
2985
2985
3096
2937
3182
2937
3096
3101
3101
3101
3345
3346
3022
3022
3021
3319
3643
3643
3691
3691
3592
3691
3692
3691
4233
4234
4234
3990
4328
4328
4004
3666
3911
3910
3811
3700
3700
3455
2941
2399
2372
2914
3013
3008
2960
3340
3678
3789
3392
3636
3537
2910
2910
2915
2910
2572
2817
2706
2706
2817
3214
3214
3214
3215
3539
3539
3587
3428
3427
3432
3384
3384
3411
3411
3570
3908
3749
3638
3638
3639
3638
3797
3395
3236
3395
3057
3058
3169
3571
3570
3571
3909
3904
3659
3658
3903
3908
3908
3908
3903
3744
3744
3717
3717
3175
3175
2837
3464
3465
4007
4007
4007
4012
4013
4527
4865
4238
4238
4127
3882
3502
3204
3363
2927
2927
2927
2385
3012
2688
2688
2286
2286
2385
2384
2383
2785
2626
2785
3165
3165
3165
3489
3537
3537
3648
3649
3649
3649
3311
3311
3263
3019
3019
3317
3317
3318
3318
3318
2691
2691
2936
3372
3273
3300
3141
3385
3385
3433
3385
3433
3433
3433
3975
3974
3577
3577
3576
3577
3577
3577
3577
3577
3577
3577
3141
3577
3333
3333
3035
3662
4000
4001
4001
3974
3538
3935
3935
4371
4370
3968
3995
4154
4253
4655
4655
4650
4326
3890
3348
3347
3320
3347
2833
2834
2786
3222
3466
4008
4008
4008
3981
3882
3887
3776
3374
3373
3373
3400
3448
3559
3560
3559
3883
4397
4238
4239
4234
3990
4089
4094
4094
4094
4046
4046
3801
3421
3421
3719
3692
3692
3295
2668
2668
2557
2954
2855
2419
2419
2420
2096
2096
2255
2096
2341
2721
2721
2820
2815
3217
3216
2674
3216
3540
3202
3229
3473
3076
3703
3405
3405
3405
3405
3743
3743
3499
3161
3272
3708
3708
3328
3666
3567
3025
2998
3378
3378
3477
4019
3477
3478
4020
4020
4020
4318
4219
4219
3705
3864
3619
4016
3614
3614
3662
3689
3688
3688
3640
3481
3454
3968
3973
3593
3692
3692
3691
3692
3687
3688
3291
3291
2953
3001
3001
2902
3147
3099
3479
3479
3479
3368
3770
3228
2826
3223
3334
3339
3881
3908
3903
4002
3605
3605
4002
4002
4002
4050
4294
4293
3779
3779
3481
3382
3382
3382
3896
3652
3990
3990
3963
3963
4261
3881
4283
4382
4626
4578
4579
4579
4584
4339
4041
4041
4041
4041
3414
3659
3686
3685
3361
3262
3262
3018
3019
2774
2773
3018
3018
2991
3371
2969
2996
3240
3235
2838
2843
2816
2816
2815
2815
3442
3442
3844
3733
3728
4026
4031
4026
3399
4026
4137
4138
4237
3835
3835
3994
3749
3313
3637
3637
4039
4039
4039
3741
3227
3227
3624
3082
3082
3082
3082
3596
3596
3194
3194
3194
3221
3519
3492
3492
3333
3009
3411
3312
3748
3748
3796
3796
3801
3287
3282
3281
2943
2832
2588
2926
2931
2931
3042
3286
3287
3287
3287
3287
3287
3282
3441
3983
3547
3552
3552
3988
4312
4311
4306
4147
4147
4174
4147
4174
4273
4162
4163
4163
3919
3517
3762
3762
3735
3193
3192
3303
3817
3817
3817
3718
3817
3818
3707
3734
3845
3331
3336
3495
3059
3032
3027
3271
3298
3298
3303
2923
2924
2876
3256
3255
2957
2846
2846
2846
3360
3762
3762
3517
3953
3952
3853
3853
3456
3076
3618
3294
2780
2753
2754
3151
3449
3290
3338
3290
2663
2266
2293
2404
2404
2452
2447
2452
2611
2563
3190
2648
3190
3163
3163
3163
3163
3162
3261
3506
3830
3857
3830
3857
3533
3533
3857
3858
3853
3853
3754
4268
4367
4747
4752
4800
4556
4556
4556
4232
3934
3934
3823
3822
4066
4067
4365
4689
4309
3767
3331
2929
2929
2929
3471
3423
3423
3423
3396
3297
3677
3353
3348
3750
3777
3618
4015
4020
3478
3589
3688
3687
4123
3825
4367
4340
4367
4029
4029
4077
3833
4131
4131
3833
3806
4104
4442
4442
4601
4628
4628
4517
4517
4628
4629
4384
4273
4384
4383
4383
4085
3926
4224
4125
4126
4015
4015
4016
4016
4175
4174
3660
4174
3876
3876
3479
3578
3689
3689
3689
3689
3062
3035
3279
3168
2732
2573
2235
2573
2871
2866
3190
3142
3147
2823
2822
3449
3497
3497
3117
3018
3117
3441
3838
3790
3790
3949
3790
3790
4170
4170
4170
4165
4165
4213
4372
4372
3830
4372
4372
3745
3772
4399
4399
4101
3587
4101
4102
3705
3705
4141
3627
3225
2901
2906
2879
2831
2587
2587
2586
2988
2608
3005
3005
3053
3053
2651
2949
2950
2950
2323
2703
2703
2323
2323
2350
2350
2461
2461
2413
2254
2634
2879
2878
3505
3406
3406
3379
3893
3595
3754
3357
3357
3358
3199
3358
2816
3140
3141
3136
3136
3141
3141
3189
3078
3078
3322
3864
3963
3990
3990
3666
3661
4058
4031
4142
4142
4142
4466
4367
4367
4769
4769
4525
4128
4133
4133
3753
3748
3748
3748
4046
4290
4242
4242
4242
4242
4290
4290
4289
4290
4290
4290
3748
3748
4290
4295
4322
4322
4322
4421
4421
4176
4175
4175
4148
4100
4099
3855
4100
4100
4344
4233
3909
4020
4020
4020
4020
4020
4020
4021
4048
4048
4445
4346
4235
4235
4235
3833
3588
3990
4089
3751
3799
4044
4044
4368
4368
4044
3502
3497
4039
4039
3412
3413
3412
3412
3168
3279
3906
3906
3906
3661
4041
4041
4286
4175
4175
4148
4148
4100
4001
4001
4001
4028
4028
4139
3737
3710
3758
4002
4003
3759
3648
3986
3986
3985
3687
3687
3786
3448
3475
3877
3877
3877
3878
3633
3744
3749
3749
3994
3749
3235
3235
3235
3235
3559
3157
3130
3130
3130
3468
3309
3468
3468
3467
3711
3314
3716
3605
3605
3850
3850
4247
4247
4199
4226
4227
4741
4361
4361
4361
3847
4227
4525
4524
4572
4572
4524
4524
4635
4630
4630
4629
4518
4518
5032
4873
4437
4442
4442
4442
4040
4041
4042
3797
3796
3697
3697
3697
3697
3697
3698
4134
4233
4233
4232
4232
4133
4133
4106
4265
3829
3830
3929
3929
3929
3928
4330
4378
4378
4378
4330
4357
3960
3801
3801
3801
3912
3912
3912
3913
3814
3814
3809
3809
3809
3809
3809
3808
3808
4205
4641
4641
4530
4530
4206
4365
4464
4465
4465
4167
4278
4602
4602
4358
4406
4406
4295
4593
4494
4494
4170
4170
3773
3773
3778
3778
3778
3889
3888
3861
3861
3856
3745
3989
3989
4100
4497
4524
4524
4524
4524
4497
4497
4497
4498
4498
4160
3780
3780
4118
4118
4118
4118
4118
3874
3973
3459
3459
3783
3684
3711
3711
3710
3709
3385
3385
3385
3630
3635
3587
3587
3582
3244
2617
2622
2623
3137
3137
3764
3362
3461
3785
3785
3487
3242
3242
3242
2845
3143
3143
3144
3143
3142
3386
3783
3684
3684
3684
3685
4065
4113
4112
4211
4211
4211
4211
4212
4212
4164
4165
4503
4503
4498
4546
4546
4546
4447
4067
4312
4312
4312
4692
4692
4692
4065
3954
3906
3661
3660
3660
3660
3660
3660
3660
3660
3660
3501
3549
3548
3548
3224
3851
3803
3962
4286
4286
4286
4286
4259
4259
3862
3235
3236
3284
3284
3283
3283
3288
3283
3288
3044
2502
2502
2503
2503
2748
2748
2748
2748
3375
3374
3375
3376
3375
3374
3771
3526
3526
3367
2740
2985
2985
2985
3229
3340
3367
3526
3527
3147
3147
3147
3142
3141
3141
3240
3240
3245
3245
3245
3246
3246
3246
3246
3001
3001
3001
3001
3628
4030
4030
4030
3982
3468
3848
4362
4362
4357
3921
3894
3899
3899
3900
3948
3434
3870
3870
4115
4067
4067
4066
4093
4092
4634
4237
4751
4751
4751
4427
4427
4427
4427
4422
4470
4470
4470
4470
4359
4061
4061
4061
4385
4286
4287
3851
4287
4286
4286
4286
4286
4286
4286
3884
3370
3370
3343
3344
3344
3296
3693
3693
3448
3693
3693
3449
3963
4207
4505
4108
3863
3863
3483
3483
3594
3594
3974
3974
3974
3979
3979
3868
4270
3728
3728
3728
3729
3756
3756
3756
3867
4264
4263
4263
4362
4362
4362
4362
4362
4362
4362
3965
3964
3337
3385
3274
3274
3269
2755
2755
3297
3138
3138
3138
3138
3138
3765
3738
3849
4094
4094
4094
4094
3467
3419
3419
3467
3981
3981
3981
3981
3981
4608
4635
4635
4587
4151
4151
4151
3813
3813
3814
3815
4153
4201
4201
4201
3956
4353
4353
4353
4352
4352
3950
3902
3950
4352
4352
4357
4113
4112
4107
4107
4352
4353
4353
4789
4789
4789
5033
4709
4329
3893
4273
4273
4432
4431
4187
4088
3929
3302
3461
3461
3461
3461
3461
3461
3461
3350
3786
3786
3786
3738
4365
4365
4366
4366
4366
4414
4414
4116
4116
4089
4413
3977
4413
4413
4413
4413
4711
4716
4815
4815
4815
5059
5059
5054
4955
4960
4716
4716
4716
4715
4959
4959
4959
5058
5058
5058
5058
5058
5058
5058
4959
4959
4959
4960
4960
4960
4912
4913
4913
4669
4669
4669
4669
4424
4419
4663
4663
4663
4711
4711
4373
4400
4399
4400
4373
4373
4373
4373
4373
4372
4372
4471
4471
4471
4476
4476
4477
4476
4721
5059
5059
4900
4900
4901
4900
4900
4900
5059
4814
4434
4434
4433
4434
4434
4434
4386
4386
4766
4766
4814
4841
4327
4327
4322
4223
4223
4223
3787
3786
3787
3886
3885
3885
3885
3885
3885
3885
4130
4130
4130
4135
4135
4135
4135
4135
3733
3733
4169
4280
4280
4280
4253
4253
4009
3671
4073
4025
4539
4539
4539
4539
4539
4566
4567
4456
4456
4457
4159
4403
4158
4158
4158
4157
4157
4152
4152
4152
3755
3755
3755
3755
4152
4200
4311
4556
4159
4457
4795
4768
4768
5165
5192
4894
4650
4651
4651
4254
3712
3664
4206
4206
4206
4206
4205
4205
4205
4206
4206
4206
4179
4080
4080
4085
4184
4184
4184
4184
4184
3748
3748
3796
3637
3664
4100
4398
4018
4018
3476
4018
4018
4017
4017
4017
4176
4176
4065
3820
3820
3820
3931
3820
3931
4311
4555
4555
4555
4550
4391
4391
4280
4232
4232
3796
4041
4089
4090
4089
3765
4162
4167
4326
4326
4326
4437
4410
4299
4294
4246
4246
4357
3955
3955
3844
3844
3844
3844
3871
3872
3872
3871
3919
3820
3821
3920
3821
4257
4256
4367
4466
4069
4068
3957
3957
3957
4281
4392
4392
4392
4392
4392
4789
4789
4789
4690
4690
4366
4366
4366
4690
5092
5093
5093
5093
4795
4795
4795
5093
5098
5093
5094
5094
5094
5094
5094
4849
4948
4948
4953
4655
4655
4953
4655
4655
4556
4445
4286
4531
4531
4207
4306
4279
4279
4279
4306
4306
4306
4305
4304
4304
3790
3790
3763
4277
4277
4272
4431
4431
4431
4542
4569
4521
4521
4521
4521
4521
4521
4521
4494
4395
4396
4495
4500
4500
4495
4157
4495
4495
4495
4496
4337
4342
4640
4640
4640
4964
4719
4878
4878
4878
4442
4442
4442
4441
4877
4877
4877
4766
4766
4522
4522
4198
4198
4193
4192
3790
3452
3776
3824
4162
4163
4163
4163
3825
3936
3941
3941
3941
4185
4587
4588
4588
4489
4489
4516
4516
4516
4516
4854
4854
4853
4742
4340
4340
4313
4313
4313
3989
3989
3941
4186
4187
4235
4235
4235
4235
4235
4235
4235
4235
3608
3635
3635
3630
3385
3384
3384
3385
3390
3390
3390
3146
3146
3146
3390
3385
3390
3146
3773
3768
3768
3768
3609
3608
3607
3580
3982
3982
3982
3934
4179
4179
4179
4179
4180
4180
4228
3686
3348
3353
3353
3677
3676
3676
3676
3676
3703
3814
3814
4152
4152
4152
4125
4125
4125
4284
4284
4173
4173
3659
3686
3687
3687
3660
3660
3322
3322
3322
3322
3322
3321
3321
3321
3321
3321
3162
3162
3162
3321
3321
3565
3565
3565
3565
3664
3691
3802
4316
4316
4316
4316
4316
4316
4317
4317
3920
3809
3809
3808
3809
3809
3564
3564
3563
3563
3563
3515
4057
4057
4395
4396
4396
4507
4507
4507
4555
4555
4555
4556
4555
3928
3927
3927
3927
3828
4455
4344
4344
4345
4444
4444
4444
4445
4445
4445
4445
4440
4413
4413
4413
4413
4413
4413
4418
4417
4417
4318
4313
4412
4439
4101
4101
4101
4212
4609
4561
4560
4449
4290
4290
4290
4291
4339
4339
4338
4583
4694
4370
4708
4708
4311
4284
4608
4608
4608
4608
4560
4957
5005
4761
5005
5005
5005
5005
4707
4707
4707
4734
5032
5005
5005
5032
5032
5032
5032
5033
4934
4934
4934
4935
4935
4935
4934
4933
5032
5032
4787
4407
4408
4413
4414
4794
4683
4683
4683
4656
4655
4650
4602
4607
4093
4093
4204
4204
4204
4205
4205
4106
4620
4620
4620
4719
4719
4719
4719
4964
4964
4964
4964
4964
4964
4991
4991
5039
5039
5038
4927
4927
5038
5038
5038
5038
5033
4985
4886
4886
5045
5050
5050
5050
5050
4939
4987
4987
4987
5098
4662
4635
4587
4587
4587
4587
4587
4249
4249
4249
3707
3707
3706
3701
3701
3702
3702
4138
4165
4213
4551
4551
4551
4551
4551
4551
4552
4552
4552
4552
4504
4477
5019
5019
5118
5118
5117
5117
5117
5117
5165
5165
5165
5165
5165
5165
5066
4439
4439
4438
4465
4470
4422
4395
4396
4395
4395
4494
4542
4443
4284
4311
3909
3910
3799
3800
3800
3800
3800
3800
3800
3911
3666
3666
3825
4227
4854
4854
4854
5099
5099
5094
5094
5094
5094
5094
5094
4983
4982
4982
4982
5093
5093
5093
5093
5093
5192
5192
5192
5192
5192
5192
5192
5193
5193
5193
5193
5192
5144
5144
5117
5117
5117
5117
5117
5117
5117
4872
4872
4761
4662
4662
4663
4908
4907
4912
4912
4668
4271
4271
4271
4271
4370
4371
4272
4272
4320
4320
4431
4458
4458
4458
4702
4458
4457
4452
4457
4452
4404
4404
4801
4801
4801
4849
4849
4849
4801
4849
4948
4948
4948
4948
4948
4650
4650
4894
4894
4894
4894
4894
4894
4894
4783
4783
4783
4783
4783
4783
4783
4783
4783
4684
4684
4684
4689
4689
4689
4689
4689
4688
4688
4688
4689
4689
4445
4445
4445
4444
4444
4445
4397
4397
4397
4398
4393
4393
4441
4441
4441
4440
4440
4440
4684
4684
4982
4982
4982
4738
4738
4738
4690
4934
4532
4532
4532
4505
4907
4907
4527
4527
4527
4638
4665
4713
4713
4713
4713
5093
5093
5093
5093
5093
5192
5192
5192
5192
5192
4650
4650
4651
4651
4406
4948
4948
4948
5193
5193
5193
5193
5192
5193
5193
5193
5094
5093
5094
5046
5046
5046
5051
5051
5051
5099
4697
4697
4697
4692
4692
4692
4692
4692
4692
4692
4692
4692
4447
4288
4533
4533
4533
4533
4632
4632
4118
4118
4118
4118
4118
4520
4520
4525
4525
4477
4525
4525
5039
5039
4795
4795
4795
4795
4747
4747
4747
4746
4746
4746
4746
4746
4990
4990
4990
4989
4989
4990
4666
4665
4666
4555
4550
4550
4550
4550
4661
4661
4661
4562
4561
4561
4561
4561
4534
4539
4539
4540
4540
4567
4567
4567
4567
4666
4825
4826
4826
4826
4821
4821
4826
4825
4825
5149
5150
5150
5150
5198
5198
5198
5193
5192
5192
5192
5192
5192
5192
5192
5192
5093
5093
5093
5093
5092
5044
5044
5044
5092
5092
5092
4768
4768
4524
4524
4524
4524
4524
4529
4773
4773
4773
4773
4773
4662
4662
4614
4662
4417
4390
4501
4501
4528
4528
4528
4501
4502
4502
4391
4343
4343
4343
4370
4370
4369
4369
4369
4370
4694
4694
4793
4793
4793
4793
4794
4794
5039
5039
5012
5012
5012
4913
4912
5023
5023
5023
5023
5023
4587
4635
4635
4635
4587
4587
4586
4341
4389
4384
4629
4629
4629
4629
4656
4656
4656
4656
4656
4657
4657
4662
4662
4662
4661
4661
4550
4502
4475
4475
4911
4911
4613
4613
4661
4688
4689
4688
4661
4661
4656
4767
4767
4767
4522
4767
4767
4719
4719
4719
4818
4845
4845
4845
4845
4845
4893
4893
4893
4893
4893
4898
4898
4898
4899
4899
4899
5197
5197
5197
5196
5197
5197
5197
5149
4905
4878
4905
4906
5150
5150
5149
5148
5143
5143
5144
5144
5117
5117
5117
5117
5117
5165
4651
4651
4652
4652
4328
4328
4842
4440
4440
4439
4440
4440
4440
4440
4842
4842
4842
4731
4731
4731
4736
4688
4687
4735
5059
5170
5171
5171
5171
4873
4873
4873
4873
4493
4445
4445
4444
4742
4742
4742
4742
4742
4444
4444
4444
4439
4487
4487
4487
4487
4487
4514
4514
4515
4515
4895
4895
4894
4735
4735
4735
4735
4735
4735
4490
4490
4490
4490
4490
4491
4491
4491
4491
4491
4491
4491
4491
4491
4496
4495
4495
4495
4495
4793
4794
4794
4794
4793
4793
4793
4793
4793
4792
4951
5196
5148
5148
5148
5148
5148
5037
4938
4939
4939
5038
4879
4879
4879
4879
4879
4780
4781
4781
4940
5039
4880
4781
4940
4940
5039
5039
5087
5087
5087
5087
5086
4788
4788
4783
4894
4894
4894
4894
4894
4894
4894
4894
4894
4894
4894
4894
4894
4893
4893
4893
4898
4799
4799
4799
4799
4799
4799
4799
5097
5098
5098
5098
5098
5098
5071
5071
5070
5070
5070
5070
5070
5070
5070
5070
5070
5070
5070
5065
5065
5065
5065
5017
5017
5017
5017
5017
5017
5017
5018
5017
5018
5045
5093
4982
4982
4981
4981
5080
5081
4837
4837
4842
4842
4837
4837
4837
4810
5054
4716
4716
4716
4668
4667
4667
4667
4667
5005
5032
5143
5143
5191
5191
5191
5191
5191
5191
4946
4946
4946
4702
4702
4702
4702
4702
4702
4946
4946
5191
5191
5192
4947
4947
4920
5165
5165
5192
5192
5192
5093
5094
5094
5094
5094
5094
5067
5019
5046
5051
4727
4722
4721
4720
4819
4819
4820
4482
4482
4482
4371
4371
4371
4212
4371
4212
4212
4371
4371
4212
4212
4212
4185
4185
4296
4634
4635
4635
4794
4842
4841
4841
4841
4841
4840
4840
4845
4746
4746
4746
4746
4698
4698
4698
4698
4587
4588
4588
4588
4587
4635
4636
4588
4615
4615
4615
4615
4615
4615
4610
4610
4610
4709
4708
4708
4708
4708
4708
4708
4709
4709
4709
4709
4709
4709
4710
4710
4710
4758
4869
5193
5193
5193
5193
5094
5067
5067
5067
5067
5067
5166
5166
5166
5166
5166
5166
5165
5165
5165
5165
5165
5117
5122
5117
5144
5145
5144
5144
5144
5045
5045
5045
4934
4935
4611
4610
4658
4658
4659
4983
4983
4982
4982
4982
4983
4983
4983
4982
4982
4982
4982
4983
4983
4983
4988
4988
4988
4988
4987
4939
4939
4939
5050
5045
5045
5045
5045
5044
5045
5045
5045
5045
5050
5051
5051
5051
5051
5050
5050
4891
4891
4891
4891
4891
4891
5050
5050
5149
5122
5122
5117
5006
5054
5081
5081
5081
5081
5082
5082
5081
5081
5082
5034
5033
5033
5033
5033
5033
5033
5033
5081
5081
5081
5081
5081
5033
5033
5033
5033
5032
5037
5037
5037
5037
5037
5037
5037
5037
5037
5037
5037
5037
5037
5038
5037
5038
5038
5149
5148
5148
5148
5148
5148
5148
5148
5148
5196
5196
5197
5196
5196
5196
5197
5197
5198
5193
5193
5193
5193
5145
5145
5144
5144
5144
5144
5144
4900
4901
4901
4901
4874
4873
4900
4900
4900
4900
4899
4872
4920
4920
4920
4821
4821
4821
4822
4822
4822
4822
4822
4822
4822
4822
4827
4827
4854
4854
4855
4855
4854
4854
4853
5097
5097
5097
5097
5097
5097
5097
5097
5097
5097
5098
5098
5098
5099
5072
5072
5072
5171
5123
5123
5150
5150
5123
5171
5171
5171
5171
5171
5166
5166
5166
5171
5171
5171
5171
5171
5171
5171
5170
5170
5122
5122
4963
4963
5122
5122
5170
5170
5169
5169
5170
5170
5170
5170
5170
5170
5170
5170
5170
5170
5170
5170
5170
5170
5071
5170
5170
5170
5170
5170
5170
5170
5170
5170
5170
5169
5169
5169
5169
5169
5169
5169
5169
5169
5196
5196
5191
5191
5191
5191
5191
5191
5191
5192
5165
5165
5165
5165
5166
5193
5193
5193
5198
5198
5198
5198
5198
5198
5193
5166
5171
5171
5171
5198
5197
5192
5192
5192
5192
5192
5191
5191
5191
5191
4853
4853
4854
4854
4854
4859
5197
5198
5197
5197
5196
5196
5196
5196
5196
5196
5196
5196
5196
5169
5170
5165
5165
5165
5165
5165
5165
5170
5170
5170
5197
5149
5149
5150
5051
5051
5051
5051
5051
5051
5051
5051
5024
5024
5024
5024
5023
5023
5122
5117
5117
5117
5117
5116
5121
5148
5148
5148
5148
5148
5148
5143
5143
5143
5148
5149
5149
5038
5038
5038
5038
5038
5038
4939
5050
5098
5098
5098
5098
5098
5098
5099
5099
5099
5198
5198
5198
5198
5193
5166
5166
5166
5166
5166
5166
5166
5166
5166
5165
5165
5165
5165
5166
5166
5166
5166
5007
4959
5007
4896
4896
4896
4896
4895
5006
5007
5007
5007
5007
5007
5007
5007
5007
5012
5039
5039
5039
5034
5034
5034
5033
5033
5038
5038
5038
5037
5037
5037
5037
5037
5037
5037
5032
5032
5032
5005
5005
5005
5005
5005
5005
5005
5005
5006
5006
5006
5011
5010
5010
5011
5011
5011
5038
5038
5038
5038
5197
5197
5197
5197
5197
5197
5198
5198
5171
5171
5171
5166
5166
5193
5192
5144
5144
5144
5144
5144
5144
5192
5192
5192
5192
5192
5192
5192
5165
5165
5164
5164
5164
5164
5164
5164
5164
5164
5164
5164
5164
5164
5164
5164
5164
5164
5164
5164
5165
5165
5192
5197
5197
5197
5198
5198
5198
5198
5198
5150
5145
5144
5117
5117
5116
5121
5121
5010
5037
5148
5148
5148
5148
5148
5148
5148
5196
5196
5196
5196
5196
5196
5196
5196
5191
5191
5191
5191
5191
5191
5191
5191
5192
5192
5192
5192
5192
5192
5144
5144
5045
5045
5045
5045
5045
5093
4934
4934
5033
5033
5038
5037
5038
5038
5038
5038
5038
5038
5038
5038
5038
5038
5038
5038
5033
5033
5038
5038
5038
5038
5197
5197
5196
5197
5197
5197
5196
5196
5196
5196
5196
5196
5196
5196
5196
5196
5196
5191
5191
5191
5191
5196
5196
5196
5191
5191
5191
5191
5143
5143
5116
5116
5164
5164
5164
5164
5164
5164
5164
5164
5164
5164
5165
5165
5165
5165
5165
5165
5192
5192
5192
5144
5144
5144
5149
5149
5149
5149
5150
5145
5145
5145
5145
5145
5144
5145
5145
5145
5150
5150
5150
5149
5144
5144
5149
5149
5149
5149
5149
4990
4989
4990
4989
4989
4989
5148
5148
5148
5148
5148
5148
5148
5148
5148
5148
5148
5148
5196
5148
5148
5149
5149
5149
5149
5150
5039
5039
5039
5039
5150
5150
5145
5150
5150
5150
5150
5149
5149
5149
5149
5149
5149
5149
5149
5149
5148
5148
5148
5148
5148
5148
5148
5148
5149
5149
5148
5149
5149
5122
5122
5122
5149
5149
5149
5148
5148
5148
5148
5148
5148
5148
5148
5148
5148
5149
5149
5149
5150
5198
5198
5198
5197
5197
5086
5086
5086
5086
5086
5086
5086
5086
5086
5086
5081
5081
5081
5081
5081
5080
5081
5081
5081
5081
5081
5081
5081
5081
5081
5081
5192
5192
5193
5193
5193
5193
5193
5193
5193
5193
5193
5193
5198
5197
5197
5192
5192
5192
5192
5192
4790
4790
4790
4790
4790
4790
4790
4795
4795
4768
4768
4768
4657
4609
4609
4657
4656
4656
4683
4683
4683
4683
4684
4679
4679
4679
4679
4679
4680
4680
4680
4680
4680
4680
4680
4685
4685
4684
4684
4684
4684
4795
4795
4795
4790
4791
4791
4791
5193
5193
5193
5145
5145
5145
5145
5145
5145
5150
5150
5150
5145
5145
5144
5144
5144
5192
5192
5193
5193
5193
5193
5193
5193
5193
5193
5193
5193
5192
5192
5192
5193
5193
5193
5193
4949
4949
4949
4949
4949
4922
4922
4921
4921
4921
4948
4948
4948
4948
4948
4948
4948
4948
4921
4921
4921
4920
4920
4921
4921
4921
4921
4920
4872
4872
4872
4873
4873
4873
4872
4872
4899
4899
4899
4900
4900
4899
4899
4899
4899
4899
4899
4899
4899
4899
4899
4872
5116
5116
5116
5116
5116
5116
5116
5121
5121
5121
5122
5170
5170
5170
5170
5170
5170
5170
5165
5165
5165
5165
5192
5192
5192
5192
5192
5192
5192
5192
5197
5197
5197
5197
5197
5197
5197
5198
5198
5198
5198
5198
5198
5198
5198
5198
5198
5150
5150
5150
5149
5149
5149
5148
5148
5196
5197
5197
5149
5149
5149
5149
5149
5148
5148
5148
5149
5149
5149
5149
5149
5149
5149
5149
5149
5150
5150
5150
5145
5145
5145
5145
5193
5192
5192
5192
5192
5192
5192
5192
5192
5192
5192
5192
5192
5192
5192
5192
5192
5192
5192
5192
5192
5192
5033
5006
5006
5006
5006
5006
5007
5007
5007
5007
5007
5007
5007
5007
5007
5007
5007
4908
5067
5066
5067
5072
5072
5072
5072
5072
5072
5072
5072
5072
5099
5099
5099
5099
5099
5099
5098
5097
5097
5097
5097
5097
5097
5097
5097
5097
5097
5097
5097
5097
5097
5098
5093
5093
5045
5045
5050
5050
5050
5050
5051
5051
5051
5051
5051
5051
5051
5051
5051
5051
5051
5051
5051
5051
5050
5050
5050
5050
5050
5050
5045
5144
5144
5144
5144
5144
5144
5144
5144
5144
5192
5192
5192
5192
5165
5165
5170
5170
5170
5170
5197
5197
5197
5197
5197
5197
5197
5197
5197
5197
5197
5170
5170
5197
5192
5192
5081
5081
5080
5032
5080
5032
5033
5033
5033
5033
5144
5144
5144
5144
5149
5150
5150
5150
5145
5145
5145
5145
5150
5150
5150
5150
5145
5145
5145
5145
5145
5118
5118
5118
5118
5118
5166
5166
5166
5166
5166
5166
5171
5171
5171
5171
5123
5171
5171
5171
5171
5072
5171
5171
5170
5171
5171
5171
5171
5171
5171
5171
5171
5171
5171
5171
5171
5171
5171
5171
5171
5123
5150
5149
5150
5150
5150
5150
5150
5150
5149
5149
5197
5192
5192
5192
5192
5192
5192
5192
5192
5192
5192
5192
5197
5197
5197
5197
5197
5197
5197
5197
5149
5197
5197
5197
5197
5197
5197
5197
5197
5197
5197
5197
5197
5197
5197
5198
5198
5198
5193
5193
5192
5192
5192
5192
5192
5192
5192
5192
5192
5192
5192
5192
5192
5197
5196
5196
5196
5196
5196
5196
5196
5169
5164
5164
5165
5164
5164
5164
5164
5164
5116
5164
5164
5165
5165
5165
5066
5093
5093
5092
5092
5092
5191
5191
5191
5192
5192
5192
5192
5192
5144
5144
5144
5144
5144
5144
5145
5145
5144
5144
5144
5143
5143
5143
5143
5143
5143
5143
5144
5144
5144
5144
5144
5144
5144
5144
5144
5144
5144
5149
5148
5148
5148
5148
5149
5149
5149
5149
5149
5149
5144
5144
5144
5144
5192
5192
5197
5197
5197
5198
5198
5198
5198
5198
5197
5197
5197
5197
5197
5149
5149
5149
5149
5149
5197
5197
5197
5197
5197
5196
5148
5148
5196
5196
5196
5196
5196
5197
5197
5192
5192
5192
5192
5192
5192
5192
5192
5192
5197
5197
5197
5197
5149
5149
5149
5149
5150
5150
5150
5150
5150
5150
5150
5150
5150
5150
5150
5123
5122
5122
5117
5117
5117
5117
5117
5117
5117
5117
5118
5118
5118
5123
5123
5123
5123
5150
5150
5150
5150
5150
5150
5150
5149
5144
5192
5192
5192
5192
5192
5192
5191
5191
5191
5191
5191
5191
5191
5191
5192
5192
5192
5192
5192
5192
5192
5192
5192
5192
5192
5192
5192
5192
5192
5192
5192
5192
5192
5192
5192
5192
5192
5192
5192
5192
5192
5192
5193
5198
5197
5197
5197
5197
5197
5196
5196
5196
5196
5196
5196
5196
5196
5196
5197
5197
5197
5197
5197
5197
5197
5197
5197
5197
5197
5197
5197
5192
5165
5165
5165
5117
5117
5117
5117
5122
5122
5123
5118
5118
5118
5123
5123
5123
5123
5123
5123
5171
5171
5171
5171
5171
5171
5171
5171
5198
5198
5198
5198
5198
5171
5171
5198
5198
5197
5197
5197
5197
5196
5196
5196
5196
5196
5196
5196
5196
5196
5197
5197
5197
5197
5197
5086
5086
5086
5086
5197
5197
5197
5192
5192
5192
5192
5192
5197
5197
5197
5197
5197
5197
5197
5197
5197
5197
5192
5192
5192
5192
5192
5192
5197
5197
5197
5197
5197
5197
5197
5197
5197
5197
5098
5098
5098
5098
5098
5197
5197
5197
5197
5197
5197
5198
5198
5197
5197
5197
5197
5197
5197
5197
5197
5170
5170
5170
5170
5197
5197
5197
5197
5197
5196
5196
5196
5196
5196
5196
5196
5191
5191
5191
5196
5196
5196
5196
5196
5196
5196
5196
5191
5191
5191
5191
5191
5191
5191
5191
5191
5191
5192
5192
5192
5192
5197
5197
5192
5192
5192
5192
5192
5192
5197
5196
5196
5196
5197
5197
5197
5197
5197
5197
5197
5197
5197
5197
5197
5197
5197
5197
5197
5197
5197
5197
5197
5197
5197
5197
5197
5197
5197
5197
5197
5197
5197
5197
5197
5192
5192
5192
5165
5165
5165
5165
5165
5165
5165
5165
5165
5165
5165
5165
5165
5165
5165
5165
5165
5165
5165
5165
5165
5165
5165
5165
5117
5117
5117
5117
5117
5117
5117
5117
5144
5144
5144
5144
5144
5144
5144
5144
5117
5117
5122
5122
5122
5149
5149
5149
5149
5150
5198
5198
5198
5198
5198
5198
5198
5198
5198
5198
5198
5198
5198
5198
5198
5198
5198
5198
5198
5198
5198
5198
5197
5197
5197
5197
5197
5197
5192
5192
5192
5192
5193
5193
5193
5192
5192
5192
5191
5191
5191
5191
5191
5191
5191
5191
5191
5164
5164
5164
5164
5164
5164
5164
5164
5164
5164
5164
5164
5164
5191
5191
5192
5192
5192
5192
5165
5165
5165
5165
5165
5165
5165
5165
5165
5165
5164
5165
5165
5166
5166
5166
5166
5166
5166
5166
5166
5166
5166
5166
5165
5170
5170
5170
5170
5171
5166
5166
5166
5166
5166
5166
5166
5166
5165
5165
5165
5165
5170
5170
5170
5170
5170
5170
5169
5196
5196
5196
5196
5196
5196
5196
5196
5196
5196
5196
5191
5191
5191
5191
5191
5191
5192
5192
5192
5192
5192
5192
5192
5192
5193
5192
5192
5193
5193
5193
5193
5198
5198
5198
5198
5198
5171
5171
5171
5171
5170
5170
5170
5170
5170
5170
5170
5170
5170
5170
5170
5170
5170
5170
5170
5170
5170
5170
5170
5170
5170
5170
5170
5170
5170
5171
5171
5198
5198
5198
5198
5198
5198
5198
5198
5193
5193
5193
5193
5193
5192
5192
5192
5192
5192
5192
5192
5191
5191
5191
5191
5191
5191
5191
5191
5191
5191
5191
5196
5196
5196
5196
5196
5197
5197
5197
5197
5197
5197
5197
5197
5197
5197
5197
5197
5192
5192
5192
5192
5192
5192
5192
5192
5192
5192
5192
5192
5192
5192
5192
5192
5165
5165
5165
5165
5165
5165
5164
5164
5165
5164
5164
5164
5164
5164
5169
5169
5169
5170
5170
5169
5169
5169
5169
5169
5169
5169
5169
5169
5196
5169
5170
5170
5165
5165
5165
5170
5197
5197
5197
5197
5197
5197
5192
5192
5197
5197
5170
5170
5170
5170
5170
5170
5170
5170
5170
5171
5171
5171
5171
5171
5170
5169
5169
5169
5169
5164
5164
5164
5169
5196
5196
5196
5196
5196
5196
5196
5196
5196
5191
5191
5191
5192
5192
5192
5192
5192
5192
5192
5192
5193
5193
5193
5193
5192
5192
5191
5191
5191
5191
5192
5192
5192
5192
5192
5192
5192
5192
5191
5191
5191
5191
5191
5191
5191
5191
5191
5191
5191
5191
5191
5191
5191
5191
5191
5191
5191
5191
5196
5196
5191
5191
5191
5191
5191
5191
5191
5191
5191
5191
5192
5192
5192
5192
5192
5192
5192
5192
5192
5192
5192
5192
5192
5193
5193
5193
5192
5165
5165
5165
5165
5192
5192
5192
5192
5192
5192
5192
5192
5192
5192
5192
5197
5198
5197
5197
5197
5197
5197
5197
5197
5197
5197
5197
5197
5197
5197
5197
5197
5198
5198
5198
5198
5198
5198
5198
5171
5170
5170
5170
5169
5164
5164
5165
5165
5165
5165
5165
5166
5166
5166
5166
5166
5166
5166
5166
5193
5193
5193
5193
5193
5193
5193
5192
5192
5192
5192
5191
5191
5191
5191
5191
5192
5192
5192
5192
5192
5192
5192
5192
5192
5192
5192
5192
5192
5192
5192
5192
5192
5192
5192
5192
5192
5192
5193
5193
5198
5198
5198
5198
5198
5198
5198
5198
5198
5198
5198
5198
5198
5198
5198
5198
5198
5198
5198
5198
5198
5198
5198
5198
5193
5193
5192
5193
5193
5193
5193
5193
5193
5192
5192
5193
5193
5193
5193
5193
5192
5192
5192
5192
5192
5192
5192
5191
5191
5191
5191
5191
5191
5191
5191
5191
5191
5196
5196
5196
5196
5196
5196
5196
5196
5196
5196
5196
5196
5196
5196
5196
5191
5191
5191
5196
5196
5196
5196
5196
5197
5197
5197
5197
5197
5192
5192
5191
5191
5196
5196
5196
5196
5196
5196
5197
5197
5197
5197
5198
5197
5197
5198
5198
5198
5198
5197
5197
5197
5197
5197
5197
5197
5197
5197
5197
5197
5198
5198
5198
5198
5197
5197
5198
5198
5198
5198
5198
5198
5193
5193
5193
5193
5193
5193
5192
5192
5197
5197
5197
5197
5197
5197
5198
5197
5197
5197
5197
5197
5197
5197
5197
5197
5197
5197
5197
5197
5197
5197
5197
5197
5197
5197
5197
5198
5198
5198
5198
5198
5198
5198
5198
5198
5198
5198
5171
5171
5171
5171
5170
5171
5171
5170
5170
5170
5170
5170
5170
5170
5170
5165
5165
5165
5165
5165
5165
5165
5165
5165
5165
5165
5165
5165
5165
5165
5165
5165
5170
5170
5170
5170
5170
5170
5170
5170
5170
5170
5170
5170
5170
5171
5198
5198
5198
5198
5198
5198
5198
5198
5197
5197
5197
5197
5197
5197
5197
5197
5197
5197
5192
5192
5193
5193
5193
5193
5198
5198
5198
5198
5198
5198
5198
5198
5198
5198
5150
5150
5150
5149
5197
5197
5197
5197
5197
5197
5197
5197
5197
5196
5196
5196
5196
5196
5196
5196
5148
5148
5149
5149
5122
5122
5117
5118
5117
5117
5117
5117
5117
5118
5118
5118
5118
5118
5123
5123
5123
5150
5150
5150
5150
5150
5149
5149
5149
5149
5148
5148
5148
5148
5148
5148
5149
5149
5149
5149
5149
5149
5122
5170
5170
5170
5197
5192
5192
5192
5192
5191
5192
5193
5193
5193
5193
5193
5198
5197
5197
5197
5197
5197
5197
5192
5192
5192
5192
5192
5192
5192
5192
5192
5192
5192
5197
5197
5197
5197
5197
5198
5198
5198
5198
5197
5197
5198
5198
5198
5198
5198
5198
5198
5197
5197
5197
5197
5197
5197
5197
5197
5197
5197
5197
5197
5198
5198
5198
5198
5198
5198
5198
5198
5198
5198
5198
5198
5198
5198
5198
5197
5197
5197
5197
5197
5197
5197
5197
5197
5197
5197
5197
5170
5170
5170
5122
5117
5117
5117
5117
5122
5122
5117
5117
5117
5117
5117
5117
5117
5144
5144
5143
5143
5143
5143
5144
5144
5144
5144
5144
5144
5144
5144
5144
5144
5144
5144
5144
5143
5143
5143
5143
5143
5143
5143
5143
5143
5143
5143
5143
5144
5143
5143
5143
5143
5143
5143
5143
5143
5143
5144
5144
5144
5144
5144
5144
5145
5145
5193
5193
5193
5193
5193
5193
5192
5192
5192
5192
5192
5192
5192
5192
5192
5197
5197
5197
5197
5197
5197
5197
5197
5197
5197
5197
5197
5197
5197
5197
5196
5196
5196
5196
5197
5197
5197
5197
5197
5197
5197
5197
5197
5197
5197
5197
5197
5197
5196
5196
5196
5196
5196
5196
5197
5197
5197
5197
5197
5196
5196
5196
5196
5196
5196
5196
5197
5197
5197
5197
5197
5197
5197
5197
5197
5197
5197
5197
5197
5197
5197
5197
5198
5198
5198
5198
5198
5198
5198
5198
5198
5198
5198
5198
5198
5198
5198
5198
5198
5198
5198
5198
5198
5198
5197
5197
5196
5196
5197
5197
5197
5197
5197
5197
5197
5198
5197
5192
5192
5192
5192
5192
5192
5192
5192
5144
5143
5143
5143
5143
5144
5144
5145
5145
5145
5145
5145
5145
5193
5193
5193
5193
5193
5193
5193
5193
5193
5193
5193
5193
5193
5193
5192
5192
5192
5192
5192
5192
5192
5192
5192
5192
5192
5191
5191
5191
5191
5196
5196
5196
5196
5196
5196
5196
5196
5196
5196
5196
5196
5196
5196
5197
5197
5197
5197
5197
5197
5197
5197
5197
5197
5197
5197
5197
5197
5197
5197
5197
5197
5197
5197
5197
5197
5197
5197
5197
5197
5197
5197
5197
5197
5197
5197
5197
5197
5197
5197
5197
5197
5198
5198
5198
5198
5197
5197
5197
5198
5198
5198
5198
5198
5193
5192
5192
5192
5192
5192
5192
5192
5192
5192
5192
5192
5193
5192
5192
5192
5192
5191
5191
5191
5191
5191
5192
5197
5197
5198
5198
5198
5198
5198
5198
5198
5198
5198
5198
5198
5198
5198
5198
5198
5197
5197
5197
5197
5197
5197
5197
5197
5197
5197
5197
5197
5197
5197
5197
5197
5197
5197
5197
5197
5197
5197
5197
5197
5197
5197
5197
5192
5192
5192
5192
5192
5192
5197
5197
5197
5197
5197
5196
5196
5196
5196
5197
5197
5192
5192
5192
5192
5193
5193
5193
5193
5193
5193
5193
5193
5193
5198
5198
5198
5198
5198
5198
5198
5198
5198
5198
5198
5198
5197
5196
5196
5196
5196
5196
5196
5197
5198
5198
5198
5198
5198
5198
5197
5197
5197
5197
5197
5198
5198
5198
5198
5198
5198
5198
5197
5197
5197
5197
5197
5197
5197
5197
5197
5197
5197
5197
5197
5197
5197
5197
5197
5197
5197
5197
5197
5197
5197
5197
5197
5198
5198
5198
5198
5198
5197
5197
5197
5198
5198
5198
5198
5198
5198
5198
5198
5197
5196
5196
5196
5197
5197
5198
5198
5198
5198
5198
5198
5197
5197
5197
5197
5197
5197
5170
5170
5170
5169
5169
5170
5170
5170
5170
5170
5170
5170
5170
5170
5169
5164
5164
5164
5164
5164
5164
5169
5169
5169
5169
5169
5169
5169
5169
5169
5169
5169
5169
5196
5196
5196
5196
5196
5197
5198
5198
5198
5198
5198
5198
5198
5198
5198
5198
5198
5198
5198
5198
5197
5197
5192
5192
5192
5192
5192
5191
5191
5191
5196
5196
5196
5196
5196
5196
5196
5196
5196
5196
5197
5197
5197
5197
5197
5197
5197
5197
5197
5197
5197
5197
5197
5197
5197
5196
5197
5197
5197
5197
5192
5192
5192
5192
5192
5192
5192
5192
5192
5193
5198
5198
5198
5197
5197
5197
5197
5197
5198
5198
5198
5197
5198
5198
5198
5198
5198
5198
5197
5197
5197
5197
5197
5197
5192
5192
5197
5197
5197
5197
5197
5197
5197
5197
5197
5197
5197
5197
5197
5197
5197
5197
5196
5196
5196
5196
5196
5196
5196
5196
5196
5196
5196
5196
5196
5197
5196
5197
5197
5197
5197
5197
5196
5196
5197
5198
5197
5197
5197
5197
5197
5197
5197
5197
5197
5197
5197
5197
5197
5198
5198
5198
5198
5198
5198
5198
5198
5198
5198
5198
5198
5198
5171
5170
5169
5164
5164
5164
5164
5169
5169
5169
5169
5169
5169
5169
5169
5169
5170
5170
5171
5170
5170
5170
5170
5170
5171
5171
5171
5171
5171
5171
5198
5198
5197
5197
5197
5197
5197
5197
5197
5196
5196
5196
5197
5197
5197
5197
5197
5197
5197
5197
5196
5196
5196
5197
5197
5198
5198
5198
5198
5198
5198
5197
5197
5197
5197
5197
5197
5197
5197
5197
5197
5197
5197
5197
5198
5198
5198
5197
5197
5198
5198
5198
5198
5197
5197
5197
5197
5197
5192
5192
5192
5192
5192
5192
5193
5193
5192
5192
5192
5192
5192
5192
5192
5192
5192
5197
5197
5197
5197
5197
5197
5197
5197
5197
5197
5197
5197
5197
5197
5197
5197
5197
5197
5197
5197
5197
5197
5197
5197
5197
5197
5192
5192
5192
5192
5192
5192
5192
5192
5192
5192
5192
5192
5193
5193
5192
5192
5192
5192
5192
5192
5192
5192
5192
5192
5192
5197
5197
5197
5197
5197
5197
5197
5196
5196
5196
5196
5196
5196
5196
5196
5196
5196
5196
5191
5191
5191
5191
5191
5191
5191
5191
5191
5191
5191
5191
5191
5191
5191
5191
5191
5191
5191
5191
5191
5191
5196
5196
5191
5191
5191
5191
5191
5191
5191
5191
5191
5192
5197
5197
5197
5197
5197
5197
5197
5196
5196
5197
5197
5198
5198
5198
5198
5198
5198
5198
5198
5197
5197
5197
5197
5198
5198
5197
5197
5197
5197
5197
5197
5197
5196
5196
5196
5196
5196
5196
5196
5196
5191
5191
5191
5191
5192
5192
5192
5192
5192
5192
5192
5192
5193
5193
5193
5193
5193
5193
5193
5193
5192
5197
5197
5197
5197
5197
5197
5197
5197
5197
5197
5197
5197
5196
5196
5196
5196
5196
5196
5196
5196
5196
5196
5196
5196
5196
5196
5196
5196
5196
5196
5197
5197
5197
5197
5197
5197
5197
5197
5197
5196
5196
5196
5196
5196
5196
5196
5196
5196
5196
5196
5196
5196
5196
5196
5196
5196
5196
5196
5196
5196
5196
5196
5197
5197
5197
5197
5197
5197
5197
5197
5197
5197
5197
5197
5197
5198
5198
5198
5198
5198
5198
5198
5198
5198
5198
5198
5198
5198
5197
5197
5197
5197
5197
5197
5197
5197
5197
5197
5197
5196
5196
5196
5197
5197
5197
5192
5192
5192
5191
5191
5191
5191
5191
5192
5192
5192
5192
5192
5192
5192
5193
5193
5193
5193
5192
5192
5192
5192
5192
5192
5192
5192
5192
5197
5197
5197
5197
5198
5198
5198
5198
5198
5198
5198
5198
5198
5198
5198
5198
5198
5198
5198
5198
5198
5198
5198
5198
5193
5193
5193
5193
5193
5193
5193
5193
5193
5193
5193
5193
5193
5193
5193
5193
5193
5198
5198
5198
5198
5197
5197
5197
5197
5197
5197
5197
5197
5197
5197
5197
5197
5196
5196
5196
5196
5196
5196
5196
5196
5196
5196
5196
5196
5196
5196
5196
5196
5196
5196
5191
5191
5191
5191
5191
5191
5191
5191
5191
5191
5191
5191
5191
5191
5192
5192
5192
5192
5197
5197
5197
5197
5197
5196
5196
5196
5196
5196
5196
5196
5196
5196
5197
5197
5197
5197
5197
5197
5197
5197
5197
5197
5198
5198
5198
5198
5198
5198
5198
5198
5198
5198
5198
5198
5198
5198
5198
5198
5198
5198
5198
5198
5198
5198
5198
5198
5198
5198
5197
5197
5197
5197
5197
5197
5197
5197
5198
5198
5198
5198
5198
5198
5198
5198
5198
5198
5197
5197
5197
5197
5197
5196
5196
5196
5196
5196
5197
5197
5196
5196
5196
5196
5191
5191
5191
5191
5191
5191
5191
5191
5191
5196
5196
5196
5196
5196
5196
5196
5196
5191
5191
5191
5192
5192
5193
5193
5193
5193
5193
5193
5198
5198
5198
5198
5193
5193
5193
5193
5193
5193
5192
5192
5192
5192
5197
5197
5197
5196
5196
5196
5196
5196
5196
5197
5196
5196
5196
5196
5196
5196
5197
5197
5197
5198
5198
5198
5198
5198
5198
5198
5198
5198
5198
5198
5198
5198
5198
5198
5198
5198
5198
5198
5198
5198
5198
5198
5197
5197
5197
5197
5197
5197
5197
5197
5197
5197
5197
5197
5197
5197
5197
5197
5197
5197
5197
5197
5197
5197
5196
5196
5196
5196
5197
5197
5197
5197
5197
5197
5197
5197
5197
5197
5197
5197
5197
5197
5196
5196
5196
5197
5196
5197
5197
5197
5197
5197
5197
5197
5197
5196
5196
5196
5196
5196
5196
5196
5196
5196
5196
5196
5196
5196
5196
5196
5196
5196
5196
5197
5197
5197
5197
5197
5196
5196
5196
5196
5196
5196
5196
5196
5196
5196
5196
5196
5196
5196
5196
5196
5196
5191
5192
5191
5191
5191
5191
5191
5191
5191
5191
5191
5191
5191
5191
5191
5191
5191
5191
5191
5191
5191
5191
5191
5191
5192
5191
5191
5192
5192
5192
5192
5192
5192
5192
5192
5197
5197
5198
5198
5198
5198
5198
5198
5198
5198
5198
5198
5198
5198
5198
5198
5198
5198
5198
5198
5198
5198
5198
5198
5198
5198
5198
5198
5197
5197
5197
5197
5197
5197
5197
5197
5197
5197
5197
5197
5197
5197
5197
5197
5197
5197
5197
5197
5198
5198
5198
5198
5198
5198
5198
5198
5198
5198
5198
5198
5193
5193
5193
5193
5193
5193
5193
5193
5193
5193
5193
5193
5193
5193
5193
5193
5193
5192
5192
5192
5191
5191
5191
5191
5191
5191
5191
5191
5191
5191
5191
5191
5196
5196
5196
5196
5196
5196
5196
5196
5196
5196
5196
5196
5196
5197
5197
5197
5197
5197
5197
5197
5197
5197
5197
5197
5197
5197
5197
5197
5197
5197
5197
5197
5197
5197
5197
5192
5192
5192
5197
5197
5197
5196
5196
5196
5196
5196
5196
5196
5196
5196
5196
5196
5196
5196
5196
5196
5196
5196
5196
5196
5196
5196
5196
5196
5196
5196
5196
5196
5196
5196
5196
5196
5196
5196
5196
5191
5196
5196
5196
5196
5196
5196
5196
5196
5196
5196
5196
5196
5196
5196
5196
5197
5197
5197
5197
5197
5197
5197
5197
5198
5198
5198
5198
5198
5198
5198
5193
5192
5197
5197
5197
5197
5197
5197
5197
5192
5192
5192
5192
5192
5193
5193
5193
5192
5192
5192
5192
5192
5192
5192
5192
5192
5191
5191
5191
5191
5191
5191
5191
5191
5192
5192
5192
5192
5191
5191
5191
5191
5191
5191
5191
5191
5191
5191
5191
5191
5191
5191
5191
5192
5192
5192
5192
5192
5192
5192
5192
5192
5192
5192
5192
5192
5192
5197
5197
5197
5197
5198
5198
5198
5198
5198
5198
5198
5198
5198
5198
5198
5198
5198
5198
5198
5198
5198
5198
5198
5198
5198
5198
5193
5193
5193
5193
5192
5192
5192
5192
5192
5192
5192
5192
5192
5192
5192
5192
5192
5192
5192
5192
5192
5192
5192
5192
5191
5191
5191
5191
5191
5191
5196
5196
5196
5196
5197
5197
5197
5197
5197
5197
5197
5197
5197
5197
5197
5197
5197
5197
5192
5191
5196
5196
5196
5196
5196
5196
5196
5196
5196
5196
5197
5197
5196
5196
5196
5196
5196
5196
5196
5196
5197
5197
5197
5197
5196
5196
5196
5196
5197
5197
5197
5197
5197
5197
5197
5197
5197
5197
5197
5197
5198
5198
5198
5198
5198
5198
5198
5198
5198
5197
5197
5197
5197
5197
5197
5197
5197
5197
5198
5193
5193
5198
5198
5198
5198
5198
5198
5198
5198
5198
5198
5198
5198
5198
5198
5197
5197
5197
5197
5197
5198
5198
5197
5197
5197
5197
5197
5197
5197
5197
5197
5196
5196
5197
5198
5198
5198
5198
5198
5198
5198
5198
5197
5197
5197
5197
5197
5197
5197
5197
5197
5197
5198
5198
5198
5198
5197
5197
5197
5196
5196
5196
5197
5197
5197
5197
5197
5197
5197
5197
5197
5197
5197
5198
5197
5197
5197
5197
5197
5197
5197
5198
5198
5198
5198
5197
5197
5197
5192
5192
5192
5192
5192
5192
5192
5192
5192
5192
5192
5192
5192
5192
5192
5191
5191
5191
5191
5191
5191
5196
5196
5196
5196
5196
5196
5196
5196
5196
5196
5196
5196
5196
5196
5196
5196
5196
5196
5196
5197
5197
5197
5197
5198
5198
5198
5198
5198
5198
5198
5198
5198
5198
5197
5192
5192
5191
5196
5196
5196
5196
5196
5196
5197
5197
5197
5197
5197
5197
5197
5197
5197
5197
5197
5197
5198
5198
5198
5198
5198
5198
5198
5198
5198
5198
5198
5198
5198
5198
5198
5198
5197
5197
5197
5197
5198
5198
5198
5198
5198
5198
5198
5198
5198
5198
5198
5198
5198
5197
5197
5197
5197
5197
5197
5197
5197
5197
5197
5197
5197
5198
5198
5198
5198
5198
5198
5198
5198
5198
5198
5197
5197
5197
5197
5197
5197
5197
5197
5197
5197
5197
5198
5198
5198
5198
5198
5198
5197
5197
5197
5197
5197
5197
5197
5197
5197
5198
5198
5198
5197
5197
5197
5197
5197
5197
5197
5197
5197
5197
5197
5197
5197
5197
5197
5198
5198
5198
5198
5198
5198
5198
5197
5197
5197
5197
5197
5197
5197
5197
5197
5197
5197
5197
5197
5197
5197
5197
5197
5197
5197
5197
5197
5197
5197
5197
5197
5197
5197
5197
5197
5197
5197
5197
5197
5197
5197
5197
5197
5197
5197
5197
5197
5196
5196
5196
5196
5196
5196
5196
5196
5196
5196
5196
5196
5196
5196
5196
5196
5196
5196
5196
5196
5196
5196
5196
5196
5196
5196
5196
5196
5196
5196
5196
5196
5196
5196
5196
5196
5196
5196
5196
5196
5197
5197
5197
5197
5197
5197
5197
5197
5197
5197
5197
5197
5197
5197
5197
5197
5197
5197
5197
5197
5197
5197
5197
5197
5197
5197
5197
5197
5197
5197
5197
5197
5197
5197
5197
5197
5197
5198
5198
5198
5197
5197
5197
5197
5197
5197
5197
5197
5197
5197
5197
5197
5197
5197
5196
5196
5196
5196
5196
5196
5196
5196
5196
5196
5196
5196
5196
5197
5197
5197
5197
5197
5197
5197
5197
5197
5197
5197
5197
5197
5197
5197
5197
5197
5197
5192
5192
5192
5192
5192
5192
5192
5192
5192
5192
5192
5192
5192
5192
5192
5192
5192
5192
5192
5192
5192
5192
5192
5192
5192
5192
5192
5193
5193
5193
5193
5193
5193
5193
5193
5193
5193
5193
5193
5193
5193
5193
5193
5193
5193
5193
5192
5193
5193
5193
5193
5193
5193
5193
5193
5193
5193
5198
5198
5198
5198
5197
5197
5198
5198
5198
5198
5198
5198
5198
5198
5198
5198
5198
5198
5198
5198
5198
5198
5198
5198
5198
5197
5197
5197
5196
5196
5196
5196
5196
5197
5198
5198
5197
5197
5197
5197
5197
5197
5197
5197
5197
5197
5197
5197
5197
5197
5197
5197
5197
5197
5197
5197
5197
5197
5197
5197
5197
5197
5197
5197
5197
5197
5197
5196
5196
5196
5197
5197
5197
5198
5198
5198
5198
5198
5198
5198
5198
5198
5198
5198
5198
5198
5198
5198
5198
5198
5198
5198
5198
5198
5198
5198
5198
5198
5198
5198
5198
5198
5198
5198
5198
5198
5198
5198
5197
5197
5197
5197
5197
5196
5196
5196
5196
5196
5196
5196
5196
5196
5196
5196
5196
5191
5191
5192
5192
5192
5192
5192
5197
5197
5197
5197
5197
5196
5197
5197
5197
5197
5197
5197
5197
5197
5197
5197
5197
5197
5197
5197
5192
5197
5197
5197
5197
5197
5197
5197
5197
5197
5197
5197
5197
5197
5197
5197
5197
5197
5198
5198
5198
5198
5198
5198
5198
5198
5198
5198
5198
5198
5198
5198
5198
5198
5198
5197
5197
5197
5197
5197
5197
5197
5198
5198
5197
5197
5197
5197
5197
5198
5198
5197
5197
5197
5197
5197
5197
5197
5197
5197
5197
5197
5197
5197
5197
5197
5197
5197
5197
5197
5196
5196
5196
5197
5197
5197
5198
5198
5198
5198
5198
5198
5198
5198
5198
5198
5198
5198
5198
5198
5198
5198
5198
5198
5198
5198
5197
5198
5198
5198
5198
5198
5198
5198
5198
5198
5198
5198
5198
5198
5198
5198
5198
5198
5198
5198
5198
5198
5198
5198
5198
5198
5198
5198
5198
5198
5198
5198
5198
5197
5197
5197
5197
5197
5197
5197
5198
5198
5198
5198
5198
5197
5197
5197
5197
5197
5197
5197
5197
5197
5197
5197
5197
5197
5197
5197
5197
5197
5197
5197
5197
5197
5198
5198
5198
5198
5198
5198
5198
5198
5198
5198
5198
5198
5198
5198
5198
5198
5198
5198
5198
5198
5197
5197
5197
5197
5197
5197
5197
5197
5197
5197
5197
5197
5197
5197
5197
5197
5197
5197
5197
5197
5198
5198
5197
5197
5197
5197
5197
5198
5198
5198
5198
5198
5198
5198
5198
5198
5198
5198
5198
5198
5198
5198
5198
5198
5198
5198
5198
5197
5198
5198
5198
5198
5198
5198
5198
5198
5197
5197
5197
5197
5197
5197
5197
5197
5197
5197
5196
5196
5196
5196
5196
5196
5196
5196
5196
5196
5196
5196
5196
5196
5196
5196
5196
5196
5196
5196
5196
5196
5196
5196
5196
5196
5196
5196
5196
5196
5196
5196
5196
5196
5196
5196
5196
5196
5196
5196
5197
5197
5197
5197
5197
5197
5198
5198
5197
5197
5197
5197
5197
5197
5197
5197
5197
5197
5197
5197
5197
5197
5197
5197
5197
5197
5197
5197
5197
5197
5197
5197
5198
5197
5198
5198
5198
5198
5198
5197
5197
5197
5197
5197
5197
5197
5197
5197
5197
5197
5197
5197
5197
5197
5197
5197
5197
5197
5197
5197
5197
5197
5197
5197
5197
5196
5196
5196
5196
5196
5196
5196
5196
5196
5196
5196
5196
5196
5196
5196
5196
5197
5197
5197
5198
5198
5198
5198
5198
5198
5198
5198
5198
5198
5198
5198
5197
5197
5197
5198
5198
5198
5198
5198
5198
5198
5198
5198
5198
5198
5198
5198
5198
5198
5198
5198
5198
5198
5198
5198
5198
5198
5198
5198
5198
5198
5198
5198
5198
5198
5198
5198
5198
5198
5198
5198
5198
5198
5198
5198
5198
5198
5198
5198
5198
5198
5198
5197
5197
5197
5197
5197
5197
5197
5197
5197
5197
5197
5197
5197
5197
5197
5197
5197
5198
5198
5198
5198
5198
5198
5198
5198
5198
5198
5198
5198
5198
5198
5197
5197
5197
5197
5197
5197
5197
5197
5197
5197
5197
5197
5197
5197
5197
5196
5196
5196
5197
5197
5197
5197
5197
5197
5197
5197
5197
5197
5197
5197
5197
5197
5197
5198
5198
5198
5198
5198
5198
5198
5198
5198
5198
5198
5198
5198
5198
5198
5198
5198
5198
5198
5198
5198
5198
5198
5198
5198
5198
5198
5198
5198
5198
5198
5198
5198
5198
5198
5198
5198
5198
5198
5198
5198
5198
5198
5198
5197
5197
5197
5197
5197
5197
5197
5197
5197
5197
5197
5196
5197
5197
5197
5196
5196
5197
5197
5197
5197
5197
5198
5198
5198
5198
5198
5198
5198
5198
5198
5198
5198
5198
5198
5198
5198
5198
5198
5198
5198
5198
5198
5198
5197
5197
5197
5197
5197
5197
5197
5197
5197
5197
5197
5197
5197
5197
5197
5197
5197
5197
5197
5197
5197
5197
5197
5197
5197
5197
5197
5197
5197
5197
5197
5197
5197
5197
5197
5197
5197
5197
5192
5192
5192
5192
5192
5193
5193
5193
5193
5193
5193
5193
5193
5193
5193
5193
5193
5193
5193
5193
5193
5193
5193
5193
5193
5193
5193
5193
5193
5193
5193
5193
5193
5193
5193
5193
5193
5193
5193
5193
5193
5193
5193
5193
5193
5193
5193
5193
5198
5198
5198
5198
5198
5198
5197
5197
5197
5197
5197
5197
5197
5197
5197
5197
5198
5198
5198
5198
5197
5197
5197
5197
5197
5197
5197
5197
5197
5197
5197
5197
5197
5197
5197
5197
5197
5197
5197
5197
5197
5197
5197
5197
5197
5198
5198
5198
5198
5198
5198
5198
5198
5198
5198
5198
5198
5198
5198
5198
5198
5198
5198
5198
5198
5198
5198
5198
5198
5198
5198
5198
5198
5198
5198
5198
5198
5198
5198
5198
5198
5198
5198
5198
5198
5198
5198
5198
5198
5198
5198
5198
5198
5198
5198
5198
5198
5198
5198
5198
5198
5198
5198
5198
5198
5198
5198
5198
5198
5198
5198
5198
5198
5198
5198
5198
5198
5198
5198
5198
5198
5198
5198
5198
5198
5197
5197
5197
5197
5197
5198
5198
5198
5198
5198
5198
5198
5197
5197
5197
5197
5197
5197
5197
5197
5197
5197
5197
5197
5197
5198
5198
5198
5198
5198
5198
5198
5198
5198
5198
5198
5198
5198
5198
5198
5198
5198
5198
5198
5198
5198
5198
5198
5198
5198
5198
5198
5198
5198
5198
5198
5198
5198
5198
5198
5198
5198
5198
5198
5198
5198
5198
5198
5198
5198
5198
5197
5197
5197
5197
5197
5197
5197
5197
5197
5197
5197
5197
5197
5197
5197
5197
5198
5198
5198
5198
5198
5198
5198
5198
5198
5198
5197
5196
5196
5196
5196
5196
5196
5196
5196
5197
5197
5197
5197
5197
5197
5197
5197
5197
5197
5197
5197
5197
5197
5197
5197
5197
5197
5197
5197
5197
5197
5197
5197
5197
5197
5197
5197
5197
5196
5196
5196
5196
5196
5196
5196
5196
5196
5196
5196
5197
5197
5197
5197
5197
5197
5197
5197
5198
5198
5198
5198
5198
5198
5198
5198
5198
5198
5198
5198
5198
5198
5198
5198
5198
5198
5198
5198
5198
5198
5198
5198
5198
5198
5198
5198
5198
5198
5198
5198
5198
5198
5198
5198
5198
5198
5198
5198
5198
5198
5198
5198
5198
5198
5198
5198
5198
5198
5198
5198
5198
5198
5198
5198
5198
5198
5198
5198
5198
5198
5198
5198
5198
5198
5198
5198
5198
5198
5198
5198
5198
5198
5198
5197
5197
5197
5197
5197
5197
5197
5197
5197
5197
5197
5197
5197
5197
5197
5197
5197
5198
5198
5198
5198
5198
5198
5198
5198
5198
5198
5198
5198
5198
5197
5197
5197
5197
5197
5197
5197
5197
5197
5197
5197
5197
5197
5197
5197
5197
5197
5197
5197
5197
5197
5197
5197
5197
5197
5197
5197
5197
5197
5197
5197
5197
5198
5198
5198
5198
5198
5198
5198
5198
5198
5198
5198
5198
5198
5198
5198
5198
5198
5198
5198
5198
5198
5198
5198
5198
5198
5198
5198
5198
5198
5198
5198
5198
5198
5198
5198
5198
5198
5198
5198
5198
5198
5198
5198
5198
5198
5197
5197
5197
5197
5197
5197
5197
5197
5197
5197
5197
5197
5197
5198
5198
5198
5198
5198
5198
5198
5197
5197
5197
5197
5197
5197
5197
5197
5197
5197
5197
5197
5197
5197
5197
5197
5197
5197
5197
5197
5197
5197
5197
5197
5197
5197
5197
5197
5197
5197
5197
5197
5197
5197
5196
5196
5196
5197
5197
5197
5197
5197
5197
5197
5198
5198
5198
5198
5198
5198
5197
5198
5198
5198
5198
5198
5198
5198
5198
5198
5198
5198
5198
5198
5198
5198
5198
5198
5198
5198
5198
5198
5198
5198
5198
5198
5198
5198
5198
5198
5197
5197
5197
5197
5197
5197
5197
5197
5197
5197
5197
5197
5197
5197
5197
5197
5197
5197
5197
5197
5197
5197
5197
5197
5197
5197
5197
5197
5197
5197
5197
5197
5198
5198
5198
5198
5198
5198
5198
5198
5198
5198
5198
5198
5198
5198
5198
5198
5198
5198
5198
5198
5198
5198
5198
5198
5198
5198
5198
5198
5198
5198
5198
5198
5198
5198
5198
5198
5198
5198
5198
5198
5198
5198
5198
5198
5198
5198
5198
5198
5198
5198
5198
5198
5198
5198
5198
5198
5198
5198
5198
5198
5198
5198
5198
5198
5198
5198
5198
5198
5198
5198
5198
5198
5198
5198
5198
5198
5198
5198
5198
5198
5198
5198
5198
5198
5198
5198
5198
5198
5198
5198
5198
5198
5198
5198
5198
5198
5198
5198
5198
5198
5198
5198
5198
5198
5198
5198
5198
5198
5198
5198
5198
5198
5198
5198
5198
5198
5198
5198
5198
5198
5198
5198
5198
5198
5198
5198
5198
5198
5197
5197
5197
5197
5197
5197
5197
5197
5197
5197
5197
5197
5197
5197
5197
5197
5197
5197
5197
5197
5197
5197
5197
5197
5197
5197
5197
5197
5197
5197
5197
5197
5197
5197
5197
5197
5197
5197
5197
5197
5197
5197
5197
5197
5196
5197
5197
5197
5197
5197
5197
5197
5197
5197
5197
5197
5197
5197
5197
5197
5197
5197
5197
5197
5197
5197
5197
5197
5197
5197
5197
5197
5197
5197
5197
5197
5197
5197
5197
5197
5197
5197
5197
5197
5197
5197
5197
5198
5198
5198
5198
5198
5198
5198
5197
5197
5197
5197
5197
5197
5198
5198
5198
5198
5198
5198
5198
5198
5198
5198
5198
5198
5198
5197
5197
5197
5197
5197
5197
5197
5197
5197
5197
5197
5197
5197
5197
5197
5197
5197
5197
5197
5197
5197
5197
5197
5198
5198
5198
5198
5198
5198
5198
5198
5198
5198
5197
5197
5197
5197
5198
5198
5197
5198
5198
5198
5198
5198
5198
5198
5198
5198
5198
5198
5198
5198
5198
5198
5198
5198
5198
5198
5198
5198
5198
5198
5198
5197
5197
5197
5197
5197
5197
5197
5197
5197
5197
5197
5197
5197
5198
5198
5198
5198
5198
5198
5198
5198
5198
5198
5198
5198
5198
5198
5198
5198
5198
5198
5198
5198
5198
5198
5198
5198
5198
5198
5198
5198
5198
5198
5198
5198
5198
5198
5198
5198
5198
5198
5198
5198
5198
5198
5198
5198
5198
5198
5198
5198
5198
5198
5198
5198
5198
5198
5198
5198
5198
5198
5198
5198
5198
5198
5198
5198
5198
5198
5198
5198
5198
5198
5198
5198
5198
5198
5198
5198
5198
5198
5198
5198
5198
5198
5198
5198
5198
5198
5198
5198
5198
5198
5198
5198
5198
5198
5198
5198
5198
5198
5198
5198
5198
5198
5198
5198
5198
5198
5198
5198
5198
5198
5198
5198
5198
5198
5198
5198
5198
5198
5198
5198
5198
5197
5197
5197
5197
5197
5197
5197
5197
5197
5197
5197
5197
5197
5197
5197
5197
5197
5197
5197
5197
5197
5197
5197
5197
5197
5197
5197
5197
5197
5197
5197
5197
5197
5197
5197
5197
5196
5196
5197
5197
5197
5197
5197
5197
5197
5197
5197
5197
5197
5197
5197
5197
5197
5197
5198
5198
5198
5198
5198
5198
5198
5198
5197
5197
5197
5197
5197
5197
5197
5197
5197
5197
5197
5197
5198
5198
5198
5198
5197
5197
5197
5197
5197
5197
5197
5197
5197
5197
5197
5197
5197
5197
5197
5197
5197
5197
5197
5197
5197
5197
5197
5197
5197
5197
5197
5197
5197
5197
5197
5197
5197
5197
5197
5197
5197
5197
5197
5197
5197
5197
5197
5197
5197
5197
5197
5197
5197
5198
5198
5198
5198
5198
5198
5198
5198
5198
5198
5198
5198
5198
5198
5198
5198
5198
5198
5198
5198
5198
5198
5198
5198
5198
5198
5198
5198
5198
5198
5198
5198
5198
5198
5198
5198
5198
5198
5198
5198
5198
5198
5198
5198
5198
5198
5198
5198
5198
5198
5198
5198
5198
5198
5198
5198
5198
5198
5198
5198
5198
5198
5198
5198
5198
5198
5198
5198
5198
5197
5197
5197
5197
5197
5197
5197
5197
5197
5197
5197
5197
5197
5197
5197
5197
5197
5197
5197
5197
5197
5197
5197
5197
5197
5197
5197
5197
5197
5197
5197
5197
5197
5197
5197
5197
5197
5197
5197
5197
5197
5197
5197
5197
5197
5197
5197
5197
5197
5198
5198
5198
5198
5198
5198
5198
5198
5198
5198
5198
5198
5198
5198
5198
5198
5198
5198
5198
5198
5198
5198
5198
5198
5198
5198
5198
5198
5198
5198
5198
5198
5198
5198
5198
5198
5198
5198
5198
5198
5198
5198
5198
5198
5198
5198
5198
5198
5198
5198
5198
5198
5198
5198
5198
5198
5198
5198
5198
5198
5198
5198
5198
5198
5198
5198
5198
5198
5198
5198
5198
5198
5198
5198
5198
5198
5198
5198
5198
5198
5198
5198
5198
5198
5198
5198
5198
5198
5198
5198
5198
5198
5198
5198
5198
5198
5198
5198
5198
5198
5198
5198
5198
5198
5198
5198
5198
5198
5198
5198
5198
5198
5198
5198
5198
5198
5198
5198
5198
5198
5198
5198
5198
5198
5198
5198
5198
5198
5198
5198
5198
5198
5198
5198
5198
5198
5198
5198
5198
5198
5198
5198
5198
5198
5198
5198
5198
5198
5198
5198
5198
5198
5198
5197
5197
5197
5197
5197
5197
5197
5197
5197
5198
5198
5198
5198
5198
5198
5198
5198
5198
5198
5198
5198
5198
5198
5198
5198
5198
5198
5198
5198
5198
5198
5198
5198
5198
5198
5198
5198
5198
5198
5198
5198
5198
5198
5198
5198
5198
5198
5198
5198
5198
5198
5198
5198
5198
5198
5198
5198
5198
5198
5198
5198
5198
5198
5198
5198
5198
5198
5198
5198
5198
5198
5198
5198
5198
5198
5198
5198
5198
5198
5198
5198
5198
5198
5198
5198
5198
5198
5198
5198
5198
5198
5198
5198
5198
5198
5198
5198
5198
5198
5198
5198
5198
5198
5198
5198
5198
5198
5198
5198
5198
5198
5198
5198
5198
5198
5198
5198
5198
5198
5198
5198
5198
5198
5198
5198
5198
5198
5198
5198
5198
5198
5198
5198
5198
5198
5198
5198
5198
5198
5198
5198
5198
5198
5198
5198
5198
5198
5198
5198
5198
5198
5198
5198
5198
5198
5198
5198
5198
5198
5198
5198
5198
5198
5198
5198
5198
5198
5198
5198
5198
5198
5198
5198
5198
5198
5198
5198
5198
5198
5198
5198
5198
5198
5198
5198
5198
5198
5198
5198
5198
5198
5198
5198
5198
5198
5198
5198
5198
5198
5198
5198
5198
5198
5198
5198
5198
5198
5198
5198
5198
5198
5198
5198
5198
5198
5198
5198
5198
5198
5198
5198
5198
5198
5198
5198
5198
5198
5198
5198
5198
5198
5197
5197
5197
5197
5197
5197
5197
5197
5197
5197
5197
5197
5197
5197
5197
5197
5197
5197
5197
5197
5197
5197
5197
5197
5197
5197
5197
5197
5197
5197
5197
5197
5197
5197
5197
5197
5197
5197
5197
5197
5197
5197
5197
5198
5198
5198
5198
5198
5198
5198
5198
5198
5198
5198
5198
5198
5198
5198
5198
5198
5198
5197
5197
5197
5197
5197
5197
5197
5197
5198
5198
5198
5198
5198
5198
5198
5198
5198
5198
5198
5198
5198
5198
5198
5198
5198
5198
5198
5198
5198
5198
5198
5198
5198
5198
5198
5198
5198
5198
5198
5198
5198
5198
5198
5198
5198
5198
5198
5198
5198
5198
5198
5198
5198
5198
5198
5198
5198
5198
5198
5198
5198
5198
5198
5198
5198
5198
5198
5198
5198
5198
5198
5198
5198
5198
5198
5198
5198
5198
5198
5198
5198
5198
5198
5198
5198
5198
5198
5198
5198
5198
5198
5198
5197
5197
5197
5197
5197
5197
5197
5197
5197
5197
5197
5197
5197
5197
5197
5197
5197
5197
5197
5197
5197
5197
5197
5197
5197
5197
5197
5197
5197
5197
5197
5197
5197
5197
5197
5197
5197
5197
5197
5197
5198
5198
5198
5198
5198
5198
5198
5198
5198
5198
5198
5198
5198
5198
5198
5198
5198
5198
5198
5198
5198
5198
5198
5198
5198
5198
5198
5198
5198
5198
5198
5198
5198
5198
5198
5198
5198
5198
5198
5198
5198
5198
5198
5198
5198
5198
5198
5198
5198
5198
5198
5198
5198
5198
5198
5198
5198
5198
5198
5198
5198
5198
5198
5198
5198
5198
5198
5198
5198
5198
5198
5198
5198
5198
5198
5198
5198
5198
5198
5198
5198
5198
5198
5198
5198
5198
5198
5198
5198
5198
5198
5198
5198
5198
5198
5198
5198
5198
5198
5198
5198
5198
5198
5198
5198
5198
5198
5198
5198
5198
5198
5198
5198
5198
5198
5198
5198
5198
5198
5198
5198
5198
5198
5198
5198
5198
5198
5198
5198
5198
5198
5198
5198
5198
5198
5198
5198
5198
5198
5198
5198
5198
5198
5198
5198
5198
5198
5198
5198
5198
5198
5198
5198
5198
5198
5198
5198
5198
5198
5198
5198
5198
5198
5198
5198
5198
5198
5198
5198
5198
5198
5198
5198
5198
5198
5198
5198
5198
5198
5198
5198
5198
5198
5198
5198
5198
5198
5198
5198
5198
5198
5198
5198
5198
5198
5198
5198
5198
5198
5198
5198
5198
5198
5198
5198
5198
5198
5198
5198
5198
5198
5198
5198
5198
5198
5198
5198
5198
5198
5198
5198
5198
5198
5198
5198
5198
5198
5198
5198
5198
5198
5198
5198
5198
5198
5198
5198
5198
5198
5198
5198
5198
5198
5198
5198
5198
5198
5198
5198
5198
5198
5198
5198
5198
5198
5198
5198
5198
5198
5198
5198
5198
5198
5198
5198
5198
5198
5198
5198
5198
5198
5198
5198
5198
5198
5198
5198
5198
5198
5198
5198
5198
5198
5198
5198
5198
5198
5198
5198
5198
5198
5198
5198
5198
5198
5198
5198
5198
5198
5198
5198
5198
5198
5198
5198
5198
5198
5198
5198
5198
5198
5198
5198
5198
5198
5198
5198
5198
5198
5198
5198
5198
5198
