3405
3410
3411
3459
3454
3455
3969
4307
4306
4333
3953
3411
3953
4333
4334
3954
3843
3329
3005
2957
3068
3448
3496
3898
3496
2954
2616
3130
3428
3970
4372
4074
3830
3719
3620
3620
3620
3240
2995
2481
2454
1912
2250
2792
2792
2797
2797
2797
2908
2907
2859
3183
3184
3179
3184
3343
3857
3857
3698
3262
3310
3310
3409
3409
3845
3872
3872
4116
4116
4005
3667
3965
3529
3528
3429
3430
3866
3965
3563
3049
2422
2025
2422
2667
2667
3005
3005
2957
2956
2929
2493
2493
3007
3055
3166
3067
3166
3568
3520
3196
2951
2840
2999
3026
3021
2624
3060
3060
3171
3171
3171
3495
3093
2982
3227
2929
2605
2605
2716
2715
2688
2986
3613
4015
3916
3916
3374
3771
3772
3871
3871
3872
3627
3626
3627
3191
3196
2952
2654
2654
2653
2251
2575
2575
2574
2818
3063
2818
2845
2845
2601
2574
3010
3010
3010
3552
3547
3547
3388
3389
3051
3051
3431
3729
3729
3973
4021
3777
3341
3230
3131
3376
3535
3634
3092
2768
3204
3315
3342
2828
2729
2484
2484
3026
3364
3026
3350
3350
3350
3302
3640
3688
3688
4090
4090
3752
3851
3851
3471
3147
3391
2994
2367
2372
2886
2886
2775
2261
2256
2097
2494
2605
2929
3443
3332
3332
3088
2691
2289
2627
2600
2086
1762
2276
2520
2520
2520
2519
2519
2524
2525
2281
2182
2506
2070
2022
2121
1823
1822
1822
1823
2068
2116
1792
1787
1787
1946
1945
1946
2348
2010
2011
2349
1807
1812
1812
2354
2678
3058
3010
2686
2587
2587
2885
2505
2505
2902
3338
2936
2931
3030
2871
2573
2897
2945
2403
2079
1980
1932
2334
2333
2333
2577
2625
3005
3010
2962
2962
3073
2962
2448
2607
2607
2363
2204
2528
2131
2758
2759
2357
2405
2081
2180
2577
2875
3389
2762
2762
2757
3081
3240
3081
3623
3623
3622
3186
3187
3346
3345
2803
2289
1965
2209
1829
1829
1829
1584
1964
2209
2110
1730
2132
2132
2456
2457
2893
3520
3619
3619
3619
3375
3755
3866
3893
3893
3898
3560
3560
4102
4075
4074
4074
4318
4832
4832
4859
4748
4234
4233
4234
4234
4234
3607
3607
4121
4748
4312
4213
3915
3591
3211
2967
2967
2966
2807
2759
3003
3114
3087
2976
2732
2780
2775
3019
3178
2933
2306
2742
3066
2742
2742
2747
2747
2747
2748
2351
2378
2775
3020
3647
3488
3489
3648
3648
3647
3133
3647
3599
3572
3030
3410
3409
3707
3271
3298
3734
3734
3735
3730
3350
3892
3733
3738
3786
4110
3865
3865
3865
3860
3616
3318
3563
3722
3674
3673
4053
4164
4053
3894
3492
3894
3894
4053
3656
3767
3608
3613
3099
3099
3343
3343
2716
2689
2684
3022
2911
2911
2938
3452
3563
4190
4191
4191
3649
4046
4046
4094
4046
4094
4253
4142
3818
4116
3778
4116
4227
3983
4307
4259
4259
4503
4504
3877
3579
3678
3683
3678
3579
4121
4126
4121
3877
3877
3876
3881
3980
3578
3980
4028
3869
3770
3743
3738
3743
3744
3696
3723
3399
3394
4021
3776
3776
3749
3797
4121
4121
4121
4419
4419
4419
3983
3935
3962
3335
3335
2955
3003
3439
3391
3636
3338
3497
3497
3159
3403
3408
3249
3876
3479
3234
3631
3520
3619
3614
3587
3151
3150
3155
3453
3209
3208
3208
3588
3833
3834
3861
3319
2917
3319
3367
3367
3362
3367
3909
4068
4020
4131
4131
3751
3640
3640
3635
3093
3093
2848
2848
3093
3092
3092
3092
3092
3140
3478
3379
3921
3676
4056
4056
3718
3719
3830
3929
3928
3386
3387
2873
2575
2527
2527
2865
3163
3677
3677
3921
3969
3858
3520
3519
3492
3248
3248
3248
3359
3604
3604
3493
3929
4040
3881
3782
3484
3728
3404
3563
2936
2777
2777
2804
2809
3133
3133
3133
3133
3292
3834
3590
3188
3815
3491
3491
3491
3491
3443
3845
3840
3681
3279
3168
3466
3471
3173
3173
3168
3168
3267
2870
3168
3506
3903
4014
4019
3992
4316
4364
4066
4310
4262
4262
4262
3720
3721
3397
3152
3397
3397
3398
3154
3202
3744
3771
3391
3292
3694
3694
3694
3992
3944
3943
4267
4511
4511
4891
4647
4402
4397
4397
4496
4495
4384
4046
4046
4046
4046
4047
4047
4047
4052
4052
3953
4052
4052
3650
3651
3651
3699
3302
3413
2871
2844
2844
2796
2796
2796
3338
3386
3783
4185
4137
4382
4283
3769
3769
3817
3844
3844
3447
3961
3419
3418
3413
3955
4352
4325
3811
3810
3837
3837
3996
4240
4240
3838
3843
4181
3937
3937
3937
3937
3932
3687
3688
3693
3151
2827
2716
2716
2711
2711
2684
2684
2684
2525
2684
2783
2783
2810
2472
2874
2874
2874
3119
2821
2821
3119
3119
3633
3632
3970
3970
3922
3970
3725
3725
3626
3627
3329
3328
3870
3870
4194
4439
4444
3930
3771
4069
4069
3824
3825
4070
4043
4043
4043
4142
4141
4141
4142
4142
4142
4094
3697
3941
3941
3941
3968
3532
2905
3419
3420
3468
3468
3468
3468
3420
3817
3816
3572
3571
3682
3677
3836
3434
3836
3456
3456
3457
3457
3358
3406
3406
3405
3504
3504
3107
2769
2670
2675
2774
3210
3454
3454
3406
3004
2977
3374
3375
2861
2750
3130
3131
3131
2734
2410
2812
2812
2376
2078
1833
1860
1833
1833
1833
2078
2592
2592
2890
3214
3214
3214
3262
3373
3368
3995
3995
3994
3883
3585
3585
3585
3696
3585
3883
3883
3888
3590
3591
3591
3347
3188
3215
3215
3188
3188
3486
3883
3882
3993
3945
3846
3873
3628
3623
3512
3132
3243
3244
2946
3191
3164
3408
2781
3119
2874
2922
3081
3517
3469
3310
3310
3337
3337
3635
3093
3092
3093
3141
3140
3140
3140
3113
2775
2775
3402
3403
3403
3945
3945
3972
4071
3674
4054
4006
4344
4245
4245
4250
4245
4245
3618
3507
3507
3555
3175
2851
2824
2851
2851
2851
3175
3334
3090
3063
3063
2765
2606
2904
3003
3008
3405
3081
3240
3485
3386
3141
3140
2738
2302
2302
2302
2297
2677
2776
3403
3805
3646
3547
3546
3547
3547
3145
3256
3255
3144
2747
3183
3580
3038
3580
3580
3824
3825
3825
4149
4150
4149
4248
4407
4652
4652
4493
4249
3622
3621
3780
3780
3891
4293
4920
4947
4947
4947
5191
5032
5032
5032
4921
4822
4280
3883
3856
3612
3612
3564
3591
2964
2964
2937
3096
3096
2694
2694
2180
2577
2577
2577
2577
3091
3190
3817
3437
3438
3438
3339
3001
2842
3001
3403
3945
3945
3945
3945
4283
4124
4129
4129
4240
4399
4399
4061
3816
3817
3817
3658
3653
3812
3860
3749
4129
4129
4129
4129
3693
3296
3296
3541
3785
3784
3784
3883
3883
3883
4221
4062
4221
4220
4617
4518
4518
4518
4629
4470
4470
4226
4470
4225
3981
4225
4114
4114
4114
4114
4141
4300
4300
4273
4384
4483
4483
4483
4483
4483
4239
4128
3726
3726
3567
3726
3428
3428
3726
3727
3971
3976
4221
4221
4221
4221
4623
4325
4436
4437
4099
3702
3457
3213
3458
3347
2945
2786
2785
2686
2441
2843
3141
3479
3474
3474
3719
3818
3929
3881
3881
3636
3094
3253
3253
3253
3254
3281
3526
3526
4068
4068
3730
4127
4127
3882
3771
3447
3447
3447
3452
3451
3696
3154
3127
3669
3371
3371
3372
3371
3372
3372
3372
3367
2740
2740
3064
2667
2694
2694
2370
2767
2767
2815
2815
3251
3589
3594
3838
3837
3323
3318
3318
3832
3832
3784
3685
3983
3956
3957
3957
3957
3521
3521
3362
3118
3166
3166
3166
3277
3436
3436
3435
3190
2810
2809
2809
2809
2809
2809
2698
2699
3023
3023
2685
2684
2684
2685
2930
2882
2882
2881
3125
3224
3851
3851
4231
4231
4072
4099
4099
4099
4104
4105
4153
4153
4148
4148
4148
3606
4042
3415
3091
3091
3091
3250
3251
3251
3250
2814
3138
3138
2979
2979
2931
2417
2528
2527
2963
2963
3590
4104
4104
4104
4105
4006
4548
4553
4601
4760
4712
4712
4712
4811
4811
4859
4859
4858
4858
4613
4613
4369
4614
4455
4455
4455
4455
3941
4455
4053
4053
4053
4048
4049
4049
4048
3534
3137
3534
3534
3154
3668
3041
2796
2797
2802
2797
2473
2473
2473
2473
2473
2853
2853
2852
3190
3190
3514
3515
3520
3764
3923
3923
4550
4252
4247
3909
3529
3418
3021
3359
3200
3602
3982
4280
3653
3653
4280
4036
4036
4009
4168
4195
4194
4194
3856
3856
3808
3808
3919
3919
3919
3292
3293
3538
3539
3539
3539
3440
3440
3488
3826
3826
3925
3930
3929
3830
4227
4200
4195
3871
3870
3759
3514
3134
2620
2865
2865
2865
2870
2981
3008
3008
3003
2844
2817
2818
2818
2817
3141
3521
3223
3228
2792
2951
2946
2946
2946
3244
2920
2920
3019
3019
3263
3263
3264
3264
3269
3896
3896
3923
4437
4139
4139
4028
3626
3626
3626
4028
4028
3980
3980
3736
3735
3735
3735
3708
3708
3708
3756
3708
3328
3708
3819
3867
3756
3354
3354
3355
3110
3062
3062
3360
3360
2963
3360
3408
3408
3028
2980
3224
3251
3496
3544
3445
3881
3992
3992
3556
3880
3880
3880
3880
3483
3483
3582
3338
3338
3239
3080
3032
3434
3032
3033
2922
3081
3081
3081
3081
2922
2922
3302
3302
2760
2759
2858
2858
2969
2964
2337
2337
2496
2158
2402
2401
2103
2103
2730
2730
2731
2731
2351
2252
2590
2589
2589
2589
2688
2589
2589
3025
3026
3025
2998
2998
2999
3026
3026
3031
3573
3572
3058
3157
3537
3934
3934
3498
3934
3982
3983
3935
3935
4233
4233
3797
4233
4233
4747
4720
4206
4207
4207
3827
3827
4341
4341
4341
4389
4388
4388
4388
4387
4387
4789
4816
4816
4817
4817
4415
4414
4076
4076
3917
3890
4270
4271
4270
4025
4026
4026
4026
4026
4271
4160
4160
4159
4270
4429
4456
4059
3960
3960
3849
3960
3961
3581
3581
3581
3581
3680
3569
3971
3971
3970
3970
3534
3534
3289
3400
3400
3102
3102
3102
3102
3102
3102
3102
3440
3440
3685
3440
3341
2714
2715
2667
2329
2377
2377
2757
2646
2757
2757
2646
2757
2758
2757
2646
2598
2196
1952
2579
2420
2468
2579
2823
2823
3121
3121
3122
3122
3524
3524
2982
3320
3320
3315
3315
3560
3957
3633
3632
3334
3334
3089
3088
3088
3088
3088
3187
3088
3088
3089
3041
3339
3340
3776
3379
3379
3041
3089
3089
3334
3334
3334
3333
3338
3676
4000
4000
4000
3952
3953
3953
4052
4051
4050
4447
3820
3815
3815
3816
3816
3816
3478
3478
3478
4105
4006
4165
4165
4165
4165
3785
3833
3588
3477
3476
3428
3428
3428
3428
3429
3429
3429
3430
3478
3816
3927
3927
4307
4307
3680
3436
3535
3535
3376
3375
3375
2973
2972
3131
3132
3376
2996
2996
2995
3397
3238
3618
3618
3618
3519
3519
3618
3618
3618
3777
3778
4405
4406
4406
4406
4411
4410
4952
4904
4899
4575
4575
4548
4548
4548
4548
4146
4146
4147
4174
4147
4147
3767
4169
4414
4414
4738
4639
4639
4341
4340
4340
4181
4181
4181
4181
4280
4660
4687
4846
4449
4449
4449
4125
4125
4125
3787
3787
3787
4111
3787
4085
4085
4090
4090
3792
3792
3548
3521
3845
3845
4089
4427
4428
4428
4428
4427
4427
3991
4018
4018
4018
4018
4018
4018
3638
3479
3527
3527
3526
3499
3499
3097
3097
3097
2986
2987
2982
2934
3336
3363
3364
3364
3363
3363
3363
3799
3172
3145
3145
3304
3303
3601
3303
3304
3701
3702
3603
3608
3608
4235
4615
4663
4961
4913
4913
4940
5039
5039
4603
4603
4603
4603
4651
4624
4624
4624
4624
4576
4687
4686
4713
4713
4713
4713
4554
4549
4152
4151
4152
3907
3906
3906
3807
3812
3812
3785
3944
3944
3945
3403
3079
3106
3079
3515
3271
3298
3298
3542
3543
3432
3829
4371
4212
4536
4695
4695
4695
4695
4695
4668
4779
4778
4778
4778
4877
4877
4877
4579
4574
4574
4574
4463
4462
4462
4462
4463
4463
4464
4491
4332
4332
4337
3823
3426
3426
3940
3426
3426
3425
3425
2883
2883
2883
3128
3239
3128
3127
3127
3127
3127
3524
3683
3731
3726
3726
3329
3330
3330
3330
3335
3011
2963
2964
2964
2964
2963
2963
2718
3042
3042
3287
3801
3801
3801
3801
4099
3801
3801
3802
3802
3558
3558
3856
3851
3851
3415
3415
3414
3462
3363
3363
3363
3362
2960
3071
3023
3122
3127
3175
3717
3717
4153
3855
3807
3807
4051
4453
4453
4453
4354
4354
4110
4110
4111
4111
4355
4454
4454
4454
4454
4295
4295
4454
4427
4422
4422
4819
4820
4820
4820
4576
4576
4477
4504
4393
4393
4393
4393
4392
4392
4393
4504
4504
4259
4259
4358
4602
4602
4900
4905
4905
4746
4635
4683
4584
4246
4345
4345
4683
4683
4682
4683
4683
4683
4683
4683
4842
4842
4953
4948
4948
4849
4849
4849
4849
4948
4948
4948
4789
4789
4741
4741
4789
4762
4761
4762
4762
4220
4247
4247
4199
4198
4199
4199
4088
4093
3849
4094
4094
4094
4094
4094
3770
3770
3432
3432
3543
3543
3591
3915
3915
4159
4111
3867
3431
3675
3351
3399
3399
3399
3155
3155
3479
3479
3234
3234
3186
3186
3186
3186
3185
3185
3185
3086
3331
3332
3380
3379
3815
3491
3829
3829
3531
3134
3134
3134
3023
2996
3393
3935
4094
3756
4080
4079
3452
3453
3480
3480
3480
3818
3818
3813
3924
3924
3929
4028
4028
4027
4027
4027
3979
3880
3979
3979
3979
3979
3979
3979
4277
4166
4166
4166
4166
4166
4166
4167
4167
4215
4459
4570
4570
4570
4570
4571
4571
4570
4570
4522
4522
4522
4522
4522
4198
4193
4193
4820
4306
4354
4359
4359
4359
4358
4358
4358
4310
4310
4310
4310
4310
4358
4359
4332
4332
4846
4846
4466
4466
4466
4466
4466
4466
4790
4248
4248
4248
3812
3812
3839
4381
4381
4381
4083
4381
4354
4306
4686
4686
4587
4249
4297
4297
4138
4138
4139
4139
4575
4575
4575
4527
4282
4620
4865
4754
4753
4508
4508
4508
4507
4507
4507
4507
4507
4507
4618
4618
4777
4777
4777
4777
4777
4777
4825
4714
4741
4736
4300
4300
4252
4252
4688
4688
4736
4736
4847
4852
4472
4472
4571
4233
4233
3935
3936
3935
3936
3936
3936
3936
4234
4123
4123
4124
3610
3990
4504
4504
4504
4504
4749
4722
4674
4701
4701
4701
4701
4701
4700
4700
5038
5038
4641
4640
4396
4444
4285
4285
4258
4258
4258
4258
4210
4210
4369
4369
4369
4369
4396
4444
4042
3662
3662
3662
3662
4064
4308
4309
4308
4308
4308
4308
4419
4420
4421
4421
4421
4421
4818
4791
4791
5171
5170
5170
5170
4773
4773
4773
4773
4773
4449
4449
4449
4449
4449
4205
3907
3907
3907
3748
3748
3748
3749
4047
4291
4615
4615
4615
4615
4615
4615
5012
5012
5012
5007
5007
4908
5007
5007
5007
5007
4763
4715
4715
4715
4616
4860
4860
4860
5019
5019
5019
5019
5018
5018
5018
5019
4774
4774
4774
4822
4822
4827
4827
4668
4767
4766
4766
4766
4766
4925
4924
4765
4765
4717
4876
4876
4777
4777
4777
5022
5070
4732
4831
4831
4858
4613
4613
4858
4859
4859
4345
4345
4345
4345
4345
4345
4345
4345
4234
4233
4228
4201
4312
4312
4650
4650
4650
4650
4406
4406
4161
4166
4166
4193
4193
4438
4438
4438
4433
4433
4433
4385
4087
4135
4140
3981
3981
3981
3981
4140
4384
4384
4682
4682
4682
4683
4683
4683
4682
4682
4583
5097
5097
5098
5098
5098
5098
5098
5099
5099
5094
5094
5094
4770
4743
4743
4743
4743
4695
4695
4695
4743
4363
4363
4368
4395
4394
4718
4559
4554
4559
4559
4718
4718
4718
4718
4718
4718
4607
4706
4679
4341
4341
4341
4342
4337
4337
4336
4674
4674
4575
4955
4960
4955
4960
4960
4960
4961
4961
4961
4961
4960
5059
4721
4720
4621
4621
4959
4986
4986
4986
4987
4987
4987
4986
4986
4986
4986
4986
4986
4981
4981
4981
5092
5044
5044
5017
5017
5017
5017
5017
5044
5044
5044
5143
5143
5032
5032
5032
5033
5033
4709
4371
4709
4709
4709
5033
4695
4596
4596
4596
4601
4601
4442
4441
4442
4443
4443
4443
4443
4416
4415
4416
4092
4092
4092
4119
4092
4092
4119
4092
4092
4092
4091
4086
4086
4086
4086
4086
4410
4458
4458
4458
4458
4458
4796
4895
5006
5006
5006
5006
5006
4604
4604
4604
4604
4604
4609
4609
4609
4609
4768
4523
4523
4523
4523
4475
4475
4475
4523
4550
4551
4953
4953
5198
5198
4953
4411
4411
4411
4411
4411
4953
4952
4952
4952
4952
4952
5197
4655
4655
4357
4357
4357
4357
4309
3912
4309
4309
4282
4282
4282
4277
4277
4276
4177
4177
4177
4178
4178
4178
4178
4720
4721
4720
4720
4719
4720
4719
4719
5017
5017
5017
5017
5017
5017
5116
5117
5117
5117
5117
5117
5006
5011
5011
5011
5012
5012
5012
5123
5012
5012
5012
5012
5012
4913
4913
4912
4912
4912
4912
4939
4939
5038
5011
5010
5011
5011
5011
5011
5011
5010
5010
5010
5010
5037
4878
4926
4926
4926
4682
4682
4841
4952
4904
4904
4904
4745
4745
4421
4421
4421
4422
4423
4747
4747
4233
4747
4747
4747
4991
4991
4990
4991
4991
4991
4880
5039
5039
5038
5038
5038
4939
4939
4939
4780
4780
4536
4536
4536
4156
4315
4310
4283
4527
4638
4638
4638
4638
4637
4637
4664
4664
4665
4665
4764
4426
4764
4764
4737
4737
4736
4637
4637
4637
4638
4638
4737
4737
4737
4742
4742
4742
4769
4769
4769
4769
4769
4769
4817
4817
4816
4816
4492
4487
4811
4812
4812
4812
4812
4812
4817
4817
4479
4817
4817
4706
4658
4658
4769
4817
4817
4817
4790
4791
4791
4786
4786
4687
4686
4685
4712
5092
5092
5092
5191
5191
5191
5191
5191
5191
5191
5032
5191
5191
5143
5143
5143
5191
4867
4867
4768
4768
4768
4768
4768
4768
4867
4867
4622
4622
4324
4213
4213
4458
4459
4459
4459
4459
4783
4783
4735
4735
4708
4708
4708
4708
4708
4713
4713
4713
4713
4713
4713
4740
4641
4641
4641
4641
4641
4641
4641
4641
4641
4641
4482
4581
4692
4990
4990
4990
4985
4985
4874
4879
4874
4874
4874
4875
4875
4875
4776
4776
4776
4776
4776
4776
4775
4775
4775
4823
4823
4823
4823
4578
4578
4176
4181
4340
4340
4292
4292
4292
4291
4291
4291
4291
3967
4078
4078
4079
4079
4127
4372
4372
4471
4795
4790
4763
4763
4439
4439
4466
4466
4221
3785
3785
3785
3785
3785
3785
3785
3785
3785
3785
3785
4187
4139
4463
4511
4947
5192
5192
5192
5192
5192
5192
5192
5192
4812
4812
4812
4812
4764
4764
4764
4763
4736
4736
4736
4736
4736
4736
4736
4736
4736
5116
5116
5116
5117
5117
5116
4957
4957
4858
4859
4859
4858
4858
4858
4858
4859
4907
4907
4796
4895
4895
4895
4895
4895
4650
4677
4922
4823
4823
4823
4823
4982
4982
4982
4982
4982
4982
4955
4960
4960
5071
5066
4768
4768
4769
5067
5067
5067
5067
5067
5067
5067
5067
5067
5166
5166
5166
5166
5166
5171
5171
5170
5170
5170
5170
5171
5171
5171
5171
5171
4774
4774
4801
4753
4748
4748
4748
4748
4748
4748
4748
5145
5145
5118
5118
5118
5118
4820
4820
4820
4661
4661
4550
4577
4577
4577
4577
4875
4880
4879
4880
5039
5039
5039
5039
5039
5039
5087
5198
5198
5198
5198
5198
5198
5198
5198
5198
5198
5197
4795
4795
4747
4795
4790
4795
4795
4795
4636
4636
4537
4537
4537
4537
4538
4538
4538
4637
4637
4637
4636
4636
4636
4636
4636
4635
4630
5032
5037
5037
5038
5033
5033
5034
5007
5007
5007
4896
4896
4896
4797
4797
4797
4797
4797
4552
4552
4552
4552
4797
4896
5055
5055
5055
5055
5054
5054
5054
5054
5054
5006
5006
4708
4708
4756
4756
4757
4757
4757
4709
4709
4709
4757
4757
4756
4757
4757
4757
4757
4757
4757
4757
4756
4757
4757
4757
4757
4757
5055
5055
5055
5055
5055
5054
5053
5053
5054
5054
5054
5054
5053
5053
5053
5053
5053
4894
4894
4895
4895
5054
5054
5054
5081
5054
5165
4867
4867
4819
4819
4819
4819
4383
4383
4382
4387
4387
4387
4387
4388
4436
4192
4081
4517
4518
4273
4273
4273
4273
4273
4273
4273
4273
4273
4517
4517
4418
4370
4469
4714
4714
4709
4709
4820
4820
4820
4820
4825
5123
5123
5123
5123
5123
5123
5150
5150
5150
5051
5046
4802
4802
4802
4802
5046
4887
4886
4886
4886
4886
4934
4935
4935
4935
4935
4935
4935
5034
5193
5193
5192
5192
5192
5192
5165
5165
5165
5164
5164
5164
5164
5164
5164
5164
4920
4920
4920
4920
4921
4921
4921
4921
5165
5192
5197
5197
5197
5197
5197
5197
5197
5197
5197
5197
5197
5197
5197
5197
5197
5197
5197
5197
5197
5196
5148
5148
5148
4903
4903
4903
4904
4904
4905
4900
4900
4900
4900
4900
4948
4948
4948
4948
4947
4948
4948
4948
4948
4948
4948
4948
4948
4948
4948
4948
4947
4947
4899
4899
4899
4272
4517
4517
4490
4490
4495
4495
4522
4521
4521
4521
4521
4521
4521
4362
4363
4336
4331
4331
4331
4331
4331
4331
4331
4331
4331
4490
4490
4490
4490
4495
4336
4495
4495
4495
4495
4495
4495
4495
4496
4523
4523
4523
5150
5150
5149
5149
5150
5149
5149
5149
5122
5122
5122
5123
5123
5123
5122
5149
5149
5149
5148
5148
5148
5143
5143
5143
5143
5143
5143
5143
5143
5143
5143
5116
5116
5116
5017
5017
5017
5017
5017
4390
4390
4391
4391
4490
4490
4489
4489
4490
4490
4490
4495
4495
4543
4444
4443
4443
4444
4543
4543
5170
4734
5170
5170
5170
5197
5197
5197
5086
5038
5149
5149
5050
5050
5050
5050
4805
4805
4806
4806
4806
4806
4806
4806
4805
4805
4778
4778
4778
4778
4778
4778
4778
4778
4778
4778
4826
4826
4826
4826
4821
4826
4826
4826
4826
4826
4826
4826
4821
4821
4821
4821
4821
4821
4821
4822
4711
4711
4711
4716
4716
4716
4815
4815
4815
4815
4815
4815
4842
4842
4841
4841
4841
4682
4841
4742
4742
4742
4742
4742
4742
4853
4853
4853
4854
4854
4953
4953
4953
4953
5198
5198
5150
5123
5123
5123
5123
5123
5123
5123
5123
5123
5123
5123
5118
5166
5171
5171
5171
5171
5171
5171
5171
5171
5166
5166
5055
5055
5055
5054
5054
4657
4657
4657
4657
4657
4657
4657
4657
4657
4657
4657
4662
4657
4657
4657
4657
4657
4657
4658
4658
4657
4657
4657
4657
4657
4658
4658
4658
4657
4657
4657
4657
4662
4657
4657
4657
4657
4609
4609
4720
4747
4747
4747
4747
4747
4747
4747
4747
4747
4747
4747
4720
4720
4747
4747
4747
4747
4748
4748
4748
4748
4748
4748
4748
4796
4796
4796
4801
4796
4796
4796
4801
4801
5198
5197
5197
5197
5197
5197
5197
5197
5197
5197
5197
5197
5197
5197
5197
5197
5197
5197
5170
5059
5059
5059
5059
5059
5059
5011
5038
5038
5038
5038
5038
5038
5038
5038
5038
5038
5011
5012
5012
5039
5039
5038
5038
5038
5038
5038
5086
5086
5086
5086
5086
5197
5197
5149
5197
5197
5197
5197
5197
5197
5197
5197
5197
5197
5197
5196
5196
5191
5191
5191
5080
5080
5080
5032
5032
5032
5032
5032
5032
5037
5037
5085
5085
5037
5037
5037
5037
5037
4938
4938
4938
4938
4938
4938
4938
4938
4938
4938
4938
4939
4934
4934
4934
4982
4982
5081
5086
5086
5081
5192
5192
5192
5192
5191
5191
5191
5092
5092
5092
5093
5093
5093
5093
5093
5093
5093
5093
5093
5093
5045
5045
5144
5144
5145
5145
5145
5145
5145
5145
5145
5145
5145
5145
5145
5144
5144
5144
5192
5192
5191
5191
5143
5191
5196
5196
5196
5196
5196
5196
5196
5196
5197
5196
5148
5148
5196
5169
5169
5170
5122
5123
5123
5118
5118
5019
5019
5019
5019
5019
5019
5067
5067
5067
5067
5066
5066
5066
5066
5018
5018
5066
5066
5066
5093
5093
5093
5192
5193
5145
5144
5144
5144
5143
4984
4984
4984
4984
4984
4984
4984
4984
4984
4985
4985
4958
4959
4964
4964
4964
4865
4865
4865
4892
4892
4892
4892
4865
4865
4892
4940
4939
4939
4912
4912
4912
5011
5011
5011
5010
5005
5005
5005
5005
5164
5164
5164
5164
5164
5164
5164
4866
4866
4866
4893
4782
4893
4894
4894
4894
4894
4894
4894
4893
4893
4794
4794
4683
4683
4683
4524
4524
4524
4524
4524
4524
4524
4524
4623
4623
4623
4623
4624
4624
4624
4783
4783
4784
4784
4784
4784
4784
4784
4784
4784
4784
4784
4784
4783
4735
4735
4734
5032
5032
5032
5032
5032
5032
5037
5037
5010
5010
5011
5011
5011
5006
5006
5006
5006
5006
4907
4907
4907
4912
4912
4912
4912
4912
4912
5023
4778
4619
4619
4646
4646
4891
4891
4891
4891
4891
4891
5050
5050
5050
5051
5051
5051
5051
5051
5051
5150
5150
5150
5198
5198
5198
5193
5193
5166
5166
5166
5171
5171
5171
5171
5171
5171
5171
5171
5171
5171
5171
5171
5170
5170
5170
5170
5170
5170
5171
5198
5198
5193
5193
5193
5198
5197
4817
4817
4818
4818
4818
4818
4817
5197
5197
5197
5192
5192
5192
5197
5197
5197
5197
5196
5196
5196
5196
5196
5196
5196
5191
5164
5164
5169
5170
5197
5197
5197
5098
5099
5198
5197
5197
5197
5149
5144
5144
5144
5144
5144
5144
5144
5144
5144
5144
5144
5144
5144
5144
5144
5117
5117
5117
5118
5118
5117
5117
5122
5122
5122
4963
4963
4963
4963
4963
5122
5170
5071
5071
5071
5170
5170
5165
5165
5165
5165
5165
5165
5165
5192
5193
5193
5193
5193
5193
5193
5193
5193
5192
5192
5192
5197
5197
5197
5196
5197
5197
5197
5197
5197
5196
5196
5148
5148
5148
5148
5148
5196
5196
5196
5197
5197
5197
5196
5197
5197
5197
5197
5197
5197
5197
5197
5197
5196
5196
5196
5196
5196
5196
5196
5196
5196
5196
5196
5197
5197
5197
5197
5197
5098
5098
5098
5098
5093
5093
5093
5092
5092
5097
5097
5097
5097
5097
5097
5049
5049
5049
5049
5049
5050
5050
5050
5023
5023
5023
5023
4912
4912
4912
4911
4911
4911
4911
4911
4912
4939
4939
4939
4939
4939
4939
4939
4912
4912
4907
4907
4907
4906
4906
4906
4907
4907
4907
4907
4907
4934
4934
4934
4907
4907
5006
5117
5117
5118
5117
5144
5144
5144
5144
5144
5144
5144
5144
5144
5149
5149
5149
5149
5149
5149
5122
5121
5121
5121
5121
5121
5121
5116
5116
5116
5116
5116
5116
5116
5116
5164
5165
5165
5165
5165
5166
5166
5171
5171
5171
5171
5198
5197
5197
5197
5197
5197
5197
5197
5197
5197
5197
5197
5197
5197
5197
5197
5197
5197
5197
5197
5197
5196
5196
5196
5196
5196
5196
5196
5197
5197
5197
5198
5198
5198
5198
5198
5198
5197
5197
5197
5197
5197
5197
5197
5197
5196
5196
5197
5149
5149
5149
5150
5150
5150
5145
5193
5193
5192
5192
5192
5192
5192
5192
5192
5192
5192
5197
5197
5197
5197
5197
5197
5197
5197
5197
5197
5197
5198
5198
5197
5197
5197
5197
5197
5197
5038
5038
5011
5038
5037
5037
4989
4989
5148
5148
5148
5148
5148
5148
5148
5148
5148
5148
5149
5149
5150
5150
5150
5150
5150
5150
5150
5150
5150
5150
5150
5198
5198
5198
5198
5198
5197
5197
5197
5197
5197
5197
5197
5197
5197
5197
5197
5197
5197
5196
5196
5196
5196
5196
5196
5169
5169
5169
5169
5169
5169
5169
5169
5164
5164
5164
5164
5164
5164
5164
5164
5164
5164
5164
5164
5164
5164
5164
5165
5165
5170
5170
5165
5165
5165
5165
5165
5166
5166
5166
5165
5165
5165
5165
5165
5164
5169
5164
5164
5164
5169
5196
5196
5196
5196
5196
5196
5196
5197
5196
5196
5197
5197
5197
5197
5197
5170
5170
5165
5165
5165
5165
5165
5165
5165
5170
5170
5170
5170
5170
5165
5165
5165
5164
5164
5164
5116
5116
5116
5164
5164
5164
5191
5191
5196
5197
5197
5197
5170
5170
5171
5171
5123
5123
5123
5123
5122
5122
5123
5123
5123
5123
5123
5118
5118
5118
5118
5118
5166
5166
5166
5166
5007
5007
5007
5034
5034
5039
5039
5039
5039
5039
5034
5034
5034
5034
5034
5034
4986
4986
5034
5034
5034
5034
5034
5034
5034
5034
5034
5033
5033
5033
5192
5192
5192
5192
5192
5192
5192
5193
5192
5192
5192
5197
5197
5197
5197
5197
5197
5197
5197
5149
5149
5144
5144
5144
5144
5144
5144
5144
5144
5144
5144
5144
5117
5117
5117
5117
5116
5143
5143
5143
5148
5148
5148
5143
5143
5143
5144
5144
5144
5144
5144
5144
5144
5144
5144
5143
5143
5143
5148
5148
5148
5148
5148
5121
5148
5148
5148
5196
5196
5196
5196
5196
5196
5196
5191
5191
5191
5191
5191
5191
5191
5191
5191
5192
5197
5197
5197
5197
5197
5197
5196
5196
5196
5196
5196
5196
5196
5196
5196
5148
5148
5148
5148
5148
5196
5196
5196
5196
5196
5196
5196
5196
5197
5197
5197
5196
5197
5197
5197
5197
5197
5197
5197
5197
5197
5197
5196
5196
5196
5196
5196
5196
5196
5196
5196
5196
5196
5196
5196
5196
5196
5196
5196
5196
5196
5196
5196
5197
5197
5197
5198
5198
5198
5198
5198
5198
5198
5198
5198
5198
5198
5198
5198
5198
5198
5198
5198
5197
5197
5197
5197
5197
5197
5197
5197
5197
5197
5149
5149
5149
5149
5149
5149
5149
5149
5149
5197
5170
5165
5165
5165
5165
5165
5165
5165
5165
5170
5170
5170
5170
5170
5197
5197
5197
5197
5197
5197
5197
5197
5198
5198
5198
5171
5170
5170
5170
5170
5171
5166
5171
5171
5123
5123
5123
5123
5123
5122
5121
5121
5121
5121
5121
5121
5121
5121
5121
5121
5121
5122
5122
5122
5122
5117
5117
5117
5117
5118
5118
5118
5118
5118
5123
5123
5122
5122
5170
5170
5170
5170
5170
5169
5170
5170
5171
5170
5170
5170
5170
5170
5171
5171
5171
5171
5072
5072
5072
5099
5099
5099
5099
5099
5099
5072
5072
5072
5072
5072
5072
5072
5072
5072
5071
5071
5070
5070
5070
5070
5071
5071
5071
5071
5071
5071
5071
5170
5170
5165
5165
5165
5165
5165
5165
5165
5165
5165
5165
5165
5165
5164
5165
5165
5165
5165
5165
5165
5165
5165
5165
5165
5165
5165
5165
5165
5165
5165
5165
5165
5165
5165
5165
5165
5165
5165
5165
5165
5165
5165
5164
5164
5165
5165
5165
5165
5165
5165
5165
5165
5165
5165
5164
5164
5169
5170
5170
5170
5170
5170
5165
5165
5170
5170
5170
5171
5171
5171
5166
5171
5170
5170
5170
5170
5170
5171
5171
5171
5171
5170
5170
5170
5170
5170
5170
5197
5197
5197
5197
5196
5196
5196
5196
5196
5197
5197
5197
5192
5192
5192
5192
5192
5193
5192
5192
5192
5193
5193
5193
5193
5193
5193
5193
5198
5197
5197
5197
5197
5197
5197
5192
5197
5192
5192
5192
5192
5192
5165
5164
5169
5169
5169
5170
5165
5170
5170
5170
5170
5170
5170
5170
5170
5170
5170
5170
5170
5170
5170
5170
5171
5166
5166
5193
5192
5192
5192
5192
5192
5192
5192
5192
5192
5197
5170
5165
5164
5164
5164
5164
5164
5164
5164
5164
5164
5164
5164
5169
5169
5169
5170
5165
5165
5166
5166
5166
5166
5193
5193
5193
5193
5193
5193
5193
5166
5166
5166
5166
5166
5193
5193
5193
5193
5193
5193
5166
5166
5193
5193
5193
5193
5193
5193
5193
5193
5193
5193
5193
5193
5193
5193
5193
5193
5192
5192
5197
5197
5197
5197
5197
5170
5170
5170
5170
5197
5197
5197
5197
5197
5197
5197
5197
5197
5170
5170
5170
5170
5170
5170
5170
5170
5165
5192
5192
5192
5192
5192
5192
5192
5192
5192
5192
5192
5191
5191
5191
5191
5196
5197
5196
5169
5169
5169
5169
5169
5196
5196
5196
5196
5191
5191
5191
5191
5191
5191
5191
5192
5192
5192
5192
5192
5192
5197
5197
5197
5197
5197
5197
5197
5197
5197
5196
5196
5196
5196
5196
5196
5196
5196
5196
5196
5196
5196
5197
5197
5197
5197
5197
5197
5197
5197
5198
5198
5198
5198
5198
5198
5197
5197
5197
5197
5196
5196
5196
5196
5196
5196
5197
5196
5196
5196
5197
5197
5192
5192
5192
5192
5192
5192
5192
5165
5165
5166
5166
5166
5166
5166
5166
5165
5165
5165
5165
5165
5165
5165
5165
5165
5165
5165
5165
5170
5170
5170
5170
5170
5170
5170
5170
5170
5170
5170
5170
5170
5170
5170
5170
5170
5170
5170
5170
5170
5197
5197
5197
5197
5197
5197
5197
5197
5197
5197
5197
5197
5197
5197
5197
5197
5197
5197
5197
5197
5197
5197
5197
5197
5197
5197
5197
5149
5149
5149
5148
5148
5148
5148
5148
5148
5149
5149
5149
5149
5149
5149
5149
5149
5149
5149
5149
5149
5144
5144
5144
5143
5143
5143
5143
5143
5143
5143
5143
5143
5191
5191
5191
5192
5193
5193
5193
5193
5193
5193
5193
5193
5193
5193
5193
5193
5193
5193
5193
5193
5193
5198
5198
5198
5197
5197
5192
5192
5192
5191
5191
5191
5191
5191
5191
5191
5191
5191
5191
5191
5192
5192
5197
5197
5197
5197
5197
5197
5197
5197
5197
5197
5197
5197
5192
5192
5192
5192
5192
5192
5192
5192
5192
5192
5197
5197
5197
5197
5192
5192
5192
5192
5192
5192
5192
5191
5191
5191
5191
5191
5191
5191
5191
5191
5191
5191
5191
5191
5191
5191
5191
5192
5192
5192
5192
5192
5192
5192
5191
5191
5191
5191
5191
5191
5191
5191
5191
5191
5191
5191
5192
5192
5192
5192
5192
5192
5192
5197
5197
5196
5196
5196
5196
5196
5196
5196
5196
5196
5196
5196
5196
5196
5197
5197
5192
5192
5192
5191
5191
5192
5192
5192
5192
5197
5197
5198
5198
5198
5198
5198
5198
5198
5198
5198
5198
5198
5197
5197
5192
5192
5192
5192
5192
5192
5192
5192
5192
5192
5192
5192
5192
5192
5192
5192
5192
5192
5165
5165
5165
5165
5165
5165
5165
5165
5165
5165
5165
5192
5192
5192
5192
5191
5191
5191
5191
5191
5191
5191
5191
5191
5191
5191
5196
5196
5196
5196
5196
5196
5196
5196
5197
5197
5197
5197
5197
5198
5198
5198
5198
5198
5198
5198
5198
5198
5198
5198
5198
5198
5198
5198
5198
5198
5198
5197
5197
5197
5197
5197
5192
5197
5197
5197
5197
5197
5197
5197
5197
5197
5197
5197
5197
5197
5197
5197
5197
5197
5197
5197
5197
5197
5198
5198
5198
5198
5193
5193
5193
5193
5193
5193
5193
5193
5193
5193
5193
5193
5193
5193
5193
5193
5193
5193
5193
5193
5193
5193
5193
5193
5198
5198
5171
5171
5166
5171
5171
5171
5171
5171
5171
5123
5123
5123
5123
5123
5123
5123
5118
5145
5145
5145
5145
5145
5145
5145
5145
5144
5192
5192
5192
5192
5197
5197
5197
5196
5196
5196
5196
5196
5196
5196
5196
5196
5196
5196
5196
5196
5169
5164
5164
5164
5164
5164
5164
5164
5164
5164
5164
5164
5164
5164
5164
5191
5191
5191
5196
5196
5196
5196
5196
5196
5196
5196
5197
5197
5196
5169
5164
5164
5165
5165
5166
5166
5166
5166
5166
5166
5166
5166
5166
5166
5166
5171
5171
5171
5171
5171
5171
5171
5198
5198
5198
5198
5198
5198
5198
5198
5198
5198
5198
5198
5198
5198
5198
5198
5198
5198
5198
5198
5198
5198
5198
5193
5198
5198
5197
5197
5197
5197
5197
5197
5197
5197
5197
5197
5197
5197
5197
5198
5198
5198
5198
5197
5197
5197
5197
5197
5197
5197
5197
5197
5197
5197
5197
5197
5197
5197
5197
5198
5198
5198
5198
5197
5197
5197
5197
5197
5197
5197
5197
5197
5197
5197
5197
5197
5197
5197
5197
5197
5197
5197
5197
5192
5192
5192
5192
5192
5193
5193
5193
5193
5193
5193
5192
5192
5192
5192
5192
5192
5191
5191
5192
5192
5192
5192
5192
5192
5192
5192
5192
5165
5165
5165
5165
5165
5165
5165
5165
5165
5165
5165
5165
5192
5192
5193
5193
5193
5193
5193
5193
5193
5193
5193
5193
5193
5193
5193
5193
5193
5193
5193
5193
5193
5193
5193
5193
5193
5193
5193
5198
5198
5198
5198
5198
5198
5198
5198
5198
5197
5197
5197
5197
5197
5192
5192
5191
5192
5192
5191
5191
5191
5192
5193
5193
5193
5193
5193
5193
5193
5193
5193
5193
5193
5193
5193
5198
5193
5198
5198
5198
5198
5198
5198
5198
5198
5198
5198
5193
5193
5192
5165
5170
5170
5170
5170
5170
5170
5170
5170
5170
5197
5196
5196
5196
5196
5196
5196
5196
5196
5196
5196
5196
5196
5191
5191
5191
5191
5191
5196
5196
5196
5196
5196
5196
5196
5196
5197
5197
5197
5197
5197
5197
5197
5197
5197
5197
5197
5196
5196
5197
5197
5197
5197
5197
5197
5197
5197
5197
5197
5197
5197
5197
5197
5197
5197
5197
5198
5198
5198
5198
5198
5198
5198
5198
5198
5198
5198
5198
5198
5198
5198
5198
5198
5198
5198
5198
5198
5198
5198
5198
5198
5198
5198
5198
5198
5197
5197
5197
5197
5197
5197
5196
5197
5197
5197
5197
5197
5197
5197
5196
5196
5196
5196
5197
5197
5198
5198
5198
5198
5198
5198
5198
5198
5198
5198
5198
5197
5197
5197
5197
5197
5197
5197
5198
5198
5197
5197
5197
5197
5197
5197
5197
5197
5192
5191
5191
5191
5191
5191
5191
5191
5191
5191
5191
5191
5191
5191
5191
5192
5192
5192
5192
5192
5192
5192
5191
5191
5191
5192
5192
5192
5192
5192
5192
5192
5192
5192
5192
5192
5192
5192
5192
5192
5192
5192
5192
5192
5192
5192
5192
5197
5197
5197
5197
5197
5197
5197
5197
5197
5197
5197
5197
5197
5197
5197
5197
5197
5197
5197
5197
5197
5197
5197
5197
5197
5197
5197
5197
5197
5197
5197
5197
5197
5197
5197
5197
5197
5197
5197
5197
5197
5197
5197
5197
5198
5198
5198
5198
5197
5197
5197
5197
5197
5197
5197
5197
5197
5196
5196
5196
5196
5196
5196
5196
5197
5197
5197
5197
5197
5197
5197
5197
5197
5197
5197
5197
5197
5197
5197
5198
5198
5198
5198
5198
5198
5198
5198
5198
5198
5198
5198
5198
5198
5198
5198
5197
5197
5197
5197
5197
5197
5197
5197
5197
5197
5197
5197
5197
5197
5197
5197
5197
5197
5197
5197
5197
5197
5197
5197
5197
5197
5197
5197
5192
5192
5192
5192
5192
5192
5192
5192
5192
5192
5192
5192
5191
5196
5196
5196
5196
5196
5196
5196
5196
5196
5197
5197
5197
5197
5197
5197
5197
5197
5192
5191
5191
5191
5191
5192
5197
5197
5196
5196
5196
5196
5196
5196
5191
5196
5196
5196
5196
5196
5196
5196
5196
5197
5197
5197
5197
5197
5197
5196
5196
5196
5196
5196
5196
5196
5196
5196
5196
5196
5197
5192
5192
5193
5193
5193
5193
5193
5193
5193
5193
5193
5193
5193
5193
5193
5192
5193
5193
5193
5193
5198
5198
5198
5198
5197
5197
5198
5198
5198
5198
5198
5198
5198
5198
5197
5197
5197
5198
5198
5197
5197
5197
5197
5197
5197
5197
5197
5198
5198
5198
5198
5197
5196
5196
5196
5196
5196
5196
5196
5196
5196
5191
5191
5191
5196
5196
5196
5196
5196
5196
5196
5196
5196
5196
5196
5196
5196
5196
5196
5196
5197
5197
5197
5197
5196
5196
5197
5197
5197
5192
5192
5192
5197
5197
5197
5197
5197
5197
5197
5197
5197
5197
5197
5197
5197
5197
5197
5196
5196
5196
5196
5196
5196
5196
5196
5196
5196
5196
5196
5196
5196
5197
5196
5196
5196
5196
5196
5196
5196
5197
5198
5198
5198
5198
5198
5198
5198
5197
5198
5198
5198
5197
5197
5197
5197
5197
5197
5197
5197
5197
5192
5193
5193
5193
5193
5193
5193
5193
5193
5193
5193
5192
5192
5192
5192
5192
5193
5193
5192
5192
5193
5198
5198
5198
5197
5197
5198
5198
5197
5197
5197
5197
5197
5196
5196
5196
5196
5196
5197
5192
5192
5192
5192
5192
5197
5197
5192
5192
5193
5193
5193
5193
5193
5193
5193
5198
5198
5198
5198
5198
5198
5198
5198
5198
5198
5198
5198
5197
5197
5197
5192
5192
5193
5193
5193
5193
5193
5193
5193
5193
5193
5193
5193
5193
5193
5193
5192
5192
5192
5192
5192
5192
5192
5192
5192
5192
5192
5193
5193
5193
5193
5193
5193
5193
5192
5192
5192
5192
5192
5192
5192
5192
5192
5192
5192
5192
5192
5192
5197
5192
5192
5197
5197
5197
5197
5192
5192
5192
5191
5191
5192
5192
5192
5192
5197
5197
5197
5197
5197
5197
5197
5197
5197
5197
5197
5197
5197
5197
5198
5198
5198
5198
5198
5198
5198
5198
5198
5198
5198
5198
5198
5198
5198
5198
5198
5198
5198
5198
5193
5193
5193
5192
5191
5191
5191
5191
5191
5191
5196
5196
5196
5196
5196
5196
5196
5196
5196
5196
5196
5196
5196
5197
5197
5197
5197
5197
5197
5197
5197
5196
5197
5197
5197
5197
5197
5197
5197
5197
5197
5197
5197
5197
5197
5197
5197
5197
5197
5197
5197
5192
5192
5192
5192
5192
5192
5192
5192
5197
5198
5198
5198
5198
5198
5198
5198
5198
5197
5197
5197
5197
5197
5197
5196
5196
5196
5196
5197
5197
5197
5197
5197
5197
5197
5197
5197
5197
5198
5198
5197
5197
5197
5197
5197
5197
5197
5197
5197
5197
5197
5197
5198
5198
5198
5198
5197
5197
5198
5198
5198
5198
5198
5197
5197
5197
5197
5197
5197
5196
5196
5196
5196
5196
5196
5196
5196
5196
5196
5196
5196
5196
5196
5196
5196
5196
5197
5197
5197
5197
5197
5197
5197
5196
5196
5197
5197
5197
5197
5197
5197
5197
5197
5197
5197
5197
5197
5197
5197
5197
5197
5197
5197
5198
5198
5198
5198
5198
5198
5198
5198
5198
5198
5198
5193
5192
5192
5192
5192
5192
5193
5193
5193
5198
5198
5197
5196
5196
5197
5197
5197
5197
5198
5198
5198
5198
5198
5198
5193
5192
5192
5191
5191
5191
5192
5192
5192
5197
5197
5197
5197
5197
5197
5197
5197
5197
5197
5197
5197
5197
5197
5197
5197
5197
5197
5197
5197
5197
5197
5197
5197
5196
5196
5196
5196
5196
5196
5196
5191
5191
5192
5192
5197
5197
5197
5198
5198
5197
5197
5197
5197
5197
5197
5192
5192
5192
5192
5192
5192
5192
5192
5192
5192
5192
5192
5192
5192
5192
5192
5192
5192
5197
5197
5197
5197
5197
5197
5197
5197
5197
5197
5197
5197
5197
5197
5197
5197
5197
5197
5197
5196
5197
5197
5197
5197
5197
5197
5197
5197
5197
5197
5197
5197
5197
5197
5197
5196
5196
5197
5197
5197
5198
5198
5198
5198
5198
5198
5198
5198
5198
5198
5198
5198
5198
5198
5198
5198
5198
5198
5198
5198
5198
5198
5198
5198
5198
5198
5198
5198
5198
5198
5198
5198
5198
5198
5198
5198
5198
5197
5197
5197
5197
5197
5197
5197
5197
5197
5197
5197
5197
5197
5197
5197
5197
5197
5197
5197
5197
5197
5197
5197
5197
5197
5197
5197
5197
5197
5192
5192
5192
5192
5192
5192
5192
5192
5193
5193
5192
5192
5192
5197
5196
5196
5196
5196
5197
5197
5197
5197
5197
5197
5192
5192
5192
5192
5192
5192
5193
5193
5193
5193
5193
5193
5193
5193
5193
5193
5193
5192
5192
5192
5192
5192
5192
5197
5197
5197
5197
5197
5197
5197
5197
5197
5197
5197
5197
5197
5198
5197
5197
5197
5197
5197
5197
5197
5197
5197
5198
5198
5198
5198
5198
5198
5198
5198
5198
5198
5198
5198
5198
5198
5198
5197
5192
5192
5192
5192
5192
5192
5192
5192
5192
5193
5193
5193
5193
5193
5193
5198
5198
5198
5198
5198
5193
5193
5193
5193
5193
5193
5193
5198
5198
5198
5198
5197
5197
5197
5197
5197
5197
5197
5197
5197
5197
5197
5197
5197
5197
5197
5197
5196
5196
5191
5191
5191
5191
5191
5191
5191
5191
5191
5191
5191
5192
5192
5192
5192
5192
5192
5192
5197
5197
5197
5197
5197
5197
5197
5197
5197
5197
5192
5192
5192
5192
5192
5192
5192
5192
5192
5192
5192
5192
5192
5192
5197
5197
5197
5197
5197
5197
5197
5197
5197
5197
5197
5197
5192
5192
5192
5192
5192
5192
5192
5192
5192
5192
5192
5191
5191
5191
5191
5191
5192
5193
5193
5193
5193
5193
5193
5193
5193
5198
5198
5198
5198
5198
5197
5197
5197
5197
5197
5192
5192
5192
5191
5196
5196
5197
5198
5198
5198
5198
5198
5198
5198
5198
5198
5198
5198
5198
5198
5198
5198
5198
5198
5198
5198
5198
5198
5198
5198
5198
5197
5197
5197
5197
5197
5198
5198
5198
5198
5198
5198
5198
5198
5198
5198
5198
5193
5193
5193
5193
5193
5193
5193
5193
5193
5192
5193
5193
5193
5193
5198
5198
5198
5198
5198
5197
5196
5191
5191
5191
5192
5192
5192
5192
5192
5192
5192
5192
5192
5192
5192
5192
5192
5192
5192
5192
5192
5192
5192
5192
5192
5192
5192
5192
5192
5191
5192
5192
5192
5192
5192
5192
5192
5192
5192
5192
5192
5192
5192
5192
5192
5192
5192
5192
5192
5193
5193
5193
5193
5193
5193
5193
5198
5198
5198
5198
5198
5198
5198
5198
5198
5198
5198
5198
5198
5198
5198
5198
5198
5198
5198
5198
5198
5198
5198
5198
5198
5198
5198
5198
5198
5198
5198
5198
5198
5198
5198
5198
5198
5198
5197
5197
5197
5197
5197
5197
5197
5197
5197
5192
5192
5193
5193
5193
5198
5198
5198
5198
5198
5198
5197
5197
5192
5192
5192
5192
5192
5192
5192
5192
5192
5192
5192
5192
5192
5192
5192
5192
5192
5192
5193
5193
5193
5192
5193
5193
5193
5192
5192
5192
5197
5197
5197
5197
5197
5197
5197
5197
5197
5197
5197
5197
5197
5197
5197
5197
5197
5197
5197
5197
5197
5197
5197
5197
5197
5197
5197
5197
5196
5196
5196
5196
5191
5191
5191
5191
5191
5191
5196
5196
5197
5197
5197
5197
5198
5198
5198
5198
5198
5197
5197
5197
5197
5192
5192
5192
5192
5192
5192
5192
5193
5193
5193
5193
5193
5193
5193
5193
5193
5193
5193
5193
5193
5193
5193
5193
5193
5193
5198
5198
5198
5198
5198
5198
5198
5198
5197
5198
5198
5198
5198
5197
5197
5197
5197
5197
5197
5197
5197
5197
5197
5197
5197
5197
5197
5197
5197
5197
5197
5197
5197
5197
5197
5197
5197
5197
5197
5197
5197
5197
5197
5197
5197
5197
5197
5198
5197
5197
5197
5197
5197
5198
5198
5198
5198
5198
5198
5198
5198
5198
5198
5198
5197
5198
5198
5198
5198
5198
5198
5198
5198
5198
5198
5197
5197
5196
5196
5196
5196
5196
5196
5196
5196
5196
5196
5196
5197
5198
5198
5197
5197
5197
5197
5197
5197
5197
5197
5197
5197
5197
5197
5197
5197
5197
5197
5197
5197
5192
5192
5192
5192
5192
5192
5192
5192
5192
5192
5192
5192
5192
5192
5192
5192
5192
5192
5192
5192
5192
5192
5192
5192
5192
5192
5192
5192
5192
5192
5192
5192
5193
5193
5193
5192
5192
5192
5192
5192
5193
5193
5192
5192
5192
5192
5192
5192
5192
5192
5192
5192
5192
5192
5192
5192
5192
5192
5192
5192
5192
5192
5197
5198
5198
5198
5198
5197
5197
5197
5197
5197
5197
5197
5196
5196
5196
5196
5196
5196
5197
5197
5197
5197
5197
5197
5197
5197
5197
5197
5197
5197
5197
5197
5197
5197
5197
5197
5197
5197
5192
5197
5197
5197
5197
5197
5197
5196
5196
5196
5196
5196
5196
5196
5196
5196
5196
5196
5196
5196
5196
5197
5197
5197
5198
5198
5198
5198
5198
5198
5198
5198
5198
5198
5198
5198
5198
5198
5198
5198
5198
5197
5197
5197
5197
5197
5197
5197
5197
5197
5197
5197
5197
5197
5197
5192
5192
5192
5192
5192
5192
5192
5192
5192
5192
5192
5192
5192
5192
5192
5197
5197
5197
5197
5197
5197
5197
5197
5197
5197
5197
5198
5198
5198
5198
5198
5197
5197
5197
5197
5197
5197
5192
5192
5192
5192
5192
5192
5191
5191
5191
5191
5191
5192
5192
5192
5192
5197
5197
5196
5196
5197
5197
5197
5197
5197
5197
5197
5192
5192
5192
5193
5193
5193
5193
5193
5193
5198
5198
5198
5198
5198
5198
5198
5198
5198
5197
5197
5197
5198
5198
5198
5198
5198
5198
5198
5197
5198
5198
5198
5198
5198
5198
5197
5197
5197
5197
5197
5197
5197
5197
5197
5197
5197
5197
5197
5197
5197
5197
5197
5197
5197
5197
5197
5197
5197
5197
5197
5197
5197
5197
5197
5196
5196
5196
5196
5196
5196
5196
5196
5196
5196
5196
5196
5196
5196
5196
5196
5196
5196
5196
5196
5196
5197
5198
5198
5197
5197
5197
5197
5197
5197
5197
5197
5197
5197
5197
5198
5198
5198
5198
5198
5198
5198
5198
5198
5198
5198
5198
5198
5198
5198
5198
5198
5198
5198
5198
5198
5198
5198
5197
5197
5192
5192
5192
5192
5192
5192
5192
5192
5192
5192
5192
5192
5192
5192
5192
5192
5193
5193
5193
5193
5193
5193
5193
5193
5193
5193
5193
5192
5192
5192
5192
5192
5192
5192
5192
5192
5192
5192
5192
5192
5192
5192
5192
5192
5192
5192
5192
5192
5192
5192
5192
5192
5192
5192
5192
5192
5192
5192
5192
5192
5192
5192
5192
5192
5192
5192
5192
5197
5197
5197
5197
5197
5197
5197
5197
5197
5197
5197
5197
5197
5197
5197
5197
5197
5197
5197
5197
5197
5197
5197
5197
5198
5197
5197
5197
5197
5197
5197
5197
5197
5197
5197
5197
5197
5197
5197
5197
5197
5197
5197
5197
5197
5197
5197
5197
5197
5197
5197
5197
5197
5197
5197
5197
5197
5197
5197
5197
5197
5197
5197
5197
5197
5197
5197
5196
5196
5196
5196
5196
5196
5196
5197
5197
5197
5197
5197
5197
5197
5197
5197
5197
5197
5197
5197
5197
5197
5197
5197
5197
5197
5197
5197
5197
5197
5197
5197
5197
5197
5197
5197
5197
5197
5197
5197
5197
5197
5197
5197
5197
5197
5197
5197
5197
5198
5198
5198
5198
5198
5198
5198
5198
5198
5198
5198
5198
5198
5198
5198
5198
5198
5198
5198
5197
5197
5197
5197
5197
5197
5197
5197
5196
5196
5197
5197
5192
5197
5197
5197
5197
5197
5197
5197
5197
5197
5197
5197
5197
5197
5197
5197
5197
5197
5197
5197
5197
5197
5197
5197
5197
5197
5197
5197
5197
5197
5197
5197
5197
5197
5197
5197
5197
5197
5197
5197
5196
5196
5196
5196
5196
5197
5197
5197
5197
5197
5197
5197
5197
5197
5197
5197
5197
5197
5198
5198
5198
5198
5198
5198
5198
5198
5197
5197
5197
5196
5196
5196
5196
5197
5197
5197
5197
5197
5197
5197
5192
5192
5192
5192
5193
5193
5198
5198
5198
5198
5198
5198
5198
5198
5198
5198
5198
5198
5198
5198
5198
5198
5198
5198
5197
5197
5192
5192
5192
5192
5192
5192
5193
5193
5193
5193
5193
5193
5193
5193
5193
5193
5193
5193
5193
5193
5193
5193
5193
5193
5193
5193
5193
5193
5193
5193
5193
5193
5193
5193
5193
5193
5193
5193
5193
5193
5193
5192
5192
5192
5191
5191
5191
5192
5192
5192
5192
5192
5192
5192
5192
5192
5192
5192
5197
5197
5197
5197
5197
5197
5197
5197
5197
5197
5197
5197
5198
5198
5198
5198
5198
5198
5198
5198
5198
5198
5198
5198
5198
5198
5198
5198
5198
5198
5198
5198
5198
5198
5198
5198
5198
5198
5198
5198
5198
5198
5198
5198
5198
5198
5198
5198
5198
5198
5198
5198
5198
5198
5198
5198
5198
5198
5198
5198
5198
5197
5197
5197
5197
5197
5197
5197
5198
5198
5198
5198
5198
5198
5198
5198
5198
5198
5198
5198
5198
5198
5198
5198
5198
5198
5198
5198
5198
5198
5198
5198
5198
5198
5198
5198
5198
5198
5198
5198
5198
5198
5197
5197
5197
5197
5197
5197
5197
5196
5197
5197
5197
5197
5197
5197
5197
5197
5197
5197
5197
5197
5198
5198
5198
5198
5198
5198
5198
5198
5198
5198
5198
5197
5198
5198
5198
5198
5198
5198
5198
5198
5198
5198
5198
5198
5198
5198
5198
5198
5198
5198
5198
5198
5198
5198
5198
5198
5198
5198
5198
5198
5198
5198
5198
5198
5198
5198
5198
5198
5198
5198
5198
5198
5198
5198
5198
5198
5198
5198
5198
5197
5197
5197
5196
5196
5196
5196
5196
5196
5196
5196
5196
5196
5196
5196
5196
5196
5196
5196
5196
5196
5196
5196
5196
5196
5197
5197
5197
5197
5196
5196
5196
5196
5196
5196
5196
5196
5196
5196
5197
5197
5197
5197
5197
5197
5197
5197
5197
5198
5198
5198
5198
5198
5198
5198
5198
5198
5198
5198
5198
5198
5198
5198
5198
5198
5198
5198
5198
5198
5198
5198
5198
5198
5198
5198
5198
5198
5198
5198
5198
5198
5198
5198
5198
5198
5197
5197
5197
5197
5197
5196
5196
5196
5196
5196
5196
5196
5196
5197
5197
5197
5197
5197
5197
5197
5197
5197
5197
5197
5197
5197
5197
5197
5197
5197
5197
5197
5196
5196
5196
5196
5196
5196
5196
5196
5196
5196
5196
5196
5196
5196
5197
5197
5197
5197
5197
5197
5197
5197
5197
5197
5197
5197
5197
5197
5197
5197
5197
5197
5197
5197
5197
5197
5197
5197
5197
5197
5197
5197
5197
5197
5197
5197
5197
5197
5197
5197
5197
5197
5197
5197
5197
5197
5197
5197
5197
5197
5197
5197
5197
5197
5197
5197
5197
5198
5198
5198
5198
5198
5198
5198
5198
5198
5198
5197
5197
5197
5197
5197
5197
5197
5197
5197
5197
5197
5197
5197
5197
5197
5197
5197
5197
5197
5197
5197
5197
5197
5197
5197
5197
5197
5197
5197
5197
5197
5197
5197
5197
5197
5197
5197
5197
5197
5197
5197
5197
5197
5197
5197
5197
5197
5197
5197
5197
5197
5197
5197
5197
5197
5197
5197
5197
5197
5197
5197
5197
5197
5197
5197
5197
5197
5197
5197
5197
5197
5197
5197
5197
5196
5196
5196
5196
5196
5196
5196
5196
5196
5196
5196
5196
5196
5196
5196
5196
5196
5196
5196
5196
5197
5197
5197
5197
5197
5197
5197
5197
5197
5192
5192
5192
5192
5192
5192
5192
5192
5192
5192
5192
5192
5192
5192
5192
5192
5192
5192
5192
5192
5192
5192
5192
5192
5192
5192
5192
5197
5197
5197
5197
5197
5197
5197
5197
5197
5197
5197
5197
5196
5196
5196
5196
5196
5196
5196
5196
5196
5196
5196
5196
5196
5197
5197
5197
5198
5198
5198
5198
5197
5197
5197
5197
5197
5197
5198
5198
5198
5198
5198
5198
5198
5198
5198
5198
5198
5198
5198
5198
5198
5198
5198
5198
5198
5198
5198
5198
5198
5198
5198
5197
5197
5197
5197
5192
5192
5191
5191
5196
5196
5196
5196
5196
5196
5196
5196
5196
5196
5196
5196
5196
5196
5196
5196
5196
5196
5196
5196
5197
5197
5198
5198
5198
5198
5198
5198
5198
5198
5198
5198
5198
5198
5197
5197
5197
5197
5196
5196
5196
5196
5196
5196
5197
5197
5197
5197
5197
5198
5198
5198
5198
5198
5198
5198
5198
5198
5198
5198
5198
5198
5198
5198
5198
5198
5198
5198
5197
5197
5197
5197
5197
5196
5196
5196
5196
5196
5196
5196
5197
5197
5197
5197
5197
5197
5197
5197
5197
5197
5198
5198
5198
5197
5197
5197
5197
5197
5197
5197
5197
5197
5197
5197
5197
5196
5196
5196
5197
5197
5197
5197
5197
5197
5197
5197
5197
5197
5197
5197
5197
5197
5197
5197
5197
5197
5197
5197
5197
5197
5197
5197
5197
5198
5198
5198
5198
5198
5198
5198
5198
5198
5198
5198
5197
5197
5197
5197
5197
5197
5197
5197
5197
5197
5197
5197
5197
5197
5197
5197
5197
5196
5196
5196
5196
5196
5196
5196
5196
5197
5197
5197
5197
5197
5198
5198
5198
5198
5198
5198
5198
5198
5197
5197
5197
5197
5197
5197
5197
5197
5197
5197
5197
5197
5197
5197
5198
5198
5198
5198
5198
5198
5198
5198
5198
5198
5198
5198
5198
5198
5198
5198
5198
5198
5198
5198
5198
5198
5198
5198
5198
5198
5198
5198
5198
5198
5198
5198
5198
5198
5198
5198
5198
5198
5197
5197
5197
5197
5197
5197
5197
5197
5197
5197
5197
5197
5197
5197
5197
5197
5197
5197
5197
5197
5197
5197
5197
5197
5197
5197
5197
5197
5197
5197
5197
5197
5197
5197
5198
5198
5198
5198
5198
5198
5198
5198
5198
5198
5198
5198
5198
5198
5198
5198
5198
5198
5198
5198
5198
5198
5198
5198
5198
5198
5198
5198
5198
5198
5198
5198
5198
5198
5198
5198
5198
5198
5198
5198
5198
5198
5198
5198
5198
5198
5198
5198
5198
5198
5198
5198
5198
5198
5198
5198
5198
5198
5198
5198
5198
5198
5198
5198
5198
5198
5198
5198
5198
5198
5198
5198
5198
5198
5198
5198
5198
5198
5198
5198
5198
5198
5198
5198
5198
5198
5198
5198
5198
5198
5198
5198
5198
5198
5198
5198
5198
5198
5198
5198
5198
5198
5198
5198
5198
5198
5198
5198
5198
5198
5198
5198
5198
5198
5198
5198
5198
5198
5198
5198
5198
5198
5198
5198
5198
5198
5198
5198
5198
5198
5198
5198
5198
5198
5198
5198
5198
5198
5198
5198
5198
5198
5198
5198
5198
5198
5198
5198
5198
5198
5198
5198
5198
5198
5198
5198
5198
5198
5198
5198
5198
5198
5198
5198
5198
5198
5198
5198
5198
5198
5198
5198
5198
5198
5198
5198
5198
5198
5198
5198
5198
5198
5198
5198
5198
5198
5198
5198
5198
5198
5198
5198
5198
5198
5198
5198
5198
5198
5198
5198
5198
5198
5198
5198
5198
5198
5198
5198
5198
5198
5198
5198
5198
5198
5198
5198
5198
5198
5198
5198
5198
5198
5198
5198
5198
5198
5198
5197
5197
5197
5197
5197
5197
5197
5197
5196
5196
5197
5197
5197
5197
5197
5197
5197
5197
5197
5197
5197
5198
5198
5198
5198
5198
5197
5197
5197
5197
5197
5197
5197
5197
5197
5197
5197
5197
5197
5196
5196
5196
5196
5197
5197
5197
5197
5197
5197
5197
5197
5197
5197
5198
5198
5198
5198
5197
5197
5197
5197
5197
5198
5198
5198
5198
5198
5198
5198
5198
5198
5198
5198
5198
5198
5198
5198
5198
5198
5198
5197
5197
5197
5197
5197
5197
5197
5197
5197
5197
5197
5197
5197
5197
5197
5197
5196
5196
5196
5196
5197
5197
5197
5197
5197
5197
5197
5197
5197
5197
5196
5196
5196
5196
5196
5196
5196
5196
5196
5196
5196
5197
5197
5197
5197
5197
5197
5197
5197
5197
5197
5197
5197
5197
5197
5198
5198
5198
5198
5198
5197
5197
5197
5197
5197
5197
5197
5197
5197
5197
5197
5197
5197
5196
5196
5197
5198
5198
5198
5198
5198
5198
5198
5198
5198
5198
5198
5198
5198
5198
5198
5198
5198
5198
5198
5198
5198
5198
5198
5198
5198
5198
5198
5198
5198
5198
5198
5198
5198
5198
5198
5197
5197
5197
5197
5197
5197
5197
5197
5197
5197
5197
5197
5197
5197
5197
5197
5197
5197
5197
5197
5197
5198
5198
5198
5198
5198
5198
5198
5198
5198
5198
5198
5198
5198
5198
5198
5198
5198
5198
5198
5198
5198
5198
5198
5198
5198
5198
5198
5198
5198
5198
5198
5198
5198
5198
5198
5198
5198
5198
5198
5198
5198
5198
5198
5198
5198
5198
5198
5198
5198
5198
5198
5198
5198
5198
5198
5198
5198
5198
5198
5198
5198
5198
5198
5198
5198
5198
5198
5198
5198
5198
5198
5198
5198
5198
5198
5198
5198
5198
5198
5198
5198
5198
5198
5198
5198
5198
5198
5198
5198
5197
5197
5197
5197
5197
5197
5197
5197
5197
5197
5197
5197
5198
5198
5198
5198
5198
5198
5198
5198
5198
5198
5198
5198
5198
5198
5198
5198
5198
5198
5198
5198
5198
5198
5198
5198
5198
5198
5198
5198
5198
5198
5198
5198
5198
5198
5198
5198
5198
5198
5198
5198
5198
5198
5198
5198
5198
5198
5198
5198
5198
5198
5198
5198
5197
5197
5197
5197
5197
5197
5197
5197
5198
5198
5198
5198
5198
5198
5198
5198
5198
5198
5198
5198
5198
5198
5198
5198
5198
5198
5198
5198
5198
5198
5198
5198
5198
5198
5198
5198
5198
5198
5198
5198
5198
5198
5198
5197
5197
5197
5197
5197
5197
5197
5197
5197
5197
5197
5197
5197
5198
5198
5198
5198
5198
5198
5198
5198
5198
5198
5198
5198
5198
5198
5198
5198
5198
5198
5198
5198
5198
5198
5198
5198
5198
5198
5198
5198
5198
5198
5198
5198
5198
5198
5198
5198
5198
5198
5198
5198
5198
5198
5197
5197
5197
5197
5198
5198
5198
5198
5198
5198
5198
5198
5198
5198
5198
5198
5198
5198
5197
5197
5197
5197
5196
5196
5196
5196
5196
5196
5196
5196
5196
5196
5196
5196
5196
5196
5196
5196
5196
5196
5197
5197
5198
5198
5198
5198
5198
5198
5198
5198
5198
5198
5198
5198
5198
5198
5197
5197
5197
5197
5197
5197
5197
5197
5197
5197
5197
5197
5197
5197
5197
5197
5197
5197
5197
5197
5197
5197
5197
5197
5197
5197
5197
5197
5197
5197
5197
5197
5197
5197
5197
5197
5197
5197
5198
5198
5198
5198
5198
5198
5198
5198
5198
5198
5198
5198
5198
5198
5198
5198
5198
5198
5198
5198
5198
5198
5198
5198
5198
5198
5198
5198
5198
5197
5197
5197
5197
5197
5197
5197
5197
5197
5197
5198
5198
5198
5198
5198
5198
5198
5198
5198
5198
5198
5198
5198
5198
5198
5198
5198
5198
5198
5198
5198
5198
5198
5198
5198
5198
5198
5198
5198
5198
5198
5198
5198
5198
5198
5198
5198
5198
5198
5198
5198
5198
5198
5198
5198
5198
5198
5198
5198
5198
5198
5197
5197
5197
5198
5198
5198
5198
5198
5198
5198
5198
5198
5198
5198
5198
5198
5198
5198
5197
5197
5197
5197
5197
5197
5197
5197
5197
5198
5198
5198
5198
5198
5198
5198
5198
5198
5198
5198
5198
5198
5198
5198
5198
5198
5198
5198
5198
5198
5198
5198
5198
5198
5198
5198
5198
5198
5198
5198
5198
5198
5198
5198
5198
5198
5198
5198
5198
5198
5198
5198
5198
5198
5198
5198
5198
5198
5198
5198
5198
5198
5198
5198
5198
5198
5198
5198
5198
5198
5198
5198
5198
5198
5198
5198
5198
5198
5198
5198
5198
5198
5198
5198
5198
5198
5198
5198
5198
5198
5198
5198
5198
5198
5198
5198
5198
5198
5198
5198
5198
5198
5198
5198
5198
5198
5198
5198
5198
5198
5198
5198
5198
5198
5198
5198
5198
5198
5198
5198
5198
5198
5198
5198
5198
5198
5198
5198
5198
5198
5198
5198
5198
5198
5198
5198
5198
5198
5198
5197
5197
5197
5197
5197
5197
5197
5197
5197
5197
5197
5197
5197
5197
5197
5197
5197
5197
5197
5198
5198
5198
5198
5198
5198
5198
5198
5198
5198
5198
5198
5198
5198
5198
5198
5198
5198
5198
5198
5198
5197
5197
5197
5198
5198
5198
5198
5198
5198
5198
5198
5198
5198
5198
5198
5198
5198
5198
5198
5198
5198
5198
5198
5198
5198
5198
5198
5198
5198
5198
5198
5198
5198
5198
5198
5198
5198
5198
5198
5198
5198
5198
5198
5198
5198
5198
5198
5198
5198
5198
5198
5198
5198
5198
5198
5198
5198
5198
5198
5198
5198
5198
5198
5198
5198
5198
5198
5198
5198
5198
5198
5198
5198
5198
5198
5198
5198
5198
5198
5198
5198
5198
5198
5198
5198
5198
5198
5198
5198
5198
5198
5198
5198
5198
5198
5198
5198
5198
5198
5198
5198
5198
5198
5198
5198
5198
5198
5198
5198
5198
5198
5198
5197
5197
5198
5198
5198
5198
5198
5198
5198
5198
5198
5198
5198
5198
5198
5198
5198
5198
5198
5198
5198
5198
5198
5198
5198
5198
5198
5198
5198
5198
5198
5198
5198
5198
5198
5198
5198
5198
5198
5198
5198
5198
5198
5198
5198
5198
5198
5198
5198
5198
5198
5198
5198
5198
5198
5198
5198
5198
5198
5198
5198
5198
5198
5198
5198
5198
5198
5198
5198
5198
5198
5198
5198
5198
5198
5198
5198
5198
5198
5198
5198
5198
5198
5198
5198
5198
5198
5198
5198
5198
5198
5198
5198
5198
5198
5198
5198
5198
5198
5198
5198
5198
5198
5198
5198
5198
5198
5198
5198
5198
5198
5198
5198
5198
5198
5198
5198
5198
5198
5198
5198
5198
5198
5198
5198
5198
5198
5198
5198
5198
5198
5198
5198
5198
5198
5198
5198
5198
5198
5198
5198
5198
5198
5198
5198
5198
5198
5198
5198
5198
5198
5198
5198
5198
5198
5198
5198
5198
5198
5198
5198
5198
5198
5198
5198
5198
5198
5198
5198
5198
5198
5198
5198
5198
5198
5198
5198
5198
5198
5198
5198
5198
5198
5198
5198
5198
5198
5198
5198
5198
5198
5198
5198
5198
5198
5198
5198
5198
5198
5198
5198
5198
5198
5198
5198
5198
5198
5198
5198
5198
5198
5198
5198
5198
5198
5198
5198
5198
5198
5198
5198
5198
5198
5198
5198
5198
5198
5198
5198
5198
5198
5198
5198
5198
5198
5198
5198
5198
5198
5198
5198
5198
5198
5198
5198
5198
5198
5198
5198
5198
5198
5198
5198
5198
5198
5198
5198
5198
5198
5198
5197
5197
5197
5197
5197
5197
5197
5197
5197
5197
5197
5197
5197
5197
5197
5198
5198
5198
5198
5198
5198
5198
5198
5197
5197
5197
5197
5198
5198
5198
5198
5198
5198
5198
5198
5198
5198
5198
5198
5198
5198
5198
5198
5198
5198
5198
5198
5198
5198
5198
5198
5198
5197
5197
5197
5198
5198
5198
5198
5198
5198
5198
5198
5198
5198
5198
5198
5198
5198
5198
5198
5198
5198
5198
5198
5198
5198
5198
5198
5198
5198
5198
5198
5198
5198
5198
5198
5198
5198
5198
5198
5198
5198
5198
5198
5198
5198
5198
5198
5198
5198
5198
5198
5198
5198
5198
5198
5198
5198
5198
5198
5198
5198
5198
5198
5198
5198
5198
5198
5198
5198
5198
5198
5198
5198
5198
5198
5198
5198
5198
5198
5198
5198
5198
5198
5198
5198
5198
5198
5198
5198
5198
5198
5198
5198
5198
5198
5198
5198
5198
5198
5198
5198
5198
5198
5198
5198
5198
5198
5198
5198
5198
5198
5198
5198
5198
5198
5198
5198
5198
5198
5198
5198
5198
5198
5198
5198
5198
5198
5198
5198
5198
5198
5198
5198
5198
5198
5198
5198
5198
5198
5198
5198
5198
5198
5198
5198
5198
5198
5198
5198
5197
5197
5197
5198
5198
5198
5198
5198
5198
5198
5198
5198
5198
5198
5198
5198
5198
5198
5198
5198
5198
5198
5198
5198
5198
5198
5198
5198
5198
5198
5198
5198
5198
5198
5198
5198
5198
5198
5198
5198
5198
5198
5198
5198
5198
5198
5198
5198
5198
5198
5198
5198
5198
5198
5198
5198
5198
5198
5198
5198
5198
5198
5198
5198
5198
5198
5198
5198
5198
5198
5198
5198
5198
5198
5198
5198
5198
5198
5198
5198
5198
5198
5198
5198
5198
5198
5198
5198
5198
5198
5198
5198
5198
5198
5198
5198
5198
5198
5198
5198
5198
5198
5198
5198
5198
5198
5198
5198
5198
5198
5198
5198
5198
5198
5198
5198
5198
5198
5198
5198
5198
5198
5198
5198
5198
5198
5198
5198
5198
5198
5198
5198
5198
5198
5198
5198
5198
5198
5198
5198
5198
5198
5198
5198
5198
5198
5198
5198
5198
5198
5198
5198
5198
5198
5198
5198
5198
5198
5198
5198
5198
5198
5198
5198
5198
5198
5198
5198
5198
5198
5198
5198
5198
5198
5198
5198
5198
5198
5198
5198
5198
5198
5198
5198
5198
5198
5198
5198
5198
5198
5198
5198
5198
5198
5198
5198
5198
5198
5198
5198
5198
5198
5198
5198
5198
5198
5198
5198
5198
5198
5198
5198
5198
5197
5198
5198
5198
5198
5198
5198
5198
5198
5198
5198
5198
5198
5198
5198
5198
5198
5198
5198
5198
5198
5198
5198
5198
5198
5198
5198
5198
5198
5198
5198
5198
5198
5198
5198
5198
5198
5198
5198
5198
5198
5198
5198
5198
5198
5198
5198
5198
5198
5198
5198
5198
5198
5198
5198
5198
5198
5198
5197
5197
5197
5197
5198
5198
5198
5198
5198
5198
5198
5198
5198
5198
5198
5198
5198
5198
5198
5198
5198
5198
5198
5198
5198
5198
5198
5198
5198
5198
5198
5198
5198
5198
5198
5198
5198
5198
5198
5198
5198
5198
5198
5198
5198
5198
5198
5198
5198
5198
5198
5198
5198
5198
5198
5198
5198
5198
5198
5198
5198
5198
5198
5198
5198
5198
5198
5198
5198
5198
5198
5198
5198
5198
5198
5198
5198
5198
5198
5198
5198
5198
5198
5198
5198
5198
5198
5198
5198
5198
5198
5198
5198
5198
5198
5198
5198
5198
5198
5198
5198
5198
5198
5198
5198
5198
5198
5198
5198
5198
5198
5198
5198
5198
5198
5198
5198
5198
5197
5197
5197
5197
5197
5197
5197
5197
5197
5197
5197
5197
5197
5197
5197
5197
5197
5197
5197
5197
5197
5197
5197
5197
5197
5197
5197
5197
5197
5197
5198
5198
5198
5198
5198
5198
5198
5198
5198
5198
5198
5198
5198
5198
5198
5198
5198
5198
5198
5198
5198
5198
5198
5198
5198
5198
5198
5198
5198
5198
5198
5198
5198
5198
5198
5198
5198
5198
5198
5198
5198
5198
5198
5198
5198
5198
5198
5198
5198
5198
5198
5198
5198
5198
5198
5198
5198
5198
5198
5198
5198
5198
5198
5198
5198
5198
5198
5198
5198
5198
5198
5198
5198
5198
5198
5198
5198
5198
5198
5198
5198
5198
5198
5198
5198
5198
5198
5198
5198
5198
5198
5198
5198
5198
5198
5198
5198
5198
5198
5198
5198
5198
5198
5198
5198
5198
5198
5198
5198
5198
5198
5198
5198
5198
5198
5198
5198
5198
5198
5198
5198
5198
5198
5198
5198
5198
5198
5198
5198
5198
5198
5198
5198
5198
5198
5198
5198
5198
5198
5198
5198
5198
5198
5198
5198
5198
5198
5198
5198
5198
5198
5198
5198
5198
5198
5198
5198
5198
5198
5198
5198
5198
5198
5198
5198
5198
5198
5198
5198
5198
5198
5198
5198
5198
5198
5198
5198
5198
5198
5198
5198
5198
5198
5198
5198
5198
5198
5198
5198
5198
5198
5198
5198
5198
5198
5198
5198
5198
5198
5198
5198
5198
5198
5198
5198
5198
5198
5198
5198
5198
5198
5198
5198
5198
5198
5198
5198
5198
5198
5198
5198
5198
5198
5198
5198
5198
5198
5198
5198
5198
5198
5198
5198
5198
5198
5198
5198
5198
5198
5198
5198
5198
5198
5198
5198
5198
5198
5198
5198
5198
5198
5198
5198
5198
5198
5198
5198
5198
5198
5198
5198
5198
5198
5198
5198
5198
5198
5198
5198
5198
5198
5198
5198
5198
5198
5198
5198
5198
5198
5198
5198
5198
5198
5198
5198
5198
5198
5198
5198
5198
5198
5198
5198
5198
5198
5198
5198
5198
5198
5198
5198
5198
5198
5198
5198
5198
5198
5198
5198
5198
5198
5198
5198
5198
5198
5198
5198
5198
5198
5198
5198
5198
5198
5198
5198
5198
5198
5198
5198
5198
