4410
4670
4410
3955
4215
4215
4231
3548
3497
3855
3905
3906
3957
4239
4189
4544
4160
4609
4558
4203
3641
3996
3980
3996
4380
3931
3671
4126
3635
4197
3842
3826
3876
3927
4027
4027
3977
4237
4920
4920
5275
5175
4783
4783
5175
5174
5665
5256
5665
5014
4630
4631
4349
4349
4349
4631
4140
4379
4140
4589
4588
5079
5179
5179
5179
5179
4730
4731
4240
4479
4928
4828
4589
4588
4306
4306
4307
4307
4691
4741
5392
5408
5053
4695
4644
4883
4883
5241
5225
5325
5341
5325
4642
4658
4658
4658
4657
4325
4607
4152
4607
5098
4706
4706
4257
3606
3607
3223
3578
3962
4645
4645
5296
5246
4755
4755
4755
4371
4111
4443
4835
4477
4477
4085
3985
4434
4079
4570
4161
3922
3431
3531
3530
3531
3531
3770
3208
2876
3136
3698
3438
3830
3268
3268
2876
3260
3244
3144
3553
3604
3959
4291
3640
3640
3308
3308
3026
3025
3417
3908
4240
4001
3609
3869
4151
3660
3899
4461
4819
4820
4836
4576
5227
4778
4420
4138
4629
4067
4516
4132
4694
4245
3754
4036
3681
3630
4014
3559
3609
4064
4422
4913
4674
4624
4215
4607
4325
4607
4607
4607
4606
4214
4663
4172
3840
3157
3207
3207
3208
2753
3208
3259
3259
3258
3749
3849
3400
4083
4083
4083
4475
4714
4714
4475
4714
4715
4715
4699
4208
4158
4208
4108
4557
4817
4166
4116
3856
3574
2891
2941
3223
2865
3274
3224
3274
3273
3222
3322
2913
2964
2913
2631
3040
2478
2239
2139
2421
3104
3104
2649
3211
3212
3162
3617
3225
3876
3314
3553
3271
3287
3642
4204
4204
4562
4662
4253
3898
3659
4014
4014
3656
3938
4429
4429
4413
4413
4771
4322
4338
4056
4106
4106
4555
4100
4100
4084
3401
2750
3142
3158
3567
3517
3799
3798
3236
2745
2463
2464
2055
1697
2380
2662
2662
3224
3679
3729
4138
4138
3455
3715
4206
4206
4106
4106
4090
4040
4040
4040
4040
4090
3735
4090
4040
3685
4043
3659
3250
2990
2990
2989
2989
3005
3244
3628
3628
3678
3778
3778
3778
4187
4187
4447
5098
4998
4982
4527
4118
3734
4143
3785
4240
4598
4598
4982
4331
3947
3948
3688
3739
4071
4071
4331
3973
3923
4606
4656
4396
4751
4700
4650
4159
4810
4455
4813
5197
4813
5304
5355
5116
5216
5216
4858
4758
5142
5381
5142
5142
5142
4758
4997
5381
5142
4491
3808
3476
3576
3836
3736
3287
3619
4302
3893
3893
3331
3331
3689
3689
3739
3347
3297
2965
3357
2965
2965
3204
3204
3653
3653
3269
3678
3677
3268
3268
3268
3268
3284
3693
3677
3693
3642
3742
3333
3384
3333
3665
4316
4300
4350
4350
4759
5114
5676
5321
5321
5713
5764
5765
5765
5781
5781
5765
5082
5082
5031
5386
5386
4994
4343
4727
4743
4743
5394
5039
4681
4732
4277
4261
3929
3690
3590
3982
4665
5020
5120
5119
5135
5590
5330
5331
5331
4769
4718
4309
4027
4026
4026
4026
3577
3578
3578
3578
4140
3457
3002
3002
3457
3456
3406
3688
3126
3575
3183
3575
3120
2728
2728
3086
3086
3086
2804
3213
3214
3474
2823
2873
3155
3717
3768
3413
2922
3277
3928
4419
4403
4143
3785
4177
4509
4509
4509
4964
4555
4163
3714
3730
4088
4088
4497
4088
3633
4088
3988
3987
4247
4247
4248
3890
3874
4557
4557
4796
4464
4009
3749
4107
4367
4699
4344
3661
3661
3422
3372
3611
3120
3120
3512
3961
4316
4316
4315
4998
4998
4549
4267
4758
5040
4758
4774
4382
3699
4154
4154
3915
3899
3915
3965
3610
3226
3610
3611
3560
4243
3983
3599
3599
3241
3191
3575
3191
2629
2911
2629
3013
3013
3252
3251
3251
3252
3701
3752
3802
4194
3703
3464
3414
3030
2979
2963
3347
3347
3447
3447
3938
4293
4292
4293
4343
4625
4676
5085
5084
4752
4470
4078
4078
4028
4310
3855
3446
3395
3655
3655
3655
4217
4117
3857
4266
4526
4526
4526
4526
4884
4435
4175
3817
3833
4288
4288
4646
4646
4746
4746
4985
4494
4136
3574
3574
3574
3558
2907
3398
3847
3356
3714
3714
3714
4046
4306
3857
4306
4306
4306
4356
4001
4563
4231
4563
4179
3821
3582
3582
3974
3990
4041
4532
4432
4172
3890
3890
3839
4194
4578
4578
4246
4230
4281
4230
4281
4563
4663
4664
4613
4852
4852
4852
4403
4353
4404
4664
4280
4931
4649
4649
4665
4649
4665
4210
4210
3818
4202
4202
4594
4210
4210
4210
4594
4594
4543
4052
3643
3643
3404
3404
3304
3636
2953
2953
2953
2953
2561
3010
2626
2626
2610
3293
3748
3848
4339
4079
4471
4710
4760
4710
4709
5118
5118
4435
4793
4338
4389
4150
4534
4989
5249
5488
5079
5079
5488
5488
5096
5096
4641
4641
4286
3795
3556
3456
3457
3849
4532
4174
4174
4629
4629
4629
4578
4578
4817
4833
4817
5099
5149
4765
4865
4916
4656
4916
4354
4115
3660
3660
3899
3899
3899
3849
4204
4588
4139
4088
3733
3732
3783
3783
4345
4346
4246
4346
4795
4795
4795
5286
4894
4894
4910
4910
4526
4526
4526
4918
5276
4714
5276
5660
5421
5420
5320
5269
5624
4973
5023
4461
5112
4461
4461
4561
4562
4302
4864
4864
4848
4516
4416
3925
3516
3466
3798
4289
4549
4599
4267
4267
4676
3993
4644
4594
4202
4885
4501
4893
5225
4734
4734
4733
5117
5117
5356
5356
5356
5357
5407
5168
4836
4836
4836
4836
4852
5343
5675
5675
5283
5283
4899
5138
5088
4639
4639
4307
4307
4307
4307
4307
3952
4284
3952
4401
4793
5148
5147
5131
5132
5232
5132
5148
5603
4952
4952
4951
5051
4560
4560
4560
4151
4483
3921
3639
4290
4852
4836
4852
4752
4752
4753
4753
4804
4804
4121
4171
4171
3911
3861
3845
4336
3978
3646
3646
3646
4030
3379
3429
3838
4170
3715
3997
3665
4348
4608
5063
5013
5013
5063
4679
4779
4779
4519
4518
4850
5501
5761
5761
6145
5690
5128
5690
6145
5690
6048
5998
6014
6014
5775
5383
5332
5000
5000
5000
4645
4083
4134
4489
4490
4729
4490
4945
4995
4611
4611
4595
3944
3944
3844
3844
3844
3486
3818
3768
3768
3768
3784
3834
3834
4192
4584
4584
4229
4229
4229
4880
4880
4880
5235
4843
4827
5219
5219
5219
5219
4827
4827
4826
4826
4826
4826
4775
4417
4367
3876
3876
3544
3544
3594
3594
3694
3644
4135
3644
3645
3290
3645
4037
4037
4599
3948
3947
4279
3887
4126
3794
3845
3845
3794
3794
3810
3794
3845
4177
3895
4287
4287
4645
4253
4253
3844
3844
3389
3390
3440
3931
3930
3946
3947
4339
4723
4723
4723
5374
4883
5165
5065
4805
4905
4666
5157
5417
5872
5612
5220
5459
5409
5409
5409
5801
5801
5785
5785
5785
5546
5562
5230
5230
5230
5469
5519
5519
4868
4510
4410
4394
4394
4155
3771
3771
4103
4754
4770
4770
4770
5128
5367
5012
5367
5467
5228
5227
4736
4454
4354
4763
4080
4080
4180
4080
4340
4324
4324
4274
3916
4274
3825
3825
3841
3891
3891
3891
4130
3675
3676
3676
3660
4109
3717
4400
4682
4632
4648
4597
4597
4697
5188
4949
4949
4949
4689
4407
4052
4291
4291
4291
4191
3859
3910
3501
3783
3732
3732
3731
3782
3766
3766
4098
4482
4482
3831
4482
4150
4542
4542
4997
5352
5452
5170
5170
5579
5580
5840
5189
4831
4731
5013
5013
5013
4731
4471
5122
5382
5382
5382
4731
4731
4339
4339
4389
4338
4338
3954
3970
4362
4312
4363
4463
3972
3972
3972
3289
3273
3273
3323
4006
4288
4939
4938
4939
4584
4942
4682
4682
4632
4240
4624
4640
4540
4489
4589
4981
4980
5335
5335
5319
5319
4964
5015
4332
4332
5015
5016
4965
4556
3873
4133
4133
4488
4488
4539
4257
4257
4748
4393
4443
4852
4852
5184
5184
5539
5300
5300
4945
4894
4243
4193
4193
4093
4093
4093
4776
4444
4052
4052
3490
3490
3845
3845
4407
4407
4407
3958
3958
4240
4479
3796
4188
3626
3626
3626
3726
3334
3095
3487
3227
3227
3676
3676
3726
3726
3726
3986
3986
3631
4282
4637
4876
4875
4775
4775
4791
4436
4436
4197
4197
3805
3805
3805
4367
4699
4315
4316
4700
4316
4671
4339
5022
5073
5457
5557
5556
5456
5406
5798
5782
5782
5373
5373
5015
4364
4364
3909
3525
3575
3315
3415
3415
3415
4066
4424
4684
4684
5093
5425
5809
5809
5477
5477
5932
5483
4800
4408
4308
3953
3693
3693
3793
3793
4476
4092
4093
4093
4448
4448
4708
4350
4350
3667
3105
3788
3433
3433
3433
3433
3995
3540
3489
3844
3844
3584
3584
4039
4039
4055
4054
4038
4298
4630
5079
4630
4630
4681
5039
5039
4939
4584
4533
4925
4665
4665
3982
3982
3590
3590
4039
4431
4815
4815
4915
4915
4916
4816
4816
5076
5076
5076
5076
5092
4832
4816
5076
5076
5076
4692
4692
4691
4691
4791
4382
4621
4172
3840
3841
3857
4241
4241
4292
4241
4241
4596
4241
4573
4523
4423
4141
4141
4241
3857
3841
3483
3867
3867
3628
3627
3627
3982
3982
4665
4310
4310
4310
4719
4719
4459
3897
3246
2854
2855
3213
3213
3213
3495
4057
4057
4506
4506
5157
4702
4344
4583
4975
4975
4975
4875
5230
5588
5306
5306
5322
5321
4759
4404
4455
5017
4334
4434
5117
4878
4878
4195
4195
4455
4455
4123
4578
4579
5262
5262
5262
5262
5262
5262
5262
5262
5261
5261
5500
5500
5091
4852
4852
5184
5184
5466
5184
4735
4735
5144
5144
4582
4582
4091
4091
4091
4091
4091
4373
4864
4914
4915
4914
4530
4530
4530
4979
5334
5234
5234
4825
4825
4467
4567
4285
3830
3779
4234
3902
3852
3460
3460
3742
4074
4432
4483
4722
5284
5284
4601
3950
3950
3950
3711
3711
3761
3761
3761
4170
4170
4170
4070
3712
3712
3712
3712
4104
4462
4463
4412
4057
4057
4057
4056
4295
4946
4896
5280
5280
4789
4773
4823
4431
4431
4171
4431
4047
4047
4047
3808
3809
4492
4876
4892
5247
5486
4835
4886
4885
4886
4836
5487
5248
5739
5723
5723
5739
5978
5487
5078
4839
4788
5027
5027
5026
5077
5568
5568
5236
5236
4881
4882
4882
4881
4432
3749
3489
3539
3639
3899
3515
3847
4256
3996
3980
3622
3131
3131
3131
3131
3814
3764
3764
3780
3780
3729
3729
3729
3629
3390
3490
3158
3513
3962
3962
3279
3663
4154
4512
4751
4751
4752
4101
4433
4433
4433
4078
3669
3719
3979
3595
3579
3595
3595
3595
3646
4001
4001
4001
4385
4285
4269
4219
4902
4411
4820
4820
4820
4820
4258
4820
4820
4538
4538
4538
4538
4183
4183
4183
4183
4834
4425
4425
4425
4525
4525
4525
4880
4880
4930
4930
4691
4591
4591
5082
5474
5474
5082
5082
5031
4673
4218
4627
4985
4985
4985
4985
4984
5376
5021
4459
4127
3769
4127
3743
4305
4305
4660
4660
4660
4942
4942
4993
5377
5377
5377
5377
5377
5477
5477
5493
5732
5682
5290
5622
5383
4892
5131
4773
4389
4439
4439
4823
4439
4439
4423
4807
5262
5262
5620
5620
5570
5570
5570
5161
5161
5570
5570
5121
5570
5620
5621
5621
5212
4973
4973
4923
4823
4923
4568
4568
4308
4308
4308
3924
4308
4308
4308
3859
4214
4474
4374
4374
3812
3912
3912
3962
4354
4022
3922
4254
4354
4370
4354
4354
4354
4354
4353
4369
4369
4318
4767
5329
5329
5313
5313
5313
5364
5006
4557
4558
4558
5007
5007
5246
5196
4957
4957
4957
4957
4675
4575
4574
4575
4984
5266
5624
4941
4941
4486
4486
4977
4977
5077
5077
5077
5077
4628
4577
4577
5032
5032
5032
5032
5032
5032
4640
4640
5089
4807
5490
5882
5782
5782
5833
5833
5933
5833
5271
5220
4888
4888
4888
4888
4888
4988
5039
5039
4584
5039
5039
5055
5617
5617
5617
5601
5146
5478
5494
5776
5776
5760
5759
5759
5809
5809
5809
5360
5360
5028
4377
4326
4658
4658
4658
5309
5309
5325
4970
4578
3927
3927
4166
4615
4615
4565
4565
5216
5216
5216
5200
5251
5251
5251
5251
5251
5606
5606
5606
5606
5622
5623
5623
5623
6015
5631
5631
5273
5657
5657
6112
6112
6112
6112
5757
5518
5518
5518
5873
5613
5612
5612
5612
5851
5396
5397
5042
5042
4991
4429
4429
4020
4020
4004
4003
4003
4003
4019
4279
4279
4279
4019
4020
4378
4833
5188
5188
5188
4830
4548
4548
5110
5110
5370
5370
5370
5370
5652
4969
4969
4969
4520
4929
4929
4929
4929
4597
4597
4647
4979
4979
4979
4963
4962
4570
4570
4288
4238
4520
4520
4570
4570
4470
4470
4470
4470
4470
4470
4470
4138
4138
4821
5213
5163
5163
5163
4808
4859
4475
4475
4924
4924
4924
4974
5074
5432
5432
5432
5432
5816
5133
5083
5083
4521
4521
4521
4521
4876
4467
5029
5079
5079
5079
5028
5028
4768
4784
5044
5044
5044
5044
4944
4894
4510
4510
3859
3859
4191
4241
4242
4242
4293
4293
4242
4242
4342
5025
5025
5025
5025
5025
5025
5676
5576
5576
5575
5984
5984
6084
6084
6084
6468
6468
6076
5585
5325
5326
5044
5044
5535
5534
5585
5585
5569
5569
5569
5519
5519
5801
5801
5801
5801
5801
5562
5511
5512
5512
5157
5057
5107
4698
4937
4937
4698
4958
4275
4275
4015
4698
4698
4249
4488
4488
4588
4604
4588
4980
4930
4546
4546
4901
4619
4380
4662
4662
4662
4712
4712
5161
4879
4879
5139
5139
5421
5421
5472
5140
5139
4857
4857
4857
4857
5096
4996
5012
5421
5753
5753
5753
5753
6137
6137
6137
6419
6419
6369
6369
5985
5703
5704
5688
5688
5688
5330
5612
5996
5996
5945
5945
5945
5945
5536
5536
5536
5536
5536
5152
4820
4819
4819
4819
4580
4188
4188
4188
4597
4597
4955
4955
4955
4955
5339
5339
5671
5313
5313
5313
5364
5364
5365
4910
4501
4241
4240
4240
4632
5087
5103
4771
4755
4771
4871
4479
4480
4889
5281
5281
4719
4718
4667
4906
4956
5518
5569
5829
6161
5510
5510
5510
5460
5818
5868
5852
5852
5852
5852
5852
5852
5361
5361
5079
5079
5079
5079
5361
5361
5361
5361
5261
5261
4699
4700
4700
4650
4650
4318
4334
4825
4825
4825
4825
4825
4825
4825
4825
4825
4470
4469
4469
4824
4824
4824
4825
5387
5387
5437
5437
5198
5182
5182
5182
5182
5182
5182
5182
5182
5182
5282
5282
4890
4840
5232
5248
5899
5899
5848
5848
5898
5638
5898
5848
5898
5898
5949
5898
5898
5616
5855
5855
5855
5805
5856
5906
6238
6238
6238
6238
6238
6238
6238
6188
5830
5830
5830
5830
5830
5830
5421
5421
5421
4972
5254
5238
5237
5238
5238
4846
4846
5295
5295
5295
4940
4940
5332
5332
5332
5690
5690
5690
5358
4675
4675
4436
4791
4807
5046
5046
4688
4688
5046
5729
5779
5779
6111
6060
6060
5821
5821
5821
5821
5805
5805
5805
5821
5821
5821
5821
5821
5721
5821
6060
6044
6044
6043
6043
5943
5551
5960
5960
5961
5961
5977
5977
5977
5977
5977
6077
6077
6077
6077
6077
6077
5668
5668
5310
5294
5310
5310
5310
5310
5719
5068
5052
5052
5052
5444
5444
5112
5112
5112
5444
5444
5802
5802
5542
5802
5853
5803
5803
5543
5542
5558
5276
5536
5536
6187
6187
6187
6171
6171
6171
6171
6171
6120
5736
6120
6120
6120
6120
6120
6120
6020
6020
6020
6071
6121
5763
5763
5712
5712
5662
5678
5678
5678
5678
5678
5678
5678
5678
5678
5960
5960
6060
5778
5778
5762
5762
5662
5678
5678
5678
5678
5678
5960
6060
6060
6060
6060
5611
5372
5017
5017
5017
5017
5017
5017
5017
5017
5068
5068
4736
4736
4720
5052
4792
4792
5150
5050
5100
4538
4538
4538
4538
4083
4083
4343
3985
4434
4996
5235
5235
5235
5235
4851
4851
5235
5235
5235
5184
5284
5002
5002
4763
4763
5121
5121
5121
5121
4861
4861
4861
4861
4912
5194
5454
5454
5454
5809
6264
6503
6503
6145
6145
6145
6146
5864
5472
5472
5754
5754
5754
5703
5703
5703
5703
5703
5754
5770
5770
5770
5770
5770
5770
5531
5531
5531
5889
5889
5889
5889
5889
5889
5889
5889
5629
5613
5629
5629
5271
5271
5255
5515
5515
5515
5515
5907
5907
5907
5575
5575
5933
5949
5949
5949
6188
6137
6137
6137
6137
6137
6137
6137
6137
6087
6087
6419
6419
6180
5898
5898
5898
5898
5898
5898
5898
5898
5898
5898
5898
5898
5898
5898
5898
5897
5897
5565
5565
5565
5615
5615
5615
5515
5515
5515
5515
5515
5515
5515
5566
5805
6137
6121
6137
6137
5877
5877
5877
6137
6137
6137
6137
6137
6137
6137
6137
6137
5745
5745
5745
5745
5745
5746
5388
5388
5670
5670
5670
5654
5654
6012
6012
6012
6012
6028
6028
6028
6028
6028
6028
6028
6028
6028
5644
5644
6028
6028
6028
6027
6011
6011
6011
5961
5961
5910
6302
6302
6302
6352
6020
6120
6120
6120
6120
6120
6120
6120
5558
5574
5574
5574
5574
5574
5574
5906
5906
5667
5667
5667
5617
5617
5856
5856
5856
5856
5501
5856
5498
5498
5498
5498
5549
5549
5157
5157
5515
5515
5516
5516
5515
5515
5515
5515
5515
5516
5516
5516
6078
5516
5566
5566
5566
5565
5210
5110
4701
4702
4686
5095
4763
4763
4763
4763
4763
4762
4762
4762
4763
4763
4379
4379
4379
4329
4329
4329
4329
4345
4345
4345
4345
4677
4677
5239
5238
5238
4978
4927
4911
4911
4912
4963
4963
5063
5063
5063
5063
5063
5063
5063
5063
5323
5715
5715
5731
5731
5715
5765
5765
6149
5740
6095
6095
6095
6095
6504
6146
6146
6146
5754
5754
5754
5770
5770
5770
5720
5720
5720
5720
6078
6078
5978
5927
5927
6027
6027
6027
6027
6027
5927
5978
6028
5978
5927
5978
5978
5978
5978
5978
5718
5718
5718
5436
5435
5435
5435
5435
5827
5827
5827
5827
5827
5877
5878
5878
5878
5878
5878
5878
5827
5827
5827
6087
5848
5848
5848
5848
5848
5848
5848
5847
5847
5463
5514
5514
5753
5753
5514
5514
5463
5745
5796
5796
5796
6180
6180
6180
6180
6180
5771
5871
5871
5871
5871
5871
5871
5611
5595
5240
5240
5240
5240
5240
5240
5256
5256
5257
5241
4959
4959
4958
5313
5313
4929
4929
4929
5168
5117
5526
5542
5542
5542
5824
5824
5466
5466
5466
5450
5451
5042
5042
5042
4992
5252
5252
5252
5252
5252
5303
5303
5303
5319
5303
4911
4927
4927
4927
5311
5361
5122
5122
5122
5122
5121
4861
4861
4861
4861
5270
5270
5220
5270
5509
5509
5509
5177
5177
5126
5177
5177
5509
5509
5458
5458
5458
5442
5342
5342
5342
5342
5292
5292
5292
5650
5700
5700
5700
6092
6092
6092
6108
6108
6108
6208
6208
6208
6208
6108
6092
6092
6092
6092
6352
6352
6352
6368
6468
6468
6468
6468
6468
6468
6468
6469
6469
6469
6469
6469
6453
6403
6403
6403
6303
6403
6454
6454
6504
6504
6503
6503
6503
6503
6503
6403
6403
6352
6352
6302
6302
6302
6302
6302
6303
6303
6303
6303
6303
6353
6353
6353
6353
5898
5898
5949
5949
5949
5949
5949
5949
6049
6504
6504
6504
6504
6503
6503
6504
6404
6012
6012
6012
6028
6028
6028
6028
6027
6419
5928
5929
5929
6420
6420
6420
6420
6420
6420
6420
6420
6420
6420
6420
6419
6420
6370
6370
6319
6319
6370
6370
6369
6370
6370
6370
6354
6094
6094
6094
6094
6094
6094
6094
5710
5710
5726
5826
5810
5810
6070
6070
6086
5986
5986
5935
6319
6318
6318
6368
6368
6368
6368
6368
6369
6369
6369
6369
6369
6369
6369
6369
6369
6420
6420
6369
6369
6369
6369
6368
6368
6368
6368
6419
6010
6010
6419
6419
6419
6368
6368
6368
6368
6368
6129
6129
6129
6229
6229
6468
6469
6469
6468
6452
6452
6452
6503
6503
6519
6519
6468
6059
6059
6059
6059
6110
6110
6110
6110
6110
6060
6009
6009
6010
6009
6009
6009
5909
5893
5993
5993
6009
6009
6060
6060
6469
6469
6469
6469
6469
6469
6469
6469
6469
6469
6137
6137
6137
6137
6137
6469
6469
6469
6020
6070
6519
6520
6520
6520
6520
6520
6520
6520
6420
6420
6420
6420
6420
6420
6420
6420
6181
6180
6180
6180
6180
6180
6130
6130
6130
6180
6129
6113
6113
6113
6113
6113
6113
6113
6129
6129
6180
6180
6181
6181
6181
6181
6181
6181
6181
6181
6181
6181
6181
6181
6181
6181
6130
6130
6130
6130
6130
6130
6080
6080
6080
6080
6080
6080
6080
6080
6180
6180
6180
6231
6231
6231
5949
5949
5948
5948
5848
5848
5832
5781
5781
5832
5832
6114
6115
6115
6115
6115
6115
6115
6131
6130
6130
6130
6130
6130
6180
6180
6180
6130
6130
6130
6130
6369
6369
6469
6469
6469
6469
6469
6469
6453
6453
6098
6098
6099
6099
6115
6115
6115
6115
6115
6115
6115
6115
6115
6064
6048
6048
6403
6403
6403
6403
6403
6403
6454
6470
6520
6520
6469
6468
6468
6468
6468
6468
6368
6368
6368
6368
6368
6369
6353
6353
6353
6353
6353
6352
6352
6352
6352
6353
6353
6353
6369
6369
6369
6368
6369
6369
6369
6014
6369
6368
6086
6086
6070
6020
6020
6020
6020
6020
6020
6036
6036
6036
6036
6318
6079
6079
6079
6179
6179
6179
6179
6179
6179
6179
6179
6079
6179
6179
6179
6179
6179
6179
6179
6179
6229
6229
6179
6179
5688
5688
5688
5688
5688
5927
5927
5927
5927
5927
5928
5928
5979
5979
5979
5979
5963
5963
5962
5978
5978
5978
5962
5962
5962
5862
5862
5862
5862
5863
5863
5863
5863
5863
5862
5862
5862
6353
6353
6403
6403
6403
6403
6403
6403
6403
6403
6403
6403
6503
6503
6171
6171
6171
6171
6071
6071
6071
6071
6071
6072
6072
6088
6188
6188
6188
6188
6188
6188
5804
5804
6188
6188
6188
6188
6188
6172
6171
6171
6071
6071
6071
6071
6403
6403
6353
6353
6353
6353
6353
6353
6353
6353
6353
6093
6093
6093
6193
5809
5809
5570
5519
5519
5519
5519
5519
5758
5658
5658
5674
5725
5725
5725
5726
5826
5826
5876
5876
5876
5876
5876
5876
5876
5876
5876
5776
5776
5776
6036
6036
6036
5986
5986
5986
5986
5986
5986
6086
6086
6470
6470
6469
6469
6469
6469
6453
6453
6453
6453
6454
6454
6454
6504
6504
6454
6453
6453
6453
6453
6453
6454
6454
6454
6454
6454
6454
6454
6454
6470
6470
6469
6453
6453
6453
6454
6454
6454
6454
6403
6419
6469
6469
6520
6420
6419
6419
6419
6419
6419
6420
6420
6370
6370
6370
6420
6420
6420
6420
6420
6420
6420
6420
6420
6420
6420
6420
6420
6420
6420
6420
6420
6420
6420
6420
6420
6420
6420
6420
6419
6419
6419
6519
6519
6520
6520
6520
6520
6520
6520
6520
6520
6520
6520
6520
6520
6520
6520
6504
6453
6403
6403
6453
6353
6353
6353
6353
6353
6353
6353
6353
6353
6353
6353
6353
6353
6353
6353
6353
6453
6453
6453
6504
6504
6504
6520
6520
6520
6520
6520
6520
6520
6520
6420
6370
6370
6370
6370
6420
6420
6420
6420
6420
6420
6420
6181
6181
5921
5921
5921
5921
5921
5871
5871
6110
6094
6094
6093
6109
6109
6109
6369
6369
6369
6369
6370
6370
6370
6370
6370
6470
6470
6470
6470
6470
6470
6470
6470
6470
6419
6419
6419
6419
6419
6419
6419
6027
6027
6027
6027
6027
6027
6027
6078
6078
6078
6078
6078
6470
6470
6470
6470
6470
6470
6470
6520
6520
6520
6520
6520
6520
6504
6504
6504
6504
6504
6404
6404
6404
6404
6404
6404
6403
6403
6403
6403
6403
6403
6403
6403
6403
6403
6403
6403
6403
6403
6403
6403
6403
6403
6403
6503
6503
6503
6453
6453
6453
6453
6453
6453
6454
6454
6454
6454
6454
6453
6453
6214
6264
6264
6264
6264
6264
6264
6264
6264
6264
6264
6280
6280
6264
6264
6264
6264
6503
6503
6503
6503
6453
6453
6454
6454
6454
6454
6454
6454
6470
6470
6470
6469
6469
6469
6230
6230
6230
6230
6230
6280
6280
6280
6229
6229
6468
6519
6519
6519
6519
6519
6519
6520
6520
6520
6520
6470
6470
6470
6470
6470
6470
6470
6470
6520
6504
6504
6504
6504
6504
6244
6504
6504
6149
6149
6149
6098
6098
6098
6453
6453
6403
6403
6303
6303
6303
6303
6302
6303
6303
6303
6303
6303
6303
6353
6353
6353
6353
6404
6404
6504
6504
6504
6504
6520
6520
6281
6281
6181
6181
6181
6181
6181
6181
6181
6181
6181
6181
6181
6181
6181
6420
6369
6469
6520
6520
6520
6520
6520
6520
6520
6520
6520
6520
6520
6520
6520
6519
6469
6469
6469
6469
6418
6418
6418
6418
6418
6418
6418
6469
6469
6369
6353
6353
6453
6402
6402
6402
6418
6418
6402
6402
6452
6452
6452
6453
6453
6453
6353
6353
6404
6404
6403
6403
6403
6403
6403
6403
6352
6352
6352
6352
6352
6302
6302
6302
6302
6302
6302
6302
6302
6302
6302
6302
6302
6302
6302
6302
6302
6352
6352
6352
6352
6352
6352
6352
6352
6352
6403
6403
6503
6503
6503
6503
6503
6503
6503
6503
6503
6503
6503
6221
6221
6221
6221
6221
6121
6121
6121
6121
6121
6122
6122
6122
6122
6122
6122
6122
6122
6122
6122
6122
6122
6122
6138
6138
6138
6138
6420
6420
6420
6420
6420
6520
6520
6520
6520
6520
6520
6520
6520
6519
6503
6503
6503
6503
6403
6403
6403
6403
6403
6403
6404
6404
6404
6404
6404
6404
6404
6404
6404
6353
6353
6303
6303
6303
6303
6303
6303
6303
6303
6303
6303
6303
6303
6354
6354
6354
6354
6354
6354
6354
6354
6354
6354
6370
6470
6470
6454
6354
6404
6404
6404
6404
6404
6404
6404
6404
6504
6504
6504
6504
6504
6504
6454
6454
6454
6454
6454
6454
6454
6454
6454
6454
6454
6504
6504
6504
6504
6504
6504
6504
6504
6504
6504
6454
6470
6470
6470
6470
6470
6470
6470
6470
6470
6470
6520
6520
6504
6404
6420
6520
6519
6519
6519
6519
6519
6519
6519
6519
6520
6520
6520
6520
6519
6519
6519
6519
6519
6468
6469
6469
6469
6469
6469
6469
6469
6469
6469
6469
6469
6469
6469
6469
6469
6469
6469
6469
6469
6469
6469
6468
6468
6468
6468
6468
6468
6468
6468
6468
6468
6468
6468
6468
6468
6468
6468
6519
6519
6519
6519
6519
6519
6519
6519
6519
6519
6519
6519
6469
6469
6469
6469
6470
6520
6520
6520
6520
6520
6281
6281
6265
6265
6281
6281
6281
6281
6280
6280
6280
6280
6280
6180
6180
6129
6129
6129
6180
6180
6180
6180
6180
6180
6180
6419
6419
6419
6419
6419
6419
6419
6419
6420
6420
6420
6419
6419
6419
6419
6419
6419
6403
6403
6403
6403
6403
6403
6403
6403
6403
6503
6503
6452
6452
6452
6452
6452
6452
6452
6468
6468
6468
6468
6468
6468
6368
6318
6318
6319
6319
6369
6369
6369
6369
6369
6369
6369
6369
6369
6369
6369
6369
6109
6109
6109
6109
6109
6109
6109
6093
6093
6093
6093
6193
6193
6193
6192
6193
6209
6209
6209
6209
6209
6209
6209
6209
6209
6209
6209
6209
6209
6469
6469
6520
6520
6520
6520
6504
6504
6504
6504
6504
6504
6520
6520
6520
6520
6520
6520
6520
6520
6520
6520
6520
6520
6520
6520
6470
6470
6470
6470
6470
6470
6469
6469
6469
6469
6469
6453
6453
6453
6453
6453
6453
6453
6453
6453
6454
6454
6454
6454
6453
6453
6402
6402
6402
6402
6452
6452
6452
6452
6452
6452
6452
6503
6503
6503
6504
6504
6454
6403
6402
6402
6402
6453
6454
6454
6454
6403
6403
6402
6402
6402
6403
6403
6403
6402
6402
6402
6403
6403
6403
6402
6402
6402
6402
6402
6403
6403
6403
6403
6403
6403
6403
6419
6419
6419
6470
6470
6470
6470
6470
6470
6470
6470
6470
6470
6469
6469
6469
6469
6469
6418
6418
6418
6469
6469
6469
6469
6469
6469
6469
6469
6469
6519
6468
6468
6468
6468
6468
6468
6468
6468
6468
6468
6468
6468
6468
6469
6469
6469
6469
6469
6469
6469
6469
6469
6469
6469
6469
6469
6187
6469
6469
6469
6468
6468
6368
6368
6368
6368
6368
6419
6419
6419
6419
6369
6369
6369
6369
6369
6369
6369
6109
6369
6369
6369
6369
6353
6353
6353
6353
6302
6302
6302
6302
6352
6352
6352
6352
6352
6352
6352
6352
6403
6353
6353
6353
6353
6354
6354
6454
6454
6504
6504
6504
6504
6504
6504
6454
6454
6454
6454
6454
6454
6504
6504
6504
6504
6503
6503
6503
6503
6503
6504
6504
6504
6503
6503
6503
6503
6453
6453
6453
6453
6453
6453
6453
6453
6453
6453
6453
6453
6453
6453
6402
6302
6302
6302
6302
6302
6302
6318
6318
6318
6318
6369
6370
6370
6370
6319
6319
6318
6302
6302
6303
6303
6354
6303
6303
6303
6303
6403
6403
6453
6453
6453
6453
6453
6453
6453
6403
6403
6403
6403
6403
6454
6454
6454
6454
6454
6454
6504
6520
6520
6520
6520
6520
6520
6520
6520
6520
6470
6470
6469
6469
6469
6469
6469
6469
6469
6469
6469
6469
6469
6469
6469
6418
6418
6418
6418
6418
6418
6418
6418
6418
6418
6418
6418
6418
6419
6419
6419
6419
6419
6419
6419
6419
6419
6419
6469
6469
6469
6469
6469
6469
6469
6469
6469
6469
6469
6469
6469
6469
6469
6469
6469
6469
6469
6468
6468
6468
6418
6418
6468
6468
6468
6468
6468
6468
6468
6469
6469
6469
6469
6469
6469
6469
6469
6520
6520
6520
6520
6519
6520
6520
6504
6504
6504
6504
6504
6504
6520
6520
6520
6520
6520
6520
6520
6520
6520
6520
6520
6520
6520
6520
6520
6520
6520
6519
6519
6519
6519
6519
6520
6519
6519
6519
6519
6519
6519
6519
6519
6520
6520
6470
6470
6470
6470
6470
6470
6470
6470
6470
6470
6470
6520
6520
6504
6504
6504
6504
6504
6503
6403
6403
6403
6403
6403
6403
6403
6419
6419
6420
6420
6420
6420
6420
6520
6520
6520
6520
6520
6520
6520
6520
6520
6520
6520
6519
6519
6519
6503
6503
6503
6503
6503
6503
6503
6503
6503
6503
6503
6503
6504
6504
6504
6504
6504
6504
6504
6503
6503
6503
6503
6503
6503
6503
6503
6503
6503
6503
6503
6503
6503
6503
6503
6503
6504
6503
6504
6504
6504
6504
6504
6504
6504
6504
6504
6504
6504
6504
6504
6504
6504
6504
6504
6504
6504
6504
6504
6504
6504
6504
6504
6454
6454
6454
6454
6453
6453
6453
6453
6503
6503
6503
6503
6503
6503
6503
6503
6503
6519
6519
6503
6503
6452
6468
6468
6468
6519
6519
6519
6520
6520
6520
6520
6520
6520
6520
6519
6519
6519
6519
6519
6519
6519
6519
6519
6519
6519
6519
6519
6520
6520
6520
6520
6520
6520
6504
6504
6504
6504
6504
6504
6504
6504
6504
6520
6520
6520
6520
6520
6520
6520
6520
6520
6520
6520
6520
6520
6520
6520
6470
6470
6470
6470
6470
6470
6470
6470
6470
6470
6470
6470
6470
6470
6469
6469
6469
6469
6469
6469
6469
6469
6469
6469
6469
6519
6519
6519
6519
6519
6519
6519
6519
6519
6520
6520
6520
6520
6520
6520
6520
6520
6520
6520
6520
6520
6520
6520
6520
6520
6520
6520
6520
6520
6520
6520
6520
6520
6520
6520
6520
6520
6520
6520
6520
6520
6520
6520
6520
6520
6520
6520
6520
6520
6520
6520
6520
6520
6520
6520
6520
6520
6520
6520
6520
6504
6504
6504
6454
6454
6454
6470
6470
6470
6470
6470
6470
6470
6470
6520
6469
6469
6468
6468
6468
6519
6519
6519
6519
6519
6519
6519
6519
6519
6519
6520
6520
6519
6519
6519
6469
6469
6469
6469
6469
6469
6469
6469
6469
6469
6519
6519
6519
6519
6519
6519
6519
6519
6519
6419
6419
6419
6420
6420
6420
6420
6420
6420
6420
6420
6420
6420
6420
6419
6419
6419
6403
6403
6403
6403
6403
6403
6403
6403
6403
6503
6503
6453
6453
6453
6453
6453
6453
6453
6453
6454
6453
6453
6453
6453
6453
6453
6453
6453
6453
6453
6453
6453
6453
6453
6453
6453
6453
6453
6453
6453
6453
6453
6453
6453
6453
6453
6453
6453
6453
6453
6453
6453
6453
6453
6453
6453
6453
6453
6453
6453
6453
6453
6453
6453
6453
6454
6454
6454
6454
6454
6454
6454
6454
6454
6454
6454
6454
6454
6454
6454
6454
6454
6454
6454
6454
6454
6454
6454
6454
6454
6453
6453
6469
6469
6469
6469
6469
6469
6418
6418
6418
6418
6418
6418
6418
6418
6418
6418
6469
6469
6469
6469
6469
6469
6469
6469
6469
6469
6469
6469
6469
6469
6469
6469
6469
6469
6469
6469
6469
6469
6469
6469
6469
6469
6469
6469
6469
6519
6519
6519
6519
6519
6519
6519
6519
6520
6520
6520
6520
6520
6520
6520
6520
6520
6520
6520
6520
6469
6469
6520
6519
6503
6403
6403
6404
6404
6404
6404
6404
6404
6404
6404
6404
6404
6420
6420
6420
6420
6420
6420
6420
6420
6420
6420
6420
6420
6420
6420
6420
6420
6420
6420
6420
6420
6420
6420
6420
6520
6520
6520
6520
6520
6520
6520
6520
6520
6520
6520
6520
6519
6519
6468
6468
6519
6519
6519
6519
6469
6469
6469
6469
6469
6469
6469
6469
6469
6469
6469
6469
6469
6469
6469
6469
6469
6469
6469
6469
6469
6469
6469
6469
6519
6519
6519
6519
6519
6519
6503
6503
6504
6504
6504
6504
6503
6503
6503
6519
6519
6519
6503
6503
6503
6453
6453
6453
6453
6454
6454
6504
6520
6519
6519
6519
6519
6519
6519
6519
6519
6519
6519
6519
6468
6468
6468
6468
6468
6468
6468
6468
6468
6468
6468
6468
6468
6468
6468
6452
6352
6352
6452
6468
6468
6468
6468
6468
6468
6519
6519
6519
6519
6519
6519
6520
6469
6469
6469
6469
6469
6469
6469
6469
6469
6469
6469
6469
6469
6469
6520
6520
6520
6520
6520
6519
6519
6519
6519
6519
6519
6519
6519
6520
6520
6504
6504
6504
6504
6503
6503
6504
6504
6504
6504
6504
6504
6504
6404
6404
6404
6404
6404
6404
6404
6504
6504
6504
6504
6504
6504
6504
6504
6504
6504
6504
6504
6504
6504
6504
6504
6504
6504
6454
6454
6453
6453
6453
6454
6454
6454
6454
6454
6454
6454
6454
6454
6454
6454
6454
6453
6453
6453
6453
6453
6453
6402
6402
6402
6453
6453
6453
6453
6453
6453
6453
6453
6503
6503
6503
6403
6403
6403
6403
6403
6403
6403
6403
6403
6403
6403
6403
6403
6403
6403
6403
6403
6403
6403
6403
6403
6403
6404
6404
6504
6504
6520
6520
6520
6520
6520
6520
6520
6520
6520
6520
6520
6520
6520
6520
6520
6520
6520
6520
6520
6520
6520
6520
6520
6520
6520
6519
6519
6519
6519
6519
6519
6519
6519
6519
6519
6468
6468
6468
6519
6519
6519
6520
6520
6520
6520
6520
6520
6520
6520
6520
6520
6520
6520
6520
6520
6520
6520
6520
6504
6504
6504
6504
6504
6504
6503
6503
6452
6452
6452
6452
6452
6452
6503
6503
6503
6503
6503
6503
6503
6403
6419
6369
6369
6419
6419
6419
6419
6419
6419
6419
6419
6419
6419
6419
6419
6519
6519
6519
6519
6503
6503
6503
6503
6503
6503
6503
6503
6503
6503
6503
6503
6503
6503
6503
6503
6503
6503
6503
6503
6503
6503
6503
6503
6503
6503
6503
6503
6503
6503
6503
6503
6503
6453
6469
6469
6469
6469
6469
6469
6469
6469
6469
6469
6469
6519
6519
6519
6519
6520
6520
6519
6519
6519
6519
6519
6519
6519
6519
6519
6519
6519
6519
6519
6519
6519
6519
6519
6520
6520
6520
6520
6520
6520
6520
6520
6520
6520
6520
6520
6520
6519
6519
6519
6519
6519
6519
6519
6519
6519
6519
6519
6503
6519
6519
6468
6468
6468
6468
6468
6468
6468
6368
6368
6368
6368
6368
6368
6368
6368
6368
6368
6419
6419
6519
6519
6519
6519
6519
6519
6519
6519
6520
6520
6520
6520
6520
6520
6520
6520
6520
6520
6520
6520
6520
6520
6520
6520
6520
6520
6520
6504
6503
6503
6503
6503
6503
6503
6519
6519
6519
6519
6519
6520
6520
6520
6520
6520
6520
6520
6519
6519
6519
6519
6503
6503
6503
6503
6503
6503
6503
6503
6503
6503
6503
6503
6503
6503
6452
6452
6452
6352
6352
6368
6369
6369
6369
6369
6420
6420
6420
6420
6420
6420
6420
6420
6420
6420
6420
6420
6420
6420
6420
6419
6419
6419
6419
6419
6419
6419
6419
6419
6419
6419
6419
6519
6519
6468
6468
6468
6468
6468
6468
6468
6468
6468
6468
6469
6469
6469
6468
6468
6468
6468
6468
6468
6468
6469
6469
6469
6469
6469
6469
6469
6520
6520
6520
6520
6520
6520
6520
6519
6519
6519
6519
6519
6519
6519
6519
6519
6519
6519
6519
6519
6519
6519
6519
6519
6519
6519
6519
6519
6519
6519
6519
6519
6519
6519
6519
6519
6519
6519
6519
6519
6519
6520
6520
6520
6520
6520
6520
6520
6520
6520
6520
6520
6520
6520
6520
6520
6520
6520
6520
6520
6520
6520
6520
6519
6519
6519
6469
6469
6469
6469
6469
6469
6470
6470
6470
6470
6470
6470
6470
6470
6470
6470
6469
6469
6469
6469
6469
6469
6469
6469
6469
6519
6519
6519
6519
6519
6519
6519
6519
6519
6519
6519
6519
6519
6519
6519
6520
6520
6520
6520
6520
6520
6520
6520
6520
6520
6520
6520
6520
6520
6519
6519
6519
6519
6519
6519
6519
6519
6519
6519
6520
6520
6520
6520
6520
6520
6520
6520
6520
6520
6520
6520
6520
6520
6520
6520
6520
6520
6520
6520
6520
6520
6520
6520
6520
6520
6520
6520
6519
6519
6519
6519
6519
6519
6519
6519
6519
6519
6519
6519
6519
6519
6519
6519
6519
6519
6519
6519
6519
6519
6519
6519
6519
6519
6519
6519
6519
6519
6519
6519
6519
6519
6519
6519
6519
6519
6520
6520
6520
6520
6520
6520
6520
6519
6519
6519
6503
6503
6503
6503
6503
6503
6503
6503
6504
6504
6504
6504
6504
6504
6504
6504
6504
6504
6504
6504
6504
6504
6504
6504
6504
6504
6504
6504
6504
6504
6504
6504
6504
6504
6504
6504
6520
6520
6520
6519
6520
6520
6520
6520
6520
6520
6520
6520
6520
6520
6520
6520
6520
6520
6520
6520
6520
6520
6520
6520
6520
6519
6519
6519
6519
6519
6519
6519
6519
6519
6519
6519
6519
6519
6519
6519
6519
6503
6503
6503
6503
6503
6503
6503
6504
6504
6504
6504
6504
6504
6504
6504
6504
6504
6504
6504
6504
6504
6504
6504
6504
6504
6504
6504
6520
6520
6520
6520
6520
6520
6520
6520
6520
6520
6520
6520
6520
6520
6520
6520
6520
6520
6520
6520
6520
6520
6520
6520
6520
6520
6520
6520
6520
6520
6520
6520
6520
6520
6519
6519
6519
6519
6519
6520
6520
6520
6520
6520
6520
6520
6520
6520
6520
6520
6520
6520
6520
6520
6520
6520
6519
6519
6519
6519
6519
6519
6519
6520
6520
6520
6520
6520
6520
6520
6520
6520
6520
6520
6520
6520
6520
6520
6520
6520
6520
6520
6520
6520
6520
6520
6520
6520
6504
6504
6453
6453
6453
6469
6469
6469
6469
6469
6469
6469
6469
6469
6469
6469
6469
6469
6469
6469
6469
6469
6469
6469
6469
6469
6469
6468
6468
6468
6468
6468
6468
6468
6468
6468
6469
6469
6469
6469
6469
6469
6520
6520
6520
6520
6520
6520
6520
6519
6519
6519
6519
6519
6519
6519
6519
6519
6519
6519
6520
6520
6520
6520
6520
6520
6520
6520
6520
6520
6520
6520
6520
6520
6520
6520
6520
6520
6520
6520
6519
6519
6519
6519
6519
6519
6519
6519
6519
6519
6519
6519
6519
6519
6519
6519
6519
6519
6520
6520
6520
6520
6520
6520
6519
6519
6519
6520
6520
6520
6519
6519
6519
6519
6520
6520
6520
6520
6504
6503
6503
6504
6504
6504
6504
6504
6504
6504
6504
6504
6504
6520
6520
6520
6520
6520
6520
6520
6520
6520
6520
6520
6520
6519
6519
6519
6520
6520
6520
6520
6520
6520
6520
6520
6520
6520
6520
6520
6520
6520
6520
6520
6520
6520
6520
6520
6519
6519
6519
6519
6519
6519
6503
6519
6519
6519
6503
6503
6503
6503
6503
6403
6403
6403
6403
6404
6404
6404
6404
6420
6420
6420
6420
6420
6420
6420
6420
6520
6520
6520
6520
6504
6504
6504
6504
6504
6504
6504
6504
6504
6504
6503
6503
6504
6504
6504
6504
6504
6504
6503
6503
6503
6503
6503
6503
6503
6503
6503
6403
6403
6403
6403
6403
6403
6403
6403
6403
6403
6403
6419
6419
6419
6403
6419
6419
6419
6419
6419
6419
6420
6420
6420
6420
6420
6420
6420
6420
6420
6420
6420
6420
6420
6404
6404
6404
6404
6403
6419
6419
6419
6419
6403
6419
6419
6419
6419
6419
6419
6419
6419
6419
6403
6403
6403
6403
6404
6404
6404
6420
6420
6420
6420
6420
6520
6520
6519
6519
6519
6519
6519
6519
6519
6519
6520
6520
6520
6520
6520
6504
6504
6504
6504
6504
6504
6504
6504
6503
6503
6503
6503
6503
6503
6503
6503
6503
6503
6503
6504
6504
6504
6504
6504
6504
6504
6504
6504
6504
6504
6504
6504
6520
6520
6520
6520
6520
6520
6520
6520
6520
6520
6520
6520
6520
6519
6519
6519
6519
6519
6519
6519
6519
6519
6519
6519
6519
6519
6519
6519
6519
6519
6520
6520
6520
6520
6520
6520
6520
6520
6520
6520
6520
6520
6520
6520
6520
6520
6519
6519
6519
6519
6519
6468
6468
6468
6519
6519
6519
6519
6519
6519
6519
6519
6519
6519
6519
6519
6519
6519
6519
6519
6519
6519
6520
6520
6520
6520
6520
6520
6520
6520
6520
6520
6520
6520
6520
6520
6520
6520
6520
6520
6520
6520
6520
6520
6520
6520
6520
6520
6520
6520
6520
6520
6520
6520
6520
6520
6520
6520
6520
6519
6519
6519
6519
6519
6519
6519
6519
6519
6519
6519
6519
6519
6503
6503
6503
6503
6503
6503
6503
6519
6519
6519
6519
6519
6519
6519
6519
6520
6520
6519
6519
6503
6519
6519
6519
6519
6519
6519
6519
6519
6519
6519
6519
6519
6519
6520
6520
6520
6520
6520
6520
6520
6520
6520
6520
6520
6520
6520
6520
6520
6520
6520
6520
6520
6520
6520
6520
6520
6520
6520
6520
6520
6520
6519
6519
6520
6520
6520
6520
6520
6520
6520
6520
6520
6520
6520
6520
6520
6520
6520
6520
6520
6520
6520
6520
6520
6520
6520
6520
6520
6520
6520
6520
6520
6519
6519
6519
6519
6519
6519
6519
6519
6519
6519
6519
6519
6519
6519
6519
6519
6519
6519
6519
6519
6519
6519
6519
6519
6519
6519
6519
6519
6519
6519
6519
6519
6519
6519
6519
6519
6519
6519
6519
6519
6519
6519
6519
6519
6519
6519
6519
6519
6519
6519
6519
6519
6519
6519
6519
6519
6519
6519
6520
6520
6520
6520
6520
6520
6520
6520
6520
6520
6520
6520
6520
6520
6520
6520
6520
6520
6520
6520
6520
6520
6520
6520
6520
6520
6520
6520
6520
6520
6520
6520
6520
6519
6519
6519
6519
6519
6519
6519
6519
6519
6519
6519
6519
6520
6520
6520
6520
6520
6520
6520
6520
6520
6520
6520
6520
6520
6520
6520
6520
6520
6520
6520
6520
6520
6520
6520
6520
6520
6520
6520
6520
6520
6520
6520
6520
6520
6520
6520
6520
6520
6520
6520
6520
6520
6520
6520
6520
6520
6520
6520
6520
6520
6519
6519
6519
6519
6519
6519
6519
6519
6503
6503
6503
6503
6503
6503
6503
6403
6503
6503
6503
6503
6503
6519
6519
6519
6519
6519
6519
6519
6519
6519
6519
6519
6519
6519
6519
6519
6519
6519
6520
6520
6520
6520
6520
6520
6520
6520
6520
6520
6520
6520
6520
6520
6520
6520
6520
6520
6520
6520
6520
6519
6519
6519
6519
6519
6519
6503
6503
6503
6504
6504
6504
6504
6504
6504
6520
6520
6520
6520
6520
6520
6520
6520
6520
6520
6520
6520
6520
6520
6520
6520
6520
6520
6520
6520
6520
6520
6519
6519
6519
6519
6519
6519
6519
6519
6519
6519
6519
6519
6519
6519
6519
6519
6519
6519
6519
6519
6519
6519
6519
6519
6519
6519
6519
6519
6519
6519
6519
6519
6519
6519
6519
6519
6519
6519
6519
6519
6520
6520
6520
6520
6520
6520
6520
6520
6520
6520
6520
6520
6520
6520
6520
6520
6520
6520
6520
6520
6520
6520
6520
6520
6520
6520
6520
6520
6520
6520
6520
6520
6520
6520
6520
6520
6520
6520
6520
6520
6520
6520
6504
6504
6504
6503
6503
6503
6503
6503
6503
6503
6519
6519
6519
6519
6519
6519
6519
6519
6519
6519
6519
6519
6519
6519
6519
6519
6519
6519
6519
6519
6520
6520
6520
6520
6520
6520
6520
6520
6520
6519
6519
6519
6519
6519
6520
6520
6520
6520
6520
6520
6520
6520
6520
6519
6503
6503
6503
6503
6503
6503
6503
6503
6503
6503
6503
6519
6520
6520
6520
6520
6520
6520
6520
6520
6520
6520
6520
6520
6520
6520
6520
6519
6519
6519
6519
6519
6519
6519
6519
6519
6519
6519
6519
6519
6519
6519
6519
6519
6520
6519
6519
6520
6520
6520
6520
6520
6520
6520
6520
6520
6520
6520
6520
6519
6519
6519
6503
6503
6519
6519
6519
6519
6519
6519
6519
6519
6519
6519
6519
6519
6519
6519
6519
6519
6519
6519
6519
6519
6519
6519
6519
6519
6520
6520
6520
6519
6519
6520
6520
6520
6520
6520
6520
6520
6520
6520
6520
6520
6520
6520
6520
6520
6520
6520
6520
6520
6520
6520
6520
6520
6520
6520
6520
6520
6520
6520
6520
6520
6520
6520
6520
6520
6520
6520
6520
6520
6520
6520
6520
6520
6520
6520
6520
6520
6520
6520
6520
6520
6519
6519
6519
6519
6519
6519
6519
6519
6520
6520
6520
6520
6520
6520
6520
6520
6520
6520
6520
6520
6520
6520
6519
6519
6519
6519
6519
6519
6519
6519
6519
6519
6519
6519
6519
6519
6519
6519
6519
6519
6519
6519
6519
6519
6519
6519
6519
6519
6519
6519
6519
6519
6519
6519
6519
6519
6519
6519
6519
6519
6519
6519
6519
6519
6519
6519
6519
6519
6519
6519
6520
6520
6520
6520
6520
6520
6520
6520
6520
6520
6520
6520
6520
6520
6520
6520
6520
6520
6520
6520
6520
6520
6520
6520
6520
6520
6520
6520
6520
6520
6520
6520
6520
6520
6520
6520
6520
6520
6520
6520
6520
6520
6520
6520
6520
6520
6520
6520
6520
6520
6520
6520
6520
6520
6520
6520
6520
6520
6520
6520
6520
6520
6520
6520
6520
6520
6520
6520
6520
6520
6520
6520
6520
6520
6520
6520
6520
6520
6520
6520
6520
6520
6520
6520
6520
6520
6520
6520
6520
6520
6520
6520
6520
6520
6520
6520
6520
6520
6520
6520
6520
6520
6520
6520
6520
6520
6520
6520
6520
6520
6520
6520
6520
6520
6520
6520
6520
6520
6520
6520
6520
6520
6520
6520
6520
6520
6520
6520
6520
6520
6520
6520
6520
6520
6520
6520
6520
6520
6520
6520
6520
6520
6520
6520
6519
6519
6519
6519
6519
6519
6519
6519
6519
6519
6519
6519
6519
6519
6519
6519
6519
6519
6519
6519
6519
6519
6519
6519
6519
6519
6519
6519
6519
6519
6519
6519
6519
6519
6520
6520
6520
6520
6520
6520
6520
6520
6520
6520
6520
6520
6519
6519
6519
6519
6519
6519
6519
6519
6519
6519
6519
6519
6519
6519
6519
6519
6519
6519
6519
6519
6519
6519
6519
6519
6519
6519
6519
6519
6519
6519
6519
6519
6519
6519
6519
6519
6519
6519
6519
6519
6519
6519
6519
6519
6519
6519
6519
6519
6519
6519
6520
6520
6520
6520
6520
6520
6520
6520
6520
6520
6520
6520
6520
6520
6520
6520
6520
6520
6520
6520
6520
6520
6520
6520
6520
6520
6520
6520
6519
6519
6519
6519
6519
6520
6520
6519
6519
6519
6519
6519
6519
6519
6519
6519
6519
6519
6519
6519
6519
6519
6519
6520
6520
6520
6520
6520
6520
6520
6520
6520
6520
6520
6520
6520
6520
6520
6520
6520
6520
6520
6520
6520
6520
6520
6520
6520
6520
6520
6520
6520
6519
6519
6519
6519
6520
6520
6520
6520
6520
6520
6520
6520
6520
6520
6520
6520
6520
6520
6520
6520
6520
6520
6520
6520
6520
6520
6520
6520
6520
6520
6519
6519
6519
6519
6519
6519
6519
6519
6519
6519
6519
6519
6519
6519
6519
6519
6519
6519
6519
6519
6519
6519
6519
6519
6520
6520
6520
6520
6520
6520
6520
6520
6520
6520
6520
6520
6520
6520
6520
6520
6520
6520
6520
6520
6520
6520
6520
6520
6520
6520
6520
6519
6519
6519
6519
6519
6519
6519
6519
6519
6519
6519
6519
6519
6519
6519
6519
6519
6519
6519
6519
6519
6519
6519
6519
6519
6519
6519
6519
6519
6519
6519
6519
6519
6519
6519
6519
6519
6519
6519
6519
6519
6519
6519
6519
6519
6519
6519
6519
6520
6520
6520
6520
6520
6520
6520
6520
6520
6520
6520
6520
6520
6520
6520
6520
6520
6520
6520
6520
6520
6520
6520
6520
6520
6519
6519
6519
6519
6519
6519
6519
6519
6519
6519
6519
6519
6519
6519
6519
6519
6519
6519
6519
6519
6519
6519
6519
6519
6519
6519
6519
6519
6519
6519
6519
6519
6519
6519
6519
6519
6519
6519
6519
6519
6519
6519
6519
6519
6519
6519
6519
6519
6519
6519
6520
6520
6520
6520
6520
6520
6520
6520
6520
6520
6520
6520
6520
6520
6520
6520
6520
6520
6520
6520
6520
6520
6520
6520
6520
6520
6520
6520
6520
6520
6520
6520
6520
6520
6520
6520
6520
6520
6519
6519
6519
6519
6520
6520
6520
6520
6520
6520
6520
6520
6520
6519
6519
6520
6520
6520
6520
6519
6519
6519
6519
6519
6519
6520
6520
6520
6520
6520
6520
6520
6520
6520
6520
6520
6520
6520
6520
6520
6520
6519
6519
6519
6519
6519
6519
6519
6519
6519
6519
6519
6519
6519
6519
6519
6519
6519
6519
6519
6519
6519
6519
6519
6519
6519
6519
6519
6519
6519
6519
6519
6519
6519
6519
6519
6519
6519
6519
6519
6519
6519
6519
6519
6519
6519
6519
6519
6519
6519
6519
6519
6519
6519
6519
6519
6519
6519
6519
6520
6520
6520
6520
6520
6520
6520
6520
6520
6520
6520
6520
6520
6520
6520
6520
6520
6520
6520
6520
6520
6520
6519
6519
6519
6519
6519
6519
6519
6519
6519
6519
6519
6519
6519
6519
6519
6519
6519
6519
6519
6519
6520
6520
6520
6520
6520
6520
6520
6520
6520
6520
6520
6519
6519
6519
6519
6519
6519
6519
6519
6519
6519
6519
6519
6519
6519
6519
6519
6520
6520
6520
6520
6520
6520
6520
6520
6520
6520
6520
6520
6520
6520
6520
6520
6520
6520
6520
6520
6520
6520
6520
6520
6520
6520
6520
6520
6520
6520
6520
6520
6520
6520
6520
6520
6520
6520
6520
6520
6520
6520
6520
6520
6520
6520
6520
6520
6520
6520
6520
6520
6520
6520
6520
6520
6520
6520
6520
6520
6520
6520
6520
6520
6520
6520
6520
6520
6520
6520
6520
6520
6520
6520
6520
6520
6520
6519
6519
6519
6519
6519
6519
6519
6519
6519
6519
6519
6519
6519
6519
6519
6519
6519
6519
6519
6519
6519
6519
6519
6519
6519
6519
6519
6519
6519
6519
6519
6519
6520
6520
6520
6520
6520
6520
6520
6520
6520
6520
6520
6520
6520
6520
6520
6520
6520
6520
6520
6520
6520
6520
6520
6520
6520
6520
6519
6519
6519
6519
6519
6519
6519
6519
6519
6519
6519
6519
6519
6519
6519
6519
6519
6519
6519
6519
6519
6519
6519
6519
6519
6519
6519
6519
6519
6519
6519
6520
6520
6520
6520
6520
6520
6520
6520
6520
6520
6520
6520
6520
6520
6520
6520
6520
6519
6519
6519
6519
6519
6519
6519
6519
6519
6519
6519
6519
6519
6519
6519
6519
6519
6519
6519
6519
6519
6519
6519
6519
6519
6519
6519
6519
6519
6519
6519
6519
6520
6520
6520
6520
6520
6520
6520
6520
6520
6520
6520
6520
6520
6520
6520
6520
6520
6520
6520
6520
6520
6520
6520
6520
6520
6520
6520
6520
6520
6520
6520
6520
6520
6520
6520
6520
6520
6520
6520
6520
6520
6520
6520
6520
6520
6520
6520
6520
6520
6520
6519
6519
6519
6519
6519
6519
6519
6519
6519
6519
6519
6519
6519
6519
6519
6519
6519
6519
6519
6519
6519
6519
6519
6519
6519
6519
6519
6519
6519
6520
6520
6520
6520
6520
6520
6520
6520
6520
6520
6520
6520
6520
6520
6520
6520
6520
6520
6520
6520
6520
6520
6520
6520
6520
6520
6520
6520
6520
6520
6520
6520
6520
6520
6520
6520
6520
6520
6520
6520
6520
6519
6519
6519
6519
6519
6519
6519
6519
6519
6519
6519
6519
6519
6519
6520
6520
6520
6520
6520
6520
6520
6520
6520
6520
6520
6520
6520
6520
6520
6520
6520
6520
6520
6520
6520
6520
6520
6520
6520
6520
6520
6520
6520
6520
6520
6520
6520
6520
6520
6520
6520
6520
6520
6520
6520
6520
6520
6520
6520
6520
6520
6520
6520
6520
6520
6520
6520
6520
6520
6520
6520
6520
6520
6520
6520
6520
6520
6520
6520
6520
6520
6520
6520
6520
6520
6520
6520
6520
6520
6520
6520
6520
6520
6520
6520
6520
6520
6520
6520
6520
6520
6520
6520
6520
6520
6520
6520
6520
6520
6520
6520
6520
6520
6520
6520
6520
6520
6520
6520
6520
6520
6520
6520
6520
6520
6520
6519
6519
6519
6519
6519
6519
6519
6519
6520
6520
6520
6520
6520
6520
6520
6519
6519
6519
6519
6519
6519
6519
6519
6519
6519
6519
6520
6520
6520
6520
6520
6520
6520
6520
6520
6520
6520
6520
6520
6520
6520
6520
6520
6520
6520
6520
6520
6519
6519
6519
6519
6519
6519
6519
6519
6519
6519
6519
6519
6519
6519
6519
6519
6519
6519
6519
6519
6519
6519
6519
6520
6520
6520
6520
6520
6520
6520
6520
6520
6520
6520
6520
6520
6520
6520
6520
6519
6519
6519
6520
6520
6520
6520
6520
6520
6520
6520
6520
6520
6520
6520
6520
6520
6520
6520
6520
6520
6520
6520
6520
6520
6520
6520
6520
6520
6520
6520
6520
6520
6520
6520
6520
6520
6520
6520
6520
6520
6520
6520
6519
6519
6520
6520
6520
6520
6520
6520
6520
6520
6520
6520
6520
6520
6520
6520
6520
6520
6520
6520
6520
6520
6520
6520
6519
6519
6519
6519
6519
6519
6520
6520
6520
6520
6520
6520
6520
6520
6520
6520
6520
6520
6520
6520
6520
6520
6520
6520
6520
6520
6520
6519
6519
6519
6519
6519
6519
6519
6519
6519
6519
6519
6519
6520
6520
6520
6520
6520
6520
6520
6520
6520
6520
6520
6520
6520
6520
6520
6520
6520
6520
6520
6520
6520
6520
6520
6520
6520
6520
6520
6520
6520
6520
6519
6519
6519
6519
6519
6519
6519
6519
6519
6520
6520
6520
6520
6520
6520
6519
6519
6519
6520
6520
6520
6519
6519
6519
6519
6519
6519
6519
6519
6519
6519
6519
6519
6519
6519
6519
6519
6519
6519
6519
6519
6519
6519
6519
6520
6520
6520
6520
6520
6520
6520
6520
6520
6520
6520
6520
6520
6520
6520
6520
6520
6520
6520
6520
6520
6520
6520
6520
6520
6520
6520
6520
6520
6520
6520
6520
6520
6520
6520
6520
6520
6520
6520
6520
6520
6520
6520
6520
6520
6520
6520
6520
6520
6520
6520
6520
6520
6520
6520
6520
6520
6520
6520
6520
6520
6520
6520
6520
6520
6520
6520
6520
6520
6520
6520
6520
6520
6520
6520
6519
6519
6519
6519
6519
6519
6519
6519
6520
6520
6520
6520
6520
6520
6520
6520
6520
6520
6520
6520
6520
6520
6520
6520
6520
6520
6520
6520
6520
6520
6520
6520
6520
6520
6520
6520
6520
6520
6520
6519
6519
6519
6519
6520
6520
6520
6520
6520
6520
6520
6520
6520
6520
6519
6519
6519
6519
6519
6519
6519
6519
6519
6519
6519
6520
6520
6520
6520
6520
6520
6520
6520
6520
6520
6520
6520
6520
6519
6519
6519
6519
6519
6519
6519
6519
6519
6519
6519
6519
6519
6519
6519
6519
6519
6519
6519
6519
6519
6519
6519
6519
6519
6519
6519
6519
6519
6519
6519
6519
6519
6519
6519
6519
6519
6519
6519
6519
6519
6519
6519
6519
6519
6519
6519
6519
6519
6519
6519
6519
6519
6519
6519
6519
6519
6519
6519
6519
6519
6519
6519
6519
6519
6519
6519
6519
6519
6519
6519
6519
6519
6519
6519
6519
6520
6519
6519
6519
6519
6519
6519
6519
6519
6519
6519
6519
6519
6519
6519
6519
6519
6519
6519
6519
6519
6519
6519
6519
6519
6519
6519
6519
6519
6519
6519
6519
6519
6519
6519
6519
6519
6520
6520
6520
6520
6520
6520
6520
6520
6520
6520
6520
6520
6520
6520
6520
6520
6520
6520
6520
6520
6520
6520
6520
6520
6520
6520
6520
6520
6520
6520
6520
6520
6520
6520
6520
6520
6520
6520
6520
6520
6519
6519
6519
6519
6519
6519
6519
6519
6519
6519
6519
6519
6519
6519
6519
6519
6519
6519
6520
6520
6520
6520
6520
6520
6520
6520
6520
6520
6520
6520
6520
6520
6520
6520
6520
6520
6520
6520
6519
6519
6519
6519
6519
6519
6519
6519
6519
6519
6519
6519
6519
6519
6519
6519
6519
6519
6519
6519
6519
6519
6520
6520
6520
6520
6520
6520
6520
6520
6520
6520
6520
6520
6520
6520
6520
6520
6520
6520
6520
6520
6520
6520
6520
6520
6520
6519
6519
6519
6519
6519
6519
6519
6519
6519
6519
6519
6519
6519
6519
6519
6519
6519
6519
6519
6519
6519
6519
6519
6519
6519
6519
6519
6519
6519
6520
6520
6520
6520
6520
6520
6520
6520
6520
6520
6520
6520
6520
6520
6520
6520
6520
6520
6520
6520
6520
6519
6519
6520
6520
6520
6520
6520
6520
6519
6519
6519
6519
6519
6519
6519
6519
6519
6519
6519
6519
6519
6519
6519
6519
6519
6519
6519
6520
6520
6520
6520
6520
6520
6520
6520
6520
6520
6520
6520
6520
6520
6520
6520
6520
6520
6520
6520
6520
6520
6520
6520
6520
6520
6520
6520
6520
6520
6520
6520
6520
6520
6520
6520
6520
6520
6520
6520
6520
6520
6520
6520
6520
6520
6520
6520
6520
6520
6520
6520
6520
6520
6520
6520
6520
6520
6520
6520
6520
6520
6520
6520
6520
6520
6520
6519
6519
6519
6519
6519
6519
6519
6519
6519
6519
6519
6519
6519
6519
6519
6519
6519
6519
6519
6519
6519
6519
6519
6519
6519
6519
6519
6519
6519
6520
6520
6520
6520
6520
6519
6519
6520
6520
6520
6520
6520
6520
6520
6520
6520
6520
6520
6519
6520
6520
6520
6520
6520
6520
6520
6520
6520
6520
6520
6520
6520
6520
6520
6520
6520
6520
6520
6520
6520
6520
6520
6520
6520
6520
6520
6520
6520
6520
6520
6520
6520
6520
6520
6520
6520
6520
6520
6520
6520
6520
6520
6520
6520
6519
6519
6519
6519
6519
6519
6519
6519
6519
6519
6519
6519
6519
6519
6519
6519
6519
6519
6519
6519
6519
6519
6519
6519
6519
6519
6519
6519
6519
6519
6519
6520
6520
6520
6520
6520
6520
6520
6520
6520
6520
6520
6520
6520
6520
6520
6520
6520
6520
6520
6520
6520
6520
6520
6520
6520
6520
6520
6520
6520
6520
6520
6520
6520
6520
6520
6520
6520
6520
6520
6520
6520
6520
6520
6520
6520
6520
6520
6520
6520
6520
6520
6520
6520
6520
6519
6519
6519
6519
6519
6519
6519
6519
6519
6519
6519
6519
6519
6519
6519
6519
6519
6519
6519
6519
6519
6519
6519
6519
6519
6519
6519
6519
6519
6519
6519
6519
6519
6519
6519
6519
6519
6520
6520
6520
6520
6520
6520
6520
6520
6520
6520
6520
6520
6520
6520
6520
6520
6520
6520
6520
6520
6520
6520
6520
6520
6520
6520
6520
6520
6520
6520
6520
6520
6520
6520
6520
6520
6520
6520
6520
6520
6520
6520
6520
6520
6520
6520
6520
6520
6520
6520
6520
6520
6520
6520
6520
6520
6520
6520
6520
6520
6520
6520
6520
6520
6520
6520
6520
6520
6520
6520
6520
6520
6520
6520
6520
6520
6520
6520
6520
6520
6520
6520
6520
6520
6520
6520
6520
6520
6520
6520
6520
6520
6520
6520
6520
6520
6520
6520
6520
6520
6520
6519
6519
6519
6519
6519
6519
6519
6519
6519
6519
6519
6519
6519
6519
6519
6519
6519
6519
6519
6519
6519
6519
6519
6519
6519
6519
6519
6520
6520
6520
6520
6520
6520
6520
6520
6520
6520
6520
6520
6520
6520
6520
6520
6520
6519
6519
6519
6519
6519
6519
6519
6519
6519
6519
6519
6519
6519
6520
6520
6520
6520
6520
6520
6520
6520
6520
6520
6520
6520
6520
6520
6520
6520
6520
6520
6520
6520
6520
6520
6520
6520
6520
6520
6520
6520
6520
6520
6520
6520
6520
6520
6520
6520
6520
6520
6520
6520
6520
6520
6520
6520
6520
6520
6520
6520
6520
6520
6520
6520
6520
6519
6519
6519
6519
6519
6519
6519
6519
6519
6519
6519
6519
6519
6519
6519
6519
6519
6519
6519
6519
6519
6519
6519
6519
6519
6519
6519
6519
6519
6519
6519
6519
6519
6519
6519
6519
6519
6519
6519
6519
6519
6519
6519
6519
6519
6519
6519
6519
6519
6519
6519
6519
6519
6519
6519
6519
6519
6519
6519
6519
6519
6519
6519
6519
6519
6519
6519
6519
6519
6519
6519
6519
6519
6519
6519
6520
6520
6520
6520
6520
6520
6520
6520
6520
6520
6520
6520
6520
6520
6520
6520
6520
6520
6520
6520
6520
6520
6520
6520
6520
6520
6520
6520
6520
6520
6520
6520
6520
6520
6520
6520
6520
6520
6520
6520
6520
6520
6520
6520
6520
6520
6520
6520
6520
6520
6520
6520
6520
6520
6520
6520
6520
6520
6520
6520
6520
6520
6520
6520
6520
6520
6520
6520
6520
6520
6520
6520
6520
6520
6520
6520
6520
6520
6520
6520
6520
6520
6520
6520
6520
6520
6520
6520
6520
6520
6520
6520
6520
6520
6520
6519
6519
6519
6519
6519
6519
6519
6520
6520
6520
6520
6520
6520
6520
6520
6520
6520
6520
6520
6520
6520
6520
6520
6520
6520
6520
6520
6520
6520
6520
6520
6520
6520
6520
6520
6520
6520
6520
6520
6520
6520
6520
6520
6520
6520
6520
6520
6519
6519
6519
6519
6519
6519
6519
6519
6519
6519
6519
6520
6520
6520
6520
6519
6519
6519
6519
6519
6519
6519
6520
6520
6520
6519
6519
6519
6519
6519
6519
6519
6519
6519
6519
6519
6519
6519
6519
6519
6519
6519
6519
6519
6519
6519
6519
6520
6520
6520
6520
6520
6520
6520
6520
6520
6520
6520
6520
6520
6520
6520
6520
6520
6520
6520
6520
6520
6520
6520
6520
6520
6520
6520
6520
6520
6520
6520
6520
6519
6519
6519
6519
6519
6519
6519
6519
6519
6519
6519
6519
6519
6519
6520
6520
6520
6520
6520
6520
6520
6520
6520
6520
6520
6520
6520
6520
6520
6520
6520
6520
6520
6520
6520
6520
6520
6520
6520
6520
6520
6520
6520
6520
6520
6520
6520
6520
6520
6520
6520
6520
6520
6520
6520
6520
6520
6520
6520
6520
6520
6520
6520
6520
6520
6520
6520
6520
6520
6520
6520
6520
6520
6520
6520
6520
6520
6520
6520
6520
6520
6520
6520
6520
6520
6519
6519
6519
6519
6519
6519
6519
6519
6519
6519
6519
6519
6519
6519
6519
6519
6519
6519
6519
6519
6519
6519
6519
6520
6520
6520
6520
6520
6520
6520
6520
6520
6520
6520
6520
6520
6520
6520
6520
6520
6520
6520
6520
6520
6520
6520
6520
6520
6520
6520
6520
6520
6520
6520
6520
6520
6520
6520
6520
6520
6520
6520
6520
6520
6520
6520
6520
6520
6520
6520
6520
6520
6520
6520
6520
6520
6520
6520
6520
6519
6519
6519
6519
6519
6519
6519
6519
6519
6519
6519
6519
6519
6519
6519
6520
6520
6520
6520
6520
6520
6520
6520
6520
6520
6520
6520
6520
6520
6520
6520
