3105
3619
3999
4098
3854
3902
3803
3755
3457
3556
3854
3881
3929
3881
3881
3254
3302
3254
2740
3078
2676
2338
2338
2040
2442
2553
2554
2554
2559
3073
3371
3615
3504
3504
3260
3255
3303
3276
3903
3605
3903
3361
3699
3302
3844
3745
3745
3745
3231
3475
3427
3268
3379
3135
3234
3234
3234
3233
3234
2854
3234
3282
3281
3281
3281
3308
2928
2929
3173
3570
3570
3028
3001
2565
2565
2321
2326
2278
1980
2007
1896
2007
2521
2410
2458
2453
2354
2353
2452
1825
2367
2478
2802
2703
2703
2301
2599
2600
2600
2600
2600
2980
2682
3309
2682
2841
2841
3085
3058
2734
3170
2832
3077
3077
3082
3081
2836
2935
2962
2448
2443
2448
2448
2421
2422
2323
2950
2949
2949
3273
3162
3163
3158
2999
3026
3364
3365
3663
3325
3424
3027
3000
2756
2867
3264
3263
2939
2940
2940
3264
3153
3152
3397
3397
3397
3073
3397
3911
3911
4249
3951
3956
3559
3560
3804
3804
3831
3783
3684
4081
3743
3842
4001
3374
3050
3098
3422
2986
3613
3514
3852
3963
3962
3914
3400
3241
3214
2834
2835
2835
2835
2934
3370
2973
3271
3651
3651
4053
3617
3776
3531
4045
4045
4040
4088
4088
4040
4285
4041
3414
3116
3116
3360
3408
3407
3163
3163
2621
2865
2766
2428
2428
2104
2731
2731
3029
3028
2784
2811
2652
3088
3412
3385
3629
3384
3629
4171
4060
3658
3658
4060
4061
4399
4075
4080
4075
4027
4027
3591
3618
4015
3501
3825
3501
3099
3099
2801
3203
2801
2806
3208
2666
2286
2584
2579
2579
2580
2553
2712
3254
3254
3010
3010
3009
3009
2764
2812
2764
2764
3088
3088
2461
2460
2487
2487
2189
2300
2348
2237
1840
2085
2085
2482
2487
2488
2461
2897
3524
2897
2652
3032
3031
3545
3148
3393
3148
3143
3095
3339
3015
2635
3262
3262
3586
3072
3072
2734
2782
2458
2485
2486
2050
2055
2300
2736
2577
2550
2306
2258
2257
2771
2771
2798
2798
2957
3201
3312
3285
3285
3665
3666
3124
3119
2960
3258
3258
3258
3417
3422
3423
3043
2932
2687
3084
3084
3084
3084
3329
3329
3377
3377
2975
2731
2830
3372
3372
3399
3399
3394
3505
3346
3726
3726
3678
3683
3303
2761
3085
2787
3031
3433
3334
3334
3329
3377
3536
4078
3919
3918
3918
3918
3673
3237
3237
3210
3210
3209
2812
2568
2667
2694
2699
2651
2137
2381
2354
2751
2799
3179
3080
3107
3107
3107
3621
3780
4078
4073
4046
4291
4180
4207
4545
4644
4242
4353
4353
4242
4215
4216
3819
3930
4327
4763
4763
4763
4763
4790
5192
4650
4602
4603
4608
4607
4269
4110
4269
4268
3832
3673
3562
3610
3611
3214
3756
3756
3756
3756
3915
3888
3889
3889
4325
4166
4166
4193
4094
4205
3803
3802
3288
3690
3446
3446
2819
2978
2978
3375
3375
2833
3347
3348
3592
3347
3889
3778
3777
3777
3876
3876
3876
3632
3230
2794
2795
2794
2794
3421
3532
3531
3531
2989
2890
2989
2890
2891
2891
2891
3433
3433
3678
3678
3433
3835
4079
4417
4418
4120
4120
4556
4655
4607
4602
4650
4623
4575
4173
3546
3546
3447
3447
3447
3050
3452
3451
3451
3550
3555
3555
3550
3550
3550
3550
3148
2904
2390
2787
2407
2408
2706
2547
2595
3222
3467
3466
3467
3494
3738
3341
3230
2603
2603
3000
3000
3380
2944
2917
2944
3346
2966
2971
2673
2672
2672
3186
3622
3733
3733
4031
4658
4334
3707
3463
3463
3464
3464
3623
3226
3067
3067
3062
2660
3057
3057
3381
3354
3306
2982
3384
3384
4011
3900
3948
3947
3545
3869
3571
3598
3598
3550
3952
3925
3952
3853
3854
3457
2915
2920
3019
3067
2553
2229
1891
2229
2130
2644
2644
2617
2616
2611
2855
2860
3019
2860
2860
3402
3397
3397
3397
3349
2913
3024
3072
3396
3285
3384
3781
3379
2865
2766
2793
3229
3230
2833
2589
3103
3103
3202
3201
2765
2765
2765
3167
3278
3278
3251
3251
3251
3252
3688
4068
3823
3724
3724
3210
3209
3209
3723
3343
3343
2829
2829
3343
3343
3295
3184
3183
2845
3089
3116
3089
3089
3137
3137
3164
3323
3323
3275
3275
3520
3631
3969
4267
4268
4273
4246
4246
4246
4294
3956
3956
4055
3653
3653
3408
3653
3408
3403
3079
3476
3476
3477
3477
3378
3330
3357
3357
3362
3361
3685
3574
3622
3622
3595
3198
3225
2789
2789
2888
2374
2215
2188
2568
2188
2189
2141
2521
2923
2923
3168
2844
2844
3241
3142
3142
3466
2839
2515
2563
2722
3060
3496
4123
3496
3495
3115
3495
3594
3594
3594
3589
3490
3490
3490
3152
2755
3093
3045
3045
3369
3071
3071
3698
3746
3587
3984
4095
3698
3996
3454
3156
3156
3155
2753
2758
2857
2852
2528
2528
2092
2390
2291
2296
2296
2620
2509
2510
2462
2462
2462
2218
1880
1879
2038
2086
2488
2489
2087
2601
2845
2547
2845
2521
2632
2627
2632
2731
3128
3128
3452
3404
3946
3947
3947
4349
4025
4073
3828
3426
2884
2879
2768
3092
3044
2800
3202
3202
3201
3201
3042
3153
3153
3152
3157
3157
3402
3403
3430
3429
3971
4407
3865
3865
3351
3399
3558
3558
3313
3313
2911
2752
2454
2406
2651
2540
2540
2540
2540
2541
2541
2839
2834
2945
2945
2950
2949
3287
3288
3532
3505
3261
3803
3803
3261
3261
2864
3378
3378
3780
3780
4322
4719
4322
3942
3969
3969
3969
3964
4012
4017
4176
3774
3675
3919
3919
4018
3504
3166
3504
2962
3504
3180
2935
3337
3337
3337
3337
3337
3734
3436
3436
3277
3277
3033
3006
2895
3409
3520
3520
3084
3085
3085
3409
3789
4033
4060
3722
3722
3611
3611
3909
4154
4154
4154
4590
4590
4292
4630
4625
4630
4629
4087
3842
3837
4135
4135
4136
4136
4088
3750
3798
3798
4136
4135
4677
4788
4386
3989
3475
3476
3878
3883
3883
3772
3772
3745
3745
3904
3903
3467
3903
3903
3902
4416
4014
4009
3765
3770
4015
4417
4418
4419
3877
4419
4530
4529
4556
4551
4795
4800
4502
4899
4899
5197
5197
5098
4854
4853
4853
4853
4339
4339
4339
4339
3903
4002
3997
3617
3622
3574
3463
3511
3506
3750
3755
3707
4087
4087
4135
4108
4544
4206
4206
3809
3710
3705
3705
3461
3461
3572
3572
3816
3274
3279
3280
3618
3280
3307
3849
3801
3801
3690
3691
3664
3664
4002
3843
3505
3532
3532
3505
3505
3069
3466
3466
3493
3541
3493
3592
3190
3190
3185
3158
2761
2761
3197
3197
3196
3710
3168
3506
4048
4048
4048
3668
3668
3695
3694
3694
3694
3258
3013
3415
3388
3499
3935
3940
3940
3538
2996
3023
2725
2725
2726
3128
3373
3373
3368
3257
2821
3363
3363
3364
3800
3173
3173
3173
3172
2630
2741
2741
3121
3280
3280
3035
3333
3875
3495
3495
3495
3875
3875
3473
3472
3869
4496
3869
3489
3330
3330
2992
3330
3710
3710
3168
2654
2654
2627
2627
2628
3255
3144
3171
3144
3149
3663
3339
3339
3340
3388
3388
3712
3664
3659
3658
3663
4065
4064
3437
3099
3258
3258
3258
3885
3933
3834
4376
4376
3834
3536
3536
3536
3377
3377
3378
3623
3623
3575
3173
3168
3168
3173
3174
3174
3173
2928
3330
3006
3344
3371
3372
3372
3034
3145
3304
3304
3304
2907
3205
3205
3094
3093
3093
3093
3204
3601
3204
3601
3649
3973
3862
4200
3820
3819
3660
3905
3661
3661
3661
3661
3662
3821
3821
3773
3773
3884
3884
3883
3447
3495
3495
3875
3551
3154
3127
3524
3525
3525
3525
4067
4067
4019
3681
3301
3300
3399
3154
3154
3154
3181
2779
3181
3519
3520
3118
2604
2849
2850
2849
3251
3251
3765
3765
3368
3692
3665
3665
4045
3721
3341
3340
3002
3002
3003
3030
2628
2628
2383
2382
2382
2283
2621
2669
3105
3105
3100
3100
3052
3296
3137
3137
3534
3582
3906
3907
3907
4152
3638
3638
3637
3610
3499
3499
3161
3161
3563
3161
3161
3162
3321
3321
3348
3104
3056
3057
3057
3168
3506
3261
3506
3506
3182
3182
3562
3562
3562
3562
3451
3113
3357
3356
3357
3356
3356
3111
3513
3612
3210
3455
3566
3968
3968
4306
4306
3904
4228
4228
3848
4228
4742
4742
4498
4498
4900
4464
4464
4465
4085
4090
4090
4090
4526
4526
4906
4905
4660
4362
4362
4607
4608
4608
4608
4608
4449
4338
4338
4338
4386
4006
3668
3779
3779
3668
3827
3728
3701
3701
3700
3700
4038
4038
3602
3846
3847
3846
4282
4038
4037
4037
3878
4122
4149
4447
3820
4200
4299
4001
3677
4001
4002
4002
4161
4161
4161
3759
3870
4168
4168
4057
4058
4169
4169
4571
4273
4571
4566
4566
4566
4242
4247
4246
4087
3976
3976
3877
3877
3988
3877
3497
3497
3497
3498
3657
3657
3657
3498
3498
3471
3466
3790
3889
3888
3888
3888
3889
4269
4296
4301
4300
4300
4411
4412
4412
4385
4384
3982
3871
3870
3865
3865
4492
4519
4083
4083
4519
4005
4010
4169
4683
4524
4926
4926
4412
4074
4074
4074
3829
3988
4233
4233
4233
4233
3831
3586
4100
3802
3802
4204
3768
3768
3763
3221
3519
3764
4200
4041
4042
4380
4353
4358
4358
4385
4544
4655
4410
4409
4165
4165
4054
4054
3895
3895
4054
3730
3731
3731
3731
3433
3432
3543
3516
3516
3516
3814
3715
3715
3710
3710
3711
4253
4253
4577
4529
4529
4529
4132
4132
4132
3973
3973
3973
4370
3973
3973
3973
3675
3702
3702
3946
4105
4204
4209
4209
4454
4210
4210
4183
4183
4178
3798
3798
3798
3846
3846
3601
3600
3845
3845
3686
3441
3441
3442
3441
3821
3822
3822
3774
3147
3174
3222
3221
3194
3083
3083
3327
3438
3465
3465
3862
3460
3460
3461
3461
3620
3620
3620
3223
3223
3223
3196
3197
3824
4069
4069
4074
4074
3638
3638
4040
4040
3992
3747
3742
4178
4178
4178
4423
4471
4312
4471
4471
4471
4769
4525
4525
4525
4477
3935
3690
3591
3591
3480
3480
3321
3565
3962
4061
4061
4172
4172
3928
3928
3927
3926
4085
4627
4627
4303
4547
4436
4436
3894
3942
3540
3545
4087
4087
3651
4053
4489
4489
4813
4924
4522
4522
4549
4550
4550
4549
4501
4501
4501
4501
4496
4496
4497
4173
4173
4173
4497
4498
4118
4118
4498
4498
4200
4498
4101
4101
3474
3473
3474
4101
4101
4101
4149
4551
4550
4795
4281
4233
4234
4234
4282
4282
3846
3798
3798
3797
3797
3802
3797
3698
3453
3454
3454
3116
3116
3116
2792
2840
2542
2880
2885
2885
2885
2885
3399
3697
3359
3458
3458
3359
3200
3199
3199
3596
3591
3591
3591
3543
3543
3867
3867
3866
4025
3511
4025
4073
4073
3749
3750
3751
3640
3481
3480
3432
3432
3480
3480
3485
3730
3730
3350
3350
3052
3053
3053
3053
2808
2808
2967
2962
2961
2961
2961
2966
2722
3102
3102
3103
3347
3671
3969
3969
3969
3942
4041
4152
4397
4735
4333
4333
4333
4333
4360
4360
4360
4359
4795
4795
4768
4669
4042
4444
4444
4120
4121
4148
4100
4424
4397
4424
4100
4099
4098
4071
4071
4071
3691
3692
3692
3692
3394
3395
3390
3390
3231
3231
3231
3258
3263
3422
3417
3422
3422
3720
3720
3720
3720
3609
3989
4088
4088
4715
4318
4318
3938
3937
3937
3985
3741
3741
3740
3740
3740
3713
3713
3713
3713
4093
4093
3551
3452
3479
3479
3480
3480
3480
3480
3804
3903
4445
4556
4529
4529
4773
4800
4800
4800
4502
4502
4502
4899
4655
4953
5197
5197
4873
4535
4291
4292
4292
4292
4292
4292
4536
4860
4860
4701
4701
4602
4575
4575
4575
4575
4570
4569
3942
3831
3831
3533
3485
3485
3644
3644
3645
3645
3645
3321
3320
3320
3320
3320
3320
3319
3319
3319
3319
3320
3419
3717
4344
4349
4349
4673
4673
4276
4324
4662
4662
4662
4260
4260
4371
4768
4768
4768
4768
4768
4768
4795
4551
4551
4551
4551
4524
4524
4088
4088
4088
4088
4083
3745
4181
3883
4221
3841
3868
3868
3869
3869
3869
3869
3531
3530
3531
3530
3419
3419
3424
3424
3535
2993
3535
3290
3628
3873
3868
3841
4221
4221
4173
4173
4471
4498
4118
4118
4166
4166
4067
4067
4072
4171
4171
4171
3735
3735
3708
3609
3609
4045
4045
4045
4425
4425
4045
4045
4044
4446
4446
4447
4691
4691
4691
4686
4685
4784
4673
4574
4574
4060
4012
4123
4123
4123
3879
3978
3979
3655
3655
3357
2815
2863
2752
3050
3055
3299
3300
3299
3299
3299
3299
3410
3437
3432
3432
3946
3951
3840
3840
3840
3840
3840
3839
3839
3834
3945
3945
3945
3945
3945
3945
3945
3834
3834
3835
3840
3840
3840
4382
4382
4382
4377
4377
4382
4382
4381
4382
4283
4283
4039
4038
4038
3793
3793
3794
3795
3795
3795
3795
3894
3894
3894
3894
4005
4000
3999
4323
4323
4296
4301
4301
4301
3963
3963
4207
4207
4202
4540
4540
4540
4540
4540
4216
4216
4105
4105
3669
3780
3780
4160
4596
4596
4596
4596
4596
4596
4216
4215
4460
4465
4465
4465
4220
4220
4121
4121
4121
4501
4501
4501
4746
4746
4501
4496
4252
3738
3739
3738
3690
3789
3789
3789
3789
3789
3837
4081
3837
3789
3789
3789
3789
3789
3789
3789
3630
3519
2977
2977
2977
2977
2977
3136
3247
3761
4303
4303
4303
4308
4308
4308
4553
4442
4437
4338
4343
4343
4343
4587
4698
4698
4296
4185
4185
3941
3936
4338
4338
4339
4340
4340
4340
4340
4340
4339
4339
4339
4663
4663
4662
4662
4662
4689
4175
4176
4177
3775
4019
4019
4018
4066
4580
4580
4144
4144
4144
3985
3985
3985
3986
4145
4144
4144
4144
4096
3937
3937
3942
3942
3942
3990
3990
4101
4100
4100
4259
4661
4337
4337
4338
4339
4339
4339
4339
4338
4338
4000
4000
3973
3968
3968
3968
3969
3969
3969
3858
4294
4294
4294
4294
4299
4054
4053
4053
4298
4298
4298
4298
4636
4636
4960
4960
5059
5011
5010
5005
5005
5005
5005
5005
5053
4894
4894
4846
4847
4895
5054
5055
4956
4956
4956
4632
4731
4731
4731
4758
4420
4425
4536
4536
4531
4420
4420
4425
4424
4424
4424
4397
4397
4508
4509
4112
4112
4112
4112
4436
4436
4463
4463
4463
4462
4351
4351
4346
4346
4346
4346
4346
4102
4075
4075
4075
4075
3673
3673
4070
4071
4071
4071
4071
4071
4071
4071
4071
4023
4023
4023
4071
4076
4076
4076
4320
4431
4431
4431
4431
3917
3917
3593
3593
3593
3593
3593
4107
3863
3752
3752
4090
4090
4090
4090
4085
4409
4409
4409
4409
4414
4409
4653
4653
4658
5060
5060
5060
5060
5171
5012
5012
5012
5012
5012
4674
4430
4430
4429
4429
4049
3613
3613
3608
4044
4203
4204
4204
4203
4203
4092
4430
4430
4810
4810
4810
4810
4837
4837
4837
4836
4836
4841
4793
4904
4952
4952
4952
4925
4925
4766
4766
4766
4766
4761
4359
4359
4364
4365
4365
4366
4366
4366
4768
4388
4340
4340
4340
4339
4240
4240
4240
4339
4041
3796
3796
3796
4041
4089
4089
4089
4333
4222
4217
4217
4217
4328
4328
4327
4707
4866
4871
4871
4871
4871
4866
4755
4755
4431
4431
4431
4431
4431
4431
4458
4458
4458
4458
4459
4215
4116
4116
4116
4121
4121
4365
4365
4365
4366
4477
4801
4463
4463
4463
4761
4761
4760
4755
4756
4761
4713
4713
4713
4713
4686
4686
4686
4685
4680
4680
5018
5018
5117
5117
5116
5117
5165
5165
5165
5165
5165
5165
4921
4922
5166
5166
5166
5166
5166
5165
5164
5191
5191
5191
5191
5192
5193
5192
5192
5144
5144
5144
5144
5144
5144
5144
5144
5144
5143
5143
5044
5044
5017
5017
5017
5017
5017
5017
5065
5164
5065
5065
5017
5017
5017
5017
5017
4773
4821
4483
4435
4436
4436
4436
3922
3922
3922
3922
3922
3677
3677
3704
3752
3752
3752
3753
3705
3950
3949
3948
3948
3949
3949
3922
3922
4021
4021
4020
4021
4021
4022
4022
4070
3911
3911
3910
3937
3937
3937
4181
4695
4695
4695
4695
4298
4298
4298
4299
4251
4410
4748
4721
4748
4649
4648
4268
4157
4157
4158
4158
4158
4206
4211
4210
4321
4322
4321
4321
4321
4321
4294
4246
4643
4643
4691
4790
4790
4679
4679
4679
4790
4790
4492
4790
4790
4791
4791
4791
5171
5171
5171
5171
5170
5170
5170
5170
4656
4656
4656
4683
4682
4655
4655
4544
4544
4496
4607
4634
4682
4682
4682
4682
4683
4683
4683
4683
4584
4583
4583
4583
4583
4584
4584
4182
4155
4155
4155
4557
5071
5071
5071
5072
5072
5072
5072
5072
5072
5071
5071
5070
5070
5070
5070
4732
4732
4732
4732
4732
4732
4732
4732
4732
4732
4621
4959
4954
4954
4981
4981
4954
4959
5070
5070
5070
5070
5070
5070
4772
4767
4767
4767
4767
4767
4767
4767
4767
4794
4794
4746
4746
4747
4747
4747
4752
5050
5050
5051
5051
5051
5046
5019
5019
5024
5024
5024
5024
5024
4622
4621
4720
4720
4720
4720
4720
4720
4323
4323
4164
4212
4212
4212
4212
4113
4065
4064
4064
4065
4224
4621
4621
4621
4616
4616
5018
5018
5018
5017
4906
4906
4509
4608
4608
4608
4609
4608
4608
4608
4635
4635
4635
4635
4635
4635
4636
4234
4234
4234
4234
4233
4233
4233
4134
4134
4233
4635
4635
4635
4635
4635
5032
5032
5143
5143
5143
5044
5017
5017
5017
5044
5044
5044
5045
5045
5045
5045
5045
5045
5045
4934
4934
4934
4907
4955
4955
4955
5066
4955
4955
4955
4982
4982
4823
4823
4823
4922
4922
4922
4922
4895
4895
4651
4656
4656
4657
4768
5012
5012
5012
5012
5012
4964
4964
4964
4964
4959
4332
4332
4332
3790
3790
4417
4417
4416
4416
4305
4305
4353
4464
4464
4464
4464
4464
4464
4464
4464
4464
4464
5006
5006
4761
4762
4762
4761
4761
4761
4761
4761
4761
5006
5006
5005
5006
5006
5007
4908
4860
4860
4860
4859
4958
4958
4958
4957
4957
4957
4957
4962
5010
4911
4911
4911
4912
4912
5011
5011
5012
5012
5012
5012
4964
4964
4964
4666
4666
4666
4661
4660
4665
4665
4692
4851
4846
4846
4846
4846
4846
4687
4687
4687
4692
4692
4693
4688
4736
4735
4735
4735
4624
4783
4783
4783
4783
4756
4783
4783
4783
4783
4788
4788
4740
4740
4740
4740
4741
4741
4741
4741
4642
4642
4641
4740
4851
4851
4899
4899
4899
4899
4898
4898
4899
4899
4899
4899
4899
4899
4851
4851
4850
4851
4851
4852
4852
4753
4753
4752
4751
4751
4751
4850
4851
4850
4448
4449
4449
4449
4449
4448
4110
4083
3984
3825
3825
4123
4123
4123
4118
4123
4282
4283
4283
4283
4283
4621
4621
4510
4510
4510
4510
4537
4537
4585
4684
4684
4440
4551
4551
4306
4306
4305
4550
4550
4551
4551
4253
4253
4252
4225
4523
4523
4523
4524
4525
4525
4524
4524
4524
4524
4524
4524
4551
4227
4227
4226
4550
4952
4952
4952
4953
4953
5197
5149
5149
5149
5149
5149
5149
5122
5122
5122
5122
5122
5122
5123
5122
5122
5122
5122
5122
5122
5122
5122
5122
5149
5149
5149
5144
5117
5122
5122
5122
5122
4878
4878
4779
4780
4779
4779
4778
4773
4800
4800
4800
4800
4800
4800
4800
4773
4774
4873
4878
4878
4905
4904
4905
4905
4746
4746
4905
4905
5149
5149
5149
5149
4990
4990
4990
4990
4990
4554
4549
4549
4549
4548
4548
4549
4304
4304
4304
4304
4309
4309
4282
4282
4282
4282
4282
4282
4282
4277
4277
4277
4713
4714
4714
4714
4714
4719
4719
4718
4718
4718
4718
4718
4766
4766
4766
4766
4766
4761
4920
4920
4921
4921
5166
5165
5170
5059
5059
4960
4960
4716
4716
4717
4961
4960
4960
4960
4912
4913
4913
4913
5024
5024
5023
5023
5023
5071
5066
4955
4955
4955
4955
4960
4959
4954
4955
4710
4710
4711
4711
4711
4710
4809
4809
4810
4815
4656
4608
4603
4603
4630
4875
4875
5034
4875
5034
5033
5033
5033
5033
5033
5006
5007
5007
5034
5034
5034
5007
5012
5012
4768
4768
4879
4768
4768
4768
4768
4816
4816
4815
4815
4435
4430
4430
4331
4442
4442
4442
4442
4283
4283
4283
4442
4541
4541
4546
4546
4546
4545
4546
4435
4336
4335
4176
4176
4556
4556
4655
4655
4656
4656
4656
4656
4651
4651
4895
5054
5054
5054
5054
5054
5054
5054
4652
4652
4679
4679
4679
4684
4684
4685
4685
4658
4658
4658
4658
4658
4658
4658
4653
4652
4604
4604
4505
4207
3883
3883
3882
3637
3637
3882
3930
3930
3930
4254
4254
4365
4370
4370
4668
4668
4668
4668
4663
4664
5066
5066
5066
5066
5066
5066
5065
5065
5070
5070
5070
5070
5070
5097
5097
5098
5098
5098
5093
5093
5066
5066
5066
5066
5093
5045
5045
5045
5045
5045
5045
5045
5045
5045
5045
5045
5045
4800
4800
5045
5144
5145
5145
5145
5145
5145
5145
5145
5144
5143
5143
5143
5144
5144
5144
5117
5117
5117
5144
5144
5117
5117
5117
4873
4900
4900
5144
5144
5192
4795
4795
4795
4800
4800
4800
4800
4800
4799
4700
4701
4653
4653
4752
4800
4799
4799
4799
4800
4795
4795
4795
4747
4748
4748
4753
4801
4796
4769
4769
4769
4769
4769
4525
4525
4530
4774
4774
4774
4774
4774
4774
4774
4774
4774
4774
4774
4773
4773
4773
4773
4773
4393
4420
4420
4420
4817
4790
4789
4789
4789
4784
4784
4784
5164
5169
5169
5170
5170
5170
5170
5197
5086
5086
5086
5086
5086
5086
5086
5086
5086
5086
5086
5086
5086
5086
5086
5086
5086
5086
5086
5197
5197
5197
5197
5197
5197
5197
5196
5197
5197
5086
5086
5086
5086
5086
5086
5086
5086
5086
5085
5086
5087
5087
5086
5087
5086
5086
5038
5038
5038
5086
5086
5086
5086
5086
5086
5038
5038
5038
5038
5038
5038
5038
5038
5038
5039
5039
5039
5039
5039
5039
5039
5039
5039
5039
5039
5038
5033
5033
5033
5033
5033
5033
5032
5032
5080
5085
5085
5085
5080
5080
4835
4946
4898
4898
4898
4898
4898
5143
5191
5191
5191
5191
5191
5191
5191
5191
5192
5192
5192
5192
5192
4947
4947
4947
4947
4947
4947
4947
4947
4946
4946
4946
4835
4835
4835
4835
4840
4840
4840
4835
4836
4809
4810
4810
4810
4810
4810
5055
5054
5006
5117
5117
5117
5144
5144
5117
5117
5122
5122
5023
5023
5023
5023
5023
5023
5023
5023
5023
5071
5071
5071
5170
5170
5170
5169
5170
5170
5170
5170
5169
5169
5169
5169
5169
5164
5169
5169
5169
5170
5170
5170
5169
5169
5169
5169
5169
5169
5169
5164
5164
5164
5164
5116
5017
5017
5017
5017
5017
5017
5017
5017
5017
5017
5017
5017
5017
5017
5017
5017
5017
5065
5065
5017
5116
5143
5143
5143
5116
5116
5116
5116
5143
5143
5143
5143
5143
5191
5191
5191
5191
5191
5191
5191
5164
5164
5165
5165
5164
5164
5164
5164
5164
5164
5164
5164
5164
5164
5164
5165
5165
5165
5170
5170
5170
5170
5170
5122
5122
5122
5122
5122
5122
5170
5170
5170
5170
5165
5165
5066
5065
5164
5164
5164
5164
5164
5164
5164
5164
5164
5164
5169
5058
5059
4900
4900
4900
4900
4900
4900
4900
4900
4899
4899
4899
4899
4899
5010
5010
5169
5169
5196
5196
5196
5196
5196
5196
5196
5196
5191
5191
5191
5191
5196
5196
5196
5196
5196
5196
5097
5097
5097
5097
5097
5097
5097
5098
5098
5098
5098
5098
5098
5098
5098
5098
5098
5098
5098
4987
4987
4987
5098
5097
5097
5097
5097
5098
5098
5098
5098
5197
5196
5169
5169
5169
5169
5169
5169
5169
5169
5169
5169
5169
5169
5169
5169
5169
5169
5169
5170
5170
5011
5011
5006
5006
5006
5033
4985
4984
4984
4985
4985
4985
4986
4986
4986
4986
4986
4986
4986
4986
4986
4986
5034
5034
5034
5034
5034
5034
5034
5034
5033
5033
5034
5034
5034
5034
5034
5034
5007
5007
5007
5007
5012
5039
5198
5198
5198
5198
5198
5197
5197
5197
5197
5192
5081
5080
5080
5080
5080
4981
4981
4981
4981
4954
4954
4954
4906
4906
4933
4933
4906
4906
4907
4908
4913
4913
5024
5024
5024
5123
5171
5170
5170
5170
5169
5169
5169
5164
5164
5164
5169
5169
5169
5169
5169
5169
5169
5169
5170
5170
5170
5170
5165
5165
5192
5192
5197
5197
5197
5197
5197
5197
5197
5197
5197
5197
5197
5197
5196
5196
5196
5196
5197
5198
5198
5198
5193
5193
5193
5193
5193
5193
5193
5193
5193
5193
5193
5193
5193
5166
5166
5166
5166
5166
5166
5165
5165
5165
5165
5066
5066
5066
5066
5066
4955
4955
4955
4960
5059
5059
5086
5086
5086
5086
5086
5086
5197
5197
5198
5198
5198
5198
5198
5198
5198
5198
5197
5197
5197
5197
5196
5097
5097
5097
5097
5196
5196
5196
5196
5197
5197
5197
5196
5169
5169
5169
5058
5058
5058
5058
5058
5058
5085
5086
5086
5086
5086
5085
5080
5080
5080
5191
5191
5191
5192
5192
5192
5192
5192
5193
5193
5198
5198
5198
5198
5198
5198
5198
5198
5198
5198
5198
5198
5197
5098
5099
5099
5099
5094
5094
5094
5094
5094
5094
5094
5094
5094
5099
4940
4940
4940
4935
4935
4935
4935
4935
4934
4886
4886
4886
4886
4886
4886
4886
4885
4984
4984
4984
4984
4873
4878
4879
5038
5038
5038
5038
5038
5038
5149
5050
5050
5050
5050
5050
5049
5049
5049
5050
5050
5149
5197
5197
5197
5197
5197
5197
5197
5197
5196
5196
5196
5169
5169
5169
5196
5196
5196
5148
5148
5148
5148
5121
5148
5148
5148
5148
5148
5148
5148
5148
5148
5149
5149
5149
5148
5148
5196
5197
5197
5197
5197
5197
5197
5197
5197
5197
5149
5144
5144
5144
5144
5144
5144
5144
5145
5145
5145
5145
5144
5144
5144
5117
5117
5117
5117
5117
5117
5117
5165
5164
5053
5080
5080
5080
5080
5080
5080
5080
5081
5192
5197
5192
5192
5192
5192
5197
5197
5197
5196
5169
5169
5170
5170
5197
5197
5197
5197
5197
5197
5197
5197
5197
5197
5197
5198
5198
5193
5193
5193
5193
5145
5145
5145
5145
5150
5149
5149
5122
5122
5122
5122
5122
5122
5122
5170
5170
5170
5170
5170
5197
5197
5197
5197
5197
5198
5198
5198
5198
5197
5197
5098
5098
4987
4986
4987
4987
4987
4987
4987
5086
5087
5087
5087
5087
5087
5087
5087
5087
5060
5059
5059
5059
5060
5060
5060
5060
5060
5087
5087
5086
5059
5059
5059
5059
5059
5059
5059
5059
5060
5060
5060
5060
5060
5059
5059
5059
5059
5059
5170
5170
5170
5170
5170
5170
5170
5170
5170
5170
5170
5170
5170
5170
5165
5165
5170
5170
5170
5170
5170
5170
5170
5169
5169
5169
5169
5169
5164
5165
5166
5171
5171
5171
5170
5170
5170
5170
5170
5170
5171
5171
5171
5171
5171
5171
5171
5171
5171
5171
5171
5171
5171
5171
5171
5171
5171
5170
5169
5169
5169
5169
5169
5169
5169
5169
5169
5169
5121
5121
5122
5170
5171
5171
5171
5170
5170
5170
5170
5170
5170
5170
5170
5170
5170
5170
5170
5170
5170
5170
5071
5071
5071
5072
5072
5072
5072
5072
5072
5071
5066
5165
5165
5165
5165
5170
5197
5198
5171
5170
5170
5170
5170
5171
5171
5198
5198
5198
5198
5087
5087
5087
4988
5099
5099
5099
5072
5072
5072
5072
5072
5067
5066
5071
5170
5197
5197
5196
5196
5197
5197
5197
5197
5197
5197
5197
5198
5197
5197
5197
5198
5198
5193
5192
5192
5192
5192
5192
5192
5093
5192
5192
5192
5193
5193
5193
5193
5193
5193
5198
5198
5193
5192
5192
5197
5197
5197
5198
5198
5198
5198
5198
5198
5198
5198
5198
5198
5198
5197
5197
5192
5192
5192
5191
5191
5192
5192
5192
5197
5197
5197
5197
5197
5197
5197
5197
5197
5192
5192
5192
5192
5193
5192
5192
5192
5192
5192
5192
5192
5192
5192
5192
5192
5192
5192
5192
5192
5192
5192
5192
5192
5192
5192
5192
5192
5191
5191
5192
5192
5192
5191
5191
5191
5191
5191
5191
5191
5191
5191
5191
5191
5191
5191
5191
5191
5191
5191
5191
5196
5197
5197
5197
5197
5197
5197
5197
5197
5197
5197
5197
5197
5196
5197
5197
5197
5192
5192
5192
5192
5165
5165
5165
5165
5165
5165
5165
5165
5165
5165
5165
5192
5193
5193
5166
5166
5166
5166
5166
5166
5166
5118
5118
5123
5123
5123
5123
5150
5150
5150
5150
5150
5150
5150
5150
5150
5145
5145
5145
5145
5145
5145
5145
5046
5046
5046
5046
5145
5150
5150
5149
5149
5149
5149
5149
5150
5198
5198
5198
5198
5198
5198
5198
5193
5166
5166
5166
5171
5171
5171
5171
5171
5166
5166
5166
5193
5192
5192
5193
5193
5193
5193
5193
5193
5193
5193
5193
5193
5193
5192
5192
5192
5192
5144
5144
5144
5144
5144
5144
5144
5144
5144
5144
5144
5144
5144
5144
5144
5144
5144
5144
5144
5144
5144
5144
5144
5117
5117
5117
5144
5117
5122
5170
5171
5171
5171
5171
5171
5171
5171
5171
5171
5171
5171
5166
5166
5193
5193
5192
5192
5192
5192
5192
5192
5193
5193
5193
5193
5193
5192
5197
5197
5192
5192
5192
5192
5192
5192
5197
5196
5196
5196
5196
5197
5197
5197
5197
5197
5196
5196
5197
5197
5197
5197
5192
5192
5192
5192
5192
5192
5197
5197
5197
5197
5197
5197
5149
5149
5149
5144
5144
5144
5144
5144
5144
5144
5144
5144
5192
5192
5193
5193
5193
5193
5193
5193
5193
5193
5193
5193
5193
5193
5145
5145
5144
5144
5144
5144
5117
5117
5117
5165
5165
5165
5165
5165
5165
5165
5165
5165
5165
5165
5165
5165
5166
5166
5166
5166
5165
5006
5006
5006
5006
5006
5006
5006
5006
5005
5005
5164
5164
5164
5164
5116
5117
5117
5144
5144
5144
5144
5144
5145
5145
5145
5145
5145
5145
5145
5144
5144
5144
5144
5144
5144
5144
5144
5144
5144
5144
5144
5144
5144
5144
5144
5144
5145
5145
5118
5118
5118
5118
5118
5145
5145
5145
5145
5145
5144
5144
5144
5149
5149
5149
5197
5198
5193
5193
5193
5193
5193
5193
5192
5192
5192
5192
5192
5192
5192
5192
5192
5191
5191
5192
5193
5193
5193
5193
5193
5193
5193
5193
5193
5193
5193
5193
5193
5192
5193
5193
5193
5193
5193
5193
5193
5193
5193
5193
5193
5193
5193
5193
5193
5193
5193
5193
5198
5198
5198
5198
5198
5198
5198
5198
5198
5198
5198
5198
5198
5198
5198
5198
5198
5198
5198
5198
5197
5197
5197
5197
5197
5197
5197
5197
5098
5098
5097
5097
5097
5196
5196
5196
5196
5197
5197
5197
5197
5170
5170
5170
5171
5166
5166
5166
5166
5166
5166
5166
5165
5165
5165
5164
5164
5164
5164
5164
5164
5164
5116
5116
5117
5117
5117
5117
5117
5117
5117
5165
5165
5165
5165
5165
5165
5165
5165
5165
5165
5192
5192
5192
5192
5192
5192
5192
5192
5192
5191
5191
5191
5191
5191
5192
5192
5192
5192
5192
5192
5192
5192
5192
5193
5193
5193
5193
5193
5192
5081
5081
5054
5053
5053
5053
5053
5053
5053
5054
5054
5054
5054
5059
5059
5059
5059
5059
5058
5059
5059
5059
5059
5059
5059
5170
5170
5170
5170
5170
5170
5169
5170
5170
5170
5170
5170
5170
5170
5170
5170
5170
5170
5170
5170
5170
5170
5170
5170
5170
5170
5170
5170
5170
5171
5171
5171
5171
5171
5171
5171
5171
5123
5171
5171
5171
5171
5171
5171
5171
5171
5171
5170
5170
5170
5170
5169
5170
5197
5197
5197
5197
5198
5198
5198
5198
5198
5198
5198
5197
5197
5197
5197
5197
5197
5197
5197
5197
5197
5197
5197
5197
5197
5197
5197
5197
5197
5192
5192
5192
5192
5192
5192
5193
5193
5193
5193
5193
5166
5171
5166
5166
5166
5166
5166
5165
5165
5165
5170
5171
5171
5171
5170
5170
5170
5170
5170
5170
5169
5169
5169
5169
5169
5196
5196
5196
5196
5196
5196
5196
5191
5191
5191
5191
5191
5191
5191
5191
5191
5191
5191
5191
5191
5192
5192
5192
5192
5192
5192
5144
5145
5145
5145
5145
5145
5145
5145
5145
5145
5118
5118
5118
5117
5117
5117
5117
5117
5117
5122
5122
5122
5122
5122
5122
5122
5149
5149
5149
5149
5149
5149
5149
5149
5149
5149
5149
5149
5149
5149
5149
5149
5150
5150
5150
5150
5150
5150
5198
5198
5198
5198
5198
5198
5198
5198
5198
5198
5198
5198
5198
5198
5198
5197
5197
5197
5196
5196
5196
5191
5191
5196
5196
5196
5196
5191
5191
5191
5191
5191
5191
5196
5196
5196
5191
5191
5191
5191
5191
5196
5196
5196
5196
5196
5196
5196
5196
5196
5196
5197
5197
5197
5197
5197
5197
5197
5197
5197
5197
5197
5197
5170
5170
5165
5165
5165
5170
5169
5169
5169
5169
5169
5169
5164
5164
5165
5164
5191
5191
5191
5191
5191
5191
5191
5191
5191
5191
5191
5191
5191
5191
5191
5191
5191
5191
5191
5191
5196
5196
5196
5196
5196
5196
5196
5196
5196
5197
5197
5197
5192
5197
5197
5197
5197
5197
5197
5197
5197
5197
5197
5197
5197
5197
5197
5197
5197
5197
5197
5197
5197
5197
5197
5197
5197
5197
5197
5197
5197
5198
5198
5198
5198
5198
5193
5198
5193
5193
5193
5193
5192
5192
5192
5192
5192
5192
5192
5192
5192
5192
5192
5192
5192
5144
5144
5144
5144
5145
5150
5150
5150
5150
5150
5150
5150
5150
5150
5150
5150
5149
5148
5148
5196
5196
5196
5196
5197
5197
5196
5196
5196
5196
5196
5196
5196
5196
5197
5197
5192
5192
5192
5192
5192
5191
5191
5191
5192
5192
5192
5192
5192
5192
5192
5192
5192
5192
5192
5193
5193
5193
5193
5193
5192
5192
5192
5192
5192
5192
5192
5192
5192
5192
5192
5192
5193
5193
5193
5193
5192
5192
5192
5192
5192
5192
5192
5191
5191
5191
5191
5191
5191
5192
5193
5193
5193
5193
5193
5193
5193
5193
5193
5193
5193
5193
5198
5198
5198
5198
5198
5198
5198
5198
5198
5198
5198
5193
5192
5192
5192
5192
5192
5197
5197
5197
5197
5197
5197
5197
5197
5197
5197
5197
5197
5197
5197
5197
5197
5197
5196
5196
5196
5196
5196
5191
5191
5191
5191
5192
5192
5193
5193
5193
5193
5193
5193
5193
5193
5193
5145
5145
5145
5145
5145
5145
5150
5145
5145
5145
5145
5145
5145
5145
5145
5145
5193
5193
5193
5193
5193
5193
5193
5193
5193
5193
5193
5193
5193
5198
5198
5198
5193
5193
5198
5198
5198
5198
5197
5197
5197
5192
5192
5192
5192
5197
5197
5197
5197
5198
5198
5198
5198
5198
5198
5197
5197
5197
5197
5197
5197
5197
5197
5196
5196
5196
5197
5197
5197
5197
5197
5197
5197
5170
5170
5170
5170
5170
5171
5170
5170
5170
5169
5169
5169
5169
5169
5169
5169
5169
5169
5169
5169
5170
5169
5169
5164
5164
5164
5164
5191
5191
5191
5191
5191
5191
5191
5191
5191
5191
5191
5196
5196
5196
5196
5197
5197
5197
5197
5197
5197
5197
5197
5197
5197
5197
5197
5197
5198
5198
5197
5197
5197
5197
5197
5198
5198
5198
5198
5198
5198
5198
5198
5193
5192
5192
5197
5197
5197
5149
5149
5149
5148
5148
5148
5148
5148
5149
5149
5149
5144
5144
5144
5144
5144
5144
5144
5144
5144
5144
5144
5144
5144
5144
5144
5144
5149
5149
5197
5197
5197
5197
5197
5197
5197
5197
5197
5197
5197
5197
5196
5196
5196
5196
5196
5196
5191
5191
5191
5191
5191
5191
5191
5191
5191
5191
5191
5191
5191
5191
5191
5192
5192
5192
5192
5192
5192
5192
5192
5193
5192
5192
5192
5192
5192
5192
5192
5192
5192
5192
5192
5192
5192
5192
5192
5192
5192
5192
5192
5192
5192
5192
5192
5192
5191
5191
5191
5191
5191
5196
5196
5191
5191
5191
5191
5192
5192
5192
5193
5193
5193
5193
5193
5193
5193
5193
5192
5192
5192
5192
5192
5192
5192
5192
5192
5192
5192
5192
5192
5192
5192
5193
5193
5193
5193
5193
5192
5192
5192
5192
5197
5197
5197
5196
5196
5196
5196
5197
5197
5197
5197
5192
5192
5192
5192
5192
5192
5192
5192
5192
5192
5192
5192
5192
5192
5191
5191
5191
5191
5191
5191
5191
5191
5196
5196
5196
5196
5196
5197
5197
5197
5197
5197
5197
5197
5197
5197
5197
5197
5197
5192
5192
5192
5192
5197
5198
5198
5193
5192
5197
5197
5197
5197
5198
5198
5198
5198
5197
5197
5197
5197
5192
5192
5192
5192
5191
5192
5191
5196
5196
5196
5196
5196
5196
5196
5196
5196
5196
5196
5196
5196
5196
5196
5197
5197
5197
5197
5197
5197
5197
5196
5196
5196
5196
5191
5191
5196
5196
5196
5196
5196
5196
5196
5196
5196
5196
5196
5196
5196
5196
5191
5191
5191
5191
5191
5191
5191
5191
5192
5192
5191
5191
5196
5196
5196
5196
5196
5196
5196
5191
5191
5191
5191
5191
5191
5191
5192
5192
5192
5191
5192
5197
5197
5196
5196
5191
5191
5191
5191
5191
5191
5191
5191
5192
5191
5191
5191
5191
5192
5197
5198
5198
5198
5198
5197
5197
5197
5197
5197
5197
5197
5197
5197
5197
5192
5192
5192
5192
5192
5192
5192
5192
5192
5192
5192
5192
5192
5192
5192
5192
5192
5192
5192
5192
5192
5193
5193
5193
5193
5193
5192
5192
5192
5197
5197
5197
5198
5198
5198
5198
5198
5198
5198
5198
5193
5193
5193
5193
5193
5193
5193
5193
5193
5193
5193
5193
5193
5193
5193
5193
5193
5193
5193
5193
5193
5193
5193
5192
5192
5192
5192
5192
5192
5192
5192
5192
5192
5192
5192
5192
5192
5192
5192
5192
5192
5192
5193
5193
5193
5193
5193
5193
5193
5166
5166
5166
5166
5166
5165
5165
5165
5165
5165
5165
5165
5192
5192
5192
5192
5192
5192
5197
5197
5197
5197
5197
5197
5197
5197
5197
5197
5197
5197
5197
5197
5197
5197
5197
5197
5197
5197
5197
5197
5197
5198
5198
5198
5198
5198
5198
5198
5198
5198
5198
5198
5198
5198
5198
5197
5197
5197
5197
5192
5192
5192
5192
5191
5191
5191
5191
5191
5192
5192
5192
5192
5192
5192
5192
5192
5192
5192
5192
5191
5191
5191
5191
5191
5191
5191
5191
5191
5191
5191
5192
5192
5192
5192
5192
5192
5192
5192
5192
5192
5192
5192
5192
5192
5192
5192
5192
5192
5192
5192
5192
5192
5192
5192
5192
5193
5193
5193
5193
5192
5192
5192
5192
5192
5192
5192
5192
5192
5197
5197
5197
5196
5196
5196
5197
5197
5197
5197
5197
5197
5197
5197
5192
5192
5197
5197
5197
5197
5197
5192
5192
5192
5193
5192
5192
5193
5193
5193
5193
5193
5193
5193
5193
5193
5193
5193
5193
5193
5192
5192
5192
5192
5192
5192
5193
5193
5193
5198
5197
5198
5198
5197
5197
5197
5197
5197
5197
5197
5197
5197
5197
5197
5197
5197
5197
5197
5197
5197
5197
5197
5197
5192
5192
5192
5192
5197
5197
5197
5197
5197
5197
5197
5196
5196
5196
5196
5196
5196
5196
5196
5196
5196
5196
5196
5197
5197
5197
5197
5192
5192
5192
5192
5192
5197
5197
5197
5197
5198
5193
5198
5198
5198
5197
5197
5197
5197
5197
5196
5196
5196
5196
5196
5197
5197
5198
5198
5197
5197
5197
5197
5196
5196
5196
5196
5196
5196
5196
5196
5196
5196
5196
5196
5196
5196
5196
5196
5196
5191
5191
5191
5191
5191
5192
5192
5192
5192
5192
5192
5192
5197
5197
5197
5197
5197
5198
5198
5198
5198
5198
5198
5197
5197
5197
5197
5197
5197
5197
5197
5197
5197
5198
5197
5196
5196
5196
5196
5196
5196
5196
5196
5196
5196
5196
5196
5196
5196
5196
5196
5196
5196
5196
5196
5196
5196
5196
5196
5196
5197
5197
5197
5198
5198
5198
5197
5197
5197
5197
5198
5198
5198
5198
5198
5198
5197
5197
5170
5170
5197
5197
5197
5197
5197
5197
5192
5192
5192
5192
5192
5192
5192
5192
5197
5197
5197
5196
5196
5196
5196
5196
5196
5196
5196
5196
5197
5197
5197
5197
5197
5197
5196
5196
5196
5196
5197
5197
5197
5197
5197
5197
5197
5197
5197
5197
5197
5197
5197
5197
5197
5198
5198
5198
5198
5198
5198
5198
5198
5198
5198
5198
5197
5197
5197
5197
5197
5197
5197
5197
5197
5197
5197
5197
5196
5197
5197
5192
5192
5192
5192
5192
5192
5192
5192
5193
5193
5193
5198
5198
5198
5198
5197
5197
5197
5197
5197
5197
5197
5197
5197
5197
5197
5197
5197
5197
5197
5197
5197
5197
5198
5198
5197
5198
5198
5198
5198
5198
5198
5198
5198
5198
5198
5171
5171
5171
5171
5171
5171
5171
5171
5171
5171
5171
5171
5170
5170
5170
5170
5170
5170
5197
5197
5196
5196
5196
5196
5196
5196
5197
5197
5197
5197
5192
5197
5197
5196
5197
5197
5197
5197
5197
5197
5197
5197
5196
5196
5196
5196
5196
5196
5196
5196
5196
5196
5196
5196
5196
5196
5196
5196
5196
5196
5196
5196
5196
5196
5196
5196
5196
5196
5196
5196
5196
5196
5196
5196
5196
5196
5196
5196
5196
5191
5191
5191
5191
5191
5191
5191
5191
5191
5191
5191
5191
5191
5191
5191
5191
5192
5192
5192
5192
5192
5192
5192
5192
5192
5192
5192
5193
5193
5193
5198
5198
5198
5198
5198
5198
5198
5197
5197
5197
5197
5196
5196
5196
5196
5196
5196
5196
5196
5196
5196
5196
5196
5197
5198
5198
5198
5198
5198
5198
5198
5198
5198
5198
5198
5198
5198
5198
5197
5197
5197
5197
5197
5197
5197
5197
5197
5197
5197
5197
5196
5197
5197
5197
5197
5197
5197
5197
5197
5197
5196
5196
5197
5197
5197
5197
5197
5197
5196
5196
5196
5196
5196
5196
5196
5196
5196
5196
5196
5196
5196
5196
5196
5197
5197
5197
5197
5197
5197
5192
5197
5198
5198
5198
5198
5198
5198
5198
5198
5198
5198
5197
5197
5197
5197
5197
5197
5197
5197
5197
5197
5198
5198
5198
5197
5197
5197
5197
5198
5198
5198
5198
5198
5198
5198
5198
5198
5193
5193
5193
5193
5193
5193
5193
5193
5193
5193
5193
5192
5192
5192
5192
5191
5191
5191
5196
5196
5196
5196
5196
5196
5196
5196
5196
5196
5196
5196
5191
5191
5191
5191
5191
5191
5192
5192
5192
5191
5191
5191
5191
5191
5191
5191
5191
5191
5191
5191
5191
5191
5196
5197
5196
5191
5191
5191
5191
5192
5192
5192
5192
5192
5192
5192
5192
5197
5197
5197
5197
5197
5197
5197
5197
5197
5197
5197
5197
5197
5197
5197
5192
5192
5192
5192
5193
5192
5192
5192
5192
5192
5192
5192
5197
5197
5197
5197
5197
5197
5197
5196
5196
5196
5196
5196
5191
5191
5191
5191
5191
5191
5191
5191
5192
5193
5193
5193
5193
5193
5193
5193
5193
5193
5193
5193
5198
5198
5198
5198
5198
5198
5198
5198
5198
5198
5197
5197
5197
5197
5197
5197
5197
5197
5197
5197
5197
5197
5197
5197
5197
5197
5197
5197
5197
5197
5197
5197
5197
5197
5197
5197
5196
5196
5196
5197
5197
5197
5197
5197
5197
5197
5197
5192
5192
5192
5197
5197
5197
5197
5197
5197
5197
5197
5192
5192
5193
5193
5193
5193
5193
5193
5193
5193
5193
5193
5193
5193
5192
5192
5192
5192
5192
5192
5192
5192
5192
5192
5192
5192
5192
5192
5197
5196
5196
5196
5196
5196
5196
5196
5196
5196
5196
5196
5196
5196
5196
5196
5196
5196
5196
5196
5196
5196
5196
5196
5196
5196
5196
5196
5197
5197
5197
5198
5198
5198
5198
5198
5198
5198
5197
5197
5197
5197
5197
5197
5197
5197
5197
5197
5197
5197
5197
5197
5197
5197
5197
5197
5197
5197
5197
5197
5197
5197
5197
5197
5197
5196
5196
5196
5196
5196
5196
5196
5196
5196
5196
5196
5196
5196
5196
5196
5196
5197
5197
5197
5197
5197
5197
5197
5197
5198
5198
5198
5198
5198
5193
5193
5193
5193
5198
5198
5198
5198
5198
5198
5198
5198
5198
5198
5193
5192
5192
5192
5192
5192
5192
5197
5197
5197
5197
5197
5198
5198
5198
5198
5198
5198
5198
5198
5198
5198
5198
5198
5198
5197
5197
5197
5198
5198
5198
5198
5198
5198
5198
5198
5198
5198
5198
5198
5198
5198
5198
5198
5198
5198
5198
5198
5198
5198
5197
5197
5197
5197
5197
5197
5197
5198
5198
5198
5198
5198
5198
5198
5198
5197
5192
5192
5192
5192
5192
5197
5197
5198
5193
5193
5193
5193
5193
5193
5192
5192
5192
5192
5192
5192
5192
5192
5192
5192
5192
5192
5191
5191
5191
5191
5191
5192
5192
5192
5192
5192
5192
5191
5192
5192
5192
5192
5192
5192
5192
5192
5192
5192
5192
5192
5192
5192
5192
5192
5193
5192
5192
5192
5192
5192
5192
5192
5192
5192
5192
5192
5192
5192
5192
5192
5192
5192
5192
5192
5192
5192
5192
5192
5192
5193
5193
5193
5193
5193
5193
5193
5193
5193
5193
5192
5192
5192
5192
5192
5192
5192
5193
5192
5193
5193
5193
5193
5193
5193
5193
5193
5193
5193
5193
5193
5193
5193
5192
5192
5192
5192
5192
5192
5192
5192
5192
5165
5165
5166
5166
5166
5165
5165
5165
5165
5165
5165
5165
5165
5165
5192
5192
5192
5192
5192
5192
5192
5192
5192
5192
5192
5193
5192
5192
5192
5192
5192
5191
5191
5191
5191
5191
5191
5191
5191
5191
5192
5192
5192
5192
5192
5192
5192
5192
5193
5193
5193
5193
5193
5193
5193
5193
5193
5193
5193
5193
5193
5192
5192
5192
5192
5192
5192
5192
5192
5192
5192
5192
5197
5197
5197
5197
5197
5197
5197
5197
5197
5197
5197
5197
5197
5197
5197
5197
5197
5197
5196
5196
5197
5197
5192
5192
5192
5192
5192
5192
5197
5197
5197
5197
5197
5197
5197
5197
5197
5197
5197
5197
5196
5196
5196
5196
5196
5196
5196
5196
5196
5196
5196
5196
5196
5196
5197
5197
5197
5197
5197
5197
5196
5196
5196
5196
5197
5197
5197
5197
5197
5197
5197
5197
5197
5197
5197
5197
5197
5197
5197
5197
5197
5197
5196
5196
5196
5197
5197
5197
5197
5197
5197
5197
5197
5197
5197
5197
5197
5197
5197
5197
5197
5197
5197
5197
5197
5197
5197
5197
5197
5197
5197
5197
5197
5197
5196
5196
5196
5197
5197
5197
5197
5197
5197
5197
5197
5197
5197
5197
5197
5197
5197
5197
5197
5197
5197
5197
5197
5197
5197
5192
5192
5192
5193
5193
5193
5193
5193
5193
5198
5198
5198
5198
5198
5198
5198
5197
5197
5197
5197
5197
5197
5197
5197
5197
5197
5197
5197
5197
5197
5197
5197
5197
5197
5197
5197
5197
5197
5197
5197
5197
5197
5197
5197
5197
5197
5197
5198
5198
5198
5198
5198
5197
5198
5198
5198
5198
5198
5198
5198
5198
5198
5198
5198
5198
5198
5197
5197
5197
5197
5197
5197
5197
5197
5198
5198
5198
5198
5197
5198
5198
5198
5197
5197
5197
5197
5197
5197
5197
5198
5198
5197
5196
5196
5196
5197
5197
5197
5197
5198
5198
5198
5198
5198
5197
5197
5197
5197
5192
5192
5197
5197
5197
5198
5198
5198
5198
5198
5197
5198
5198
5197
5197
5197
5197
5197
5197
5197
5198
5198
5198
5198
5198
5198
5198
5198
5198
5198
5198
5198
5198
5198
5198
5198
5198
5198
5198
5198
5198
5198
5198
5198
5198
5198
5198
5198
5198
5198
5198
5198
5198
5197
5197
5197
5197
5197
5197
5197
5196
5196
5196
5196
5196
5196
5196
5196
5196
5196
5196
5196
5191
5191
5191
5196
5196
5196
5196
5196
5196
5196
5196
5196
5196
5196
5196
5196
5197
5197
5197
5197
5197
5197
5197
5197
5197
5197
5197
5197
5197
5197
5197
5197
5198
5198
5198
5198
5197
5198
5198
5198
5198
5198
5198
5197
5197
5197
5197
5197
5197
5197
5197
5197
5197
5197
5197
5197
5197
5197
5197
5197
5192
5193
5193
5193
5193
5193
5198
5198
5198
5198
5198
5197
5197
5197
5197
5197
5197
5197
5197
5197
5197
5197
5197
5196
5197
5197
5197
5197
5197
5197
5197
5197
5197
5197
5198
5198
5197
5197
5197
5197
5197
5197
5197
5197
5197
5197
5197
5198
5198
5198
5198
5198
5198
5198
5198
5198
5198
5198
5198
5198
5198
5198
5198
5198
5198
5198
5198
5198
5198
5198
5198
5198
5198
5198
5198
5198
5198
5198
5198
5197
5197
5197
5197
5197
5197
5197
5197
5197
5197
5197
5197
5197
5197
5197
5197
5197
5197
5197
5197
5197
5197
5197
5197
5197
5197
5197
5197
5197
5197
5197
5198
5198
5198
5198
5198
5198
5198
5193
5193
5193
5193
5193
5193
5198
5198
5198
5198
5198
5198
5198
5198
5198
5198
5198
5198
5198
5198
5198
5198
5198
5198
5198
5198
5197
5197
5197
5197
5197
5197
5197
5197
5197
5197
5197
5197
5197
5197
5198
5198
5197
5197
5197
5197
5196
5196
5196
5196
5196
5196
5196
5196
5196
5196
5196
5196
5196
5196
5196
5196
5196
5196
5196
5196
5196
5196
5196
5196
5196
5196
5197
5197
5197
5197
5197
5197
5197
5196
5196
5196
5196
5196
5196
5196
5197
5198
5198
5198
5198
5198
5198
5198
5198
5198
5198
5197
5197
5196
5196
5196
5196
5196
5196
5196
5196
5196
5196
5197
5197
5197
5197
5197
5197
5197
5197
5197
5197
5197
5197
5192
5192
5192
5192
5192
5191
5191
5191
5191
5191
5191
5191
5191
5191
5191
5191
5191
5191
5191
5191
5191
5191
5192
5192
5192
5192
5191
5192
5191
5191
5191
5192
5193
5193
5193
5193
5193
5193
5193
5193
5193
5193
5193
5193
5193
5193
5193
5193
5193
5193
5193
5193
5198
5198
5198
5198
5198
5198
5198
5198
5198
5198
5198
5198
5198
5198
5198
5198
5198
5198
5198
5198
5198
5198
5198
5198
5198
5198
5198
5198
5198
5198
5198
5198
5198
5198
5198
5198
5198
5198
5198
5198
5198
5198
5198
5198
5198
5198
5197
5197
5197
5197
5197
5197
5197
5197
5197
5197
5197
5197
5197
5197
5197
5197
5197
5197
5197
5197
5198
5198
5198
5198
5198
5198
5198
5198
5198
5198
5198
5198
5198
5198
5198
5198
5198
5198
5198
5197
5197
5197
5198
5198
5197
5192
5192
5192
5192
5192
5193
5193
5193
5193
5193
5193
5198
5198
5198
5198
5198
5198
5198
5197
5197
5197
5197
5197
5197
5197
5197
5197
5197
5197
5197
5197
5198
5198
5198
5198
5198
5198
5198
5198
5197
5197
5197
5197
5197
5197
5197
5197
5198
5198
5198
5198
5198
5197
5197
5197
5197
5197
5197
5197
5197
5197
5196
5197
5197
5197
5197
5198
5198
5198
5198
5198
5198
5198
5198
5198
5197
5197
5197
5197
5197
5197
5197
5197
5197
5197
5197
5197
5197
5197
5197
5197
5197
5197
5198
5198
5198
5198
5198
5198
5198
5198
5198
5198
5197
5197
5192
5192
5192
5192
5192
5192
5192
5192
5192
5192
5192
5192
5192
5193
5193
5193
5193
5193
5193
5193
5193
5193
5193
5193
5193
5193
5193
5193
5193
5193
5193
5193
5193
5198
5193
5192
5192
5192
5192
5192
5192
5192
5192
5192
5192
5192
5192
5192
5192
5193
5193
5193
5193
5193
5193
5192
5192
5192
5192
5192
5192
5192
5192
5192
5192
5192
5192
5192
5192
5192
5192
5192
5192
5192
5191
5191
5191
5191
5191
5196
5196
5197
5197
5197
5197
5197
5197
5197
5197
5197
5197
5197
5197
5197
5197
5197
5197
5197
5197
5197
5197
5198
5197
5197
5197
5198
5198
5198
5198
5198
5198
5198
5198
5198
5198
5198
5198
5198
5198
5198
5197
5197
5197
5196
5196
5196
5196
5196
5196
5196
5196
5196
5196
5196
5196
5196
5196
5196
5196
5196
5196
5197
5197
5197
5197
5197
5197
5197
5198
5198
5198
5198
5198
5198
5198
5198
5198
5198
5198
5198
5197
5197
5197
5197
5197
5197
5197
5197
5197
5196
5196
5196
5196
5196
5196
5196
5196
5196
5196
5197
5197
5197
5197
5197
5197
5197
5197
5197
5197
5197
5197
5197
5197
5197
5197
5197
5197
5197
5197
5197
5197
5197
5197
5197
5197
5197
5197
5192
5191
5191
5192
5192
5191
5191
5191
5191
5191
5196
5197
5197
5197
5197
5197
5197
5197
5197
5197
5197
5197
5197
5197
5197
5197
5197
5197
5197
5197
5196
5196
5196
5196
5196
5196
5196
5196
5196
5196
5196
5196
5196
5196
5196
5196
5196
5196
5196
5196
5196
5196
5196
5196
5196
5196
5196
5196
5196
5196
5196
5196
5196
5197
5197
5197
5197
5197
5197
5197
5197
5197
5197
5197
5197
5197
5197
5197
5197
5197
5197
5197
5197
5197
5197
5197
5197
5197
5197
5197
5197
5198
5198
5198
5198
5198
5197
5197
5196
5197
5197
5197
5197
5197
5197
5197
5197
5197
5197
5197
5197
5197
5197
5196
5196
5197
5197
5197
5197
5197
5197
5197
5197
5197
5197
5197
5197
5197
5197
5197
5197
5197
5197
5197
5197
5198
5198
5198
5198
5198
5197
5197
5197
5197
5197
5197
5198
5198
5198
5198
5198
5198
5198
5198
5198
5198
5198
5198
5198
5198
5197
5197
5197
5197
5197
5197
5197
5197
5197
5197
5197
5197
5197
5197
5197
5197
5197
5198
5198
5198
5198
5198
5198
5198
5198
5198
5198
5198
5198
5198
5198
5198
5198
5198
5198
5198
5198
5197
5197
5197
5197
5197
5197
5197
5197
5197
5197
5197
5197
5197
5197
5197
5197
5197
5197
5197
5197
5197
5197
5197
5197
5197
5197
5197
5198
5198
5198
5198
5198
5198
5198
5198
5197
5197
5197
5197
5197
5197
5197
5197
5197
5197
5197
5197
5197
5196
5196
5196
5196
5196
5196
5196
5196
5196
5196
5197
5197
5197
5197
5197
5196
5196
5196
5196
5196
5196
5196
5196
5196
5196
5196
5196
5196
5197
5197
5197
5197
5197
5197
5197
5197
5197
5197
5197
5197
5197
5197
5197
5197
5197
5197
5197
5197
5197
5197
5197
5197
5197
5196
5196
5196
5196
5196
5197
5197
5197
5197
5197
5197
5196
5196
5196
5196
5196
5196
5197
5197
5198
5198
5198
5198
5198
5198
5198
5198
5198
5198
5198
5198
5198
5198
5198
5198
5198
5198
5198
5198
5198
5198
5198
5197
5197
5197
5197
5197
5197
5197
5197
5197
5197
5197
5197
5197
5198
5198
5198
5198
5198
5198
5198
5198
5198
5198
5198
5198
5198
5197
5197
5197
5197
5197
5198
5198
5198
5198
5198
5198
5198
5198
5198
5198
5198
5197
5197
5197
5197
5196
5196
5196
5196
5196
5196
5196
5197
5197
5197
5197
5197
5197
5197
5197
5197
5197
5197
5197
5192
5192
5192
5192
5192
5192
5192
5192
5192
5192
5192
5192
5192
5192
5192
5192
5192
5192
5192
5192
5192
5192
5192
5192
5192
5192
5192
5192
5197
5197
5197
5197
5197
5197
5197
5197
5196
5196
5197
5197
5198
5198
5198
5198
5198
5197
5198
5198
5198
5198
5198
5198
5198
5198
5198
5198
5198
5198
5198
5193
5193
5193
5193
5193
5193
5193
5193
5193
5193
5193
5198
5198
5198
5198
5198
5198
5198
5198
5198
5198
5198
5198
5198
5198
5198
5198
5198
5198
5198
5198
5198
5198
5198
5198
5198
5198
5198
5198
5198
5198
5198
5198
5198
5198
5197
5197
5197
5197
5197
5197
5197
5197
5197
5197
5197
5197
5197
5197
5197
5197
5197
5197
5197
5197
5197
5197
5197
5197
5197
5197
5197
5197
5197
5197
5197
5197
5197
5197
5197
5197
5198
5198
5198
5198
5198
5198
5198
5198
5198
5198
5198
5198
5198
5198
5198
5198
5198
5198
5198
5198
5197
5197
5196
5196
5196
5196
5196
5196
5196
5196
5196
5196
5196
5196
5196
5196
5196
5197
5197
5196
5196
5196
5196
5197
5197
5197
5197
5197
5197
5197
5197
5197
5197
5197
5197
5197
5197
5197
5197
5197
5197
5197
5197
5197
5197
5197
5197
5197
5197
5197
5196
5196
5196
5196
5196
5196
5196
5196
5196
5196
5196
5196
5196
5196
5196
5196
5196
5196
5196
5196
5196
5196
5196
5197
5197
5197
5197
5197
5197
5197
5197
5197
5197
5197
5197
5197
5197
5197
5197
5197
5197
5197
5197
5197
5197
5197
5197
5197
5197
5197
5197
5197
5197
5197
5197
5197
5197
5197
5197
5192
5192
5192
5192
5192
5192
5192
5192
5193
5193
5193
5193
5193
5193
5193
5193
5193
5193
5193
5193
5193
5193
5193
5193
5193
5193
5193
5198
5198
5198
5198
5198
5198
5197
5197
5197
5197
5197
5197
5197
5197
5197
5196
5196
5196
5196
5197
5197
5197
5197
5197
5197
5198
5198
5198
5198
5197
5198
5198
5197
5197
5197
5197
5197
5197
5197
5197
5197
5197
5196
5196
5196
5196
5196
5196
5196
5196
5196
5196
5196
5196
5196
5196
5196
5196
5196
5197
5197
5197
5197
5197
5197
5197
5197
5197
5197
5197
5197
5197
5198
5198
5198
5198
5198
5198
5198
5198
5197
5197
5197
5197
5197
5197
5197
5197
5197
5197
5197
5197
5197
5197
5197
5197
5197
5197
5197
5197
5197
5198
5198
5198
5198
5198
5198
5198
5198
5198
5198
5198
5198
5198
5198
5198
5198
5198
5198
5198
5198
5197
5197
5197
5197
5197
5197
5197
5197
5197
5197
5197
5197
5197
5197
5198
5198
5198
5198
5198
5198
5198
5198
5198
5198
5198
5198
5198
5198
5198
5198
5198
5198
5198
5198
5198
5198
5198
5198
5198
5198
5198
5198
5198
5198
5198
5198
5198
5198
5198
5198
5198
5198
5198
5198
5198
5198
5198
5198
5198
5198
5198
5198
5198
5198
5198
5198
5198
5198
5198
5198
5198
5198
5198
5198
5198
5198
5198
5198
5198
5198
5198
5198
5198
5198
5198
5198
5197
5197
5197
5196
5196
5196
5196
5196
5196
5197
5198
5198
5198
5198
5198
5198
5198
5198
5198
5198
5198
5198
5198
5198
5198
5198
5198
5198
5197
5197
5197
5197
5197
5197
5197
5197
5198
5197
5197
5197
5197
5197
5197
5197
5197
5197
5197
5197
5197
5197
5197
5197
5197
5197
5197
5197
5197
5197
5197
5197
5197
5197
5197
5197
5197
5197
5197
5197
5197
5198
5198
5198
5198
5198
5198
5197
5197
5197
5197
5198
5198
5198
5198
5198
5198
5198
5198
5198
5198
5198
5198
5198
5198
5198
5198
5198
5198
5198
5198
5198
5198
5198
5198
5198
5198
5198
5198
5198
5198
5198
5198
5198
5198
5198
5198
5198
5198
5198
5198
5197
5197
5197
5197
5197
5197
5197
5198
5198
5198
5198
5198
5198
5198
5198
5197
5197
5197
5197
5197
5197
5197
5198
5197
5198
5198
5198
5198
5198
5198
5198
5198
5198
5198
5198
5198
5198
5198
5198
5198
5198
5198
5198
5198
5198
5198
5198
5198
5198
5198
5198
5198
5198
5198
5198
5198
5198
5198
5198
5198
5198
5198
5198
5198
5198
5198
5198
5198
5198
5197
5197
5197
5197
5197
5197
5197
5197
5197
5197
5197
5197
5197
5197
5197
5197
5197
5197
5197
5197
5197
5197
5197
5197
5197
5197
5197
5197
5197
5197
5197
5197
5197
5197
5197
5197
5197
5197
5197
5197
5197
5197
5197
5197
5197
5197
5197
5197
5197
5197
5197
5197
5197
5197
5197
5197
5197
5197
5197
5197
5197
5197
5197
5197
5197
5197
5197
5197
5197
5197
5197
5197
5197
5197
5197
5197
5197
5197
5197
5197
5197
5197
5197
5197
5197
5197
5197
5197
5197
5197
5197
5197
5197
5197
5197
5197
5197
5197
5197
5197
5197
5197
5197
5197
5197
5197
5197
5197
5197
5197
5197
5197
5197
5197
5197
5197
5197
5198
5198
5198
5198
5198
5198
5198
5198
5198
5198
5198
5198
5198
5198
5198
5198
5198
5198
5198
5198
5198
5198
5198
5198
5198
5198
5198
5198
5198
5198
5198
5198
5198
5198
5198
5198
5198
5197
5197
5197
5197
5197
5197
5197
5197
5197
5197
5197
5197
5197
5197
5197
5197
5197
5197
5197
5197
5197
5197
5197
5197
5197
5197
5197
5197
5197
5197
5197
5197
5197
5197
5197
5197
5198
5198
5198
5198
5198
5198
5198
5198
5198
5198
5198
5198
5198
5198
5198
5198
5198
5198
5198
5198
5198
5198
5198
5198
5198
5198
5198
5198
5198
5198
5198
5198
5198
5198
5198
5198
5198
5198
5198
5198
5198
5198
5198
5198
5198
5198
5198
5198
5198
5198
5198
5198
5198
5198
5198
5198
5198
5198
5198
5198
5198
5198
5198
5198
5198
5198
5197
5197
5197
5197
5197
5197
5197
5198
5198
5198
5198
5198
5198
5198
5198
5198
5198
5198
5198
5198
5198
5198
5198
5198
5198
5198
5198
5198
5198
5198
5198
5198
5198
5198
5198
5198
5198
5198
5198
5198
5198
5198
5198
5198
5198
5198
5198
5198
5198
5198
5198
5198
5198
5198
5198
5198
5198
5198
5198
5198
5198
5198
5198
5198
5198
5198
5198
5198
5198
5198
5198
5198
5198
5198
5198
5198
5198
5198
5198
5198
5198
5198
5198
5198
5198
5198
5198
5198
5198
5198
5198
5198
5198
5198
5198
5198
5198
5198
5198
5198
5198
5198
5198
5198
5198
5198
5198
5198
5198
5198
5198
5198
5198
5198
5198
5198
5198
5198
5198
5198
5198
5198
5198
5198
5198
5198
5198
5198
5198
5198
5198
5198
5198
5198
5198
5198
5198
5198
5198
5198
5198
5198
5198
5198
5198
5198
5198
5198
5198
5198
5198
5198
5198
5198
5198
5198
5198
5198
5198
5198
5198
5198
5198
5198
5198
5198
5198
5198
5198
5198
5198
5198
5198
5198
5198
5198
5198
5198
5198
5197
5197
5198
5198
5198
5198
5198
5198
5198
5198
5198
5198
5198
5198
5198
5198
5198
5198
5198
5198
5198
5198
5198
5198
5198
5198
5198
5198
5198
5198
5198
5198
5198
5198
5198
5198
5198
5198
5198
5198
5198
5198
5198
5198
5198
5198
5198
5198
5198
5198
5198
5198
5198
5198
5198
5198
5198
5198
5198
5198
5198
5198
5198
5198
5198
5198
5198
5198
5198
5198
5198
5198
5198
5198
5198
5198
5198
5198
5198
5198
5197
5197
5197
5197
5197
5197
5197
5197
5197
5197
5197
5197
5197
5197
5198
5198
5198
5198
5198
5198
5198
5198
5198
5198
5198
5198
5198
5198
5198
5198
5198
5198
5198
5198
5198
5198
5198
5198
5198
5198
5198
5198
5198
5198
5198
5198
5197
5197
5198
5198
5198
5198
5198
5198
5198
5198
5198
5198
5197
5196
5196
5196
5196
5196
5196
5196
5196
5196
5196
5196
5196
5196
5196
5196
5197
5196
5196
5197
5197
5197
5197
5197
5197
5197
5197
5197
5197
5197
5197
5197
5197
5197
5197
5197
5197
5197
5197
5197
5197
5197
5197
5197
5197
5198
5198
5198
5198
5198
5198
5198
5198
5198
5198
5198
5198
5198
5198
5198
5198
5198
5198
5198
5198
5198
5198
5198
5198
5198
5198
5198
5198
5198
5198
5198
5198
5198
5198
5198
5198
5198
5198
5198
5198
5198
5198
5198
5198
5198
5198
5198
5198
5198
5198
5198
5198
5198
5198
5198
5198
5198
5198
5198
5198
5198
5198
5198
5198
5198
5198
5197
5197
5197
5197
5197
5197
5197
5197
5197
5197
5197
5197
5197
5197
5197
5197
5198
5198
5198
5198
5198
5198
5198
5198
5198
5198
5198
5198
5198
5198
5198
5198
5198
5198
5198
5198
5198
5198
5198
5198
5198
5198
5198
5198
5198
5198
5198
5198
5198
5198
5198
5198
5198
5198
5198
5198
5198
5198
5198
5198
5198
5198
5198
5198
5198
5198
5198
5198
5198
5198
5198
5198
5198
5198
5198
5198
5198
5198
5197
5197
5197
5197
5197
5197
5197
5197
5197
5197
5197
5197
5197
5197
5197
5197
5197
5197
5197
5197
5197
5198
5198
5198
5198
5198
5198
5198
5198
5198
5198
5198
5198
5198
5198
5198
5198
5198
5198
5198
5198
5198
5198
5198
5198
5198
5198
5197
5197
5197
5197
5198
5198
5198
5198
5198
5198
5198
5198
5198
5198
5198
5198
5198
5198
5198
5198
5198
5198
5198
5198
5198
5198
5198
5198
5198
5198
5198
5198
5198
5198
5198
5198
5198
5198
5198
5198
5198
5198
5198
5198
5198
5198
5198
5198
5197
5197
5197
5197
5197
5197
5197
5197
5197
5197
5197
5198
5198
5198
5198
5198
5198
5198
5198
5198
5198
5198
5198
5198
5198
5198
5197
5197
5197
5197
5198
5198
5198
5198
5198
5198
5198
5198
5198
5198
5198
5198
5198
5198
5197
5197
5197
5197
5197
5197
5197
5197
5197
5197
5197
5197
5197
5197
5197
5197
5197
5198
5198
5198
5198
5198
5198
5198
5198
5198
5198
5198
5198
5198
5198
5198
5198
5198
5198
5198
5198
5198
5198
5197
5197
5197
5197
5197
5197
5197
5197
5198
5198
5198
5198
5198
5198
5198
5198
5198
5198
5198
5198
5198
5198
5198
5198
5198
5198
5198
5198
5198
5198
5198
5198
5198
5198
5198
5198
5197
5197
5197
5197
5197
5197
5197
5197
5197
5197
5197
5197
5197
5197
5197
5197
5197
5197
5197
5197
5197
5198
5198
5198
5198
5198
5198
5198
5198
5198
5198
5198
5198
5198
5198
5198
5198
5198
5198
5198
5198
5198
5198
5198
5198
5198
5198
5198
5198
5198
5198
5198
5198
5198
5198
5198
5198
5198
5198
5198
5198
5198
5198
5198
5198
5198
5198
5198
5198
5198
5198
5197
5197
5197
5197
5197
5197
5197
5197
5197
5197
5197
5198
5198
5198
5198
5198
5198
5198
5198
5198
5198
5198
5198
5198
5198
5198
5198
5198
5198
5198
5198
5198
5198
5198
5198
5198
5198
5198
5198
5198
5198
5198
5198
5198
5198
5198
5198
5198
5198
5198
5198
5198
5198
5198
5198
5198
5198
5198
5198
5198
5198
5198
5198
5198
5198
5198
5198
5198
5198
5198
5198
5198
5198
5198
5198
5198
5198
5198
5198
5198
5198
5198
5198
5198
5198
5198
5198
5198
5198
5198
5198
5198
5198
5198
5198
5198
5198
5198
5198
5198
5198
5198
5198
5198
5198
5198
5198
5198
5198
5198
5198
5198
5198
5198
5198
5198
5198
5198
5198
5198
5198
5198
5198
5198
5198
5198
5198
5198
5198
5198
5198
5198
5198
5198
5198
5198
5198
5198
5198
5198
5198
5198
5198
5198
5198
5198
5198
5198
5198
5198
5198
5198
5198
5198
5198
5198
5198
5198
5198
5198
5198
5198
5198
5198
5198
5198
5198
5198
5198
5198
5198
5198
5198
5198
5198
5198
5198
5198
5198
5198
5198
5198
5198
5197
5197
5197
5197
5197
5197
5197
5197
5197
5197
5197
5197
5197
5197
5197
5197
5197
5197
5197
5198
5198
5198
5198
5198
5198
5198
5198
5198
5198
5198
5198
5198
5198
5198
5198
5198
5198
5198
5198
5198
5198
5198
5198
5198
5198
5198
5198
5198
5198
5198
5198
5198
5198
5198
5198
5198
5198
5198
5198
5198
5198
5198
5198
5198
5198
5198
5198
5198
5198
5197
5197
5197
5197
5197
5197
5197
5197
5197
5197
5197
5197
5197
5197
5197
5197
5197
5197
5197
5197
5197
5197
5198
5198
5198
5198
5198
5198
5198
5198
5198
5198
5198
5198
5198
5198
5198
5198
5198
5198
5198
5198
5198
5198
5198
5198
5198
5198
5198
5198
5198
5198
5198
5198
5198
5198
5197
5197
5198
5198
5198
5198
5198
5198
5198
5198
5198
5198
5198
5198
5198
5198
5198
5198
5198
5198
5198
5198
5198
5198
5198
5198
5198
5198
5198
5198
5198
5198
5198
5198
5198
5198
5198
5198
5198
5198
5198
5198
5198
5198
5198
5198
5198
5198
5198
5198
5198
5198
5198
5198
5198
5198
5198
5198
5198
5198
5198
5198
5198
5198
5198
5198
5198
5198
5198
5198
5198
5198
5198
5198
5198
5198
5198
5198
5198
5198
5198
5198
5198
5198
5198
5198
5198
5198
5198
5198
5198
5198
5198
5198
5198
5198
5198
5198
5198
5198
5198
5198
5198
5198
5198
5198
5198
5198
5198
5198
5198
5198
5198
5198
5198
5198
5198
5198
5198
5198
5198
5198
5198
5198
5198
5198
5198
5198
5198
5198
5198
5198
5198
5198
5198
5198
5198
5198
5198
5198
5198
5198
5198
5198
5198
5198
5198
5198
5198
5198
5198
5198
5198
5198
5198
5198
5198
5198
5198
5198
5198
5198
5198
5198
5198
5198
5198
5198
5198
5198
5198
5198
5198
5198
5198
5198
5198
5198
5198
5198
5198
5198
5198
5198
5198
5198
5198
5198
5198
5198
5198
5198
5198
5198
5198
5198
5198
5198
5198
5198
5198
5198
5198
5198
5198
5198
5198
5198
5198
5198
5198
5198
5198
5198
5198
5198
5198
5198
5198
5198
5198
5198
5198
5198
5198
5198
5198
5198
5198
5198
5198
5198
5198
5198
5198
5198
5198
5198
5198
5198
5198
5198
5198
5198
5198
5198
5198
5198
5198
5198
5198
5198
5198
5198
5198
5198
5198
5198
5198
5198
5198
5198
5198
5198
5198
5198
5198
5198
5198
5198
5198
5198
5198
5198
5198
5198
5198
5198
5198
5198
5198
5198
5198
5198
5198
5198
5198
5198
5198
5198
5198
5198
5198
5198
5198
5198
5198
5198
5198
5198
5198
5198
5198
5198
5198
5198
5198
5198
5198
5198
5198
5198
5198
5198
5198
5198
5198
5198
5198
