3427
3586
3831
3317
3072
3120
3072
3072
2828
2927
2927
2954
3065
2438
1896
2140
2682
2438
2486
2731
2189
2586
2587
2476
2856
2856
2967
2587
2592
2195
2196
2196
2169
2413
3040
3420
3176
3077
2697
2724
2823
2823
3203
3447
3446
3419
3419
3933
3960
4258
4257
4258
4800
4420
4800
4689
4689
4287
4287
4188
4299
4299
3961
3802
3802
4140
4141
3897
3897
3897
3652
3647
3620
3779
4024
4123
3743
3987
3987
3986
3986
3987
3986
3987
3473
3037
2792
2494
2156
2108
2505
2504
2345
2345
2747
3183
3342
3369
3342
3587
3967
3967
3722
4236
4574
4872
4436
4436
4277
4325
3928
3880
3253
3142
3143
3142
3147
2823
2818
2866
2867
2872
3117
3112
3112
3111
3508
3508
3832
3833
3833
3833
3589
4025
3926
3878
3878
3554
3174
3222
3546
3149
3529
3640
3884
3883
3910
3909
3909
4306
4465
4465
4029
3918
3870
3328
3083
3328
3328
3328
3333
3444
3444
3439
3037
3038
3038
2658
2499
2658
2657
3059
3064
3064
3064
3037
3136
3136
3572
3327
3327
3083
3328
3329
3329
3230
3474
3469
3568
3230
3257
3262
3263
2866
2866
2914
2913
2814
2569
2966
2966
2939
2939
3038
2927
3038
2641
2636
2312
2068
2020
2417
2020
2264
2269
2025
2567
2456
3083
3083
3407
3787
4125
4125
4125
4124
4172
3874
3985
3986
3986
3986
3472
3424
3424
3423
3450
3847
3895
3896
3494
3489
3488
3488
3329
3302
3816
4218
4219
4219
4224
3822
3774
3260
3308
2766
2428
2673
2673
2917
2912
2801
2801
2753
2429
2429
2767
2370
2397
2556
2556
2854
2854
3256
3255
3579
3580
3585
3585
3696
3260
3016
3016
3016
3452
3849
4363
4363
4252
4252
4363
4264
3940
4264
3750
3745
3407
2780
3322
3421
3041
3040
2929
3040
3040
2929
3040
3040
2498
2101
2101
1990
1891
2002
2340
2340
2340
2229
2771
2526
2367
2881
3508
3667
3668
3641
4021
4022
4022
4021
3723
3822
3827
3425
3426
3453
2939
3050
3050
2939
3237
3348
2968
3213
3212
3614
3369
3210
2808
2808
2697
2155
2552
2552
2453
2155
2557
2557
3071
3369
3369
3369
3369
3370
3032
3276
3521
3516
3002
2600
2605
2764
2812
2812
2376
2714
3228
3228
3228
3327
3326
3278
2940
2781
2782
3120
3522
3633
3335
3308
3307
3687
4123
4123
4421
4963
4625
4620
4620
4620
3993
3669
3267
3266
3293
3182
2938
2558
2938
3565
3613
3233
2836
2809
2511
2809
2710
2710
2710
2737
3139
2894
3274
3247
3585
3590
3835
3994
3656
3683
4080
3683
3683
3927
4324
3922
3677
3678
3677
3280
3280
3280
3682
3683
3782
4027
3625
2998
2993
2748
3072
3072
3071
2529
2529
2530
2482
2593
2592
2565
2454
2455
2454
2996
3044
3671
3671
3671
3291
3132
2618
1991
2236
2633
2660
2362
2660
2660
2660
3287
2851
2824
2580
2581
2581
2581
2581
2582
2581
2581
2581
3095
3095
3339
2712
3092
2712
2664
2665
2776
2776
2935
2934
2934
2935
2637
2637
2240
1726
1567
1566
1566
1614
1614
1614
2011
2391
3018
3018
3019
2908
3019
2908
2584
2583
2484
2484
2886
2489
2787
2787
2792
2951
3275
3374
3888
3888
3888
3840
3516
3218
3245
3245
3218
3245
3569
3680
3680
3680
4018
3680
3978
3351
3252
3351
3106
3107
3504
3842
4469
4468
3954
4199
4198
4198
4712
4685
4685
4440
4341
4341
4341
4230
3850
4095
3693
3449
3497
3100
2558
2657
2684
2525
2011
2122
2519
2519
2514
2514
2515
3057
3030
2732
2684
2585
2340
2585
2585
2633
2633
2660
2336
2772
2724
2697
2796
2795
2822
2822
2870
2771
2776
3020
3534
3534
3534
3534
3534
3633
3792
4090
4090
4042
4042
3943
3943
4267
4268
3726
3699
4241
3844
3943
3942
3942
3943
3991
4388
4143
4138
4383
4383
4763
4762
4326
4326
4082
4484
4484
4511
4187
4192
3650
3491
3815
4251
4140
3816
3478
3479
3479
3817
3816
3414
3116
3089
3333
3328
3280
3280
3281
3329
2893
2892
2512
2539
2863
2349
2729
3165
3324
3324
3726
3481
3482
3434
3482
3482
3780
3344
3100
3642
3643
3345
3344
3858
3456
3457
3133
3034
3033
3032
3276
2938
3276
3387
3049
3001
3339
3637
3123
3124
3526
3531
3372
3345
3859
3858
3858
4017
4018
4066
3524
3523
3364
3364
2962
2962
2962
3364
3359
3115
2488
2924
2522
2411
2411
2411
2416
2958
2958
3203
3302
3254
2818
2819
3255
3255
3254
3281
3276
3276
3276
3276
3903
3467
3087
2988
3312
3714
3715
3716
3827
3826
3826
3826
3831
3830
3878
3878
3580
3575
3464
3563
3564
3564
3944
3944
3606
3717
3203
3203
3639
3237
3237
3639
3638
3539
3877
3878
3633
3606
3850
3850
3448
3337
2901
2563
2563
2808
2760
2761
2760
2760
2516
2564
2563
2563
2662
2662
2663
2690
2690
2642
2615
2516
2516
2517
2517
2517
2565
2967
3066
3225
3225
3563
3568
3679
3299
2902
2902
3282
2944
3380
3407
3407
3359
3756
3354
3652
3652
3651
3989
3989
3989
3665
4067
4040
4284
4279
4279
4306
3968
3857
3858
3461
3460
3216
3216
3215
3216
3540
3513
3851
3899
3899
3575
3195
3195
2857
3237
3561
3125
3522
3527
3554
3395
3390
3390
3342
3342
3097
3097
3097
3342
3453
3129
3018
3129
3130
2832
2733
2733
2733
3057
3216
3554
3602
4038
4552
4504
4802
4801
4774
4615
4615
4504
4663
4662
4662
4667
4153
4153
4180
3553
3255
3010
3058
3572
3572
3572
3192
3033
2695
2939
3277
3436
3437
3437
3437
3536
3536
3536
3536
3536
3536
3509
3509
3754
3753
4380
4381
4222
3978
4089
4089
4116
4089
3978
3879
3978
4005
3681
3840
3404
3404
3305
3305
2908
3019
3343
3442
3437
3834
3510
2968
2857
2856
2861
3159
3160
3160
3484
3484
3485
3485
3485
2971
3407
3407
3407
2780
2732
3359
3873
3873
3868
4112
4112
4085
4465
4220
4465
4470
4172
4470
3843
3744
3744
4286
4334
4961
4961
4961
4559
4400
4400
4156
4315
4315
4017
3620
3620
3461
3460
3571
3598
3162
3157
2615
3157
3455
3454
3455
3891
4288
4288
4288
4532
4533
4485
4485
4584
3957
3560
3560
3461
3560
3957
4359
4248
3706
3309
3357
3357
3033
2934
2933
2689
3231
2986
3310
3309
3468
3441
3446
3446
3446
3447
3447
3446
3447
3447
3692
3354
3354
3981
4225
4622
4622
4623
4109
4109
4208
4208
4235
4076
4076
3534
3645
3804
3368
3804
3480
3818
4332
4327
4228
3890
3989
4313
4154
4043
4016
4558
4717
4744
4744
4696
4696
4182
4155
3758
3758
3659
3659
3659
3279
3120
3120
3120
3517
3616
3996
4510
4510
4848
4510
4537
4536
4874
4360
4333
4332
4380
3944
3646
3266
3267
3267
3022
3022
3320
3479
3479
3141
3577
4091
3549
3450
3450
3053
3005
3547
3927
3927
3927
3927
3927
3300
2786
2627
2632
2252
2251
2252
2590
2689
3316
3427
3586
3150
3039
3039
3553
3553
3394
3394
3394
3774
3675
3702
3801
3912
3801
3259
3801
3800
3848
4007
3627
3738
3336
3772
3772
4174
4174
4174
3930
3930
3771
3771
3771
3771
3771
3766
3766
3925
3925
3814
3715
4112
4117
4118
4113
4493
4493
4737
4578
4334
4339
4291
3855
3850
3850
3849
4285
3905
3905
4150
3826
3827
4151
3906
3907
3471
3519
3221
3657
3657
3662
3661
3613
3613
3857
4102
4101
4101
4260
4640
4635
4640
4641
4396
4395
4395
4390
3993
3669
3780
3879
3880
3880
3880
4277
4250
3736
3300
3327
3375
3131
3020
3020
3019
3264
3264
3165
3165
3276
2938
3276
3276
3277
3575
3416
3930
3819
3930
3930
3930
4366
4371
4615
4615
4939
4425
4425
4045
4044
4039
4138
4138
4138
4039
3928
3630
3306
2909
2910
2666
2990
2990
2991
3388
3393
3069
3168
3167
3326
3278
3278
3522
3517
3897
3902
3875
3630
3292
3293
3617
4131
3751
3862
3862
3861
4199
3875
3876
3479
3479
2937
3317
3312
3311
3338
3337
3337
2999
2972
2972
3369
3369
3707
4031
4036
4334
4334
4876
4877
4441
4686
4348
4189
4625
4624
3997
3992
3668
3992
3992
3992
3997
3997
3997
3886
3934
3935
3836
3400
3738
3738
3837
3837
3832
3452
3832
3587
3614
3566
3571
3571
3571
3572
3192
2948
2948
2947
2609
2609
3045
3045
3290
3291
3286
2850
2823
2822
2823
2822
3258
3885
3886
3891
3646
3249
3360
3359
3386
3724
4121
4121
4501
4501
4474
4474
4469
4474
4474
4474
4474
4474
4474
4501
4474
4474
4375
4375
4264
3966
4125
4224
4223
3885
3885
3885
3912
3532
3532
3433
3544
3924
3924
3925
3766
4010
4255
4255
4255
4255
4255
4011
4349
4349
4104
4099
4147
4099
4099
4099
4100
3698
3156
2759
3161
3050
3049
3591
3564
3564
3591
3591
3591
3590
3591
3639
3639
3884
3482
3780
3781
3880
4124
4124
4123
4122
4074
3736
3438
3194
3194
3596
3596
3644
3888
3789
3789
3789
3544
3545
3545
3545
3790
3901
3901
3900
3656
3656
3656
4053
4005
4010
3574
3733
3622
3622
3733
4071
4071
4369
3742
4369
4258
4013
4013
4013
3689
3662
3265
3266
3377
3377
3404
3801
4125
4125
4125
4125
4125
4125
3966
3961
3581
3826
3826
3826
3826
4262
4310
3908
3908
4007
4012
3615
3615
3859
3521
3522
3474
3474
3474
3474
3854
3854
3849
3897
3849
4251
4589
4478
4589
4562
4562
4610
5007
5007
4683
4584
4583
4583
4907
4569
4245
4404
4007
4034
4034
4034
3632
3632
4034
4034
4034
4035
4432
4035
4359
4115
4067
4311
3769
3610
3709
3708
3708
3708
3708
4105
4105
4110
4448
4448
4068
4116
4116
3489
4116
4116
4116
4005
4005
4004
3759
3759
3754
3755
3754
3913
3913
4293
4245
4146
4119
3739
3740
3745
3309
3310
3852
3608
3607
3607
3607
3606
3606
3633
3744
4180
3778
4023
4267
4267
4240
3996
4376
4131
3793
3788
4190
3793
3794
3392
3730
3730
3571
3571
3571
3571
3598
3599
3598
3842
3847
4249
4249
4249
4250
3952
4111
4111
4084
4132
4231
4226
3982
4379
4624
4300
4327
4327
4168
3830
3731
3731
3731
3730
3333
3333
3088
3088
3088
3088
2652
2897
2902
3299
3637
3637
3637
3632
3930
3903
3930
3930
3528
3528
3930
3930
3882
3882
3882
3882
3930
3930
3528
3528
3014
2903
3339
3291
3291
3615
3615
3615
3614
3614
3725
3725
3726
3726
3774
3663
3663
3663
3036
3035
3035
3035
3036
3037
2657
2333
2492
2872
3499
3610
3615
3615
3615
3614
3503
3503
3503
3503
3614
3613
3233
3233
3635
3959
3959
3959
3960
3960
4059
4059
4303
4683
5197
4817
4493
4493
4817
4790
4785
4785
4785
4785
4784
4784
4784
5164
4826
5164
5164
5164
5165
5165
4841
4840
4460
4487
4488
4488
4488
4052
4052
4052
4052
4052
4004
4004
4005
4005
4005
3906
3905
3910
3883
3883
3772
3883
3982
3982
4362
4362
4361
4409
4409
4409
3782
3782
3402
3402
3397
3238
3238
3238
3243
3144
3144
3144
3145
3244
3239
3619
3508
3508
3667
3125
3561
3885
3886
3886
3562
3317
3269
3269
3896
3896
3896
4438
4438
4437
4442
4687
4687
4686
4587
4587
4686
5010
5010
5010
5011
5059
4761
4761
4761
4761
4761
4788
4629
4384
4336
4336
4336
3956
4254
4254
4249
3813
3489
3490
3814
3814
3787
3835
3835
3946
3544
3549
3929
3387
3387
3382
3382
3784
3784
3784
3783
3783
3783
3735
3736
3735
3735
4277
4436
4437
4464
4464
3950
3950
3998
3998
4243
4242
4242
4678
4567
4678
4678
4281
4280
4280
4253
4253
4009
4009
4036
4036
4036
4037
3792
4037
3926
3926
4323
4328
3892
3865
3865
3567
3567
3678
3922
3295
3290
3290
3290
3290
3726
3678
3678
3976
3981
3981
3822
3817
3816
3816
3975
3975
3637
3685
3686
3441
3441
3441
4068
3744
3744
3342
3342
3666
3665
3617
4019
4019
3908
3908
4422
4423
4428
4673
4574
4574
4622
4622
4622
4225
4220
4319
4657
4657
4558
4220
3896
3995
4392
4392
4094
4094
4418
4038
4038
4038
3939
3944
4055
4050
4348
4348
4189
4288
4288
4288
3990
3891
3891
4271
4271
4271
4370
4375
4370
4708
4166
4167
4167
3922
3922
3921
3921
4463
4463
4464
4464
4464
4464
4464
4464
4464
4464
4762
4762
4762
4762
4762
4762
4761
4761
4760
4516
4517
4193
4193
4192
4193
4437
4596
4485
4485
4486
4486
4486
4486
4106
4106
4430
4435
4815
4815
4815
5060
5060
5012
5011
5011
5011
5011
5122
5122
5122
5122
5117
5117
5117
4779
4481
4819
4846
4735
5033
5032
4694
4694
4694
4694
4535
4873
4873
4493
4493
4541
4217
4217
4218
4218
4218
4218
4191
4191
4218
4218
4218
4218
4218
4217
4217
4218
4218
4218
3704
3704
3704
4028
4187
4188
4188
4188
4187
4187
4187
4187
4187
3942
3947
3947
3948
3943
4457
4457
4456
4836
4836
4835
4840
4840
4841
4682
4358
4358
4353
4353
4254
4254
4253
4254
3857
4102
4499
4500
4500
4452
4500
4500
4500
4162
3760
4098
4103
4103
4102
4101
4101
4101
4101
4101
4053
4212
4212
4614
4938
5037
4410
4410
4410
4521
4522
4522
4522
4522
4522
4495
4495
4495
4495
4496
4496
4397
4396
4396
4396
5023
5023
5023
5023
4685
4684
4732
4759
4759
4759
4759
4435
4387
4486
4327
4327
4375
4327
4486
4810
4711
4711
4711
4711
4711
4711
4711
4600
4600
4600
4601
4601
4357
4357
4468
4467
4467
4308
4308
4281
4440
4281
4282
4526
4864
4864
4864
4237
4236
4236
4236
4335
3997
3992
3748
3748
3775
3775
3775
3823
3828
3828
3828
4455
4157
4157
4152
4104
4104
4442
4601
4490
4491
4464
4305
4305
4310
4310
4305
3791
3791
4089
4094
4089
3765
3813
3813
3813
3813
4057
3958
3958
3958
3958
3958
3985
3985
3985
4144
4149
4149
4101
4101
4101
4200
4200
4173
4687
4798
4793
4793
4793
4793
4793
4798
4798
4825
4825
4825
4580
4580
4580
4580
4038
4038
4037
4037
3793
3495
3496
3497
3497
3497
3497
4039
4034
4034
3407
3731
3779
3779
3779
3784
4028
4028
4028
3980
3980
3980
3980
3980
4028
4028
4028
3869
3869
4114
3790
3679
4003
4002
4629
4740
4713
4614
4614
4614
4614
4614
4614
4566
4725
4725
4725
4724
4724
4288
4315
4315
4315
4315
4315
4363
4363
4364
4463
4463
4463
4464
4459
4135
4433
4433
4433
4406
4406
4406
4406
4406
4406
4406
4411
4300
4300
4300
4300
4300
3786
3897
3897
3849
3897
3798
3798
3798
3793
3793
3892
3892
3892
3892
3892
3891
3891
3918
4242
3997
3997
3997
3998
3998
3998
4434
4434
4434
4434
4433
4432
4677
4275
4275
4276
4275
4275
4275
4276
4277
4277
4679
4679
4679
4679
4679
4679
4520
4520
5034
5034
5034
4923
4923
4923
4923
4923
4923
4923
5034
5033
4695
4695
4695
4695
4695
4695
4854
4827
4582
4609
4610
4610
4610
4610
4610
4610
4610
4610
4610
4948
4953
4905
4905
4905
4905
4905
4905
4905
4363
4264
4264
4264
4509
4509
4509
4508
4508
4508
4508
4508
4556
4529
4628
4580
4580
4580
4580
4580
4580
4481
4476
4475
4475
4523
4523
4523
4524
4524
4524
4279
4279
4279
4279
4279
4279
4278
4167
4168
4195
4306
4306
4306
4311
4410
4952
4947
4947
4947
4948
4948
4948
4948
4948
4948
4948
4948
4551
4551
4551
4551
4551
4556
4014
4014
4014
4411
4410
4383
4284
4383
4383
4383
4335
4877
4877
5122
4877
4766
4766
4766
4761
5006
4907
4907
4907
4907
4907
4907
4907
4907
4569
4569
4569
4569
4569
4569
4569
4569
4055
4055
4060
4159
4159
4160
4159
4159
4497
5011
5010
4574
4574
4574
4574
4569
5005
5032
4873
4873
4873
4873
4878
4878
4878
4878
4851
4851
4851
4852
5011
5038
5038
5038
5038
5038
5033
5033
4934
4935
5046
5051
5051
5051
5099
5099
5099
5099
5099
5098
5098
5098
5098
4987
4987
4987
4987
4987
4585
4585
4585
4585
4584
4584
4986
4986
4959
4959
5058
5058
5058
5058
5058
5085
5085
5085
5085
5085
5086
5085
5085
5085
4986
4959
4959
4959
4959
4959
4960
4960
5059
4960
4801
4753
4753
4780
4753
4754
4374
4374
4374
4422
4802
4801
4801
4801
4900
4900
4900
4801
4801
4801
4900
4899
4899
5058
5058
5169
5196
4799
4799
4640
4316
4316
4316
4316
4311
4316
4316
4316
4316
4316
4316
4217
4217
4217
4217
4217
4217
4541
3914
3914
3914
3914
3914
3909
3909
3910
4069
4069
4466
4465
4465
4470
4470
4443
5070
4668
4695
4695
4397
4397
4397
4397
4397
4370
4365
4663
4663
4663
4663
4365
4370
4370
4370
4365
4464
4464
4464
4464
4464
4762
5164
4840
4840
4840
4840
4840
4845
4845
4845
4845
4846
4846
5170
5170
5169
5169
5164
5165
5165
5166
5007
5007
4959
4959
4959
5007
5007
4709
4610
4610
4610
4769
4768
4524
4524
4822
4498
4339
4339
4339
4498
4497
4596
4596
4596
4840
4840
4840
4840
4438
4439
4439
4841
4841
4841
4841
4742
4583
4583
4583
4907
4907
4907
4906
4933
4934
4934
4935
4935
4611
4610
4610
4934
4886
4886
4886
4886
4886
4885
4984
4587
4587
4984
4985
4985
4985
5144
5144
5144
5144
5144
5144
5144
5143
4984
4984
4984
4984
4984
4984
4984
4985
4984
5143
5143
5032
5033
5033
5033
5032
5032
5005
4707
4707
4708
5006
5007
4848
5007
5007
5007
5055
5055
5055
5055
5007
5007
5118
5118
4873
4873
4873
4873
4873
4873
4873
4873
4872
4872
4872
4873
4535
4535
4534
4534
4534
4534
4534
4872
4872
4872
4872
4872
4872
4872
4872
4872
4920
4920
4920
4920
4920
4920
4925
4925
4952
4614
4587
4587
4587
4587
4587
4588
4489
4588
4588
4588
4615
4615
4615
4860
4424
4325
4761
4761
4761
4761
5099
5099
5099
5094
5094
5094
5094
5193
5193
5193
5193
5166
5166
5166
5165
5165
5165
5165
5165
5165
5165
5165
5165
5165
5165
5165
5170
5170
5011
5011
5011
5011
5038
5038
5038
5038
4990
4990
4990
4990
5038
5038
5038
5011
4766
5011
5011
5011
5006
5007
5007
4959
5007
5007
5007
5007
5006
5006
5006
5006
5006
5006
5006
5006
5006
5006
5006
5006
5033
5033
5034
5034
5034
5034
5039
5039
5039
5039
5039
5039
5039
5039
4991
4991
4990
4891
4891
4864
4864
4467
4566
4566
4566
4566
4566
4561
4561
4561
4561
4561
4561
4561
4588
4588
4250
4249
4222
4223
4271
4668
4620
4620
4620
4620
4620
4958
4859
5018
5018
5018
5018
5018
5117
5144
5192
5191
5191
5191
5191
5192
5192
5192
5165
5192
5192
5192
5192
5192
5165
5166
4769
4768
4768
4768
4669
4669
4669
4696
4697
4702
4702
4702
5099
5099
4988
4987
4939
4780
4828
4392
4387
4388
4388
4361
4361
4361
4797
4797
4802
4913
4913
4913
4913
4913
4908
4913
4940
4940
4940
4939
4939
4939
4939
4939
4939
4939
4828
4927
4927
4927
4682
4682
4682
4682
4927
4927
4629
4629
4788
4899
4899
4899
5197
5197
5197
5196
5197
5197
5197
5197
5086
5059
5059
5059
5059
5054
5054
5054
4955
4955
4955
4955
4955
4955
4955
4956
4956
4956
4955
4955
4955
4955
4982
4982
4982
4983
4935
5046
5046
5046
5046
5019
5019
5018
5018
5018
5117
5144
4806
4806
4806
4806
4805
4805
4805
4805
4806
4806
4806
4806
5144
5143
5143
4984
4984
4984
5143
5143
5143
5143
4845
4845
4845
4845
4734
4734
4734
4635
4636
4609
4609
4720
4720
4747
4747
4846
4846
4846
4894
4570
4570
4570
4570
4570
4894
5192
5165
5165
5165
5165
5164
5116
5116
5116
5143
5143
5032
5005
5116
5116
5116
5116
5116
4871
4871
4871
4871
4871
4872
4872
4872
4871
4760
4760
4760
4760
4765
4792
4792
4792
4787
4792
4792
4787
4787
4898
4898
4898
4899
4900
4900
4900
4900
4900
4899
4899
4899
4899
4899
4899
4899
4899
4740
4740
4740
4740
4739
4739
4739
4739
4640
4640
4640
4688
4688
4689
4689
4689
4688
4688
4847
4847
4847
4847
4847
4799
4799
4898
4898
4898
4871
4871
4871
4871
4871
4871
4876
4876
4876
4877
4877
4877
4877
4877
4877
4876
4876
4924
4924
5169
5169
5169
5169
5169
5169
5010
5010
5010
5037
5037
5037
5037
5037
4989
4989
4989
4592
4592
4593
4593
4593
4593
4641
4530
4530
4530
4431
4590
4590
4590
4431
4426
4426
4425
4425
4425
4426
4525
4524
4524
4525
4525
4526
4427
4427
4432
4432
4427
4427
4427
4526
4526
4526
4526
4526
4685
4685
4347
4347
4347
4049
4049
4048
4047
4047
4345
4345
4345
4345
4742
4747
4747
4747
4747
4747
4720
4720
4831
4831
4831
4832
4832
4832
4832
4859
4859
4859
4859
4859
4748
4721
4832
4832
4833
4833
4833
4833
4734
4733
4733
4733
4728
4728
4728
4680
4680
4680
4707
4806
4806
4806
4806
4854
4854
4806
4807
4807
4807
4807
4807
4807
4807
4855
4855
4744
4342
4342
4342
4342
4342
4243
4243
4243
4243
4342
4342
4243
4243
4243
4354
4195
4195
4194
4596
4569
4569
4569
4458
4459
4570
4570
4570
4570
4569
4907
4907
4907
4907
4859
4859
4859
4886
4985
4985
4986
5145
5145
5145
4900
4900
4899
5144
5144
5144
5144
5144
5192
5191
5191
5191
5191
5191
5196
5196
5196
5191
5196
5196
5196
5169
5169
5169
5169
5164
5191
5191
5092
5092
5092
4981
4982
4982
4982
4982
4982
4934
4934
4934
5033
5033
4788
4788
4899
4899
4899
4899
4904
4904
4904
4904
4899
4904
4502
4502
4502
4502
4501
4501
4501
4390
4363
4364
4364
4609
4610
4609
4609
4609
4609
4610
4609
5011
5011
5038
5039
5034
5034
5034
5034
5033
5034
5145
5145
5145
5145
5145
5046
5145
5144
5192
5192
5144
5144
5192
5192
5192
5191
5191
5192
5192
5192
5144
5144
5144
5144
5144
4985
4985
4985
4985
4985
4985
4874
4847
4847
4874
4985
4985
4985
4985
4958
4958
4958
4958
4958
5006
5006
5006
5006
5165
5192
5192
5192
5193
5193
5094
5094
5094
5094
5067
5067
5067
5094
5094
5094
5094
5094
5094
5094
4770
4770
4770
4770
4770
4770
5094
5093
5093
5093
5092
5092
5092
5097
5097
5097
5097
5092
5092
5092
5092
5093
4934
5033
5006
5006
5006
5006
5033
5033
5192
5192
5192
5081
5081
5086
5086
4987
4939
4939
4939
4939
4939
4939
4939
4934
4934
4934
4934
4934
5045
5045
5045
5045
5045
5045
5093
5098
5098
5098
4662
4662
4662
4662
4662
5098
5099
5051
5051
5046
4935
5034
5034
5034
5034
5034
5034
5034
5034
5034
5145
5145
5193
5193
5193
5192
5192
5192
5192
5192
5192
5192
5192
5192
5192
5191
5191
5196
5196
5196
4898
4898
4898
4898
4898
4898
4898
4898
4898
4898
4893
4893
4893
4893
4893
4893
4893
4866
4866
4866
4866
4867
4756
4756
4756
4756
4708
4708
4708
5006
5006
5006
5006
5006
5117
5144
5045
5045
5045
5018
5018
5018
5018
5018
5018
5018
5018
5017
5017
5017
5017
5017
5017
5017
5044
5045
5045
5045
5045
5045
5045
5144
5144
5145
5145
5144
5144
5149
5144
5144
5144
5144
5033
4735
4735
4735
4735
4735
4735
4735
4846
4846
4846
4894
4894
4894
4894
4894
4894
4894
4783
4783
4783
4783
4784
4784
4784
4784
4784
4784
4784
4784
4784
4784
4736
4736
4784
4784
4784
4757
4757
4757
4762
4762
4762
4757
4784
4784
4783
4783
4783
5081
5081
5081
5081
5081
5081
5081
4684
4636
4636
4636
4636
4747
4752
4752
4752
4752
4752
5149
5149
5149
5149
5149
5197
5197
5197
5197
4899
4899
4899
4899
4899
4899
4899
4899
4899
4899
4740
5038
5038
5038
5039
5039
5039
5039
5198
5087
5087
5087
5087
5087
5087
5086
5086
4987
4987
4987
4987
4987
5086
5086
5086
5085
5085
5085
5085
5085
5085
5085
5085
5085
5085
5085
5085
5085
5085
5085
5085
5085
5085
5085
5085
5085
5085
5085
5085
5085
5085
5085
5085
5085
5086
5086
5086
5081
5081
5081
5081
5081
5081
5081
5081
5081
5081
5054
5054
5054
5054
5081
5080
5080
5081
5081
5081
5081
5086
5086
5086
5086
5086
5087
5087
5087
5086
5086
5086
5086
5086
5086
5086
5086
5081
5081
5192
5192
5033
5033
5033
5033
5033
5033
5033
5033
5033
5033
5033
5032
5032
5032
5032
5032
5032
5032
5033
5033
5033
5032
5032
5032
5032
5032
5032
5032
5037
5037
5037
5037
5037
5037
5037
5037
5196
5196
5196
5196
5196
5148
5148
5148
5148
5148
5143
5143
5143
5143
5143
5143
5143
5143
5191
5191
5191
5192
5191
5196
5196
5196
5196
5196
5196
5196
5196
5196
5196
5196
5196
5196
5196
5196
5197
5192
5193
5166
5166
5067
4908
4908
4908
4908
5067
5067
5166
5166
5166
5166
5166
5166
4922
4922
4922
4922
4922
4921
5165
5166
5165
5165
5165
5165
5165
5164
5164
5164
5165
5165
5165
5192
5165
5165
5165
5165
5117
5165
5165
5165
5165
5117
5117
5165
5165
5165
5165
5164
5164
5169
5169
5169
5169
5169
5169
5169
5169
5169
5196
5196
5037
5196
5196
5196
5196
5196
5196
5196
5196
5196
5196
5196
5197
5197
5197
5197
5197
5197
5197
5197
5197
5197
5197
5197
5197
5197
5197
5197
5196
5196
5196
5197
5197
5197
5197
5192
5192
5191
5191
5191
5191
5191
5191
5191
5196
5196
5196
5196
5196
5196
5196
5196
5196
5196
5191
5191
5191
5191
5191
5143
5143
5143
5143
5143
5143
5143
5191
5191
5191
5032
5032
5032
5032
5032
5032
5032
5032
5032
5032
5005
5005
5032
5032
4984
4984
4989
4989
4989
4989
4989
5148
5148
5148
5148
5148
5196
5196
5196
5196
5169
5169
5169
5169
5169
5169
5164
5164
5191
5191
5192
5192
5192
5192
5192
5191
5191
5191
5164
5165
5165
5066
4955
4982
4982
4982
4983
4982
4982
4982
4982
4982
4982
4982
4987
4987
4987
4987
5098
5098
5098
5098
5093
5093
5192
5192
5192
5192
5192
5192
5192
5192
5197
5197
5197
5197
5197
5198
5198
5198
5171
5170
5170
5170
5170
5170
5170
5171
5171
5171
5171
5171
5171
5171
5166
5166
5193
5193
5193
5193
5193
5192
5197
5098
5098
5098
5098
5098
5098
5098
5098
5098
5197
5197
5197
5197
5197
5197
5197
5197
5197
5197
5197
5192
5192
5192
5165
5165
5066
5066
5066
5066
5066
5066
5066
5066
5066
5066
5018
5023
5122
5117
5122
5122
5122
5122
5122
5122
5122
5122
5122
5122
5122
5121
5121
5121
5121
5122
5122
5122
5122
5122
5122
5122
5121
5121
5121
5121
5121
5121
5121
5121
4876
4877
4877
4877
4904
4904
4904
4904
4904
4877
4877
4877
4877
4877
4877
4877
4877
4877
4718
4718
4619
4619
4864
4864
4864
4864
4891
4891
4886
4891
4891
4891
4890
4891
4892
4940
4939
4939
4939
4939
5098
5093
5093
5093
5093
5093
5093
5098
5098
5098
5098
5098
5098
5098
5098
5093
5093
5093
5093
5093
5192
5165
5165
5165
5165
5165
5165
5165
5165
5165
5165
5170
5170
5170
5165
5165
5165
5165
5165
5165
5165
5165
5165
5192
5192
5192
5192
5192
5192
5192
5192
5192
5191
5191
5143
5143
5143
5143
5143
5143
5144
5144
5144
5192
5192
5192
5192
5192
5192
5192
5192
5192
5192
5192
5192
5192
5192
5193
5193
5193
5193
5198
5198
5198
5198
5198
5198
5087
5087
5087
5087
5087
5087
5086
5086
5086
5038
5038
5038
5038
5038
5149
5149
5197
5197
5198
5197
5197
5197
5197
5197
5197
5197
5192
5081
5033
5034
5033
5033
5081
5081
5081
5081
5081
5081
5081
5081
5086
5086
5086
5086
5086
5086
5086
5197
5197
5197
5197
5197
5197
5197
5197
5197
5197
5197
5197
5192
5192
5192
5192
5192
5192
5192
5192
5192
5192
5192
5192
5192
5192
5193
5192
5192
5192
5192
5192
5197
5197
5197
5197
5197
5197
5197
5197
5197
5196
5196
5197
5197
5197
5192
5192
5192
5193
5193
5193
5193
5193
5193
5193
5193
5193
5193
5193
5193
5193
5193
5193
5193
5193
5192
5192
5193
5193
5193
5193
5193
5193
5193
5193
5192
5192
5192
5192
5192
5192
5193
5198
5197
5197
5197
5197
5197
5197
5197
5197
5197
5197
5197
5197
5197
5197
5197
5197
5197
5197
5197
5197
5149
5149
5149
5149
5149
5148
5148
5148
5148
5148
5148
5148
5148
5148
5148
5148
5148
5148
5148
5148
5149
5149
5149
5149
5149
5197
5197
5197
5197
5197
5197
5197
5196
5196
5196
5169
5169
5169
5169
5169
5169
5169
5169
5169
5164
5165
5165
5166
5166
5166
5166
5166
5166
5166
5166
5166
5166
5166
5165
5165
5170
5170
5171
5171
5171
5171
5171
5171
5171
5198
5198
5197
5197
5197
5197
5098
5098
5098
5098
5098
5098
5098
5098
5098
5197
5192
5192
5192
5192
5192
5165
5165
5165
5165
5165
5170
5197
5197
5197
5197
5198
5198
5198
5198
5198
5198
5171
5171
5171
5170
5197
5197
5197
5197
5192
5192
5192
5192
5192
5192
5192
5192
5192
5192
5192
5191
5191
5192
5144
5144
5144
5144
5144
5144
5144
5144
5144
5143
5143
5143
5143
5143
5143
5143
5191
5191
5191
5191
5196
5196
5196
5196
5196
5197
5197
5149
5149
5149
5197
5198
5198
5198
5198
5198
5198
5087
5087
5060
5055
5055
5055
5082
5082
5055
5055
5055
5055
5055
5054
5054
5054
5054
5053
5080
5080
5085
5085
5085
5085
5085
5085
5085
5085
5085
5085
5085
5085
5085
5085
5085
5085
5085
5086
5086
5086
5086
5085
5085
5085
5196
5196
5196
5196
5196
5196
5196
5196
5196
5196
5196
5191
5191
5191
5164
5164
5164
5164
5164
5164
5164
5164
5164
5191
5191
5191
5196
5196
5196
5196
5196
5196
5196
5196
5148
5148
5148
5148
5148
5148
5148
5149
5149
5149
5149
5149
5150
5150
5150
5150
5150
5149
5149
5149
5149
5197
5197
5197
5197
5197
5197
5197
5197
5192
5192
5192
5192
5144
5144
5143
5143
5143
5143
5143
5144
5144
5143
5143
5143
5143
5143
5143
5143
5143
5148
5148
5148
5149
5144
5144
5192
5192
5093
5093
5093
5093
5093
5093
5094
5094
5094
5094
5193
5198
5198
5198
5198
5198
5150
5150
5198
5198
5198
5171
5171
5170
5170
5170
5170
5170
5170
5170
5170
5170
5170
5169
5169
5169
5169
5170
5170
5170
5171
5171
5171
5171
5166
5166
5166
5166
5166
5166
5166
5166
5166
5166
5166
5166
5166
5067
5067
5067
5067
5067
5067
5094
5094
5099
5099
5099
5099
5099
5099
5099
5099
5099
5099
5094
5094
5093
5093
5093
5093
5093
5093
5092
5093
5093
5093
5093
5093
5093
5093
5093
5093
5093
5093
5093
5093
5093
5093
5093
5093
5093
5093
5093
5093
5098
5098
5071
5071
5071
5071
5098
5099
5099
5099
5099
5099
5099
5099
5099
5099
5099
5099
5099
5099
5099
5099
5099
5072
5072
5072
5072
5072
5072
5072
5072
5072
5072
5171
5171
5198
5198
5198
5198
5198
5198
5198
5198
5198
5198
5198
5198
5099
5099
5099
5099
5072
5171
5170
5170
5170
5171
5166
5166
5166
5166
5166
5166
5166
5166
5166
5166
5166
5166
5166
5166
5166
5166
5166
5166
5166
5166
5166
5165
5165
5164
5164
5164
5164
5164
5164
5164
5191
5192
5192
5192
5192
5192
5192
5197
5197
5197
5197
5197
5197
5197
5197
5197
5196
5197
5196
5196
5197
5197
5197
5197
5197
5197
5197
5197
5197
5197
5197
5197
5197
5197
5197
5197
5197
5197
5198
5198
5198
5198
5198
5198
5198
5198
5198
5197
5197
5198
5198
5198
5198
5198
5197
5197
5197
5197
5197
5197
5197
5197
5197
5197
5197
5192
5192
5192
5192
5192
5192
5192
5192
5193
5193
5193
5193
5193
5193
5193
5192
5192
5191
5191
5191
5191
5196
5148
5148
5148
5148
5148
5149
5149
5149
5149
5149
5149
5144
5144
5144
5144
5144
5144
5144
5144
5144
5144
5144
5144
5144
5144
5144
5144
5144
5192
5192
5192
5192
5192
5191
5191
5191
5191
5191
5191
5191
5191
5191
5191
5191
5191
5191
5191
5191
5192
5192
5165
5164
5169
5164
5164
5164
5164
5164
5164
5164
5164
5164
5165
5165
5165
5166
5166
5166
5171
5171
5170
5197
5197
5196
5196
5196
5196
5196
5196
5196
5191
5192
5192
5192
5192
5192
5192
5197
5197
5197
5197
5197
5198
5198
5198
5198
5198
5198
5198
5198
5198
5197
5197
5197
5197
5197
5170
5170
5169
5169
5169
5169
5169
5169
5169
5169
5169
5196
5196
5196
5196
5196
5196
5196
5197
5197
5198
5198
5198
5198
5197
5196
5169
5169
5170
5170
5170
5170
5171
5171
5171
5171
5171
5171
5166
5166
5166
5166
5166
5166
5166
5166
5165
5165
5170
5170
5170
5170
5170
5170
5170
5170
5170
5169
5170
5170
5170
5170
5171
5171
5171
5171
5171
5171
5171
5171
5171
5171
5166
5166
5166
5166
5166
5166
5166
5166
5166
5166
5165
5192
5192
5191
5191
5191
5191
5191
5196
5196
5196
5196
5196
5196
5196
5196
5148
5148
5143
5143
5143
5143
5143
5143
5116
5116
5143
5143
5143
5143
5143
5116
5116
5116
5117
5117
5165
5165
5165
5165
5165
5170
5170
5170
5171
5171
5171
5170
5170
5170
5170
5170
5170
5169
5169
5169
5164
5164
5165
5170
5170
5170
5197
5192
5192
5192
5191
5191
5191
5191
5192
5192
5192
5192
5192
5192
5192
5192
5192
5192
5192
5192
5192
5192
5192
5192
5191
5196
5196
5196
5196
5196
5196
5196
5169
5169
5164
5164
5164
5164
5169
5169
5169
5169
5169
5169
5169
5169
5170
5170
5170
5170
5170
5165
5165
5165
5164
5164
5164
5164
5164
5165
5165
5165
5165
5165
5117
5117
5117
5117
5122
5122
5170
5170
5170
5170
5170
5170
5170
5170
5170
5170
5170
5170
5170
5197
5197
5192
5197
5197
5198
5198
5198
5198
5198
5198
5171
5171
5170
5170
5170
5170
5197
5197
5197
5196
5196
5196
5196
5196
5196
5148
5148
5148
5148
5148
5148
5148
5148
5143
5191
5191
5191
5191
5191
5191
5191
5191
5191
5191
5191
5192
5192
5192
5191
5191
5164
5164
5164
5164
5165
5165
5165
5165
5164
5164
5169
5169
5169
5170
5197
5197
5197
5197
5197
5197
5197
5197
5197
5197
5197
5197
5197
5197
5197
5197
5198
5197
5197
5197
5197
5197
5197
5197
5197
5197
5197
5197
5197
5197
5197
5197
5197
5197
5197
5197
5197
5198
5198
5198
5198
5197
5197
5197
5170
5170
5169
5169
5196
5196
5196
5196
5197
5197
5197
5197
5197
5197
5197
5197
5197
5197
5197
5197
5197
5196
5196
5196
5196
5196
5196
5196
5196
5196
5191
5191
5191
5191
5191
5191
5191
5191
5191
5191
5191
5191
5191
5191
5191
5191
5192
5193
5192
5192
5192
5192
5192
5192
5192
5192
5192
5191
5191
5191
5192
5192
5192
5197
5197
5197
5197
5197
5197
5197
5197
5198
5198
5198
5193
5193
5193
5193
5193
5193
5193
5193
5193
5193
5198
5198
5198
5198
5198
5198
5198
5197
5197
5197
5197
5197
5197
5197
5197
5197
5197
5197
5197
5197
5197
5197
5192
5192
5192
5192
5192
5192
5192
5192
5191
5092
5092
5092
5093
5093
5093
5093
5093
5093
5093
5093
5093
5093
5093
5092
5093
5192
5192
5192
5192
5192
5192
5192
5165
5165
5170
5170
5170
5170
5170
5170
5197
5197
5197
5197
5192
5192
5192
5192
5192
5192
5193
5193
5193
5193
5193
5193
5193
5193
5193
5192
5192
5192
5192
5192
5192
5192
5192
5192
5192
5192
5192
5192
5192
5165
5165
5165
5165
5192
5191
5191
5191
5191
5191
5191
5191
5191
5191
5191
5191
5191
5191
5191
5191
5191
5191
5191
5191
5191
5191
5191
5191
5191
5192
5192
5192
5165
5165
5165
5165
5165
5165
5165
5165
5170
5170
5170
5170
5170
5170
5170
5170
5171
5171
5171
5171
5171
5171
5171
5171
5171
5171
5171
5171
5171
5171
5171
5171
5171
5171
5171
5171
5171
5171
5171
5170
5170
5170
5170
5165
5165
5165
5165
5192
5192
5192
5192
5197
5196
5196
5196
5197
5197
5197
5196
5196
5197
5197
5197
5197
5197
5197
5197
5196
5196
5196
5196
5196
5197
5197
5197
5197
5197
5197
5197
5192
5192
5192
5192
5192
5192
5192
5192
5192
5192
5192
5192
5192
5192
5192
5192
5192
5192
5192
5192
5192
5192
5197
5197
5197
5197
5197
5197
5197
5197
5197
5197
5197
5197
5197
5197
5197
5198
5198
5198
5198
5198
5197
5197
5197
5192
5192
5192
5192
5192
5197
5197
5197
5197
5197
5197
5197
5197
5197
5197
5192
5192
5192
5193
5198
5198
5198
5198
5198
5198
5171
5171
5171
5170
5197
5197
5197
5197
5197
5197
5197
5197
5197
5197
5197
5192
5192
5192
5192
5192
5192
5192
5193
5193
5193
5193
5198
5198
5193
5193
5193
5193
5193
5193
5193
5193
5193
5193
5193
5193
5193
5193
5193
5193
5193
5198
5198
5198
5198
5171
5171
5170
5170
5197
5197
5197
5197
5197
5197
5197
5197
5197
5198
5198
5198
5198
5198
5198
5198
5198
5197
5197
5197
5197
5197
5197
5192
5192
5192
5192
5193
5193
5193
5193
5193
5193
5193
5193
5192
5192
5192
5192
5191
5191
5191
5191
5191
5192
5192
5192
5192
5192
5192
5192
5192
5192
5192
5191
5191
5191
5191
5191
5191
5191
5196
5196
5196
5196
5196
5196
5196
5196
5196
5196
5196
5196
5196
5196
5196
5196
5196
5196
5191
5191
5191
5191
5191
5191
5191
5192
5192
5192
5192
5192
5191
5191
5191
5191
5191
5191
5192
5192
5192
5192
5191
5191
5192
5192
5192
5192
5197
5197
5197
5197
5197
5197
5197
5197
5192
5192
5192
5192
5191
5192
5192
5192
5192
5191
5191
5191
5191
5192
5192
5192
5192
5192
5192
5192
5192
5192
5192
5193
5193
5193
5193
5193
5193
5193
5193
5193
5193
5193
5193
5193
5193
5193
5193
5193
5193
5193
5193
5193
5193
5192
5192
5192
5192
5192
5192
5192
5192
5197
5197
5197
5197
5197
5197
5197
5197
5197
5197
5197
5197
5192
5192
5192
5197
5197
5197
5197
5197
5197
5197
5197
5197
5197
5197
5197
5197
5197
5197
5197
5197
5197
5192
5192
5192
5192
5197
5197
5198
5198
5198
5198
5198
5198
5198
5193
5193
5193
5198
5198
5198
5198
5198
5198
5197
5197
5197
5196
5196
5197
5196
5196
5196
5196
5197
5197
5197
5197
5197
5197
5197
5192
5192
5193
5193
5193
5193
5193
5193
5193
5193
5193
5193
5193
5193
5193
5193
5193
5193
5193
5193
5193
5193
5193
5193
5193
5193
5193
5193
5193
5193
5193
5193
5193
5193
5193
5193
5193
5193
5193
5193
5193
5193
5193
5193
5193
5192
5192
5192
5192
5192
5192
5192
5192
5192
5192
5191
5191
5191
5191
5191
5191
5164
5164
5164
5164
5164
5164
5164
5164
5169
5169
5169
5169
5169
5169
5170
5170
5169
5169
5169
5196
5196
5196
5196
5191
5191
5191
5191
5191
5191
5191
5191
5191
5191
5191
5191
5191
5191
5191
5191
5191
5192
5192
5192
5192
5192
5192
5192
5192
5192
5192
5192
5192
5192
5192
5192
5192
5197
5197
5197
5197
5197
5197
5197
5197
5197
5197
5197
5197
5197
5197
5197
5197
5197
5197
5197
5192
5192
5192
5192
5192
5193
5193
5193
5193
5193
5193
5193
5193
5193
5192
5192
5192
5192
5192
5192
5192
5192
5192
5192
5192
5192
5192
5192
5192
5192
5192
5192
5192
5192
5191
5191
5191
5191
5191
5191
5191
5191
5191
5191
5191
5191
5191
5191
5191
5191
5191
5191
5191
5191
5196
5196
5196
5196
5196
5196
5196
5169
5169
5169
5169
5169
5169
5169
5169
5169
5169
5169
5169
5170
5170
5170
5170
5170
5170
5170
5171
5171
5171
5171
5171
5171
5170
5197
5197
5197
5197
5197
5198
5198
5198
5198
5198
5198
5198
5193
5193
5193
5193
5193
5193
5193
5193
5192
5192
5192
5192
5192
5192
5192
5192
5197
5197
5197
5197
5198
5198
5198
5197
5197
5197
5197
5197
5197
5197
5197
5197
5196
5196
5196
5196
5197
5197
5197
5197
5197
5197
5197
5197
5197
5197
5197
5197
5197
5196
5196
5196
5191
5191
5191
5191
5191
5191
5191
5191
5191
5191
5191
5191
5191
5191
5191
5192
5192
5192
5192
5192
5192
5192
5192
5192
5192
5192
5192
5192
5192
5191
5191
5196
5196
5196
5196
5196
5196
5196
5196
5196
5196
5196
5196
5196
5197
5197
5197
5197
5197
5197
5197
5197
5197
5197
5197
5192
5192
5192
5191
5191
5191
5191
5191
5191
5196
5196
5196
5196
5196
5196
5197
5196
5196
5196
5196
5197
5197
5197
5197
5197
5197
5197
5197
5197
5197
5197
5197
5197
5196
5196
5196
5196
5196
5196
5196
5197
5197
5197
5197
5197
5197
5197
5197
5196
5196
5196
5197
5197
5197
5197
5197
5197
5197
5197
5197
5197
5197
5197
5197
5196
5196
5196
5196
5196
5196
5196
5196
5196
5196
5196
5196
5196
5196
5196
5196
5196
5196
5196
5196
5196
5196
5196
5197
5197
5197
5197
5197
5197
5197
5197
5197
5197
5197
5197
5197
5197
5197
5197
5197
5197
5197
5197
5197
5197
5197
5197
5197
5197
5197
5197
5197
5197
5196
5196
5197
5197
5197
5197
5197
5197
5197
5197
5197
5197
5197
5197
5197
5197
5197
5197
5197
5197
5197
5198
5193
5193
5193
5193
5193
5193
5193
5192
5192
5191
5191
5191
5191
5191
5191
5191
5192
5192
5192
5192
5192
5192
5192
5192
5192
5192
5192
5192
5192
5192
5192
5192
5192
5192
5192
5192
5192
5192
5192
5192
5192
5192
5192
5192
5192
5192
5192
5192
5197
5197
5197
5197
5197
5197
5198
5198
5198
5198
5198
5193
5193
5192
5192
5192
5193
5192
5192
5192
5192
5192
5193
5193
5193
5193
5193
5193
5193
5193
5192
5192
5192
5192
5192
5192
5193
5192
5192
5192
5192
5192
5197
5197
5197
5198
5198
5198
5198
5198
5198
5198
5198
5198
5198
5193
5193
5193
5193
5193
5193
5193
5193
5193
5193
5193
5193
5192
5192
5192
5197
5197
5197
5197
5197
5197
5198
5198
5198
5198
5198
5198
5198
5197
5196
5196
5196
5196
5196
5196
5196
5196
5196
5197
5197
5197
5198
5198
5197
5197
5197
5192
5192
5192
5192
5192
5192
5192
5192
5197
5197
5197
5197
5197
5197
5197
5197
5198
5198
5198
5198
5198
5198
5198
5198
5197
5197
5197
5197
5197
5197
5197
5197
5197
5197
5197
5197
5197
5192
5192
5192
5192
5192
5192
5192
5192
5192
5192
5192
5192
5192
5197
5197
5197
5197
5197
5197
5197
5192
5192
5192
5192
5192
5192
5192
5192
5192
5192
5191
5191
5191
5191
5191
5191
5191
5191
5191
5191
5191
5192
5192
5192
5192
5193
5193
5193
5193
5193
5193
5193
5193
5193
5193
5193
5193
5192
5192
5192
5192
5192
5193
5193
5193
5193
5193
5193
5193
5193
5193
5192
5192
5192
5191
5191
5191
5191
5192
5192
5192
5191
5191
5191
5192
5192
5192
5192
5191
5191
5191
5191
5191
5191
5196
5196
5196
5196
5196
5196
5197
5197
5197
5197
5197
5197
5197
5197
5197
5197
5197
5197
5197
5197
5198
5198
5198
5198
5198
5198
5198
5198
5197
5197
5197
5197
5197
5196
5196
5196
5196
5196
5196
5196
5196
5196
5196
5196
5196
5197
5197
5197
5197
5197
5197
5197
5197
5197
5197
5197
5197
5197
5197
5196
5196
5196
5196
5196
5196
5196
5197
5196
5196
5197
5197
5197
5197
5197
5196
5196
5196
5197
5197
5197
5197
5197
5197
5197
5197
5197
5197
5197
5197
5197
5197
5198
5198
5198
5198
5198
5198
5198
5198
5198
5198
5198
5198
5198
5198
5198
5198
5198
5198
5198
5198
5198
5198
5198
5198
5198
5198
5198
5198
5198
5198
5198
5198
5198
5197
5197
5197
5198
5198
5198
5198
5198
5198
5198
5198
5198
5193
5193
5193
5193
5193
5193
5193
5193
5193
5193
5192
5192
5192
5197
5197
5197
5197
5197
5197
5197
5198
5197
5197
5192
5192
5192
5192
5197
5197
5197
5197
5197
5197
5197
5197
5197
5192
5192
5192
5192
5193
5192
5192
5191
5191
5191
5191
5191
5191
5191
5191
5191
5192
5192
5192
5192
5192
5197
5197
5198
5193
5193
5193
5192
5193
5193
5193
5198
5198
5198
5198
5198
5198
5198
5198
5198
5198
5198
5193
5193
5193
5193
5193
5193
5193
5193
5193
5198
5198
5198
5198
5197
5197
5197
5197
5197
5197
5197
5196
5196
5196
5196
5196
5196
5196
5196
5196
5196
5196
5196
5197
5197
5197
5197
5197
5197
5197
5197
5197
5197
5192
5192
5192
5192
5192
5192
5192
5192
5192
5192
5192
5192
5193
5193
5193
5193
5193
5193
5193
5193
5198
5198
5198
5198
5198
5198
5198
5197
5197
5197
5197
5197
5197
5197
5197
5197
5197
5197
5197
5197
5197
5197
5197
5197
5197
5197
5197
5197
5197
5192
5191
5192
5197
5197
5197
5197
5197
5197
5198
5198
5198
5198
5198
5198
5198
5198
5198
5197
5197
5197
5197
5197
5197
5197
5197
5197
5197
5197
5197
5197
5197
5197
5197
5197
5197
5197
5198
5198
5198
5198
5198
5198
5198
5198
5198
5198
5198
5198
5198
5198
5198
5198
5198
5198
5198
5197
5197
5196
5196
5196
5196
5196
5196
5196
5196
5197
5197
5197
5197
5197
5197
5197
5197
5197
5197
5197
5197
5197
5197
5197
5197
5198
5198
5198
5198
5198
5198
5198
5198
5198
5198
5198
5198
5198
5198
5198
5198
5198
5198
5198
5198
5198
5198
5198
5198
5198
5198
5198
5198
5198
5198
5198
5198
5198
5198
5198
5193
5193
5193
5193
5193
5193
5192
5192
5192
5192
5192
5192
5192
5192
5193
5193
5193
5193
5193
5193
5193
5193
5193
5193
5193
5193
5193
5193
5193
5198
5198
5198
5198
5198
5198
5197
5197
5197
5197
5197
5197
5197
5197
5197
5197
5197
5197
5197
5198
5198
5198
5198
5198
5198
5198
5198
5198
5198
5198
5198
5198
5198
5198
5198
5198
5198
5198
5193
5193
5193
5193
5198
5198
5198
5198
5198
5198
5198
5198
5198
5197
5197
5197
5197
5197
5197
5197
5197
5197
5197
5197
5197
5197
5197
5197
5197
5197
5197
5197
5197
5198
5198
5193
5198
5198
5198
5198
5198
5198
5198
5198
5198
5198
5198
5198
5198
5198
5198
5198
5198
5198
5198
5193
5193
5198
5198
5198
5198
5198
5198
5198
5198
5197
5196
5196
5197
5197
5197
5197
5197
5196
5196
5196
5196
5196
5196
5196
5196
5196
5196
5196
5196
5196
5196
5196
5196
5196
5196
5196
5196
5196
5196
5196
5196
5196
5196
5196
5196
5196
5197
5197
5197
5197
5197
5198
5198
5198
5198
5198
5198
5198
5198
5198
5198
5198
5198
5198
5198
5198
5198
5198
5198
5198
5198
5198
5198
5198
5198
5197
5197
5197
5197
5197
5197
5197
5197
5197
5196
5197
5197
5198
5198
5198
5198
5197
5197
5197
5197
5197
5197
5197
5197
5197
5197
5197
5197
5197
5197
5197
5197
5197
5198
5198
5198
5198
5198
5198
5197
5197
5197
5197
5198
5198
5198
5198
5198
5198
5197
5197
5197
5197
5197
5198
5198
5198
5198
5198
5198
5198
5198
5198
5198
5198
5198
5198
5198
5197
5197
5197
5197
5197
5197
5197
5197
5197
5197
5197
5197
5196
5196
5196
5196
5196
5196
5196
5196
5196
5196
5196
5196
5196
5196
5196
5196
5196
5196
5196
5196
5196
5196
5196
5196
5196
5196
5196
5196
5196
5196
5196
5196
5196
5196
5196
5196
5196
5196
5197
5197
5197
5197
5197
5198
5198
5198
5198
5197
5197
5197
5197
5197
5197
5197
5197
5197
5197
5197
5197
5197
5197
5197
5197
5197
5197
5197
5197
5197
5197
5192
5192
5192
5192
5192
5192
5192
5192
5192
5192
5197
5197
5197
5197
5197
5197
5197
5197
5197
5197
5197
5197
5198
5198
5198
5198
5198
5198
5198
5198
5198
5198
5198
5198
5198
5198
5198
5198
5198
5198
5198
5198
5198
5198
5198
5198
5198
5198
5198
5198
5198
5197
5197
5197
5197
5197
5197
5197
5197
5197
5197
5197
5197
5197
5197
5197
5197
5197
5197
5197
5197
5197
5197
5197
5197
5197
5197
5197
5197
5197
5196
5196
5196
5196
5196
5196
5196
5196
5197
5197
5197
5197
5197
5197
5197
5197
5197
5197
5197
5197
5197
5197
5197
5197
5197
5197
5197
5197
5197
5197
5198
5198
5198
5197
5197
5197
5197
5197
5196
5196
5196
5196
5196
5196
5196
5196
5196
5196
5197
5197
5197
5197
5197
5197
5197
5197
5197
5197
5197
5197
5197
5197
5197
5197
5197
5197
5196
5196
5196
5196
5196
5197
5197
5197
5197
5197
5197
5197
5197
5197
5197
5197
5196
5196
5196
5196
5196
5196
5197
5197
5197
5197
5197
5198
5198
5198
5197
5197
5197
5197
5197
5197
5196
5196
5196
5196
5196
5196
5196
5196
5197
5197
5197
5197
5197
5198
5198
5198
5198
5198
5198
5198
5198
5198
5198
5198
5198
5198
5198
5198
5198
5198
5198
5198
5198
5198
5198
5193
5193
5193
5193
5192
5192
5191
5192
5192
5192
5192
5193
5193
5193
5193
5193
5198
5198
5198
5198
5198
5198
5198
5198
5198
5198
5198
5198
5198
5198
5198
5198
5198
5198
5198
5198
5198
5198
5198
5198
5198
5198
5198
5198
5198
5198
5198
5198
5198
5198
5198
5198
5198
5198
5198
5198
5198
5198
5197
5197
5197
5197
5196
5197
5197
5197
5197
5198
5198
5198
5198
5198
5198
5198
5198
5198
5198
5198
5198
5198
5198
5198
5198
5198
5198
5198
5198
5197
5197
5197
5197
5197
5197
5197
5197
5197
5197
5197
5197
5197
5197
5197
5197
5198
5197
5197
5197
5197
5197
5197
5197
5197
5197
5197
5198
5198
5198
5197
5197
5197
5197
5197
5197
5197
5197
5197
5197
5197
5197
5196
5196
5196
5196
5196
5196
5196
5196
5196
5196
5196
5196
5196
5196
5196
5196
5196
5196
5197
5197
5197
5197
5197
5197
5197
5197
5197
5197
5197
5197
5197
5197
5197
5196
5196
5196
5196
5196
5197
5197
5197
5197
5197
5197
5197
5197
5197
5197
5197
5197
5197
5197
5197
5197
5197
5197
5197
5197
5197
5197
5197
5197
5197
5197
5197
5197
5197
5197
5198
5198
5198
5198
5198
5198
5198
5198
5197
5197
5198
5198
5198
5198
5198
5198
5198
5198
5198
5198
5198
5198
5198
5198
5198
5198
5198
5198
5198
5198
5198
5198
5198
5197
5197
5197
5197
5197
5197
5198
5198
5198
5198
5198
5198
5198
5197
5197
5197
5197
5198
5198
5198
5198
5198
5198
5198
5198
5198
5198
5198
5198
5198
5198
5198
5198
5198
5198
5198
5198
5198
5198
5198
5198
5198
5198
5198
5198
5198
5198
5198
5198
5198
5198
5198
5198
5198
5198
5198
5198
5198
5198
5198
5198
5198
5197
5197
5197
5197
5197
5197
5197
5197
5197
5197
5197
5198
5198
5198
5198
5198
5198
5198
5198
5198
5198
5198
5198
5198
5198
5198
5198
5198
5198
5198
5198
5198
5198
5198
5198
5198
5198
5198
5198
5197
5197
5197
5197
5197
5196
5196
5196
5196
5197
5197
5197
5197
5197
5197
5197
5197
5197
5198
5198
5198
5198
5198
5198
5198
5198
5198
5197
5197
5197
5196
5196
5196
5196
5196
5196
5196
5196
5196
5196
5196
5196
5196
5196
5196
5196
5196
5196
5196
5196
5196
5196
5196
5196
5196
5196
5196
5196
5196
5196
5196
5191
5191
5191
5196
5197
5197
5197
5197
5197
5197
5197
5197
5196
5196
5196
5196
5196
5196
5196
5196
5196
5196
5196
5196
5196
5196
5196
5196
5197
5197
5197
5197
5197
5197
5198
5198
5198
5197
5197
5197
5197
5197
5197
5197
5197
5197
5197
5197
5197
5197
5197
5197
5196
5196
5196
5196
5196
5196
5196
5196
5196
5196
5196
5197
5197
5197
5197
5197
5197
5197
5196
5196
5196
5196
5196
5196
5196
5196
5196
5196
5196
5196
5196
5196
5196
5196
5196
5196
5196
5196
5196
5196
5197
5197
5197
5197
5196
5196
5196
5197
5197
5197
5197
5197
5197
5197
5197
5197
5197
5197
5197
5197
5197
5197
5197
5197
5197
5197
5197
5197
5197
5197
5198
5197
5197
5197
5197
5197
5197
5197
5197
5197
5197
5197
5197
5197
5197
5197
5197
5197
5197
5197
5197
5197
5197
5197
5197
5197
5197
5197
5197
5198
5198
5198
5198
5198
5198
5198
5198
5198
5197
5197
5197
5198
5198
5198
5198
5198
5198
5198
5198
5198
5198
5198
5198
5198
5198
5198
5198
5198
5198
5198
5198
5198
5198
5198
5198
5198
5198
5198
5197
5197
5197
5197
5197
5197
5197
5197
5197
5197
5197
5197
5197
5197
5197
5197
5197
5192
5192
5192
5192
5192
5192
5192
5192
5192
5192
5192
5192
5193
5193
5193
5193
5193
5193
5193
5193
5193
5193
5193
5193
5198
5198
5198
5198
5198
5198
5198
5197
5197
5197
5197
5197
5197
5197
5197
5196
5197
5197
5197
5197
5197
5197
5197
5197
5197
5197
5197
5197
5196
5196
5196
5197
5197
5197
5197
5197
5197
5197
5197
5197
5197
5197
5197
5197
5198
5198
5197
5197
5197
5197
5197
5197
5197
5197
5197
5197
5197
5197
5192
5192
5197
5197
5197
5197
5198
5198
5198
5198
5198
5198
5198
5198
5198
5198
5198
5198
5198
5198
5198
5198
5198
5198
5198
5198
5198
5198
5198
5198
5198
5198
5198
5198
5198
5198
5198
5198
5198
5198
5198
5198
5198
5198
5198
5198
5198
5198
5198
5198
5198
5198
5198
5198
5198
5198
5198
5197
5197
5197
5197
5197
5197
5197
5197
5197
5197
5197
5197
5197
5197
5197
5197
5197
5197
5198
5198
5198
5198
5197
5197
5197
5197
5197
5197
5197
5197
5197
5198
5198
5197
5196
5197
5198
5198
5198
5198
5197
5197
5197
5197
5197
5197
5197
5197
5197
5196
5196
5196
5196
5197
5197
5197
5197
5197
5197
5197
5197
5197
5197
5197
5197
5197
5197
5197
5197
5197
5197
5197
5198
5198
5198
5198
5197
5197
5197
5197
5197
5197
5197
5197
5197
5197
5197
5197
5197
5197
5197
5197
5197
5197
5197
5197
5197
5197
5196
5197
5197
5197
5197
5197
5197
5197
5197
5197
5197
5197
5197
5197
5196
5196
5196
5196
5196
5196
5196
5196
5196
5196
5197
5197
5197
5196
5196
5196
5197
5197
5197
5197
5197
5198
5198
5198
5198
5198
5198
5198
5198
5198
5198
5198
5198
5198
5198
5198
5198
5198
5198
5198
5198
5198
5198
5198
5198
5198
5198
5198
5198
5198
5197
5197
5198
5198
5198
5198
5198
5198
5198
5198
5198
5198
5198
5198
5198
5198
5198
5197
5197
5197
5197
5197
5197
5197
5197
5197
5197
5197
5197
5197
5197
5198
5198
5198
5198
5198
5198
5198
5198
5198
5198
5198
5198
5198
5198
5198
5198
5198
5198
5198
5198
5198
5198
5198
5198
5198
5198
5198
5198
5198
5198
5198
5198
5198
5198
5198
5198
5198
5198
5198
5198
5198
5197
5197
5197
5197
5197
5197
5197
5197
5197
5197
5197
5197
5197
5197
5197
5197
5197
5197
5197
5197
5197
5197
5197
5197
5197
5197
5197
5197
5197
5197
5197
5197
5197
5197
5197
5198
5198
5198
5198
5198
5197
5197
5198
5198
5198
5198
5198
5198
5198
5198
5198
5197
5197
5197
5197
5197
5197
5197
5197
5197
5197
5197
5197
5197
5197
5198
5198
5198
5198
5198
5198
5198
5198
5198
5198
5198
5198
5198
5198
5198
5198
5198
5198
5198
5197
5197
5197
5197
5197
5197
5197
5197
5197
5198
5198
5198
5198
5198
5198
5198
5198
5198
5198
5198
5198
5197
5198
5197
5197
5197
5197
5197
5197
5197
5197
5197
5197
5197
5197
5197
5197
5197
5197
5196
5196
5196
5196
5197
5198
5198
5198
5198
5197
5197
5197
5197
5197
5197
5197
5197
5197
5197
5197
5197
5197
5197
5197
5197
5197
5197
5197
5197
5197
5197
5197
5197
5197
5197
5197
5197
5197
5197
5197
5197
5197
5197
5197
5197
5197
5197
5197
5197
5197
5197
5197
5197
5197
5198
5198
5197
5197
5197
5197
5197
5198
5198
5198
5198
5198
5198
5198
5198
5198
5198
5198
5197
5197
5197
5197
5197
5197
5197
5197
5197
5197
5197
5197
5197
5197
5197
5197
5197
5197
5197
5197
5197
5197
5198
5198
5198
5198
5198
5198
5198
5198
5198
5198
5198
5198
5198
5198
5198
5198
5198
5198
5198
5198
5198
5198
5198
5198
5197
5197
5197
5197
5197
5197
5197
5197
5197
5197
5197
5197
5198
5198
5198
5198
5198
5198
5198
5198
5198
5198
5198
5198
5198
5198
5198
5198
5198
5198
5198
5198
5198
5198
5198
5198
5198
5198
5198
5198
5198
5198
5198
5198
5198
5198
5198
5198
5198
5197
5197
5197
5198
5198
5198
5198
5198
5198
5198
5198
5198
5198
5198
5198
5198
5198
5198
5198
5198
5198
5198
5198
5198
5197
5197
5197
5197
5197
5197
5197
5197
5197
5197
5197
5197
5197
5197
5197
5197
5197
5198
5198
5198
5198
5198
5198
5198
5198
5198
5198
5198
5198
5198
5198
5198
5198
5198
5198
5198
5198
5197
5197
5197
5197
5197
5197
5197
5197
5197
5197
5197
5197
5197
5197
5197
5197
5197
5197
5197
5197
5197
5197
5197
5197
5197
5197
5197
5197
5197
5197
5197
5197
5197
5197
5198
5198
5198
5198
5198
5198
5198
5198
5198
5198
5198
5198
5198
5198
5198
5198
5198
5198
5198
5198
5198
5198
5197
5197
5197
5197
5197
5197
5197
5197
5197
5197
5197
5197
5197
5197
5197
5197
5196
5197
5198
5198
5198
5198
5198
5198
5198
5198
5198
5198
5198
5198
5198
5198
5198
5198
5198
5198
5198
5198
5198
5198
5197
5197
5197
5197
5198
5198
5198
5198
5198
5198
5198
5198
5198
5198
5198
5198
5198
5198
5198
5198
5198
5198
5198
5198
5198
5198
5198
5198
5198
5198
5198
5198
5198
5198
5198
5198
5198
5198
5198
5198
5198
5198
5198
5198
5198
5198
5198
5198
5198
5198
5198
5198
5198
5198
5198
5198
5198
5198
5198
5198
5198
5198
5198
5198
5198
5198
5198
5198
5197
5197
5197
5197
5197
5198
5198
5198
5198
5198
5198
5198
5198
5198
5198
5198
5198
5198
5198
5198
5198
5198
5198
5198
5198
5198
5198
5198
5198
5198
5198
5198
5198
5198
5198
5198
5198
5198
5198
5198
5198
5198
5197
5197
5197
5197
5197
5197
5197
5197
5197
5197
5197
5198
5198
5198
5198
5198
5198
5198
5198
5198
5198
5198
5198
5198
5198
5198
5198
5198
5198
5198
5198
5198
5198
5198
5198
5198
5198
5198
5198
5198
5198
5198
5198
5198
5198
5198
5198
5198
5198
5198
5198
5198
5198
5198
5198
5198
5198
5198
5198
5198
5198
5198
5198
5198
5198
5198
5198
5198
5198
5198
5198
5198
5198
5198
5198
5198
5198
5198
5198
5198
5198
5198
5198
5198
5198
5198
5198
5198
5197
5197
5197
5197
5197
5197
5197
5197
5197
5197
5197
5197
5197
5197
5197
5197
5197
5197
5197
5197
5197
5197
5197
5197
5197
5197
5197
5197
5197
5197
5197
5197
5197
5197
5197
5198
5198
5198
5198
5198
5198
5198
5198
5198
5198
5198
5198
5198
5198
5198
5198
5198
5198
5198
5198
5198
5198
5198
5198
5198
5198
5198
5198
5198
5198
5198
5198
5198
5198
5198
5198
5198
5198
5198
5198
5198
5198
5198
5198
5198
5198
5198
5198
5198
5198
5198
5198
5198
5198
5198
5198
5198
5198
5198
5198
5198
5198
5198
5198
5198
5198
5198
5198
5198
5198
5198
5198
5198
5198
5198
5198
5198
5198
5198
5198
5198
5198
5198
5198
5198
5198
5198
5198
5198
5198
5198
5198
5198
5198
5198
5198
5198
5198
5198
5198
5198
5198
5198
5197
5198
5198
5198
5198
5198
5198
5198
5198
5198
5198
5198
5198
5198
5198
5198
5198
5197
5197
5197
5197
5197
5197
5197
5197
5197
5197
5197
5197
5197
5197
5197
5197
5197
5197
5197
5197
5197
5197
5197
5197
5197
5197
5197
5197
5197
5197
5197
5198
5198
5198
5198
5198
5198
5198
5198
5198
5198
5198
5198
5198
5198
5197
5197
5197
5197
5197
5197
5197
5197
5197
5197
5197
5197
5197
5197
5197
5197
5197
5197
5197
5197
5197
5197
5197
5197
5197
5197
5197
5197
5197
5197
5197
5197
5197
5197
5197
5197
5197
5197
5197
5197
5198
5198
5198
5198
5198
5198
5198
5198
5198
5198
5198
5198
5198
5198
5198
5198
5198
5198
5198
5198
5198
5198
5198
5198
5198
5198
5198
5198
5198
5198
5198
5198
5198
5198
5198
5198
5198
5198
5198
5198
5198
5198
5198
5198
5198
5198
5198
5198
5198
5198
5198
5198
5198
5198
5198
5198
5198
5198
5198
5198
5198
5198
5198
5198
5198
5198
5198
5198
5198
5198
5198
5198
5198
5198
5198
5198
5198
5198
5198
5198
5197
5197
5197
5197
5197
5197
5197
5197
5197
5197
5197
5197
5196
5196
5196
5196
5196
5196
5196
5196
5196
5196
5196
5196
5196
5196
5196
5196
5196
5196
5196
5196
5196
5196
5196
5196
5196
5196
5196
5196
5196
5196
5196
5196
5196
5196
5196
5196
5196
5196
5196
5196
5196
5196
5196
5196
5196
5196
5196
5196
5197
5197
5197
5197
5197
5197
5197
5198
5198
5198
5198
5198
5198
5198
5198
5198
5198
5198
5197
5197
5197
5197
5197
5198
5198
5198
5198
5198
5198
5198
5198
5198
5198
5198
5198
5198
5198
5198
5198
5198
5198
5197
5197
5197
5197
5197
5197
5197
5197
5197
5197
5197
5197
5197
5197
5197
5197
5197
5197
5197
5197
5197
5197
5197
5197
5197
5197
5197
5198
5198
5198
5198
5198
5198
5198
5198
5198
5198
5198
5198
5198
5198
5198
5198
5198
5198
5198
5198
5198
5198
5198
5198
5198
5198
5198
5198
5198
5198
5198
5198
5198
5198
5198
5198
5198
5198
5198
5198
5198
5198
5198
5198
5198
5198
5198
5198
5198
5198
5198
5198
5198
5198
5198
5198
5198
5198
5198
5198
5198
5198
5198
5198
5198
5198
5198
5198
5198
5198
5198
5198
5198
5198
5198
5198
5198
5197
5198
5198
5198
5198
5198
5198
5197
5197
5197
5197
5197
5197
5197
5197
5197
5197
5197
5197
5196
5196
5196
5196
5196
5196
5196
5196
5196
5196
5196
5196
5196
5196
5196
5196
5196
5196
5196
5196
5196
5196
5196
5196
5197
5197
5197
5197
5197
5197
5197
5197
5197
5197
5197
5197
5197
5197
5197
5197
5197
5197
5197
5197
5197
5197
5197
5197
5197
5197
5197
5197
5197
5197
5197
5197
5197
5197
5197
5198
5198
5198
5198
5198
5198
5198
5198
5198
5198
5198
5198
5198
5198
5198
5198
5198
5198
5198
5198
5198
5198
5198
5198
5198
5198
5198
5198
5198
5198
5198
5198
5197
5197
5197
5197
5197
5197
5197
5197
5197
5197
5197
5197
5197
5197
5197
5198
5198
5198
5198
5198
5198
5198
5197
5197
5197
5197
5197
5197
5197
5197
5197
5197
5197
5198
5198
5198
5198
5198
5198
5198
5198
5198
5198
5198
5198
5198
5198
5198
5198
5198
5198
5198
5198
5198
5198
5198
5198
5198
5198
5198
5198
5198
5198
5198
5198
5198
5197
5197
5197
5197
5197
5197
5197
5197
5197
5197
5197
5197
5197
5197
5197
5197
5197
5197
5197
5197
5197
5197
5197
5197
5197
5197
5197
5197
5197
5197
5197
5197
5197
5197
5197
5197
5197
5197
5197
5197
5197
5197
5197
5197
5197
5197
5197
5197
5197
5197
5197
5197
5197
5197
5197
5197
5197
5197
5197
5197
5197
5197
5197
5197
5197
5197
5198
5198
5198
5198
5198
5198
5198
5198
5198
5198
5198
5198
5198
5198
5197
5197
5197
5198
5198
5198
5198
5198
5198
5198
5198
5198
5198
5198
5198
5198
5198
5198
5198
5198
5198
5198
5198
5198
5198
5198
5198
5198
5198
5198
5198
5198
5198
5198
5198
5198
5198
5198
5198
5198
5198
5198
5198
5198
5198
5198
5198
5198
5198
5198
5198
5198
5198
5198
5198
5198
5198
5198
5198
5198
5198
5198
5198
5198
5198
5198
5198
5198
5198
5198
5198
5198
5198
5198
5198
5198
5198
5198
5198
5198
5198
5198
5198
5198
5198
5198
5198
5198
5198
5198
5198
5198
5198
5198
5198
5198
5198
5198
5198
5198
5198
5198
5198
5198
5198
5198
5198
5198
5198
5198
5198
5198
5198
5198
5198
5198
5198
5198
5198
5198
5198
5198
5198
5198
5198
5198
5198
5198
5198
5198
5198
5198
5198
5198
5198
5198
5198
5198
5198
5198
5198
5198
5198
5198
5198
5198
5198
5197
5197
5196
5196
5197
5197
5197
5197
5197
5197
5197
5197
5198
5198
5198
5198
5198
5198
5198
5198
5198
5198
5198
5198
5198
5198
5198
5198
5198
5198
5198
5198
5198
5198
5198
5198
5198
5198
5198
5198
5198
5198
5198
5198
5198
5198
5198
5198
5198
5198
5198
5198
5198
5198
5198
5198
5198
5198
5198
5198
5198
5198
5198
5198
5198
5198
5198
5198
5198
5198
5198
5198
5198
5198
5198
5198
5198
5198
5198
5198
5198
5198
5198
5198
5198
5198
5198
5198
5198
5198
5198
5198
5198
5197
5197
5197
5197
5197
5197
5197
5197
5197
5197
5197
5197
5197
5197
5197
5197
5197
5197
5197
5197
5197
5197
5197
5197
5197
5197
5197
5197
5197
5197
5197
5197
5197
5198
5198
5198
5198
5198
5198
5198
5198
5198
5198
5198
5198
5198
5198
5198
5198
5198
5198
5198
5198
5198
5198
5198
5198
5198
5198
5198
5198
5198
5198
5198
5198
5198
5198
5198
5198
5198
5198
5198
5198
5198
5198
5198
5198
5198
5198
5198
5198
5198
5198
5198
5198
5198
5198
5198
5198
5198
5198
5198
5198
5198
5198
5198
5198
5198
5198
5198
5198
5198
5198
5197
5197
5197
5197
5197
5197
5197
5197
5197
5197
5197
5198
5198
5198
5198
5198
5198
5198
5198
5198
5198
5198
5197
5197
5197
5197
5197
5197
5197
5197
5197
5197
5197
5197
5197
5197
5197
5198
5198
5198
5198
5198
5198
5198
5198
5198
5198
5198
5198
5198
5198
5198
5198
5198
5198
5198
5198
5198
5198
5198
5198
5198
5198
5198
5198
5198
5198
5198
5198
5198
5198
5198
5198
5198
5198
5198
5198
5198
5198
5198
5198
5198
5198
5198
5198
5198
5198
5198
5198
5198
5198
5198
5198
5198
5198
5198
5198
5198
5198
5198
5198
5198
5198
5198
5198
5198
5198
5198
5198
5198
5198
5198
5198
5198
5198
5198
5198
5198
5198
5198
5198
5198
5198
5198
5198
5198
5198
5198
5198
5198
5198
5198
5198
5198
5198
5198
5198
5198
5198
5198
5198
5198
5198
5198
5198
5198
5198
5198
5198
5198
5198
5198
5198
5198
5198
5198
5198
5198
5198
5198
5198
5198
5198
5197
5197
5197
5197
5197
5197
5197
5197
5197
5197
5198
5198
5198
5198
5198
5198
5198
5198
5198
5198
5198
5198
5198
5198
5198
5198
5198
5198
5198
5198
5198
5198
5198
5198
5198
5198
5198
5198
5198
5198
5198
5198
5198
5198
5198
5198
5198
5198
5198
5198
5198
5198
5198
5198
5198
5198
5198
5198
5198
5198
5198
5198
5198
5198
5198
5198
5198
5198
5198
5198
5198
5198
5198
5198
5198
5198
5198
5198
5198
5198
5198
5198
5198
5198
5198
5198
5198
5198
5198
5198
5198
5198
5198
5198
5198
5198
5198
5198
5198
5198
5198
5198
5198
5198
5198
5198
5198
5198
5198
5198
5198
5198
5198
5198
5198
5198
5198
5198
5197
5197
5197
5197
5197
5197
5197
5197
5197
5197
5197
5197
5197
5197
5197
5197
5197
5197
5197
5197
5197
5197
5197
5197
5197
5197
5197
5197
5197
5197
5197
5197
5197
5197
5197
5197
5197
5197
5197
5197
5197
5197
5197
5198
5198
5198
5198
5198
5198
5198
5198
5198
5198
5198
5198
5198
5198
5198
5198
5198
5198
5198
5198
5198
5198
5198
5198
5198
5198
5198
5198
5198
5198
5198
5198
5198
5198
5198
5198
5198
5198
5198
5198
5198
5198
5198
5198
5198
5198
5198
5198
5198
5198
5198
5198
5198
5198
5198
5198
5198
5198
5198
5198
5198
5198
5198
5198
5198
5198
5198
5198
5198
5198
5198
5198
5198
5198
5198
5198
5198
5198
5198
5198
5198
5198
5198
5198
5198
5198
5198
5198
5198
5198
5198
5198
5198
5198
5198
5198
5198
5198
5198
5198
5198
5198
5198
5198
5198
5198
5198
5198
5198
5198
5198
5198
5198
5198
5198
5198
5198
5198
5198
5198
5198
5198
5198
5198
5198
5198
5198
5198
5198
5198
5198
5198
5198
5198
5198
5198
5198
5198
5198
5198
5198
5198
5198
5198
5198
5198
5198
5198
5198
5198
5198
5198
5198
5198
5198
5198
5198
5198
5198
5198
5198
5198
5198
5198
5198
5198
5198
5198
5198
5198
5198
5198
5198
5198
5198
5198
5198
5198
5198
5198
5198
5198
5198
5198
5198
5198
5198
5198
5198
5198
5198
5198
5198
5198
5198
5198
5198
5198
5198
5198
5198
5198
5198
5198
5198
5198
5198
5198
5198
5198
5198
5198
5198
5198
5198
5198
5198
5197
5197
5197
5197
5197
5197
5197
5197
5197
5197
5197
5198
5198
5198
5198
5198
5198
5198
5198
5198
5198
5198
5198
5198
5198
5198
5198
5198
5198
5198
5198
5198
5198
5198
5198
5198
5198
5198
5198
5198
5198
5198
5198
5198
5198
5198
5198
5198
5198
5198
5198
5198
5198
5198
5198
5198
5198
5198
5198
5198
5198
5198
5198
5198
5198
5198
5198
5198
5198
5198
5198
5198
5198
5198
5198
5198
5198
5198
5198
5198
5198
5198
5198
5198
5198
5198
5198
5198
5198
5198
5198
5198
5198
5198
5198
5198
5198
5198
5198
5198
5198
5198
5198
5198
5198
5198
5198
5198
5198
5198
5198
5198
5198
5198
5198
5198
5198
5198
5198
5198
5198
5198
5198
5198
5198
5198
5198
5198
5198
5198
5198
5198
5198
5198
5198
5198
5198
5198
5198
5198
5198
5198
5198
5198
5198
5198
5198
5198
5198
5198
5198
5198
5198
5198
5198
5198
5198
5198
5198
5198
5198
5198
5198
5198
5198
5198
5198
5198
5198
5198
5198
5198
5198
5198
5198
5198
5198
5198
5198
5197
5197
5197
5197
5197
5197
5197
5197
5197
5197
5197
5198
5198
5198
5198
5198
5198
5198
5198
5198
5198
5198
5198
5198
5198
5198
5198
5198
5198
5198
5198
5198
5198
5198
5198
5198
5198
5198
5198
5198
5198
5198
5198
5198
5198
5198
5198
5198
5198
5198
5198
5198
5198
5198
5198
5198
5198
5198
5198
5198
5198
5198
5198
5198
5198
5198
5198
5198
5198
5198
5198
5198
5198
5198
5198
5198
5198
5198
5198
5198
5198
5198
5198
5198
5198
5198
5198
5198
5198
5198
5198
5198
5198
5198
5198
5198
5198
5198
5198
5198
5198
5198
5198
5198
5198
5198
5198
5198
5198
5198
5198
5198
5198
5198
5198
5198
5198
5198
5198
5198
5198
5198
5198
5198
5198
5198
5198
5198
5198
5198
5198
5198
5198
5198
5198
5198
5198
5198
5198
5198
5198
5198
5198
5198
5198
5198
5198
5198
5198
5198
5198
5198
5198
5198
5198
5198
5198
5198
5198
5198
5198
5198
5198
5198
5198
5198
5198
5198
5198
5198
5198
5198
5198
5198
5198
5198
5198
5198
5198
5198
5198
5198
5198
5198
5198
5198
5198
5198
5198
5198
5198
5198
5198
5198
5198
5198
5198
5198
5198
5198
5198
5198
5198
5198
5198
5198
5198
5198
5198
5198
5198
5198
5198
5198
5198
5198
5198
5198
5198
5198
5198
5198
5198
5198
5198
5198
5198
5198
5198
5198
5198
5198
5198
5198
5198
5198
5198
5198
5198
5198
5198
5198
5198
5198
5198
5198
5198
5198
5198
5198
5198
5198
5198
5198
5198
5198
5198
5198
5198
5198
5198
5198
5198
5198
5198
5198
5198
5198
5198
5198
5198
5198
5198
5198
5198
5198
5198
5198
5198
5198
5198
5198
5198
5198
5198
5198
5198
5198
5198
5198
5198
5198
5198
5198
5198
5198
5198
5198
5198
5198
5198
5198
5198
5198
5198
5198
5198
5198
5198
5198
5198
5198
5198
5198
