1409
1410
1459
1487
1318
1006
1033
834
785
834
834
839
834
853
853
1052
1126
1267
1240
1417
1276
1248
1422
1248
1103
1108
1224
1369
1224
1251
1135
957
1163
1039
1039
1163
1162
1143
1171
1345
1514
1340
1485
1485
1480
1281
1397
1402
1397
1416
1416
1247
1252
1224
1219
1360
1361
1535
1713
2025
1901
1827
1778
1783
1642
1716
1715
1696
1490
1715
1490
1631
1626
1452
1621
1640
1499
1425
1113
1254
1566
1397
1566
1450
1566
1791
1772
1800
2006
1979
2178
1979
2178
2000
2005
2000
1801
1656
1661
1520
1644
1644
1644
1718
1892
1580
1456
1634
1775
1598
1420
1565
1877
1708
1877
1803
2002
1828
1629
1484
1661
1379
1524
1598
1373
1400
1682
1537
1682
1701
1750
1573
1457
1312
1312
1143
1288
1269
1124
1143
861
655
627
655
861
1038
1039
1011
1210
1326
1326
1608
1581
1404
1582
1533
1514
1542
1542
1716
1600
1825
1797
1591
1640
1640
1640
1639
1763
1589
1608
1603
1631
1632
1809
1978
1978
1978
1801
1576
1753
1869
1795
1626
1631
1349
1518
1800
1659
1640
1640
1591
1736
1735
1941
1942
2116
2165
1959
1954
1954
1777
1632
1516
1543
1720
1408
1549
1371
1197
1271
1271
1222
1271
1276
1588
1389
1389
1588
1766
1765
1737
1538
1539
1684
1800
1751
1610
1605
1531
1386
1208
1433
1507
1433
1482
1656
1661
1689
1834
1718
1718
1493
1634
1606
1625
1456
1484
1479
1460
1685
1704
1873
2051
2125
2097
1952
1828
1856
1678
1651
1829
1801
1917
2123
1898
2022
1948
2147
2372
2446
2322
2181
1899
1899
1674
1673
1673
1797
1485
1797
1942
1947
1778
1729
1551
1239
1408
1586
1811
1605
1606
1918
1693
1688
1913
2195
1996
2001
1827
1682
1370
1088
972
848
964
1088
1287
1286
1287
1493
1377
1303
1585
1659
1585
1407
1201
1407
1238
1233
1349
1330
1105
1133
927
1152
953
1159
1158
981
953
671
953
972
1171
946
974
858
1083
1064
940
1252
1430
1431
1600
1627
1646
1787
1903
2027
2076
2250
2250
2025
1826
1702
1901
1901
1901
1874
2099
2104
2131
1906
1905
1623
1697
1698
1499
1187
1386
1386
1312
1263
1387
1564
1564
1440
1435
1294
1178
1151
1267
1093
1267
1579
1463
1444
1726
1745
1886
1913
1739
1711
1570
1543
1659
1733
1874
1901
2126
2131
1990
2164
1965
1965
1849
1844
1675
1501
1625
1741
1910
1883
1888
1710
1636
1664
1863
1747
1522
1663
1662
1736
1595
1711
1706
1500
1501
1332
1216
1197
1224
1243
1242
1214
1214
1355
1336
1309
1310
1315
1364
1315
1334
1334
1334
1362
1185
986
862
788
769
968
1142
1191
1191
1368
1056
1051
1070
1194
1194
912
1028
1173
1455
1455
1767
1766
1766
1767
1593
1469
1469
1157
1382
1556
1379
1234
1440
1609
1403
1581
1299
1299
1183
1183
1299
1074
1219
1425
1425
1251
1110
965
937
937
937
731
682
994
975
1049
1048
1075
1300
1474
1447
1448
1730
1505
1504
1305
1429
1478
1304
1304
1309
1486
1437
1582
1405
1400
1428
1605
1577
1783
1784
1983
1859
1660
1483
1409
1550
1577
1701
1926
1931
1790
1864
1748
1925
1613
1612
1613
1468
1517
1517
1633
1517
1443
1443
1416
1210
928
947
1021
972
1021
844
871
1048
1360
1286
1360
1355
1500
1674
1873
1699
1522
1521
1296
1473
1647
1473
1399
1399
1400
1088
943
765
906
879
1024
1230
1304
1163
1114
937
965
1190
1066
1066
1243
1018
990
821
622
650
444
444
622
671
698
698
624
624
597
578
578
784
900
899
1098
1267
1239
1244
1526
1348
1422
1600
1628
1459
1282
1282
1076
1250
1201
1196
1122
1291
1092
1092
1216
1422
1248
1248
1267
1466
1515
1399
1380
1454
1459
1478
1450
1450
1251
1252
1564
1386
1262
1093
1092
1317
1433
1607
1588
1443
1369
1388
1388
1214
1241
1222
1346
1515
1516
1489
1365
1360
1484
1629
1770
1798
1825
1600
1605
1830
1830
1904
1698
1386
1560
1559
1531
1532
1458
1458
1409
1483
1309
1140
1113
1290
1290
1489
1489
1489
1538
1538
1565
1424
1424
1225
1225
943
971
1145
1144
1322
1317
1092
1298
1580
1580
1298
1497
1497
1298
1270
1275
1069
892
718
602
743
565
538
414
442
641
567
568
563
637
806
778
955
814
833
634
465
777
1002
1007
988
1157
1356
1355
1561
1416
1561
1392
1420
1439
1439
1214
1241
1419
1419
1345
1514
1487
1611
1785
2010
1832
1948
1771
1626
1621
1762
1588
1447
1625
1625
1400
1541
1541
1686
1541
1492
1293
1177
1177
1177
1182
1163
1212
1043
1188
1357
1358
1353
1469
1496
1778
1778
1633
1351
1356
1356
1044
1043
927
1152
1152
1297
1496
1496
1372
1166
997
998
970
1094
1094
1094
1168
1480
1596
1472
1327
1186
1185
1204
1486
1692
1692
1410
1405
1356
1405
1405
1410
1584
1535
1704
1588
1588
1712
1828
1754
1931
1753
1827
2005
1831
1715
1403
1225
1253
1398
1710
1533
1710
1826
1821
1615
1897
1781
1612
1617
1392
1268
1091
1091
1265
983
1152
1153
1125
956
1133
1128
1109
932
932
787
1012
1218
1387
1669
1785
1813
1813
1697
1669
1495
1672
1672
1813
1614
1730
1730
1656
1479
1624
1624
1623
1672
1673
1872
1703
1478
1552
1676
1681
1709
1681
1858
1713
1858
2032
2032
2027
1978
2147
1865
1884
1768
1594
1594
1643
1868
1727
1521
1521
1549
1690
1465
1465
1153
1012
985
1191
1307
1307
1288
1164
1164
1389
1530
1557
1731
1750
1722
1846
1647
1598
1603
1487
1487
1482
1455
1482
1341
1390
1702
1707
1702
1675
1791
1791
2073
2100
2128
2269
2274
2225
2151
2035
2213
2329
2528
2577
2572
2577
2651
2452
2278
2452
2447
2269
2063
2036
2036
2063
2262
1980
1835
1711
1889
1577
1783
1783
1783
1614
1896
1895
1696
1697
1896
1690
1689
1511
1286
1464
1776
1599
1525
1347
1525
1702
1525
1530
1502
1679
1652
1474
1699
1583
1728
1729
1504
1485
1512
1335
1504
1504
1503
1681
1512
1681
1709
1660
1633
1652
1633
1459
1684
1539
1534
1222
1367
1416
1728
1700
1824
1625
1741
1768
1942
1801
1627
1768
1945
1896
1718
1549
1237
1256
1229
1105
1086
804
832
832
906
1030
1312
1481
1655
1655
1478
1790
1666
1715
1893
1715
1839
2045
2045
1876
1802
1628
1702
1586
1586
1441
1441
1619
1818
1677
1478
1483
1502
1502
1647
1365
1539
1415
1410
1437
1292
1118
1090
1118
1263
1440
1128
1128
1100
1081
1054
1081
1222
1195
1050
844
770
771
798
621
480
679
630
807
806
1012
1136
1310
1186
1498
1517
1522
1663
1663
1663
1464
1746
1746
1568
1391
1536
1537
1225
1224
1423
1418
1391
1250
1250
1562
1731
1712
1487
1487
1487
1664
1664
1664
1495
1318
1318
1318
1319
1497
1497
1352
1468
1290
1414
1442
1491
1636
1324
1351
1177
1177
1032
1173
1350
1209
1003
1315
1320
1204
1320
1461
1461
1434
1608
1814
1814
1698
1670
1670
1358
1353
1179
1207
1001
1146
1022
1021
1137
1109
1233
1088
1116
1285
1161
1285
1285
1285
1430
1430
1306
1333
1457
1635
1709
1709
1510
1510
1482
1482
1487
1506
1479
1310
1186
1385
1385
1559
1728
1679
1480
1475
1297
1609
1637
1468
1637
1468
1327
1253
1302
1329
1301
1301
1375
1376
1302
1307
1431
1431
1254
1205
1374
1205
1233
1458
1627
1626
1803
1634
1322
1294
1178
1178
1033
909
1221
1221
1390
1568
1549
1568
1568
1684
1402
1402
1228
1352
1352
1175
1156
1330
1206
1347
1471
1648
1667
1812
2011
2011
1984
1965
1796
1796
1680
1754
1754
1754
1923
2205
2036
2031
1957
1812
1812
1638
1665
1714
1432
1577
1651
1452
1274
1274
1274
1097
1125
1299
1225
1197
1170
1369
1195
1369
1485
1662
1840
1840
1662
1944
1971
1990
1991
1679
1679
1707
1707
1679
1991
1846
1920
1920
1920
1608
1920
1925
1726
1904
2110
2110
1932
1816
1816
1675
1626
1449
1449
1498
1675
1675
1820
2019
1874
1847
1622
1423
1592
1708
1592
1592
1733
1733
1733
1878
2077
2072
2100
2051
2051
2051
2100
1931
1786
1964
1945
1917
1740
1541
1541
1710
1737
1962
1962
1788
1610
1809
1828
1704
1820
1997
2175
2175
2349
2180
2006
2011
2011
1992
1680
1474
1643
1817
2023
1882
1882
1833
1957
2006
2151
2179
2179
2001
1952
1775
1748
1674
1475
1787
1663
1841
1663
1489
1508
1686
1658
1480
1658
1653
1794
1569
1287
1314
1108
1107
991
972
1171
1245
1245
1250
1424
1473
1295
1323
1447
1729
1729
1906
2084
1943
2059
2031
2256
2462
2413
2432
2427
2228
1916
1800
1800
1849
1624
1447
1373
1401
1401
1542
1767
1740
1721
1726
1925
1897
1615
1491
1350
1350
1491
1350
1350
1527
1554
1376
1327
1346
1347
1170
1244
1070
901
1078
1360
1215
1038
832
832
832
881
1059
1183
1328
1534
1534
1650
1962
1838
1819
1943
1942
1915
1709
1878
1906
1907
1738
1915
1915
1633
1584
1603
1479
1478
1652
1536
1311
1311
1452
1568
1737
1737
1737
1737
1596
1284
1279
1251
1052
1364
1589
1795
1721
1702
1496
1778
1852
1678
1678
1509
1509
1509
1284
1458
1477
1683
1807
1788
1476
1270
1196
1395
1707
1562
1562
1562
1562
1562
1787
1787
1814
1983
1784
1785
1926
1926
1931
1904
1735
1594
1621
1766
1592
1641
1847
1921
1805
1599
1798
1798
1573
1573
1601
1423
1629
1601
1527
1555
1528
1706
1705
1779
1895
1689
1690
1690
1717
1717
1539
1257
1426
1398
1572
1545
1471
1696
1724
1798
1629
1770
1939
2145
1968
1743
1569
1564
1365
1590
1617
1899
2077
1953
1671
1870
2044
1899
1721
1694
1620
1765
1765
1764
1736
1620
1647
1598
1373
1378
1556
1680
1653
1512
1512
1507
1623
1478
1309
1454
1595
1595
1595
1471
1471
1297
1297
1098
1272
1449
1674
1558
1674
1702
1703
1703
1529
1529
1529
1529
1384
1529
1529
1217
1341
1217
1039
1163
1182
1356
1337
1649
1827
1703
1777
1749
1675
1363
1363
1138
993
1275
1097
1171
1483
1409
1414
1559
1558
1607
1401
1429
1284
1107
1285
1144
1171
1171
1245
1171
1171
1377
1377
1602
1743
1744
1716
1885
1959
2104
2030
1856
1829
1547
1341
1515
1346
1420
1371
1577
1436
1718
1544
1319
1544
1399
1117
1043
1071
1120
895
914
914
1091
1373
1368
1368
1513
1464
1469
1292
1292
1291
1292
1287
1287
1259
1433
1557
1351
1039
1039
923
1064
1092
1092
1064
919
1096
1265
1490
1606
1381
1606
1428
1502
1502
1483
1510
1333
1338
1222
1534
1733
1910
2116
1942
1937
1760
1788
1760
1937
1956
1832
2010
2010
1991
2165
2214
2338
2197
1885
1913
1913
1885
1716
1721
1716
1642
1641
1669
1810
1761
1637
1761
1734
1706
1733
1534
1410
1526
1244
1263
1432
1437
1212
1185
1309
1383
1177
1204
1130
952
952
980
864
836
885
880
831
804
663
779
760
959
959
1137
1278
1305
1379
1691
1710
1855
1543
1825
1806
2118
2118
2137
2165
2091
2092
1918
1918
1773
1773
1574
1579
1653
1626
1626
1552
1428
1427
1311
1536
1660
1348
1522
1596
1908
2107
2107
1933
1914
1886
1886
2060
2088
2014
2009
2014
2014
2159
1981
2030
1889
1765
1620
1736
1914
1914
1914
2055
2261
2261
1949
1976
2050
1825
1709
1503
1728
1729
1655
1779
1497
1497
1613
1564
1564
1386
1358
1331
1537
1396
1197
1197
1192
1241
1553
1553
1731
1872
1891
1722
1548
1499
1644
1499
1499
1498
1643
1692
1551
1552
1346
1168
856
631
837
1036
1210
1492
1376
1357
1384
1210
1435
1440
1391
1419
1391
1214
1090
1231
1405
1405
1405
1717
1841
1869
1985
1840
1716
1735
1809
1933
2078
2247
2247
2022
1948
1666
1948
1920
1714
1540
1614
1791
1592
1476
1449
1449
1648
1697
1871
1589
1444
1370
1595
1877
1876
2021
2137
2343
2343
2324
2325
2119
2138
1993
1993
1944
1925
1999
1825
1656
1374
1543
1592
1280
1307
1485
1691
1836
1691
1836
1667
1841
1860
1811
1811
1605
1460
1605
1917
1945
1944
2226
2226
2110
1798
1621
1447
1563
1281
1455
1455
1339
1198
1375
1516
1516
1517
1566
1442
1423
1422
1423
1735
1558
1558
1727
1722
1673
1532
1387
1313
1362
1361
1049
1049
1000
1312
1457
1531
1362
1568
1587
1587
1442
1423
1349
1350
1355
1177
978
978
1177
1149
1265
1389
1388
1272
1417
1293
1068
1087
1082
1223
1228
1256
1050
1099
1276
1135
990
991
814
502
453
453
452
734
707
823
1000
1225
1225
1349
1344
1325
1330
1302
1351
1152
1358
1670
1670
1697
1491
1491
1632
1605
1481
1481
1687
1856
1857
1808
1932
1755
1900
1895
1900
1900
2099
2126
2010
2029
2078
2256
2050
2256
2111
2110
1798
1657
1657
1657
1657
1657
1652
1427
1427
1427
1378
1351
1379
1556
1697
1697
1697
1746
1622
1416
1275
1420
1645
1672
1746
1697
1697
1528
1644
1850
1991
1991
1814
1615
1620
1615
1814
1819
1792
1792
1647
1531
1325
1147
1147
1128
929
1107
1079
1005
864
892
893
893
1092
1404
1573
1573
1714
1830
1830
2036
2110
2129
1817
1592
1619
1618
1618
1590
1416
1275
1500
1677
1508
1309
1282
1076
1076
1103
1272
1103
1152
1276
1249
1423
1629
1629
1770
1765
2077
2028
2056
2061
2042
2042
2037
2086
2012
2031
2036
2036
2181
2153
1871
1697
1520
1719
1719
1520
1520
1520
1694
1976
1852
1852
1879
1860
1860
2059
1914
1632
1632
1801
1801
1752
1876
1876
1876
1904
1904
1904
1904
1905
1731
1590
1590
1664
1841
1814
1988
2270
2319
2318
2463
2347
2035
1858
1885
1857
1830
1548
1860
1715
1710
1710
1710
1738
1513
1439
1439
1261
1288
1433
1658
1836
1837
1810
1810
1782
1733
1588
1607
1382
1382
1382
1382
1409
1586
1591
1873
2098
2093
2093
2098
2239
2384
2384
2384
2185
2158
2139
2166
1960
1735
1558
1417
1623
1672
1691
1686
1802
1775
1916
1990
1845
1850
1676
1675
1849
1849
1877
1849
2074
2055
2055
1877
1703
1703
1629
1657
1676
1676
1853
1729
1907
1908
2107
2252
2279
2102
1790
1771
1766
1766
1943
2017
2022
1948
2260
2233
2233
2233
2407
2407
2406
2357
2180
2207
2207
2331
2157
1958
2132
2151
2350
2205
2064
2209
2283
2460
2386
2359
2331
2331
2380
2206
2082
1937
1768
1719
1407
1408
1532
1531
1354
1528
1669
1814
1991
2019
2019
1841
1836
1863
2032
1855
1929
1902
2214
2214
2098
2125
2174
2179
1897
1691
1664
1659
1941
1716
1542
1542
1542
1542
1542
1260
1485
1691
1672
1677
1678
1537
1331
1505
1456
1633
1749
1744
1744
1599
1740
1745
1717
1518
1513
1691
1522
1345
1345
1373
1572
1398
1425
1594
1594
1594
1768
1652
1858
2003
2003
2002
2002
1824
1512
1513
1690
1663
1663
1457
1462
1388
1264
1087
1059
1058
1107
908
1086
1105
1179
1356
1356
1351
1378
1383
1383
1378
1494
1317
1494
1378
1378
1201
1182
1210
1215
1414
1215
1166
1282
1282
1137
1343
1338
1387
1387
1511
1511
1484
1306
1325
1325
1330
1475
1475
1652
1624
1624
1651
1510
1510
1436
1718
1436
1431
1431
1431
1307
1258
1052
1033
1157
1041
1182
1182
1494
1269
1475
1480
1658
1481
1275
1452
1480
1452
1275
1452
1453
1735
1558
1558
1558
1764
1759
1759
1477
1496
1612
1467
1467
1666
1488
1469
1488
1516
1565
1424
1602
1602
1602
1827
1703
1848
1853
1675
1559
1559
1841
1957
1957
2081
1799
1794
1678
1856
1687
1375
1449
1449
1430
1742
1543
1712
1712
1400
1255
1086
908
908
1107
908
834
1033
1210
1036
1205
1204
1486
1458
1632
1583
1583
1384
1385
1384
1562
1384
1562
1356
1356
1182
1182
1058
1059
1258
1332
1331
1162
1181
1181
1355
1355
1471
1595
1801
1829
1652
1633
1408
1413
1408
1633
1638
1779
1828
1847
2024
1883
1883
1706
1706
1707
1529
1501
1642
1642
1819
1792
1791
2103
1962
1888
1772
1547
1341
1217
1362
1390
1506
1506
1712
1881
1712
1513
1464
1445
1440
1441
1666
1693
1742
1761
1536
1536
1714
1540
1545
1496
1695
1836
2005
2179
2404
2478
2602
2574
2292
2147
1922
1798
1682
1682
1476
1504
1620
1765
1588
1447
1273
1273
1246
1420
1447
1278
1455
1454
1578
1578
1578
1719
1691
1550
1523
1805
2030
2030
1852
1778
1778
1601
1675
1881
1765
1746
1795
1964
1739
1916
1916
1935
1935
1761
1756
1981
1986
1967
1995
2136
2062
2240
2235
2207
2029
2029
1980
1980
1839
1913
1918
1913
1714
1402
1403
1258
1403
1197
1338
1537
1536
1585
1585
1701
2013
2013
1897
2013
2219
2220
1908
1731
1905
1856
1711
1888
1888
1689
1867
1698
1703
1722
1703
1478
1506
1224
1100
1224
1224
1423
1217
1386
1413
1239
1239
1413
1244
1450
1499
1498
1357
1582
1582
1582
1577
1596
1422
1563
1563
1386
1270
1271
1072
866
1011
1016
1185
960
960
819
1044
1044
1017
893
1034
1006
1212
1207
1133
1310
1484
1484
1259
1090
1089
1213
1412
1440
1609
1921
1921
1902
1703
1534
1410
1382
1664
1788
1643
1466
1611
1630
1630
1635
1457
1457
1452
1568
1362
1313
1538
1707
1712
1740
1814
1673
1391
1568
1746
1572
1544
1375
1376
1550
1550
1719
1719
1494
1521
1746
1622
1477
1472
1596
1795
1596
1596
1795
1621
1396
1396
1602
1602
1575
1602
1630
1602
1575
1602
1575
1575
1406
1580
1456
1456
1340
1481
1486
1486
1412
1694
1721
1543
1667
1783
1778
1751
1751
1751
1800
1874
2043
2268
2295
2268
2267
2268
2413
2394
2394
2320
2175
2001
2001
2020
1896
1970
1745
1890
1691
1916
1710
1691
1546
1545
1751
1875
1876
2021
1796
1651
1527
1532
1710
1710
1541
1686
1509
1435
1559
1587
1812
1500
1669
1664
1615
1615
1409
1381
1409
1268
1152
1179
1228
1104
1104
1104
1104
1077
1276
1392
1419
1137
1278
1283
1167
1241
1236
1241
1241
1213
1213
1164
1164
1159
1187
1364
1195
1195
1369
1191
1163
1191
1014
1063
838
962
981
1097
1322
1500
1451
1733
1782
1782
1604
1576
1576
1527
1839
1839
2008
1809
1987
1705
1987
1968
1794
1625
1501
1501
1678
1697
1746
1464
1287
1493
1377
1382
1382
1377
1576
1264
1264
1058
1370
1494
1475
1475
1475
1475
1591
1797
1966
1821
1509
1509
1284
1235
1235
1409
1285
1430
1429
1429
1606
1625
1749
1749
1543
1543
1543
1749
1798
2023
2023
1854
1854
1655
1514
1308
1234
1215
1421
1562
1421
1440
1639
1644
1813
2125
2125
1980
1864
1665
1739
1880
1908
1908
1834
1657
1657
1432
1226
1048
1193
1418
1106
1418
1413
1414
1273
1414
1613
1791
1791
1997
2002
1974
2151
2151
2267
2061
2034
1856
2062
2062
2013
2191
2190
2016
1892
1920
1779
1554
1438
1562
1417
1533
1678
1678
1472
1613
1895
2120
1951
1923
1924
1924
1919
1919
2125
1900
1900
1900
1588
1762
1584
1410
1588
1900
1900
1694
1768
1796
1796
2021
1947
1928
2002
2176
2176
2225
2225
2109
1884
1884
1710
1935
1962
1961
1962
2136
2342
2341
2142
2311
2427
2253
2225
2253
2427
2250
2223
2045
2244
2128
2147
2152
2179
2152
2179
2152
2330
2357
2151
2146
2323
2146
2352
2146
2127
2127
2127
2146
2146
1864
1864
1723
1723
2005
1836
1712
1712
1717
1405
1377
1377
1501
1356
1668
1669
1875
1903
1829
1974
2151
2027
1850
1850
2019
2093
1887
1605
1600
1806
1930
1903
1903
1678
1855
1686
1612
1300
1126
981
981
1122
1434
1434
1406
1688
1564
1591
1591
1596
1595
1595
1568
1369
1443
1161
1443
1470
1465
1581
1726
1549
1549
1433
1414
1414
1273
1274
1451
1306
1306
1334
1334
1260
1232
1026
1142
1115
999
1123
1197
1019
945
944
971
1177
1177
1053
1252
1477
1482
1598
1626
1626
1427
1596
1596
1569
1588
1588
1472
1617
1617
1617
1612
1612
1387
1565
1566
1538
1489
1613
1687
1687
1828
1833
1709
1690
1685
1712
1712
1712
1712
1571
1796
1796
1514
1487
1506
1505
1621
1795
1919
1803
1729
1523
1399
1681
1681
1681
1755
1755
1755
1783
1709
1833
1833
1833
1838
2037
2153
2029
2010
2134
2134
2134
2134
2183
1958
1909
1881
1704
1699
1924
1951
1956
1956
1832
1956
1951
2092
2097
2070
1929
1956
1674
1675
1724
1724
2006
1724
1546
1546
1828
1902
1902
2079
1963
1839
1839
1839
1980
1931
1959
1959
1760
1759
1883
2061
1987
1987
1987
2103
2302
2133
2106
1794
1512
1507
1534
1507
1282
1282
1488
1515
1337
1342
1342
1136
1155
1136
1155
1127
1108
1157
1363
1532
1532
1532
1505
1817
1648
1649
1931
1931
1754
1932
1932
1932
1932
1927
1728
1728
1604
1631
1636
1430
1285
1284
1358
1535
1741
1741
1769
1938
1933
1755
1954
1954
1642
1614
1473
1473
1274
1097
923
923
807
808
1120
1261
1261
1261
1261
1234
1411
1362
1540
1765
1691
1765
1784
1783
1783
1764
1690
1690
1690
1690
1690
1691
1836
2010
1785
1644
1467
1644
1643
1643
1842
1842
1842
1842
1842
1643
1498
1498
1498
1498
1498
1498
1498
1498
1321
1321
1143
1143
1267
1267
1267
1267
1267
1341
1341
1341
1342
1347
1524
1551
1382
1205
1031
1209
1354
1148
1024
1024
1073
1073
1024
1249
1365
1365
1564
1688
1829
1878
1596
1802
1753
1748
1748
1748
1922
1895
2177
1895
1771
1798
1620
1619
1503
1508
1434
1453
1426
1220
1247
1228
1397
1603
1622
1800
1594
1710
1710
1532
1358
1339
1463
1464
1459
1318
1149
1168
1345
1200
1482
1455
1661
1689
1483
1483
1628
1609
1628
1346
1201
1002
1002
1208
1189
1189
1330
1330
1124
1151
974
1143
1143
1143
1425
1474
1446
1474
1474
1673
1504
1682
1541
1718
1718
1717
1891
1891
2060
2201
2077
1908
1927
1908
1731
1731
1449
1422
1441
1441
1267
1267
1126
1126
927
1096
1077
1201
1201
1407
1408
1284
1458
1458
1457
1457
1656
1675
1816
1843
1618
1591
1563
1357
1362
1362
1587
1568
1563
1740
1767
1786
1787
1786
1814
1888
1889
1888
1860
1811
1935
2080
2085
1969
1828
1828
1944
1828
2110
2105
2105
1936
1936
1985
1985
1990
1812
1813
1982
1858
2036
2152
2152
2152
2152
2147
2147
2098
2098
2071
2070
1758
1758
1758
1533
1533
1739
1665
1665
1693
1411
1416
1388
1388
1388
1529
1530
1604
1829
1828
1828
2110
2159
2159
2110
2105
2105
2417
2276
2051
2051
2276
2276
2099
2126
1927
1928
1812
2011
1992
2133
2161
2161
2161
1962
1888
1743
1743
1715
1914
1740
1515
1639
1638
1657
1458
1252
1326
1442
1648
1366
1366
1366
1197
1197
1197
1422
1298
1182
1182
1182
1381
1526
1700
1673
1673
1850
1974
1833
2115
2256
2082
1857
1679
1904
1759
1477
1278
1456
1315
1484
1658
1857
1858
1886
1812
1928
1759
1758
1642
1669
1838
1639
1640
1613
1613
1612
1894
1717
1689
1520
1548
1548
1236
1548
1664
1738
1738
1738
1564
1564
1564
1613
1301
1185
1354
1499
1500
1677
1628
1504
1645
1439
1439
1439
1555
1536
1535
1535
1507
1526
1554
1409
1390
1362
1568
1568
1596
1596
1568
1568
1595
1313
1313
1313
1313
1314
1108
1127
1127
1011
786
791
907
907
730
1042
1015
1010
1235
1262
1262
1146
1151
1151
1150
1123
1268
1317
1516
1497
1524
1475
1591
1517
1641
1669
1951
2000
2174
2050
2023
2023
2147
2002
2002
2002
1886
2063
2063
1885
1959
2165
1966
1938
1938
1938
1764
1963
1764
1791
1936
2135
1929
2135
2163
2164
2164
2342
2341
2342
2268
1956
1778
1852
2164
2163
1994
1994
1682
1505
1505
1381
1693
1693
1693
1817
1817
1768
1740
1909
1882
1910
1929
1929
1760
1741
1741
1736
1913
2087
1942
1943
1737
1737
1943
1718
1544
1516
1317
1345
1350
1399
1598
1316
1541
1560
1560
1541
1540
1540
1540
1512
1335
1129
1080
1258
1403
1609
1468
1468
1469
1643
1925
1920
1721
1647
1647
1816
1638
1687
1886
2063
2179
2179
2207
1925
1924
1924
1875
1650
1655
1656
1675
1853
1853
1729
1853
1825
1825
2050
1873
1699
1530
1557
1379
1453
1448
1617
1795
1617
1616
1616
1417
1418
1467
1749
1926
1907
1907
1926
2104
2104
2104
2103
2277
2250
1968
2167
2194
2145
1939
1939
1762
1763
1763
2045
2222
2106
2106
1982
1955
1955
1983
1983
2099
1874
1874
1562
1363
1368
1363
1218
1530
1414
1414
1463
1463
1151
1178
1178
1000
1116
1097
923
923
746
924
1048
999
971
1145
1322
1341
1341
1340
1345
1221
1420
1626
1654
1654
1654
1655
1880
2192
2192
2076
1898
2043
2024
2023
2023
1995
1996
1996
2112
2111
2112
2112
2112
2107
1962
1785
1804
1730
1524
1552
1552
1533
1582
1587
1587
1793
1792
1764
1765
1765
1943
2084
1968
1987
1809
1837
1832
1633
1614
1302
1501
1678
1678
1396
1347
1347
1347
1525
1498
1643
1643
1643
1444
1238
1237
1092
1166
1166
989
1113
1113
1113
1258
1113
1132
1058
1058
1132
1331
1336
1385
1261
1261
1261
1573
1573
1779
1779
2061
1855
1856
1856
2033
2239
2355
2355
2306
2190
1984
1759
1447
1270
1297
1609
1609
1834
1833
1957
2073
2073
2279
2101
2074
2219
2013
2062
1893
1694
1570
1565
1734
1734
1734
1739
1766
1692
1693
1692
1664
1841
1616
1616
1439
1563
1439
1420
1494
1618
1817
1817
1672
1673
1646
1673
1851
1870
1851
1850
1709
1728
1728
1756
1962
1962
1934
2111
1934
1860
1686
1860
1888
1714
1695
1496
1641
1642
1497
1497
1497
1674
1674
1748
1542
1493
1488
1460
1659
1800
1684
1684
1402
1518
1567
1567
1389
1389
1595
1820
1595
1594
1388
1189
1189
1363
1368
1396
1322
1604
1605
1804
1878
1709
1709
1397
1709
1427
1427
1446
1446
1247
1106
1247
1247
1472
1398
1379
1330
1330
1330
1612
1584
1359
1528
1387
1406
1612
1585
1566
1566
1389
1389
1438
1438
1389
1614
1490
1539
1538
1612
1406
1584
1406
1406
1434
1453
1434
1360
1360
1387
1461
1480
1255
1255
1139
1263
1214
1209
1209
1354
1326
1525
1702
1533
1649
1827
1808
1692
1515
1441
1441
1441
1441
1610
1610
1610
1610
1610
1610
1583
1789
1789
1590
1590
1590
1445
1445
1494
1212
1231
1430
1256
1538
1538
1654
1538
1712
1712
1712
1430
1546
1546
1546
1546
1687
1668
1490
1321
1197
1197
1198
1272
1299
1299
1327
1300
1251
1251
1135
1061
1177
1354
1403
1685
1830
1631
1582
1582
1582
1582
1760
1884
2109
2109
1884
1743
1942
1743
1942
2083
2083
2083
2157
2157
2176
1970
1970
1970
1896
1697
1519
1518
1518
1341
1510
1584
1584
1584
1584
1584
1783
1764
1482
1688
1688
1913
1913
1768
1652
1446
1652
1653
1831
1947
1722
1598
1823
1654
1476
1758
1758
1758
1882
2059
1943
2059
2059
2059
1918
1945
1917
1718
1863
1638
1643
1643
1692
1692
1917
1917
1711
1711
1889
1917
1917
2123
2123
2123
1945
1945
1768
1767
1643
1498
1667
1442
1566
1284
1425
1301
1479
1656
1656
1651
1933
2132
2256
2401
2401
2401
2401
2195
2195
2200
2084
2084
2035
1866
1866
1861
1833
2002
2002
1928
1787
1806
1806
1682
1655
1861
1692
1720
1720
1721
1720
1844
1645
1761
1761
1742
1742
1742
1967
1968
1844
1863
1657
1432
1459
1583
1588
1464
1464
1464
1459
1459
1431
1431
1572
1797
1871
1870
1754
1782
1608
1608
1467
1472
1521
1645
1640
1645
1467
1636
1512
1718
1493
1494
1489
1714
1888
1888
1606
1784
1908
1739
1615
1615
1541
1492
1492
1473
1473
1248
1364
1646
1646
1695
1383
1524
1524
1598
1598
1823
1682
1654
1509
1284
1257
975
980
1205
1233
1159
1110
1184
1184
1203
1203
1175
1224
1348
1630
1799
1621
1820
1848
1847
1670
1670
1815
1815
1815
2127
1921
1902
1903
1930
2108
2127
2108
2108
2059
2054
2231
2115
2231
2157
2157
2157
2012
1843
1816
1639
1638
1687
1659
1659
1733
1878
1878
1878
1704
1559
1559
1736
1942
1942
1969
1792
1676
1470
1443
1462
1463
1444
1266
1067
993
993
993
1167
1167
1344
1363
1362
1362
1568
1568
1394
1593
1593
1593
1593
1469
1469
1450
1251
1429
1545
1545
1714
1859
1859
1983
2010
1728
1679
1680
1503
1503
1531
1531
1415
1388
1565
1564
1358
1564
1564
1569
1564
1613
1585
1590
1731
1759
1875
1706
1780
1706
1880
1954
2153
2153
2148
2148
2317
2193
2193
2015
2297
2421
2109
2109
1940
1734
1589
1594
1566
1878
1879
1830
1714
1883
1714
1714
1714
1714
1515
1514
1337
1338
1337
1386
1502
1679
1885
1885
1711
1706
1706
1733
1878
1897
1823
1828
1651
1602
1461
1461
1461
1316
1192
1333
1334
1362
1343
1343
1343
1488
1665
1488
1657
1676
1451
1628
1702
1702
1697
1670
1670
1669
1669
1641
1819
2018
2018
2018
2018
1877
1803
1604
1435
1463
1662
1634
1808
1692
1808
1602
1771
1776
1850
1991
1991
1992
2041
1992
2116
2115
1937
1937
1964
1937
1937
1937
1918
1918
2096
1922
1922
1971
2177
2103
2130
1924
1924
1747
1924
2130
2130
2130
2125
2125
2009
2009
2009
2183
2202
2427
2303
2308
2308
2308
2308
2259
2383
2384
2207
2207
2202
2276
1964
1964
1963
1944
1944
2060
1882
1758
2070
2070
2247
2425
2398
2417
2272
1990
1995
1821
1802
1633
1633
1633
1633
1633
1633
1633
1633
1633
1633
1633
1633
1757
1758
1785
1644
1693
1516
1338
1479
1507
1195
1364
1676
1507
1301
1301
1301
1301
1076
1048
1048
1225
1370
1539
1415
1366
1366
1540
1540
1540
1366
1361
1220
1239
1239
1464
1464
1348
1376
1151
1151
1150
981
981
1159
1328
1328
1254
1254
1370
1375
1600
1581
1581
1863
1863
1882
1882
1882
1956
1840
1766
1567
1641
1690
1641
1815
1638
1564
1564
1559
1531
1672
1673
1872
1872
1946
1772
1800
1726
1726
1726
1800
1772
1946
1946
1995
1995
2172
2288
2111
2111
2111
1799
1630
1630
1630
1556
1630
1514
1514
1514
1373
1174
1100
1241
1241
1315
1343
1512
1438
1644
1821
1596
1596
1595
1669
1674
1468
1469
1469
1291
1407
1388
1383
1209
1387
1313
1487
1492
1323
1323
1323
1548
1521
1595
1907
1907
1858
1858
1907
1926
1926
1925
1751
1751
1751
1751
1677
1677
1672
1841
1664
1664
1863
1987
1987
1987
2164
2338
2343
2344
2316
2343
2343
2174
2147
2147
2147
2023
1974
1829
1824
1824
1805
1805
1627
1627
1751
1750
1919
1919
1993
2012
2190
1965
2014
2014
2014
1995
1995
1995
2000
2000
2206
2028
2028
1854
1780
1656
1657
1882
2006
1890
2035
1890
1918
1741
1857
1931
2105
2077
1852
1879
1898
1898
1724
1902
2079
2079
2224
2175
2203
2203
2203
2176
2203
2203
2377
2372
2353
2352
2352
2352
2352
2211
2211
2184
2184
2006
2006
1837
1837
1631
1631
1631
1319
1291
1291
1291
1175
1487
1487
1514
1542
1260
1542
1468
1468
1440
1459
1459
1508
1508
1363
1588
1729
1530
1389
1370
1548
1717
1717
1717
1717
1717
1858
1877
1858
1858
1809
1809
1837
1953
2002
2002
2201
2085
2058
2058
2058
1881
1656
1656
1656
1683
1860
1860
2085
2085
2104
2105
2105
1931
1931
1903
1903
2077
2283
2109
2114
2113
2141
1963
1944
1895
1895
1896
1970
1896
1896
2070
2089
2070
2215
2188
2262
2281
2281
2075
2253
2253
2225
2253
2112
2253
2225
2431
2480
2335
2158
2303
2298
2249
2365
2393
2374
2374
2205
2205
2081
2081
2205
2382
2409
2409
2409
2264
2409
2408
2577
2596
2597
2597
2285
2108
1984
1983
1955
1955
1928
1929
1929
1760
1809
1933
2245
2245
2129
2129
1923
1782
1557
1483
1488
1665
1665
1692
1547
1546
1519
1635
1709
1854
1854
2060
2087
2256
2229
2230
2230
2053
1847
1988
2015
2015
2240
2213
2139
1970
1951
2025
2052
2052
2071
1997
1992
1992
1992
1847
1846
1920
1948
1807
1758
1758
1927
1853
1825
1626
1607
1607
1752
1771
1771
1771
1602
1602
1602
1602
1607
1681
1681
1709
1709
1709
1850
1709
1915
2056
1915
1915
1915
1791
1968
1969
1792
1916
1792
1614
1609
1581
1609
1808
1986
1986
2127
2099
2223
2045
2050
2031
2026
2204
2204
2030
2204
2223
2392
2251
2279
2279
2110
1994
1966
1966
2135
2011
2152
2152
2180
2180
2006
2122
1977
2101
2246
2218
2049
2049
1850
2024
2024
1799
1799
1683
1683
1683
1505
1504
1682
1541
1766
1766
1943
2059
2087
2013
2154
2323
2146
2127
2176
2195
2167
1961
2138
2337
2337
2112
1935
2009
1982
1963
1963
1991
2216
2071
2248
2220
2221
2248
2248
2276
2276
2160
2160
2366
2192
2192
2308
2234
2234
2207
2030
2207
1982
1804
1804
1804
1804
1803
1803
1877
1849
2023
1846
1873
1667
1686
1374
1325
1502
1502
1428
1428
1740
1741
1741
1600
1674
1674
1550
1728
1612
1818
1818
1791
1818
1506
1506
1307
1307
1452
1593
1593
1592
1592
1592
1447
1447
1447
1672
1871
1844
1968
1996
1997
1715
1720
1692
1692
1518
1444
1425
1248
1243
1270
1270
1270
1270
1582
1727
1700
1700
1700
1700
1494
1494
1494
1671
1690
1671
1671
1526
1531
1550
1550
1351
1174
1174
1456
1530
1558
1417
1417
1389
1389
1211
1239
1238
1412
1412
1412
1413
1101
1246
1227
1227
1433
1359
1331
1508
1557
1585
1585
1536
1362
1334
1362
1362
1389
1388
1211
1388
1388
1462
1463
1482
1681
1797
1975
2116
1992
1992
2116
2116
1917
1740
1740
1571
1544
1743
1917
1739
2051
2046
2018
1902
2079
2079
2079
1873
1854
1970
2139
1994
1795
1994
2043
2071
1789
1789
1761
1780
1780
1780
1780
1656
1655
1937
1738
1569
1775
1775
1756
1783
1788
1788
1912
2111
2111
2111
2084
1878
1878
1804
1804
1804
1804
1982
1858
1858
1858
2003
2077
2028
2197
2197
2197
2056
2056
2075
2056
2057
2085
2104
1988
1814
1814
1814
1740
1881
2055
2055
2129
1951
1951
1951
1951
1810
1859
1810
1988
1988
2015
2064
2064
2064
2064
2036
2035
2151
2179
2179
2151
2146
2119
2325
2353
2184
2353
2184
2156
2280
2280
2156
2040
2040
1815
1815
1820
1847
1842
1823
1851
1645
1870
1870
1871
1876
1827
1826
1950
1950
1950
1950
1951
1951
1946
2152
2078
2078
2078
2078
2051
1927
1927
1926
1926
1781
1604
1604
1728
1728
1728
1729
1729
1701
1750
1891
1896
1923
1951
1951
1951
1827
1602
1726
1842
1815
1984
1984
2003
1829
1623
1623
1623
1623
1574
1574
1574
1751
1751
1800
1827
1545
1421
1421
1421
1393
1393
1388
1219
1388
1211
1356
1356
1356
1581
1755
1755
1577
1783
1961
1816
1844
1825
1844
1849
1848
1922
1894
1894
2039
2216
2197
2197
2170
2170
2096
1919
2096
2096
2091
2091
2215
2215
2070
2352
2236
2236
2381
2257
2083
2088
2088
1806
1801
1829
1848
1849
1671
1671
1698
1703
1702
1702
1703
1819
1814
1814
1813
1813
1813
2095
2219
2170
2170
2046
2046
2047
2221
2221
2044
2025
2074
2251
2026
2026
2031
1854
1826
1620
1639
1763
1763
1940
1940
2165
2165
2165
2165
2165
2049
1925
1726
1726
1726
1904
1904
1903
1903
1884
1572
1567
1426
1542
1426
1426
1431
1505
1506
1705
1705
1631
1630
1405
1546
1377
1350
1575
1649
1668
1784
1735
1735
1735
1763
1758
1533
1739
1863
1722
1722
1727
1708
1509
1650
1650
1669
1491
1803
1658
1542
1569
1392
1365
1366
1565
1537
1706
1706
1822
1850
1850
1995
1879
2104
2281
2280
2280
2458
2284
2284
2285
2257
2252
2279
2395
2083
2083
1914
1914
1963
1839
1614
1614
1565
1564
1545
1573
1546
1720
1720
1720
1546
1595
1595
1595
1595
1622
1791
1810
1934
1934
1765
1620
1443
1424
1601
1574
1593
1519
1313
1519
1664
1540
1852
1852
2026
2150
2177
2402
2375
2376
2235
2235
2090
2231
2231
2231
2203
2029
2203
2203
2230
1918
1918
2230
2031
2030
2030
1889
1683
1889
1890
2059
2010
1886
1859
1682
1709
1682
1687
1886
1886
1935
2059
1885
1912
1907
1858
1689
1483
1557
1557
1557
1530
1675
1674
1701
1682
1655
1456
1630
1506
1675
1675
1694
1694
1694
1699
1748
1748
1748
1947
1928
1754
1609
1609
1783
1734
1734
1729
1730
1730
1757
1757
1762
1588
1765
1793
1842
1842
1837
1856
1807
1807
1691
1897
1897
1691
1691
1740
1946
1946
2070
2211
2211
2184
2300
2305
2305
2479
2305
2277
2277
2272
1960
1988
1969
1969
1969
1920
1939
1920
1804
1804
1804
1978
1854
1854
1826
1601
1620
1414
1442
1442
1491
1518
1518
1518
1444
1444
1416
1416
1217
1198
1423
1422
1427
1258
1332
1531
1737
1710
1569
1569
1569
1391
1391
1418
1446
1446
1446
1615
1615
1739
1562
1562
1563
1741
1714
1508
1649
1621
1933
1933
1960
2105
2100
2119
1837
1837
1837
1837
1837
1837
1953
1926
1757
1762
1931
1706
1988
1988
1847
1723
1723
1578
1578
1578
1605
1605
1531
1526
1244
1244
1389
1388
1388
1512
1794
1795
1795
1795
1621
1621
1476
1476
1476
1307
1183
1005
1129
1134
1275
1270
1269
1446
1446
1446
1624
1624
1830
1811
2036
2210
2036
2009
2036
2036
2036
2036
1724
1743
1602
1553
1553
1553
1526
1667
1667
1667
1648
1648
1676
1850
1709
1531
1672
1672
1672
1498
1498
1499
1499
1499
1673
1818
1818
2130
2130
2006
2080
2080
1906
1905
1905
1905
1905
1954
1954
1729
1729
1903
1903
2081
2081
1907
2081
1875
1875
1875
1826
1514
1486
1535
1535
1535
1659
1971
1971
2196
2365
2140
2140
1941
1968
1968
1968
1827
1968
1969
1968
1996
1922
1922
1922
1922
1922
1922
1922
1922
1922
1922
1873
2079
2098
2079
1938
2137
1968
1968
1969
1853
1853
1826
1942
1942
1942
1942
1942
1942
1942
1942
1818
1790
1790
1795
1621
1616
1785
1784
1803
1687
1687
1687
1688
1688
1687
1687
1714
1714
1714
1715
1940
2064
2037
2037
2037
2037
2211
2012
2211
2211
2012
1834
1834
1834
2033
2032
2032
2032
2173
2178
2205
2205
2254
2109
2183
2299
2299
2299
2183
2328
2129
2102
1928
1956
1832
1832
1832
2031
2205
2205
2205
2205
2031
2031
2209
2209
2064
2036
2064
2064
2059
2059
2086
2202
2202
1890
1890
1890
1890
2014
1965
1946
1995
2169
2169
2169
2188
2188
2500
2500
2301
2500
2500
2473
2473
2473
2474
2474
2474
2192
2014
2159
2035
2159
2018
2045
1996
1995
1995
1995
1796
1769
1774
1823
1850
1850
2132
2132
1926
1899
1926
2125
2106
2106
2106
2247
2266
2092
2065
2066
1784
1784
1765
1784
1784
1784
1783
1783
1558
1558
1558
1434
1435
1462
1434
1434
1360
1360
1215
1215
1210
1210
1435
1294
1294
1294
1472
1471
1476
1600
1601
1883
1883
1883
1911
1985
1980
2121
2121
2094
1917
2123
2095
2123
2297
2324
2275
2275
2106
2106
2106
1881
1881
1881
1682
1827
1799
1799
1804
1853
2052
2003
2228
2405
2433
2433
2432
2233
2027
1853
1708
1877
1877
1736
1785
1785
1785
1758
1932
1927
1908
2107
2079
2079
2030
2057
2085
2226
2371
2577
2577
2436
2485
2485
2485
2436
2436
2291
2009
1803
1803
1729
1729
1701
1729
1729
1729
1803
1803
1803
2009
2009
1982
1982
2001
2001
1973
1849
1849
1849
1973
1978
1978
1779
1978
1978
2027
2027
2027
2027
2027
2027
1978
1809
1810
1838
1838
1979
1863
1863
1863
1722
1749
1748
2030
2030
2171
2171
2143
2288
2288
2143
2192
2143
2144
2144
2139
2139
2308
2289
2289
2338
2343
2169
2168
2027
2027
2168
2284
2279
2279
2230
2230
2230
2230
2061
2034
2034
2053
1929
1929
1929
1788
1837
1638
1643
1643
1671
1812
1813
1635
1662
1807
1931
1931
2100
2100
1955
1673
1673
1818
1817
1818
1791
1566
1566
1566
1450
1675
1675
1530
1530
1530
1502
1647
1647
1825
1825
1825
1751
1746
2028
2028
2028
2202
2078
2078
2077
2077
2078
2083
2111
2111
2062
2111
2106
2106
2106
2111
1966
1965
1965
2089
2089
2116
2117
2117
1805
2117
2117
2262
2262
2262
2262
2213
2007
2007
2007
2007
2006
1882
2006
2006
2080
1798
1798
1674
1674
1674
1880
2004
1863
1912
2194
2310
2305
2305
2305
2305
2256
2228
2228
2201
2077
1871
1871
1871
2077
1932
1913
1913
1913
1932
1932
1933
2132
2113
2258
2089
2089
2116
2089
1890
1917
1922
1895
1895
2064
2064
2064
2188
2237
2256
2255
2256
2283
2283
2282
2208
2407
2380
2174
2005
2211
2211
2087
2087
2211
2211
2012
2039
1894
1894
1895
1868
1867
1867
1867
1862
1936
2135
1961
1837
1961
1961
1989
2134
2139
2166
2340
2340
2341
2341
2510
2341
2167
2118
2118
2044
1928
1928
1750
1824
1824
1940
1940
1935
1935
1935
1935
1940
1939
1939
1939
1939
1794
1766
1907
1907
2052
2230
2258
2052
2025
2025
2074
2069
2096
2096
2096
2096
2047
2020
2020
2020
2069
2050
2050
2256
2257
2257
2426
2426
2426
2281
2281
2308
2308
2313
2313
2487
2460
2479
2479
2479
2305
2305
2231
2231
2231
2090
1891
1609
1609
1604
1604
1480
1654
1538
1538
1662
1662
1778
1977
1976
1976
1957
2102
1924
1875
1875
1875
2016
2016
1704
1704
1588
1589
1383
1589
1901
1901
1676
1676
1676
1750
1750
1750
1750
1626
1742
1742
1742
1920
1920
1947
2229
2023
2022
2022
2022
2022
2041
2041
2042
2248
2220
2220
2220
2220
2193
2242
2242
2126
2126
2153
2153
2153
2181
2154
2154
2135
1853
1853
1880
2162
2162
2135
2135
2107
2112
2112
2140
2159
2159
2159
2159
1985
1985
1779
1806
1980
2104
2085
2085
1907
1907
1907
1902
1921
2099
2098
2024
2098
1929
2045
2045
1904
1876
1802
1803
1687
1687
1660
1734
1940
2109
2090
2206
2233
2206
2206
2233
2238
2122
2263
2263
2263
2488
2206
2206
2225
2225
2084
2010
1983
1983
1983
2124
2124
2198
2198
2198
2057
2198
2198
2198
2225
2341
2623
2623
2623
2622
2622
2595
2546
2573
2573
2395
2271
2271
2130
2125
2153
2202
2202
2202
2343
2324
2275
2159
2283
2284
2283
2283
2399
2404
2404
2376
2554
2554
2555
2555
2574
2602
2320
2146
2145
2140
2113
2114
1936
1767
1767
1794
1794
1793
1793
2075
2001
1860
1861
1662
1538
1716
1697
1896
1896
1896
1896
1896
1896
1671
1720
1438
1411
1580
1862
1862
1986
1986
1986
1808
1808
1949
1949
1954
1954
1981
1782
1801
1800
1800
1800
1623
1800
1631
1626
1627
1852
1852
1852
1852
1852
1852
1736
1709
1887
2061
2061
2042
2042
2042
2014
2183
2257
2284
2312
2312
2087
2106
2106
2106
2078
2078
2078
2077
2077
1936
1936
1936
1936
1917
1917
1936
1762
1790
1790
1906
1906
1906
1906
1906
1911
2085
2085
2085
2226
2226
2227
2227
2227
2227
2227
2227
2222
2222
2222
2221
2097
2078
1962
1935
1935
1861
1935
1954
2078
2078
2078
2194
2221
2420
2420
2421
2280
2279
2279
2279
2080
2080
2080
1903
2102
2103
2280
2206
2206
2178
2001
2001
1832
1832
1832
2057
2056
2007
1988
1864
1883
1883
1883
1911
2035
1919
1919
1968
1968
1973
2089
2061
2202
2371
2146
2146
2097
1973
2001
1795
1795
1621
1622
1746
1952
2129
2303
2187
2187
2187
2009
1990
2215
2215
2289
2289
2308
2308
2109
1797
1797
1797
1913
1913
2091
2403
2403
2403
2376
2376
2376
2357
2329
2255
2250
2277
2277
2296
2155
2136
2135
2136
2155
2160
2160
2160
2209
2093
2093
2121
2116
2089
2089
2205
2204
2059
2031
2036
2037
1831
1831
1905
2104
2249
2249
2248
2248
2071
2098
2098
2098
2275
2201
2201
2342
2117
1805
1756
1756
1784
1784
1615
1596
1596
1568
1587
1388
1587
1587
1899
2105
2106
2106
2180
2056
2056
2056
2055
2280
2253
2253
2253
2079
2060
1915
1915
1915
1915
1915
1915
1915
1915
1915
1915
1915
1915
1915
1915
1915
1915
1915
1915
1915
1915
1915
1915
1915
1915
1915
1915
1915
1915
1915
1910
1910
1910
1910
1910
1910
1704
1704
1878
1700
1700
1700
1700
1845
1845
1845
1845
1845
1969
1969
1969
1845
1845
1845
2051
2051
2051
2051
1877
1732
1732
1732
1732
1732
1732
1732
1732
1533
1533
1533
1533
1732
1732
1906
1906
2084
2084
2084
2084
2084
1878
1878
1878
2084
2084
2208
2208
2208
2208
2208
2208
2208
2208
2208
2208
2208
2208
2208
2084
2084
2089
1864
1864
1864
1864
1864
1864
1864
1864
1864
1864
2089
2089
2089
2084
2084
2084
2229
2257
2381
2240
2289
2111
2111
1987
2128
2306
2306
2306
2306
2306
2306
2307
2279
2403
2354
2353
2208
2208
2208
2084
2084
2208
2208
2208
2208
2208
2208
2208
2208
2208
2208
2208
2134
2134
2134
2134
2134
2134
2134
2010
2010
2010
2015
2015
2015
2015
2015
2015
2015
2015
2089
2089
2089
2015
2015
2015
2015
2015
2015
2015
2015
2015
2015
2015
2015
2015
2015
2015
2015
2015
2089
2089
2089
2089
1864
1864
1864
1864
1864
1864
1864
1864
1864
1864
1859
1859
1864
1864
1864
2089
2089
2089
2089
2089
2089
2089
2089
2089
2084
2084
2084
2084
2084
2208
2208
2208
2208
2208
2208
2208
2208
2208
2208
2208
2208
2208
2002
2002
2002
2002
2002
1928
1928
1928
1928
1928
1928
1928
1928
1812
1812
1812
1812
1812
1812
2018
1793
1793
1793
1793
1793
1793
1820
1820
1820
1820
1820
1820
1820
1820
1820
1820
1793
1793
1652
1797
1797
1797
1797
1797
1797
1797
2022
2022
2022
2022
2022
1844
1670
1839
2013
2062
2062
2062
2062
2062
2136
2136
2136
2136
2277
2277
2277
2132
2132
2132
2132
1991
1991
1991
1991
1991
1991
1991
1991
2132
1926
2071
2071
2071
2071
2071
2071
2071
2071
2071
2071
2071
1926
1926
1926
1926
2132
2277
2277
2277
2277
2277
2277
2277
2277
2277
2277
2277
2277
2277
2277
2277
2277
2277
2277
2132
2132
2132
2132
2132
2132
2132
2132
2132
2132
2132
2132
2132
2132
2132
2132
2132
2132
2132
2008
2008
2153
1928
1928
1928
1928
1928
1928
1928
1928
1928
2052
2052
2052
2052
2052
2052
1928
1928
1928
1722
1722
1722
1722
1722
1722
1722
1722
1722
1722
1722
1722
1577
1577
1577
1722
1722
1722
1928
1928
1928
1928
1928
1928
1928
1928
1854
1854
1854
1854
1854
1854
1854
1928
1928
1783
1783
1783
1783
1928
1928
1928
1928
1928
1928
1928
1928
1928
1928
1928
1928
1928
1928
1928
1928
1928
1928
1928
1928
1928
1928
1928
1928
1928
1928
1928
1928
1928
1928
2153
2277
2277
2277
2277
2132
1907
1766
1766
1766
1766
1766
1766
1991
1991
1991
2136
2136
2062
2062
2062
2136
2136
2136
2136
1911
1787
1787
1787
1787
1787
1787
1642
1642
1642
1787
1787
1911
1911
1911
1911
2052
2052
2052
2052
2052
2052
2052
2052
2052
2052
2277
2277
2277
2277
2277
2277
2277
2277
2277
2277
2277
2277
2277
2277
2132
2132
2132
2132
2132
2132
2132
2132
2132
2132
2277
2136
2136
2136
2136
2136
2012
2012
2012
2012
2012
2012
2012
2012
2012
2012
2012
2012
2012
2012
2012
1838
1838
1838
1838
1838
1857
1857
1857
1838
1838
1764
1715
1893
1893
1893
1893
1893
1893
1893
2067
2067
2067
2067
2067
2067
2067
2067
2067
2086
2086
1908
2049
2049
2049
2049
2049
2049
2049
2049
2049
2049
2049
1850
1850
2049
2049
2049
2049
2049
2049
2049
2049
2049
2049
1850
1850
1850
1850
2049
2049
2049
2049
2049
2049
2049
2049
2049
2049
2049
2049
2049
2049
2049
2049
2049
2227
2227
2028
2028
1887
1887
1887
1887
1887
1868
1868
1694
1694
1694
1694
1694
1893
1893
1893
1893
1893
1893
1893
1716
1716
1890
1890
1890
1890
2014
2014
1890
1890
1890
1890
1918
1918
1918
1918
1918
1918
1918
2042
2091
2091
2091
2091
2091
2091
2091
2091
2091
1892
1892
1892
1892
1892
1892
1892
1892
1892
1892
1892
1892
1892
1892
1892
1892
1892
1892
1892
1892
1892
1892
1892
1892
1892
2091
1917
1917
1917
1917
1917
2091
2091
2091
2091
2091
2091
2091
2091
2091
2091
2091
2091
2091
2091
2091
2091
2091
2091
2091
2091
2091
1866
1866
1893
1893
1893
1893
1893
1893
1893
1893
1893
1893
1893
1893
1893
1893
1893
1893
1893
1893
1893
1893
1893
1893
1893
1893
1893
1893
1893
1893
1893
1893
1893
1893
1893
1893
1893
1893
1866
1866
1866
1866
1866
1866
1866
1866
1817
1844
1816
1816
1816
1816
1816
1816
1844
1844
1844
1844
1817
1817
1866
1866
1866
1866
1866
1866
1866
1866
1893
1893
1893
1893
1893
1893
1893
1893
1893
1893
1893
1893
1893
1893
1893
1893
1893
1893
1893
1893
1893
1893
1893
1893
1893
1866
1866
1866
1866
1866
1866
1866
1866
1866
1866
1893
1893
1893
1893
1893
1694
1694
1694
1694
1694
1694
1694
1694
1694
1694
1694
1694
1694
1694
1694
1694
1694
1694
1694
1694
1694
1694
1893
1866
1866
1866
2091
2091
2091
2091
2091
2091
2042
2042
2042
2042
2042
2042
2042
1868
1868
1868
1744
1744
1868
1868
1868
1868
1868
1840
1840
1840
1956
1956
1956
1956
1956
1956
1956
1956
1956
1956
1956
1956
1956
1956
1956
1956
1956
1956
1956
1956
1956
1956
1840
1956
1956
1956
1757
1757
1757
1757
1956
1956
1956
1956
1956
1956
2133
2133
1988
1988
1988
1988
1988
1872
1872
1872
1872
1988
1988
1988
1988
1782
1782
1782
1782
1782
1927
1927
1927
1750
1750
1750
1750
1927
1927
1782
1782
1923
1923
1923
1923
1923
1923
1754
1754
1754
1754
1630
1630
1630
1630
1630
1804
1804
1804
1804
1804
1804
1804
1804
1804
1804
1878
1878
1878
1878
1878
1878
1878
1878
1878
1878
1878
1878
1878
1878
1878
1878
1878
1878
2084
2084
2010
2015
2015
2015
2015
1899
1899
1899
2015
2015
2015
2015
2015
2015
2015
2015
2015
2015
2015
2010
2010
2010
2010
2010
2010
1833
1833
1833
1833
1838
2015
2015
2015
2015
2015
2015
2015
2015
2015
2015
2015
2089
2089
2089
2089
2089
2089
2089
2089
2089
2089
2089
2089
2089
2089
2089
2089
2015
2015
1841
1841
1841
1664
1664
1659
1828
1828
1828
1828
1828
1828
1828
1828
1828
1828
1828
1828
1828
1828
1952
1952
1828
1828
1952
1952
1952
1952
1952
1952
1952
1952
1952
1952
1952
1952
1952
1828
1828
1828
1828
1828
1712
1712
1889
1889
1889
1889
1889
1889
1889
1889
1889
1711
1885
2063
2063
2063
1894
1894
1894
1753
1753
1753
1898
1898
1898
1898
1898
1898
1898
1898
1898
1898
1673
1673
1673
1673
1797
1966
1966
1966
1760
1760
1985
1985
1985
1985
1985
1985
1985
1985
1985
1985
1985
1985
1985
1985
1985
1985
1985
1985
1985
1985
1985
1985
1816
1816
1816
1816
1816
2022
2022
2022
2022
1877
1877
1877
1877
1877
2018
2018
2018
2018
2018
2018
2018
2187
2187
2187
2187
2187
2187
2187
2187
2187
2187
2187
2187
2187
2187
2187
2187
2187
1981
1981
1981
2187
2187
2010
2010
2010
2010
1785
1785
1644
1644
1644
1789
1789
1789
1789
1789
1789
1611
1611
1611
1611
1611
1789
1789
1789
1789
1816
1844
1844
1816
1816
1993
1993
1993
1993
1993
1993
1993
1993
1848
1848
1821
1821
1821
1821
1821
1821
1821
1821
1821
1821
1848
1848
1848
1848
1848
1848
1848
1848
1679
1824
1824
1797
1797
1797
1652
1652
1652
1652
1652
1652
1652
1877
1877
1877
2018
2018
2018
1812
2018
2018
2018
2018
2018
2018
2187
2187
2187
2187
2187
1981
1981
1812
1812
1812
1812
1812
1812
1812
2018
2018
2018
2018
2018
2018
2018
2018
1877
1877
1877
1678
1678
1877
1993
1993
1993
1993
1993
1993
1993
1993
1993
1993
1993
1993
1993
1993
2138
2138
2022
1898
1898
1898
1898
1898
1898
1898
1898
1917
2086
2086
2086
2086
2086
2067
2067
2067
2067
2067
2067
2067
2067
2191
2022
2022
2022
2022
2022
2022
2022
2022
2022
2022
2022
1816
1692
1816
1816
1816
1816
1816
1816
1816
1816
1816
1816
1816
1816
1985
1808
1808
1808
1808
1808
1808
1808
1808
1808
1808
1808
1808
1808
1808
1808
1808
1808
1985
1985
1985
1985
1985
2191
2191
2191
2191
2191
2191
2191
1992
1992
1992
2191
2191
2191
2191
2191
2067
2067
2067
2067
2067
2067
2067
2067
2067
2067
2067
2067
2086
2086
2086
2086
2086
1917
1917
1917
1917
1917
1917
1917
2086
2086
2086
2086
2086
2086
2086
1917
1917
1917
1917
1917
1917
2086
2086
2086
2086
2086
2086
2086
2086
2086
1941
1941
1941
1941
1941
1772
1772
1753
1869
1869
1869
2014
2014
2014
2014
2014
2014
2014
2014
2014
2014
2014
2014
2014
2014
2014
2014
2014
2014
2014
2088
2088
2088
2088
2088
2088
2088
2088
2088
2088
2088
2088
2088
1943
1718
1842
1842
2067
2067
2067
2067
2067
2212
2212
2212
2212
2088
2088
2088
2088
2088
2088
2088
2088
2088
2088
2088
2014
2014
2014
2014
2014
2014
2014
2014
1869
1869
1869
1869
1943
1943
1943
1943
1943
1943
1943
1943
1943
1765
1765
1765
1765
1765
1765
1765
1765
1765
1765
1906
2051
2175
2175
2175
2175
2175
2175
2175
2175
2051
2051
2051
1910
1910
1910
1910
1910
1910
1910
1910
1910
1910
1910
1910
1910
1910
1910
1736
1736
1736
1736
1736
1736
1736
1736
1910
1910
1910
2051
2051
2175
2175
2175
2175
2175
2175
2175
2175
2175
2175
2051
2051
2051
2051
2051
2051
2051
2051
2051
2051
2051
2051
2051
2051
2051
2051
2051
1910
2051
2051
2051
2051
2051
2051
2051
2051
2051
1877
1877
1877
1877
1877
1877
1877
1877
1877
2046
2046
2046
2046
2046
2046
2046
2046
2046
2046
2046
2046
2046
2046
2046
2046
2046
2046
2046
2046
1877
1877
1877
1877
1877
1877
1877
1877
1877
1877
1877
1877
1877
1877
1877
1877
1877
1877
1877
1877
2046
2046
2046
2046
2046
2046
2046
2046
2046
2046
2046
2046
2046
2046
2046
2046
2046
2046
2046
2046
2046
2046
2046
2046
2046
2046
2046
2046
2046
2046
2046
2046
2046
2046
2046
2046
2046
2046
2046
2046
2046
2046
2046
2046
2046
2046
2046
1840
1840
1840
1840
1840
1840
1840
1840
1840
1840
1840
1840
1840
1840
1840
1695
1695
1695
1695
1695
1695
1695
1840
2046
2046
2046
2046
2046
2046
2046
2046
2046
2046
2046
2046
2046
2046
2046
2046
1905
2046
2046
2046
2046
2046
2046
2046
2046
2046
2046
2046
2046
2046
2046
2046
2046
2046
2046
2046
2046
2046
2046
2046
2046
1901
1901
1901
1901
1901
1901
1901
1901
1901
1901
1901
1901
1901
1901
1901
1901
2079
2079
2079
2079
2079
2079
2079
2079
2079
2079
2079
2005
2005
2005
2005
2005
2005
2005
2005
2129
2129
2129
2129
2129
2129
2129
2129
2129
2129
2129
2129
2129
2129
2129
2129
2129
2129
2129
2129
2129
2129
2129
2129
2129
2129
2129
2129
2129
2129
2129
2129
2129
2129
2129
2129
2129
2129
2129
1952
1952
1952
1952
1952
1952
1952
1952
1952
1952
1952
1836
1836
1836
2010
2010
2010
2010
2010
2010
2010
2010
2010
2010
1804
1804
1804
1804
1804
2010
2010
2187
2187
2187
2187
2187
2187
2187
2187
2187
2187
2187
2187
2187
2187
2187
2187
2187
2063
2082
2082
2082
2082
1913
1913
1913
1913
1913
1913
1913
1913
1913
1913
1894
1894
1894
1894
1894
2018
1840
1840
1840
2018
2018
2018
2018
2018
2018
2018
2018
2018
2018
2018
2018
2018
2018
2018
2134
2208
2208
2208
2208
2208
2208
2208
2208
2208
2208
2208
2208
2208
2208
2208
2208
2208
2208
2208
2208
2208
2208
2208
2208
2208
2208
2067
2067
2067
2067
2067
2067
2067
2067
2067
2067
2067
2067
2067
2212
2212
2212
2212
2212
2212
2212
2212
2212
2212
2212
2212
2212
2212
2212
2212
2212
2212
2212
2212
2212
2212
2212
2212
2212
2212
2212
2212
2138
2212
2212
1987
1987
2212
2212
2212
2212
2212
2212
2212
1987
1987
1987
1987
1987
1987
1987
1987
1987
1987
1987
1913
1913
1913
2138
2138
1993
1993
1993
2134
2134
2208
2067
2067
2067
2067
2067
2067
2067
2067
2067
2067
2067
2067
2067
2067
2067
2067
2067
2067
2067
2067
2067
2067
2067
2067
2067
2067
2067
2212
2212
2212
2212
2212
2212
2212
2212
2212
2212
2212
2212
2212
2212
2212
2212
2212
2212
2212
2212
2212
2212
2138
2138
2138
2138
2138
2138
2138
2138
2138
2138
2138
2138
2138
2138
2138
2138
2138
2138
2138
2138
2212
2212
2212
2212
2212
2212
2212
2212
2212
2212
2212
2212
2212
2212
2212
2212
2212
2212
2212
2212
2067
2067
2067
2067
2067
2067
2067
2067
2067
2067
2067
2067
2067
1889
1889
1889
1889
1889
1889
1889
1889
1889
1889
1889
2067
2212
2212
2212
2212
2212
2088
2212
1987
1987
1987
1987
1987
1987
1987
1987
2212
1987
1987
1987
1987
1987
1987
1913
1913
1913
1913
1913
1913
1913
1768
1768
1768
1768
1768
1768
1842
1842
1842
1842
1842
1842
1842
1842
1842
1842
2067
2067
2067
2067
1993
2138
2138
2138
2212
2212
2212
2088
2088
2088
2212
2212
2212
2212
2212
2212
2212
2212
2212
2212
2212
2212
2212
2212
2212
2212
2212
2212
2212
2212
2212
2212
2212
2212
2138
2138
1993
1993
1993
1993
1993
1993
1993
1993
1993
2138
2212
2212
2212
2212
2212
2212
2212
2212
2212
2212
2212
2212
2212
2212
2212
2212
2138
2138
2138
2138
2138
2138
2138
2138
2138
2138
2138
2138
2138
2138
2138
2138
2138
2138
2014
2014
2014
2138
2138
2138
1913
1913
1913
1913
1913
1913
1913
1913
1913
1913
1987
1987
2212
2212
2212
2212
2212
2212
2212
2212
2212
2212
2034
2034
2034
2034
2034
2034
2034
2034
1809
1809
1809
1809
1809
1809
1809
1809
1809
2034
2034
2034
2034
2034
2034
2034
2034
2034
2034
2034
2034
2034
2212
2212
2212
2212
2212
2212
2212
2212
2212
2212
2212
2212
2212
2212
2212
2067
2067
2067
2067
1889
1889
2034
2034
2034
2034
2034
2034
2034
2034
2034
1809
1809
1809
1809
1809
1809
1809
1809
1809
1809
2034
2034
2034
2034
2034
2175
2175
2175
2175
2175
2175
2175
2175
2175
2175
2175
2175
2175
2175
2175
2175
2175
2175
2175
2175
2175
2175
2175
2175
2175
2175
2175
2175
2175
2175
2175
2175
2175
2175
1950
1950
1950
1950
2175
2175
2175
2175
2175
2175
2175
2175
2175
2175
2175
2175
2175
2175
2175
2175
2175
2175
2175
2175
2175
2175
2175
2175
2175
2175
2175
2175
2175
2175
2175
2175
2175
2175
2175
2175
2175
2175
2175
2175
2175
2175
2175
2175
2175
2175
2051
2051
2051
2051
2051
2051
2051
2051
2051
2051
2051
2051
2051
2175
2175
2175
2175
2175
2175
2175
2175
2175
2175
2175
2175
2175
2175
2175
2175
2175
2175
2175
2175
2175
2175
2175
2175
2175
2175
2175
2175
2175
2175
2175
2175
2175
2175
2175
2175
2175
2175
2175
2175
2175
2175
2175
2175
2175
2175
2175
2175
2175
2175
2175
2175
2175
2175
2175
2175
2175
2175
2175
2175
2175
2175
2175
2175
2175
2175
2175
2175
2175
2175
2175
2175
2175
2175
1950
1950
1950
1950
1950
1950
1950
1950
1950
1950
1950
1950
1950
1950
1950
1950
1950
1950
1950
1950
2175
2175
2175
2175
2175
2175
2175
2175
2175
2175
2175
2175
2175
2175
2175
2175
2175
2175
2175
2175
2175
2175
2175
2175
2175
2175
2175
2175
2175
2175
2175
2175
2175
2175
2175
2175
2175
2175
2175
1969
1969
1969
1969
1969
1969
1969
1969
2175
2175
2175
2175
2175
2175
2175
2175
2175
2175
2175
2175
2175
2175
2175
2175
2175
2175
2175
2175
2175
2175
2175
2175
2175
2175
2175
2175
2175
2175
2175
2175
2175
2051
2051
2051
2051
2051
2051
2051
2051
1910
2088
2088
2088
2088
2088
2088
2212
2212
2212
2212
2212
2212
2212
2006
2006
2006
2006
2006
2006
2006
2006
2212
2212
2034
2034
2175
2175
2175
2051
2051
2051
2051
2051
2051
2051
2051
2051
2051
2051
2051
2051
2051
2051
2051
2051
2051
2051
2051
2051
2051
2175
2175
2175
2175
2175
2175
2175
2175
2175
2175
2175
2175
2175
2175
2175
2175
2175
2175
2175
2175
2175
2175
2175
2175
1969
1969
1969
1969
1969
1969
1969
1969
1969
1969
1969
1969
1969
1969
1969
1969
1969
1969
1969
1969
1969
1969
1969
1969
1969
1969
1845
1845
1969
1969
1969
2175
2175
2175
2175
2175
2175
2175
2175
2175
2175
2175
2175
2175
2175
2175
2175
2175
2175
2175
2175
2175
2175
2175
2175
2175
2175
2175
2175
2175
2175
2175
2175
2175
2175
2175
2175
2175
2175
2175
2175
2175
2175
2175
2175
2175
2175
2175
2175
2175
2175
2175
2175
2175
2175
2175
2175
2175
2175
2175
2175
2175
2051
2051
2051
2051
2051
2051
2051
2051
2051
2051
2051
1910
1910
2034
2212
2212
2212
2212
2212
2212
2034
2212
2212
2212
2212
2212
2212
2212
2212
2212
2212
2212
2034
2034
2034
2034
2175
2034
2034
2034
2212
2212
2212
2212
2212
2212
2212
2212
2212
2212
2212
2212
2212
2212
2212
2212
2212
2212
2212
2212
2212
2212
2212
2212
2212
2212
2212
2212
2212
2212
2212
2212
2212
2212
2212
2212
2212
2212
2212
2212
2212
2212
2212
2212
2212
2212
2212
2212
2212
2212
2212
2212
2212
2212
2212
2212
2212
2212
2212
2212
2212
2212
2212
2212
2212
2212
2212
2212
2212
2212
2212
2212
2212
2212
2212
2212
2212
2212
2212
2212
2212
2212
2212
2212
2212
2212
2212
2212
2212
2034
2034
2175
2175
2175
2175
2175
2175
2175
2175
2175
2175
2034
2034
2175
2175
2175
2175
2175
2175
2175
2175
2175
2175
2175
2175
2175
2175
2175
2175
2175
2034
2175
2175
2175
2175
2175
2175
2175
2175
2175
2175
2175
2175
2175
2175
2175
2175
2175
2175
2175
2175
2175
2175
2175
2175
2175
2175
2175
2175
2175
2034
2034
2034
2034
2034
2034
2034
2034
2034
2034
2034
2034
2034
2034
2034
2034
2034
2034
2034
2034
2034
2034
2034
2175
2175
2175
2175
2175
2175
2175
2175
2175
2175
2175
2175
2175
2175
2175
2175
2175
2175
2175
2175
2175
2175
2175
2175
2175
2175
2175
2175
2175
2175
2175
2175
2175
2175
2175
1863
1863
1863
1863
1863
1863
1863
1863
1863
2175
2175
2175
2175
2175
2175
2175
2175
2175
2175
2175
2175
2175
2175
2175
2175
2175
2175
2175
2175
2175
2175
2175
2175
2175
2175
2175
2175
2175
2175
2175
2051
2051
2051
2051
2051
2175
2175
2175
2175
2175
2175
2175
2175
2175
2175
2175
2175
2175
2175
2175
2175
2175
2175
2175
2175
2175
2175
2175
2175
2175
2175
2175
2175
2175
2175
2175
2175
2175
2175
2175
2175
2175
2175
2175
2175
2175
2175
2175
2175
2175
2175
2175
2175
1950
1950
1950
1950
1950
1950
1950
1950
1950
1950
1950
1950
1950
2175
2175
2175
2175
2175
2175
2175
2175
2175
2175
2175
2175
2175
2175
2175
2175
2175
2175
2175
2175
2175
2175
2175
2175
2175
2175
2175
2175
2175
2175
2175
2175
2175
2175
2175
2175
2175
2175
2175
2175
2175
2175
2175
2175
2175
2175
2175
2175
2175
2175
2175
2175
2175
2175
2175
2175
2175
2175
2175
2175
2175
2175
2175
2175
2175
2175
2175
2175
2175
2175
2175
2175
2175
2175
2175
2175
2175
2030
2030
2030
2030
2030
2030
2030
2030
2030
2208
2208
2208
2208
2208
2208
2208
2208
2208
2208
2208
2208
2208
2134
2134
2134
2208
2134
2134
2134
2134
2134
2134
2134
2134
2134
2134
2134
2134
2134
2134
2134
2134
2134
2134
2134
2134
2134
2134
2134
2134
2134
2134
2134
2208
2208
2208
2208
2208
2208
2208
2208
2208
2208
2208
2208
2208
2208
2208
2208
2084
2084
2084
2010
1894
1894
1669
1669
1669
1838
1838
1838
1838
1697
1697
1697
1697
1697
1697
1697
1697
1697
1528
1673
1673
1797
1797
1824
1824
1824
1824
1824
1824
1824
1824
1824
1824
1824
1824
1824
1824
1824
1797
1797
1913
1913
1987
1987
1987
2212
2212
2212
2212
2212
2212
2212
2212
2212
2212
2212
2212
2212
2212
2212
2212
2212
2212
2212
2212
2212
2212
2212
2212
2212
2212
2212
2212
2212
2212
2212
2212
2212
2212
2212
2212
2212
2212
2212
2212
2212
2212
2212
2212
2212
2212
2212
2212
2212
2212
2212
2212
2212
2212
2212
2212
2212
2212
2212
2212
2212
2212
2212
2212
2212
2212
2212
2212
2212
2212
2212
2212
2212
2212
2212
2212
2212
2212
2212
2212
2212
2212
2212
2138
2138
2138
2138
2138
2138
2138
2138
2138
2138
2138
2138
2138
2138
2138
2138
2138
2138
2138
2138
2138
2138
2138
2138
2138
2138
2138
2138
2138
2138
2138
2138
2138
2138
2014
2014
2014
2014
2138
2138
2138
2138
2138
2212
2212
2212
2212
2212
2212
2212
2138
2138
2138
2138
2138
2138
2138
2138
2138
2138
2138
2138
2138
2138
2138
2138
2138
2138
2138
2138
2022
2022
2022
2022
2022
2022
2022
2022
2022
2022
2022
2022
2138
2138
2138
2138
2138
2138
2138
2138
2138
2138
2138
2138
2138
2138
2138
2138
2138
2212
2212
2212
2212
2212
2212
2212
2212
2212
2212
2212
2212
2212
2138
2138
2138
2022
2191
2191
2191
2191
2191
2191
2191
2191
2191
2191
2046
2046
2046
2046
2046
2046
2046
2046
2046
2046
2046
2046
2046
2046
2046
2046
2046
2046
2046
2046
2046
2191
2191
2191
2191
2191
2191
2191
2191
2191
2191
2191
2191
2191
2191
2191
2191
2191
2191
2191
2191
2191
2191
2017
2017
2017
2017
2017
2017
2017
2017
2017
2017
2017
2017
2017
2017
2017
2191
2191
2191
2191
2191
2191
2191
2191
2191
2191
2191
2191
2191
2191
2191
2191
2191
2191
2191
2191
2191
2191
2191
2191
2191
2191
2191
2191
2191
2191
2191
2191
2191
2191
2191
2191
2191
2191
2191
2191
2191
2191
2191
2191
2191
2191
2191
2191
2191
2191
2191
2191
2191
2191
2191
2191
2191
2191
2191
2191
2191
2191
2013
2013
2013
2013
2013
2013
2013
2013
2013
2013
2154
2154
2154
2013
2013
2062
2062
2062
2136
2136
2136
1991
1991
1991
1991
1991
1867
1886
1886
1886
1886
1886
1886
1886
1886
1886
1886
1886
1886
1886
1886
1886
2027
2172
2172
2172
2153
2153
2153
2153
2153
2153
2153
2153
2153
2153
2153
2153
2153
2079
2079
2079
2079
2079
2079
2079
2079
2079
2079
2079
2079
2079
2079
2079
2079
2079
2079
2079
2079
2079
2203
2058
2058
2058
2058
2058
2058
2058
2058
2058
2132
2132
2058
2132
2132
2132
2132
2132
2132
2132
2008
2008
2008
2008
2008
2008
2008
2008
2008
2008
2132
2132
2132
2132
2132
2132
2132
2132
2132
2132
2132
2132
2132
2132
2132
2132
2132
2132
2132
2132
2132
2132
2132
2132
2132
2132
2132
2132
2132
2132
2132
2132
2132
2277
2277
2277
2277
2277
2277
2277
2277
2277
2277
2277
2277
2277
2277
2132
2132
2132
2132
2277
2277
2277
2277
2277
2277
2277
2277
2277
2277
2277
2277
2203
2203
2203
2203
2154
2154
2154
2154
2154
1985
1985
1985
1985
1985
2154
2154
2154
2154
2154
2154
2154
2154
2154
2154
2154
2154
2154
2154
2154
2154
2154
2154
2154
2154
2154
2154
2154
2154
2154
2154
2154
2154
2154
2154
2154
2154
2154
2154
2154
2154
2154
2154
2154
2154
2154
2154
2154
2154
2203
2203
2203
2203
2203
2203
2203
2203
2203
2203
2203
2203
2203
2203
2203
2203
2203
2203
2203
2203
2203
2203
2203
2203
2203
2203
2203
2203
2203
2203
2203
2203
2203
2203
2203
2203
2203
2203
2203
2203
2203
2203
2203
2154
2154
2154
2154
2154
2154
2154
2154
2154
2154
2154
2154
2154
2154
2154
2154
2154
2154
2154
2154
2154
2154
2154
2154
2154
2154
2154
2154
2154
2154
2154
2154
2154
2154
2154
2154
2154
2154
1977
1977
1977
1977
1977
1977
1977
1977
1977
1977
1977
1977
1977
1977
1977
1977
1977
1977
2154
2154
2154
2154
2154
2154
2203
2203
2203
1978
1978
1978
1978
1978
1978
1978
1978
1978
1929
1929
1929
2154
1980
1980
1980
1980
1980
1980
1980
1980
2029
2029
2029
2029
2029
2029
2029
2029
2029
2029
2029
2029
2029
2203
2203
2203
2203
2203
2277
2277
2277
2277
2277
2277
2277
2277
2277
2277
2277
2277
2277
2277
2277
2277
2277
2277
2277
2277
2277
2277
2277
2277
2277
2277
2277
2277
2277
2277
2132
2132
2132
2058
2058
2009
2009
2009
2009
2009
2154
2154
2154
2154
2154
2154
2154
2154
2154
2154
2154
2154
2154
2154
2154
2154
2154
2154
2154
2154
2154
2154
2154
2154
2154
2154
2154
2154
2154
2154
2154
2154
2154
2154
2154
2013
2013
2013
2154
2154
2154
2154
2203
2203
2203
2203
2203
2154
2154
2154
2154
2154
2154
2154
2154
2154
2154
2154
2154
2154
2154
2154
2154
2154
2154
2203
2203
2203
2203
2203
2203
2203
2203
2203
2203
2203
2203
2203
2203
2203
2203
2203
2203
2203
2203
2203
2203
2203
2203
2277
2277
2277
2277
2277
2277
2277
2277
2277
2277
2277
2277
2277
2277
2277
2277
2277
2277
2277
2277
2277
2277
2277
2277
2277
2277
2277
2277
2277
2277
2277
2277
2277
2277
2277
2203
2203
2203
2203
2203
2203
2154
2154
2154
2154
2154
2154
2154
2154
2154
2154
2154
2154
2154
2154
2203
2203
2203
2203
2203
2203
2203
2154
2154
2203
2203
2203
2203
2203
2203
2203
2203
2154
2154
2154
2154
2154
2154
2154
2030
2030
2030
2030
2030
2030
2030
2030
2079
2079
2079
2079
2203
2203
2203
2203
2203
2203
2203
2203
2203
2203
2203
2203
2203
2203
2203
2203
2203
2277
2277
2277
2277
2277
2277
2277
2277
2277
2277
2277
2277
2277
2277
2277
2277
2277
2277
2277
2277
2277
2277
2277
2277
2153
2153
2153
2153
2153
2153
2153
2153
2153
2153
2153
2153
2153
2153
2153
2153
2153
2153
2153
2153
2153
2153
2172
2172
2172
2172
2172
2172
2153
2153
2153
2153
2153
2153
2153
2153
2153
2277
2277
2277
2277
2277
2277
2277
2203
2203
2203
2203
2203
2203
2203
2203
2203
2203
2203
2203
2203
2277
2277
2277
2277
2277
2277
2277
2277
2277
2277
2277
2277
2277
2277
2277
2277
2277
2277
2277
2277
2277
2277
2277
2277
2277
2277
2277
2277
2277
2277
2277
2277
2277
2277
2277
2277
2277
2277
2277
2277
2277
2277
2277
2277
2277
2277
2277
2277
2277
2277
2277
2277
2277
2277
2277
2277
2277
2277
2277
2277
2277
2277
2277
2277
2277
2277
2277
2277
2277
2277
2277
2277
2277
2277
2277
2277
2277
2277
2277
2277
2277
2277
2277
2277
2277
2277
2277
2277
2277
2277
2277
2277
2277
2277
2277
2277
2277
2277
2277
2277
2277
2277
2277
2277
2277
2277
2277
2277
2277
2277
2277
2277
2277
2277
2277
2277
2277
2277
2277
2277
2277
2277
2277
2277
2277
2277
2277
2277
2277
2277
2277
2277
2277
2277
2277
2277
2277
2277
2277
2277
2277
2277
2277
2277
2277
2277
2277
2277
2277
2277
2277
2277
2277
2277
2277
2277
2277
2277
2277
2277
2277
2277
2203
2203
2203
2203
2203
2203
2203
2203
2203
2203
2154
2154
2154
2154
2154
2154
2203
2203
2203
2203
2203
2203
2203
2203
2203
2277
2277
2277
2277
2277
2277
2277
2277
2277
2277
2277
2277
2277
2277
2277
2277
2277
2277
2277
2277
2277
2277
2277
2277
2277
2277
2277
2277
2277
2277
2277
2277
2277
2277
2277
2277
2277
2277
2277
2203
2154
2154
2154
2154
2154
2154
2154
2154
2154
2154
2154
2154
2154
2154
2154
2154
2154
2154
2154
2154
2154
2154
2154
2154
2154
2154
2154
2154
2154
2154
2154
2154
2203
2203
2203
2203
2203
2203
2203
2203
2203
2277
2277
2277
2277
2277
2277
2277
2277
2277
2277
2277
2277
2277
2277
2277
2277
2277
2277
2277
2277
2277
2277
2277
2277
2277
2277
2277
2277
2277
2277
2277
2277
2277
2277
2277
2277
2277
2277
2277
2277
2277
2153
2153
2153
2153
2153
2153
2153
2079
2079
2079
2153
2172
2172
2172
2172
2172
2172
2172
2172
2172
2172
2172
2172
2172
2172
2172
2172
2172
2172
2172
2172
2153
2153
2153
2153
2153
2153
2153
2153
2153
2153
2153
2153
2153
2153
2153
2153
2153
2277
2277
2277
2277
2277
2277
2277
2277
2277
2277
2277
2277
2277
2277
2277
2277
2277
2132
2132
2132
2132
2132
2132
2132
2132
2132
2132
2132
2132
2132
2132
2132
2277
2277
2277
2277
2277
2277
2277
2277
2277
2277
2277
2277
2277
2277
2277
2277
2277
2277
2277
2277
2277
2277
2277
2277
2277
2277
2277
2277
2277
2277
2277
2277
2277
2277
2277
2277
2277
2277
2277
2277
2277
2277
2277
2277
2277
2277
2277
2277
2277
2277
2277
2277
2277
2277
2277
2277
2277
2277
2277
2277
2277
2277
2277
2277
2277
2277
2277
2277
2277
2277
2277
2277
2277
2277
2277
2277
2203
2203
2154
2154
2154
2154
2154
2203
2154
2154
2154
2154
2154
2154
2154
2154
2154
2154
2154
2154
2203
2203
2203
2203
2203
2203
2203
2203
2026
2026
2203
2203
2203
2203
2203
2203
2203
2203
2203
2203
2203
2203
2203
2203
2203
2203
2203
2203
2203
2203
2203
2062
2062
2062
2203
2277
2277
2277
2277
2277
2203
2062
2062
2062
2203
2203
2203
2203
2203
2203
2203
2203
2203
2203
2203
2203
2203
2203
2203
2277
2277
2277
2277
2277
2277
2277
2277
2277
2277
2277
2277
2277
2277
2277
2277
2277
2277
2277
2277
2277
2277
2277
2277
2277
2277
2277
2277
2277
2277
2277
2277
2277
2277
2277
2277
2277
2277
2277
2277
2277
2277
2277
2277
2277
2277
2277
2277
2277
2277
2277
2277
2277
2277
2277
2277
2277
2277
2277
2277
2277
2277
2277
2277
2277
2277
2277
2277
2277
2277
2277
2277
2277
2277
2277
2277
2277
2277
2277
2277
2277
2277
2277
2277
2277
2277
2277
2277
2277
2277
2277
2277
2277
2277
2277
2277
2277
2277
2277
2277
2277
2277
2277
2277
2277
2277
2277
2277
2277
2277
2277
2277
2277
2277
2277
2277
2277
2277
2277
2277
2277
2277
2277
2277
2277
2277
2277
2277
2277
2277
2277
2277
2277
2277
2277
2277
2277
2277
2277
2277
2277
2277
2277
2277
2277
2277
2277
2277
2277
2277
2277
2277
2277
2277
2277
2277
2277
2277
2277
2277
2277
2277
2277
2277
2277
2277
2277
2277
2277
2203
2203
2203
2203
2203
2203
2203
2203
2203
2154
2154
2154
2154
2154
2203
2203
2277
2277
2277
2277
2277
2277
2277
2277
2277
2277
2277
2277
2277
2277
2277
2277
2277
2277
2277
2277
2277
2277
2277
2277
2277
2277
2277
2277
2277
2277
2277
2136
2136
2136
2136
2136
2136
2136
2136
2136
2136
2136
2136
2136
2136
2136
2277
2277
2277
2277
2277
2277
2277
2277
2277
2277
2277
2277
2277
2277
2277
2277
2277
2277
2277
2277
2277
2277
2277
2277
2277
2277
2277
2277
2136
2136
2136
2136
2277
2277
2277
2277
2277
2277
2153
2153
2153
2153
2153
2172
2172
2172
2172
2172
2172
2172
2172
2172
2172
2172
2172
2172
2172
2172
2172
2172
2172
2172
2172
2172
2172
2172
2172
2172
2172
2172
2172
2172
2172
2172
2172
2172
2172
2172
2172
2172
2172
2172
2172
2172
2172
2172
2172
2172
2172
2172
2172
2172
2172
2172
2172
2172
2172
2153
2153
2153
2153
2153
2153
2153
2079
2079
2079
2079
2079
2079
2203
2203
2203
2203
2203
2203
2203
2203
2203
2203
2203
2203
2203
2203
2203
2203
2203
2203
2203
2203
2203
2203
2062
2062
2062
2062
2062
2062
2062
2062
2062
2062
2136
2136
2136
2136
2136
2136
2136
2136
2136
2136
2136
2136
2136
2136
2136
2136
2136
2136
2136
2277
2277
2277
2277
2277
2277
2277
2277
2277
2277
2277
2277
2277
2277
2277
2277
2277
2277
2277
2277
2277
2277
2277
2277
2277
2277
2277
2277
2277
2277
2277
2277
2277
2277
2277
2277
2277
2277
2277
2277
2277
2277
2277
2203
2203
2203
2203
2154
2154
2154
2154
2154
2154
2203
2203
2203
2277
2277
2277
2277
2277
2277
2277
2277
2277
2277
2277
2277
2277
2277
2277
2277
2277
2277
2277
2277
2277
2277
2277
2277
2277
2277
2277
2277
2277
2277
2277
2277
2277
2277
2277
2277
2277
2277
2153
2153
2153
2153
2153
2153
2153
2172
2172
2172
2172
2172
2172
2172
2172
2172
2172
2172
2172
2098
2098
2098
2098
2098
2098
2098
2098
2098
2098
2098
2098
2098
2098
2098
2098
2098
2098
2098
2098
2098
2098
2098
2098
2098
2098
2098
2049
2049
2098
2098
2098
2172
2172
2172
2172
2172
2172
2172
2172
2172
2172
2172
2172
2172
2172
2172
2172
2172
2172
2172
2172
2172
2172
2172
2172
2172
2172
2172
2153
2153
2153
2153
2153
2153
2153
2153
2153
2153
2153
2153
2153
2277
2277
2277
2277
2277
2277
2277
2277
2277
2277
2277
2277
2136
2136
2136
2062
2062
2062
2062
2062
2062
2062
2062
2062
2013
2013
2013
2013
2013
2013
2154
2154
2154
2154
2154
2154
2154
2154
2154
2154
2154
2203
2203
2203
2203
2203
2203
2203
2203
2203
2203
2203
2203
2203
2203
2203
2277
2277
2277
2277
2277
2277
2277
2277
2277
2277
2277
2277
2277
2277
2277
2277
2277
2277
2277
2277
2277
2277
2277
2277
2277
2277
2277
2277
2277
2277
2277
2277
2277
2277
2277
2277
2277
2277
2277
2277
2277
2277
2277
2277
2277
2277
2277
2277
2277
2277
2277
2277
2277
2277
2277
2277
2277
2277
2277
2277
2277
2277
2277
2277
2277
2277
2277
2153
2153
2153
2153
2153
2172
2172
2172
2172
2172
2172
2172
2172
2172
2172
2172
2172
2153
2277
2277
2277
2277
2277
2277
2277
2277
2277
2277
2277
2277
2277
2277
2277
2277
2277
2277
2277
2277
2277
2277
2277
2277
2277
2277
2277
2277
2277
2277
2277
2277
2277
2277
2277
2277
2277
2277
2277
2277
2277
2277
2277
2277
2277
2277
2277
2277
2277
2277
2277
2277
2277
2277
2277
2277
2277
2277
2277
2277
2277
2277
2277
2277
2277
2277
2277
2277
2277
2277
2277
2277
2277
2277
2277
2277
2277
2277
2277
2277
2277
2277
2277
2277
2277
2277
2277
2277
2277
2277
2277
2277
2277
2277
2277
2277
2277
2277
2277
2277
2277
2277
2277
2277
2277
2277
2277
2277
2277
2277
2277
2277
2277
2277
2277
2277
2277
2277
2277
2277
2277
2277
2277
2277
2277
2277
2277
2132
2132
2132
2132
2132
2132
2132
2132
2132
2132
2132
2132
2132
2132
2132
2132
2132
2132
2132
2132
2132
2277
2277
2277
2277
2277
2277
2277
2277
2277
2277
2277
2277
2277
2277
2277
2277
2277
2277
2277
2277
2277
2277
2277
2277
2277
2277
2277
2277
2277
2277
2277
2277
2277
2277
2277
2277
2277
2277
2277
2277
2277
2277
2277
2277
2277
2277
2277
2277
2277
2277
2277
2277
2277
2277
2277
2277
2277
2277
2277
2277
2277
2277
2277
2277
2277
2277
2277
2277
2277
2277
2277
2277
2277
2277
2277
2277
2277
2277
2277
2277
2277
2277
2277
2277
2277
2277
2277
2277
2277
2277
2277
2277
2277
2277
2277
2277
2277
2277
2277
2277
2277
2277
2277
2277
2277
2277
2277
2277
2277
2277
2277
2277
2277
2277
2277
2277
2277
2277
2277
2277
2277
2277
2277
2277
2277
2277
2277
2277
2277
2277
2277
2277
2277
2277
2277
2277
2277
2277
2277
2277
2277
2277
2277
2277
2277
2277
2277
2277
2277
2277
2277
2277
2277
2277
2277
2277
2277
2277
2277
2277
2277
2277
2277
2277
2277
2277
2277
2277
2277
2277
2277
2277
2277
2277
2277
2277
2277
2277
2277
2277
2277
2277
2277
2277
2277
2277
2277
2277
2277
2277
2277
2277
2277
2277
2277
2277
2277
2277
2277
2277
2277
2136
2136
2136
2136
2136
2136
2136
2136
2277
2277
2277
2277
2277
2277
2277
2277
2277
2277
2277
2277
2277
2277
2277
2277
2277
2277
2277
2277
2277
2277
2277
2277
2277
2277
2277
2277
2277
2277
2277
2277
2277
2277
2277
2277
2277
2277
2277
2277
2277
2277
2277
2277
2277
2277
2277
2277
2277
2277
2277
2277
2277
2277
2277
2277
2277
2277
2277
2277
2277
2277
2277
2277
2277
2277
2277
2277
2277
2277
2277
2277
2277
2277
2277
2277
2277
2277
2277
2277
2277
2277
2277
2153
2153
2153
2153
2153
2153
2153
2153
2153
2153
2153
2153
2153
2153
2153
2153
2153
2153
2079
2030
2030
2030
2030
2030
2030
2154
2154
2154
2203
2203
2203
2203
2203
2203
2203
2203
2203
2203
2203
2203
2203
2203
2203
2203
2203
2203
2203
2203
2203
2203
2203
2203
2203
2203
2203
2203
2203
2203
2203
2203
2203
2277
2277
2277
2277
2277
2277
2277
2277
2277
2277
2277
2277
2277
2277
2277
2277
2277
2277
2277
2277
2277
2277
2277
2277
2277
2277
2277
2277
2277
2277
2277
2277
2277
2277
2277
2277
2277
2277
2277
2277
2277
2277
2277
2277
2203
2203
2277
2277
2277
2277
2277
2277
2277
2277
2277
2277
2277
2277
2277
2277
2277
2277
2277
2277
2277
2277
2277
2277
2277
2277
2277
2277
2277
2277
2277
2277
2277
2277
2277
2277
2277
2277
2277
2277
2277
2277
2277
2277
2277
2277
2277
2277
2277
2277
2277
2277
2277
2277
2277
2277
2277
2277
2277
2277
2277
2277
2277
2277
2277
2277
2277
2277
2277
2277
2277
2277
2277
2277
2277
2277
2277
2277
2277
2277
2277
2277
2277
2277
2277
2277
2277
2277
2277
2277
2277
2277
2277
2277
2277
2277
2277
2277
2277
2277
2277
2277
2277
2277
2277
2277
2277
2277
2277
2277
2277
2277
2277
2277
2277
2277
2277
2277
2277
2277
2277
2277
2277
2277
2277
2277
2277
2277
2277
2277
2277
2277
2277
2277
2277
2277
2277
2277
2277
2277
2277
2277
2277
2277
2277
2277
2277
2277
2277
2277
2277
2277
2277
2277
2153
2153
2277
2277
2277
2277
2277
2277
2277
2277
2277
2277
2277
2277
2277
2277
2277
2277
2277
2277
2277
2277
2277
2277
2277
2277
2277
2277
2277
2277
2277
2277
2277
2277
2277
2277
2277
2277
2277
2277
2277
2277
2277
2277
2277
2277
2277
2277
2277
2277
2277
2277
2277
2277
2277
2277
2277
2277
2277
2277
2277
2277
2277
2277
2277
2277
2277
2277
2277
2277
2277
2277
2277
2277
2277
2277
2277
2277
2277
2277
2277
2277
2277
2277
2277
2277
2277
2277
2277
2277
2277
2277
2277
2277
2277
2277
2277
2277
2277
2277
2277
2277
2277
2277
2277
2277
2277
2277
2277
2277
2277
2277
2277
2277
2277
2277
2277
2277
2277
2277
2277
2277
2277
2277
2277
2277
2277
2277
2277
2277
2277
2277
2277
2277
2277
2277
2277
2277
2277
2277
2277
2277
2277
2277
2277
2277
2277
2277
2277
2277
2136
2062
2062
2062
2062
2062
2062
2013
2013
2013
2013
2013
2013
2062
2062
2062
2062
2062
2062
2062
2062
2062
2062
2062
2062
2062
2062
2062
2062
2062
2062
2062
2062
2062
2062
2062
2062
2062
2062
2062
2062
2062
2062
2062
2062
2062
2062
2062
2062
2013
2191
2191
2191
2191
2191
2191
2191
2191
2191
2191
2191
2191
2191
2191
2191
2191
2191
2191
2191
2191
2191
2191
2191
2191
2191
2191
2191
2191
2191
2191
2191
2191
2191
2191
2191
2191
2191
2191
2191
2191
2191
2191
2191
2191
2191
2191
2191
2191
2191
2191
2191
2191
2191
2191
2191
2191
2191
2191
2191
2191
2191
2191
2191
2191
2191
2191
2191
2191
2191
2191
2191
2191
2191
2191
2191
2191
2191
2191
2191
2191
2191
2191
2191
2191
2191
2191
2191
2191
2191
2191
2191
2191
2191
2191
2191
2191
2191
2191
2191
2191
2191
2191
2191
2191
2191
2191
2191
2191
2191
2191
2191
2191
2191
2191
2191
2191
2191
2191
2191
2191
2191
2191
2191
2191
2191
2191
2191
2191
2191
2191
2191
2191
2191
2191
2191
2191
2191
2191
2191
2191
2191
2191
2191
2191
2191
2191
2191
2191
2191
2191
2191
2191
2191
2191
2191
2191
2191
2191
2191
2191
2191
2191
2191
2191
2191
2191
2191
2191
2191
2191
2191
2191
2191
2191
2191
2191
2191
2191
2191
2191
2191
2191
2191
2191
2191
2191
2191
2191
2191
2191
2191
2191
2191
2191
2191
2191
2191
2191
2191
2191
2191
2191
2191
2191
2191
2191
2191
2191
2191
2191
2191
2191
2191
2191
2191
2191
2191
2191
2191
2191
2191
2191
2191
2191
2191
2191
2191
2191
2191
2191
2191
2191
2191
2191
2191
2191
2191
2191
2191
2191
2191
2191
2191
2191
2191
2191
2191
2191
2191
2191
2191
2191
2191
2191
2191
2191
2191
2191
2191
2191
2191
2191
2191
2191
2191
2191
2191
2191
2191
2191
2191
2191
2191
2191
2191
2191
2191
2191
2191
2191
2191
2191
2191
2191
2191
2191
2191
2191
2191
2191
2191
2191
2191
2191
2191
2191
2191
2191
2191
2191
2191
2191
2191
2191
2191
2191
2191
2191
2191
2191
2191
2191
2191
2191
2191
2191
2191
2191
2191
2191
2191
2191
2191
2191
2191
2191
2191
2191
2191
2191
2191
2191
2191
2191
2191
2191
2191
2191
2191
2191
2191
2191
2191
2191
2191
2191
2191
2191
2191
2191
2191
2191
2191
2191
2191
2191
2191
2191
2191
2191
2191
2191
2191
2191
2191
2191
2191
2191
2191
2191
2191
2191
2191
2191
2191
2191
2191
2191
2191
2191
2191
2191
2191
2191
2191
2191
2191
2191
2191
2191
2191
2191
2191
2191
2191
2191
2191
2191
2191
2191
2191
2191
2191
2191
2191
2191
2191
2191
2191
2191
2191
2191
2191
2191
2191
2191
2191
2191
2191
2191
2191
2191
2191
2191
2191
2191
2191
2191
2191
2191
2191
2191
2191
2191
2191
2191
2191
2191
2191
2191
2191
2191
2191
2191
2191
2191
2191
2191
2191
2191
2191
2191
2191
2191
2191
2191
2191
2191
2191
2191
2191
2191
2191
2191
2191
2191
2191
2191
2191
2191
2191
2191
2191
2191
2191
2191
2191
2191
2191
2191
2191
2191
2191
2191
2191
2191
2191
2191
2191
2191
2191
2191
2191
2191
2191
2191
2191
2191
2191
2191
2191
2191
2191
2191
2191
2191
2191
2191
2191
2191
2191
2191
2191
2191
2191
2191
2191
2191
2191
2191
2191
2191
2191
2191
2191
2191
2191
2191
2191
2191
2191
2191
2191
2191
2191
2191
2191
2191
2191
2191
2191
2191
2191
2191
2191
2191
2191
2191
2191
2191
2191
2191
2191
2191
2191
2191
2191
2191
2191
2191
2191
2191
2191
2191
2191
2191
2191
2191
2191
2191
2191
2191
2191
2191
2191
2191
2191
2191
2191
2191
2191
2191
2191
2191
2191
2191
2191
2191
2191
2191
2191
2191
2191
2191
2191
2191
2191
2191
2191
2191
2191
2191
2191
2191
2191
2191
2191
2191
2191
2191
2191
2191
2191
2191
2191
2191
2191
2191
2191
2191
2191
2191
2191
2191
2191
2191
2191
2191
2191
2191
2191
2191
2191
2191
2191
2191
2191
2191
2191
2191
2191
2191
2191
2191
2191
2191
2191
2191
2191
2191
2191
2191
2191
2191
2191
2191
2191
2191
2191
2191
2191
2191
2191
2191
2191
2191
2191
2191
2191
2191
2191
2191
2191
2191
2191
2191
2191
2191
2191
2191
2191
2191
2191
2191
2191
2191
2191
2191
2191
2191
2191
2191
2191
2191
2191
2191
2191
2191
2191
2191
2191
2191
2191
2191
2191
2191
2191
2191
2191
2191
2191
2191
2191
2191
2191
2191
2191
2191
2191
2191
2191
2191
2191
2191
2191
2191
2191
2191
2191
2191
2191
2191
2191
2191
2191
2191
2191
2191
2191
2191
2191
2191
2191
2191
2191
2191
2191
2191
2191
2191
2191
2191
2191
2191
2191
2191
2191
2191
2191
2191
2191
2191
2191
2191
2191
2191
2191
2191
2191
2191
2191
2191
2191
2191
2191
2191
2191
2191
2191
2191
2191
2191
2191
2191
2191
2191
2191
2191
2191
2191
2191
2191
2191
2191
2191
2191
2191
2191
2191
2191
2191
2191
2191
2191
2191
2191
2191
2191
2191
2191
2191
2191
2191
2191
2191
2191
2191
2191
2191
2191
2191
2191
2191
2191
2191
2191
2191
2191
2191
2191
2191
2191
2191
2191
2191
2191
2191
2191
2191
2191
2191
2191
2191
2191
2191
2191
2191
2191
2191
2191
2191
2191
2191
2191
2191
2191
2191
2191
2191
2191
2191
2191
2191
2191
2191
2191
2191
2191
2191
2191
2191
2191
2191
2191
2191
2191
2191
2191
2191
2191
2191
2191
2191
2191
2191
2191
2191
2191
2191
2191
2191
2191
2191
2191
2191
2191
2191
2191
2191
2191
2191
2191
2191
2191
2191
2191
2191
2191
2191
2191
2191
2191
2191
2191
2191
2191
2191
2191
2191
2191
2191
2191
2191
2191
2191
2191
2191
2191
2191
2191
2191
2191
2191
2191
2191
2191
2191
2191
2191
2191
2191
2191
2191
2191
2191
2191
2191
2191
2191
2191
2191
2191
2191
2191
2191
2191
2191
2191
2191
2191
2191
2191
2191
2191
2191
2191
2191
2191
2191
2191
2191
2191
2191
2191
2191
2191
2191
2191
2191
2191
2191
2191
2191
2191
2191
2191
2191
2191
2191
2191
2191
2191
2191
2191
2191
2191
2191
2191
2191
2191
2191
2191
2191
2191
2191
2191
2191
2191
2191
2191
2191
2191
2191
2191
2191
2191
2191
2191
2191
2191
2191
2191
2191
2191
2191
2191
2191
2191
2191
2191
2191
2191
2191
2191
2191
2191
2191
2191
2191
2191
2191
2191
2191
2191
2191
2191
2191
2191
2191
2191
2191
2191
2191
2191
2191
2191
2191
2191
2191
2191
2191
2191
2191
2191
2191
2191
2191
2191
2191
2191
2191
2191
2191
2191
2191
2191
2191
2191
2191
2191
2191
2191
2191
2191
2191
2191
2191
2191
2191
2191
2191
2191
2191
2191
2191
2191
2191
2191
2191
2191
2191
2191
2191
2191
2191
2191
2191
2191
2191
2191
2191
2191
2191
2191
2191
2191
2191
2191
2191
2191
2191
2191
2191
2191
2191
2191
2191
2191
2191
2191
2191
2191
2191
2191
2191
2191
2191
2191
2191
2191
2191
2191
2191
2191
2191
2191
2191
2191
2191
2191
2191
2191
2191
2191
2191
2191
2191
2191
2191
2191
2191
2191
2191
2191
2191
2191
2191
2191
2191
2191
2191
2191
2191
2191
2191
2191
2191
2191
2191
2191
2191
2191
2191
2191
2191
2191
2191
2191
2191
2191
2191
2191
2191
2191
2191
2191
2191
2191
2191
2191
2191
2191
2191
2191
2191
2191
2191
2191
2191
2191
2191
2191
2191
2191
2191
2191
2191
2191
2191
2191
2191
2191
2191
2191
2191
2191
2191
2191
2191
2191
2191
2191
2191
2191
2191
2191
2191
2191
2191
2191
2191
2191
2191
2191
2191
2191
2191
2191
2191
2191
2191
2191
2191
2191
2191
2191
2191
2191
2191
2191
2191
2191
2191
2191
2191
2191
2191
2191
2191
2191
2191
2191
2191
2191
2191
2191
2191
2191
2191
2191
2191
2191
2191
2191
2191
2191
2191
2191
2191
2191
2191
2191
2191
2191
2191
2191
2191
2191
2191
2191
2191
2191
2191
2191
2191
2191
2191
2191
2191
2191
2191
2191
2191
2191
2191
2191
2191
2191
2191
2191
2191
2191
2191
2191
2191
2191
2191
2191
2191
2191
2191
2191
2191
2191
2191
2191
2191
2191
2191
2191
2191
2191
2191
2191
2191
2191
2191
2191
2191
2191
2191
2191
2191
2191
2191
2191
2191
2191
2191
2191
2191
2191
2191
2191
2191
2191
2191
2191
2191
2191
2191
2191
2191
2191
2191
2191
2191
2191
2191
2191
2191
2191
2191
2191
2191
2191
2191
2191
2191
2191
2191
2191
2191
2191
2191
2191
2191
2191
2191
2191
2191
2191
2191
2191
2191
2191
2191
2191
2191
2191
2191
2191
2191
2191
2191
2191
2191
2191
2191
2191
2191
2191
2191
2191
2191
2191
2191
2191
2191
2191
2191
2191
2191
2191
2191
2191
2191
2191
2191
2191
2191
2191
2191
2191
2191
2191
2191
2191
2191
2191
2191
2191
2191
2191
2191
2191
2191
2191
2191
2191
2191
2191
2191
2191
2191
2191
2191
2191
2191
2191
2191
2191
2191
2191
2191
2191
2191
2191
2191
2191
2191
2191
2191
2191
2191
2191
2191
2191
2191
2191
2191
2191
2191
2191
2191
2191
2191
2191
2191
2191
2191
2191
2191
2191
2191
2191
2191
2191
2191
2191
2191
2191
2191
2191
2191
2191
2191
2191
2191
2191
2191
2191
2191
2191
2191
2191
2191
2191
2191
2191
2191
2191
2191
2191
2191
2191
2191
2191
2191
2191
2191
2191
2191
2191
2191
2191
2191
2191
2191
2191
2191
2191
2191
2191
2191
2191
2191
2191
2191
2191
2191
2191
2191
2191
2191
2191
2191
2191
2191
2191
2191
2191
2191
2191
2191
2191
2191
2191
2191
2191
2191
2191
2191
2191
2191
2191
2191
2191
2191
2191
2191
2191
2191
2191
2191
2191
2191
2191
2191
2191
2191
2191
2191
2191
2191
2191
2191
2191
2191
2191
2191
2191
2191
2191
2191
2191
2191
2191
2191
2191
2191
2191
2191
2191
2191
2191
2191
2191
2191
2191
2191
2191
2191
2191
2191
2191
2191
2191
2191
2191
2191
2191
2191
2191
2191
2191
2191
2191
2191
2191
2191
2191
2191
2191
2191
2191
2191
2191
2191
2191
2191
2191
2191
2191
2191
2191
2191
2191
2191
2191
2191
2191
2191
2191
2191
2191
2191
2191
2191
2191
2191
2191
2191
2191
2191
2191
2191
2191
2191
2191
2191
2191
2191
2191
2191
2191
2191
2191
2191
2191
2191
2191
2191
2191
2191
2191
2191
2191
2191
2191
2191
2191
2191
2191
2191
2191
2191
2191
2191
2191
2191
2191
2191
2191
2191
2191
2191
2191
2191
2191
2191
2191
2191
2191
2191
2191
2191
2191
2191
2191
2191
2191
2191
2191
2191
2191
2191
2191
2191
2191
2191
2191
2191
2191
2191
2191
2191
2191
2191
2191
2191
2191
2191
2191
2191
2191
2191
2191
2191
2191
2191
2191
2191
2191
2191
2191
2191
2191
2191
2191
2191
2191
2191
2191
2191
2191
2191
2191
2191
2191
2191
2191
2191
2191
2191
2191
2191
2191
2191
2191
2191
2191
2191
2191
2191
2191
2191
2191
2191
2191
2191
2191
2191
2191
2191
2191
2191
2191
2191
2191
2191
2191
2191
2191
2191
2191
2191
2191
2191
2191
2191
2191
2191
2191
2191
2191
2191
2191
2191
2191
2191
2191
2191
2191
2191
2191
2191
2191
2191
2191
2191
2191
2191
2191
2191
2191
2191
2191
2191
2191
2191
2191
2191
2191
2191
2191
2191
2191
2191
2191
2191
2191
2191
2191
2191
2191
2191
2191
2191
2191
2191
2191
2191
2191
2191
2191
2191
2191
2191
2191
2191
2191
2191
2191
2191
2191
2191
2191
2191
2191
2191
2191
2191
2191
2191
2191
2191
2191
2191
2191
2191
2191
2191
2191
2191
2191
2191
2191
2191
2191
2191
2191
2191
2191
2191
2191
2191
2191
2191
2191
2191
2191
2191
2191
2191
2191
2191
2191
2191
2191
2191
2191
2191
2191
2191
2191
2191
2191
2191
2191
2191
2191
2191
2191
2191
2191
2191
2191
2191
2191
2191
2191
2191
2191
2191
2191
2191
2191
2191
2191
2191
2191
2191
2191
2191
2191
2191
2191
2191
2191
2191
2191
2191
2191
2191
2191
2191
2191
2191
2191
2191
2191
2191
2191
2191
2191
2191
2191
2191
2191
2191
2191
2191
2191
2191
2191
2191
2191
2191
2191
2191
2191
2191
2191
2191
2191
2191
2191
2191
2191
2191
2191
2191
2191
2191
2191
2191
2191
2191
2191
2191
2191
2191
2191
2191
2191
2191
2191
2191
2191
2191
2191
2191
2191
2191
2191
2191
2191
2191
2191
2191
2191
2191
2191
2191
2191
2191
2191
2191
2191
2191
2191
2191
2191
2191
2191
2191
2191
2191
2191
2191
2191
2191
2191
2191
2191
2191
2191
2191
2191
2191
2191
2191
2191
2191
2191
2191
2191
2191
2191
2191
2191
2191
2191
2191
2191
2191
2191
2191
2191
2191
2191
2191
2191
2191
2191
2191
2191
2191
2191
2191
2191
2191
2191
2191
2191
2191
2191
2191
2191
2191
2191
2191
2191
2191
2191
2191
2191
2191
2191
2191
2191
2191
2191
2191
2191
2191
2191
2191
2191
2191
2191
2191
2191
2191
2191
2191
2191
2191
2191
2191
2191
2191
2191
2191
2191
2191
2191
2191
2191
2191
2191
2191
2191
2191
2191
2191
2191
2191
2191
2191
2191
2191
2191
2191
2191
2191
2191
2191
2191
2191
2191
2191
2191
2191
2191
2191
2191
2191
2191
2191
2191
2191
2191
2191
2191
2191
2191
2191
2191
2191
2191
2191
2191
2191
2191
2191
2191
2191
2191
2191
2191
2191
2191
2191
2191
2191
2191
2191
2191
2191
2191
2191
2191
2191
2191
2191
2191
2191
2191
2191
2191
2191
2191
2191
2191
2191
2191
2191
2191
2191
2191
2191
2191
2191
2191
2191
2191
2191
2191
2191
2191
2191
2191
2191
2191
2191
2191
2191
2191
2191
2191
2191
2191
2191
2191
2191
2191
2191
2191
2191
2191
2191
2191
2191
2191
2191
2191
2191
2191
2191
2191
2191
2191
2191
2191
2191
2191
2191
2191
2191
2191
2191
2191
2191
2191
2191
2191
2191
2191
2191
2191
2191
2191
2191
2191
2191
2191
2191
2191
2191
2191
2191
2191
2191
2191
2191
2191
2191
2191
2191
2191
2191
2191
2191
2191
2191
2191
2191
2191
2191
2191
2191
2191
2191
2191
2191
2191
2191
2191
2191
2191
2191
2191
2191
2191
2191
2191
2191
2191
2191
2191
2191
2191
2191
2191
2191
2191
2191
2191
2191
2191
2191
2191
2191
2191
2191
2191
2191
2191
2191
2191
2191
2191
2191
2191
2191
2191
2191
2191
2191
2191
2191
2191
2191
2191
2191
2191
2191
2191
2191
2191
2191
2191
2191
2191
2191
2191
2191
2191
2191
2191
2191
2191
2191
2191
2191
2191
2191
2191
2191
2191
2191
2191
2191
2191
2191
2191
2191
2191
2191
2191
2191
2191
2191
2191
2191
2191
2191
2191
2191
2191
2191
2191
2191
2191
2191
2191
2191
2191
2191
2191
2191
2191
2191
2191
2191
2191
2191
2191
2191
2191
2191
2191
2191
2191
2191
2191
2191
2191
2191
2191
2191
2191
2191
2191
2191
2191
2191
2191
2191
2191
2191
2191
2191
2191
2191
2191
2191
2191
2191
2191
2191
2191
2191
2191
2191
2191
2191
2191
2191
2191
2191
2191
2191
2191
2191
2191
2191
2191
2191
2191
2191
2191
2191
2191
2191
2191
2191
2191
2191
2191
2191
2191
2191
2191
2191
2191
2191
2191
2191
2191
2191
2191
2191
2191
2191
2191
2191
2191
2191
2191
2191
2191
2191
2191
2191
2191
2191
2191
2191
2191
2191
2191
2191
2191
2191
2191
2191
2191
2191
2191
2191
2191
2191
2191
2191
2191
2191
2191
2191
2191
2191
2191
2191
2191
2191
2191
2191
2191
2191
2191
2191
2191
2191
2191
2191
2191
2191
2191
2191
2191
2191
2191
2191
2191
2191
2191
2191
2191
2191
2191
2191
2191
2191
2191
2191
2191
2191
2191
2191
2191
2191
2191
2191
2191
2191
2191
2191
2191
2191
2191
2191
2191
2191
2191
2191
2191
2191
2191
2191
2191
2191
2191
2191
2191
2191
2191
2191
2191
2191
2191
2191
2191
2191
2191
2191
2191
2191
2191
2191
2191
2191
2191
2191
2191
2191
2191
2191
2191
2191
2191
2191
2191
2191
2191
2191
2191
2191
2191
2191
2191
2191
2191
2191
2191
2191
2191
2191
2191
2191
2191
2191
2191
2191
2191
2191
2191
2191
2191
2191
2191
2191
2191
2191
2191
2191
2191
2191
2191
2191
2191
2191
2191
2191
2191
2191
2191
2191
2191
2191
2191
2191
2191
2191
2191
2191
2191
2191
2191
2191
2191
2191
2191
2191
2191
2191
2191
2191
2191
2191
2191
2191
2191
2191
2191
2191
2191
2191
2191
2191
2191
2191
2191
2191
2191
2191
2191
2191
2191
2191
2191
2191
2191
2191
2191
2191
2191
2191
2191
2191
2191
2191
2191
2191
2191
2191
2191
2191
2191
2191
2191
2191
2191
2191
2191
2191
2191
2191
2191
2191
2191
2191
2191
2191
2191
2191
2191
2191
2191
2191
2191
2191
2191
2191
2191
2191
2191
2191
2191
2191
2191
2191
2191
2191
2191
2191
2191
2191
2191
2191
2191
2191
2191
2191
2191
2191
2191
2191
2191
2191
2191
2191
2191
2191
2191
2191
2191
2191
2191
2191
2191
2191
2191
2191
2191
2191
2191
2191
2191
2191
2191
2191
2191
2191
2191
2191
2191
2191
2191
2191
2191
2191
2191
2191
2191
2191
2191
2191
2191
2191
2191
2191
2191
2191
2191
2191
2191
2191
2191
2191
2191
2191
2191
2191
2191
2191
2191
2191
2191
2191
2191
2191
2191
2191
2191
2191
2191
2191
2191
2191
2191
2191
2191
2191
2191
2191
2191
2191
2191
2191
2191
2191
2191
2191
2191
2191
2191
2191
2191
2191
2191
2191
2191
2191
2191
2191
2191
2191
2191
2191
2191
2191
2191
2191
2191
2191
2191
2191
2191
2191
2191
2191
2191
2191
2191
2191
2191
2191
2191
2191
2191
2191
2191
2191
2191
2191
2191
2191
2191
2191
2191
2191
2191
2191
2191
2191
2191
2191
2191
2191
2191
2191
2191
2191
2191
2191
2191
2191
2191
2191
2191
2191
2191
2191
2191
2191
2191
2191
2191
2191
2191
2191
2191
2191
2191
2191
2191
2191
2191
2191
2191
2191
2191
2191
2191
2191
2191
2191
2191
2191
2191
2191
2191
2191
2191
2191
2191
2191
2191
2191
2191
2191
2191
2191
2191
2191
2191
2191
2191
2191
2191
2191
2191
2191
2191
2191
2191
2191
2191
2191
2191
2191
2191
2191
2191
2191
2191
2191
2191
2191
2191
2191
2191
2191
2191
2191
2191
2191
2191
2191
2191
2191
2191
2191
2191
2191
2191
2191
2191
2191
2191
2191
2191
2191
2191
2191
2191
2191
2191
2191
2191
2191
2191
2191
2191
2191
2191
2191
2191
2191
2191
2191
2191
2191
2191
2191
2191
2191
2191
2191
2191
2191
2191
2191
2191
2191
2191
2191
2191
2191
2191
2191
2191
2191
2191
2191
2191
2191
2191
2191
2191
2191
2191
2191
2191
2191
2191
2191
2191
2191
2191
2191
2191
2191
2191
2191
2191
2191
2191
2191
2191
2191
2191
2191
2191
2191
2191
2191
2191
2191
2191
2191
2191
2191
2191
2191
2191
2191
2191
2191
2191
2191
2191
2191
2191
2191
2191
2191
2191
2191
2191
2191
2191
2191
2191
2191
2191
2191
2191
2191
2191
2191
2191
2191
2191
2191
2191
2191
2191
2191
2191
2191
2191
2191
2191
2191
2191
2191
2191
2191
2191
2191
2191
2191
2191
2191
2191
2191
2191
2191
2191
2191
2191
2191
2191
2191
2191
2191
2191
2191
2191
2191
2191
2191
2191
2191
2191
2191
2191
2191
2191
2191
2191
2191
2191
2191
2191
2191
2191
2191
2191
2191
2191
2191
2191
2191
2191
2191
2191
2191
2191
2191
2191
2191
2191
2191
2191
2191
2191
2191
2191
2191
2191
2191
2191
2191
2191
2191
2191
2191
2191
2191
2191
2191
2191
2191
2191
2191
2191
2191
2191
2191
2191
2191
2191
2191
2191
2191
2191
2191
2191
2191
2191
2191
2191
2191
2191
2191
2191
2191
2191
2191
2191
2191
2191
2191
2191
2191
2191
2191
2191
2191
2191
2191
2191
2191
2191
2191
2191
2191
2191
2191
2191
2191
2191
2191
2191
2191
2191
2191
2191
2191
2191
2191
2191
2191
2191
2191
2191
2191
2191
2191
2191
2191
2191
2191
2191
2191
2191
2191
2191
2191
2191
2191
2191
2191
2191
2191
2191
2191
2191
2191
2191
2191
2191
2191
2191
2191
2191
2191
2191
2191
2191
2191
2191
2191
2191
2191
2191
2191
2191
2191
2191
2191
2191
2191
2191
2191
2191
2191
2191
2191
2191
2191
2191
2191
2191
2191
2191
2191
2191
2191
2191
2191
2191
2191
2191
2191
2191
2191
2191
2191
2191
2191
2191
2191
2191
2191
2191
2191
2191
2191
2191
2191
2191
2191
2191
2191
2191
2191
2191
2191
2191
2191
2191
2191
2191
2191
2191
2191
2191
2191
2191
2191
2191
2191
2191
2191
2191
2191
2191
2191
2191
2191
2191
2191
2191
2191
2191
2191
2191
2191
2191
2191
2191
2191
2191
2191
2191
2191
2191
2191
2191
2191
2191
2191
2191
2191
2191
2191
2191
2191
2191
2191
2191
2191
2191
2191
2191
2191
2191
2191
2191
2191
2191
2191
2191
2191
2191
2191
2191
2191
2191
2191
2191
2191
2191
2191
2191
2191
2191
2191
2191
2191
2191
2191
2191
2191
2191
2191
2191
2191
2191
2191
2191
2191
2191
2191
2191
2191
2191
2191
2191
2191
2191
2191
2191
2191
2191
2191
2191
2191
2191
2191
2191
2191
2191
2191
2191
2191
2191
2191
2191
2191
2191
2191
2191
2191
2191
2191
2191
2191
2191
2191
2191
2191
2191
2191
2191
2191
2191
2191
2191
2191
2191
2191
2191
2191
2191
2191
2191
2191
2191
2191
2191
2191
2191
2191
2191
2191
2191
2191
2191
2191
2191
2191
2191
2191
2191
2191
2191
2191
2191
2191
2191
2191
2191
2191
2191
2191
2191
2191
2191
2191
2191
2191
2191
2191
2191
2191
2191
2191
2191
2191
2191
2191
2191
2191
2191
2191
2191
2191
2191
2191
2191
2191
2191
2191
2191
2191
2191
2191
2191
2191
2191
2191
2191
2191
2191
2191
2191
2191
2191
2191
2191
2191
2191
2191
2191
2191
2191
2191
2191
2191
2191
2191
2191
2191
2191
2191
2191
2191
2191
2191
2191
2191
2191
2191
2191
2191
2191
2191
2191
2191
2191
2191
2191
2191
2191
2191
2191
2191
2191
2191
2191
2191
2191
2191
2191
2191
2191
2191
2191
2191
2191
2191
2191
2191
2191
2191
2191
2191
2191
2191
2191
2191
2191
2191
2191
2191
2191
2191
2191
2191
2191
2191
2191
2191
2191
2191
2191
2191
2191
2191
2191
2191
2191
2191
2191
2191
2191
2191
2191
2191
2191
2191
2191
2191
2191
2191
2191
2191
2191
2191
2191
2191
2191
2191
2191
2191
2191
2191
2191
2191
2191
2191
2191
2191
2191
2191
2191
2191
2191
2191
2191
2191
2191
2191
2191
2191
2191
2191
2191
2191
2191
2191
2191
2191
2191
2191
2191
2191
2191
2191
2191
2191
2191
2191
2191
2191
2191
2191
2191
2191
2191
2191
2191
2191
2191
2191
2191
2191
2191
2191
2191
2191
2191
2191
2191
2191
2191
2191
2191
2191
2191
2191
2191
2191
2191
2191
2191
2191
2191
2191
2191
2191
2191
2191
2191
2191
2191
2191
2191
2191
2191
2191
2191
2191
2191
2191
2191
2191
2191
2191
2191
2191
2191
2191
2191
2191
2191
2191
2191
2191
2191
2191
2191
2191
2191
2191
2191
2191
2191
2191
2191
2191
2191
2191
2191
2191
2191
2191
2191
2191
2191
2191
2191
2191
2191
2191
2191
2191
2191
2191
2191
2191
2191
2191
2191
2191
2191
2191
2191
2191
2191
2191
2191
2191
2191
2191
2191
2191
2191
2191
2191
2191
2191
2191
2191
2191
2191
2191
2191
2191
2191
2191
2191
2191
2191
2191
2191
2191
2191
2191
2191
2191
2191
2191
2191
2191
2191
2191
2191
2191
2191
2191
2191
2191
2191
2191
2191
2191
2191
2191
2191
2191
2191
2191
2191
2191
2191
2191
2191
2191
2191
2191
2191
2191
2191
2191
2191
2191
2191
2191
2191
2191
2191
2191
2191
2191
2191
2191
2191
2191
2191
2191
2191
2191
2191
2191
2191
2191
2191
2191
2191
2191
2191
2191
2191
2191
2191
2191
2191
2191
2191
2191
2191
2191
2191
2191
2191
2191
2191
2191
2191
2191
2191
2191
2191
2191
2191
2191
2191
2191
2191
2191
2191
2191
2191
2191
2191
2191
2191
2191
2191
2191
2191
2191
2191
2191
2191
2191
2191
2191
2191
2191
2191
2191
2191
2191
2191
2191
2191
2191
2191
2191
2191
2191
2191
2191
2191
2191
2191
2191
2191
2191
2191
2191
2191
2191
2191
2191
2191
2191
2191
2191
2191
2191
2191
2191
2191
2191
2191
2191
2191
2191
2191
2191
2191
2191
2191
2191
2191
2191
2191
2191
2191
2191
2191
2191
2191
2191
2191
2191
2191
2191
2191
2191
2191
2191
2191
2191
2191
2191
2191
2191
2191
2191
2191
2191
2191
2191
2191
2191
2191
2191
2191
2191
2191
2191
2191
2191
2191
2191
2191
2191
2191
2191
2191
2191
2191
2191
2191
2191
2191
2191
2191
2191
2191
2191
2191
2191
2191
2191
2191
2191
2191
2191
2191
2191
2191
2191
2191
2191
2191
2191
2191
2191
2191
2191
2191
2191
2191
2191
2191
2191
2191
2191
2191
2191
2191
2191
2191
2191
2191
2191
2191
2191
2191
2191
2191
2191
2191
2191
2191
2191
2191
2191
2191
2191
2191
2191
2191
2191
2191
2191
2191
2191
2191
2191
2191
2191
2191
2191
2191
2191
2191
2191
2191
2191
2191
2191
2191
2191
2191
2191
2191
2191
2191
2191
2191
2191
2191
2191
2191
2191
2191
2191
2191
2191
2191
2191
2191
2191
2191
2191
2191
2191
2191
2191
2191
2191
2191
2191
2191
2191
2191
2191
2191
2191
2191
2191
2191
2191
2191
2191
2191
2191
2191
2191
2191
2191
2191
2191
2191
2191
2191
2191
2191
2191
2191
2191
2191
2191
2191
2191
2191
2191
2191
2191
2191
2191
2191
2191
2191
2191
2191
2191
2191
2191
2191
2191
2191
2191
2191
2191
2191
2191
2191
2191
2191
2191
2191
2191
2191
2191
2191
2191
2191
2191
2191
2191
2191
2191
2191
2191
2191
2191
2191
2191
2191
2191
2191
2191
2191
2191
2191
2191
2191
2191
2191
2191
2191
2191
2191
2191
2191
2191
2191
2191
2191
2191
2191
2191
2191
2191
2191
2191
2191
2191
2191
2191
2191
2191
2191
2191
2191
2191
2191
2191
2191
2191
2191
2191
2191
2191
2191
2191
2191
2191
2191
2191
2191
2191
2191
2191
2191
2191
2191
2191
2191
2191
2191
2191
2191
2191
2191
2191
2191
2191
2191
2191
2191
2191
2191
2191
2191
2191
2191
2191
2191
2191
2191
2191
2191
2191
2191
2191
2191
2191
2191
2191
2191
2191
2191
2191
2191
2191
2191
2191
2191
2191
2191
2191
2191
2191
2191
2191
2191
2191
2191
2191
2191
2191
2191
2191
2191
2191
2191
2191
2191
2191
2191
2191
2191
2191
2191
2191
2191
2191
2191
2191
2191
2191
2191
2191
2191
2191
2191
2191
2191
2191
2191
2191
2191
2191
2191
2191
2191
2191
2191
2191
2191
2191
2191
2191
2191
2191
2191
2191
2191
2191
2191
2191
2191
2191
2191
2191
2191
2191
2191
2191
2191
2191
2191
2191
2191
2191
2191
2191
2191
2191
2191
2191
2191
2191
2191
2191
2191
2191
2191
2191
2191
2191
2191
2191
2191
2191
2191
2191
2191
2191
2191
2191
2191
2191
2191
2191
2191
2191
2191
2191
2191
2191
2191
2191
2191
2191
2191
2191
2191
2191
2191
2191
2191
2191
2191
2191
2191
2191
2191
2191
2191
2191
2191
2191
2191
2191
2191
2191
2191
2191
2191
2191
2191
2191
2191
2191
2191
2191
2191
2191
2191
2191
2191
2191
2191
2191
2191
2191
2191
2191
2191
2191
2191
2191
2191
2191
2191
2191
2191
2191
2191
2191
2191
2191
2191
2191
2191
2191
2191
2191
2191
2191
2191
2191
2191
2191
2191
2191
2191
2191
2191
2191
2191
2191
2191
2191
2191
2191
2191
2191
2191
2191
2191
2191
2191
2191
2191
2191
2191
2191
2191
2191
2191
2191
2191
2191
2191
2191
2191
2191
2191
2191
2191
2191
2191
2191
2191
2191
2191
2191
2191
2191
2191
2191
2191
2191
2191
2191
2191
2191
2191
2191
2191
2191
2191
2191
2191
2191
2191
2191
2191
2191
2191
2191
2191
2191
2191
2191
2191
2191
2191
2191
2191
2191
2191
2191
2191
2191
2191
2191
2191
2191
2191
2191
2191
2191
2191
2191
2191
2191
2191
2191
2191
2191
2191
2191
2191
2191
2191
2191
2191
2191
2191
2191
2191
2191
2191
2191
2191
2191
2191
2191
2191
2191
2191
2191
2191
2191
2191
2191
2191
2191
2191
2191
2191
2191
2191
2191
2191
2191
2191
2191
2191
2191
2191
2191
2191
2191
2191
2191
2191
2191
2191
2191
2191
2191
2191
2191
2191
2191
2191
2191
2191
2191
2191
2191
2191
2191
2191
2191
2191
2191
2191
2191
2191
2191
2191
2191
2191
2191
2191
2191
2191
2191
2191
2191
2191
2191
2191
2191
2191
2191
2191
2191
2191
2191
2191
2191
2191
2191
2191
2191
2191
2191
2191
2191
2191
2191
2191
2191
2191
2191
2191
2191
2191
2191
2191
2191
2191
2191
2191
2191
2191
2191
2191
2191
2191
2191
2191
2191
2191
2191
2191
2191
2191
2191
2191
2191
2191
2191
2191
2191
2191
2191
2191
2191
2191
2191
2191
2191
2191
2191
2191
2191
2191
2191
2191
2191
2191
2191
2191
2191
2191
2191
2191
2191
2191
2191
2191
2191
2191
2191
2191
2191
2191
2191
2191
2191
2191
2191
2191
2191
2191
2191
2191
2191
2191
2191
2191
2191
2191
2191
2191
2191
2191
2191
2191
2191
2191
2191
2191
2191
2191
2191
2191
2191
2191
2191
2191
2191
2191
2191
2191
2191
2191
2191
2191
2191
2191
2191
2191
2191
2191
2191
2191
2191
2191
2191
2191
2191
2191
2191
2191
2191
2191
2191
2191
2191
2191
2191
2191
2191
2191
2191
2191
2191
2191
2191
2191
2191
2191
2191
2191
2191
2191
2191
2191
2191
2191
2191
2191
2191
2191
2191
2191
2191
2191
2191
2191
2191
2191
2191
2191
2191
2191
2191
2191
2191
2191
2191
2191
2191
2191
2191
2191
2191
2191
2191
2191
2191
2191
2191
2191
2191
2191
2191
2191
2191
2191
2191
2191
2191
2191
2191
2191
2191
2191
2191
2191
2191
2191
2191
2191
2191
2191
2191
2191
2191
2191
2191
2191
2191
2191
2191
2191
2191
2191
2191
2191
2191
2191
2191
2191
2191
2191
2191
2191
2191
2191
2191
2191
2191
2191
2191
2191
2191
2191
