4015
3453
3469
3469
3209
2526
2071
2121
2122
2122
2222
2482
2432
2790
2840
2891
2875
3366
3721
3721
3272
3681
3681
3697
3697
3339
3289
3851
3851
4300
4658
4642
4287
4287
4679
4321
4321
4676
5034
5084
5084
4726
4394
4039
3548
3099
3099
2690
2690
3373
3373
3372
3373
3389
3389
3389
3844
3794
4126
4575
4120
4170
4661
4611
5066
4827
4265
4623
4673
4657
4673
4622
4522
4164
3772
4130
3447
3839
3481
3149
2765
2764
3148
3503
3554
3793
4476
4476
4758
4476
4237
4237
3782
3782
4237
4186
4286
4286
4270
4602
4841
4892
5250
4866
5250
5532
5532
5532
5533
5201
4809
4709
4470
4210
4449
4449
4448
4064
4164
3709
3709
3709
3709
3427
3377
3939
3989
3989
4381
4713
5097
5552
5160
5552
5552
5834
6094
5739
5284
5693
5335
5351
4959
4908
4576
4337
4338
4670
4670
5025
4534
4892
4842
4458
4949
4594
4594
4103
4103
4558
4942
4926
4976
4325
3993
3584
3583
3301
3352
3092
3093
3353
3303
3043
2992
2543
2594
2236
2727
3136
3135
2680
3035
3035
3490
2807
2823
3506
3051
3052
3444
2882
2782
2782
2766
2275
2535
3186
2794
2894
2894
2910
3401
3400
3792
3301
3041
3041
3041
3301
3301
3756
4088
3633
3872
3488
3488
3249
3740
4189
3780
3680
3288
2797
2897
3459
3359
3641
2990
2990
3481
2990
3090
3039
3397
3852
4244
4245
3963
3514
3514
3514
3122
3514
2831
3482
3482
3533
3533
3815
4224
3815
3555
3200
3555
4004
3549
3217
3217
3267
2875
3366
3350
3350
3250
3634
3634
3734
3172
2681
2920
2936
3619
3568
3567
2884
2935
3195
2544
3227
3718
3702
4111
4127
4127
4127
4127
3769
4331
4281
4673
4673
4281
4331
4231
3847
3947
3385
3777
3538
3896
3896
4351
4683
4274
4658
4303
3919
3868
3608
3216
3600
3216
3778
3829
3829
3374
3374
4025
4025
3974
3291
3292
2960
3199
3199
3554
3553
3554
3554
3886
4270
4270
4321
3830
3814
3575
4066
4458
4176
4631
4176
3784
4239
4239
4521
4421
4371
4763
5172
5172
5172
4814
4763
4379
3924
3362
3361
3362
3362
3413
3021
3021
2666
2716
2225
2224
2679
3063
3063
3063
3625
3980
4080
4081
4081
4081
4341
4832
4848
4516
5199
5148
4793
4693
5051
4667
4176
4227
3945
3895
4279
4634
4634
4634
4966
4511
4793
4742
4059
4059
4451
5134
4874
4974
4616
4616
5071
5310
4955
4272
4272
4322
3760
3305
3660
3660
3660
3711
3472
3472
3472
3088
3088
3072
3311
3311
2919
2819
2818
2369
2931
3380
3738
3688
3948
3948
4048
4539
4589
4489
4131
3776
3285
3235
2953
2391
2746
3237
3920
4202
4202
3793
3843
3843
3843
3792
3141
3596
3954
3599
3600
3318
3673
4324
3641
4033
4084
3752
3701
3700
3308
3308
3048
2599
2360
2642
3026
3358
3358
3597
3265
3365
3774
3492
3492
3108
3008
3008
3008
3008
3392
3724
3724
3824
3466
3466
2815
2765
2766
2817
2817
2485
2485
2130
2488
2504
2503
2835
3227
3211
3493
3442
3110
3010
2728
2779
2395
2395
2344
2444
2704
2704
2986
2986
2577
2477
2577
3139
3190
3191
2700
2245
2629
2628
2628
2644
2644
2645
2594
3049
2691
2691
2691
2591
3040
3091
2699
3190
3174
3566
3924
3685
4017
4700
4939
4888
4938
4989
4989
4750
5105
5105
5105
5756
5756
5705
5250
4968
5377
5428
4745
5200
4791
4791
4300
4249
4249
4199
4299
4299
3967
3983
3883
4374
4373
3882
3498
3498
3598
4007
4391
4391
4391
3740
3348
3680
3580
3125
3580
3248
3248
3348
3398
3040
2478
2810
2811
2811
3302
3694
3678
3628
3173
3824
3173
3073
2681
2681
2272
2834
2850
3533
3201
3185
3640
4032
4314
4414
4059
4059
3568
3568
3184
2924
3163
3163
3521
3876
3927
4418
4802
4311
4720
4669
4285
4545
4545
4445
4829
4880
5212
4820
4488
4487
4078
4729
4447
3764
3764
3764
4447
4187
4187
3738
3380
3640
3641
3923
3923
3361
3361
3361
3006
3415
3431
3786
3886
3786
3431
3763
3813
3574
4136
4136
4136
4136
4135
4135
4135
3803
3803
4294
4294
4649
4599
3948
3948
3948
3998
4649
4367
4367
3684
3424
3040
3040
3040
3424
3873
4265
4597
4597
4597
4597
4597
5280
4925
5164
5164
5164
5113
5113
5113
4729
4320
4270
4270
3779
3830
3147
3096
3378
3378
3378
3787
3788
3788
3333
3688
3788
3339
3323
3323
3814
3814
3813
3713
3713
3764
3864
3864
3864
3864
4248
4248
4248
4197
4213
3804
3804
4259
4260
4311
4310
4028
4028
3673
3434
3843
4292
4292
4293
4651
4551
4219
3861
3911
3895
4227
4227
4176
4176
4176
4436
4104
3453
3692
3283
3282
3614
3630
3631
4314
3859
4314
3752
3752
4034
4034
3585
3569
3569
3568
4130
4080
3748
3748
3488
3748
4106
3714
3714
4123
3561
3893
3894
3910
3910
3960
4611
4662
4762
5154
5716
5716
5477
5022
5006
5245
4887
4887
4837
4836
4785
5143
5592
5592
5260
5000
4642
4692
4692
4693
4693
4411
4002
3351
3709
3470
3470
3521
3471
2980
3219
3219
3710
3710
3710
4119
4770
5052
5507
5507
5507
5052
5384
5384
5026
5026
5481
5481
5430
4939
4377
4377
4277
4277
3594
3355
4038
4037
4037
3628
3628
3173
2724
3179
3534
3773
3381
3381
3481
3930
3247
3930
4421
3930
4421
4472
4864
4472
4864
4864
4864
4864
4213
3821
3822
4180
4180
4589
4589
4589
4589
4849
4465
4465
4205
4597
4613
4663
4647
4647
4597
4597
4981
4981
5543
5803
5803
5803
5752
5768
5486
5077
5077
4722
4231
4231
4722
5131
4448
4116
3707
4039
4039
4448
4039
4039
4722
4330
4230
4229
4638
4639
4639
4639
3956
4639
5031
5031
5081
5081
5081
5081
5436
5027
4643
4288
4939
5294
5576
5960
5960
5700
5700
5700
5700
5017
5016
5016
4567
4567
4568
4568
4567
4567
4517
4162
4146
4162
4146
4146
4196
4456
4865
5548
5309
5309
4658
4398
4658
4674
4290
3881
3831
3831
3832
4483
4483
4151
4151
4151
3793
3793
3142
3526
3244
3244
2789
3028
3128
3486
3818
3869
4318
3926
3910
3910
3419
3419
4070
4086
4086
3826
4108
4108
4092
4041
4041
4041
4040
4041
4396
4396
4114
4506
4997
5013
5064
5064
5013
4362
4362
4123
4123
4174
4224
4224
3892
4174
4124
4384
4384
4384
4793
5032
5032
4583
4582
4582
4531
4271
4720
4771
4362
4771
4322
3967
4322
4322
3938
3938
3939
4394
4778
5110
5109
4717
4701
4601
4602
4040
4602
4247
4696
4696
4696
4712
4972
4563
4547
4308
4324
4324
4374
4613
4562
4178
4829
4829
4880
4641
4880
4864
4864
5219
5219
5169
5561
5561
5510
5919
5970
5710
5301
5301
5301
5301
5317
4755
4739
4347
3892
4454
4454
4454
4454
4470
4520
4165
4165
4114
4498
4140
4549
3866
3966
3404
3403
3761
4216
4200
4200
4200
3709
3969
4531
5214
5215
5706
5374
5016
5348
4786
4785
4735
4084
4100
4100
3861
3845
3845
3563
3463
3479
3479
3479
3479
3479
3761
3377
3095
3095
2640
2998
3098
3380
3380
3380
3364
3364
3006
3398
3414
2965
3015
3666
4024
3742
4097
4098
3998
4560
4944
4589
4589
4589
4589
4180
3618
3618
3669
3311
3311
3311
3051
3613
3613
3613
3713
3662
4117
4101
3709
3969
4418
4776
4776
4676
4676
4692
4931
4982
5374
5016
5016
5016
4624
4623
4723
4391
4131
3682
4037
4446
3955
3905
3550
3810
3810
3811
3811
4143
4143
4535
4535
4143
3759
4143
4425
4425
4475
4236
4628
4368
4817
5172
5172
5156
5105
5105
5463
5071
4971
4971
4971
4987
5478
5529
4878
4878
4596
4545
4645
4645
4645
4884
4784
5044
5144
4905
4550
4218
4218
3763
3763
3713
3713
3030
3362
3102
2718
2718
2978
2978
2977
2877
3159
3159
3159
3159
3160
3399
3041
2759
2809
2549
3004
3003
2764
3024
3263
3618
4301
4302
3947
4229
3969
3286
3286
3236
3287
2832
2816
2815
2815
3207
3307
3357
3306
3024
3040
3040
3398
3853
4135
4135
4035
4035
3985
4668
4652
4703
4703
4703
5087
5347
5347
5347
5347
4898
5253
4898
4898
5549
5599
5699
5700
5461
4970
4970
4578
4817
4557
4557
4573
4573
4241
4241
4141
4125
3670
4125
3886
3324
3323
3339
3339
3578
3194
3143
3127
3143
3144
3499
3759
4143
4143
3861
3861
3860
3860
3860
3810
4372
4372
4423
4407
4407
4408
4508
4840
4839
4855
4755
4755
4755
4072
4056
4056
4056
4005
4005
4005
3673
3689
3789
3790
3840
3840
3740
4189
4139
4471
4470
4521
4522
4622
4522
4622
4622
4267
4266
4266
4266
4215
4215
4898
4540
4540
4541
4896
4946
4846
4897
4847
4847
4847
4796
4796
5287
4604
4604
5287
4604
4604
5287
5337
5337
5287
5338
5338
5338
5338
5338
4983
4932
4932
5214
5214
5198
4707
4707
4757
5115
5115
5215
5215
5706
5706
5446
5207
5207
5207
5207
5599
5954
5672
5672
5572
5163
5113
5113
5113
5113
5164
4481
4089
4089
4772
4210
3852
4414
4806
5088
5138
5138
5088
5088
5088
5088
5327
5343
4894
4994
4993
4609
4593
4201
3962
4320
4769
4437
4453
4862
4912
4912
5172
5173
5565
5949
5540
5540
5540
5872
5423
5423
5423
5422
5661
5662
5562
5562
5562
5562
5562
5323
5323
5323
5423
5163
5112
5112
5112
5096
4445
4445
4684
5133
5133
5149
5149
5049
4665
4665
4665
5316
5034
5085
5084
5468
5468
5728
5678
5679
5679
5679
5679
5295
4733
5142
4810
4127
3867
4251
4533
4533
4633
4683
4667
4667
4275
4275
4175
4175
4737
4997
5097
4739
4384
4333
4691
4691
4691
4333
4333
4333
4073
4073
4333
4725
4486
4502
4110
4442
4442
3987
4379
3728
4183
3923
3922
4573
4573
4573
4573
4624
4608
4199
4199
4554
4555
4913
4913
5152
5152
4820
4770
5102
5102
5101
5151
5101
5101
5101
5510
6193
5744
5744
5744
6004
5353
5253
5353
5093
5109
5009
4727
4727
4987
4987
5037
4986
4986
4303
4303
4064
4064
4048
4699
4750
4751
4751
4751
4751
4367
4383
4383
3732
3732
3732
3731
3731
3732
3241
3191
3175
3457
3473
4124
4108
4108
4599
4241
4291
4291
4974
5332
5781
5781
6020
6404
6403
6403
6164
6114
5431
5670
5670
5619
5261
5361
5361
5261
4852
5261
5261
5261
5261
5001
5001
4669
4669
4669
4669
4769
5127
5027
4618
4718
4719
4335
4053
3953
3714
4098
4358
4357
4357
4357
4357
4766
4766
4374
4390
3935
4217
4267
4267
4268
4723
4072
4071
3509
3459
3460
3792
3792
3792
3792
3892
4543
4543
4543
4593
4593
4593
4543
4543
4283
4283
4675
4291
4291
4530
4530
4514
4122
4022
4022
4022
4073
4123
4072
4123
4139
4139
4701
4701
4701
4801
4801
4801
4469
4861
4412
4744
5128
5078
5527
5476
5475
6158
6158
6158
6158
6158
6058
6042
6043
6043
6043
5594
5594
5594
5644
5904
5920
5638
5638
6087
5729
5829
5829
5437
5829
5178
5177
5177
5077
5128
4637
4637
4637
5288
5570
5570
5310
4748
4698
4698
4459
4509
4177
4437
4769
5127
5127
5127
5128
5128
5128
5128
5619
6181
6180
6180
6130
6130
6180
5898
5514
5514
5514
4863
4963
4963
4947
4896
5547
5287
5526
4843
5103
5103
4452
4402
4402
4402
4452
4503
4111
4011
4011
4111
4111
4060
4342
4343
4011
4027
4026
4677
4678
4729
4729
4629
4629
4629
4274
4666
4666
4616
4616
5000
5683
5683
5683
5683
5632
5632
5632
5632
5987
6087
6087
5848
5490
5489
5097
4713
4713
4713
4764
4504
4222
4606
4845
4794
4385
4386
4286
4678
4678
4678
4439
4721
4272
4272
3917
3917
3917
3426
3144
3553
3553
4002
4284
4335
4284
4384
3992
3992
3430
3430
3414
3806
3857
3873
3822
4384
4623
4623
4981
4881
5236
5236
5236
5236
5236
5236
5220
5711
5353
5353
5453
4962
5012
5272
4823
4823
4823
4261
4261
4752
4752
4752
4752
4752
4261
4261
4260
3978
3978
3878
3878
4236
4568
4236
3844
4176
4227
4789
4738
4754
4754
4422
4422
4422
4704
4704
4704
4704
4704
4804
4754
4738
4738
5130
5130
5146
5146
5146
5130
4447
4447
4447
4938
4656
4556
5239
4881
4881
5213
5213
5213
4829
4830
4846
5128
5486
5486
5486
5226
5226
5226
5276
5376
4967
4967
4967
4967
5416
5416
5416
5467
5467
5851
5612
6021
5971
5920
5820
5804
5854
5854
5854
5804
5446
5496
5087
4732
4731
4731
4731
4731
4782
4782
4731
4970
4731
5140
5191
4700
4701
4701
4650
4241
4241
4241
4596
4596
4612
4596
4596
4835
4851
5209
5209
5209
5209
5209
5209
5193
5453
5121
5121
5120
5120
5120
5120
5220
5220
5220
5220
5220
5220
4938
4938
4938
4287
4287
4287
4338
4338
4747
5079
5079
4687
4636
4636
4918
4969
4585
4585
4535
4919
4819
4410
4426
5077
5177
5177
5177
5177
5077
5469
5469
5014
5469
5469
5469
5960
5960
5909
5909
5909
5893
5893
5893
5893
5893
5944
5944
5944
5944
5960
5961
6011
5960
5959
5959
5959
5308
5308
5069
5069
5308
5308
5048
4998
5098
5098
5098
5148
5199
5149
5149
5409
5459
5459
5459
6110
6094
6094
6094
6094
6094
5736
5736
5736
5752
5752
5752
5736
5736
5737
5737
5737
5477
5028
5044
4993
4609
4609
4154
4154
4538
4993
4893
4893
4892
4876
4877
4877
4877
5235
5235
4903
4903
4954
4953
4498
4598
4598
4598
4598
4598
4598
4498
4259
4591
4691
4691
4692
4692
4337
4692
4692
4592
4592
4592
4592
4592
4542
4592
4237
4236
4336
4337
4597
4597
4597
5006
4614
4614
4332
4232
4231
4231
4180
4180
4180
4629
5084
5323
5323
5374
5474
4823
4823
4823
4823
4823
4824
4824
4333
4333
4333
4283
4934
4934
4934
4934
4934
5216
5216
5216
5707
5707
5707
5707
6099
6149
6098
6097
5713
5613
5613
5629
5613
5664
5272
4940
4491
4231
4563
4663
4679
4680
4680
4940
4840
4840
4840
4840
4840
5289
5273
4991
4991
4991
4991
4941
4941
4941
4940
4491
4491
4491
4591
4975
4975
5424
5425
5093
5093
5143
5143
5143
5159
5514
5514
5514
5023
5022
5022
5022
5022
5022
5022
5006
5006
5006
5288
5304
5253
5254
5254
5586
5637
5637
5377
5376
5376
5376
5360
5360
5360
5360
5360
5620
5569
5569
5569
5519
5911
5911
5911
5911
5912
6403
6403
6454
6454
6454
6470
6370
6370
6370
6370
6370
6370
6370
6370
6370
6370
6370
6354
6354
6354
6354
6353
6403
6403
5954
5954
6403
6048
6048
5656
5417
5417
5417
5417
5417
5417
5417
5417
5059
5059
5059
5059
5059
5008
4958
4549
4599
4600
4600
4600
4600
4600
4600
3917
3933
4291
4291
4291
4530
4530
4480
4530
4939
4939
5622
5622
6014
6014
6014
5630
5614
5282
5637
5637
5637
5969
5919
5919
5919
5637
5188
5188
5188
5238
5238
5520
5969
5969
5969
6353
6353
6353
6353
6352
6352
6403
6403
6503
6094
5812
5812
6094
6094
6094
5739
5739
5739
6148
6148
6503
6503
6503
6503
6453
6453
6469
6060
6469
6469
6469
6469
6469
6469
6469
6469
6469
6020
5565
5565
5565
5181
5181
5181
5181
5565
5233
5283
5283
5732
5170
5170
5170
5170
4721
4721
4722
4722
4722
4722
4722
4722
4722
4440
4440
4772
5227
5676
6238
5555
5555
5837
5837
5787
5378
5378
5378
5378
5378
5787
5787
5786
5786
5786
5786
5786
5786
5547
5547
5547
6230
6214
6214
6230
6230
6230
6230
6230
6230
5781
5781
5290
5290
4881
5372
5372
5372
5372
5372
5372
5372
5372
5372
5781
5781
5781
5781
5781
5781
5831
5831
5376
5376
5377
5377
5377
5377
5377
5095
5095
5095
5095
5544
5544
5528
5528
5196
5528
5037
4937
4937
4937
4528
4544
4826
4825
4825
4825
4826
4826
5317
5417
5872
5872
5872
5872
5872
5872
5821
5821
5821
6060
6060
6060
6060
6060
5800
5750
5395
5395
5063
5063
5418
4735
4735
4786
4786
4770
4770
4670
4770
4770
4670
5002
5018
5278
5278
5278
5278
5278
5378
5378
5378
5787
5787
5432
5432
5432
5432
5040
4989
4989
4988
4988
4989
5381
5281
5281
5281
5281
5281
5042
5042
5042
5042
5042
5397
5397
5497
5497
6180
6180
6080
6080
6080
6080
5748
5748
5848
6180
6080
6080
6080
6080
6080
6080
5722
5722
5390
5441
5390
5722
5706
5705
5721
5721
5721
6079
6063
6063
6063
6113
6113
6113
6113
6113
6113
5831
5499
5499
5515
5516
5124
5124
5124
5516
5500
5600
5600
5651
5651
5890
5840
5840
5840
5840
5789
6071
5622
5622
5622
5622
4971
4562
4578
4578
4578
4578
4578
4478
4810
4860
4860
4860
4860
4844
4605
4621
4621
4621
4620
5271
5680
5780
6019
6468
6468
6468
6418
6469
6469
6187
6187
5504
5554
5554
5554
5555
5539
5184
5184
5183
5465
5465
6148
6148
6148
6149
6149
6149
5910
5526
4964
4980
4979
4979
4979
5334
5334
5896
5896
5896
5896
5896
5896
5896
5896
5538
5538
5538
5538
5538
5538
5538
5539
5539
5539
5539
5539
5539
5539
5279
5279
5279
5228
5228
5586
5586
5586
5586
5570
5570
5830
5830
5830
5830
5830
5830
5730
5830
5830
5830
5830
5472
5472
5472
5472
5472
5472
5472
5472
5472
5471
5471
5471
5472
5472
5422
5438
5822
5872
5872
5772
5772
6011
6369
6369
6369
6369
6368
6368
6368
6419
6369
6469
6469
6418
6418
6418
6418
6418
6418
6418
6468
6519
6519
6469
6469
6519
6519
6468
6368
6368
6368
6036
6136
6136
6136
6136
6136
6136
6136
6120
6121
6121
6121
6121
6121
6121
5882
5882
5881
5432
5150
5389
5389
5721
5721
5363
5379
5737
5382
5382
5382
5382
5332
5332
5332
5332
5614
5969
5969
5969
5969
5969
5953
5953
5953
5954
5953
5953
5953
5953
5969
6020
6020
6004
5904
5954
5715
5360
5360
5361
5361
5361
5361
5361
5377
5019
5468
5468
5208
4759
5208
5208
5208
5447
5431
5431
5431
5431
5431
5431
5430
5530
5480
5740
5756
5756
5756
5756
5756
6114
5782
5782
6114
5782
5782
5782
5782
6114
6115
6115
6165
6520
6238
5789
6238
6238
6238
6238
6238
6238
6238
6238
6238
6238
6238
6238
6238
6238
6238
6238
6238
6238
6238
6238
5854
5854
5804
5803
6187
6087
6087
5632
5372
5422
5422
5422
5522
5522
5522
5522
5804
5804
5804
5804
5420
5420
5420
5420
5420
5420
5420
4858
5313
5313
5263
5263
5263
5263
5263
5523
5573
5473
5473
5474
5474
5474
5474
4791
4791
4775
4775
5458
5458
5458
5103
5203
5203
5765
5765
5526
5542
5781
5781
5781
5326
5326
5326
4968
4917
4916
4677
4677
4627
4627
4627
4611
4611
4612
4612
4612
4628
4612
4851
4901
4619
4619
4287
4303
4303
4303
4303
4303
4303
4303
4303
4303
4303
3911
3962
4244
4193
4193
4193
4193
4193
4244
4244
4243
4243
4227
4243
4243
4698
5030
5030
5422
5422
5422
5806
5806
5806
5807
5807
5807
5807
5807
5807
5807
5807
5807
5807
5807
5756
5756
5740
6098
6098
6098
6098
6048
5948
5948
5948
5948
5386
5386
5436
5436
5436
5998
5997
6352
6352
6352
6352
6352
6352
6352
6352
6352
6352
6352
6302
6302
6353
6353
6353
6353
6353
6403
6403
6403
6164
6164
6180
6180
6280
6280
6280
6280
6280
6519
6519
6519
6519
6519
6519
6519
6135
6135
6085
6085
5630
5630
5630
5630
5630
5680
5630
5631
5631
5631
5580
5580
5580
5580
5580
5222
5272
5272
5271
5271
5629
5630
5630
6085
5676
6060
6060
6111
6520
6520
6520
6519
6519
6280
6280
6280
6280
6264
6213
6213
6213
6213
6213
6264
6265
6265
6265
6265
6165
6164
6164
6164
6165
6165
6165
6165
6165
6165
6165
6165
6115
6354
6354
6354
6354
6353
6353
6453
6453
6453
6453
6453
6453
6453
6061
5779
5779
5779
5779
5795
5795
5795
5795
5795
5795
5795
5795
5795
6077
6077
6077
6077
6077
6077
6077
6077
6077
6127
6127
5888
5888
5888
5888
5888
5888
5888
5888
5888
5888
6127
6127
6027
5977
5977
5977
5977
5926
5926
5644
5926
5926
5926
5926
5926
6318
6318
6418
6418
6418
6418
6469
6469
6137
6086
6086
6137
6187
6187
6187
6187
6187
6187
6187
6187
6187
6187
6187
6519
6519
6469
6469
6137
6137
6137
6469
6469
6453
6453
6402
6402
6402
6402
6418
6469
6469
6519
6519
6519
6520
6520
6520
6504
6504
6504
6504
6453
6453
6453
6504
6504
6504
6453
6452
6452
6453
6469
6419
6419
6419
6419
6470
6470
6470
6520
6281
6281
5923
5923
5923
5873
5518
5518
5518
5518
5568
5568
5567
5517
5517
5872
5872
5872
5873
5873
5873
5873
5873
5873
5873
5873
5857
5873
5923
5923
5923
5923
5872
5872
5872
5872
6111
6111
6162
6162
6162
6111
6111
6111
6111
6110
6110
6110
6110
6110
6110
6111
6111
6162
6112
6162
6162
6162
6162
6161
6161
6110
6110
6110
6110
6110
6161
6161
6161
6161
6161
6161
6061
6061
6061
6161
6161
6161
6161
6161
6145
6145
6146
6146
6146
6146
6146
6146
6146
6146
6146
6146
6095
6111
6111
6111
6111
6111
6162
6162
6162
6162
6162
6162
6162
6161
6161
6161
6161
6161
6161
6161
6161
6161
6161
6145
6145
6146
6146
6146
6146
6146
6146
6146
6146
6145
6145
6094
5762
5762
5762
5762
6120
6120
6120
6070
6070
6070
6070
6070
6070
6071
6071
6122
6122
6122
6122
6122
6122
6122
6122
6454
6454
6454
6453
6453
6454
6453
6453
6453
6453
6453
6453
6453
6503
6503
6453
6503
6503
6503
6503
6503
6519
6519
6519
6519
6519
6259
6259
6259
6259
6259
6259
6259
6259
6259
6259
6159
6159
6159
6419
6419
6420
6420
6369
6469
6468
6468
6368
6368
6368
6468
6469
6469
6469
6469
6469
6469
6419
6419
6419
6419
6319
6319
6319
6319
6319
6319
6319
6419
6419
6419
6470
6470
6470
6470
6470
6470
6470
6138
6138
6138
6138
6137
6138
6138
6470
6470
6470
6419
6419
6419
6419
6419
6419
6419
6419
6419
6470
6469
6469
6469
6469
6469
6453
6453
6453
6453
6503
6054
6054
6054
6054
6003
6003
6003
6003
6054
6054
6054
6054
5699
5699
5715
6070
6070
6070
6070
6070
6070
6070
6070
6070
6070
6054
6054
6054
6054
6054
6054
6054
6054
6003
6003
5953
5953
5953
5953
5853
5853
5853
5853
5461
5461
5461
5462
5462
5512
5512
5563
5563
5563
5563
5955
5955
5955
5955
5955
5955
5954
5954
5904
5853
5853
5853
5854
5854
5854
5905
5854
5854
5854
5854
5496
5496
5496
5546
5546
5546
5646
5646
5254
5305
5305
5305
5305
5754
5754
5754
5703
5443
5442
5442
5442
5442
5834
5834
5834
5834
5834
5834
5834
6192
6208
6208
5876
5876
5876
5826
5826
5826
5826
5726
5726
5726
5726
5776
5777
5776
5776
5827
5927
5927
5927
5927
5927
6187
6187
6187
6188
6188
6188
6188
6188
6088
6088
6088
6420
6420
6420
6420
6420
6420
6420
6420
6420
6420
6420
6420
6420
6370
6370
6370
6370
6370
6369
6369
6419
6519
6520
6520
6520
6520
6520
6520
6520
6520
6520
6520
6188
6188
6188
6188
6188
6138
6087
6087
6087
6087
6087
6087
6137
6137
6137
6137
6137
6137
6137
6137
6469
6469
6469
6469
6469
6520
6469
6469
6469
6469
6469
6469
6469
6469
6469
6469
6469
6469
6469
6469
6469
6469
6469
6469
6469
6469
6468
6468
6469
6469
6469
6469
6469
6453
6453
6452
6452
6452
6452
6452
6452
6452
6452
6452
6452
6452
6452
6452
6452
6452
6468
6468
6469
6469
6469
6469
6469
6469
6469
6469
6453
6453
6453
6453
6453
6453
6453
6453
6453
6453
6403
6403
6403
6403
6419
6419
6419
6419
6403
6453
6453
6453
6453
6121
6121
6121
6121
6121
6121
6121
6121
6121
6121
6120
6121
6121
6120
6120
6120
6120
6120
6120
6120
6120
6120
6120
6120
6120
6070
6070
6070
6070
6070
6071
6403
6403
6403
6403
6403
6403
6403
6403
6402
6418
6418
6418
6418
6418
6418
6418
6418
6418
6418
6418
6418
6418
6418
6468
6468
6468
6468
6468
6468
6519
6519
6519
6519
6468
6418
6418
6418
6418
6418
6418
6418
6418
6418
6418
6418
6418
6418
6418
6418
6418
6418
6469
6469
6469
6469
6469
6469
6469
6469
6469
6469
6418
6418
6418
6419
6419
6419
6419
6419
6419
6419
6419
6470
6470
6419
6419
6419
6419
6418
6418
6418
6418
6418
6419
6419
6419
6419
6419
6419
6419
6419
6419
6419
6061
6061
6061
6061
6061
6061
6061
6061
6061
6112
6112
5728
5728
5712
5712
5712
5712
5712
5712
5728
5728
6112
6112
6162
6162
6162
6520
6520
6520
6520
6520
6520
6520
6520
6520
6520
6520
6520
6520
6520
6469
6469
6469
6469
6468
6469
6469
6520
6520
6520
6520
6520
6520
6520
6520
6520
6520
6520
6520
6520
6520
6520
6520
6520
6470
6470
6470
6470
6470
6470
6470
6470
6470
6470
6470
6520
6520
6520
6520
6520
6520
6519
6519
6519
6519
6519
6519
6468
6468
6468
6469
6469
6469
6469
6469
6520
6520
6520
6520
6520
6520
6520
6520
6519
6468
6368
6369
6369
6087
6087
6187
6187
6187
6187
5855
5855
5855
5855
5855
6187
6187
6187
6187
6187
6186
6186
6136
6137
6137
6137
6187
6187
6469
6469
6469
6469
6469
6469
6469
6469
6469
6469
6419
6419
6419
6469
6469
6469
6469
6469
6469
6469
6469
6468
6468
6468
6468
6468
6418
6418
6419
6419
6419
6419
6419
6419
6419
6419
6403
6403
6403
6403
6403
6403
6403
6403
6403
6402
6402
6402
6402
6402
6402
6402
6402
6402
6402
6302
6302
6353
6403
6404
6404
6404
6404
6404
6404
6404
6404
6404
6420
6420
6420
6420
6420
6420
6420
6420
6420
6420
6420
6420
6420
6420
6420
6420
6420
6420
6420
6420
6420
6420
6420
6420
6420
6404
6404
6404
6404
6404
6404
6354
6354
6354
6354
6354
6354
6354
6354
6354
6354
6454
6454
6454
6454
6454
6470
6470
6470
6470
6470
6470
6370
6370
6370
6354
6354
6354
6454
6354
6354
6354
6354
6454
6454
6470
6470
6470
6520
6520
6520
6520
6520
6520
6520
6519
6519
6519
6519
6519
6519
6519
6519
6519
6519
6519
6519
6519
6520
6520
6520
6520
6520
6520
6520
6520
6520
6520
6520
6520
6520
6520
6520
6520
6420
6420
6420
6420
6420
6420
6420
6420
6420
6420
6370
6370
6370
6370
6370
6369
6369
6369
6469
6469
6453
6453
6453
6453
6454
6454
6454
6454
6504
6504
6504
6504
6504
6454
6454
6454
6454
6403
6403
6403
6303
6354
6354
6370
6370
6370
6370
6354
6370
6370
6370
6370
6370
6370
6354
6354
6354
6354
6354
6354
6353
6354
6353
6453
6353
6353
6354
6354
6370
6470
6469
6469
6453
6453
6503
6403
6403
6403
6353
6353
6354
6353
6353
6353
6353
6353
6353
6403
6403
6403
6352
6352
6352
6353
6353
6353
6353
6353
6353
6453
6453
6504
6504
6504
6504
6504
6504
6504
6504
6503
6503
6503
6503
6503
6503
6503
6503
6503
6503
6503
6503
6503
6503
6503
6503
6503
6519
6519
6520
6520
6519
6519
6519
6519
6519
6519
6519
6519
6519
6519
6519
6419
6419
6419
6419
6419
6419
6419
6419
6419
6419
6369
6369
6369
6369
6369
6369
6369
6369
6369
6469
6469
6469
6469
6469
6469
6469
6469
6469
6469
6469
6453
6453
6453
6469
6469
6469
6453
6469
6469
6469
6469
6469
6469
6469
6418
6418
6418
6418
6418
6469
6469
6470
6470
6470
6470
6470
6470
6470
6470
6470
6470
6470
6470
6469
6469
6469
6469
6469
6469
6469
6469
6369
6369
6369
6369
6369
6469
6469
6469
6469
6453
6453
6453
6453
6453
6503
6503
6503
6519
6520
6520
6469
6469
6469
6469
6469
6469
6469
6469
6469
6453
6453
6453
6453
6453
6453
6453
6453
6453
6504
6504
6504
6504
6504
6504
6504
6504
6504
6504
6504
6520
6520
6520
6520
6281
6281
6281
6520
6520
6520
6520
6469
6469
6468
6469
6469
6469
6469
6469
6469
6520
6520
6520
6504
6504
6504
6504
6504
6504
6504
6504
6504
6504
6504
6504
6503
6503
6503
6503
6503
6503
6503
6503
6503
6452
6452
6452
6453
6453
6453
6453
6453
6453
6453
6453
6453
6453
6453
6453
6453
6453
6469
6469
6469
6469
6469
6469
6419
6419
6419
6419
6419
6419
6419
6419
6419
6419
6419
6419
6419
6470
6470
6470
6469
6469
6469
6469
6469
6469
6469
6469
6469
6469
6453
6453
6453
6453
6453
6453
6453
6453
6453
6453
6453
6503
6503
6403
6403
6403
6403
6403
6403
6403
6403
6403
6403
6404
6404
6404
6404
6404
6404
6420
6420
6420
6420
6420
6420
6420
6370
6370
6370
6370
6370
6354
6354
6354
6354
6354
6303
6303
6303
6319
6319
6319
6303
6303
6303
6303
6303
6303
6303
6302
6302
6402
6402
6402
6403
6403
6403
6402
6402
6402
6402
6402
6418
6418
6418
6418
6418
6418
6418
6418
6418
6418
6418
6418
6318
6318
6318
6418
6418
6418
6418
6418
6418
6418
6418
6418
6402
6402
6402
6302
6352
6352
6352
6368
6468
6468
6468
6468
6468
6468
6468
6468
6468
6468
6468
6468
6468
6468
6468
6468
6468
6468
6469
6469
6469
6469
6453
6453
6453
6453
6453
6453
6453
6453
6469
6469
6469
6469
6469
6469
6469
6469
6520
6520
6520
6520
6520
6520
6520
6520
6520
6520
6520
6520
6420
6420
6420
6420
6420
6420
6420
6420
6420
6420
6369
6369
6420
6369
6369
6369
6369
6369
6369
6369
6319
6419
6418
6418
6418
6418
6418
6418
6418
6418
6418
6418
6418
6402
6402
6402
6402
6402
6402
6402
6402
6402
6418
6418
6419
6419
6419
6419
6419
6419
6419
6419
6418
6418
6418
6418
6418
6418
6418
6418
6418
6418
6418
6468
6468
6468
6519
6519
6519
6519
6519
6519
6519
6519
6519
6519
6503
6503
6503
6503
6503
6519
6519
6519
6519
6519
6519
6519
6503
6503
6519
6519
6519
6519
6519
6519
6519
6519
6519
6519
6503
6453
6453
6453
6453
6453
6453
6453
6453
6453
6453
6453
6453
6453
6453
6469
6469
6469
6469
6469
6469
6469
6469
6453
6454
6454
6454
6454
6454
6454
6454
6454
6454
6453
6453
6453
6503
6403
6403
6403
6403
6403
6403
6403
6403
6352
6352
6352
6353
6353
6353
6453
6453
6453
6469
6469
6469
6469
6469
6469
6469
6469
6469
6468
6452
6452
6468
6468
6468
6468
6468
6469
6469
6469
6468
6468
6468
6468
6468
6468
6468
6468
6468
6468
6468
6468
6519
6519
6519
6519
6519
6520
6520
6520
6469
6469
6419
6419
6419
6419
6418
6418
6418
6418
6418
6418
6418
6469
6469
6519
6520
6520
6520
6520
6520
6520
6520
6520
6520
6520
6520
6519
6519
6519
6519
6519
6519
6519
6519
6519
6469
6469
6469
6469
6469
6469
6469
6469
6469
6469
6469
6469
6469
6470
6470
6469
6469
6469
6469
6519
6519
6469
6469
6469
6469
6453
6454
6470
6470
6470
6470
6470
6470
6470
6470
6470
6469
6469
6469
6418
6418
6418
6468
6468
6468
6468
6468
6468
6468
6468
6519
6519
6519
6519
6520
6520
6520
6520
6520
6519
6519
6519
6519
6519
6519
6519
6519
6519
6519
6519
6519
6519
6519
6503
6453
6453
6453
6453
6453
6453
6453
6453
6453
6453
6453
6453
6453
6453
6453
6453
6453
6469
6469
6469
6469
6469
6469
6469
6469
6469
6469
6453
6503
6503
6503
6503
6503
6503
6503
6503
6503
6503
6503
6503
6503
6403
6403
6419
6419
6419
6403
6403
6419
6519
6519
6519
6519
6519
6519
6519
6519
6519
6519
6519
6519
6519
6519
6519
6519
6519
6519
6519
6519
6503
6503
6503
6503
6503
6503
6503
6503
6503
6503
6503
6503
6503
6503
6403
6352
6352
6352
6352
6352
6302
6353
6354
6354
6353
6353
6453
6453
6469
6469
6469
6469
6469
6469
6469
6469
6469
6469
6469
6469
6469
6469
6469
6418
6418
6418
6418
6468
6468
6468
6468
6468
6468
6469
6469
6453
6453
6453
6453
6453
6453
6453
6453
6453
6453
6453
6453
6453
6453
6453
6453
6453
6453
6453
6453
6453
6453
6453
6453
6453
6453
6453
6504
6504
6504
6504
6504
6504
6504
6504
6504
6503
6519
6519
6519
6519
6519
6519
6519
6519
6519
6519
6519
6519
6519
6519
6519
6519
6519
6519
6519
6519
6519
6519
6519
6468
6468
6468
6468
6468
6519
6519
6519
6519
6519
6519
6519
6519
6519
6519
6519
6520
6520
6504
6504
6504
6504
6504
6504
6504
6504
6504
6504
6454
6470
6470
6470
6469
6469
6469
6469
6469
6469
6469
6469
6469
6469
6469
6469
6469
6469
6469
6453
6454
6454
6453
6453
6453
6453
6453
6453
6453
6453
6454
6454
6454
6454
6454
6504
6504
6504
6504
6504
6504
6504
6504
6504
6504
6504
6504
6504
6504
6504
6504
6504
6504
6504
6504
6504
6504
6504
6504
6504
6520
6520
6520
6520
6520
6520
6520
6520
6520
6520
6520
6520
6504
6504
6504
6504
6504
6504
6504
6504
6504
6504
6520
6520
6520
6520
6520
6520
6520
6520
6520
6520
6520
6520
6520
6520
6520
6520
6520
6520
6520
6520
6520
6520
6520
6520
6519
6519
6519
6519
6519
6519
6519
6519
6520
6520
6520
6520
6520
6520
6520
6520
6520
6520
6520
6504
6504
6504
6504
6504
6504
6504
6504
6504
6504
6504
6453
6452
6452
6453
6453
6453
6453
6453
6453
6453
6453
6453
6453
6453
6469
6469
6469
6469
6469
6469
6469
6469
6469
6468
6468
6469
6469
6469
6469
6469
6468
6468
6468
6519
6519
6519
6519
6519
6519
6519
6519
6519
6519
6519
6519
6519
6519
6519
6519
6519
6519
6519
6519
6519
6519
6519
6519
6519
6519
6519
6519
6519
6519
6519
6519
6519
6519
6519
6519
6519
6519
6519
6519
6519
6519
6519
6519
6519
6519
6519
6519
6519
6519
6519
6519
6519
6519
6519
6519
6519
6519
6519
6519
6519
6519
6519
6519
6519
6469
6469
6469
6469
6469
6469
6469
6469
6469
6469
6519
6519
6519
6519
6519
6519
6519
6519
6519
6519
6469
6469
6418
6418
6418
6419
6419
6419
6418
6418
6418
6418
6418
6418
6418
6418
6418
6418
6418
6418
6418
6418
6418
6418
6418
6418
6418
6418
6418
6418
6418
6418
6418
6418
6418
6418
6419
6469
6469
6469
6469
6469
6469
6469
6469
6469
6469
6469
6520
6520
6520
6519
6519
6519
6519
6519
6519
6519
6519
6519
6520
6520
6520
6520
6520
6520
6520
6520
6520
6520
6520
6520
6520
6520
6504
6504
6504
6504
6504
6504
6504
6504
6504
6504
6504
6520
6520
6504
6504
6504
6504
6504
6504
6504
6504
6504
6504
6504
6504
6520
6520
6520
6520
6520
6520
6520
6520
6519
6519
6519
6519
6519
6519
6519
6520
6519
6520
6520
6520
6520
6520
6520
6520
6520
6520
6520
6520
6519
6519
6519
6519
6519
6519
6519
6519
6519
6519
6519
6519
6519
6519
6519
6519
6519
6519
6519
6519
6519
6519
6519
6519
6519
6519
6519
6519
6503
6452
6452
6452
6452
6452
6452
6452
6453
6453
6453
6453
6469
6520
6520
6520
6520
6520
6520
6520
6520
6504
6520
6520
6519
6468
6468
6468
6468
6468
6468
6468
6468
6468
6468
6469
6469
6469
6469
6468
6468
6468
6468
6519
6519
6519
6519
6519
6519
6520
6520
6520
6520
6520
6519
6519
6519
6519
6519
6519
6503
6503
6519
6469
6469
6469
6469
6469
6469
6469
6470
6470
6470
6469
6470
6470
6470
6520
6520
6520
6520
6520
6520
6520
6520
6520
6520
6520
6520
6520
6520
6520
6520
6520
6520
6520
6520
6520
6519
6519
6519
6519
6519
6519
6519
6519
6519
6519
6519
6519
6519
6503
6503
6504
6504
6504
6504
6504
6504
6504
6504
6504
6504
6504
6503
6503
6503
6503
6503
6503
6503
6503
6403
6403
6403
6403
6403
6403
6403
6403
6403
6503
6503
6503
6503
6503
6503
6503
6503
6403
6403
6403
6403
6403
6419
6419
6420
6369
6369
6369
6369
6369
6368
6368
6368
6368
6368
6368
6368
6368
6368
6368
6368
6368
6368
6368
6368
6468
6468
6519
6519
6519
6519
6519
6519
6519
6519
6519
6519
6503
6503
6504
6504
6504
6504
6504
6504
6504
6504
6504
6504
6503
6503
6503
6503
6503
6503
6452
6452
6452
6452
6452
6452
6468
6468
6468
6468
6468
6468
6468
6469
6520
6520
6520
6520
6520
6520
6520
6520
6520
6520
6520
6520
6520
6520
6520
6520
6520
6520
6520
6520
6520
6520
6520
6520
6520
6520
6520
6520
6520
6520
6520
6520
6520
6520
6520
6520
6520
6520
6520
6504
6504
6504
6504
6520
6520
6520
6519
6519
6519
6519
6519
6519
6519
6519
6519
6519
6519
6519
6519
6503
6503
6503
6503
6503
6504
6504
6504
6504
6504
6504
6504
6504
6504
6504
6520
6520
6520
6520
6520
6504
6504
6504
6503
6503
6503
6503
6503
6503
6503
6503
6503
6503
6503
6519
6519
6519
6519
6519
6519
6519
6519
6519
6519
6519
6520
6520
6520
6520
6520
6519
6519
6519
6519
6519
6519
6519
6503
6503
6503
6503
6503
6503
6503
6503
6503
6503
6503
6503
6503
6503
6503
6503
6503
6503
6503
6503
6503
6503
6504
6504
6504
6504
6504
6504
6504
6503
6503
6503
6503
6519
6519
6519
6519
6519
6519
6519
6519
6519
6519
6519
6519
6519
6519
6519
6519
6520
6504
6504
6504
6520
6520
6520
6520
6520
6520
6520
6520
6520
6520
6520
6520
6520
6520
6520
6520
6520
6520
6520
6520
6520
6520
6520
6520
6520
6519
6520
6504
6503
6503
6503
6503
6503
6519
6519
6519
6519
6519
6519
6519
6519
6519
6519
6519
6519
6520
6520
6520
6520
6520
6504
6504
6503
6503
6503
6503
6503
6503
6503
6503
6503
6503
6503
6503
6503
6503
6503
6519
6519
6519
6519
6519
6519
6519
6519
6519
6519
6519
6519
6519
6519
6519
6519
6519
6519
6519
6519
6519
6519
6519
6519
6519
6519
6519
6519
6519
6519
6520
6520
6520
6519
6520
6519
6519
6520
6520
6520
6520
6520
6520
6520
6520
6520
6520
6520
6519
6520
6520
6520
6520
6520
6520
6520
6520
6520
6520
6520
6520
6520
6520
6520
6520
6520
6520
6520
6520
6520
6520
6520
6520
6520
6520
6520
6520
6520
6520
6520
6520
6520
6520
6520
6520
6520
6520
6520
6520
6520
6520
6520
6520
6520
6520
6520
6520
6520
6520
6520
6520
6520
6520
6520
6520
6520
6520
6520
6520
6520
6520
6520
6520
6520
6520
6520
6520
6520
6520
6520
6520
6520
6520
6520
6520
6520
6504
6504
6504
6504
6504
6504
6504
6504
6504
6504
6504
6504
6504
6504
6504
6504
6504
6504
6503
6503
6503
6503
6519
6519
6519
6520
6520
6520
6520
6520
6520
6520
6520
6520
6520
6520
6520
6520
6520
6520
6520
6520
6520
6520
6520
6504
6504
6504
6520
6520
6520
6520
6520
6520
6520
6520
6520
6520
6520
6520
6520
6520
6520
6520
6520
6504
6504
6504
6504
6504
6504
6504
6504
6504
6504
6504
6504
6504
6504
6504
6504
6504
6504
6504
6504
6520
6520
6520
6520
6520
6520
6520
6520
6520
6520
6520
6520
6520
6520
6520
6520
6520
6520
6520
6520
6520
6520
6520
6520
6520
6520
6520
6520
6520
6520
6520
6520
6520
6519
6519
6519
6519
6519
6519
6519
6519
6520
6520
6520
6520
6520
6520
6520
6520
6520
6520
6520
6520
6520
6519
6519
6519
6519
6519
6519
6520
6520
6520
6520
6520
6520
6520
6520
6520
6520
6520
6520
6520
6520
6520
6520
6520
6520
6520
6520
6520
6520
6520
6520
6520
6520
6520
6520
6520
6520
6520
6520
6520
6520
6520
6520
6520
6520
6520
6520
6520
6520
6520
6520
6520
6520
6520
6520
6520
6520
6520
6520
6520
6520
6520
6519
6519
6519
6519
6519
6519
6519
6519
6519
6519
6519
6519
6519
6519
6519
6519
6519
6519
6519
6519
6519
6519
6519
6519
6519
6519
6519
6519
6519
6519
6519
6519
6519
6519
6519
6520
6520
6520
6520
6520
6520
6520
6520
6520
6520
6520
6520
6520
6520
6520
6520
6520
6520
6519
6519
6519
6519
6519
6519
6519
6519
6519
6519
6503
6503
6503
6503
6503
6519
6519
6519
6519
6519
6519
6519
6519
6519
6519
6519
6520
6520
6520
6504
6504
6504
6504
6504
6504
6504
6504
6504
6504
6504
6503
6503
6503
6503
6503
6503
6504
6504
6504
6504
6504
6504
6504
6503
6503
6503
6503
6503
6503
6503
6503
6503
6503
6503
6503
6503
6503
6504
6504
6504
6504
6504
6504
6504
6520
6520
6520
6520
6519
6519
6519
6519
6519
6519
6519
6519
6519
6519
6519
6519
6519
6520
6520
6520
6520
6520
6520
6520
6520
6520
6520
6520
6520
6520
6520
6520
6520
6520
6520
6520
6520
6520
6519
6520
6520
6520
6520
6520
6520
6504
6504
6504
6504
6504
6504
6504
6504
6504
6504
6504
6504
6504
6504
6504
6504
6503
6503
6503
6503
6503
6503
6519
6519
6519
6519
6519
6519
6519
6519
6519
6519
6519
6519
6519
6519
6519
6519
6519
6519
6519
6519
6519
6519
6519
6519
6519
6503
6503
6403
6403
6403
6403
6403
6403
6403
6403
6403
6403
6403
6403
6403
6503
6503
6503
6503
6503
6503
6503
6503
6503
6503
6519
6519
6519
6519
6519
6519
6519
6519
6519
6519
6519
6519
6519
6520
6520
6520
6520
6520
6520
6520
6520
6520
6520
6520
6520
6520
6520
6520
6520
6520
6520
6520
6520
6520
6520
6520
6520
6520
6520
6520
6520
6520
6520
6520
6520
6520
6520
6520
6520
6520
6520
6520
6520
6520
6519
6519
6519
6519
6519
6519
6519
6519
6519
6519
6519
6519
6519
6519
6519
6519
6519
6519
6519
6519
6519
6519
6519
6519
6519
6519
6519
6519
6519
6519
6520
6519
6519
6519
6519
6519
6519
6519
6519
6519
6519
6519
6519
6519
6519
6519
6519
6519
6519
6519
6519
6519
6519
6519
6519
6519
6519
6519
6519
6520
6520
6520
6520
6520
6520
6519
6519
6519
6519
6519
6519
6519
6519
6519
6519
6519
6519
6519
6519
6519
6519
6519
6519
6519
6519
6519
6519
6519
6519
6519
6519
6519
6519
6519
6519
6519
6519
6519
6519
6519
6519
6519
6519
6519
6519
6519
6519
6503
6503
6519
6519
6519
6519
6519
6519
6519
6519
6519
6519
6519
6519
6519
6519
6519
6519
6519
6519
6519
6519
6520
6520
6520
6520
6520
6520
6520
6520
6520
6520
6520
6520
6520
6520
6520
6520
6520
6520
6520
6520
6520
6520
6520
6520
6520
6520
6520
6520
6520
6520
6520
6520
6520
6520
6520
6520
6520
6520
6520
6520
6520
6520
6520
6520
6520
6520
6520
6520
6520
6520
6520
6520
6520
6520
6520
6520
6520
6520
6520
6520
6520
6520
6520
6520
6520
6520
6520
6520
6520
6520
6520
6520
6520
6520
6520
6520
6520
6520
6520
6520
6520
6520
6520
6520
6520
6519
6519
6519
6520
6520
6520
6520
6520
6520
6520
6520
6520
6520
6520
6520
6520
6520
6520
6520
6520
6520
6520
6520
6520
6520
6520
6520
6520
6520
6520
6520
6520
6520
6520
6520
6520
6520
6520
6520
6520
6519
6519
6519
6519
6519
6519
6519
6519
6519
6519
6519
6519
6519
6519
6519
6519
6519
6519
6519
6519
6519
6519
6519
6519
6519
6520
6520
6520
6520
6520
6520
6520
6520
6520
6520
6520
6520
6520
6520
6520
6520
6520
6520
6520
6520
6520
6520
6520
6519
6519
6520
6520
6520
6520
6520
6520
6520
6520
6520
6520
6520
6520
6520
6520
6520
6520
6520
6520
6520
6520
6520
6520
6520
6520
6520
6520
6520
6520
6519
6519
6519
6520
6520
6520
6520
6520
6520
6520
6520
6520
6519
6519
6519
6519
6519
6519
6519
6519
6519
6519
6519
6519
6519
6519
6519
6519
6519
6519
6520
6520
6520
6520
6520
6520
6520
6520
6520
6520
6520
6520
6520
6520
6520
6520
6520
6520
6520
6520
6520
6520
6520
6520
6520
6520
6520
6520
6520
6520
6519
6519
6519
6519
6519
6519
6519
6519
6519
6519
6519
6519
6519
6520
6519
6519
6519
6519
6519
6519
6519
6519
6519
6519
6519
6519
6519
6519
6519
6519
6519
6519
6519
6519
6519
6519
6519
6519
6519
6520
6520
6520
6520
6520
6520
6520
6520
6520
6520
6520
6520
6520
6520
6520
6520
6520
6520
6520
6520
6520
6520
6504
6504
6504
6504
6504
6504
6504
6504
6504
6504
6504
6504
6520
6520
6520
6519
6519
6519
6519
6520
6520
6520
6520
6520
6520
6520
6520
6520
6520
6520
6520
6520
6520
6520
6504
6504
6504
6504
6504
6504
6504
6504
6504
6504
6503
6503
6503
6503
6503
6503
6503
6503
6503
6503
6503
6503
6503
6503
6503
6503
6503
6503
6503
6503
6504
6504
6504
6504
6504
6504
6504
6504
6504
6504
6504
6504
6504
6504
6520
6520
6520
6519
6519
6519
6519
6519
6519
6519
6519
6519
6519
6519
6519
6519
6520
6520
6520
6520
6520
6520
6520
6520
6520
6520
6520
6520
6520
6520
6520
6520
6520
6520
6520
6520
6520
6520
6520
6520
6520
6520
6520
6520
6520
6520
6520
6520
6520
6520
6520
6520
6520
6520
6520
6520
6520
6520
6520
6520
6519
6519
6519
6519
6519
6519
6519
6519
6519
6519
6519
6519
6519
6519
6519
6520
6520
6520
6520
6520
6520
6520
6520
6520
6520
6520
6520
6520
6520
6520
6520
6520
6520
6520
6520
6520
6520
6520
6520
6520
6520
6520
6520
6520
6520
6520
6520
6520
6520
6520
6520
6520
6520
6520
6520
6520
6520
6520
6520
6520
6520
6520
6520
6520
6520
6520
6520
6520
6520
6520
6520
6519
6519
6519
6519
6519
6519
6519
6519
6519
6519
6519
6519
6519
6519
6519
6503
6503
6503
6503
6503
6503
6504
6504
6504
6504
6504
6504
6504
6504
6503
6503
6503
6503
6503
6503
6503
6503
6503
6503
6503
6503
6503
6503
6503
6503
6503
6504
6504
6504
6504
6504
6504
6504
6504
6504
6504
6504
6504
6504
6504
6504
6504
6520
6520
6520
6520
6520
6520
6520
6520
6520
6520
6520
6520
6520
6520
6520
6520
6520
6520
6520
6520
6520
6520
6520
6520
6520
6520
6520
6520
6520
6520
6520
6520
6520
6520
6520
6520
6520
6520
6520
6520
6520
6520
6520
6520
6520
6520
6520
6520
6520
6520
6520
6520
6519
6519
6519
6519
6519
6520
6520
6520
6520
6520
6520
6520
6520
6520
6520
6520
6520
6520
6520
6520
6520
6520
6520
6520
6520
6520
6520
6520
6520
6520
6520
6520
6520
6520
6520
6520
6520
6520
6520
6520
6520
6520
6520
6520
6520
6520
6520
6520
6519
6519
6519
6519
6519
6519
6519
6519
6519
6519
6519
6519
6519
6519
6519
6520
6520
6520
6520
6520
6520
6520
6520
6520
6520
6520
6520
6520
6520
6520
6520
6520
6519
6519
6519
6519
6519
6519
6519
6519
6519
6519
6519
6519
6519
6519
6519
6519
6519
6519
6519
6519
6519
6519
6519
6519
6519
6519
6519
6519
6519
6519
6519
6519
6519
6519
6519
6519
6519
6519
6519
6520
6520
6520
6520
6520
6520
6520
6520
6520
6520
6520
6520
6520
6520
6520
6520
6520
6520
6520
6520
6520
6520
6520
6520
6520
6520
6520
6520
6520
6520
6520
6520
6520
6520
6520
6520
6520
6520
6520
6520
6520
6520
6520
6520
6520
6520
6520
6520
6520
6520
6520
6520
6520
6520
6520
6520
6520
6520
6520
6520
6520
6520
6520
6520
6520
6520
6520
6520
6520
6520
6520
6520
6520
6520
6520
6520
6520
6520
6520
6520
6520
6520
6520
6519
6519
6519
6519
6519
6519
6519
6519
6520
6520
6520
6520
6520
6520
6520
6520
6520
6520
6520
6520
6520
6520
6520
6520
6520
6520
6520
6520
6520
6520
6520
6520
6520
6520
6520
6520
6520
6520
6520
6520
6520
6520
6520
6520
6520
6520
6520
6520
6520
6520
6520
6520
6520
6520
6520
6520
6519
6519
6519
6520
6520
6519
6519
6519
6519
6519
6519
6519
6519
6519
6519
6519
6519
6519
6519
6519
6519
6519
6519
6519
6519
6519
6519
6519
6519
6519
6519
6519
6519
6519
6520
6520
6520
6520
6520
6519
6519
6519
6519
6519
6519
6519
6519
6519
6519
6519
6519
6519
6519
6519
6519
6519
6519
6519
6519
6519
6519
6519
6519
6520
6520
6520
6520
6520
6520
6520
6504
6504
6504
6504
6504
6504
6504
6504
6504
6504
6504
6504
6504
6504
6504
6504
6504
6504
6504
6504
6504
6504
6504
6504
6504
6504
6504
6504
6504
6504
6503
6503
6503
6503
6503
6519
6519
6519
6519
6519
6519
6519
6520
6520
6520
6520
6520
6520
6520
6520
6520
6520
6520
6520
6520
6520
6520
6520
6520
6520
6520
6520
6520
6520
6520
6520
6520
6520
6520
6520
6520
6520
6520
6520
6520
6520
6520
6520
6520
6520
6520
6520
6520
6519
6519
6519
6519
6519
6519
6519
6519
6519
6519
6519
6519
6519
6520
6520
6520
6520
6520
6520
6520
6520
6520
6520
6520
6519
6519
6519
6519
6519
6519
6519
6519
6519
6519
6519
6519
6519
6519
6519
6519
6519
6519
6519
6519
6519
6519
6519
6519
6519
6519
6519
6519
6519
6519
6519
6519
6519
6519
6519
6519
6519
6519
6519
6519
6519
6519
6519
6519
6519
6519
6519
6519
6519
6519
6519
6519
6519
6519
6519
6519
6520
6520
6520
6520
6520
6520
6519
6519
6520
6520
6520
6520
6520
6520
6520
6520
6520
6520
6520
6520
6520
6520
6520
6520
6520
6520
6520
6520
6520
6519
6519
6519
6519
6519
6519
6519
6519
6519
6520
6520
6520
6520
6520
6520
6520
6520
6520
6520
6520
6520
6520
6520
6520
6520
6520
6520
6520
6520
6520
6520
6520
6520
6520
6520
6520
6520
6520
6520
6520
6520
6520
6520
6520
6520
6520
6520
6519
6519
6519
6519
6519
6519
6519
6519
6520
6520
6520
6520
6520
6520
6520
6520
6520
6520
6520
6520
6520
6520
6520
6520
6520
6520
6520
6519
6519
6520
6520
6520
6520
6520
6520
6520
6520
6520
6520
6520
6519
6519
6519
6519
6519
6519
6519
6519
6519
6519
6519
6520
6519
6519
6519
6519
6519
6520
6520
6520
6520
6520
6520
6519
6519
6519
6519
6519
6519
6519
6519
6519
6519
6519
6519
6519
6519
6519
6519
6519
6519
6519
6519
6519
6519
6519
6519
6519
6519
6519
6519
6519
6519
6519
6519
6519
6519
6519
6519
6519
6519
6519
6519
6519
6519
6519
6519
6519
6519
6519
6520
6520
6520
6520
6520
6520
6520
6520
6520
6520
6520
6520
6520
6520
6520
6520
6520
6520
6520
6520
6519
6519
6519
6519
6519
6519
6519
6519
6519
6519
6519
6519
6519
6519
6519
6519
6519
6519
6519
6519
6519
6519
6519
6519
6519
6519
6519
6519
6520
6520
6520
6520
6520
6520
6520
6520
6520
6520
6520
6520
6520
6520
6520
6520
6520
6520
6520
6520
6520
6520
6520
6520
6520
6520
6520
6520
6520
6520
6520
6520
6520
6520
6520
6520
6520
6520
6520
6520
6520
6519
6519
6519
6520
6520
6520
6520
6520
6520
6520
6520
6520
6520
6520
6520
6519
6519
6519
6519
6519
6519
6519
6519
6519
6519
6519
6519
6519
6519
6519
6519
6519
6519
6519
6520
6520
6520
6520
6520
6520
6520
6520
6520
6520
6520
6520
6520
6520
6520
6520
6520
6520
6519
6519
6519
6520
6520
6520
6520
6520
6520
6520
6520
6520
6520
6520
6520
6520
6520
6520
6520
6520
6520
6520
6520
6520
6520
6520
6520
6520
6520
6520
6520
6520
6520
6520
6520
6520
6520
6520
6520
6520
6520
6520
6520
6520
6520
6519
6519
6519
6519
6519
6519
6519
6519
6519
6519
6519
6519
6519
6519
6519
6519
6519
6519
6519
6519
6519
6519
6519
6519
6519
6519
6519
6519
6519
6519
6519
6519
6519
6519
6519
6519
6519
6519
6519
6519
6519
6519
6519
6519
6519
6519
6519
6519
6519
6519
6519
6519
6519
6519
6519
6519
6519
6519
6519
6519
6519
6519
6520
6520
6520
6520
6520
6520
6520
6520
6520
6520
6520
6520
6520
6520
6520
6520
6520
6520
6520
6520
6520
6520
6520
6520
6520
6520
6520
6520
6520
6520
6520
6520
6520
6520
6520
6520
6520
6520
6520
6520
6520
6520
6520
6520
6520
6520
6520
6520
6520
6520
6520
6520
6520
6520
6520
6520
6520
6520
6520
6520
6520
6520
6520
6520
6520
6520
6520
6520
6520
6520
6520
6520
6520
6520
6520
6520
6520
6520
6520
6520
6520
6520
6520
6520
6520
6520
6520
6520
6520
6520
6520
6520
6520
6520
6520
6520
6520
6520
6520
6520
6520
6520
6520
6520
6520
6520
6520
6520
6520
6520
6520
6520
6520
6520
6520
6520
6520
6520
6520
6520
6520
6520
6519
6519
6519
6520
6520
6520
6520
6520
6520
6520
6520
6520
6520
6520
6520
6520
6520
6520
6520
6520
6520
6520
6520
6520
6520
6520
6520
6520
6520
6520
6520
6520
6520
6520
6520
6520
6519
6519
6519
6519
6519
6519
6519
6519
6519
6519
6519
6519
6519
6519
6519
6519
6519
6519
6519
6519
6520
6520
6520
6520
6520
6520
6520
6520
6520
6520
6519
6519
6519
6519
6519
6519
6519
6519
6519
6519
6519
6519
6519
6519
6519
6519
6519
6519
6519
6519
6519
6519
6519
6519
6519
6519
6519
6519
6519
6519
6519
6519
6519
6519
6519
6519
6519
6519
6519
6519
6520
6520
6520
6520
6520
6520
6520
6520
6520
6520
6520
6520
6520
6520
6520
6520
6520
6520
6520
6520
6520
6520
6520
6520
6520
6520
6520
6520
6520
6520
6519
6519
6519
6519
6519
6519
6519
6519
6519
6519
6519
6519
6519
6519
6519
6519
6519
6519
6520
6520
6520
6520
6520
6520
6520
6520
6520
6520
6520
6520
6520
6520
6520
6520
6520
6520
6520
6520
6520
6520
6520
6520
6520
6520
6520
6520
6520
6520
6520
6520
6520
6520
6520
6520
6520
6520
6520
6520
6520
6520
6520
6520
6520
6520
6520
6520
6520
6520
6520
6520
6520
6520
6520
6520
6520
6520
6520
6520
6520
6520
6520
6520
6520
6520
6520
6520
6520
6520
6520
6520
6520
6520
6520
6520
6520
6520
6520
6520
6520
6520
6520
6520
6520
6520
6520
6520
6520
6519
6520
6520
6520
6520
6520
6520
6520
6520
6520
6520
6520
6520
6520
6520
6520
6520
6520
6520
6520
6520
6520
6520
6520
6520
6520
6520
6520
6520
6520
6520
6520
6520
6520
6520
6520
6520
6520
6520
6520
6520
6520
6520
6520
6520
6520
6520
6520
6520
6520
6520
6520
6520
6520
6520
6520
6520
6520
6520
6520
6520
6520
6520
6520
6520
6520
6520
6520
6520
6520
6520
6520
6520
6520
6520
6520
6520
6520
6520
6520
6520
6519
6520
6520
6520
6520
6520
6520
6520
6520
6520
6520
6520
6520
6520
6520
6520
6520
6520
6520
6520
6520
6520
6520
6520
6520
6520
6520
6520
6520
6520
6520
6520
6520
6520
6520
6520
6520
6520
6520
6520
6520
6520
6520
6520
6520
6520
6520
6520
6520
6520
6519
6520
6520
6520
6520
6520
6520
6520
6520
6520
6520
6520
6520
6520
6520
6520
6520
6520
6520
6520
6520
6520
6520
6520
6520
6519
6519
6519
6519
6519
6519
6519
6519
6519
6519
6519
6519
6519
6519
6519
6519
6519
6519
6519
6519
6519
6519
6519
6519
6519
6519
6519
6519
6519
6519
6519
6519
6519
6519
6519
6519
6519
6519
6519
6519
6519
6519
6520
6520
6520
6520
6520
6520
6520
6520
6520
6520
6520
6520
6520
6520
6520
6520
6520
6520
6520
6520
6520
6520
6520
6520
6520
6520
6520
6520
6520
6520
6520
6520
6520
6520
6520
6520
6520
6520
6520
6520
6520
6520
6520
6520
6520
6519
6519
6519
6519
6520
6520
6520
6519
6520
6520
6520
6520
6520
6520
6520
6520
6520
6520
6520
6520
6520
6520
6520
6520
6520
6520
6520
6519
6519
6519
6519
6519
6520
6520
6520
6520
6519
6519
6519
6519
6519
6519
6520
6520
6520
6520
6520
6520
6520
6520
6520
6520
6520
6520
6520
6520
6520
6520
6520
6520
6519
6519
6519
6519
6519
6519
6519
6519
6519
6519
6519
6519
6519
6519
6519
6519
6519
6519
6519
6519
6519
6519
6519
6519
6519
6520
6520
6520
6520
6520
6520
6519
6519
6519
6519
6519
6519
6519
6519
6519
6519
6519
6519
6519
6519
6519
6519
6519
6519
6519
6519
6520
6520
6520
6520
6520
6520
6520
6520
6520
6520
6520
6520
6520
6520
6520
6520
6520
6520
6520
6520
6520
6520
6520
6520
6520
6520
6520
6520
6520
6520
6520
6520
6520
6520
6520
6520
6520
6520
6520
6520
6520
6520
6520
6520
6520
6520
6519
6519
6519
6519
6519
6519
6519
6519
6519
6519
6519
6519
6519
6519
6519
6519
6519
6519
6519
6519
6519
6519
6519
6519
6519
6519
6520
6519
6519
6519
6519
6519
6519
6519
6519
6519
6519
6519
6519
6519
6519
6519
6519
6519
6519
6519
6519
6519
6520
6520
6520
6520
6520
6520
6520
6520
6520
6520
6520
6520
6520
6520
6520
6520
6520
6520
6520
6520
6520
6520
6520
6520
6520
6520
6520
6520
6520
6520
6520
6520
6520
6520
6520
6520
6520
6520
6520
6520
6520
6520
6520
6520
6520
6520
6520
6520
6520
6520
6520
6520
6520
6520
6520
6520
6520
6520
6520
6520
6520
6520
6520
6520
6520
6520
6520
6520
6520
6520
6520
6520
6520
6520
6520
6520
6520
6520
6520
6520
6520
6520
6520
6519
6519
6519
6519
6519
6519
6519
6519
6519
6519
6519
6519
6519
6519
6519
6519
6519
6520
6520
6520
6520
6520
6520
6520
6520
6520
6520
6520
6520
6520
6520
6520
6520
6520
6519
6519
6519
6519
6519
6519
6519
6519
6519
6519
6519
6519
6519
6519
6519
6519
6519
6519
6519
6519
6519
6519
6520
6520
6520
6520
6520
6520
6520
6520
6520
6520
6519
6519
6519
6519
6519
6519
6519
6519
6520
6520
6520
6520
6520
6520
6520
6520
6520
6520
6520
6520
6520
6520
6519
6519
6519
6519
6519
6519
6519
6519
6519
6519
6519
6519
6519
6519
6519
6519
6519
6519
6519
6519
6519
6519
6519
6519
6519
6519
6519
6519
6519
6519
6519
6519
6519
6519
6519
6519
6519
6519
6519
6519
6519
6519
6519
6519
6519
6519
6519
6519
6519
6519
6519
6519
6519
6519
6519
6519
6519
6519
6519
6520
6520
6520
6520
6520
6520
6520
6520
6520
6520
6520
6520
6520
6520
6520
6520
6520
6520
6520
6520
6520
6520
6520
6520
6520
6520
6520
6520
6520
6520
6520
6520
6520
6520
6520
6520
6520
6520
6520
6520
6520
6520
6520
6520
6520
6520
6520
6520
6520
6520
6520
6520
6520
6520
6520
6520
6520
6520
6520
6520
6520
6520
6520
6520
6520
6520
6520
6520
6520
6520
6520
6520
6520
6520
6520
6520
6520
6520
6520
6520
6520
6520
6520
6520
6520
6520
6520
6520
6520
6520
6520
6520
6520
6520
6520
6520
6520
6520
6520
6520
6520
6520
6520
6520
6520
6520
6520
6520
6520
6520
6520
6520
6520
6520
6520
6520
6520
6520
6520
6520
6520
6520
6520
6520
6520
6520
6520
6520
6520
6520
6520
6520
6520
6520
6520
6520
6520
6520
6520
6520
6520
6520
6520
6520
6520
6520
6520
6520
6520
6520
6520
6520
6520
6520
6520
6520
6520
6520
6520
6520
6520
6520
6520
6520
6520
6520
6520
6520
6520
6520
6520
6520
6520
6520
6520
6520
6520
6520
6520
6520
6520
6520
6520
6520
6520
6520
6520
6520
6520
6520
6520
6520
6520
6520
6520
6520
6520
6520
6520
6520
6520
6520
6520
6520
6520
6520
6520
6520
6520
6520
6520
6520
6520
6520
6520
6520
6520
6520
6520
6520
6520
6520
6520
6520
6520
6520
6520
6520
6520
6520
6520
6520
6520
6520
6520
6520
6520
6519
6519
6519
6519
6519
6519
6520
6520
6520
6520
6520
6520
6520
6520
6520
6520
6520
6520
6520
6520
6520
6520
6520
6520
6520
6520
6520
6520
6520
6520
6520
6520
6520
6520
6520
6520
6520
6520
6520
6520
6520
6520
6520
6520
6520
6519
6519
6519
6519
6519
6519
6519
6519
6519
6519
6519
6519
6519
6519
6519
6519
6519
6519
6519
6519
6519
6519
6519
6519
6519
6519
6519
6519
6519
6519
6519
6519
6519
6519
6519
6519
6519
6519
6519
6519
6519
6519
6519
6519
6519
6519
6519
6519
6519
6519
6519
6519
6519
6519
6519
6519
6519
6519
6519
6519
6519
6519
6519
6519
6519
6519
6519
6519
6519
6519
6519
6519
6519
6519
6519
6519
6519
6519
6519
6519
6519
6519
6519
6519
6519
6519
6519
6519
6519
6519
6519
6519
6519
6519
6519
6519
6519
6519
6519
6519
6519
6520
6520
6520
6520
6520
6520
6520
6520
6520
6520
6520
6520
6520
6520
6520
6519
6519
6519
6519
6519
6519
6519
6519
6519
6519
6519
6519
6519
6519
6519
6519
6519
6519
6519
6520
6520
6520
6520
6520
6520
6520
6520
6520
6520
6520
6519
6519
6519
6519
6519
6519
6519
6519
6519
6519
6519
6519
6519
6519
6519
6519
6519
6519
6519
6519
6519
6519
6520
6520
6520
6520
6520
6520
6520
6520
6520
6520
6520
6520
6520
6520
6520
6520
6520
6520
6520
6520
6520
6520
6520
6520
6520
6520
6520
6520
6520
6520
6520
6520
6520
6520
6520
6520
6520
6520
6520
6520
6520
6520
6520
6520
6520
6520
6520
6520
6520
6520
6520
6520
6520
6520
6520
6520
6520
6520
6520
6520
6520
6520
6520
6519
6519
6519
6519
6519
6519
6519
6519
6519
6519
6519
6519
6519
6519
6519
6520
6520
6520
6520
6520
6520
6520
6520
6520
6520
6519
6519
6519
6519
6519
6519
6519
6520
6520
6520
6520
6520
6520
6520
6520
6520
6520
6520
6520
6520
6520
6520
6520
6520
6520
6520
6520
6520
6520
6520
6520
6520
6520
6520
6520
6520
6520
6520
6520
6520
6520
6520
6520
6520
6520
6520
6520
6520
6520
6520
6520
6520
6520
6520
6520
6520
6520
6520
6520
6520
6520
6520
6520
6520
6520
6520
6520
6520
6520
6520
6520
6520
6520
6520
6520
6520
6520
6520
6520
6520
6520
6520
6520
6520
6520
6520
6520
6520
6520
6520
6520
6520
6520
6520
6520
6520
6519
6519
6519
6519
6519
6519
6519
6519
6519
6519
6519
6519
6519
6519
6519
6519
6519
6519
6519
6519
6519
6519
6519
6519
6519
6519
6519
6519
6519
6519
6519
6519
6519
6519
6519
6519
6519
6519
6519
6519
6519
6519
6519
6519
6519
6519
6519
6519
6519
6519
6519
6519
6519
6519
6519
6519
6519
6519
6519
6519
6519
6519
6519
6519
6520
6520
6520
6520
6520
6520
6520
6520
6520
6520
6520
6520
6520
6520
6520
6520
6520
6520
6520
6520
6520
6520
6520
6520
6520
6520
6520
6520
6520
6520
6520
6520
6520
6520
6520
6520
6520
6520
6520
6520
6520
6520
6520
6520
6520
6520
6520
6520
6520
6520
6520
6520
6520
6520
6520
6519
6519
6519
6519
6519
6519
6519
6519
6519
6519
6519
6519
6519
6519
6519
6519
6519
6519
6519
6519
6519
6519
6519
6519
6519
6519
6519
6520
6520
6520
6520
6520
6520
6520
6520
6520
6520
6520
6520
6520
6520
6520
6520
6520
6520
6520
6520
6520
6520
6520
6520
6520
6520
6520
6520
6520
6520
6520
6520
6520
6520
6520
6520
6520
6520
6520
6520
6520
6520
6520
6520
6520
6520
6520
6520
6520
6520
6520
6520
6520
6520
6520
6520
6520
6520
6520
6520
6520
6520
6520
6520
6520
6520
6520
6520
6520
6520
6520
6520
6520
6520
6520
6520
6520
6520
6520
6520
6520
6520
6520
6520
6520
6520
6520
6520
6520
6520
6520
