3738
4020
3688
3688
3788
4197
3788
4197
4197
4197
4146
3788
3789
3840
4079
4534
4534
4584
4584
4175
4175
4075
4430
4814
5146
4907
4857
4856
5265
4703
4652
4652
4702
4019
4510
4118
4476
4476
4715
4715
5107
4847
4848
4393
4409
4170
3888
3888
3888
3988
4443
4343
4011
4271
4510
4271
4510
4250
4234
3785
3785
3801
3562
3562
3894
4456
5139
5139
4784
4329
3920
3920
3588
4037
3679
4011
3360
2911
3266
3216
3665
3216
3867
3483
3128
2445
2496
2905
3187
2625
2885
3568
3517
3125
2634
2302
2793
3151
3135
3584
3634
4196
3936
3936
3654
3914
3930
4322
4373
4828
4928
5167
4758
4267
3705
3445
3395
3727
3369
3931
4315
4314
4214
3759
3759
3743
3294
2611
2627
2887
2236
2236
2518
2876
2926
3281
3281
3281
3042
2782
2732
2377
2786
2224
2875
2824
2825
3274
3513
3868
3484
4046
3395
3445
3900
3338
3322
3321
2989
3089
3473
3474
3192
3092
3583
3199
2844
3228
3879
3879
3879
3878
3878
3878
3469
3878
4138
4821
5176
5177
5193
4510
4610
5172
5223
4814
4814
4575
4857
4857
4597
4546
4530
4480
4088
3704
3422
2771
2209
2601
2601
2501
2761
2403
2011
1656
2048
2699
3054
3105
3387
3032
2640
2149
2388
2438
3000
2950
3000
2999
3099
2644
2645
2977
2993
2544
2899
3308
2976
2976
2737
2637
3029
3268
3951
3542
3260
3259
2608
2609
2559
2659
2709
3041
3041
3692
4050
3811
3760
3760
3405
3814
4263
3854
3854
3462
3817
4099
4099
4098
4048
4098
4082
3724
3740
3740
4132
4132
4082
3982
3966
4205
4206
3924
4282
4737
4477
4528
3845
3513
3897
3947
3896
4579
4579
4187
4187
4678
4229
3546
3546
3955
3393
2742
2793
2792
2742
2358
3041
2586
3041
2802
3251
3643
3643
3925
4309
4409
4309
4309
3951
4211
4211
4569
4570
4186
4186
4518
4160
4210
4210
3801
3519
4170
4170
4409
4767
4312
4874
4482
4482
4482
4874
5156
5156
4764
4504
4146
4530
4630
4630
5085
5084
4752
4752
4752
4701
4246
4297
4247
3564
3115
3064
2825
2825
2174
2224
2240
2241
1959
2408
2408
3059
3298
3690
4048
4048
4099
4508
4963
4508
4099
4099
4099
3650
4333
4233
3994
3602
3841
4296
3941
3258
3941
3941
3450
3550
3550
3959
4408
4668
4618
4618
4618
4973
5305
5254
5646
5262
5646
4995
4995
4540
4591
4590
4574
4574
4216
4498
4856
4872
4772
4872
4310
4294
4785
5347
4938
4255
3973
3713
3329
3229
2837
3246
2891
3173
2682
2942
2703
2942
2992
3447
3187
3542
3558
3103
3786
3504
3764
4156
4156
4156
3747
3747
4029
3747
4202
4202
4203
4202
4152
4536
4945
4685
4685
4276
3884
3435
2752
3201
3201
3461
3106
3090
2706
2348
2448
1999
1899
1639
1655
2104
2104
1865
1865
1814
1359
797
1252
1935
2344
2835
2835
2885
2885
2885
3145
3537
3637
3688
4339
3930
3930
3931
3440
3440
3440
3440
3679
3679
3663
4225
3833
3833
3833
3501
3500
3045
2806
2806
2822
3206
3190
3522
3422
3438
2787
2737
2686
2786
2526
2527
2882
2882
2866
2866
2882
2882
2932
3583
3228
3178
3228
3583
3567
3583
4038
4320
3758
3758
3758
3708
3253
3253
3611
3279
3841
3840
4100
4591
4331
4591
4100
3651
3296
3535
3867
3868
4359
4343
4752
4752
4752
4492
4491
4252
4512
4230
4679
4961
4512
4867
4917
4917
4968
4984
4333
4788
4456
4695
5144
4905
4855
5187
5187
4905
4889
4789
4298
4789
5440
4991
5230
5280
4825
5280
4896
4213
4213
4214
4230
4229
4229
3897
3997
3997
3542
3187
3636
3536
3920
3869
3969
3709
3991
4446
4838
4187
4838
4889
5221
4812
4357
4118
4573
4982
4650
4258
4590
4540
4540
3978
3620
3975
3976
3485
4168
4167
4167
3783
3451
3451
3351
3352
3914
4246
4638
4229
4468
3785
3734
4092
4091
3809
3158
3208
3208
3891
3841
3483
3867
4149
4149
4249
4249
4249
4249
3894
3655
3655
3705
3705
3373
3782
3782
4042
4281
4613
4374
4613
4613
4164
4164
4164
4114
3782
4137
4037
4395
4113
4113
3721
3721
3366
3416
3416
3467
3859
3467
3083
3183
2944
3226
3558
3200
3649
3200
3201
3440
3158
3542
3824
4182
4182
3900
3900
3217
2978
3469
3824
4216
4867
5106
5105
5005
5005
5688
5126
4771
4871
4855
4855
4855
4855
4855
4446
4446
3763
3763
4446
4395
4804
4121
4804
4544
4993
5009
5009
5010
4327
4326
3871
3871
4226
4226
4681
4681
4631
4140
4190
3806
4368
4368
4369
4369
4369
3914
3352
2943
3505
3996
3664
3648
3293
3293
3575
3626
4309
4308
4640
4640
4590
4590
4590
4945
4590
4099
4149
3498
3498
3398
3782
4433
4049
3767
4176
4176
4531
4631
4631
4632
4914
4863
4863
5354
5738
5055
5738
6193
6143
6159
6159
6419
6087
5805
5805
5154
4796
5128
4744
5128
5128
4736
4245
4244
4144
3760
4411
4902
4453
4453
4453
4437
4437
4437
4719
4310
4311
3856
4265
4316
4316
4316
4708
4808
4526
4884
4526
4884
4624
4573
4218
3860
3859
3620
3620
4069
4120
4120
4475
4120
4402
4351
4019
3368
3823
4474
4713
4973
5305
4913
5268
4585
4977
4977
4993
4993
4431
4192
3743
3743
4192
4176
4176
3784
4023
3741
3741
3741
4023
4415
3966
3866
3866
4549
4094
3834
3183
3234
3494
3852
3852
3852
3902
4553
4503
4519
4468
4568
5023
5407
5458
5907
5625
5574
5575
5575
5574
5125
5175
5175
4791
4775
4826
5108
5057
5058
5058
5109
5493
5493
5493
5211
5211
5211
5210
4950
4900
4568
4584
4192
4242
4524
4784
4784
4400
4849
4358
4920
4869
4869
4869
5360
5744
6136
5744
5386
5387
5387
4978
4977
5386
4977
4486
4537
4929
4929
5261
4877
4877
4861
5270
5031
4771
5031
5415
4732
5415
5364
5364
5104
5104
5054
4670
4671
4671
4671
4389
4628
4678
4439
4439
4455
4737
5228
5488
5472
5472
5140
5472
5856
5756
5756
5706
5297
5297
5297
5297
5655
5263
5672
5390
5390
5782
5832
5448
5448
4797
4797
4348
3956
4007
4658
4658
4897
4488
4880
4880
5289
4897
5289
5288
4833
5115
5115
5564
5325
4763
4763
5325
5780
5498
5007
5007
5246
5737
5737
5837
5598
5598
5547
5092
4683
4328
4344
4344
3853
3753
4108
4058
4549
4533
4988
4988
4988
5038
4589
4257
4257
4258
4208
4447
4447
4447
4447
4498
4498
4498
4830
4779
4779
4424
4440
4490
4899
4660
4660
4899
5254
5254
4922
4567
3884
3884
3984
4368
4723
4161
4161
4161
4061
3822
3873
3873
4155
4838
5170
4679
4779
5228
4779
4447
4447
4347
4347
4447
4447
4347
4347
4347
4796
4796
5287
5287
4932
4882
4524
4140
4379
4363
4363
4363
4925
4925
5257
4975
4975
5333
5349
5349
5349
5733
5494
5594
5185
5185
5235
4744
4728
4628
5119
5119
5358
5374
5374
4883
4833
4833
5188
5187
5187
4803
4803
4241
4241
4241
4291
4240
4240
4802
4802
4752
4753
4753
4737
4498
4498
3847
3847
3863
3847
3947
3947
3998
4048
4048
4539
4489
4728
4728
5010
5419
5087
5087
5087
4678
5010
5026
5026
4926
4926
4926
4666
4615
4599
4699
4699
4699
5350
5350
5734
5452
5503
5171
5071
5331
5613
5663
5612
5228
5228
4989
4989
5373
4989
4989
4989
4989
4498
4498
4598
4597
4337
4337
3686
4337
4721
4721
4737
4379
4788
5120
4665
4925
4925
4925
5416
5416
5871
5871
5871
6229
5969
5637
5282
5282
4631
4222
4873
4873
4418
4418
4469
4187
4447
3796
3796
3536
3796
3796
3780
3780
4112
3663
3612
3254
3905
3905
3905
3805
4087
4087
3805
3755
4164
3772
3872
4111
4111
4469
3978
3978
3978
3569
3924
3664
4113
4113
4113
4163
4214
4215
4214
4474
3912
4321
4603
4603
4995
4995
4603
4603
4245
4807
5165
5115
5165
5165
5557
5557
5557
5557
4995
4995
5450
5466
6028
6028
5928
6028
6028
6028
5579
5195
5179
5179
5179
4787
4787
4787
4548
4564
4513
4513
4413
4363
4747
5196
5180
5231
5231
5231
4580
4972
4563
4563
4563
4563
4114
4214
4214
4214
4114
3782
4231
4882
4882
4898
5389
4940
4940
4257
4940
4940
4940
4658
4398
4398
4637
4638
4587
4847
4846
4946
5395
5396
5447
5447
5446
5395
5395
5379
5379
5379
5788
5838
5838
5838
5838
5599
5599
5339
4890
4890
5222
5504
5505
5150
5150
5166
5166
5426
5426
5017
5466
5134
4685
4635
3984
4223
4223
4274
4274
4258
4909
5318
5673
6122
5862
5478
5123
5383
5123
5139
5039
5371
5089
4757
4757
4757
4857
4806
4806
4857
4857
4618
3935
3935
3985
3935
4217
4456
4456
4047
4047
4031
4047
4047
4456
4217
3566
4249
4604
4113
4113
4604
4604
4988
4988
4988
5639
5639
5623
5623
5623
5214
5623
5572
5623
5572
5214
5114
5164
5164
5403
5403
4912
4912
4912
5012
5012
4773
4389
4389
4649
4649
4194
3745
3984
3983
3983
4474
4474
4474
4490
4490
4490
4490
4390
4374
4374
3982
3932
3650
3295
3627
3643
4001
4001
4001
3439
3539
4101
4556
4606
4274
4174
4174
3935
4319
4558
4558
4558
4067
4399
4399
3748
3748
3749
4400
4400
4384
3929
3520
3571
3570
3570
3520
3520
3536
3928
4419
4419
4180
4462
3811
3479
3579
3579
3579
4034
4034
4084
4084
4084
4084
4068
4084
4084
4084
3984
3984
4316
4416
4771
4771
4771
4671
4180
4180
4129
4578
4578
4578
4246
4655
4297
3735
3685
3685
3685
3685
3735
4067
4051
3696
3696
4347
4348
3939
4348
4347
3938
3678
3678
3678
4036
4036
4036
4296
4296
4347
4347
4909
4909
5148
5148
5148
5148
4764
4764
5119
5069
4614
4614
4714
4475
4884
4884
4602
4602
4153
4154
4436
4486
4486
4486
4435
4435
4026
4481
4481
4481
4972
4988
5397
5396
5396
5114
5064
4964
5203
5652
5297
4848
5297
5281
5042
5042
5092
5092
5108
4776
4827
4372
4654
4394
4395
4395
4003
4003
4387
4387
4647
4596
4596
4546
4597
4697
4747
4731
4681
5036
4985
4985
4985
5036
4474
4474
4806
4806
4315
4877
5116
5116
5116
5116
5116
5607
5158
4876
4521
4571
4571
4571
4587
4942
5224
5616
5565
5565
5173
5565
5549
5600
5600
5500
5500
5240
5256
4901
4851
5111
4719
4387
4779
4763
4405
4405
4860
4860
4910
4926
5026
5026
5010
4959
4959
4959
4397
3942
3941
3891
3891
3891
3891
4453
4453
4453
4785
4785
5143
5143
5193
5648
6003
6004
6004
5353
5353
6004
6004
6055
5564
5206
5206
5206
5222
5222
5671
5671
5671
5671
5411
5410
5001
5001
5002
4952
5002
5002
5002
5002
5411
5411
5395
5344
5344
5344
5105
5365
5856
6095
6095
5835
5480
5480
4989
5347
5702
5347
5247
4863
4879
4470
4570
4925
5309
5718
5363
5363
5313
5313
5804
6159
6159
6143
6143
5652
5268
4585
5076
4721
4621
4212
4262
4362
4362
3871
3771
3770
3770
3720
3720
3720
4403
4454
4454
4455
4864
4813
4251
4251
4267
4318
4318
3667
3717
3701
3701
3701
3701
4263
4213
4213
4213
3651
3651
4035
4035
4035
3580
3580
4071
4071
4071
4071
4071
4070
3387
3403
3663
4346
4346
4346
4396
4346
4107
4056
4056
4040
4040
4041
4041
4092
4547
4546
4646
4646
4646
4646
4646
4646
4646
4646
4595
4645
5296
5651
5651
5667
5718
5718
5957
5957
5573
5573
5124
5073
5073
4973
4581
4342
4393
4393
4632
4632
4632
4141
4141
4141
4141
4141
4533
4982
4982
4932
4540
4932
4932
4540
4640
4690
4690
4690
4690
5082
5082
4750
4750
4699
4699
4683
5245
5246
4888
4479
4863
4862
4862
4862
4862
4862
4862
4862
4862
4862
4913
4913
4914
4863
4813
5145
5145
5196
5196
5096
5112
4663
5154
5154
4663
4663
4279
4040
4040
4040
4531
4531
4531
4480
4889
4939
5039
5039
5278
5262
4980
4996
4996
4996
4996
5354
5353
5353
4791
4792
4792
4792
4692
4692
4692
4974
4714
4765
4765
4765
4765
5327
5711
5811
5811
5711
5811
5811
5811
5572
5472
5472
5472
5456
5905
5254
5270
4886
4886
4886
4886
4886
4835
4835
4785
4785
5045
4590
4640
4640
5024
5024
5024
5024
5023
5023
5074
5174
5174
4816
4816
4716
4816
4716
5171
4889
4890
5172
5823
5823
5772
5380
5431
5431
5431
5431
5431
5431
5381
5381
5381
5620
5338
5338
4929
4929
4929
4545
4545
4903
5185
5185
5185
5594
5644
5643
5643
5644
5644
5405
4722
4722
4672
4672
5056
5156
5156
5839
5839
6078
6078
6078
6078
6077
6026
6418
5927
5827
5877
5928
5928
5928
5928
5878
5429
5413
5429
5920
5869
5870
5870
5631
5631
5870
5870
5854
5854
5854
5870
5870
6319
5964
5964
6064
6064
6064
5804
5704
5703
5703
5703
6058
6058
6042
6042
6142
5687
5703
5754
5703
5703
5703
5212
4880
4881
4881
4931
4931
4547
4497
4497
4497
4497
4496
4497
4497
4139
4139
4139
3690
3740
3739
4194
3955
4287
4671
5120
4788
4688
4688
4688
4688
4688
4638
4254
4254
4514
4232
4216
4232
4564
4664
4664
4664
4664
4664
4903
4903
4252
4152
4643
4643
4627
4643
4643
4288
4939
5294
5294
5345
5294
5295
5346
5704
5704
5346
5295
5345
5106
5157
5141
5141
5141
5141
5525
5525
5525
5883
5832
5832
5831
6070
6070
6070
6070
6070
6070
6070
6352
6352
6352
5994
5662
5662
5994
5994
6010
5750
5751
5751
5750
6108
5724
5984
5984
5422
5984
5984
5985
6369
6369
6369
6369
6469
6469
6469
6419
6469
6419
6137
6188
6188
6172
6172
6121
5737
5737
5788
5788
5105
5121
5121
5121
5120
4711
4451
4435
4335
4335
4719
4979
5662
5944
5586
5535
5203
5203
5203
5303
5043
5043
4804
5043
5452
5468
5468
5186
5186
5186
5518
5418
5009
5291
5341
4986
4986
5344
4986
4747
4747
4986
4986
4986
4986
4986
4986
4986
4987
4987
4987
4971
4971
4971
4971
4970
4970
5021
5037
4987
5342
5342
5342
5291
5291
5391
4829
4829
4829
4880
5238
5647
5648
5293
4884
4884
4552
4452
4552
4194
4549
4549
4549
4549
4599
4549
3866
3627
3627
3959
3627
3627
3627
4189
4428
4428
4428
4428
4073
4123
4478
4478
4478
4478
4427
4687
4427
4427
5110
5110
4655
4655
5013
5013
5013
4564
4564
5013
5013
5013
5064
5519
5519
5519
5519
5127
5387
5387
5387
5387
5337
5337
5337
5286
5286
5286
5286
5286
5285
5285
5336
5336
5336
5336
5336
5386
5386
5718
5718
5458
5459
5127
5127
5127
5127
5127
4769
4719
4719
5077
5076
5076
5076
5076
4837
4837
5097
5081
5081
5081
4981
4982
5391
5491
5491
5541
5441
5833
5833
5833
5833
5833
5833
5833
5833
5833
6165
6265
6281
6280
6280
5998
5998
5998
5998
5998
5998
5606
5606
5556
5795
5779
5779
5779
5370
5370
5370
5370
5370
5370
5370
5015
5370
5370
5370
5386
5778
5386
5386
5370
5370
5370
5652
5652
5297
5297
4614
4375
4425
4425
4425
4817
4818
4818
4818
4818
4818
5173
5172
5072
5072
5072
5088
5038
4589
4234
4917
5366
5367
5366
5315
5316
5300
5316
5316
5316
5315
5315
5415
5415
5466
5705
5347
5347
5347
5347
5348
5347
5705
5466
5466
5875
5483
5484
5839
5823
5823
5541
5490
5540
5540
5540
5131
5081
5081
4749
4765
4765
4765
4764
5096
5505
5121
5121
5121
5122
5122
5121
5505
5489
5539
5539
5539
5539
5539
5539
5539
5539
5439
5439
5721
5671
5671
5671
5671
5671
5671
4988
5671
5771
5771
5771
5771
5671
5671
5671
5722
5738
5739
5739
5723
5723
5773
6012
6012
6012
6012
6012
6012
6112
6504
6095
6095
6095
6095
5856
5856
5856
5856
5805
5804
5804
5449
5858
5858
5858
5858
5858
5858
5858
6097
6097
6097
5837
5837
5837
5837
5888
5888
5888
5888
5556
5816
5766
5766
5766
5766
5766
5766
5766
5816
6148
6148
6048
6048
5656
5656
6011
5961
5961
5977
5977
5977
5977
5977
5977
5977
6369
6369
6369
6369
6369
6369
6369
6369
6318
6369
6370
6088
5639
5639
5639
5284
5284
5284
5284
5268
5623
5623
5623
5572
5572
5572
5572
5854
5854
6303
6303
6303
6021
6072
6021
6072
6072
6072
6354
6354
6454
6454
6454
6454
6454
6122
6122
6122
6172
6504
6504
6504
6244
6244
5835
6095
6095
6111
6111
6110
6110
6060
6060
6060
6060
6060
6110
6110
6519
6519
6519
6519
6519
6419
6419
6419
6419
6419
6419
6419
6419
6519
6519
6519
6519
6520
6260
6260
6260
5978
5978
5978
5928
5912
6172
6172
6172
6188
6188
6187
6187
6187
6187
6188
6137
6137
6137
6137
5805
5805
5566
5566
5898
5898
6137
6137
6137
6137
6137
6121
6121
6121
6120
6402
6402
6120
6171
6120
5860
5860
6120
5762
5762
5762
5662
5662
5662
5662
5762
5763
5762
5812
5812
5812
5812
5573
5523
5523
5523
5523
5762
5762
6044
6044
6060
6418
6402
6453
5998
5716
5716
5716
5716
5716
5716
5716
5716
5716
5716
5716
5716
6171
6071
6071
6171
6171
6172
6454
6454
6454
6504
6504
6504
6504
6504
6013
6013
6013
6012
6028
6028
6028
5573
5473
5213
4974
5465
5465
5704
5704
5688
5688
5688
5688
5406
5167
5116
5116
5116
5571
5571
5571
5571
5571
5521
5781
5781
5797
5797
5848
5393
5848
5493
5732
6014
6015
5999
5948
5948
5709
5709
5709
5709
5709
5709
5709
5709
5709
5709
5725
5725
5725
5725
5725
5725
5724
5392
5492
5476
5476
5476
5492
5492
5492
5476
5526
5526
5526
5526
5526
5426
5442
5442
5442
5442
5442
5542
5542
5543
5594
5334
5334
5666
5334
5334
5334
5318
5318
5557
5817
5833
5832
5833
5833
5833
5833
5783
5783
5783
5783
5783
5833
5833
5833
5783
6115
6165
6149
6504
6055
5697
5697
5288
5288
5288
5287
5303
5303
5303
5203
5203
5612
5612
5613
5613
5597
5597
5597
5597
5597
5597
5597
5597
5597
5955
5955
5571
5571
5570
5570
5570
5570
5670
5620
5620
5670
5670
5686
5686
5670
5670
5670
5570
5331
5331
5347
5347
5731
5715
5716
5816
5816
5816
5816
5816
5816
5816
5832
5832
5832
5832
5832
5832
5832
5816
5816
5816
5816
5816
5816
5816
5815
5815
5765
5714
5614
5615
6064
6064
6164
6164
6164
6164
6164
6164
6164
6214
6265
6265
6265
6265
6165
6165
6165
6165
6165
6165
6165
6165
6165
6165
6404
6504
6504
6504
6504
6504
6504
6520
6520
6520
6520
6520
6520
6520
6520
6520
6520
6520
6520
6520
6071
6071
6071
6071
6071
6071
6071
6071
6071
5739
5739
5739
5739
5500
5500
5500
5949
5949
5949
6188
6188
6188
6187
6519
6519
6503
6519
6519
6519
6469
6469
6469
6469
6469
6469
6469
6469
6469
6469
6369
6369
6419
6419
6419
6419
6419
6419
6419
6419
6419
6419
6027
6027
5695
5695
5696
5680
5680
6072
5812
5828
5828
5828
5828
5828
5827
5827
5927
5927
5877
5877
5877
5927
5927
5927
5927
5645
5645
5645
5645
5645
5645
5629
5889
5890
5890
5889
5889
5839
5839
5839
5889
5889
5889
5534
5550
5550
5550
5550
5534
5534
5550
5500
5400
5400
5400
5400
5400
5682
5682
5682
5682
6014
6114
5756
5756
5756
5740
5740
5740
5740
5756
5756
5756
5756
5756
5756
5756
6111
6111
6111
6111
5727
5727
5727
5727
5728
5728
6086
6070
5738
5738
5737
5737
5737
5737
5737
5737
6069
6119
6119
6119
6119
6119
6119
6119
6503
6503
6503
6403
6403
6403
6403
6403
6403
6403
6404
6404
6404
6404
6404
6404
6404
6420
6370
6420
6420
6520
6520
6520
6520
6520
6162
6062
6012
6012
6012
5996
6046
6046
6046
6046
6404
6404
6404
6404
6404
6404
6404
6403
6403
6352
6352
6352
6352
6352
6352
6352
6368
6368
6318
6318
6318
6318
6079
6079
6079
6079
6079
6079
6079
6079
6079
6079
6079
6079
6079
6079
6179
6179
6179
6163
6163
5881
5897
5948
5948
5948
5998
5666
5905
5905
5905
5905
5906
5906
5906
5906
5906
5906
5906
5906
6188
6188
6188
6188
6188
6137
6137
6137
6188
6188
6188
6188
6188
6188
6188
6188
6188
6188
6188
6520
6504
6520
6504
6504
6504
6504
6504
6503
6503
6403
6403
6403
6403
6419
6419
6403
6403
6403
6403
6403
6419
6369
6369
6370
6370
6470
6470
6370
6015
6370
6370
6370
6370
6370
6370
6370
6370
6370
6370
6370
6420
6420
6420
6420
6520
6420
6138
6138
6087
6087
6087
6087
6087
6138
6138
6138
6138
6088
6088
6088
6088
6138
6420
5971
5971
5971
5613
5613
5613
5613
6062
6062
6011
6011
6011
6369
6369
6369
6369
6369
6353
6369
6369
6369
6369
6369
6369
6369
6369
6369
6420
6420
6520
6520
6520
6520
6520
6504
6504
6504
6504
6504
6504
6503
6503
6452
6452
6452
6452
6452
6468
6468
6468
6468
6468
6468
6468
6208
5926
5926
5926
5926
5926
5926
5926
5876
5876
5544
5826
5826
5826
5826
5826
5826
6086
6086
6086
6086
6086
6086
5731
5782
5782
5782
5766
5782
5783
5783
6138
6138
6138
5878
5878
6210
6209
5825
5586
5825
5826
5826
5826
5826
5826
5826
5826
6086
6086
6086
6070
6070
6070
5810
5810
5810
5810
5810
5810
5810
5810
5826
6210
6110
6210
6210
5971
6210
6210
6210
6210
6210
6210
6260
6260
6160
6160
6160
6160
6160
6160
6160
6160
6160
6160
6160
6160
6160
6420
6420
6370
6370
6354
6354
6354
6354
5999
5999
5999
6354
6454
6454
6454
6454
6453
6453
6503
6403
6419
6419
6419
6419
6419
6137
6137
6237
6187
6187
5832
5832
5832
5832
6187
6188
6188
6470
6470
6470
6021
6021
6021
6020
6020
6020
6020
6020
6020
6021
6021
6021
6005
6005
6005
6005
6021
6021
6005
6005
6005
6005
6005
6005
6005
6004
6004
6004
6004
6004
5649
5649
5389
5439
5439
5439
5439
5439
5439
5439
5455
5810
5810
5810
5810
5810
5760
5760
5660
5660
5660
5660
5660
5660
5660
5660
6109
6109
6058
6058
6058
6058
6058
6058
6042
6042
6058
6058
6109
6058
6058
6318
6318
6036
6036
6036
6136
6136
6136
6136
6136
6136
6136
6136
6136
5804
5804
5804
5854
5854
5905
6237
6519
6520
6520
6520
6520
6520
6520
6520
6520
6504
6504
6504
6504
6504
6504
6504
6504
6504
6504
6504
6504
6504
6504
6504
6504
6504
6504
6504
6504
6504
6504
6504
6504
6504
6504
6504
6504
6504
6504
6504
6504
6404
6504
6504
6504
6504
6504
6504
6504
6504
6504
6504
6504
6504
6504
6504
6520
6520
6520
6520
6520
6504
6504
6504
6504
6503
6503
6503
6503
6503
6503
6503
6503
6503
6403
6503
6503
6503
6503
6503
6503
6503
6503
6503
6403
6403
6404
6404
6404
6403
6403
6403
6403
6403
6403
6403
6404
6404
6404
6504
6520
6519
6519
6519
6519
6519
6519
6519
6519
6519
6419
6419
6419
6419
6419
6419
6419
6419
6519
6519
6519
6469
6469
6469
6469
6469
6470
6470
6520
6520
6520
6520
6520
6520
6520
6520
6469
6520
6520
6504
6504
6504
6504
6504
6504
6504
6504
6504
6504
6504
6504
6504
6504
6504
6504
6404
6404
6404
6404
6404
6404
6404
6404
6404
6404
6354
6454
6454
6454
6454
6454
6454
6454
6454
6454
6504
6504
6504
6504
6504
6504
6404
6404
6404
6354
6404
6403
6503
6503
6403
6403
6403
6403
6352
6352
6452
6452
6452
6452
6452
6452
6452
6452
6452
6452
6452
6503
6519
6468
6468
6519
6519
6519
6519
6503
6503
6503
6503
6503
6503
6503
6504
6504
6504
6504
6503
6452
6452
6452
6452
6452
6352
6352
6352
6352
6352
6452
6468
6468
6468
6468
6519
6519
6519
6519
6519
6519
6519
6519
6519
6519
6519
6519
6469
6469
6469
6469
6469
6469
6469
6187
6187
6187
6187
6187
6188
6188
6188
6137
6188
6188
6188
6238
6238
6238
6238
6238
6238
6238
6222
6222
6222
6222
6222
6222
6222
6504
6520
6071
6071
6071
6071
6071
6071
6071
6071
6071
6071
6071
6070
6070
6019
6019
6019
6070
6070
6070
6519
6519
6280
6280
6280
6280
6280
6280
6280
6519
6519
6519
6519
6519
6520
6469
6469
6469
6469
6419
6469
6469
6419
6419
6418
6469
6469
6469
6469
6469
6469
6469
6470
6470
6470
6520
6520
6520
6520
6520
6469
6469
6469
6469
6469
6469
6453
6453
6453
6453
6453
6453
6403
6403
6303
6303
6303
6303
6319
6319
6370
6370
6110
6109
6109
6109
6109
6109
6109
6209
6209
6209
6469
6469
6469
6469
6469
6469
6519
6519
6519
6519
6468
6468
6468
6468
6468
6468
6468
6468
6468
6468
6468
6469
6469
6520
6520
6520
6520
6520
6520
6520
6520
6520
6520
6520
6520
6520
6520
6520
6520
6520
6520
6520
6520
6520
6469
6469
6469
6469
6469
6469
6469
6453
6452
6452
6452
6452
6452
6452
6452
6468
6468
6468
6452
6452
6452
6452
6452
6452
6452
6452
6452
6452
6452
6452
6468
5977
5977
5977
5977
5977
5977
5977
5927
5927
5927
5927
5927
5927
5977
6468
6468
6468
6468
6418
6418
6418
6418
6468
6468
6468
6468
6468
6468
6469
6469
6469
6469
6469
6419
6470
6520
6520
6520
6520
6520
6520
6520
6520
6520
6520
6519
6519
6519
6519
6519
6519
6520
6520
6520
6520
6520
6520
6520
6520
6520
6520
6520
6520
6520
6520
6520
6420
6420
6420
6369
6420
6420
6420
6404
6404
6404
6404
6404
6353
6353
6353
6353
6353
6353
6353
6353
6453
6453
6504
6504
6504
6453
6452
6452
6452
6468
6418
6418
6418
6418
6418
6418
6418
6402
6403
6403
6403
6403
6403
6403
6403
6403
6403
6403
6454
6454
6045
6045
6045
6454
6354
6354
6354
6454
6454
6454
6454
6454
6453
6453
6453
6453
6454
6454
6454
6454
6454
6454
6454
6454
6454
6454
6454
6454
6403
6453
6453
6171
6171
6171
6453
6453
6453
6453
6403
6403
6303
6303
6319
6319
6319
6419
6419
6419
6419
6419
6419
6419
6419
6419
6403
6403
6453
6453
6453
6453
6453
6469
6469
6469
6469
6469
6468
6468
6468
6418
6418
6418
6468
6468
6468
6468
6468
6468
6468
6468
6468
6469
6469
6469
6469
6469
6469
6469
6469
6469
6469
6469
6469
6469
6453
6453
6453
6504
6504
6504
6504
6504
6504
6504
6504
6504
6504
6504
6504
6504
6504
6504
6520
6520
6469
6469
6469
6469
6469
6453
6453
6453
6453
6453
6453
6453
6453
6453
6453
6469
6469
6468
6452
6453
6504
6504
6504
6504
6504
6504
6504
6504
6504
6504
6504
6503
6503
6503
6504
6504
6520
6520
6520
6470
6470
6470
6470
6470
6470
6470
6419
6419
6419
6419
6469
6453
6453
6453
6504
6504
6504
6504
6503
6503
6503
6503
6504
6504
6504
6504
6503
6503
6503
6503
6504
6504
6520
6520
6520
6520
6520
6520
6520
6520
6520
6520
6519
6519
6519
6519
6519
6519
6519
6519
6519
6519
6519
6469
6469
6469
6453
6453
6453
6453
6453
6453
6453
6453
6453
6453
6453
6453
6453
6453
6453
6453
6454
6454
6454
6454
6454
6454
6403
6403
6303
6303
6303
6303
6303
6303
6353
6353
6353
6353
6353
6353
6353
6353
6353
6303
6303
6303
6303
6303
6303
6303
6303
6303
6403
6403
6403
6403
6403
6403
6403
6402
6402
6402
6402
6402
6402
6302
6302
6302
6302
6353
6453
6453
6469
6469
6469
6469
6469
6369
6369
6353
6353
6354
6370
6370
6370
6370
6370
6370
6370
6370
6370
6470
6470
6470
6470
6470
6469
6469
6469
6469
6469
6469
6469
6470
6470
6470
6470
6470
6520
6520
6520
6520
6520
6520
6520
6520
6520
6520
6520
6520
6520
6519
6519
6519
6519
6519
6468
6469
6469
6453
6452
6503
6503
6503
6452
6452
6452
6452
6452
6402
6302
6318
6318
6369
6369
6369
6369
6369
6419
6419
6403
6403
6403
6403
6403
6403
6403
6403
6403
6403
6403
6403
6403
6404
6353
6353
6404
6504
6504
6504
6504
6504
6504
6504
6503
6503
6503
6503
6503
6503
6503
6503
6503
6503
6503
6519
6519
6519
6519
6520
6520
6504
6504
6504
6504
6504
6453
6453
6453
6453
6453
6453
6469
6469
6469
6469
6469
6469
6469
6469
6469
6469
6469
6419
6419
6419
6419
6419
6419
6419
6419
6470
6520
6520
6520
6520
6520
6520
6520
6504
6504
6454
6454
6454
6454
6454
6454
6454
6454
6454
6454
6454
6454
6454
6454
6453
6469
6519
6519
6519
6519
6519
6519
6519
6519
6519
6519
6519
6519
6519
6519
6503
6504
6504
6504
6504
6504
6504
6454
6454
6454
6454
6454
6454
6454
6454
6454
6454
6454
6454
6454
6454
6454
6454
6454
6454
6454
6454
6454
6454
6454
6454
6453
6453
6453
6453
6454
6454
6454
6454
6454
6454
6454
6454
6454
6453
6453
6453
6453
6453
6453
6453
6453
6453
6453
6453
6453
6453
6453
6453
6453
6453
6453
6453
6453
6453
6454
6454
6454
6454
6454
6454
6504
6504
6504
6503
6452
6503
6519
6519
6519
6519
6468
6468
6468
6468
6468
6468
6468
6368
6368
6468
6468
6468
6468
6468
6468
6468
6468
6468
6468
6468
6468
6468
6468
6468
6468
6468
6468
6468
6469
6520
6520
6520
6520
6520
6520
6520
6520
6520
6520
6520
6520
6520
6520
6520
6520
6520
6504
6504
6504
6504
6520
6520
6520
6520
6520
6520
6520
6469
6468
6468
6468
6468
6468
6468
6468
6468
6468
6468
6468
6519
6519
6519
6519
6519
6519
6519
6519
6520
6520
6520
6520
6520
6520
6520
6520
6520
6520
6520
6520
6520
6519
6519
6519
6468
6468
6468
6469
6469
6469
6469
6469
6469
6469
6469
6469
6469
6469
6469
6469
6469
6469
6469
6469
6469
6469
6469
6469
6469
6469
6469
6469
6520
6519
6519
6519
6519
6519
6520
6520
6520
6520
6520
6520
6520
6520
6520
6520
6520
6520
6470
6454
6454
6454
6454
6454
6504
6520
6520
6520
6520
6520
6520
6520
6520
6520
6520
6520
6470
6470
6470
6470
6470
6470
6470
6520
6520
6520
6519
6519
6519
6519
6519
6519
6519
6519
6519
6468
6469
6468
6468
6468
6468
6468
6469
6469
6469
6469
6469
6469
6469
6469
6469
6469
6469
6469
6469
6469
6469
6469
6469
6469
6469
6469
6469
6469
6469
6469
6469
6469
6469
6469
6469
6469
6469
6469
6469
6469
6469
6520
6520
6520
6520
6469
6469
6468
6468
6468
6468
6468
6468
6468
6468
6468
6468
6468
6468
6468
6468
6468
6468
6469
6469
6469
6469
6469
6419
6419
6419
6419
6419
6419
6419
6419
6419
6419
6419
6470
6470
6470
6470
6470
6470
6470
6470
6470
6469
6469
6469
6469
6469
6469
6469
6469
6469
6469
6469
6469
6369
6369
6369
6369
6469
6469
6469
6469
6469
6469
6470
6470
6454
6454
6454
6454
6454
6454
6454
6454
6454
6454
6454
6454
6454
6453
6453
6453
6453
6453
6469
6469
6469
6519
6519
6519
6519
6519
6520
6504
6504
6504
6504
6504
6454
6454
6454
6454
6454
6504
6504
6504
6504
6504
6504
6504
6520
6520
6520
6520
6520
6520
6520
6520
6520
6520
6520
6520
6520
6520
6520
6520
6520
6520
6520
6504
6504
6504
6453
6504
6504
6504
6504
6504
6454
6454
6454
6470
6470
6469
6469
6469
6470
6470
6470
6470
6470
6470
6470
6470
6469
6469
6469
6469
6469
6469
6469
6469
6470
6470
6470
6470
6470
6470
6454
6454
6504
6504
6504
6453
6453
6453
6453
6453
6504
6504
6503
6503
6503
6503
6504
6504
6504
6504
6504
6504
6520
6520
6520
6520
6520
6520
6520
6520
6520
6520
6520
6520
6520
6519
6519
6519
6519
6519
6503
6503
6403
6403
6403
6403
6503
6519
6519
6520
6520
6520
6520
6520
6520
6520
6504
6504
6504
6504
6504
6504
6504
6504
6504
6504
6504
6504
6520
6520
6520
6520
6520
6520
6520
6469
6469
6469
6469
6469
6469
6469
6469
6469
6469
6469
6469
6469
6469
6469
6469
6469
6469
6469
6469
6469
6469
6469
6469
6520
6520
6520
6520
6520
6520
6519
6519
6519
6519
6519
6519
6519
6519
6519
6519
6519
6519
6519
6519
6519
6519
6519
6519
6519
6519
6519
6519
6519
6519
6519
6519
6519
6519
6519
6520
6520
6520
6520
6520
6520
6520
6520
6520
6520
6520
6520
6520
6504
6504
6504
6504
6504
6504
6504
6504
6504
6504
6504
6504
6504
6504
6504
6504
6454
6454
6454
6470
6470
6470
6470
6470
6470
6469
6469
6469
6469
6469
6469
6469
6469
6469
6469
6453
6453
6453
6469
6469
6519
6519
6519
6519
6519
6519
6519
6519
6519
6519
6519
6519
6519
6519
6519
6519
6519
6519
6519
6519
6519
6519
6519
6519
6519
6519
6519
6519
6519
6519
6468
6468
6468
6468
6519
6519
6519
6519
6519
6519
6519
6519
6519
6519
6519
6519
6519
6519
6519
6519
6519
6519
6519
6519
6519
6519
6519
6519
6519
6519
6519
6519
6519
6519
6519
6519
6519
6519
6519
6520
6520
6520
6520
6520
6520
6520
6520
6520
6520
6520
6469
6469
6469
6469
6469
6469
6468
6468
6468
6468
6468
6468
6468
6468
6468
6468
6468
6468
6468
6468
6468
6468
6519
6519
6519
6519
6519
6519
6519
6519
6519
6519
6519
6519
6520
6520
6520
6469
6469
6469
6520
6520
6520
6520
6520
6520
6520
6520
6520
6520
6520
6520
6520
6520
6520
6520
6520
6520
6520
6520
6520
6520
6520
6504
6504
6504
6504
6504
6504
6520
6520
6520
6520
6520
6520
6520
6520
6520
6520
6520
6520
6520
6520
6520
6520
6470
6470
6470
6470
6470
6470
6470
6470
6470
6470
6470
6470
6520
6520
6520
6520
6520
6520
6520
6520
6520
6520
6520
6520
6520
6520
6520
6520
6520
6520
6520
6520
6520
6520
6519
6519
6519
6519
6519
6519
6519
6519
6519
6519
6519
6519
6519
6519
6519
6519
6519
6519
6503
6503
6503
6503
6503
6503
6503
6403
6403
6403
6403
6403
6403
6403
6403
6403
6403
6503
6503
6503
6503
6503
6503
6503
6503
6453
6453
6453
6453
6453
6453
6453
6453
6453
6453
6503
6503
6503
6503
6503
6504
6504
6504
6504
6504
6504
6504
6503
6503
6503
6503
6503
6503
6452
6452
6402
6402
6402
6402
6402
6402
6402
6453
6453
6453
6453
6453
6453
6453
6453
6453
6453
6453
6453
6453
6453
6453
6454
6453
6453
6453
6469
6469
6469
6469
6470
6470
6470
6470
6470
6470
6469
6469
6469
6469
6469
6469
6469
6519
6519
6519
6519
6519
6519
6519
6519
6519
6519
6519
6519
6519
6519
6519
6519
6519
6519
6519
6519
6519
6519
6519
6519
6519
6519
6519
6519
6519
6519
6519
6519
6519
6519
6519
6519
6519
6519
6519
6519
6519
6519
6519
6519
6519
6519
6519
6519
6519
6519
6519
6519
6519
6519
6519
6519
6519
6519
6519
6519
6519
6519
6519
6519
6519
6519
6519
6519
6519
6519
6468
6468
6468
6468
6468
6468
6468
6469
6469
6469
6453
6453
6453
6403
6403
6403
6403
6453
6453
6452
6452
6503
6503
6519
6519
6519
6519
6469
6469
6469
6469
6469
6469
6469
6469
6469
6519
6519
6503
6503
6503
6503
6503
6503
6503
6503
6503
6503
6504
6503
6503
6504
6504
6520
6519
6519
6503
6503
6503
6519
6519
6519
6519
6519
6519
6519
6519
6520
6520
6520
6520
6520
6520
6520
6520
6519
6519
6519
6519
6519
6519
6519
6519
6519
6519
6519
6519
6519
6519
6468
6468
6468
6468
6468
6468
6452
6452
6452
6452
6452
6452
6452
6352
6352
6352
6403
6419
6419
6419
6419
6420
6420
6420
6420
6420
6420
6420
6420
6404
6404
6404
6404
6404
6404
6404
6404
6404
6404
6404
6404
6504
6504
6504
6504
6504
6504
6504
6504
6504
6504
6504
6504
6504
6520
6504
6504
6504
6520
6520
6520
6520
6520
6520
6520
6520
6520
6520
6520
6520
6520
6520
6520
6520
6504
6504
6504
6504
6504
6503
6503
6503
6503
6503
6504
6504
6504
6504
6504
6504
6504
6504
6504
6504
6504
6504
6504
6504
6504
6504
6504
6504
6504
6504
6504
6504
6504
6504
6504
6504
6504
6504
6504
6504
6504
6504
6504
6504
6504
6504
6520
6520
6520
6520
6520
6519
6519
6519
6519
6519
6519
6519
6519
6519
6520
6520
6520
6520
6520
6520
6520
6520
6520
6520
6520
6520
6520
6520
6520
6520
6520
6519
6519
6519
6519
6519
6519
6519
6519
6519
6519
6519
6519
6519
6503
6503
6504
6504
6503
6503
6503
6503
6503
6503
6503
6503
6503
6503
6503
6503
6503
6403
6403
6403
6404
6404
6404
6404
6404
6420
6420
6420
6420
6420
6420
6420
6420
6520
6520
6520
6520
6520
6520
6520
6520
6520
6520
6519
6520
6519
6519
6519
6519
6519
6519
6519
6469
6469
6469
6469
6519
6519
6519
6519
6519
6519
6520
6520
6520
6520
6520
6520
6520
6520
6520
6520
6520
6520
6520
6520
6520
6520
6520
6520
6520
6520
6520
6519
6519
6519
6519
6519
6519
6519
6519
6519
6519
6519
6519
6519
6519
6519
6519
6519
6519
6519
6519
6520
6520
6520
6520
6520
6520
6520
6520
6520
6519
6519
6519
6519
6519
6519
6519
6519
6520
6520
6520
6520
6520
6520
6520
6520
6520
6520
6520
6520
6520
6520
6520
6520
6520
6520
6520
6520
6520
6520
6520
6520
6520
6520
6520
6520
6520
6520
6520
6519
6519
6519
6519
6519
6519
6519
6519
6519
6519
6519
6503
6503
6503
6503
6503
6403
6403
6419
6419
6419
6420
6420
6420
6420
6420
6420
6420
6420
6420
6419
6419
6419
6419
6369
6369
6369
6469
6469
6469
6519
6519
6519
6519
6519
6519
6519
6519
6519
6519
6519
6519
6519
6519
6519
6519
6503
6503
6503
6503
6503
6503
6503
6503
6503
6503
6519
6520
6520
6520
6520
6520
6520
6520
6520
6520
6520
6520
6504
6504
6504
6504
6504
6504
6504
6520
6520
6520
6519
6519
6519
6519
6519
6519
6519
6519
6519
6519
6519
6519
6519
6519
6519
6519
6519
6519
6519
6519
6519
6519
6519
6519
6519
6519
6519
6519
6519
6519
6519
6519
6519
6519
6519
6519
6519
6520
6520
6520
6520
6519
6519
6520
6520
6520
6520
6520
6520
6520
6520
6520
6520
6520
6520
6520
6520
6520
6520
6520
6520
6520
6520
6520
6520
6520
6520
6520
6520
6520
6520
6520
6520
6520
6520
6520
6520
6520
6504
6504
6504
6504
6520
6520
6520
6520
6520
6520
6520
6520
6520
6520
6520
6520
6520
6520
6520
6520
6520
6520
6520
6520
6520
6520
6520
6520
6520
6519
6519
6519
6519
6519
6519
6519
6519
6519
6519
6519
6519
6519
6519
6519
6519
6519
6519
6519
6519
6519
6519
6519
6519
6519
6519
6519
6519
6519
6503
6503
6403
6403
6403
6403
6403
6403
6403
6403
6403
6403
6403
6403
6419
6419
6419
6419
6419
6419
6420
6420
6369
6420
6420
6420
6420
6420
6520
6520
6520
6520
6520
6520
6520
6520
6520
6520
6520
6520
6520
6520
6520
6520
6520
6520
6520
6520
6520
6520
6520
6520
6520
6520
6520
6520
6520
6520
6519
6519
6519
6519
6519
6519
6519
6519
6519
6519
6503
6503
6503
6503
6503
6503
6503
6503
6503
6503
6503
6503
6503
6403
6403
6403
6419
6419
6419
6419
6419
6419
6419
6419
6403
6403
6403
6403
6403
6403
6403
6403
6403
6403
6403
6403
6403
6403
6403
6403
6403
6419
6420
6420
6420
6420
6420
6420
6520
6520
6520
6520
6504
6503
6403
6403
6403
6419
6419
6419
6419
6419
6419
6419
6420
6420
6520
6520
6520
6519
6519
6520
6520
6520
6520
6519
6519
6519
6519
6519
6519
6519
6519
6519
6519
6519
6519
6519
6519
6519
6519
6519
6503
6503
6503
6503
6519
6519
6519
6519
6519
6519
6519
6519
6519
6519
6519
6520
6520
6520
6520
6520
6520
6520
6520
6519
6519
6519
6519
6519
6519
6519
6519
6519
6519
6519
6519
6519
6519
6519
6519
6519
6519
6519
6519
6469
6469
6469
6469
6469
6469
6470
6470
6470
6470
6520
6520
6520
6520
6520
6520
6520
6520
6520
6519
6519
6519
6519
6519
6519
6519
6519
6519
6519
6519
6519
6520
6520
6520
6520
6520
6520
6520
6520
6520
6520
6520
6520
6520
6520
6520
6520
6520
6520
6520
6520
6520
6520
6520
6520
6520
6520
6520
6520
6520
6520
6520
6519
6519
6519
6519
6519
6519
6519
6519
6519
6519
6519
6519
6519
6519
6519
6519
6519
6519
6519
6519
6519
6519
6519
6519
6519
6520
6520
6520
6520
6519
6519
6519
6519
6519
6519
6519
6519
6520
6520
6520
6520
6519
6519
6519
6519
6519
6519
6503
6519
6519
6520
6520
6520
6520
6520
6520
6520
6520
6520
6520
6520
6520
6520
6520
6520
6520
6520
6520
6520
6520
6519
6519
6519
6519
6519
6519
6519
6519
6519
6519
6519
6519
6519
6519
6519
6519
6519
6519
6520
6520
6520
6520
6520
6520
6520
6520
6520
6520
6520
6520
6520
6520
6520
6520
6520
6520
6520
6520
6520
6520
6520
6520
6520
6520
6520
6520
6520
6520
6520
6520
6520
6520
6520
6520
6520
6520
6520
6520
6520
6520
6520
6520
6520
6520
6520
6520
6520
6520
6520
6520
6519
6519
6519
6519
6519
6519
6519
6519
6519
6519
6519
6519
6519
6519
6519
6519
6520
6520
6520
6520
6520
6520
6520
6520
6520
6520
6520
6520
6520
6520
6520
6520
6520
6520
6520
6520
6520
6520
6520
6520
6520
6520
6520
6520
6520
6520
6520
6520
6520
6520
6520
6520
6520
6520
6520
6520
6520
6520
6520
6520
6520
6520
6520
6520
6520
6520
6520
6520
6520
6520
6520
6520
6520
6520
6520
6520
6520
6520
6520
6520
6520
6520
6520
6520
6520
6519
6519
6519
6519
6519
6519
6519
6519
6519
6519
6519
6520
6520
6520
6520
6520
6520
6520
6520
6520
6520
6520
6520
6520
6520
6520
6520
6520
6520
6520
6520
6520
6520
6520
6520
6520
6520
6519
6519
6519
6519
6519
6503
6503
6503
6503
6503
6503
6503
6503
6503
6503
6503
6503
6503
6503
6503
6503
6503
6503
6519
6519
6519
6519
6519
6519
6519
6519
6519
6519
6519
6519
6519
6519
6519
6519
6519
6519
6519
6519
6519
6519
6519
6519
6519
6519
6519
6519
6519
6503
6503
6503
6503
6503
6503
6503
6503
6503
6503
6503
6519
6520
6520
6520
6520
6520
6520
6520
6520
6520
6520
6520
6520
6520
6520
6520
6520
6520
6520
6519
6519
6519
6519
6519
6519
6519
6519
6519
6519
6519
6519
6519
6519
6519
6519
6519
6519
6519
6520
6520
6520
6520
6520
6520
6520
6520
6520
6520
6520
6520
6520
6504
6504
6520
6520
6520
6520
6520
6520
6520
6520
6520
6520
6520
6520
6520
6519
6519
6519
6519
6519
6519
6519
6519
6519
6519
6519
6519
6519
6519
6519
6519
6519
6519
6519
6519
6519
6519
6519
6519
6519
6519
6519
6519
6519
6519
6520
6520
6520
6520
6520
6520
6520
6519
6519
6519
6519
6519
6519
6519
6519
6519
6519
6519
6519
6519
6519
6519
6520
6520
6520
6520
6520
6520
6520
6520
6520
6520
6520
6520
6520
6519
6519
6519
6519
6519
6519
6519
6519
6519
6519
6519
6519
6519
6519
6519
6519
6519
6519
6519
6519
6519
6519
6519
6519
6519
6519
6519
6519
6519
6519
6519
6519
6519
6519
6519
6519
6520
6520
6520
6520
6520
6520
6520
6520
6519
6519
6519
6519
6519
6519
6519
6519
6519
6520
6520
6520
6520
6520
6520
6520
6520
6520
6520
6520
6520
6520
6520
6520
6520
6520
6520
6520
6520
6520
6520
6520
6520
6520
6520
6520
6520
6520
6520
6520
6519
6519
6519
6519
6519
6519
6519
6519
6519
6520
6520
6520
6520
6520
6520
6520
6520
6520
6520
6520
6520
6520
6520
6520
6520
6520
6519
6519
6519
6519
6519
6519
6519
6519
6519
6519
6519
6519
6519
6519
6519
6519
6519
6519
6519
6519
6519
6519
6519
6519
6519
6519
6519
6519
6519
6519
6519
6519
6519
6519
6519
6520
6520
6520
6520
6520
6520
6520
6520
6520
6520
6520
6519
6519
6519
6519
6519
6519
6519
6519
6519
6519
6519
6519
6519
6519
6519
6519
6519
6519
6519
6519
6519
6519
6519
6519
6519
6519
6519
6519
6519
6519
6519
6519
6519
6519
6519
6519
6519
6519
6519
6519
6519
6519
6519
6519
6519
6519
6519
6519
6519
6519
6519
6519
6519
6519
6519
6519
6519
6519
6519
6519
6520
6520
6520
6520
6520
6520
6520
6520
6520
6520
6520
6520
6520
6520
6520
6520
6520
6520
6520
6520
6520
6520
6520
6519
6519
6519
6519
6519
6519
6519
6519
6519
6520
6520
6520
6520
6520
6520
6520
6520
6520
6520
6520
6520
6520
6520
6520
6520
6520
6520
6520
6520
6520
6520
6520
6520
6520
6520
6520
6520
6520
6520
6520
6520
6520
6520
6520
6520
6520
6520
6520
6520
6520
6520
6520
6520
6520
6520
6520
6520
6520
6520
6520
6520
6520
6520
6520
6519
6519
6519
6519
6519
6519
6519
6519
6519
6519
6519
6519
6519
6519
6519
6519
6519
6519
6519
6519
6519
6519
6519
6519
6519
6519
6519
6519
6520
6520
6520
6520
6520
6520
6520
6520
6520
6520
6520
6520
6519
6519
6519
6519
6519
6520
6520
6520
6520
6520
6520
6520
6520
6520
6520
6520
6520
6520
6520
6520
6520
6520
6520
6520
6520
6519
6519
6519
6519
6519
6519
6519
6519
6519
6519
6519
6519
6519
6519
6519
6519
6519
6519
6519
6519
6519
6519
6519
6519
6519
6519
6519
6519
6519
6519
6519
6519
6519
6519
6519
6519
6519
6519
6519
6519
6519
6519
6519
6519
6519
6519
6519
6519
6519
6519
6519
6519
6519
6519
6519
6519
6519
6519
6519
6519
6519
6519
6519
6519
6519
6519
6519
6520
6520
6520
6520
6520
6520
6520
6520
6520
6520
6520
6520
6519
6519
6519
6519
6519
6519
6519
6519
6519
6519
6519
6519
6519
6519
6519
6519
6519
6519
6519
6519
6519
6519
6519
6519
6519
6519
6519
6519
6519
6519
6519
6519
6519
6519
6519
6519
6519
6519
6519
6519
6519
6519
6519
6519
6519
6519
6519
6520
6520
6520
6520
6520
6520
6520
6520
6520
6519
6519
6519
6519
6519
6519
6519
6520
6520
6520
6520
6520
6520
6520
6520
6520
6520
6520
6520
6520
6520
6520
6520
6520
6520
6520
6520
6520
6520
6520
6520
6520
6520
6520
6520
6520
6519
6519
6519
6519
6519
6519
6519
6519
6519
6519
6520
6520
6520
6520
6520
6520
6520
6520
6520
6519
6519
6519
6519
6519
6519
6519
6519
6519
6519
6519
6519
6519
6519
6519
6519
6519
6519
6519
6519
6519
6519
6519
6519
6519
6519
6519
6519
6519
6519
6519
6519
6519
6519
6519
6519
6519
6519
6519
6519
6519
6519
6519
6519
6519
6519
6519
6520
6520
6520
6520
6520
6520
6520
6520
6520
6520
6520
6520
6520
6520
6520
6520
6520
6520
6520
6520
6520
6520
6520
6520
6520
6520
6520
6520
6520
6519
6519
6519
6519
6519
6519
6519
6519
6519
6519
6519
6520
6520
6520
6520
6520
6520
6520
6520
6520
6520
6520
6520
6520
6520
6520
6520
6520
6520
6520
6519
6519
6519
6519
6519
6519
6519
6519
6519
6519
6519
6519
6519
6520
6520
6520
6520
6520
6520
6520
6520
6520
6520
6520
6520
6520
6520
6520
6520
6520
6520
6520
6520
6520
6520
6520
6520
6520
6520
6520
6520
6520
6520
6520
6520
6520
6520
6520
6520
6520
6520
6520
6520
6520
6520
6520
6520
6520
6520
6520
6520
6520
6520
6520
6520
6520
6520
6520
6520
6520
6520
6520
6520
6520
6520
6520
6520
6520
6520
6520
6520
6520
6520
6520
6520
6520
6520
6519
6519
6519
6519
6520
6520
6520
6520
6520
6520
6520
6520
6520
6520
6520
6520
6520
6520
6520
6520
6520
6520
6520
6520
6520
6519
6519
6519
6519
6519
6519
6519
6519
6519
6519
6519
6519
6520
6520
6520
6520
6520
6520
6520
6519
6519
6519
6519
6519
6519
6519
6519
6519
6519
6519
6519
6519
6519
6519
6519
6519
6519
6519
6519
6520
6520
6520
6520
6520
6520
6520
6520
6520
6520
6520
6520
6520
6520
6520
6520
6520
6520
6520
6520
6520
6520
6520
6520
6520
6520
6520
6520
6520
6520
6520
6520
6520
6520
6520
6520
6520
6520
6520
6520
6520
6520
6520
6520
6520
6520
6520
6520
6520
6520
6520
6520
6520
6520
6520
6520
6520
6520
6520
6520
6520
6520
6520
6520
6520
6520
6520
6520
6519
6519
6519
6519
6519
6519
6519
6519
6519
6519
6519
6519
6519
6519
6519
6519
6519
6519
6519
6519
6519
6519
6520
6520
6520
6519
6520
6520
6520
6520
6520
6520
6520
6520
6519
6519
6520
6520
6520
6520
6520
6520
6520
6520
6520
6520
6520
6520
6520
6519
6519
6519
6519
6519
6519
6519
6519
6519
6519
6519
6519
6519
6519
6519
6519
6519
6519
6519
6519
6520
6520
6520
6520
6520
6520
6520
6520
6520
6519
6519
6519
6520
6520
6520
6520
6520
6520
6520
6520
6520
6520
6519
6519
6519
6519
6519
6519
6519
6519
6519
6519
6519
6519
6519
6519
6519
6519
6519
6519
6519
6519
6519
6519
6519
6519
6519
6519
6519
6519
6519
6519
6519
6519
6520
6520
6520
6520
6520
6519
6519
6519
6519
6519
6519
6519
6519
6519
6519
6519
6519
6519
6519
6519
6519
6519
6519
6519
6519
6519
6520
6520
6520
6520
6520
6520
6520
6520
6520
6520
6520
6520
6520
6520
6520
6519
6519
6519
6519
6519
6519
6519
6519
6520
6520
6520
6520
6520
6520
6520
6520
6520
6520
6520
6520
6520
6519
6519
6519
6519
6519
6519
6519
6519
6519
6519
6519
6519
6519
6519
6519
6519
6519
6519
6519
6519
6519
6519
6519
6519
6519
6519
6519
6519
6519
6519
6519
6519
6519
6519
6519
6519
6519
6519
6519
6519
6519
6519
6519
6519
6519
6519
6519
6519
6519
6519
6519
6519
6519
6519
6519
6519
6519
6519
6519
6519
6520
6520
6520
6520
6520
6520
6520
6520
6520
6520
6520
6520
6520
6520
6520
6520
6520
6520
6520
6520
6520
6520
6520
6520
6520
6520
6520
6520
6520
6520
6520
6520
6520
6520
6520
6520
6520
6520
6520
6520
6520
6519
6519
6519
6519
6519
6519
6519
6519
6519
6519
6519
6519
6519
6519
6520
6520
6520
6520
6520
6520
6520
6520
6520
6520
6520
6520
6520
6520
6520
6520
6520
6520
6520
6520
6520
6520
6520
6520
6520
6520
6520
6520
6520
6520
6520
6520
6520
6520
6520
6520
6520
6520
6520
6520
6520
6520
6520
6520
6520
6520
6520
6520
6520
6520
6520
6520
6520
6520
6520
6520
6520
6520
6520
6520
6519
6519
6519
6519
6519
6519
6519
6519
6519
6519
6519
6519
6519
6519
6519
6519
6519
6519
6519
6519
6519
6519
6519
6519
6519
6519
6519
6519
6519
6519
6519
6519
6519
6519
6519
6519
6519
6519
6519
6519
6520
6520
6520
6520
6520
6520
6520
6520
6520
6520
6520
6520
6520
6520
6520
6520
6520
6520
6520
6520
6520
6520
6520
6520
6520
6520
6520
6520
6520
6520
6520
6520
6520
6520
6520
6520
6520
6520
6520
6520
6520
6520
6520
6520
6520
6520
6520
6520
6520
6520
6520
6520
6520
6520
6520
6520
6520
6520
6520
6520
6520
6520
6520
6520
6520
6520
6520
6520
6520
6520
6520
6520
6520
6520
6520
6520
6520
6520
6520
6520
6520
6520
6520
6520
6520
6520
6520
6520
6520
6520
6520
6520
6520
6520
6520
6520
6520
6520
6520
6520
6520
6520
6520
6520
6520
6520
6520
6520
6520
6520
6520
6520
6520
6520
6520
6520
6520
6520
6520
6520
6520
6520
6520
6520
6520
6520
6520
6520
6520
6520
6520
6520
6520
6519
6519
6519
6519
6519
6519
6519
6519
6519
6519
6519
6519
6519
6519
6519
6519
6519
6519
6519
6519
6519
6519
6519
6520
6520
6520
6520
6520
6520
6520
6520
6520
6520
6520
6520
6520
6520
6520
6520
6520
6520
6520
6520
6520
6520
6520
6520
6520
6520
6520
6520
6520
6520
6520
6520
6520
6520
6520
6520
6519
6519
6519
6519
6519
6519
6519
6519
6519
6520
6520
6520
6520
6520
6520
6520
6520
6520
6520
6519
6519
6519
6519
6519
6519
6519
6519
6519
6519
6519
6519
6519
6519
6519
6519
6519
6519
6519
6519
6519
6519
6519
6519
6519
6519
6519
6519
6519
6519
6519
6519
6519
6519
6519
6519
6519
6519
6519
6519
6519
6519
6519
6519
6519
6519
6519
6519
6519
6519
6519
6519
6519
6520
6520
6520
6520
6520
6520
6520
6520
6520
6520
6520
6520
6520
6520
6520
6520
6520
6520
6520
6520
6520
6520
6520
6520
6520
6520
6520
6520
6520
6520
6520
6520
6520
6520
6520
6519
6519
6519
6519
6519
6519
6519
6519
6519
6519
6519
6519
6519
6519
6519
6519
6519
6519
6519
6519
6519
6519
6519
6519
6519
6519
6519
6519
6519
6519
6519
6519
6519
6519
6519
6519
6519
6519
6519
6519
6519
6519
6519
6519
6519
6519
6519
6519
6519
6519
6519
6519
6519
6519
6519
6519
6519
6519
6520
6520
6520
6520
6520
6520
6520
6520
6520
6520
6520
6520
6520
6520
6520
6520
6520
6520
6520
6520
6520
6520
6520
6520
6520
6520
6520
6520
6520
6520
6520
6520
6520
6520
6520
6520
6520
6520
6520
6520
6520
6520
6520
6520
6520
6520
6520
6520
6520
6520
6520
6520
6520
6520
6520
6520
6520
6520
6520
6520
6520
6520
6520
6520
6520
6520
6520
6520
6520
6520
6520
6520
6520
6520
6520
6520
6520
6520
6520
6520
6520
6520
6520
6520
6520
6519
6519
6519
6519
6519
6519
6519
6519
6519
6519
6519
6519
6520
6520
6520
6520
6519
6519
6519
6519
6519
6519
6519
6519
6519
6519
6519
6519
6519
6519
6519
6519
6519
6519
6519
6519
6519
6519
6519
6519
6519
6519
6519
6519
6519
6519
6519
6519
6519
6519
6519
6519
6519
6519
6519
6519
6519
6519
6519
6519
6519
6519
6520
6520
6520
6520
6520
6520
6520
6520
6520
6520
6520
6520
6520
6520
6520
6520
6520
6520
6520
6520
6519
6519
6519
6519
6519
6519
6519
6519
6520
6520
6520
6520
6520
6520
6520
6520
6520
6520
6520
6520
6520
6520
6520
6520
6520
6520
6519
6519
6519
6519
6519
6519
6519
6519
6519
6519
6520
6520
6520
6520
6520
6520
6520
6520
6520
6520
6520
6520
6520
6520
6520
6520
6520
6520
6520
6520
6520
6520
6520
6520
6520
6520
6520
6520
6520
6520
6520
6520
6520
6520
6520
6520
6520
6520
6520
6520
6520
6520
6520
6520
6520
6520
6520
6520
6520
6519
6519
6519
6519
6519
6519
6519
6519
6519
6519
6519
6519
6519
6519
6519
6519
6519
6519
6519
6519
6519
6519
6519
6519
6519
6519
6519
6519
6519
6519
6519
6519
6519
6519
6519
6519
6519
6519
6519
6519
6520
6520
6520
6520
6519
6519
6519
6519
6519
6519
6519
6519
6519
6519
6519
6519
6519
6519
6519
6519
6519
6519
6519
6519
6519
6519
6519
6519
6519
6519
6519
6519
6519
6519
6519
6519
6519
6519
6519
6519
6519
6519
6519
6519
6519
6519
6519
6519
6519
6519
6519
6519
6519
6519
6519
6519
6519
6519
6519
6519
6519
6519
6519
6519
6519
6519
6519
6519
6519
6519
6520
6520
6520
6519
6519
6520
6520
6520
6520
6520
6520
6520
6520
6520
6520
6520
6520
6520
6520
6520
6520
6520
6520
6520
6520
6520
6520
6520
6520
6520
6520
6520
6520
6520
6520
6520
6520
6520
6520
6520
6520
6520
6520
6520
6520
6520
6520
6520
6520
6520
6520
6520
6520
6520
6520
6520
6520
6520
6520
6520
6520
6520
6520
6520
6520
6520
6520
6520
6520
6520
6520
6520
6520
6520
6520
6520
6520
6520
6520
6520
6520
6520
6520
6520
6520
6520
6520
6520
6520
6520
6520
6520
6520
6520
6520
6520
6520
6520
6520
6520
6520
6520
6520
6520
6520
6520
6520
6520
6520
6520
6520
6520
6520
6520
6520
6520
6520
6520
6520
6520
6520
6520
6520
6520
6520
6520
6520
6520
6520
6520
6520
6520
6520
6520
6520
6520
6520
6520
6520
6520
6520
6520
6520
6520
6520
6520
6520
6520
6520
6520
6520
6520
6520
6520
6520
6520
6520
6520
6520
6520
6520
6520
6520
6520
6520
6520
6520
6520
6520
6520
6520
6520
6520
6520
6520
6520
6520
6520
6520
6520
6520
6520
6520
6520
6520
6520
6520
6520
6520
6520
6520
6519
6519
6519
6519
6519
6519
6519
6519
6519
6519
6519
6519
6519
6519
6519
6519
6519
6519
6519
6519
6519
6520
6520
6520
6520
6520
6520
6520
6520
6520
6520
6520
6520
6520
6520
6520
6520
6520
6520
6520
6520
6520
6520
6520
6520
6520
6520
6520
6520
6520
6520
6520
6520
6520
6520
6520
6520
6520
6520
6520
6520
6520
6520
6520
6520
6520
6520
6520
6520
6520
6520
6520
6520
6520
6520
6520
6520
6520
6520
6520
6520
6520
6520
6520
6520
6520
6520
6520
6520
6520
6520
6520
6520
6520
6520
6520
6520
6520
6520
6520
6520
6520
6520
6520
6520
6520
6520
6520
6520
6520
6520
6520
6520
6520
6520
6520
6520
6520
6520
6520
6520
6520
6520
6520
6520
6520
6520
6520
6520
6520
6520
6520
6519
6519
6519
6519
6519
6519
6519
6520
6520
6520
6520
6520
6520
6520
6520
6520
6520
6520
6520
6520
6520
6520
6520
6520
6520
6520
6520
6520
6520
6520
6520
6520
6520
6520
6520
6520
6520
6520
6520
6520
6520
6520
6520
6520
6520
6520
6520
6520
6519
6519
6519
6519
6519
6519
6519
6519
6519
6519
6519
6519
6519
6519
6519
6519
6519
6519
6519
6519
6519
6519
6519
6520
6520
6520
6520
6520
6520
6520
6520
6520
6520
6520
6520
6520
6520
6520
6520
6520
6520
6520
6520
6520
6520
6520
6520
6520
6520
6520
6520
6520
6520
6520
6520
6520
6520
6520
6520
6520
6520
6520
6520
6520
6520
6520
6520
6520
6520
6520
6520
6520
6520
6520
6520
6520
6520
6520
6520
6520
6520
6520
6520
6520
6520
6520
6520
6520
6519
6519
6519
6519
6519
6519
6519
6519
6519
6519
6519
6519
6519
6519
6519
6519
6519
6519
6519
6519
6519
6519
6520
6520
6520
6520
6520
6520
6520
6520
6520
6520
6520
6520
6520
6520
6520
6520
6520
6520
6520
6520
6520
6520
6520
6520
6520
6520
6520
6520
6520
6520
6520
6520
6520
6520
6520
6520
6520
6520
6520
6520
6520
6520
6520
6520
6520
6520
6520
6520
6520
6520
6520
6520
6520
6520
6520
6520
6520
6520
6520
6520
6520
6520
6520
6520
6520
6520
6520
6520
6520
6520
6520
6520
6520
6520
6520
6520
6520
6520
6520
6520
6520
6520
6520
6520
6520
6520
6520
6520
6520
6520
6520
6520
6520
6520
6520
6520
6520
6520
6520
6520
6520
6520
6520
6520
6520
6520
6520
6520
6520
6520
6520
6520
6520
6520
6520
6520
6520
6520
6520
6520
6520
6520
6520
6520
6520
6520
6520
6520
6520
6519
6519
6519
6519
6519
6520
6520
6520
6520
6520
6520
6520
6520
6520
6520
6520
6520
6520
6520
6520
6520
6520
6519
6519
6519
6519
6519
6519
6519
6519
6520
6520
6520
6520
6520
6520
6520
6520
6520
6520
6520
6520
6520
6520
6520
6520
6520
6520
6520
6520
6520
6520
6520
6520
6520
6520
6520
6520
6520
6520
6520
6520
6520
6520
6520
6520
6520
6520
6520
6520
6520
6520
6520
6520
6520
6520
6520
6520
6520
6520
6520
6520
6520
6520
6520
6520
6520
6520
6520
6520
6520
6520
6520
6520
6520
6520
6520
6520
6520
6520
6520
6520
6520
6520
6520
6520
6520
6520
6520
6520
6520
6520
6520
6520
6520
6520
6519
6519
6519
6519
6519
6519
6519
6519
6519
6519
6519
6519
6519
6519
6519
6519
6519
6519
6519
6519
6519
6519
6519
6519
6519
6519
6519
6519
6519
6519
6519
6519
6519
6520
6520
6519
6519
6519
6519
6519
6519
6519
6519
6519
6519
6519
6519
6519
6519
6519
6519
6519
6519
6519
6519
6519
6519
6519
6519
6519
6519
6519
6519
6519
6519
6519
6519
6519
6519
6519
6519
6519
6519
6519
6519
6519
6519
6519
6519
6520
6520
6520
6520
6520
6520
6519
6519
6519
6519
6519
6519
6519
6519
6519
6520
6520
6520
6520
6520
6520
6520
6520
6520
6520
6520
6520
6520
6520
6519
6519
6519
6519
6519
6519
6519
6519
6519
6519
6519
6519
6519
6519
6519
6519
6519
6519
6519
6519
6519
6519
6519
6519
6519
6519
6519
6519
6519
6520
6520
6520
6520
6520
6520
6520
6520
6520
6520
6520
6520
6520
6520
6520
6520
6520
6520
6520
6520
6520
6520
6520
6520
6520
6520
6520
6520
6520
6520
6520
6520
6520
6520
6520
6520
6519
6519
6519
6520
6520
6520
6520
6520
6520
6520
6520
6520
6520
6520
6520
6520
6520
6520
6520
6520
6520
6520
6520
6519
6519
6519
6519
6519
6519
6519
6519
6519
6519
6519
6519
6519
6520
6520
6520
6520
6520
6520
6520
6520
6520
6520
6520
6520
6520
6520
6520
6520
6520
6520
6520
6520
6520
6520
6520
6520
6520
6520
6520
6520
6520
6520
6520
6520
6520
6520
6520
6520
6520
6520
6520
6520
6520
6520
6520
6520
6520
6520
6520
6520
6520
6520
6520
6520
6520
6520
6520
6520
6520
6520
6520
6520
6520
6520
6520
6520
6520
6520
6520
6520
6520
6520
6520
6520
6520
6520
6520
6520
6520
6520
6520
6520
6520
6520
6520
6520
6520
6520
6520
6520
6520
6520
6520
6520
6520
6520
6520
6520
6520
6520
6520
6520
6520
6520
6520
6520
6520
6520
6520
6520
6520
6520
6520
6520
6520
6520
6520
6520
6520
6520
6520
6520
6520
6520
6519
6519
6519
6519
6519
6519
6519
6520
6520
6520
6520
6520
6520
6520
6520
6520
6520
6520
6520
6520
6520
6520
6520
6520
6519
6519
6519
6519
6519
6519
6519
6519
6519
6519
6519
6519
6519
6519
6519
6519
6519
6519
6519
6519
6520
6520
6520
6520
6520
6520
6520
6520
6520
6520
6520
6520
6520
6520
6520
6520
6520
6520
6520
6520
6520
6520
6520
6520
6520
6520
6520
6520
6520
6520
6520
6520
6520
6520
6520
6520
6520
6520
6520
6520
6520
6520
6520
6520
6520
6520
6520
6520
6520
6520
6520
6520
6520
6520
6520
6520
6520
6520
6520
6520
6520
6520
6520
6520
6520
6520
6520
6520
6520
6520
6520
6520
6520
6520
6520
6520
6520
6520
6520
6520
6520
6520
6520
6520
6520
6520
6520
6520
6520
6520
6520
6520
6520
6520
6520
6520
6520
6520
6520
6520
6520
6520
6520
6520
6520
6520
6520
6520
6520
6520
6520
6520
6520
6520
6520
6520
6520
6520
6520
6520
6520
6520
6520
6520
6520
6520
6520
6520
6520
6520
6520
6520
6520
6520
6520
6520
6520
6520
6520
6520
6520
6520
6520
6520
6520
6520
6520
6520
6520
6520
6520
6520
6520
6520
6520
6520
6520
6520
6520
6520
6520
6520
6520
6520
6520
6520
6520
6520
6520
6520
6520
6520
6520
6520
6520
6520
6520
6520
6520
6520
6520
6520
6519
6519
6519
6519
6519
6519
6519
6519
6519
6519
6519
6519
6519
6519
6519
6519
6519
6519
6519
6519
6519
6519
6519
6519
6519
6519
6519
6519
6519
6519
6519
6519
6519
6519
6520
6520
6520
6520
6520
6520
6520
6520
6520
6520
6520
6520
6520
6520
6520
6520
6520
6520
6520
6520
6520
6520
6520
6520
6520
6520
6520
6520
6520
6520
6520
6520
6520
6520
6520
6520
6520
6520
6520
6520
6520
6520
6520
6520
6520
6520
6520
6520
6520
6520
6520
6520
6520
6520
6520
6520
6520
6520
6520
6520
6520
6520
6520
6520
6520
6520
