7048
3572
3192
2854
2881
2339
2637
2313
2314
2287
2829
3153
2526
2962
2638
2882
2883
3263
3019
3018
3117
3117
2575
2819
2720
2422
2964
2562
2589
2588
2589
2594
2080
2418
2417
2412
2032
2659
2818
2659
2032
2546
2032
2330
2654
2316
2427
2103
2483
2821
2710
2466
2980
2600
2164
2566
2024
2269
2221
2222
2221
2380
2381
2354
2109
2220
2762
3198
3039
3040
2742
2741
2985
3283
3442
4069
4096
3985
3986
4085
4133
3974
3973
3576
3528
3528
2986
3310
2874
2847
3227
3624
3623
3650
3352
3353
2726
2726
2346
2345
2725
2884
2885
3321
3222
3764
3863
3868
3869
3868
3488
3389
2987
2982
3227
2889
2645
2983
3082
2923
3550
3549
3929
4088
4490
4093
4204
4209
3695
3668
3330
2703
2161
2788
2386
2928
3226
3226
3274
3275
3613
3565
3564
3266
3155
3399
3426
3724
3288
3802
3850
4247
3850
4286
4259
4286
3659
4056
3897
3383
3138
3652
4054
3512
4054
3716
4054
4049
4022
3586
3288
3533
3153
2829
3153
2829
2856
2459
2057
2216
1971
2269
1755
2157
1998
1899
1851
1851
1899
1904
1856
1518
1518
2032
2356
2404
2356
1814
2152
2147
2527
2283
2719
2830
2532
2929
2934
3476
3774
4018
4263
4311
3987
3988
3743
3405
3008
3405
3161
2863
2466
2565
3192
3187
3432
3030
2516
2405
2410
2748
2743
3140
3092
3093
3066
3065
3113
2716
2716
3040
3554
2927
2928
3172
3171
2927
2828
2828
2829
2315
2426
3053
3005
3053
2715
2959
3361
3117
3117
2490
3117
3216
2589
2588
2588
2208
1806
1758
1758
1785
1540
2054
2102
1560
1957
1957
1909
2536
2834
2835
3080
3128
3466
3710
4112
3710
3599
3758
3513
3215
3326
2812
2474
2447
2692
2256
1859
1886
2288
1964
1337
1675
1516
1516
1405
1703
2027
2138
1800
2138
2297
2270
2269
2705
2303
2303
2817
2769
3149
2904
2390
2904
2660
3202
2660
2501
2500
2548
2449
2449
2694
2258
2013
1633
1660
1819
2216
2618
2862
2564
2405
2003
2405
3032
2405
2947
2952
3579
3580
3825
3311
2684
2287
2723
2612
2585
2247
1811
2208
1666
1269
1264
1269
1649
2191
2588
2343
2338
2365
2879
3217
2675
3302
3547
3547
3302
3303
2906
3303
3462
3573
3176
2932
2932
3474
3772
3871
4115
3817
3658
3631
3790
4187
4186
4187
4088
4187
4192
4628
4517
4762
4762
4873
4359
4114
3776
3340
2938
3452
3353
2839
2839
2680
2138
2237
2779
2455
2454
2792
2250
2151
2665
2151
2103
2539
2784
2539
2638
2638
2797
2686
2797
2797
2170
2197
2170
2468
2463
2865
3492
3816
3717
3090
2710
2412
2657
2658
2685
2784
2832
2805
2403
2292
1968
1724
1723
2021
1922
1624
1735
1834
2236
1800
1701
1299
1300
1598
1201
1715
2257
1959
2356
2600
2441
2440
2467
2566
3193
2796
3176
3077
3236
3335
3090
3492
3465
3465
3901
4298
4543
4432
4187
3751
3652
3110
2730
3110
2708
3144
3143
3441
3442
3442
3766
3428
3429
3428
3830
4372
4483
4081
4326
4167
4166
3539
4166
4167
4326
4425
4426
4267
3943
3401
3157
3559
3448
3051
3078
2676
3218
3329
3031
2932
2418
2815
2820
2278
2167
1540
1639
1612
2014
2041
2583
2881
2583
2181
2176
2077
2591
2915
3074
3701
3542
3880
3853
3880
4178
3840
3542
2915
3317
2937
3564
3675
3564
3663
3564
3128
3133
2809
3053
2539
2638
2637
2637
2610
2637
2638
3152
3490
3485
3241
3193
3304
3684
3282
3718
3607
3508
3910
4069
4068
4312
3974
3460
3974
4272
4271
4271
3835
3455
3296
3052
3296
2899
2655
2899
2947
2703
2189
2433
2434
2814
3152
3311
3284
2882
2909
2861
2523
2143
2481
2592
2347
2347
1720
1609
2045
1801
2315
2560
2401
2400
2062
2464
2802
2803
2902
2564
2050
2677
3074
3233
3134
2732
2732
3070
3070
3169
3413
3386
2989
2890
2646
2645
3025
3136
3025
3269
3368
3124
2965
2866
2867
2966
3290
3401
3401
3645
3644
3645
3804
4206
4207
4212
4053
4053
3617
3215
2917
3215
2673
2046
1947
1946
2460
2455
2997
3002
3002
2664
3291
2749
2797
2499
2499
2837
2499
1985
1661
1662
1661
1662
2000
2298
2700
3214
2834
2829
2829
3226
2888
2491
2247
2246
2626
2625
3167
2625
2630
2228
2223
2547
2574
2060
2398
2287
1660
2096
1660
1819
1792
1793
1798
2200
2227
2663
3205
2907
2505
2902
3200
3311
2987
2876
3503
3455
3456
3567
3540
3540
3588
3615
3939
4341
4440
4392
4387
4360
4022
4027
3591
2964
3400
3395
4022
3777
3678
3677
3678
4016
4530
4150
3523
3121
2783
3027
2513
2402
2513
2215
2215
1891
1890
2228
2233
2478
2992
2993
2988
2987
3285
3687
3173
2776
2665
2666
2693
3207
3318
3159
3207
2693
2692
2791
3418
2876
2828
2530
1903
1908
2422
2819
2867
2862
2751
2506
2665
2263
2890
2731
2217
2597
2598
2354
2255
1819
2333
2306
2311
2713
2872
2492
2491
2491
2486
2731
2393
2935
3034
3372
3752
4188
4193
4188
3850
3308
3419
3371
3371
3669
3993
3994
3614
3662
4042
3883
3784
4028
3783
3403
3741
3227
3769
3142
3147
2745
2744
2696
3098
3612
3612
3501
3881
4126
3828
3876
3876
3903
3506
3903
3579
3177
3176
3128
3176
2740
3367
3123
3559
3123
3559
3532
3830
3830
3929
3924
3679
3165
3409
3654
3316
2774
2885
3209
3161
2725
3127
2882
2930
2930
2606
2507
2508
2397
2508
2944
2833
2206
2305
2305
2206
2206
2205
1808
2350
2052
2390
1988
2312
2264
1926
1384
1385
1386
1783
2325
2325
1889
1937
1936
2047
2561
2588
2587
2588
2687
2985
3612
3098
2987
2607
2283
2797
2797
2797
2553
2552
2525
2927
2828
2939
2939
3183
3619
3957
3560
3587
3476
3635
3233
2989
3386
3710
3372
2975
3355
3599
3600
3605
3600
3058
2734
2436
2435
1999
2435
2832
2673
2971
2923
2679
2680
2685
2930
2494
2818
2520
2619
2620
2615
2953
3355
3354
3896
3516
3896
3516
3814
3815
3570
3471
3582
3185
3621
3865
4262
4151
4156
4267
3929
3902
4240
4339
4015
4395
4395
3768
3763
3327
3029
3327
3486
3106
3007
2669
2558
2314
2314
2313
2314
2362
2473
3100
3480
3369
3693
3179
3178
3130
3130
3178
3177
3515
3759
3858
3859
3970
3811
3184
2940
2892
2940
3185
3086
2544
2788
2450
2152
2666
3004
2680
2779
2938
2839
2728
3355
3897
3738
3897
3355
3360
3115
2718
2963
2336
2335
2434
2032
1787
1628
1629
1630
1741
1693
1692
1719
1381
1429
2056
2598
2354
2355
2244
1864
2109
2061
2359
2697
2696
3132
2887
2788
2787
2886
2881
2543
2591
2049
2022
2049
2049
2022
2023
1924
1410
1362
1904
2003
2400
2644
3158
2531
2690
2293
2049
2097
2342
2341
2368
2765
2766
2224
2604
2306
2207
2207
2048
2292
2048
2049
1652
1652
1990
2532
2287
2684
2795
3093
2713
2957
3337
2940
2945
2897
2897
2786
3031
3428
4055
4214
3969
3968
4079
4127
3500
3499
3823
4225
4226
4115
4115
4067
4067
4067
3670
3234
2910
3537
3782
3781
3892
3865
3527
3368
3395
3792
3681
4117
4228
4201
4201
3957
3555
3603
3702
3603
3167
3569
2942
2942
3280
2878
3122
3011
2766
2766
2522
2681
3005
2957
3005
3006
3001
3245
3272
3674
4110
3772
3448
3289
3290
2893
3004
3004
2490
2054
2451
2789
2409
2923
2922
2811
2810
3134
3107
2769
2769
2928
3266
3267
3219
2705
2816
3330
3957
4056
4057
3733
3738
3440
2926
3440
3440
3043
2501
2501
2937
2985
3365
3663
3908
3394
3149
3148
3143
3144
3468
3088
3088
2750
2639
2480
2479
2817
2769
2525
2573
2171
2172
2171
2123
2368
2123
1825
1830
2128
2530
2578
2142
2142
2094
2121
2120
2662
2324
2760
3140
2760
2436
2816
2189
2237
1835
1836
1836
2350
1970
2350
2323
2725
2427
2427
2586
2427
1913
1914
1909
1529
1529
1528
1639
1977
2004
1905
2064
2037
2042
2286
2666
2230
2225
2470
2226
1846
1798
1639
1798
2178
2178
1840
1867
1872
1871
2115
2116
2005
1625
2061
2060
2358
2353
2354
2678
2677
2677
2432
2770
3397
3911
3475
3073
3172
3173
2875
2716
2716
2716
3096
3144
2602
2999
3000
2973
2874
3416
2874
2879
2831
2879
3421
3857
3613
3177
3129
2791
3089
3248
3650
3749
3235
3235
3573
3176
2774
2147
1823
1822
2067
2178
2422
2084
2084
1704
1704
1699
2135
1699
1699
1401
1915
1670
1718
1619
2055
2082
1838
1679
2003
2630
3027
2485
2374
2916
3296
2972
2592
2836
2809
2836
3216
3215
3215
3188
3512
3623
7150
6356
6356
6134
6938
7732
7732
3965
3423
3668
3041
3068
2823
2828
2829
2802
2400
3027
3022
3021
3266
3267
3565
3267
3168
3168
3466
3493
3592
3593
3348
3348
3024
3362
3024
2780
3104
3104
3104
3349
3104
3109
3082
3484
3511
3075
3413
3955
3657
3955
4066
4311
3931
3820
3496
3491
3490
3152
3490
3463
3165
3324
3435
3759
3786
3384
3384
3273
2731
2731
2407
2731
2632
2308
1911
2291
2296
2269
2024
2051
2453
2448
2068
2366
1964
2063
2499
2500
2499
2823
2823
3365
3067
2908
2809
3211
3370
2828
3370
3767
3767
3225
3336
3309
3336
3435
3733
3395
3394
3283
3528
3639
3540
3216
3315
3695
3696
3696
4238
4482
4481
4322
4322
4660
4561
4159
4160
3862
3617
2990
3149
3148
3148
3149
3394
3367
3415
3442
3442
3283
3607
3269
3896
3895
3895
3847
3848
3853
3848
3847
3523
3682
3302
3303
3601
3303
3058
3303
3303
3192
2947
3349
3354
3349
3397
2855
2419
2419
2855
2854
2806
3348
3104
2477
2721
2722
2770
2334
2433
3060
2901
3225
3661
3337
3448
3448
3772
3528
3772
4070
3556
3894
3867
3529
3688
3689
3147
3152
2716
3096
3434
3434
3679
3355
3355
3382
3138
2840
3084
2925
2681
2925
3361
3360
3359
3518
4032
4032
3630
3233
3206
3748
3649
3649
3269
2833
3213
3610
3611
3909
3750
3909
3908
3664
3908
3860
3860
3860
3562
3563
3887
3887
3888
4290
4046
3666
3264
3259
3503
3551
3578
3677
3676
3352
3108
3109
3545
3544
3549
3113
3002
2605
2446
1904
1904
2284
2284
2257
2252
2688
2589
2688
2932
2688
2932
3474
3585
3744
4042
4069
4069
4070
3911
3667
3040
3040
3199
2685
2685
3199
3523
3087
3039
3038
3435
3436
3441
3440
3195
3196
3085
3487
3923
4168
3788
3386
2989
3100
3727
3213
3212
3260
3261
3775
3233
2909
3289
2853
2515
2853
2742
2741
3143
3579
3578
3573
3137
2978
3222
2595
2596
2755
2754
2706
2706
3333
3334
2707
2818
2480
2369
2805
3202
2688
2308
2309
2308
2309
2314
2314
2287
2287
2829
3343
3099
3147
3527
3771
4095
3659
3117
2872
2983
2978
2819
2708
2328
1931
2367
2366
2366
2746
3373
3374
3373
3915
4074
3447
3474
3176
3803
3479
3484
3595
3840
3595
3933
3834
3786
4031
4130
4129
4427
4268
4263
4164
4164
4323
4328
4328
4084
4481
4482
3855
3954
4002
4001
3890
3885
4129
4030
3732
3487
2973
2537
2542
2542
2542
2204
2205
2719
2339
2775
2378
2378
2378
2219
2171
2144
2255
2303
2303
2302
2191
2143
2302
1866
2190
2817
3062
3459
3062
3173
3221
3216
3221
3222
3520
3900
3602
3999
4000
3952
4000
4000
3603
3941
3968
3968
3857
3852
3693
3151
2771
3168
3267
3168
3167
3167
2923
2924
3023
3023
3565
3466
3465
3465
3141
3439
3550
3148
3148
2903
3305
3464
3469
2927
2525
2187
2623
2623
2947
3327
3279
3252
3590
3252
3093
3635
3634
3629
3087
2690
2366
2414
2811
2375
2077
2619
2105
1708
1708
1708
1952
1841
1841
1841
2000
2000
2001
2028
2139
2238
1994
2508
2481
2508
1881
1881
1367
1691
1989
1691
1936
2372
1992
2619
2619
2183
2521
2923
2824
2797
2798
2553
2553
2553
2552
3066
2728
2617
3053
3058
3356
3694
3793
3495
3059
3059
3304
3548
3500
3611
4008
4388
4289
4289
4288
3774
3450
3549
4063
4387
4228
4228
3601
4037
4038
4197
3952
4000
3662
3614
3952
3952
3410
3458
3056
3301
2921
3323
3703
3301
2921
2810
2805
2757
2758
2757
2360
2359
2470
2768
2523
2225
2114
2015
2016
2021
2069
2696
2697
2697
2942
3322
2984
2825
2820
2819
2495
2500
3042
3069
3180
3582
3582
3555
3550
3008
3008
3167
3564
3167
2923
3247
3199
3198
2874
2875
3272
3272
2892
2893
2379
2677
3001
3339
2937
2942
2969
2969
3371
3371
3885
3933
3933
3419
3663
3615
4129
4018
3720
4018
4117
3793
4173
4221
3819
4361
4117
4116
3818
3818
3819
3819
4143
3746
3698
4095
3553
3454
3295
3394
3638
3394
3936
3935
3421
3421
3532
3433
3532
3287
3287
2660
2263
2264
2891
2264
2264
2259
1717
1765
1654
2196
2441
2685
2796
2795
2471
2471
2868
2432
2321
2645
2943
3054
3055
2811
2700
2811
2269
2024
1726
2024
1627
1872
1872
1871
2307
2259
1921
1922
1970
1922
1927
1816
1975
2372
2710
2705
2949
2790
2949
2569
2568
2679
2678
2678
2579
2552
2214
2214
2841
2517
2273
2597
2161
2541
2542
2547
2150
2664
2419
2467
2143
1516
1918
1759
1786
1786
2124
2076
1738
2280
2525
2525
2524
2960
2933
2688
2847
2467
2468
2712
2170
2171
2170
2165
2213
2102
2482
2481
2805
3432
3384
3004
3401
3157
3537
3135
3136
3141
3141
3141
3189
3030
3274
3433
3433
3532
3096
2937
2310
2310
2211
2212
2311
2311
2938
2424
2826
3164
3164
2767
2926
2926
2602
2554
2554
3096
3532
3194
3532
3559
3221
3216
2972
2972
2873
3387
3089
3089
2462
2435
2534
2132
2243
2870
2897
2461
2863
2483
2821
2722
3119
3118
3117
3090
3090
3090
3091
3096
3123
3171
3495
3495
3468
3766
3767
3429
3027
3054
3392
3392
3054
3027
3463
3463
3458
3457
3837
3440
3837
3864
3753
3705
3705
3753
3758
4096
3937
3310
3554
3118
3745
4147
4142
4253
4226
4227
4386
3759
3711
3810
3651
3650
3651
3254
3254
2874
2901
2900
2576
3012
3409
3410
2868
2466
3093
3635
3635
3683
3683
3635
4037
3793
3694
3693
3257
3637
3299
3735
3333
3577
3197
3296
3455
3356
2814
2655
3197
3196
3598
3201
3525
3414
2900
3280
3253
3280
3525
3525
3684
3685
3143
2763
2465
2221
2519
2916
3296
3344
3443
3443
3344
3588
3344
3344
3344
3099
3437
3979
3641
3641
3740
3741
3361
3366
2824
2526
2824
2526
2478
2589
2887
2728
2887
2788
2787
3301
3301
3639
3341
3639
3639
3612
3992
4236
4236
4263
4805
4853
4609
4311
3875
3248
3493
3113
3493
3155
3254
3249
3249
3547
3791
3680
3681
3522
3527
3686
3362
3361
3063
3690
3689
3641
3641
3482
3237
3210
3534
3582
3920
3676
3049
3049
2711
2711
2711
3049
3347
3299
2919
3355
3017
2475
2376
2621
2732
3112
2710
3252
2872
2761
2325
2663
2762
2762
3198
2801
2802
2478
2526
2850
2845
2845
2845
2797
2361
2361
2409
2085
2482
2482
3109
2567
2678
2380
2816
2478
2367
2611
3153
3312
3317
3269
3567
3562
3562
3562
3964
3450
3450
3450
3498
3339
3338
3662
3663
3615
3615
3615
3995
3995
4043
4154
4159
4158
4158
4672
4045
4383
3986
3606
3986
4145
4046
4145
3743
3744
4371
4073
4073
4073
3962
3863
3815
3188
3287
2963
2963
3590
3154
3265
2885
2880
3316
3316
2978
3375
3699
3600
3086
3466
3307
3307
3308
2681
2680
2685
2143
2143
2191
2818
2438
2465
2564
2902
2658
2222
2658
2631
2631
3145
3525
3520
3764
3384
3285
3290
3179
3338
3338
3880
4260
3633
3309
3633
4260
3936
3777
3777
3729
3484
3479
2937
2937
5872
2963
2625
3167
3569
3907
3908
3908
3511
3610
3208
2870
3029
3030
3030
3427
3427
3427
3765
3770
3526
3146
3470
3469
3517
3815
4195
3653
4195
3857
3858
4260
3962
3935
4273
4273
3893
4191
3853
4097
4342
4342
4183
3885
4223
3826
3853
3848
4228
3984
3885
4282
4255
3741
3496
2869
2868
2895
2868
2979
2437
2951
3578
3578
3823
3824
3851
3851
3449
3422
2795
3093
3120
3120
3125
3752
3355
3599
3598
3597
3598
3260
2633
3260
3359
3358
3310
3469
3470
3371
3371
3773
3821
3577
3466
3466
3565
3320
3272
2892
2893
3231
2717
2281
2254
2253
2154
1856
2236
2236
1856
2236
2231
2745
2745
3287
3288
3586
4022
3698
3698
3809
3808
3181
2883
2772
2799
2257
2799
3097
3196
3593
3837
3842
4469
4067
4040
4364
3737
3737
3357
3059
3086
2748
2747
2747
3149
2607
2508
2509
2509
3136
3136
3235
3234
3776
3532
3527
3125
3527
3772
3772
3883
3883
3931
3832
3435
3435
2808
2813
2299
2813
2765
3162
3789
3784
3789
4087
3763
3862
3862
4200
4444
4445
4445
4334
4090
4414
4414
4658
4261
4372
3936
3534
3970
3943
4323
3999
4026
3728
3728
3776
4074
4026
3927
4324
4423
4396
4396
4395
4395
4390
4391
3994
3835
3835
3835
3591
3618
4020
4021
4021
3394
3394
3394
4021
4021
3683
3683
3842
3842
4180
4180
4179
4020
4068
4069
3527
3686
3686
3930
3929
3685
4009
4008
3763
3383
3925
3877
3925
3925
4170
3832
3837
3323
2781
3323
3324
3721
3673
3349
3344
3344
3343
2716
2314
2315
2315
2316
2943
3187
3186
3186
2888
3402
3450
3455
3019
3019
3019
3019
3357
2730
2631
2604
2603
2630
3010
3637
3589
3589
3589
3590
4026
4428
3914
3962
3624
3624
3624
3222
3222
3174
3173
2929
3267
3267
3108
2566
2890
2552
2525
2927
3265
3260
3260
3802
3901
3901
3499
3500
3548
3547
3111
3625
4061
4088
3652
3657
3630
3625
3625
3784
4082
4082
3971
3971
3972
4408
4360
3924
3924
3972
3924
3923
3543
3543
3544
3544
3946
3946
3951
3952
4388
4387
3873
3873
3872
3548
3792
4116
4017
4128
4017
3693
3151
3146
2902
3282
3309
3309
3633
3633
3633
3335
3446
3988
3877
3925
3489
3489
3489
3490
2948
3059
3011
3010
3010
3011
3447
3495
4037
3878
3883
3884
3884
3836
3884
3639
3097
2759
2759
2918
2917
3255
3254
3254
3249
3138
3138
3436
3436
3547
3552
3228
3473
3135
2508
2460
2460
2460
3002
3516
3854
3854
3854
3854
3556
4183
4427
4030
3786
3627
3627
3600
3924
3925
3925
4322
4322
4349
3952
3952
3628
3727
3886
4210
4258
4159
3723
3478
3319
3318
3417
3306
3550
3451
3452
3447
3446
3605
3203
3208
3209
2885
2885
3209
3209
2885
2885
2885
2641
2642
2641
2614
2613
2608
2613
2712
2613
2712
3109
3110
3105
3429
2887
2892
3137
3248
2924
2544
3086
2748
2503
2883
3285
3583
3583
4019
3639
3341
3341
2827
3341
3341
3342
3341
3665
3268
3566
3567
3566
3565
3565
3566
3566
3242
3241
3241
2699
2943
2944
3341
3043
3367
3367
3367
3367
3909
3810
3651
3646
3535
3487
3487
3514
3613
3911
3912
3370
3126
3371
3913
3961
3525
3961
4205
3881
3479
3234
3234
3479
3638
3539
3512
3611
3512
3214
3213
3214
3214
2672
3214
2970
3372
3471
2957
2956
2559
2670
2670
2669
2669
2669
2621
2079
2377
2278
2119
1821
1848
2007
2345
2007
2008
2405
2785
3299
2785
3327
3841
4179
3782
4179
4068
3909
4068
4167
4167
4172
3834
4078
4078
4051
3806
3562
3165
3463
3304
3205
2825
2924
3262
3586
3585
2958
2985
2986
2986
3230
2828
2828
3073
3232
3233
3630
4032
3734
4114
4087
3988
4099
4126
3881
3880
4125
4014
3578
3578
3419
3419
3420
3420
3519
3817
3718
3713
3761
3860
4019
3992
3991
3996
3658
4094
3935
4046
4673
4562
4463
4083
4083
3456
3158
3317
3158
3317
3317
3317
3416
3411
3167
3172
3510
3505
3505
3505
2991
3235
2897
2653
3280
3280
3285
3040
2941
3455
2941
3185
3523
3523
4037
4282
4283
4283
4663
4418
4445
4065
4445
4444
4742
4741
4344
4296
4296
4137
3799
3800
3911
3509
3906
3907
3907
3907
3527
3416
3754
3802
3464
3464
3464
3575
3575
3277
3615
3615
3614
3614
3859
3423
3099
3051
3487
3535
3937
3692
3691
4071
4071
3669
3768
3371
3033
3033
3278
3680
3653
3951
3951
3946
4284
3657
3609
3364
3412
3413
2899
2463
3090
3091
3527
3686
3587
3587
3045
3144
3658
4055
3541
3541
2914
2755
3000
3542
3866
3866
3866
3469
3469
3131
3131
3083
2785
3083
3082
3082
3082
3082
3709
3082
3596
3644
3102
3129
3467
3626
3302
3057
3030
3030
3035
2924
2825
2826
2825
3452
3154
3149
2905
2905
3302
3302
3329
3653
3752
3350
3350
3012
2913
2754
2998
2999
2999
2951
2324
1927
1900
1905
1900
2442
2541
3168
3327
3332
3088
3136
2594
2996
3107
3107
2948
2948
2943
3241
3142
3147
2823
2525
2524
2519
2618
2618
2862
2862
2862
2863
2764
2764
2763
2762
2651
2651
2651
2656
2656
2755
2755
2782
3080
3477
3450
3402
3397
3642
4184
4343
4343
4343
3946
3847
3847
3847
3847
3848
3221
2679
2520
2679
2679
2679
3003
3003
3114
3741
3741
3740
3496
2869
2870
2870
3267
3267
3267
3809
3809
3908
3610
3854
3854
4481
4322
4660
4660
4549
4007
3683
3169
2767
2522
3064
3091
2711
2684
3086
2842
2953
2953
2517
2762
3086
3245
2907
2955
2955
2960
3396
3396
3395
3390
3390
3390
3066
3071
3071
2972
2999
2999
2951
3195
3519
3083
3381
3382
3382
3762
3762
3651
3652
3493
3592
3050
3388
3144
3303
2979
3415
3018
2773
2773
3018
2991
2892
3136
2892
2991
3235
3346
3341
3341
3341
3855
3696
3744
4141
3761
3761
3516
3896
4141
3843
3843
3732
3335
3446
3843
3505
3504
3802
3691
4233
4571
4571
4571
4730
4682
4709
4757
4355
3813
4355
4355
4355
4328
3701
3602
3602
3205
3205
2867
2569
2568
2323
1809
1810
1430
1529
1909
2233
2134
2161
2499
2901
2902
3200
3199
2955
2955
2954
3053
3053
2729
2570
2543
2940
3264
3264
3264
3264
3291
3291
3292
2750
2909
2512
2512
3026
2590
2542
2547
2448
2448
2443
2985
3382
3223
3334
3433
3592
3212
3260
3265
3166
3167
2829
3456
3456
3297
2755
2754
2853
3289
3289
3262
3262
3214
3214
3214
3458
3061
3062
3307
3704
3593
3348
3459
3839
3834
4079
4084
4132
4132
4291
4629
4331
3817
3420
3817
3479
3817
3816
3811
3811
3811
3812
3415
3415
3415
3414
3414
3414
3414
3255
3255
3282
3282
2655
2544
2544
2206
2748
3262
2860
2346
2351
2324
2324
2483
2484
2239
2238
2233
2233
2478
3105
3619
3957
4359
4358
4385
4005
3846
3846
4226
4178
4575
4575
4033
4038
3700
3811
3859
3535
3291
3292
3291
3291
3535
4077
4401
4077
4415
4388
4389
4051
3509
3129
3288
3288
3287
3287
3585
3341
2905
2906
2795
2795
2794
2789
3169
3170
2768
3310
2913
2533
2644
2671
2129
2671
2672
2645
3042
3042
2500
2500
2880
2721
3045
3045
3044
2720
2672
2573
2462
2164
2600
2600
2898
2898
2898
3440
3440
3467
3515
2888
2888
2840
2951
2999
2999
3098
3098
3422
3666
3421
3394
3394
3150
3150
2636
2636
2588
2588
2926
3170
2872
2548
2548
2304
2548
2707
3005
3005
2569
2568
2457
2457
2568
2892
3519
3275
3519
3520
3547
3388
3289
3178
3179
3615
3615
3620
4022
4022
4181
4181
4180
4180
3842
3890
3592
4106
4106
4106
4217
4555
4507
4110
4355
4354
4652
4652
4653
4654
4027
4000
3458
3299
3926
3628
3628
3655
3141
2739
2739
2838
2838
3136
3538
3439
3538
3200
3200
3597
3935
3935
3824
3725
3725
3724
3386
2950
3049
3044
3017
3016
3017
2773
2884
2889
2890
2779
2778
3320
3347
3861
3861
3972
3945
3946
3994
3946
4190
4626
4625
4381
4719
4381
3984
4322
4321
4321
4321
4348
4348
4343
3963
3963
3963
4360
4408
4070
4071
4072
3973
3973
3972
3972
3536
3509
3668
3668
3668
3668
3695
3668
4104
4131
3729
4131
4230
3985
3985
3687
3588
3593
3592
3592
3592
3433
3813
3765
3765
3760
3760
4005
4005
4164
4164
4164
3840
3840
4084
4084
3973
3974
3594
3594
3693
3698
3071
3071
3409
3789
3392
2878
2878
3176
3573
3573
3176
3175
3175
3499
3499
4013
3914
3914
4025
4422
4422
4422
3908
3749
3207
3306
3306
3306
3306
2909
2507
2169
1733
1489
1827
1827
1822
2364
2337
2364
2364
2365
2254
2259
2232
1987
2146
2660
2655
2655
2357
2019
2018
2019
2019
2019
2019
2019
2019
2317
2218
2218
2219
2060
2065
1551
1550
1550
1550
1598
1300
1411
1411
1412
2039
2284
2279
2617
2716
3014
2690
2717
2717
2876
2849
2738
3174
3418
3418
3820
3820
3820
4144
3742
4144
4144
3900
3927
3927
3682
3681
3245
3642
3304
3304
3549
3793
3904
3903
3855
3531
3531
3531
3532
3870
3870
3875
3495
3543
3542
3515
3270
3171
3685
3784
3270
3271
2973
2968
2869
2869
3305
3629
3927
3300
3141
3655
3331
3655
3253
3253
3498
3503
3602
3602
3602
3629
3624
3624
4026
3978
3979
3880
3483
3483
3483
3483
3488
3488
3885
3884
3639
3639
3738
3733
3706
3754
3754
3754
3754
3754
3753
3912
3913
3940
3504
3749
3504
3456
3456
3429
3865
3865
3527
3527
3865
4245
4134
3836
3836
3884
3995
3995
3995
3593
3545
3207
3207
3207
3108
2784
2783
2783
2783
2831
2858
2747
3045
2747
2350
2350
2461
2858
2831
2832
3130
3532
3532
3870
3711
3711
3711
3600
3600
3601
3600
3627
3627
3627
3726
4353
4512
4512
4413
4412
4412
4412
4385
4385
3988
4099
4100
3941
4265
3927
4086
4086
4483
4086
4331
4332
4431
4431
4458
4213
4165
4503
4503
4508
4556
4556
4457
4298
4298
3960
4205
4157
4316
4157
4316
4316
3914
4252
4247
3705
4107
3671
4068
4067
4068
4610
4610
4610
4583
4583
4583
4610
4365
4121
4169
4169
4168
4604
4609
4271
3869
3758
3857
3533
3644
3644
3968
3670
3559
3554
3554
3455
3456
3456
3567
3969
3969
3969
4213
4213
4165
4170
4218
4317
3920
3821
3773
3772
3772
3772
3772
3772
3820
4158
3999
4158
3914
4212
4207
4207
3665
3665
3151
3124
3123
3367
3367
3466
3307
3466
3355
3196
3097
2661
2820
2847
2847
3283
2985
2826
2799
2475
2773
2773
2773
2773
2774
2873
2873
3415
3415
3013
3415
3415
3415
3415
3416
3118
3070
3070
3368
2826
2853
3250
2848
2847
2958
2847
2847
3092
2794
2905
2905
2904
3228
3228
3770
3770
3770
3432
3433
3432
3432
3432
3432
3591
3639
3639
3480
3480
3480
3480
3485
3887
3788
3789
4127
4127
4127
4127
3725
3726
3721
3720
3819
3819
3820
4118
4123
4282
4282
4281
4281
4254
4143
4044
3800
3800
3827
4071
4071
4072
4474
4988
4988
4988
4474
4315
4288
4387
4387
4387
3760
3760
3755
3417
3417
3417
3416
2874
2901
2901
2901
2901
2656
3283
3288
3288
3288
3044
3288
3287
3446
3202
3744
3696
3260
3101
3101
3102
2705
2678
2579
2579
2579
2199
2537
3051
2753
2748
2748
2748
2796
2748
2859
2864
2863
2863
2890
2989
2447
2336
2336
2580
2580
2628
2739
2739
2739
2740
2739
2691
2692
3128
3129
3124
2610
2908
3153
3153
3153
3201
3200
3201
3174
3174
3179
3179
3559
3554
3559
3558
3557
4071
4230
4225
4225
4622
4324
4325
4080
4079
4079
4324
4324
4324
4324
4225
4767
4768
4609
4708
4464
4708
5006
4609
4608
4767
4794
4695
4668
4232
3934
3775
4211
4212
4311
4311
4311
4311
4316
4343
4343
4641
4800
4799
4700
4700
4700
4799
5196
5085
5085
5085
4705
4163
4164
4005
4385
4927
4603
4603
4602
4602
4761
4761
4761
4872
4872
4872
4872
4872
4872
4872
4773
4773
5097
5097
4759
4760
4761
4381
4381
3839
3839
3595
3595
3568
3906
3901
3900
3900
3576
3576
3576
3577
3577
3901
4281
4280
4280
4280
4035
4062
4161
4161
4161
4703
4703
4704
4704
4703
4655
4656
4656
4497
4656
4704
4704
4406
4704
4704
4704
4704
4656
4629
4629
4629
4249
4494
4097
4097
4097
4477
4482
4482
4482
4184
4232
4232
4629
4087
4086
4086
4086
3572
3870
3869
3571
3412
3413
3314
3203
3203
3501
3500
3501
3501
3453
3501
3501
3612
3711
3711
4253
4253
4254
4253
4205
4205
4205
4232
3835
3590
3479
3479
3527
3772
3448
3845
3840
3813
3813
4327
4279
4327
3947
3947
3952
4111
4063
3666
3693
4073
4184
4232
4629
4629
4629
4629
4624
4624
4629
4629
4384
3987
3960
3955
3954
3954
4198
4150
4151
4475
4316
3936
3936
3309
3706
4086
4086
4086
3706
3706
4333
4009
4008
4009
4168
3654
3655
3654
3655
3655
3556
3936
4260
4260
4149
4149
4248
4493
4493
4492
4492
4492
4519
4519
4524
4524
4524
4524
4525
4636
4525
4525
4281
4281
4795
4843
4684
4679
4923
4923
4922
5081
4645
4645
4401
4401
4063
3964
3969
4213
4213
4212
4053
4053
4391
4053
4212
3967
3669
3669
4007
4007
4007
4118
3721
4118
3874
3494
3494
3738
4174
4174
4126
4126
4127
4127
4122
3963
3852
4097
4097
3853
3853
3852
3853
3853
3608
3172
3145
3145
3525
3525
3525
3525
3636
3636
4072
4072
4317
4317
3775
3775
3775
3934
4232
4476
4475
4475
4475
4475
4475
4502
4475
4475
4475
4151
4151
4178
3934
3934
4178
4178
4178
4178
4720
4476
4481
4084
4481
4045
4045
3747
3795
3795
4231
4231
4072
4073
4072
4024
4024
4024
3913
3913
4024
3997
3595
3595
3595
3754
3595
3595
3159
3154
3154
3398
3425
3426
3426
3046
3046
3482
3482
3482
3806
3409
3410
3708
3807
3563
3563
3464
3166
3325
3373
3671
4051
4051
4051
4024
4024
4426
4426
4525
4525
4922
4823
4822
4827
4827
4926
4588
4588
4583
4921
4921
4623
3996
3996
3996
4023
3924
3924
3929
3924
3544
3544
3842
3440
3440
3440
3043
2884
3128
3101
3106
3107
3504
3663
4043
4445
4065
4692
4691
4692
4394
4346
4394
4389
4389
4389
4769
4255
3875
3875
4173
4200
4205
4157
4130
4019
4019
3617
3616
3372
3372
3373
3373
3373
3373
3753
3752
3752
3747
3449
3450
3748
4150
4177
3797
3908
3584
3828
3584
3584
3583
3827
3827
3583
3583
3583
4097
4098
4103
4103
4103
4427
4807
4855
4696
4696
4795
4747
4746
4746
4310
4310
3913
4072
4072
4120
4120
4121
4073
4073
4073
4073
4509
4410
4405
4410
4458
4458
4299
4543
4543
4543
4029
4188
4188
3944
3944
3317
3312
3285
3040
3667
3667
3619
3619
3619
3667
3619
3618
3619
3624
4021
4021
4265
4265
4264
4264
4265
4265
4265
4265
4265
4260
4260
4260
4260
4149
4260
4259
4259
4259
3717
3816
3657
3546
3594
3593
4135
4036
3656
3656
3657
4037
3713
3740
4254
4253
4254
4254
4259
4504
4504
4068
4167
4603
4603
4714
4714
4376
4700
4601
4574
4574
4526
4864
4864
4963
4963
4963
4963
4964
4964
4964
5012
4901
4901
4563
4563
4464
4219
4218
4218
4213
4213
4213
4213
4213
4213
3889
3645
3644
3644
3644
3645
3889
3889
3890
3890
3890
3890
3917
3917
3917
4255
4260
3746
3845
3845
4169
3767
3719
3692
3692
3692
3368
3527
3527
3527
3527
3929
3929
3929
3977
3977
3878
3989
4503
4503
4067
4062
3903
3792
3951
3951
3951
4062
4067
4062
4061
4306
4062
4062
4063
3765
3864
4162
4189
3851
3851
3851
3851
3851
3851
4287
4287
4287
4287
4286
3659
3548
3250
3255
3256
3367
3366
3365
3365
3992
3993
3945
3945
3786
3786
3781
3781
3940
3940
3941
4279
4279
4279
4279
4577
4332
4332
4331
4331
4576
4576
4581
4905
4905
4905
4905
4878
5122
5011
5011
4852
4608
4608
4608
4228
4228
4228
4228
4228
4387
4414
4414
4794
4793
5037
5037
5037
4739
4740
4788
4788
4783
4783
4783
4782
4538
4538
4782
4782
4683
4782
4782
4893
4893
4893
4893
4893
4893
4782
4402
4403
4158
4158
4158
4456
4457
4457
4456
4457
4457
4837
4440
4551
4452
4050
3891
3593
3545
3545
3545
3207
3255
3254
3253
3551
3948
3948
3948
3948
3900
3901
3902
4147
4485
4485
4533
4533
4506
3992
3997
3992
3991
3943
3698
3857
3884
3884
3857
3857
3746
3746
3746
3745
3745
8518
8518
8518
8518
8518
8518
8518
8518
8518
8518
8518
8518
8518
8518
8518
8030
8030
8030
8030
8030
8030
7712
7712
7712
7712
7712
7036
7526
7526
7748
8236
8236
8236
8236
8236
8236
8236
8236
8014
8690
8690
9494
9494
9494
9494
9494
9494
9494
9494
9494
9494
9494
9494
9494
9494
9494
9494
9494
9494
9494
8622
9494
8846
8846
8846
8846
8846
9494
9494
9494
9494
9494
9494
8898
8898
8898
8898
8898
8410
8410
8410
9006
9006
9006
9006
9006
9006
9006
9006
9006
9006
9006
9006
9006
9006
9006
9006
9494
9494
9494
9494
9494
8846
9494
9494
9494
9494
9494
9494
9494
9494
9494
8622
8622
8622
8622
8622
8622
8622
8622
8622
8622
8622
8622
8622
8622
7946
7458
7458
7458
7458
7458
8330
8330
8330
8330
8818
8818
8818
8222
8818
8818
8818
8222
8222
8818
8818
8818
8170
8170
8170
8170
7680
7680
7680
8356
8356
8356
8356
8356
8356
8356
8356
8356
8356
9004
9004
9004
9004
9004
9004
9004
9004
9004
9004
9004
9004
9004
9004
9004
9004
9004
9004
9004
9004
9004
9004
9004
9004
9004
9004
9494
8622
8622
8718
8718
8718
8718
8718
8718
8622
8622
8622
8622
8622
8622
9494
9494
9494
8846
8846
8846
8846
7974
7974
7974
7974
7974
7298
7974
7974
7974
7974
7974
8622
8622
9494
9494
9494
8846
8846
8846
8846
8846
8846
8846
8846
8846
8846
8846
8846
8846
8846
9494
9006
9006
9006
9006
8410
8410
8410
8410
8410
8410
8410
8410
7606
7606
6930
6930
6930
6930
6930
6930
6930
6930
6930
6930
6930
7526
7526
8330
8330
8330
8330
7682
7682
7682
7682
7682
7682
7086
7086
7086
7574
7574
7574
7574
7574
7574
7574
7574
7574
7574
6814
6814
7490
7490
7490
7490
8250
8250
8250
8250
8898
8898
8898
8898
8898
8898
8898
8898
8898
8898
9494
9494
9494
9494
9006
9006
9006
9006
9006
9006
9006
8410
8410
8410
8410
8410
8410
8898
8898
8898
8898
8898
8898
8898
8898
8898
8898
8898
8898
8898
8898
8898
8898
8898
8898
8898
8898
8898
8898
9494
9494
9494
9494
9494
9494
9494
9494
9494
9494
9494
9494
9004
9004
9004
9004
9004
9004
9494
9494
9494
9494
9494
9494
9494
9494
9494
9494
9494
9494
9494
9494
9494
9494
9494
9494
9494
9494
9494
9494
9494
9494
9494
9494
9494
9494
9494
9494
9494
9494
9494
9494
9494
9494
9494
9494
9494
9494
9494
9494
9494
9494
9494
9494
9494
9494
9494
9494
9494
9494
9494
9494
9494
9494
9006
9006
9006
8246
8246
9006
8202
8202
8202
8202
8202
8202
8202
8202
8202
8202
8202
8202
8202
8202
8202
8690
8690
8690
8690
8690
8690
8690
8690
8690
8690
8690
8690
8690
8690
8690
8094
8690
8690
8690
8690
8690
8690
8690
8690
8202
8202
8202
8202
8202
7526
7526
6732
6732
7408
7408
7408
8212
8212
7722
7722
7722
7722
7722
7722
7722
7722
7722
7722
7722
8212
8212
8212
8212
8212
8212
8212
8212
8212
8212
8212
8212
8212
8212
8212
8212
8212
8212
8212
8212
8212
8212
8212
8212
8212
8212
8212
8212
8212
8212
7722
7722
7722
7722
7074
7074
7074
7074
7722
7722
7722
7722
7722
7722
7722
7722
7722
7722
7722
7722
7722
7722
7126
7126
7126
7126
7126
7722
7722
7722
7722
7722
7722
7722
8516
8516
8516
8516
9006
9006
9006
9006
9006
9006
8134
8134
8134
8134
8134
8134
8134
8134
8134
8134
8134
8134
8134
8134
8134
8134
7458
7458
7458
8330
8330
8330
8330
7840
7840
7840
7840
7840
7840
7840
7840
8516
8516
8516
8516
7868
7868
8358
8358
7564
7564
7564
7564
6804
6804
6804
7598
7598
7598
7598
7598
6794
6794
6794
7554
7554
7554
8202
8202
7408
7408
7408
7408
8202
8202
8202
9006
9006
9494
9494
9494
9494
9494
9494
9494
9494
9494
9494
9494
9494
9494
9494
9494
9494
9494
9494
8818
8328
8328
8328
8328
8328
8646
8646
8646
8646
8646
8646
8328
8328
7680
7680
6920
6920
6920
6920
6920
7596
7596
7596
7596
7596
7596
7596
7596
7596
7596
7596
8086
8086
8086
8086
8086
8086
8086
8086
8086
8086
8846
8846
9494
9494
9494
9494
9494
9494
9494
8846
8846
8846
8846
8846
8846
8846
8846
8846
8846
8846
8846
8042
8042
8846
8846
8846
9494
9494
8622
8622
8622
8622
8622
8622
8622
8622
8622
8622
8622
8622
8622
8622
8718
8718
8718
8718
8718
8718
8718
8718
8718
8718
8622
8622
8622
8622
8622
8622
9494
9494
9494
9494
9494
9494
9494
9494
9494
9494
9494
9494
9494
9494
9494
9494
9494
9494
9494
9494
8898
8898
8104
8104
8104
8104
8104
8104
8104
8104
8104
8104
8104
8104
8104
8104
8104
8104
8104
8104
8104
8104
8898
8898
8898
8898
8898
8898
8898
8898
8898
8898
8898
8898
8410
7650
7160
7160
7160
7160
7160
7160
7160
7160
7160
7160
7160
7650
7650
8246
8246
8246
8246
8246
8246
8246
8246
8246
8246
8246
8246
8246
7650
7650
7650
7650
7650
7650
8410
8410
8410
8410
8410
8410
8410
9006
9006
9006
9006
8516
8516
8516
8516
8516
8516
8516
8516
9004
9004
9004
9004
9004
9004
9004
9004
9004
9004
9004
9004
9004
9004
9004
9494
9494
9494
9494
9494
9494
9494
9494
8898
8898
8898
8898
8898
8898
8898
8898
8898
8898
8026
8026
8026
8026
8026
8622
8622
9494
9494
9494
9494
9494
9494
9494
9494
9494
9494
9494
9004
9004
9004
9004
9004
9004
9004
9004
9004
9004
9004
9004
9004
9494
9494
9494
9494
9494
9494
9494
9494
9494
9494
9494
9494
9494
9494
9494
8898
8898
8898
8898
8898
8898
8898
8898
8410
8410
8410
8410
8410
8898
8898
8898
8898
8898
8898
8898
8898
9494
9494
9494
9494
9494
9494
9494
9494
9494
9494
9494
9494
9494
9494
9494
9494
9494
9494
9494
9494
9494
9494
9494
9494
9494
9494
9004
9004
9004
9004
9004
9004
9004
9004
9004
8408
8408
8408
8408
8898
8898
8898
8898
9494
9494
9494
9494
8898
8898
8898
8898
9494
9494
9494
9494
9494
9494
9494
9494
9494
9494
9494
9494
9494
9494
9494
9494
9494
9494
9494
9494
9004
9004
9004
9004
9004
9004
9004
9004
9004
9004
8356
8356
8356
8356
8356
8356
8356
8356
8356
8356
8356
8356
8356
8356
8356
8356
8356
8356
8356
8356
8356
8356
8356
8356
8846
7974
7974
7974
7974
7974
7974
7974
7974
7974
8846
8846
8846
8846
8086
8086
8086
8086
8086
8086
8086
8086
8086
8086
8086
8086
8086
8086
8086
8086
8086
8846
8846
8846
8846
8846
9494
9494
9494
9494
9494
8846
8846
8846
8846
8846
8086
8086
7598
7598
6804
7564
7564
7564
7564
8358
8358
7868
7868
7868
7868
7868
7868
8358
8358
8358
8846
8846
8846
8846
8846
8846
8846
8846
8846
8846
8846
8846
8356
8356
8846
8846
8846
8846
8846
8846
8846
8846
9494
9494
9494
9494
9494
9494
9004
9004
9004
9004
9004
9004
9004
9004
9004
9004
9004
8408
8408
8408
8408
8408
8408
8408
8408
8408
8408
8408
8408
8408
8408
7614
7614
7614
7614
7614
8408
8408
8898
8898
8898
8898
8898
8898
8898
8898
8898
8898
8898
8898
8898
8898
8898
8898
8898
8898
8898
8898
8898
8898
8898
8898
8898
8898
8898
8898
8898
8898
8898
8898
8898
8898
9494
9494
9494
9494
9494
9494
9494
9494
9494
9006
9006
9006
9006
9006
9006
9006
9494
9494
9494
9494
9494
9494
9494
9494
9494
9494
8690
8690
8690
8690
8690
8690
8690
8690
8690
8690
8690
9494
9494
9494
9494
9494
9494
9494
9494
9494
9494
9494
9494
8818
8818
8170
8170
8170
8170
8170
8170
8170
8818
8170
8170
7682
6888
6888
6888
6888
6888
6888
6888
7682
7682
7682
7682
8170
8170
8170
8170
8170
8170
8170
8818
8818
8818
8818
8818
8818
8818
8170
8846
8846
8846
8846
8846
8846
8846
8846
8846
8846
8846
8846
8846
8846
8846
8846
8846
8846
8846
8846
8846
8846
8846
8846
8846
8846
8846
8846
8846
8846
8846
8846
8846
8846
8846
8846
8846
8846
8846
8846
8846
8846
8846
8846
8846
8846
8846
8846
8846
8846
8846
8846
8846
8846
8846
8846
8846
8846
8846
8846
8846
8846
8846
8846
8846
8846
9494
9494
9494
9494
9494
9494
8898
8898
8898
8898
8898
8898
8898
8898
8898
9494
9494
9494
9494
9494
9494
9494
9494
9494
9494
9494
9494
9494
9494
9494
9494
9494
9494
9494
9494
8898
8898
8898
8898
8898
8898
8898
8898
8898
9494
9494
9494
9494
9494
9494
9494
9494
9494
9494
9494
9494
9494
8690
8690
8690
8690
8690
8690
8690
8690
8690
8690
8690
8690
8690
8690
8690
8690
8690
8690
8690
8690
8690
8690
8690
8690
8690
8690
8690
8690
8690
8690
8690
8042
8042
8042
8042
7554
7554
7554
7554
7554
7554
7554
7554
7554
7554
7554
7554
7554
7554
7554
8042
8042
8042
8042
8042
8042
8042
8042
7552
7552
7552
7552
7552
7552
7552
8042
8846
8846
8846
8846
8846
8846
8846
8846
8846
8846
8846
8846
8846
8846
8846
8846
8846
8846
8846
8846
8846
8846
8846
8846
8846
8846
8846
8846
8846
8846
9494
9494
9494
9494
9494
9494
9494
8846
8846
8846
8846
8846
8846
8846
8846
8846
8846
8846
8846
8846
8846
8846
8846
9494
9494
9494
9494
9494
9494
9494
9494
9494
9494
9494
9494
9494
9494
9494
9494
9494
9494
9494
9494
9494
9494
9494
9494
9494
9494
9494
9494
9494
9494
9494
9494
9494
9494
9494
9494
9494
9494
9494
9494
9494
9494
9494
9494
9494
9004
9004
9494
9494
9494
9494
9494
9494
9494
9494
9494
9494
9494
9494
9494
9494
9494
9494
9494
9494
9494
9494
9494
9494
9494
9494
9494
9494
9494
9494
9494
9494
9494
9494
9494
9494
9494
9494
9494
9494
8846
8846
8846
8846
8846
8846
8846
8846
8846
9494
9494
9494
9494
9494
9494
9494
9494
9494
9494
9494
9494
9494
9494
9494
9494
9494
9494
9494
8846
8846
9494
9494
9494
9494
9494
9494
9494
9494
9494
9494
9494
9494
9494
9494
9494
9494
9494
9494
9494
9494
9494
9494
9494
9494
9494
9494
9494
9494
9494
9494
9494
9494
9494
9494
9494
9494
9494
9494
9494
9494
9494
9494
9494
9494
8622
8622
8622
8622
8622
8622
8622
8622
8622
9494
9494
9494
9494
9494
9494
9494
9494
9494
9494
9494
9494
9494
9494
9494
9494
9494
9494
9494
9494
9494
9494
9494
9494
9494
9494
9494
9494
9494
9494
9004
9004
9004
9004
8328
8328
8328
8328
8328
8328
8328
8328
8328
8328
8328
8328
8328
8328
8328
8328
9004
9004
9004
9004
9004
9004
9494
9494
9494
9494
9494
9494
9494
9494
9494
9494
9494
9494
9494
9494
9494
9494
9494
9494
9494
9494
9494
9494
9494
9494
9494
9494
9494
9494
9494
9494
9004
9004
9004
9004
9004
9004
9004
9004
9004
9004
9004
9004
9004
9004
9004
9004
9004
9494
9494
9494
9494
9494
9494
9494
9494
9494
9494
9494
9494
9494
9494
9494
9494
9494
9494
9494
9494
9494
9494
9494
9494
9494
9494
9494
9494
9494
9494
9494
9494
9494
9494
9494
9494
9494
9494
9494
9494
9004
9004
9004
9004
9004
9004
9004
9004
9004
9004
9004
9004
9494
9494
9494
9494
9494
9494
9494
9494
9494
9494
9494
9494
9494
9494
9494
9494
9494
9494
9494
9494
9494
9494
9494
8818
8818
8818
8818
8818
8818
8818
8818
8818
8818
8818
8818
8818
8818
8818
8818
8818
8818
8818
8818
8818
8818
8818
8818
8818
9494
9494
9494
9494
9494
9494
9494
9494
9494
9494
9494
9494
9494
9494
9494
9494
9494
8818
8818
8818
8818
8818
8818
8170
8170
8170
8170
8170
8170
8170
8170
8170
8170
8170
8170
8170
8170
8170
8170
8170
8170
8170
8170
8818
8818
8818
8818
8818
8818
8818
8818
8818
8818
8818
8818
8818
8818
8818
8818
8818
8818
8818
8818
8818
8818
8818
8818
8818
8818
8818
8818
8818
8818
8818
8818
8818
8818
8818
8818
8818
8818
8818
8818
8818
8818
8818
8818
9494
9494
9494
9494
9004
9004
9004
9004
9004
9004
9004
9494
9494
9494
9494
9494
9494
9494
9494
9494
9494
9494
9494
9494
9494
9494
9494
9494
9494
9494
9494
9494
9494
9494
9494
9494
9494
9494
9494
9494
9494
9494
9494
9494
9494
9494
9494
9494
9494
9494
9494
9494
9494
9494
9006
9006
9006
9006
9006
9006
9006
9006
9006
9006
9006
9006
9006
9006
9006
9006
9006
9494
9494
9494
9494
9494
9494
9494
9494
8846
8846
8846
8846
8846
8846
8846
8846
8846
8846
8846
8846
8846
8846
8846
9494
9494
9494
9494
9494
9494
9494
9494
9494
9494
9494
9494
9494
9494
9494
9494
9494
9494
9494
9494
9494
9494
9494
9494
9494
9494
9494
9494
9494
9494
9494
9494
9494
9494
9494
9494
9494
9494
9494
9494
9494
9494
9494
9494
9494
9494
9494
9494
9494
9494
9494
9494
9494
9494
9494
9494
9494
9494
9494
9494
9494
9494
9494
9494
9494
9494
9494
9494
9494
9494
9494
9494
9494
9494
9494
9494
9494
9494
9494
9494
9494
9494
9494
9494
9494
9494
9494
9494
9494
9494
9494
9494
9494
9494
9494
9494
9494
9494
9494
9494
9494
9494
9494
9494
9494
9494
9494
9494
8690
8690
8690
8690
8690
8690
8690
8690
8690
8690
9494
9494
9494
9494
9494
9494
9494
9494
9494
9494
9494
9494
9494
9494
9494
9494
9494
9494
9494
9494
9494
9494
9494
9494
9494
9494
9494
9494
9494
9494
9494
9494
9494
9494
9494
9494
9494
9494
9494
9494
9494
9494
9494
9494
9494
9494
9494
9494
9494
9494
9494
9494
9494
9494
9494
9494
9494
9494
9494
9494
9494
9494
9494
9494
9494
9494
9494
9494
9494
9494
9494
9494
9494
9494
9494
9494
9494
9494
9494
9494
9494
9494
9494
9494
9494
9494
9494
9004
9004
9004
9004
9004
9004
9494
9494
9494
9494
9494
9494
9494
9494
9494
9494
9494
9494
9494
9494
9494
9494
9494
9494
9494
9494
9494
9494
9494
9494
9494
9494
9494
9494
9494
9494
9494
9494
8898
8898
8898
8898
8898
8898
8898
8898
8898
8898
8898
8898
8898
8898
8898
8898
8898
8898
8898
8898
8898
8898
8898
8898
8898
8898
8898
8898
8898
8898
8898
8898
8898
8898
8898
8898
8898
8898
8898
8898
8898
8898
8898
8898
8898
8898
8898
8898
8898
8898
8898
8898
8898
8898
9494
9494
9494
9494
9494
9494
9494
9494
9494
9494
9494
9494
9494
9494
9494
9494
9494
9494
9494
9494
9494
9494
9494
9494
9494
9494
9494
9494
9494
9494
9494
9494
9494
9494
9494
9494
9494
9494
9494
9494
9494
9494
9494
9494
9494
9494
9494
9494
9494
9494
9494
9494
9494
9494
9494
9494
9494
9494
9494
9494
9494
9494
9494
9494
9494
9494
9494
9494
9494
9494
9494
9494
9494
9494
9494
9494
9494
9494
9494
9494
9494
9494
9494
9494
9494
9494
9494
9494
9494
9494
9494
9494
9494
9494
9494
9494
9494
9494
9494
9494
9494
9494
9494
9494
9494
9494
9494
9494
9494
9494
9494
9494
9494
9494
9494
9494
9494
9494
9494
9494
9494
9494
9494
9494
9494
9494
9494
9494
9494
9494
9494
9494
9494
9494
9494
9494
9494
9494
9494
9494
9494
9494
9494
9494
9494
9494
9494
9494
9494
9494
9494
9494
9494
9494
9494
9494
9494
9494
8898
8898
8898
8898
8898
8898
8898
8898
8898
9494
9494
9494
9494
9494
9494
9494
9494
9494
9494
9494
9494
9494
9494
9494
9494
9494
9494
9494
9494
9494
9494
9494
9494
9494
9494
9494
9494
9494
9494
9494
9494
9494
9494
9494
9494
9494
9494
9494
9494
9494
9494
9494
9494
9494
9494
9494
9494
9494
9494
9494
9494
9494
9494
9494
9494
9494
9494
9494
9494
9494
9494
9494
9494
9494
9494
9494
9494
9494
9494
9494
9494
9494
9494
9494
9494
9494
9494
9494
9494
9494
9494
9494
9494
9494
9494
9494
9494
9494
9494
9494
9494
9494
9494
9494
9494
9494
9494
9494
9494
9494
9494
9494
9494
9494
9494
9494
9494
9494
9494
9494
9494
9494
9494
9494
9494
9494
9494
9494
9494
9494
9494
9494
9494
9494
9004
9004
8408
8408
8408
8408
8408
8408
8408
8408
8408
8408
8408
8408
8408
8408
8408
8408
8408
8408
8408
8408
8408
8408
8408
8408
8408
8408
8408
8408
8408
8408
8408
8408
8408
8408
8408
8408
8408
8408
8408
8408
8408
8408
8408
8408
8408
8408
8408
8408
8408
8408
8408
8408
8898
8898
8898
8222
8222
8222
8222
8222
8222
8222
8222
8222
8222
8222
8222
8222
8222
8818
8818
8818
8818
8818
8818
8818
8818
8818
8818
8818
8818
8818
8818
8818
8818
8818
8818
8818
8818
8818
8818
8818
8818
8818
8818
9494
9494
9494
9494
9494
9494
9494
9494
9494
9494
9494
9494
9494
9494
9494
9494
9494
9494
9494
9494
9494
9494
9494
9494
9494
9494
9494
9494
9494
9494
9494
9494
9494
9494
9494
9494
9494
9494
9494
9494
9494
9494
9494
9494
9494
9494
9494
9494
9494
9494
9494
9494
9494
9494
9494
9494
9494
9494
9494
9494
9494
9494
9494
9494
9494
9494
9494
9494
9494
9494
9494
9494
9494
9494
9494
9494
9494
9494
9494
9494
9494
9494
9494
9494
9494
9494
9494
9494
9494
9494
9494
9494
9494
9494
9494
9494
9494
9494
9494
9494
9494
9494
9494
9494
9494
9494
9494
9494
9494
9494
9494
9494
9494
9494
9494
9494
9494
9494
9494
9494
9494
9494
9494
9494
9494
9494
9494
9494
9494
9494
9494
9494
9494
9494
9494
9494
9494
9494
9494
9494
9494
9494
9494
9494
9494
9494
9494
9494
9494
9494
9494
9494
9494
9494
9494
9494
9494
9494
9494
9494
9494
9494
9494
9494
9494
9494
9494
9494
9494
9494
9494
9494
9494
9494
9494
9494
9494
9494
9494
9494
9494
9494
9494
9494
9494
9494
9494
9494
9494
9494
9494
9494
9494
9494
9494
9494
9494
9494
9494
9494
9494
9494
9494
9494
9494
9494
9494
9494
9494
9494
9494
9494
9494
9494
9494
9494
9494
9494
9494
9494
9494
9494
9494
9494
9494
9494
9494
9494
9494
9494
9494
9494
9494
9494
9494
9494
9494
9494
9494
9494
9494
9494
9494
9494
9494
9494
9494
9494
9494
9494
9494
9494
9494
9494
9494
9494
9494
9494
9494
9494
9494
9494
9494
9494
9494
9494
9494
9494
9494
9494
9494
9494
9494
9494
9494
9494
9494
9494
9494
9494
9494
9494
9494
9494
9494
9494
9494
9494
9494
9494
9494
9494
9494
9494
9494
9494
9494
9494
9494
9494
9494
9494
9494
9494
9494
9494
9494
9494
9494
9494
9494
9494
9494
9494
9494
9494
9494
9494
9494
9494
9494
9494
9494
9494
9494
9494
9494
9494
9494
9494
9494
9494
9494
9494
9494
9494
9494
9494
9494
9494
9494
9494
9494
9494
9494
9494
9494
9494
9494
9494
9494
9494
9494
9494
9494
9494
9494
9494
9494
9494
9494
9494
9494
9494
9494
9494
9494
9494
9494
9494
9494
9494
9494
9494
9494
9494
9494
9494
9494
9494
9494
9494
9494
9494
9494
9494
9494
9494
9494
9494
9494
9494
9494
9494
9494
9494
9494
9494
9494
9494
9494
9494
9494
9494
9494
9494
9494
9494
9494
9494
9494
9494
9494
9494
9494
9494
9494
9494
9494
9494
9494
9494
9006
9006
9006
9006
9006
9006
9006
9494
9494
9494
9494
9494
9494
9494
9494
9494
9494
9494
9494
9494
9494
9494
9494
9494
9494
9494
9494
9494
9494
9494
9494
9494
9494
9494
9494
9494
9494
9494
9494
9494
9494
9494
9494
9494
9494
9494
9494
9494
9494
9494
9494
9494
9494
9494
9494
9494
9494
9494
9494
9494
9494
9494
9494
9494
9494
9494
9494
9494
9494
9494
9494
9494
9494
9494
9494
9494
9494
9494
9494
9494
9494
9494
9494
9494
9494
9494
9494
9494
9494
9494
9494
9494
9494
9494
9494
9494
9494
9494
9494
9494
9494
9494
9494
9494
9494
9494
9494
9494
9494
9494
9494
9494
9494
9494
9494
9494
9494
9494
9494
9494
9494
9494
9494
9494
9494
9494
9494
9494
9494
9494
9494
9494
9494
9494
9494
9494
9494
9494
9494
9494
9494
9494
9494
9494
9494
9494
9494
9494
9494
9494
9494
9494
9494
9494
9494
9494
9494
9494
9494
9494
9494
9494
9494
9494
9494
9494
9494
9494
9494
9494
9494
9494
9494
9494
9494
9494
9494
9494
9494
9494
9494
9494
9494
9494
9494
9494
9494
9494
9494
9494
9494
9494
9494
9494
9494
9494
9494
9494
9494
9494
9494
9494
9494
9494
9494
9494
9494
9494
9494
9494
9494
9494
9494
9494
9494
9494
9494
9494
9494
9494
9494
9494
9494
9494
9494
9494
9494
9494
9494
9494
9494
9494
9494
9494
9494
9494
9494
9494
9494
9494
9494
9494
9494
9494
9494
9494
9494
9494
9494
9494
9494
9494
9494
9494
9494
9494
9494
9494
9494
9494
9494
9494
9494
9494
9494
9494
9494
9494
9494
9494
9494
9494
9494
9494
9494
9494
9494
9494
9494
9494
9494
9494
9494
9494
9494
9494
9494
9494
9494
9494
9494
9494
9494
9494
9494
9494
9494
9494
9494
9494
9494
9494
9494
9494
9494
9494
9494
9494
9494
9494
9494
9494
9494
9494
9494
9494
9494
9494
9494
9494
9494
9494
9494
9494
9494
9494
9494
9494
9494
9494
9494
9494
9494
9494
9494
9494
9494
9494
9494
9494
9494
9494
9494
9494
9494
9494
9494
9494
9494
9494
9494
9494
9494
9494
9494
9494
9494
9494
9494
9494
9494
9494
9494
9494
9494
9494
9494
9494
9494
9494
9494
9494
9494
9494
9494
9494
9494
9494
9494
9494
9494
9494
9494
9494
9494
9494
9494
9494
9494
9494
9494
9494
9494
9494
9494
9494
9494
9494
9494
9494
9494
9494
9494
9494
9494
9494
9494
9494
9494
9494
9494
9494
9494
9494
9494
9494
9494
9494
9494
9494
9494
9494
9494
9494
9494
9494
9494
9494
9494
9494
9494
9494
9494
9494
9494
9494
9494
9494
9494
9494
9494
9494
9494
9494
9494
9494
9494
9494
9494
9494
9494
9494
9494
9494
9494
9494
9494
9494
9494
9494
9494
9494
9494
9494
9494
9494
9494
9494
9494
9494
9494
9494
9494
9494
9494
9494
9494
9494
9494
9494
9494
9494
9494
9494
9494
9494
9494
9494
9494
9494
9494
9494
9494
9494
9494
9494
9494
9494
9494
9494
9494
9494
9494
9494
9494
9494
9494
9494
9494
9494
9494
9494
9494
9494
9494
9494
9494
9494
9494
9494
9494
9494
9494
9494
9494
9494
9494
9494
9494
9494
9494
9494
9494
9494
9494
9494
9494
9494
9494
9494
9494
9494
9494
9494
9494
9494
9494
9494
9494
9494
9494
9494
9494
9494
9494
9494
9494
9494
9494
9494
9494
9494
9494
9494
9494
9494
9494
9494
9494
9494
9494
9494
9494
9494
9494
9494
9494
9494
9494
9494
9494
9494
9494
9494
9494
9494
9494
9494
9494
9494
9494
9494
9494
9494
9494
9494
9494
9494
9494
9494
9494
9494
9494
9494
9494
9494
9494
9494
9494
9494
9494
9494
9494
9494
9494
9494
9494
9494
9494
9494
9494
9494
9494
9494
9494
9494
9494
9494
9494
9494
9494
9494
9494
9494
9494
9494
9494
9494
9494
9494
9494
9494
9494
9494
9494
9494
9494
9494
9494
9494
9494
9494
9494
9494
9494
9494
9494
9494
9494
9494
9494
9494
9494
9494
9494
9494
9494
9494
9494
9494
9494
9494
9494
9494
9494
9494
9494
9494
9494
9494
9494
9494
9494
9494
9494
9494
9494
9494
9494
9494
9494
9494
9494
9494
9494
9494
9494
9494
9494
9494
9494
9494
9494
9494
9494
9494
9494
9494
9494
9494
9494
9494
9494
9494
9494
9494
9494
9494
9494
9494
9494
9494
9494
9494
9494
9494
9494
9494
9494
9494
9494
9494
9494
9494
9494
9494
9494
9494
9494
9494
9494
9494
9494
9494
9494
9494
9494
9494
9494
9494
9494
9494
9494
9494
9494
9494
9494
9494
9494
9494
9494
9494
9494
9494
9494
9494
9494
9494
9494
9494
9494
9494
9494
9494
9494
9494
9494
9494
9494
9494
9494
9494
9494
9494
9494
9494
9494
9494
9494
9494
9494
9494
9494
9494
9494
9494
9494
9494
9494
9494
9494
9494
9494
9494
9494
9494
9494
9494
9494
9494
9494
9494
9494
9494
9494
9494
9494
9494
9494
9494
9494
9494
9494
9494
9494
9494
9494
9494
9494
9494
9494
9494
9494
9494
9494
9494
9494
9494
9494
9494
9494
9494
9494
9494
9494
9494
9494
9494
9494
9494
9494
9494
9494
9494
9494
9494
9494
9494
9494
9494
9494
9494
9494
9494
9494
9494
9494
9494
9494
9494
9494
9494
9494
9494
9494
9494
9494
9494
9494
9494
9494
9494
9494
9494
9494
9494
9494
9494
9494
9494
9494
9494
9494
9494
9494
9494
9494
9494
9494
9494
9494
9494
9494
9494
9494
9494
9494
9494
9494
9494
9494
9494
9494
9494
9494
9494
9494
9494
9494
9494
9494
9494
9494
9494
9494
9494
9494
9494
9494
9494
9494
9494
9494
9494
9494
9494
9494
9494
9494
9494
9494
9494
9494
9494
9494
9494
9494
9494
9494
9494
9494
9494
9494
9494
9494
9494
9494
9494
9494
9494
9494
9494
9494
9494
9494
9494
9494
9494
9494
9494
9494
9494
9494
9494
9494
9494
9494
9494
9494
9494
9494
9494
9494
9494
9494
9494
9494
9494
9494
9494
9494
9494
9494
9494
9494
9494
9494
9494
9494
9494
9494
9494
9494
9494
9494
9494
9494
9494
9494
9494
9494
9494
9494
9494
9494
9494
9494
9494
9494
9494
9494
9494
9494
9494
9494
9494
9494
9494
9494
9494
9494
9494
9494
9494
9494
9494
9494
9494
9494
9494
9494
9494
9494
9494
9494
9494
9494
9494
9494
9494
9494
9494
9494
9494
9494
9494
9494
9494
9494
9494
9494
9494
9494
9494
9494
9494
9494
9494
9494
9494
9494
9494
9494
9494
9494
9494
9494
9494
9494
9494
9494
9494
9494
9494
9494
9494
9494
9494
9494
9494
9494
9494
9494
9494
9494
9494
9494
9494
9494
9494
9494
9494
9494
9494
9494
9494
9494
9494
9494
9494
9494
9494
9494
9494
9494
9494
9494
9494
9494
9494
9494
9494
9494
9494
9494
9494
9494
9494
9494
9494
9494
9494
9494
9494
9494
9494
9494
9494
9494
9494
9494
9494
9494
9494
9494
9494
9494
9494
9494
9494
9494
9494
9494
9494
9494
9494
9494
9494
9494
9494
9494
9494
9494
9494
9494
9494
9494
9494
9494
9494
9494
9494
9494
9494
9494
9494
9494
9494
9494
9494
9494
9494
9494
9494
9494
9494
9494
9494
9494
9494
9494
9494
9494
9494
9494
9494
9494
9494
9494
9494
9494
9494
9494
9494
9494
9494
9494
9494
9494
9494
9494
9494
9494
9494
9494
9494
9494
9494
9494
9494
9494
9494
9494
9494
9494
9494
9494
9494
9494
9494
9494
9494
9494
9494
9494
9494
9494
9494
9494
9494
9494
9494
9494
9494
9494
9494
9494
9494
9494
9494
9494
9494
9494
9494
9494
9494
9494
9494
9494
9494
9494
9494
9494
9494
9494
9494
9494
9494
9494
9494
9494
9494
9494
9494
9494
9494
9494
9494
9494
9494
9494
9494
9494
9494
9494
9494
9494
9494
9494
9494
9494
9494
9494
9494
9494
9494
9494
9494
9494
9494
9494
9494
9494
9494
9494
9494
9494
9494
9494
9494
9494
9494
9494
9494
9494
9494
9494
9494
9494
9494
9494
9494
9494
9494
9494
9494
9494
9494
9494
9494
9494
9494
9494
9494
9494
9494
9494
9494
9494
9494
9494
9494
9494
9494
9494
9494
9494
9494
9494
9494
9494
9494
9494
9494
9494
9494
9494
9494
9494
9494
9494
9494
9494
9494
9494
9494
9494
9494
9494
9494
9494
9494
9494
9494
9494
9494
9494
9494
9494
9494
9494
9494
9494
9494
9494
9494
9494
9494
9494
9494
9494
9494
9494
9494
9494
9494
9494
9494
9494
9494
9494
9494
9494
9494
9494
9494
9494
9494
9494
9494
9494
9494
9494
9494
9494
9494
9494
9494
9494
9494
9494
9494
9494
9494
9494
9494
9494
9494
9494
9494
9494
9494
9494
9494
9494
9494
9494
9494
9494
9494
9494
9494
9494
9494
9494
9494
9494
9494
9494
9494
9494
9494
9494
9494
9494
9494
9494
9494
9494
9494
9494
9494
9494
9494
9494
9494
9494
9494
9494
9494
9494
9494
9494
9494
9494
9494
9494
9494
9494
9494
9494
9494
9494
9494
9494
9494
9494
9494
9494
9494
9494
9494
9494
9494
9494
9494
9494
9494
9494
9494
9494
9494
9494
9494
9494
9494
9494
9494
9494
9494
9494
9494
9494
9494
9494
9494
9494
9494
9494
9494
9494
9494
9494
9494
9494
9494
9494
9494
9494
9494
9494
9494
9494
9494
9494
9494
9494
9494
9494
9494
9494
9494
9494
9494
9494
9494
9494
9494
9494
9494
9494
9494
9494
9494
9494
9494
9494
9494
9494
9494
9494
9494
9494
9494
9494
9494
9494
9494
9494
9494
9494
9494
9494
9494
9494
9494
9494
9494
9494
9494
9494
9494
9494
9494
9494
9494
9494
9494
9494
9494
9494
9494
9494
9494
9494
9494
9494
9494
9494
9494
9494
9494
9494
9494
9494
9494
9494
9494
9494
9494
9494
9494
9494
9494
9494
9494
9494
9494
9494
9494
9494
9494
9494
9494
9494
9494
9494
9494
9494
9494
9494
9494
9494
9494
9494
9494
9494
9494
9494
9494
9494
9494
9494
9494
9494
9494
9494
9494
9494
9494
9494
9494
9494
9494
9494
9494
9494
9494
9494
9494
9494
9494
9494
9494
9494
9494
9494
9494
9494
9494
9494
9494
9494
9494
9494
9494
9494
9494
9494
9494
9494
9494
9494
9494
9494
9494
9494
9494
9494
9494
9494
9494
9494
9494
9494
9494
9494
9494
9494
9494
9494
9494
9494
9494
9494
9494
9494
9494
9494
9494
9494
9494
9494
9494
9494
9494
9494
9494
9494
9494
9494
9494
9494
9494
9494
9494
9494
9494
9494
9494
9494
9494
9494
9494
9494
9494
9494
9494
9494
9494
9494
9494
9494
9494
9494
9494
9494
9494
9494
9494
9494
9494
9494
9494
9494
9494
9494
9494
9494
9494
9494
9494
9494
9494
9494
9494
9494
9494
9494
9494
9494
9494
9494
9494
9494
9494
9494
9494
9494
9494
9494
9494
9494
9494
9494
9494
9494
9494
9494
9494
9494
9494
9494
9494
9494
9494
9494
9494
9494
9494
9494
9494
9494
9494
9494
9494
9494
9494
9494
9494
9494
9494
9494
9494
9494
9494
9494
9494
9494
9494
9494
9494
9494
9494
9494
9494
9494
9494
9494
9494
9494
9494
9494
9494
9494
9494
9494
9494
9494
9494
9494
9494
9494
9494
9494
9494
9494
9494
9494
9494
9494
9494
9494
9494
9494
9494
9494
9494
9494
9494
9494
9494
9494
9494
9494
9494
9494
9494
9494
9494
9494
9494
9494
9494
9494
9494
9494
9494
9494
9494
9494
9494
9494
9494
9494
9494
9494
9494
9494
9494
9494
9494
9494
9494
9494
9494
9494
9494
9494
9494
9494
9494
9494
9494
9494
9494
9494
9494
9494
9494
9494
9494
9494
9494
9494
9494
9494
9494
9494
9494
9494
9494
9494
9494
9494
9494
9494
9494
9494
9494
9494
9494
9494
9494
9494
9494
9494
9494
9494
9494
9494
9494
9494
9494
9494
9494
9494
9494
9494
9494
9494
9494
9494
9494
9494
9494
9494
9494
9494
9494
9494
9494
9494
9494
9494
9494
9494
9494
9494
9494
9494
9494
9494
9494
9494
9494
9494
9494
9494
9494
9494
9494
9494
9494
9494
9494
9494
9494
9494
9494
9494
9494
9494
9494
9494
9494
9494
9494
9494
9494
9494
9494
9494
9494
9494
9494
9494
9494
9494
9494
9494
9494
9494
9494
9494
9494
9494
9494
9494
9494
9494
9494
9494
9494
9494
9494
9494
9494
9494
9494
9494
9494
9494
9494
9494
9494
9494
9494
9494
9494
9494
9494
9494
9494
9494
9494
9494
9494
9494
9494
9494
9494
9494
9494
9494
9494
9494
9494
9494
9494
9494
9494
9494
9494
9494
9494
9494
9494
9494
9494
9494
9494
9494
9494
9494
9494
9494
9494
9494
9494
9494
9494
9494
9494
9494
9494
9494
9494
9494
9494
9494
9494
9494
9494
9494
9494
9494
9494
9494
9494
9494
9494
9494
9494
9494
9494
9494
9494
9494
9494
9494
9494
9494
9494
9494
9494
9494
9494
9494
9494
9494
9494
9494
9494
9494
9494
9494
9494
9494
9494
9494
9494
9494
9494
9494
9494
9494
9494
9494
9494
9494
9494
9494
9494
9494
9494
9494
9494
9494
9494
9494
9494
9494
9494
9494
9494
9494
9494
9494
9494
9494
9494
9494
9494
9494
9494
9494
9494
9494
9494
9494
9494
9494
9494
9494
9494
9494
9494
9494
9494
9494
9494
9494
9494
9494
9494
9494
9494
9494
9494
9494
9494
9494
9494
9494
9494
9494
9494
9494
9494
9494
9494
9494
9494
9494
9494
9494
9494
9494
9494
9494
9494
9494
9494
9494
9494
9494
9494
9494
9494
9494
9494
9494
9494
9494
9494
9494
9494
9494
9494
9494
9494
9494
9494
9494
9494
9494
9494
9494
9494
9494
9494
9494
9494
9494
9494
9494
9494
9494
9494
9494
9494
9494
9494
9494
9494
9494
9494
9494
9494
9494
9494
9494
9494
9494
9494
9494
9494
9494
9494
9494
9494
9494
9494
9494
9494
9494
9494
9494
9494
9494
9494
9494
9494
9494
9494
9494
9494
9494
9494
9494
9494
9494
9494
9494
9494
9494
9494
9494
9494
9494
9494
9494
9494
9494
9494
9494
9494
9494
9494
9494
9494
9494
9494
9494
9494
9494
9494
9494
9494
9494
9494
9494
9494
9494
9494
9494
9494
9494
9494
9494
9494
9494
9494
9494
9494
9494
9494
9494
9494
9494
9494
9494
9494
9494
9494
9494
9494
9494
9494
9494
9494
9494
9494
9494
9494
9494
9494
9494
9494
9494
9494
9494
9494
9494
9494
9494
9494
9494
9494
9494
9494
9494
9494
9494
9494
9494
9494
9494
9494
9494
9494
9494
9494
9494
9494
9494
9494
9494
9494
9494
9494
9494
9494
9494
9494
9494
9494
9494
9494
9494
9494
9494
9494
9494
9494
9494
9494
9494
9494
9494
9494
9494
9494
9494
9494
9494
9494
9494
9494
9494
9494
9494
9494
9494
9494
9494
9494
9494
9494
9494
9494
9494
9494
9494
9494
9494
9494
9494
9494
9494
9494
9494
9494
9494
9494
9494
9494
9494
9494
9494
9494
9494
9494
9494
9494
9494
9494
9494
9494
9494
9494
9494
9494
9494
9494
9494
9494
9494
9494
9494
9494
9494
9494
9494
9494
9494
9494
9494
9494
9494
9494
9494
9494
9494
9494
9494
9494
9494
9494
9494
9494
9494
9494
9494
9494
9494
9494
9494
9494
9494
9494
9494
9494
9494
9494
9494
9494
9494
9494
9494
9494
9494
9494
9494
9494
9494
9494
9494
9494
9494
9494
9494
9494
9494
9494
9494
9494
9494
9494
9494
9494
9494
9494
9494
9494
9494
9494
9494
9494
9494
9494
9494
9494
9494
9494
9494
9494
9494
9494
9494
9494
9494
9494
9494
9494
9494
9494
9494
9494
9494
9494
9494
9494
9494
9494
9494
9494
9494
9494
9494
9494
9494
9494
9494
9494
9494
9494
9494
9494
9494
9494
9494
9494
9494
9494
9494
9494
9494
9494
9494
9494
9494
9494
9494
9494
9494
9494
9494
9494
9494
9494
9494
9494
9494
9494
9494
9494
9494
9494
9494
9494
9494
9494
9494
9494
9494
9494
9494
9494
9494
9494
9494
9494
9494
9494
9494
9494
9494
9494
9494
9494
9494
9494
9494
9494
9494
9494
9494
9494
9494
9494
9494
9494
9494
9494
9494
9494
9494
9494
9494
9494
9494
9494
9494
9494
9494
9494
9494
9494
9494
9494
9494
9494
9494
9494
9494
9494
9494
9494
9494
9494
9494
9494
9494
9494
9494
9494
9494
9494
9494
9494
9494
9494
9494
9494
9494
9494
9494
9494
9494
9494
9494
9494
9494
9494
9494
9494
9494
9494
9494
9494
9494
9494
9494
9494
9494
9494
9494
9494
9494
9494
9494
9494
9494
9494
9494
9494
9494
9494
9494
9494
9494
9494
9494
9494
9494
9494
9494
9494
9494
9494
9494
9494
9494
9494
9494
9494
9494
9494
9494
9494
9494
9494
9494
9494
9494
9494
9494
9494
9494
9494
9494
9494
9494
9494
9494
9494
9494
9494
9494
9494
9494
9494
9494
9494
9494
9494
9494
9494
9494
9494
9494
9494
9494
9494
9494
9494
9494
9494
9494
9494
9494
9494
9494
9494
9494
9494
9494
9494
9494
9494
9494
9494
9494
9494
9494
9494
9494
9494
9494
9494
9494
9494
9494
9494
9494
9494
9494
9494
9494
9494
9494
9494
9494
9494
9494
9494
9494
9494
9494
9494
9494
9494
9494
9494
9494
9494
9494
9494
9494
9494
9494
9494
9494
9494
9494
9494
9494
9494
9494
9494
9494
9494
9494
9494
9494
9494
9494
9494
9494
9494
9494
9494
9494
9494
9494
9494
9494
9494
9494
9494
9494
9494
9494
9494
9494
9494
9494
9494
9494
9494
9494
9494
9494
9494
9494
9494
9494
9494
9494
9494
9494
9494
9494
9494
9494
9494
9494
9494
9494
9494
9494
9494
9494
9494
9494
9494
9494
9494
9494
9494
9494
9494
9494
9494
9494
9494
9494
9494
9494
9494
9494
9494
9494
9494
9494
9494
9494
9494
9494
9494
9494
9494
9494
9494
9494
9494
9494
9494
9494
9494
9494
9494
9494
9494
9494
9494
9494
9494
9494
9494
9494
9494
9494
9494
9494
9494
9494
9494
9494
9494
9494
9494
9494
9494
9494
9494
9494
9494
9494
9494
9494
9494
9494
9494
9494
9494
9494
9494
9494
9494
9494
9494
9494
9494
9494
9494
9494
9494
9494
9494
9494
9494
9494
9494
9494
9494
9494
9494
9494
9494
9494
9494
9494
9494
9494
9494
9494
9494
9494
9494
9494
9494
9494
9494
9494
9494
9494
9494
9494
9494
9494
9494
9494
9494
9494
9494
9494
9494
9494
