3973
3973
4000
4338
4040
4041
4041
3930
3930
3831
3451
3610
3990
4038
4282
4580
4183
4184
4586
4044
3885
3561
3561
3316
2802
2802
3316
3858
4182
4181
4181
3857
4102
3588
3344
2942
3186
3510
3510
3621
3185
3582
3587
4023
4182
3802
3802
4182
4182
4181
4176
4176
4176
4017
4017
4116
4116
3719
4116
3574
3329
3302
2675
2675
2675
2920
3434
3435
3435
3440
3116
2719
2671
2235
2235
2124
1880
1928
2364
2766
3010
2496
2496
2820
2819
2819
2417
2418
2417
2931
3333
2995
2697
2452
2611
2612
2612
3239
2995
2996
2948
3246
2948
2948
3490
3887
4185
3805
3805
3805
3408
3006
3251
3251
3648
3489
3390
3728
3972
3536
3584
3583
3742
3742
3404
3159
3497
3449
3548
3389
3290
3401
2887
2882
2981
3140
3520
3956
3857
3519
4033
3922
3295
3540
3541
3541
2999
3110
2730
2730
2757
3137
2893
3231
3120
2796
3040
3364
3205
3253
3352
3979
3952
3708
3609
3095
3094
3094
3608
3608
3608
3608
3635
3746
3751
3413
3408
3810
4352
4352
4351
3954
3927
3927
3879
4038
4137
4138
3840
4084
3457
3462
3138
3039
3377
3476
3873
3873
4500
4495
4098
4099
4099
3663
3668
3716
4152
4053
4152
4179
4068
3526
3367
3367
3122
3095
3122
3446
3446
2819
2720
3262
3421
3421
3083
3082
3055
2675
2786
3183
3481
3079
2643
2670
2622
2617
2319
2946
2946
3382
3383
3383
3383
3388
3436
3277
3575
3527
3686
3172
2848
3250
3250
3223
3223
3561
3560
3560
3884
3983
3983
4228
3984
3984
3885
3880
3907
3955
4335
3793
3793
4335
4287
4287
3885
3561
3609
4123
4123
3687
3931
4030
3403
3292
3047
3047
3047
2999
3244
3249
3249
2852
3176
3573
3059
2721
2716
2336
2038
2336
2177
2288
2287
2667
2668
2288
1990
2288
2293
2182
2155
2154
2155
2493
2494
2494
2653
2315
2315
2342
2341
2242
2241
2241
2236
2574
3201
3202
3202
2904
3202
3202
3582
3258
3258
3357
3681
3681
4195
4306
4305
4707
4327
4328
4084
3570
3570
3028
2917
3161
3272
3272
3028
2690
2366
2371
2751
2751
3265
3589
3588
3588
3343
3045
3045
3046
3094
3094
3530
3530
3371
3371
3366
3042
3042
3042
2994
2883
3042
3042
2645
2756
2804
2368
2692
2937
2937
2937
3334
3632
3230
3235
3230
3203
2905
2932
2931
2931
2832
2508
2263
2268
2513
2915
2910
2283
2283
2719
3057
3057
3057
2655
2496
2469
2628
2580
2585
2585
2909
2936
2936
2909
3311
3311
3609
3498
3101
3128
3128
3755
3596
3597
3696
3696
3940
3696
3182
2937
2938
2937
2613
2613
2724
2725
2725
2884
2546
2435
2435
2408
2519
2916
2943
2991
2964
3478
3473
3473
3473
4015
4259
4504
4393
4294
4294
4299
4298
4409
4007
4034
4007
4345
4444
3902
3791
3411
3411
3522
3086
3038
3440
3043
2641
2965
2965
3362
3361
3361
3037
3038
3033
3413
3955
4279
4715
4335
4737
4785
4686
4442
4045
4072
4072
4072
3961
3961
4205
3961
3961
4072
4469
4470
4470
4146
4146
3749
4129
4228
4228
4129
3831
3493
3492
3493
3382
3720
3720
3964
4063
4063
4015
4063
4015
4014
3500
3500
3064
3069
3042
3037
3037
3473
3474
3474
3072
3396
3396
3444
3444
3106
3058
3058
3058
2734
2354
2868
2867
2868
2979
3303
2676
3056
3683
4021
4020
4020
3921
4323
4078
4177
3741
3768
3768
4165
3827
3668
3913
3286
3722
3722
4349
4250
4223
4223
4521
4522
4278
4278
4326
4081
4033
4032
4032
4276
3978
3351
3689
3688
3693
3693
3693
3693
3313
3314
3941
3941
3697
3697
3300
3544
3544
3433
3433
3433
3830
3830
3830
3506
3533
3532
3532
3533
3831
3804
3852
4097
3695
4097
4477
4477
4041
4068
4167
4068
4068
4068
4068
4041
4152
4147
4148
4247
4199
4204
4528
4528
4687
4687
4687
4687
4389
4051
4051
3892
3892
3781
4217
4515
4674
4669
4668
4423
3909
3909
4020
4534
4534
4534
4779
4534
4872
4873
5118
5166
5055
5055
5055
5055
5082
5193
5193
4796
4551
4550
4451
4292
4048
3646
3805
3904
3904
3904
3904
3904
3904
3277
3229
3229
3130
2971
2457
2456
2457
2854
2530
2629
2629
2232
2232
2231
2232
2232
2232
2231
2120
2168
2168
2413
2572
2572
3086
3086
3087
3484
3104
3104
2806
2806
3186
3087
3087
3087
3411
3166
3139
2980
2980
2980
3224
3223
3223
3223
2826
2831
2783
3185
3185
3296
3291
2855
2855
3153
3312
2770
2611
2273
2372
2372
2617
2622
2622
2960
3396
3396
3444
3841
3841
4468
4032
3921
4080
4622
4617
4617
4617
4372
4372
4213
3699
3699
3699
3704
3704
3731
3726
3627
3383
3384
3483
3919
3871
3982
3982
3982
3981
3986
3589
3833
4078
4078
3451
3499
3255
3010
3005
2906
2906
2907
2906
3065
3579
4206
4206
4450
4423
4668
4668
4557
4557
4557
4584
4981
4981
4933
4933
4933
4934
5033
5033
5144
5192
4948
4948
4900
4905
4905
4567
3940
3913
3914
3616
3457
3616
4243
3919
3918
3919
3377
3425
3749
3638
3936
3612
3936
3777
3729
4271
4271
3869
3327
3326
3570
3326
3326
3868
4206
4233
3853
4255
4010
4169
4010
4010
4169
4414
4462
4463
4125
3723
3287
2989
2941
2696
2691
3093
3093
3141
3042
3478
3478
3483
3483
3483
3081
3081
3326
3326
3326
3325
3277
3277
3277
3277
3657
3756
3756
3657
3768
3769
3769
3389
3389
3488
3377
3488
3487
3163
3136
2977
3301
2674
2972
2973
2972
2972
2972
3352
3979
3734
3734
3734
3729
3734
4072
3445
3445
3009
3009
3004
3631
3520
3520
3520
3679
3706
3705
3753
3758
3758
3869
3869
3710
3599
4001
4001
4001
3459
3432
3432
3868
3869
3531
3776
3728
3728
3839
3840
3438
3438
3980
3980
4382
4382
4381
4381
4083
4327
4327
4216
4211
4211
4212
3810
3810
3809
3968
3968
3644
3671
3426
3537
3585
3909
3810
3810
3810
4212
3670
3234
3234
3333
3285
3623
4165
4166
4166
4171
4171
4171
4171
4144
3747
3747
3367
3208
3453
3501
3898
3898
3893
3893
3892
3495
3157
3157
3158
3157
3184
3564
3565
3538
3538
3537
3536
3541
3700
3073
3073
3470
3471
2957
2858
2853
2952
2951
2792
3228
3526
3526
3228
3228
3387
3228
3228
3233
3234
2910
2905
2525
2525
2524
2848
2848
2848
2849
2850
2802
2961
2862
2889
2889
2889
2889
2889
2937
2395
2368
2124
2223
2064
2064
2069
2068
2227
2741
2339
2291
2833
2833
3460
3460
3024
3024
2925
2925
3169
3010
3412
3439
3438
3438
3194
3194
3492
2950
2553
2950
2951
3110
3490
3379
3427
3379
3379
3379
3379
3134
3107
3445
3690
3801
3690
3685
4121
4121
3823
3823
4121
4121
4148
4148
4259
4259
4801
5045
5045
5045
5045
5044
5092
4981
4822
4981
5092
5065
5017
5065
5065
5066
4821
4385
4821
4821
4820
4193
4194
3856
3856
3855
3855
3882
3558
3896
3558
3531
3531
3531
4158
4482
4434
4533
4534
4098
4097
4098
4146
3766
3771
3772
3613
3608
3608
3284
3185
3137
3136
3136
3136
3460
2833
3460
3459
3459
3459
3348
3728
3430
3541
3430
3431
3431
3107
3106
3106
3265
3510
3808
3809
3908
3908
4344
4344
4344
4371
4371
4371
4482
4483
4807
4812
4514
4514
4514
4415
4415
4414
4462
4065
4065
4065
4065
4064
4037
4032
4032
4032
4032
4032
4059
4397
4349
4349
4349
3913
4211
4052
4057
4057
4105
4502
4502
4601
4596
4082
3983
4082
4082
3983
3441
3983
3983
3988
3988
3877
3877
3878
3873
3873
3825
3824
3825
3873
3873
3873
3874
3629
3634
3634
3634
3586
3634
3879
4038
4011
3687
4011
4122
4122
3798
3798
3553
3553
3442
3441
3393
3388
3388
3415
3415
3415
3117
3116
3164
3275
3275
3275
3248
3137
2740
2740
2740
2741
2852
2741
2741
3065
3065
3065
3065
3164
3275
3573
3572
3577
3577
3466
3418
3466
3493
3394
3394
3830
3830
4344
4345
4345
4047
4047
4158
4157
4157
3721
3722
3821
3821
3822
3822
3774
3769
3658
3663
3663
3564
3564
3226
3226
3225
3622
4058
4303
4303
4303
4059
4170
4170
4059
3900
3900
4059
4059
4107
4445
4544
4164
4164
4159
4539
4539
4025
4024
4025
4269
4567
4678
4678
4678
5192
5193
5198
5198
5198
4860
4859
4811
4812
4812
4567
4468
4467
4467
4712
4198
4198
4198
4198
4297
4138
3736
3736
3784
3784
3779
3779
4117
4018
4018
3991
4393
4398
4398
4912
4912
5071
5071
5071
4960
4960
4959
4959
4959
4960
4418
4529
4556
4218
4059
4054
3943
3943
4102
3857
3857
4102
4107
4445
4043
4043
4043
4154
4154
4556
4551
4551
5093
4713
4277
3939
3939
3939
3912
4292
4292
4293
4293
4292
4291
4180
4185
4185
4185
4026
4026
3781
3808
3808
3760
3761
3760
3733
3489
3516
3952
4290
4290
4290
4338
4339
4041
4041
3993
3993
3993
3669
3664
3663
3664
3664
3712
3332
3331
3283
3331
3430
3430
3541
3542
3787
3792
3791
4035
4008
4008
3763
3922
3923
3950
3945
3701
3701
3945
3945
3918
3918
3870
3759
3764
4144
4144
4255
4255
4255
4255
4303
4303
4330
4331
3993
3749
3701
3674
3674
3272
3271
3609
3609
3067
3062
3062
3063
3063
3063
3062
3063
3308
3307
3306
3306
3307
3355
3355
3355
3355
3653
3653
3654
3654
3653
3653
3554
3554
3506
4048
4096
4096
4096
4096
4096
4340
4340
4340
4367
3970
3970
4069
4069
4042
4069
4068
4470
4471
4795
4393
4392
4392
4392
4094
4094
4067
3823
3664
3664
3691
3691
3691
3692
3692
3692
3593
3598
3571
3571
3968
4266
4266
4266
4510
4510
4510
4510
4509
4510
4510
4266
4266
4266
4021
3973
3635
3524
3524
3683
3682
3709
3709
3709
3709
3709
3710
3709
3709
3709
3682
3682
3781
4026
3646
3547
3302
3302
3302
3302
3302
3704
4084
4195
4195
4195
4195
4195
4196
4196
4196
4197
4296
4296
4296
4296
4296
4344
4344
4339
4583
4472
3958
3958
3958
3561
4075
3561
3958
3958
3958
3958
3963
4208
3828
3828
3828
3828
3827
3827
3503
3455
3482
3482
3482
3530
3910
3910
3751
3751
3724
3883
3910
3862
3862
3862
3763
3519
3520
3519
3519
3514
3514
4028
4028
4127
4127
4127
4132
4470
4465
4167
4008
4008
4306
4306
4306
4630
4306
4207
3909
4207
4306
4306
4305
4305
4305
4305
4305
4305
4305
4305
4629
4629
4634
4635
4635
4634
4607
4766
4766
4766
4761
4788
4352
4400
4400
4076
4076
4076
4077
4076
4076
4076
4400
4400
4241
4241
4677
4836
4836
4400
4301
4302
4275
4275
4030
4129
4156
4156
4129
4374
4374
4129
3970
3970
4406
4358
4469
4469
4469
4469
4469
4474
4469
4469
4370
4370
3828
4370
4369
4258
4258
4258
4502
4502
4503
4748
4859
4859
4859
4859
4859
4535
4536
4695
4695
4695
4794
4550
4550
4555
4158
4158
4158
4185
4509
4509
3995
3995
3995
3995
3995
3990
3990
3990
3363
3065
3692
3740
3740
3740
3641
3641
3641
3640
3640
3640
3641
3641
3593
3593
3593
4107
4107
4107
4107
4107
3948
3948
3948
3947
3947
4344
4392
4397
4641
4397
4286
4286
4286
4445
4440
4439
4550
4550
4439
4439
4115
3956
3956
4200
4200
4200
4200
4200
4359
4359
4332
4630
4471
4471
4423
4423
4423
4423
4423
4424
3910
3910
4424
4424
4424
4429
4477
4636
4637
4637
4636
4663
4663
4663
4663
4762
4762
4762
4761
4872
4574
4574
4574
4574
4236
4188
4512
4512
4512
4512
4512
4267
3753
3753
3753
3753
3753
3753
3753
3753
3753
4091
4091
4091
4091
4091
4091
4139
4139
4139
4139
4140
4140
4135
4135
4140
4139
4139
3895
3895
3895
3895
3895
4193
4193
4437
4951
4951
4951
4840
4841
4841
4841
4461
4137
4137
4461
4413
4793
4793
4793
4793
4793
4793
4455
4211
3697
3696
3696
4034
4034
3935
3935
4034
4007
4002
4002
4002
4002
4003
4517
4762
4762
4603
4603
4603
4630
4630
4874
4536
4536
4536
4536
4541
4442
4442
4437
4437
4442
4490
4166
4166
4277
4277
4277
4277
4277
4277
4278
4437
4437
4437
4432
4432
4405
4729
4729
4729
5067
5067
4670
4372
4372
4371
4470
4470
4470
4470
4497
4497
4252
4225
4230
4225
4225
4523
4523
4524
4524
4524
4476
4317
4365
4610
4096
4096
3772
3528
3555
3555
3952
4111
4111
4111
4111
4116
4116
4089
4089
4041
4041
4068
4068
4068
3770
3769
3670
3670
3670
3669
3768
3768
4012
3853
4151
4151
4124
3727
3727
4241
4565
4592
4481
4481
4481
4878
4878
5037
5085
5080
5080
5053
5053
5053
5053
5053
5053
5053
5053
5053
5053
5053
5053
5058
4899
4899
4900
4576
4576
4576
4576
4576
4571
4571
4571
4571
4571
4572
4572
4572
4896
4895
4895
4894
4899
4357
4258
4258
4417
4417
4417
4418
4529
4529
4370
4259
4259
4259
4370
4370
4370
4370
4370
4912
4912
5071
5071
4733
4622
4242
4243
4243
4243
4243
4243
4243
4243
4243
4243
4243
4243
4243
4243
4084
4084
4422
4449
4829
4828
4828
4828
4504
4504
4504
4504
4505
4505
4500
4500
4500
4500
4824
4824
4823
4934
4933
4933
4934
4939
4828
4828
4828
4828
4829
4828
4828
4829
4829
4824
4824
4823
4823
4823
4823
4823
4775
4874
4775
4775
4874
4874
4874
4874
4874
4985
4990
4990
4990
4990
4990
4989
4989
4990
4990
4963
4963
4963
4963
4958
4957
4957
4957
4957
4957
5005
5032
4787
4787
4787
4760
4760
4919
4919
4760
4760
4760
4760
4760
4760
4760
4760
4760
4760
4760
4919
4919
4919
4919
4920
4920
4920
4920
4920
4921
4762
4921
4541
4541
4921
4920
4920
4920
4920
4920
4920
4920
4920
4821
4821
4821
4820
4919
4919
4919
4924
4813
4813
4813
4813
4813
4813
4813
4813
5058
5053
5053
5005
5005
5005
5005
4760
4760
4760
4760
4787
5032
4787
4787
4898
4898
4898
4899
4904
4904
4904
4904
4904
4904
4905
4878
4878
4878
4878
4878
4878
4878
4878
4878
4878
4878
4878
4877
4877
4878
4878
4905
4905
4878
4878
4878
4878
4878
4476
4476
4878
4878
4878
4878
4580
4580
4580
4628
4628
4655
4655
4275
4275
4270
4270
4270
4269
4269
4270
4270
4269
4221
4221
4221
4221
4222
4123
4096
4096
4095
4095
4096
4096
4096
4476
4476
4152
4200
4152
4152
4152
4157
4157
4152
4152
4179
4477
4722
4722
4722
4721
4769
4769
4525
4524
4524
4524
4524
4524
4525
4414
4415
4415
4415
4415
4388
4632
4632
4637
4637
4664
4637
4637
4637
4637
4636
4636
4636
4960
4960
5059
5059
5060
5060
5060
5059
5170
5170
5169
5121
5121
5121
5121
5148
5148
5148
5148
5148
5148
5148
5148
5148
5148
5148
5148
5148
5148
5196
5191
5191
5164
5164
5164
5164
5164
5164
5164
5165
5165
5165
5165
5165
5164
5164
5169
5169
5170
5170
5122
4824
4824
4824
4824
5122
5122
5149
5149
5149
5149
5149
5150
5150
5145
5145
5145
5145
5118
5118
5118
5166
5166
5166
5165
5192
5192
5192
5192
5144
5144
5144
5192
5192
5192
5165
5165
5165
5117
5117
5117
5117
5117
5122
5122
5122
5170
5170
5171
5170
5170
5165
5165
5165
5165
5165
5165
5165
5165
5165
5054
5054
5059
5059
5059
5059
5059
5059
4960
4960
4955
4955
4796
4801
4801
4801
4801
4912
4912
4912
4912
4912
4912
4912
4912
4907
4934
5033
5034
5034
5034
5193
5193
5193
5193
5193
5193
5193
4895
4895
4895
4895
4895
4895
4894
5192
5192
5192
5192
5191
5192
5197
5197
5197
5098
4939
4939
5098
5071
5170
5122
5122
5121
5121
5121
5122
5149
5149
5149
5149
5149
5144
5144
5144
5144
5117
5118
5117
5122
5122
5122
5117
5117
5117
5144
5144
5144
5144
5144
5144
5144
5145
5145
5145
5145
5150
5150
5150
5150
5123
5123
5012
5012
5012
4853
4964
4964
4964
4964
4964
4964
5123
5122
5122
5122
5170
5170
5170
5170
5059
5059
5170
5169
5196
5196
5196
5197
5197
5197
5170
5169
5169
5170
5170
5170
5170
5169
5196
5196
5148
5148
5143
5143
5143
5143
5143
5143
5143
5143
5143
5144
5144
5144
5145
5144
5144
5144
5192
5192
5081
5054
5054
5054
5054
4730
4757
4868
4873
4846
4846
4846
4846
4845
4845
4845
4845
5169
5169
5169
5170
5170
5170
5170
5165
5165
5054
5059
5059
5059
5059
5054
5006
5006
5006
5006
5006
5006
5006
5006
5006
4907
4907
4907
4748
4847
4847
4958
4958
4958
4958
4963
5011
4687
5011
5011
5006
5006
4958
4963
4963
4958
4958
4958
4958
5117
5117
5117
5117
5117
5117
5144
5144
5145
5118
5118
5118
5145
5145
5150
5150
5150
5150
5150
5198
5197
5197
5197
5197
5198
5099
5099
5099
5099
5099
4988
5087
5087
5087
5087
5087
4988
4988
4988
4988
4988
4961
4961
5060
5060
5060
5059
5059
5059
5059
5059
5060
5087
5087
5087
5087
5086
5086
5038
5011
4852
5011
5011
5011
5011
5010
5010
5121
5121
5121
5121
5116
5116
5116
5017
5017
5017
5018
5023
5023
5024
5051
5051
5050
5050
4891
4891
4891
4864
4863
4863
4863
4863
4962
4962
4962
4962
4962
4962
4962
4962
4963
4963
4963
4963
4962
4962
4962
5010
5010
5010
5010
5010
5010
5011
5010
5010
5011
5006
5165
5165
5165
5165
5165
5165
5164
5164
5164
5164
5005
5005
4681
4681
4681
4681
4681
4681
4681
4681
4681
4681
4682
4687
4687
4687
4687
4687
4687
4687
4687
4687
4714
4714
4714
4714
4714
4714
4615
4615
4615
4614
4614
4587
4588
4588
4587
4587
4587
4686
4686
5010
5010
5010
5010
5010
5037
5038
5038
4990
4990
5149
5149
5148
5148
5148
5148
5148
5148
5148
5149
5149
5149
5149
5149
5148
5148
5121
5121
5121
5121
5121
5121
5121
5116
5116
5143
5144
5144
5144
5144
5144
5149
5149
5149
5144
5144
5117
5117
5117
5117
5117
5117
5117
5117
5117
5117
5117
5117
5116
5116
5116
5116
5116
5116
5117
5117
5117
5117
5165
5165
5165
5165
5165
5165
5165
5165
5165
5165
5165
5165
5165
5054
5165
5164
5164
5164
5164
5164
5164
5164
5165
5165
5165
5165
5165
5165
5165
5164
5164
5164
5164
5164
5164
5164
5164
5164
5005
5164
5164
5164
5164
5065
5065
4954
4954
4955
4955
4955
4907
5006
5054
5054
5053
5053
5053
5053
5053
5080
5080
5080
5080
5080
5191
5192
5192
5192
5192
5193
5193
5193
5193
5193
5193
5193
5082
5082
5082
5082
5055
5055
5055
5060
5060
5060
5060
5060
5060
5060
5060
5060
4901
4901
4901
4901
4901
4928
4928
4928
4928
4928
4923
4875
4874
4873
4921
4921
5032
5033
5033
5033
5033
5033
5033
5033
5033
5038
5038
5038
5038
5197
5197
5197
5197
5198
5198
5198
5198
5198
5198
5198
5198
5198
5198
5198
5198
5171
5171
5171
5171
5171
5166
5007
4959
4959
4959
4959
4959
4986
4986
5145
5145
5145
5144
5144
5144
5117
5117
5117
5117
5117
5116
5116
5116
5121
5121
5121
5121
5121
5121
5121
5121
5121
5122
5149
5149
5149
5149
5149
5149
5149
5148
5149
5144
5144
5144
5145
5145
5145
5145
5034
5034
5039
5039
5039
5012
5012
5012
5060
5060
5059
5011
5011
4912
4912
4911
4911
4911
4911
4911
4911
4911
5022
5022
5022
5022
5017
5022
5022
5022
5022
5022
5022
5022
5022
5022
4778
5022
5017
5017
5017
5017
5116
5116
5117
5117
5117
5117
5118
5166
5118
5118
5118
5118
5118
5118
5118
5118
5118
5118
5118
5118
5118
5123
5123
5171
5171
5170
5170
5170
5170
5170
5170
5170
5170
5170
5170
5170
5170
5170
5165
5165
5164
5164
5165
5165
5006
5006
5006
5165
5165
5165
5192
5033
5033
5034
5034
5039
4794
4794
4794
4794
4794
4794
4794
4794
4794
4793
4793
4793
5038
5038
5039
5034
4935
4940
4940
4940
4940
4940
4940
4935
4935
4934
4934
4907
4907
4912
4912
4912
4912
4907
4907
5006
5006
5005
5010
5010
5010
5037
5037
5032
5191
5191
5191
5164
5164
5164
5164
5164
5164
5191
5191
5192
5191
5191
5191
5191
5191
5164
5164
5165
5165
5165
5165
5165
5166
5165
5054
5054
5054
5054
5054
5054
5054
5054
5081
5081
5081
5081
5081
5054
5054
5054
5054
5054
5054
5165
5165
5165
5164
5165
5165
5165
5165
5165
5166
5118
5118
5118
5145
5145
5145
5145
5145
5144
5144
5144
5144
5143
5116
5117
5117
5117
5165
5165
5165
5165
5165
5165
5192
5192
5192
5191
5191
5191
5192
5192
5192
5192
5192
5192
5192
5192
5193
5193
5193
5193
5193
5192
5192
5192
5192
5192
5192
5192
5192
5081
5081
5081
5081
5081
5081
5081
5086
5086
5086
5087
5087
5082
5082
5082
5082
5082
5082
5082
5193
5193
5193
5193
5193
5192
5192
5192
5192
5192
5192
5192
5191
5191
5192
5192
5197
5197
5197
5197
5197
5197
5197
5197
5197
5170
5170
5170
5122
5122
5170
5170
5170
5071
5071
5071
5170
5170
5170
5170
5170
5170
5170
5170
5170
5170
5170
5170
5170
5170
5169
5170
5170
5170
5169
5169
5169
5170
5170
5170
5170
5170
5170
5170
5170
5197
5197
5197
5197
5197
5197
5197
5197
5196
5196
5196
5196
5196
5196
5191
5191
5192
5192
5192
5192
5192
5192
5192
5192
5192
5192
5192
5192
5192
5192
5192
5192
5144
5144
5144
5117
5117
5117
5117
5117
5122
5122
5122
5122
5122
5122
5122
5122
5170
5170
5170
5171
5171
5171
5171
5171
5171
5170
5170
5170
5170
5170
5170
5170
5170
5169
5169
5169
5170
5169
5169
5169
5169
5169
5164
5164
5164
5165
5164
5164
5164
5169
5169
5169
5169
5169
5170
5170
5170
5170
5170
5170
5170
5170
5170
5170
5170
5170
5170
5170
5170
5170
5170
5170
5169
5170
5122
5122
5122
5121
5121
5169
5169
5169
5169
5169
5169
5169
5169
5169
5121
5116
5116
5116
5116
5117
5117
5165
5165
5165
5165
5165
5165
5165
5165
5165
5165
5170
5170
5170
5170
5170
5170
5170
5170
5170
5170
5170
5170
5170
5170
5170
5170
5165
5165
5192
5192
5192
5192
5197
5197
5197
5197
5197
5149
5149
5149
5149
5149
5149
5149
5149
5197
5197
5197
5197
5197
5197
5197
5197
5196
5196
5191
5196
5196
5196
5196
5196
5196
5197
5198
5198
5198
5198
5198
5198
5198
5198
5198
5193
5198
5198
5198
5193
5193
5193
5193
5193
5193
5192
5197
5197
5197
5192
5193
5192
5192
5192
5192
5193
5193
5192
5192
5192
5191
5191
5192
5192
5192
5192
5192
5197
5198
5171
5171
5171
5198
5193
5193
5193
5192
5192
5197
5197
5198
5198
5198
5198
5198
5198
5198
5198
5198
5198
5198
5198
5198
5198
5198
5198
5198
5198
5198
5198
5150
5150
5198
5198
5198
5198
5198
5198
5198
5197
5197
5197
5197
5197
5192
5192
5192
5193
5193
5145
5145
5145
5145
5150
5149
5149
5149
5149
5149
5149
5148
5148
5196
5148
5148
5148
5148
5148
5148
5148
5148
5148
5148
5196
5196
5196
5196
5196
5196
5196
5196
5197
5197
5197
5198
5198
5198
5198
5198
5198
5198
5198
5198
5198
5198
5198
5198
5198
5198
5198
5171
5171
5171
5171
5171
5171
5171
5171
5166
5166
5166
5166
5166
5171
5171
5170
5170
5170
5170
5171
5171
5171
5171
5171
5171
5171
5170
5169
5169
5169
5169
5164
5164
5164
5164
5164
5164
5164
5191
5191
5191
5191
5191
5191
5191
5191
5191
5191
5191
5191
5191
5191
5191
5191
5192
5192
5192
5192
5197
5196
5196
5196
5196
5196
5196
5196
5196
5196
5196
5196
5197
5197
5197
5197
5197
5197
5149
5149
5149
5149
5148
5148
5148
5148
5149
5149
5150
5150
5150
5149
5144
5144
5144
5144
5144
5144
5144
5144
5144
5144
5144
5144
5149
5148
5148
5148
5148
5148
5148
5148
5148
5149
5149
5149
5149
5149
5149
5149
5149
5122
5122
5122
5170
5170
5170
5170
5170
5170
5170
5170
5197
5197
5197
5197
5197
5196
5196
5191
5191
5196
5196
5196
5196
5196
5191
5191
5191
5191
5191
5191
5143
5143
5116
5116
5116
5116
5116
5116
5116
5117
5117
5116
5116
5116
5116
5116
5116
5143
5191
5191
5191
5191
5191
5192
5192
5192
5192
5192
5192
5192
5192
5192
5193
5198
5198
5198
5198
5198
5198
5198
5150
5150
5150
5145
5145
5193
5193
5193
5193
5193
5193
5193
5193
5193
5198
5198
5198
5198
5198
5198
5197
5197
5197
5197
5197
5197
5197
5197
5197
5197
5197
5197
5197
5197
5197
5197
5197
5196
5148
5149
5149
5149
5122
5122
5122
5122
5117
5117
5117
5165
5165
5165
5165
5166
5166
5166
5166
5171
5171
5171
5171
5198
5198
5198
5198
5198
5198
5198
5198
5197
5197
5197
5197
5197
5197
5196
5196
5196
5196
5196
5196
5196
5196
5196
5196
5196
5196
5196
5197
5197
5197
5197
5197
5197
5198
5198
5198
5198
5198
5198
5198
5193
5193
5193
5193
5192
5192
5192
5192
5192
5192
5197
5197
5197
5197
5197
5197
5197
5197
5197
5197
5198
5198
5198
5197
5197
5197
5197
5197
5197
5197
5198
5198
5198
5198
5198
5198
5198
5198
5198
5198
5198
5198
5198
5197
5197
5197
5197
5196
5196
5169
5169
5170
5197
5197
5197
5192
5192
5192
5192
5192
5192
5192
5197
5197
5197
5197
5197
5192
5192
5192
5192
5192
5192
5191
5191
5191
5191
5191
5191
5191
5191
5191
5191
5192
5192
5193
5193
5193
5193
5193
5193
5193
5192
5192
5191
5192
5192
5192
5192
5192
5192
5192
5192
5192
5192
5192
5192
5197
5197
5197
5197
5197
5196
5196
5196
5196
5196
5196
5196
5196
5196
5196
5196
5197
5197
5198
5198
5198
5198
5198
5197
5196
5196
5197
5197
5197
5197
5197
5197
5197
5196
5196
5196
5196
5196
5196
5196
5197
5197
5197
5197
5198
5198
5198
5198
5198
5198
5198
5198
5198
5197
5197
5197
5197
5197
5197
5197
5197
5198
5198
5198
5198
5198
5198
5198
5198
5198
5198
5198
5198
5198
5198
5198
5198
5198
5198
5198
5198
5198
5197
5197
5197
5197
5197
5196
5196
5196
5196
5196
5196
5196
5196
5196
5197
5197
5197
5197
5197
5197
5197
5196
5196
5196
5191
5191
5191
5192
5192
5192
5191
5191
5191
5191
5191
5192
5192
5192
5192
5192
5192
5192
5192
5192
5192
5192
5192
5192
5192
5191
5191
5191
5191
5196
5196
5196
5196
5196
5196
5196
5196
5197
5197
5198
5198
5198
5198
5198
5198
5198
5198
5198
5198
5198
5198
5198
5198
5198
5198
5198
5198
5198
5198
5198
5198
5198
5197
5197
5197
5197
5197
5197
5197
5197
5197
5192
5193
5193
5193
5193
5193
5198
5198
5198
5198
5198
5198
5197
5197
5197
5197
5197
5196
5196
5197
5198
5198
5198
5198
5198
5198
5150
5150
5150
5150
5149
5149
5149
5149
5149
5150
5150
5150
5150
5150
5150
5150
5150
5150
5150
5149
5144
5143
5143
5148
5148
5148
5148
5148
5148
5148
5148
5148
5149
5149
5149
5149
5149
5149
5149
5149
5149
5149
5148
5196
5196
5196
5197
5197
5197
5197
5197
5197
5197
5197
5197
5197
5196
5197
5197
5197
5197
5197
5197
5197
5197
5196
5196
5196
5196
5196
5196
5196
5196
5196
5196
5197
5197
5197
5197
5197
5197
5196
5196
5196
5196
5197
5197
5197
5196
5196
5197
5197
5197
5197
5170
5170
5170
5170
5170
5169
5196
5196
5196
5196
5196
5196
5196
5196
5197
5197
5197
5197
5197
5197
5197
5197
5197
5197
5197
5197
5197
5197
5197
5197
5192
5192
5193
5193
5193
5193
5192
5192
5192
5192
5192
5192
5192
5192
5197
5197
5197
5197
5197
5197
5197
5197
5197
5197
5197
5196
5196
5196
5196
5196
5196
5196
5196
5196
5196
5196
5196
5196
5196
5196
5196
5191
5191
5191
5191
5192
5192
5192
5191
5191
5191
5191
5191
5191
5191
5191
5196
5196
5197
5197
5197
5197
5197
5197
5197
5197
5197
5197
5197
5197
5196
5197
5197
5198
5198
5198
5197
5197
5198
5198
5198
5198
5193
5193
5193
5193
5198
5193
5193
5193
5193
5193
5192
5192
5192
5192
5192
5191
5191
5191
5196
5196
5196
5196
5196
5196
5197
5197
5197
5197
5197
5197
5197
5197
5197
5197
5197
5197
5197
5197
5197
5197
5198
5197
5197
5197
5197
5197
5198
5198
5198
5198
5198
5198
5198
5198
5198
5198
5198
5198
5198
5198
5198
5198
5198
5198
5198
5197
5197
5196
5196
5196
5196
5196
5196
5196
5196
5197
5197
5197
5197
5197
5197
5197
5149
5148
5148
5148
5148
5148
5196
5196
5196
5196
5196
5197
5197
5197
5197
5197
5197
5197
5197
5197
5197
5198
5198
5198
5198
5198
5198
5198
5198
5198
5198
5198
5198
5198
5198
5198
5198
5198
5198
5198
5198
5198
5198
5198
5198
5198
5198
5198
5198
5198
5198
5198
5198
5198
5198
5198
5198
5198
5198
5198
5198
5198
5198
5197
5197
5197
5197
5196
5196
5196
5196
5197
5197
5197
5197
5197
5192
5192
5192
5192
5192
5192
5192
5192
5192
5197
5197
5197
5197
5197
5197
5197
5197
5196
5196
5197
5197
5197
5197
5197
5197
5197
5197
5197
5197
5197
5196
5196
5169
5169
5169
5169
5170
5170
5170
5171
5171
5171
5171
5171
5171
5198
5198
5198
5198
5198
5198
5198
5198
5198
5197
5197
5198
5198
5197
5197
5197
5198
5198
5198
5198
5197
5197
5197
5197
5197
5197
5197
5197
5197
5197
5197
5197
5197
5197
5197
5197
5197
5197
5197
5197
5197
5197
5197
5197
5197
5197
5197
5197
5197
5197
5197
5197
5197
5197
5197
5197
5197
5197
5197
5197
5197
5197
5197
5197
5197
5197
5196
5196
5196
5196
5196
5196
5196
5196
5196
5196
5196
5196
5196
5196
5196
5196
5196
5196
5196
5197
5197
5197
5197
5197
5197
5197
5196
5196
5196
5196
5196
5197
5197
5197
5197
5197
5197
5198
5198
5198
5198
5198
5198
5198
5198
5198
5198
5198
5198
5198
5198
5198
5198
5198
5197
5197
5197
5197
5197
5197
5197
5197
5197
5197
5197
5197
5197
5197
5197
5197
5197
5197
5197
5197
5197
5192
5192
5192
5192
5192
5192
5192
5192
5193
5193
5192
5192
5192
5197
5197
5197
5197
5197
5197
5197
5197
5197
5197
5197
5197
5198
5198
5198
5198
5198
5198
5198
5198
5198
5198
5198
5198
5198
5198
5198
5198
5198
5198
5198
5198
5198
5198
5198
5198
5197
5197
5197
5197
5196
5196
5196
5196
5196
5196
5196
5196
5196
5196
5196
5196
5196
5196
5196
5196
5196
5196
5196
5196
5196
5197
5197
5192
5192
5192
5192
5192
5192
5197
5197
5197
5197
5196
5196
5196
5196
5196
5196
5196
5196
5196
5196
5196
5196
5196
5191
5191
5191
5191
5191
5191
5191
5191
5191
5196
5196
5196
5196
5196
5196
5191
5192
5192
5192
5192
5192
5192
5192
5192
5192
5192
5197
5197
5197
5197
5192
5192
5192
5192
5192
5192
5192
5192
5192
5192
5192
5192
5192
5192
5192
5192
5192
5192
5192
5192
5197
5197
5197
5198
5197
5197
5197
5197
5197
5197
5197
5197
5198
5198
5198
5198
5198
5198
5198
5171
5170
5170
5170
5165
5165
5164
5165
5166
5166
5166
5166
5166
5166
5166
5166
5166
5166
5166
5166
5166
5166
5166
5165
5165
5165
5165
5165
5165
5165
5165
5165
5165
5165
5165
5165
5165
5170
5170
5170
5170
5170
5170
5169
5169
5169
5169
5169
5169
5169
5170
5170
5170
5170
5170
5170
5170
5170
5170
5171
5171
5171
5170
5170
5170
5170
5170
5170
5171
5171
5171
5171
5171
5170
5170
5170
5197
5198
5198
5198
5198
5198
5198
5198
5198
5198
5198
5198
5198
5198
5198
5197
5197
5197
5197
5197
5197
5197
5197
5197
5197
5197
5197
5197
5197
5197
5197
5197
5197
5197
5197
5196
5196
5196
5196
5196
5196
5196
5196
5196
5196
5196
5196
5196
5196
5196
5196
5191
5191
5191
5191
5191
5191
5191
5191
5191
5191
5196
5196
5196
5196
5197
5197
5197
5197
5197
5192
5192
5192
5192
5192
5192
5192
5192
5192
5192
5192
5192
5192
5192
5191
5191
5192
5192
5192
5192
5193
5193
5193
5193
5193
5193
5193
5193
5198
5198
5198
5198
5198
5198
5198
5198
5198
5198
5198
5198
5198
5198
5198
5198
5198
5198
5197
5197
5197
5197
5197
5197
5197
5197
5197
5197
5197
5197
5197
5197
5198
5198
5198
5198
5198
5198
5198
5198
5198
5198
5198
5198
5198
5198
5198
5198
5198
5198
5198
5198
5198
5197
5197
5197
5196
5196
5197
5197
5196
5196
5196
5196
5196
5196
5196
5196
5196
5196
5196
5196
5196
5196
5196
5196
5196
5196
5196
5196
5196
5196
5196
5196
5196
5196
5196
5196
5196
5197
5197
5197
5192
5192
5193
5193
5193
5198
5198
5198
5198
5198
5197
5197
5197
5198
5198
5198
5198
5198
5198
5193
5193
5193
5193
5193
5193
5193
5193
5198
5198
5198
5198
5198
5198
5198
5198
5197
5197
5197
5196
5196
5196
5196
5196
5196
5196
5191
5191
5191
5191
5191
5191
5191
5191
5191
5191
5191
5191
5191
5191
5191
5191
5191
5191
5191
5191
5191
5191
5191
5191
5191
5191
5191
5191
5191
5191
5191
5191
5191
5191
5191
5191
5191
5196
5196
5196
5196
5197
5197
5197
5197
5197
5197
5197
5197
5197
5197
5197
5197
5197
5197
5197
5197
5197
5197
5197
5197
5197
5197
5197
5197
5197
5197
5197
5197
5197
5197
5197
5196
5196
5196
5197
5196
5196
5197
5197
5197
5198
5198
5198
5198
5197
5197
5197
5197
5197
5197
5197
5197
5197
5197
5197
5197
5197
5197
5197
5197
5197
5197
5197
5197
5197
5197
5197
5197
5197
5197
5197
5197
5197
5197
5197
5197
5196
5196
5197
5197
5197
5192
5192
5192
5192
5192
5192
5192
5192
5193
5198
5198
5198
5198
5198
5198
5197
5198
5198
5198
5198
5198
5198
5198
5198
5197
5198
5198
5198
5198
5198
5198
5198
5198
5198
5198
5198
5198
5198
5198
5198
5198
5198
5198
5198
5198
5197
5197
5198
5198
5198
5198
5198
5198
5198
5198
5198
5198
5198
5198
5198
5197
5197
5197
5197
5197
5197
5197
5197
5197
5196
5196
5196
5196
5196
5196
5196
5196
5196
5196
5196
5196
5196
5196
5196
5196
5196
5196
5196
5196
5196
5196
5196
5196
5196
5196
5196
5196
5196
5196
5196
5196
5196
5196
5196
5196
5197
5197
5197
5197
5197
5197
5197
5197
5197
5197
5198
5198
5198
5197
5197
5197
5197
5197
5197
5197
5196
5196
5196
5196
5196
5196
5196
5196
5196
5196
5197
5197
5197
5197
5197
5197
5197
5197
5197
5197
5197
5196
5196
5196
5196
5196
5196
5196
5196
5196
5196
5196
5196
5196
5196
5196
5196
5196
5196
5196
5197
5197
5197
5197
5198
5198
5198
5198
5198
5198
5198
5198
5197
5197
5196
5196
5196
5196
5196
5196
5196
5196
5196
5196
5196
5196
5196
5196
5196
5197
5197
5197
5197
5197
5197
5198
5198
5198
5198
5198
5198
5198
5198
5198
5198
5198
5198
5198
5198
5198
5198
5198
5198
5198
5198
5198
5198
5198
5197
5197
5197
5198
5198
5198
5198
5197
5197
5197
5197
5197
5197
5197
5197
5197
5197
5197
5197
5197
5197
5197
5197
5197
5197
5197
5197
5197
5197
5197
5197
5197
5197
5197
5197
5197
5197
5197
5197
5197
5197
5197
5197
5197
5197
5197
5197
5197
5197
5197
5197
5197
5197
5197
5197
5197
5197
5198
5198
5198
5198
5198
5198
5198
5198
5198
5198
5198
5198
5198
5198
5197
5197
5197
5197
5197
5197
5197
5197
5197
5197
5197
5197
5197
5197
5197
5197
5197
5197
5197
5197
5197
5197
5197
5197
5197
5197
5197
5197
5197
5197
5197
5197
5197
5197
5197
5197
5197
5197
5197
5197
5197
5197
5197
5197
5197
5197
5197
5197
5197
5197
5197
5197
5197
5197
5197
5197
5197
5197
5197
5197
5197
5197
5197
5197
5197
5197
5197
5197
5197
5197
5197
5197
5197
5197
5198
5198
5198
5197
5197
5197
5197
5197
5197
5197
5197
5197
5197
5198
5198
5198
5198
5198
5198
5198
5198
5198
5198
5198
5198
5198
5198
5198
5198
5198
5198
5198
5197
5197
5197
5197
5198
5198
5198
5198
5198
5198
5198
5198
5198
5198
5198
5198
5198
5198
5198
5198
5198
5198
5198
5198
5198
5198
5198
5198
5198
5198
5198
5198
5198
5198
5197
5197
5197
5197
5197
5197
5197
5197
5197
5197
5197
5197
5197
5197
5197
5197
5197
5197
5197
5197
5198
5198
5198
5198
5198
5198
5198
5198
5198
5198
5198
5198
5198
5198
5197
5197
5197
5197
5197
5197
5197
5197
5198
5198
5193
5193
5193
5193
5193
5192
5191
5191
5191
5192
5192
5192
5192
5192
5192
5192
5192
5192
5192
5192
5192
5192
5192
5192
5192
5192
5192
5192
5192
5192
5192
5192
5192
5192
5192
5192
5192
5192
5192
5192
5192
5192
5192
5192
5192
5192
5192
5192
5192
5192
5192
5192
5192
5192
5192
5192
5192
5192
5192
5193
5193
5193
5198
5198
5198
5198
5198
5198
5198
5198
5198
5198
5198
5198
5198
5198
5198
5198
5198
5198
5198
5198
5198
5197
5198
5198
5198
5198
5198
5198
5198
5198
5198
5198
5198
5198
5198
5198
5198
5198
5198
5198
5198
5198
5198
5198
5198
5198
5198
5198
5198
5198
5198
5198
5198
5198
5198
5198
5198
5197
5197
5196
5196
5196
5196
5196
5196
5196
5196
5196
5196
5196
5196
5196
5196
5196
5196
5196
5196
5196
5196
5196
5197
5197
5197
5198
5198
5198
5198
5198
5198
5198
5198
5198
5198
5198
5198
5198
5198
5198
5197
5197
5197
5197
5197
5197
5197
5197
5197
5197
5197
5197
5197
5197
5197
5197
5197
5197
5197
5197
5197
5197
5197
5197
5197
5197
5198
5198
5198
5198
5198
5198
5198
5198
5198
5198
5198
5198
5198
5198
5198
5198
5198
5198
5198
5198
5198
5198
5198
5198
5198
5193
5193
5193
5193
5193
5193
5193
5193
5193
5193
5193
5193
5193
5193
5193
5198
5198
5198
5197
5197
5197
5197
5198
5198
5193
5193
5193
5193
5193
5193
5193
5193
5193
5193
5193
5193
5193
5193
5193
5193
5193
5193
5193
5193
5193
5193
5193
5193
5193
5193
5198
5198
5198
5198
5198
5198
5197
5197
5197
5196
5196
5196
5196
5196
5196
5196
5196
5196
5196
5196
5197
5197
5197
5197
5197
5197
5197
5197
5197
5197
5197
5197
5197
5197
5197
5197
5197
5197
5197
5197
5197
5197
5197
5196
5196
5196
5197
5197
5197
5197
5197
5197
5197
5197
5198
5198
5198
5197
5197
5197
5197
5197
5197
5197
5198
5198
5198
5198
5197
5197
5197
5197
5197
5197
5197
5197
5197
5197
5197
5197
5197
5197
5197
5197
5197
5197
5197
5197
5198
5198
5198
5197
5197
5197
5197
5197
5197
5197
5197
5197
5197
5197
5197
5197
5197
5197
5198
5198
5198
5198
5198
5198
5198
5198
5198
5198
5198
5197
5197
5197
5196
5196
5196
5196
5196
5196
5197
5196
5196
5196
5196
5196
5196
5196
5196
5196
5196
5196
5196
5196
5196
5196
5196
5196
5196
5196
5197
5196
5196
5196
5196
5196
5197
5197
5197
5197
5197
5197
5197
5197
5197
5197
5197
5197
5197
5197
5197
5197
5197
5197
5197
5197
5197
5197
5197
5197
5198
5198
5198
5198
5197
5197
5197
5197
5197
5197
5197
5197
5197
5197
5197
5197
5197
5197
5197
5197
5198
5198
5198
5198
5198
5198
5198
5198
5198
5198
5198
5198
5198
5198
5197
5197
5197
5197
5197
5197
5197
5197
5197
5197
5197
5197
5197
5197
5197
5197
5196
5196
5196
5196
5196
5196
5196
5197
5197
5197
5197
5197
5197
5197
5197
5197
5197
5197
5197
5197
5197
5197
5197
5197
5197
5197
5197
5197
5197
5197
5197
5197
5197
5197
5197
5197
5197
5197
5197
5197
5197
5197
5197
5197
5197
5197
5198
5198
5198
5198
5198
5198
5198
5198
5198
5198
5198
5198
5198
5197
5197
5197
5197
5197
5197
5197
5197
5197
5197
5197
5197
5197
5197
5197
5197
5197
5197
5196
5196
5196
5196
5196
5196
5196
5196
5196
5196
5196
5196
5196
5196
5196
5196
5196
5196
5196
5196
5196
5196
5196
5197
5197
5197
5197
5197
5197
5197
5197
5197
5197
5197
5197
5197
5197
5198
5198
5198
5198
5198
5198
5198
5198
5198
5198
5198
5198
5198
5198
5198
5198
5197
5197
5197
5197
5197
5197
5197
5197
5197
5197
5197
5197
5197
5197
5197
5197
5197
5197
5197
5197
5198
5198
5198
5198
5198
5198
5198
5198
5198
5198
5198
5198
5198
5197
5197
5197
5197
5197
5197
5197
5197
5197
5197
5197
5197
5197
5197
5197
5197
5197
5197
5198
5198
5198
5198
5198
5198
5198
5198
5198
5197
5197
5197
5197
5197
5197
5197
5197
5197
5198
5198
5198
5198
5198
5198
5198
5198
5198
5198
5198
5198
5198
5198
5198
5198
5198
5198
5198
5198
5197
5198
5198
5198
5198
5198
5198
5198
5198
5198
5198
5198
5198
5198
5198
5198
5198
5198
5198
5198
5198
5198
5198
5198
5198
5198
5198
5198
5198
5198
5198
5198
5198
5198
5198
5198
5198
5198
5198
5198
5198
5198
5198
5198
5198
5198
5198
5198
5197
5197
5197
5197
5197
5197
5197
5197
5197
5197
5197
5197
5197
5197
5197
5197
5197
5197
5197
5197
5197
5197
5197
5197
5197
5197
5197
5197
5197
5197
5197
5197
5197
5197
5197
5197
5197
5197
5197
5197
5197
5197
5197
5197
5197
5197
5197
5197
5197
5197
5197
5197
5197
5197
5197
5197
5197
5197
5197
5197
5197
5197
5197
5197
5197
5197
5197
5197
5198
5198
5198
5198
5198
5198
5198
5198
5198
5198
5198
5198
5198
5197
5197
5197
5197
5197
5197
5197
5197
5197
5197
5197
5197
5197
5197
5197
5197
5197
5197
5197
5197
5197
5197
5197
5197
5197
5197
5197
5197
5197
5197
5197
5197
5197
5197
5197
5197
5197
5197
5197
5197
5197
5197
5197
5197
5197
5197
5197
5197
5197
5197
5197
5197
5197
5197
5197
5197
5197
5197
5197
5197
5197
5196
5196
5197
5197
5197
5197
5197
5197
5197
5198
5198
5198
5198
5198
5198
5198
5198
5198
5198
5198
5198
5198
5198
5198
5198
5198
5198
5198
5198
5198
5198
5198
5198
5198
5198
5198
5198
5198
5198
5197
5197
5197
5197
5197
5196
5196
5196
5196
5196
5196
5196
5196
5197
5198
5198
5198
5198
5198
5198
5198
5198
5198
5198
5198
5198
5198
5198
5198
5198
5198
5198
5198
5198
5198
5198
5198
5198
5198
5198
5198
5198
5198
5198
5198
5198
5198
5198
5198
5198
5198
5198
5198
5198
5198
5198
5198
5198
5198
5197
5197
5197
5197
5197
5197
5197
5197
5197
5197
5197
5197
5197
5197
5197
5197
5197
5197
5197
5197
5198
5198
5198
5198
5198
5198
5198
5198
5198
5198
5198
5198
5198
5198
5198
5198
5197
5197
5197
5197
5197
5197
5197
5197
5197
5197
5198
5198
5198
5198
5198
5198
5198
5198
5198
5198
5198
5198
5198
5198
5198
5198
5198
5198
5198
5198
5197
5197
5197
5197
5197
5197
5198
5198
5198
5198
5197
5198
5198
5198
5198
5198
5198
5198
5198
5198
5198
5198
5198
5198
5198
5198
5198
5197
5197
5197
5197
5197
5197
5197
5197
5197
5197
5197
5197
5197
5197
5197
5197
5197
5197
5197
5196
5196
5196
5196
5196
5196
5196
5196
5196
5196
5196
5196
5196
5196
5196
5196
5196
5196
5196
5196
5196
5196
5197
5197
5197
5197
5197
5198
5198
5198
5197
5197
5197
5197
5197
5197
5197
5197
5197
5197
5197
5197
5197
5197
5197
5197
5197
5197
5196
5197
5197
5197
5197
5198
5198
5198
5198
5198
5198
5198
5198
5198
5198
5198
5198
5198
5198
5198
5198
5198
5198
5198
5198
5198
5198
5198
5198
5198
5198
5198
5198
5197
5197
5198
5198
5198
5198
5198
5198
5198
5198
5198
5198
5198
5198
5198
5198
5198
5198
5198
5198
5198
5198
5198
5198
5198
5198
5198
5198
5198
5198
5197
5197
5197
5197
5197
5197
5197
5197
5197
5197
5196
5197
5197
5197
5197
5197
5197
5197
5197
5197
5197
5197
5197
5197
5197
5197
5197
5197
5197
5197
5197
5197
5197
5197
5197
5197
5197
5197
5197
5197
5197
5197
5197
5197
5197
5197
5197
5197
5197
5197
5197
5197
5197
5197
5197
5197
5197
5197
5197
5197
5197
5198
5198
5198
5198
5198
5198
5198
5198
5198
5198
5198
5198
5198
5198
5198
5198
5198
5198
5198
5198
5198
5198
5198
5198
5198
5198
5198
5198
5198
5198
5198
5198
5198
5198
5198
5198
5198
5198
5198
5198
5198
5198
5198
5198
5198
5198
5197
5197
5197
5197
5197
5197
5197
5197
5197
5197
5197
5197
5197
5197
5197
5197
5197
5197
5197
5197
5197
5197
5198
5198
5198
5198
5197
5197
5197
5197
5197
5197
5196
5196
5196
5196
5196
5196
5196
5196
5196
5197
5197
5197
5197
5197
5197
5197
5197
5198
5198
5198
5198
5198
5198
5198
5198
5197
5197
5198
5198
5198
5198
5198
5198
5198
5198
5198
5198
5198
5198
5198
5198
5197
5197
5197
5197
5197
5197
5197
5197
5198
5198
5198
5198
5198
5198
5198
5198
5198
5198
5198
5198
5198
5198
5198
5198
5198
5198
5198
5198
5198
5198
5198
5198
5198
5198
5198
5198
5198
5198
5198
5198
5198
5198
5198
5198
5198
5198
5198
5198
5198
5197
5197
5198
5198
5198
5198
5198
5198
5198
5198
5198
5198
5198
5198
5198
5198
5198
5198
5198
5198
5198
5198
5198
5198
5198
5198
5198
5198
5198
5198
5198
5198
5198
5198
5198
5198
5198
5197
5197
5197
5197
5197
5197
5197
5197
5197
5197
5197
5197
5197
5197
5197
5196
5197
5197
5197
5197
5197
5197
5197
5197
5197
5197
5197
5197
5197
5197
5197
5197
5197
5197
5197
5197
5197
5197
5197
5197
5197
5197
5197
5197
5198
5198
5198
5197
5197
5197
5197
5197
5197
5197
5196
5196
5196
5196
5196
5196
5196
5196
5196
5196
5196
5197
5197
5197
5197
5197
5197
5197
5197
5197
5197
5197
5197
5197
5197
5197
5197
5197
5197
5197
5197
5197
5197
5197
5197
5197
5197
5197
5197
5197
5197
5197
5197
5197
5197
5197
5197
5197
5197
5197
5197
5197
5197
5197
5197
5197
5197
5197
5197
5197
5197
5197
5197
5197
5197
5197
5197
5197
5197
5197
5197
5197
5197
5197
5197
5197
5197
5197
5197
5197
5197
5197
5197
5197
5197
5197
5197
5197
5197
5197
5197
5197
5197
5197
5197
5197
5197
5197
5197
5197
5197
5197
5197
5197
5197
5197
5197
5198
5198
5198
5198
5198
5198
5198
5198
5198
5198
5198
5198
5198
5198
5198
5197
5197
5197
5197
5197
5197
5197
5197
5197
5198
5198
5198
5198
5198
5198
5198
5198
5198
5198
5198
5198
5198
5198
5198
5198
5198
5198
5198
5198
5198
5198
5198
5198
5198
5198
5198
5198
5198
5198
5198
5198
5198
5198
5198
5198
5198
5198
5198
5198
5198
5198
5198
5198
5198
5198
5198
5198
5198
5198
5198
5198
5198
5198
5198
5198
5198
5198
5198
5198
5198
5198
5198
5198
5198
5198
5198
5198
5198
5198
5198
5198
5198
5198
5198
5198
5198
5198
5198
5197
5197
5197
5197
5197
5197
5197
5197
5197
5197
5197
5197
5197
5197
5197
5197
5197
5197
5197
5198
5198
5198
5198
5198
5198
5198
5198
5198
5198
5198
5198
5198
5198
5198
5198
5198
5198
5198
5198
5198
5198
5198
5198
5198
5198
5198
5197
5197
5197
5197
5197
5197
5197
5197
5197
5197
5197
5197
5197
5197
5197
5197
5197
5197
5197
5197
5197
5197
5197
5197
5197
5197
5197
5197
5197
5197
5197
5197
5197
5197
5197
5197
5197
5197
5197
5197
5197
5198
5198
5198
5198
5198
5198
5198
5198
5197
5197
5197
5197
5197
5197
5197
5197
5197
5197
5197
5197
5197
5197
5197
5197
5197
5197
5197
5197
5197
5197
5197
5197
5197
5197
5197
5197
5197
5197
5197
5197
5197
5197
5197
5197
5197
5198
5198
5198
5198
5198
5198
5198
5198
5198
5198
5198
5198
5198
5198
5198
5198
5198
5198
5198
5198
5198
5198
5198
5198
5198
5198
5198
5198
5198
5197
5197
5197
5197
5198
5198
5198
5198
5198
5198
5198
5198
5198
5198
5198
5198
5198
5198
5198
5198
5198
5198
5198
5198
5198
5198
5198
5198
5198
5198
5198
5198
5198
5198
5198
5198
5198
5198
5198
5198
5198
5198
5198
5198
5198
5198
5198
5198
5198
5198
5198
5198
5198
5198
5198
5198
5198
5198
5198
5198
5198
5198
5198
5198
5198
5198
5198
5198
5198
5198
5198
5198
5198
5198
5198
5198
5198
5198
5198
5198
5198
5198
5198
5198
5198
5198
5198
5198
5198
5198
5198
5198
5198
5198
5198
5198
5198
5198
5198
5198
5198
5198
5198
5198
5198
5198
5198
5198
5198
5198
5198
5198
5198
5198
5198
5198
5198
5198
5198
5198
5198
5198
5198
5198
5198
5198
5198
5198
5198
5198
5198
5198
5198
5198
5198
5198
5198
5198
5198
5198
5198
5198
5198
5198
5198
5198
5198
5198
5198
5198
5198
5198
5198
5198
5198
5198
5198
5198
5198
5198
5198
5198
5198
5198
5198
5198
5198
5198
5198
5198
5198
5198
5198
5198
5198
5198
5198
5198
5198
5198
5198
5198
5198
5198
5198
5198
5198
5198
5197
5197
5197
5197
5197
5198
5198
5198
5198
5198
5198
5198
5198
5198
5198
5198
5198
5198
5198
5198
5198
5198
5198
5198
5198
5198
5198
5198
5198
5198
5198
5198
5198
5198
5198
5198
5198
5198
5198
5198
5198
5198
5198
5198
5198
5198
5198
5198
5198
5198
5198
5198
5198
5198
5198
5198
5198
5198
5198
5198
5198
5198
5198
5198
5198
5198
5198
5198
5198
5198
5198
5198
5198
5198
5198
5198
5198
5198
5198
5198
5198
5198
5197
5197
5197
5197
5197
5197
5197
5197
5197
5197
5197
5197
5197
5197
5197
5197
5197
5198
5198
5198
5198
5198
5198
5198
5198
5198
5198
5198
5198
5198
5198
5198
5198
5198
5198
5198
5198
5198
5198
5198
5198
5198
5198
5198
5198
5198
5198
5198
5198
5198
5198
5198
5198
5198
5198
5198
5198
5198
5198
5198
5198
5198
5198
5198
5198
5198
5198
5198
5198
5198
5198
5198
5198
5198
5198
5198
5198
5198
5198
5198
5198
5198
5198
5198
5198
5198
5198
5198
5198
5198
5198
5198
5198
5198
5198
5198
5198
5198
5198
5198
5198
5198
5198
5198
5198
5198
5198
5198
5198
5198
5198
5198
5198
5198
5198
5198
5198
5198
5198
5198
5198
5198
5198
5198
5198
5198
5198
5198
5198
5198
5198
5198
5198
5198
5198
5198
5198
5198
5198
5198
5198
5198
5198
5198
5198
5198
5198
5198
5198
5198
5198
5198
5198
5198
5198
5198
5198
5198
5198
5198
5198
5198
5198
5198
5198
5198
5198
5198
5198
5198
5198
5198
5198
5198
5198
5198
5198
5198
5198
5198
5198
5198
5198
5198
5198
5198
5198
5198
5198
5198
5198
5198
5198
5198
5198
5198
5198
5198
5198
5198
5198
5198
5198
5198
5198
5198
5198
5198
5198
5198
5198
5198
5198
5198
5198
5198
5198
5198
5198
5198
5198
5198
5198
5198
5198
5198
5198
5198
5198
5198
5198
5198
5198
5198
5198
5198
5198
5198
5198
5198
5198
5198
5198
5198
5198
5198
5198
5198
5198
5198
5198
5198
5198
5198
5198
5198
5198
5198
5198
5198
5198
5198
5198
5198
5198
5198
5198
5198
5198
5198
5198
5198
5198
5198
5198
5198
5198
5198
5198
5198
5198
5198
5198
5198
5198
5198
5198
5198
5198
5198
5198
5198
5198
5198
5198
5198
5198
5198
5198
5198
5198
5198
5198
5198
5198
5198
5198
5198
5198
5198
5198
5198
5198
5198
5198
5198
5198
5198
5198
5198
5198
5198
5198
