4426
5220
2709
2710
2372
2914
2914
2517
2855
2856
2558
2557
2584
2042
2041
1703
1862
2259
1823
2147
2391
2827
3072
2675
3013
2689
2530
2531
2855
3235
2608
3150
2770
2256
2257
2013
2311
2555
2952
3111
2813
2812
2567
2408
2381
2386
2386
2545
2546
2546
2149
2148
1712
1823
1664
2291
2286
1659
2056
2436
2595
2595
2053
2680
2680
3222
3658
3278
3179
3206
3504
3393
3069
3583
2956
2520
2956
2618
2998
2971
2727
2775
2616
2219
2171
2509
2620
2078
2323
1809
1511
1809
1836
1538
1935
1940
2342
2640
3182
2780
2442
2197
2535
2859
2462
2706
2368
2527
2527
2575
2972
2971
2860
2861
2563
2127
2372
2999
3337
3178
3177
3129
2884
2857
2477
2588
2583
2985
2583
2631
3067
2729
2187
2525
2414
2513
2514
1887
1451
1853
1854
1853
1805
1806
2051
1806
2051
2099
2479
2590
2749
2638
2637
2636
2663
2504
2166
2166
2166
1842
2001
2515
3142
2745
2231
2667
2619
2957
2957
2577
2625
2949
2850
2606
2904
3148
3149
3248
3645
4187
4298
4271
4270
3728
3733
4275
4030
4275
4227
4068
4068
4068
3969
4017
3679
3355
3514
3894
3735
3108
2566
2725
2726
2329
2956
2951
2706
3248
3586
3184
3189
3434
3054
2618
2717
3114
3550
3439
3439
3340
3742
3737
4061
3763
4061
3723
3564
3319
3318
3563
3568
4082
3685
3249
2951
3331
3490
3442
3437
3735
3740
4176
3852
3900
3602
3629
3927
3525
3624
3525
3624
4021
4359
4260
4233
4185
4284
3848
3896
3897
3897
3653
3680
3924
3925
3680
3138
2894
2867
3112
3514
3514
3355
3350
3377
3919
4078
4322
4295
4295
4406
4307
3969
3968
3588
3615
3614
3615
3614
3455
3210
3211
2584
3020
2776
2478
2367
2611
2770
3108
2949
2513
1999
2158
2403
2376
2700
2456
2054
2053
2164
2164
2566
2946
3244
3343
2801
3045
2643
2484
2385
2544
3171
2791
3333
3334
3339
2797
2552
3066
3311
3747
3409
3404
3404
3503
3905
3503
3508
3535
3535
3211
3100
3480
3804
3480
3083
3407
3518
3920
3921
3623
3221
2707
2271
2668
2966
2339
2228
2742
2362
2989
2890
3432
3273
2876
2249
2248
2359
2035
1790
1789
1678
2002
2629
3026
2782
3218
3620
3078
3079
3178
3151
3103
2779
2890
2454
2996
2599
2758
3138
3039
2525
2624
2623
2868
2769
2770
3094
3193
3629
4143
4540
4540
4160
4160
4061
4109
4108
3784
3387
3388
3340
3720
3719
4057
3946
4343
3941
3782
3893
3894
4138
3741
3789
3451
3789
4186
4185
3788
4112
4139
3801
4203
3801
3753
3748
3450
3126
3127
3529
3285
3682
4020
4179
3841
3299
2902
2388
2726
2825
2830
3344
3344
3343
3344
3185
2558
2882
3424
3583
3472
3227
2889
3516
3627
3191
3436
2809
2810
2268
2109
2506
2665
2713
2712
2712
2310
2305
2206
2504
2180
2279
2715
2335
1899
1385
1337
1385
1629
2256
2798
2554
1927
1932
1390
1145
1772
2286
2530
2530
2966
3290
3131
2833
2589
2590
2491
2486
2486
3028
2631
2520
2519
2817
3214
3166
2652
3054
3153
3398
3403
3402
3646
3647
3105
3485
3484
2857
2852
2472
3099
2855
2855
2228
1826
2070
2043
1719
1474
1230
1474
1479
1859
2104
2104
2428
2423
1987
1988
1988
2036
1988
1690
1695
2097
2145
2172
2167
2794
2470
2469
2983
3525
3849
3335
3673
4187
4298
4298
3896
3382
3044
2799
3235
3749
3352
3690
3691
3692
3691
4093
3551
3452
3341
3342
3341
3003
2601
2601
2553
2552
2228
2229
1985
1986
2324
2569
2680
2679
2434
2976
3300
3348
3321
3210
2830
2829
3231
2717
2828
3072
2748
2907
2280
2232
2612
3126
2612
2368
2373
2617
2617
2941
2603
2651
3165
3503
4130
3694
4091
4190
4191
3867
3756
3512
3413
3016
3452
3447
3448
3547
3499
3340
3339
3339
3637
3882
3368
2966
2339
2041
2041
2285
1849
1897
2411
2412
2439
2439
2550
2874
2630
2292
2193
2166
1921
2318
2562
2182
2181
2583
2584
2683
3021
2922
2584
2611
2584
2182
1938
1937
1942
2322
2566
2518
2519
2005
1761
2197
1800
2202
2540
2138
2133
1591
1835
1934
1934
1933
2178
2575
2602
2205
2106
1862
1863
1618
1294
1592
1837
2351
2510
3052
3376
3381
3376
3376
3773
3337
3739
3738
3739
3225
2823
3337
2957
2930
2929
3173
2928
2386
2227
2769
2227
2227
2232
2232
2477
1963
2062
2062
2442
2442
2984
3386
3141
3300
3141
3168
2844
3003
2998
3322
3949
3950
3408
3922
4358
4020
4019
4561
4181
4070
3772
3370
3772
3673
3271
3270
3271
3370
3370
2828
2392
1765
2307
2208
1694
1450
1886
2400
2399
2801
2287
2335
2176
1852
1455
913
1427
1765
1251
1496
1794
2336
1934
2448
2547
2927
2828
2833
2453
2017
2397
2349
2746
2794
2953
3277
3521
3516
3627
3627
4063
3818
3917
4544
4545
4546
4166
4546
4545
4497
4496
4158
4163
3919
3967
4369
3989
3447
2933
2497
3039
2715
2688
3202
3091
2689
2391
2292
1895
2006
2006
2330
2331
2358
2738
2737
2626
2626
3023
3134
2592
2587
2588
2264
1637
1881
2126
2125
2126
2450
2070
2075
2027
2463
2865
2351
2893
2649
3029
2487
2242
2784
3082
3130
3129
2727
2568
2812
2785
2541
1999
2244
2239
2577
3119
3746
3310
3012
3017
2620
2078
1740
1767
1656
1411
1953
2197
2149
2197
2633
3035
2408
2006
1958
2355
2982
3081
3081
3082
3327
3841
3842
3837
4239
4577
3950
3408
3950
3705
3303
3059
3059
3686
3685
3249
3249
3250
3298
3199
3204
3177
3204
2880
2879
3281
3380
3539
3440
2898
3196
3632
3632
3235
2608
2932
2927
2928
3470
2928
2769
3013
2577
2688
2687
2285
2041
2014
2014
1716
2118
2145
1765
1363
1025
1427
1807
1483
1880
1881
1980
2416
2014
2014
2258
2556
2555
3182
3341
3586
3586
3288
2891
2732
2684
2689
2688
2589
2590
2585
2586
2341
2097
1583
1582
1581
1978
2302
2704
2593
3135
2811
2811
2859
2832
2991
2992
2450
2561
2566
3108
2481
2370
2397
2349
2976
2540
2785
2786
2406
2786
2897
2500
2936
3274
3115
3359
3332
3088
2977
3221
2594
2753
2852
2608
2363
2264
2509
2508
2507
2071
2072
2586
3213
2586
2884
2885
2640
2640
2126
1746
1745
1856
1697
1399
1913
1908
2206
2305
2464
2365
2745
2745
3069
2745
2989
3313
2911
2397
2238
2265
2266
2271
2271
2270
2706
2701
2749
2369
2996
3241
3340
3499
3388
3768
3669
3425
2883
2256
1932
1937
2339
2339
2881
2722
2722
2721
2423
2021
2180
2181
2583
2583
2583
2578
2578
2036
2035
1655
1656
1497
1095
1419
1717
1722
1966
1628
2142
2539
2698
3240
3081
2684
2170
1925
1383
1378
1716
1717
1962
1638
1300
1680
2082
2596
2351
2107
2351
1971
1569
1568
1520
1619
1730
1631
2258
2800
2556
2715
2604
1977
2604
2703
3027
3271
3271
3112
3112
3085
2787
3184
3085
3085
3090
2693
3090
3090
2548
2112
1598
2112
1868
1471
1582
1962
1963
1852
1879
2217
1837
1948
2328
2217
2653
2701
2701
2074
2616
3018
3018
3129
3526
3625
3301
3928
3829
4073
3676
3274
3273
2759
2759
2732
3246
2908
3232
3530
3150
3102
3103
3441
3489
3489
3488
3587
3045
2801
2828
2829
2988
3232
2718
2713
2277
2819
2818
3220
3221
2883
2888
2861
2702
2729
2102
2102
2102
2097
2102
1991
1693
1594
1594
1546
1545
1656
2283
2283
2331
2087
2484
2082
2241
1917
1916
2160
2155
2591
2929
2493
1951
2249
2763
5472
5472
5472
5472
5472
3172
3199
2685
2658
2685
2347
2347
2352
2690
2254
2690
3092
3093
2849
2551
2524
2623
2221
1824
2366
2365
2745
2990
3504
3748
3749
3638
3638
3665
3506
3506
3507
2880
2991
3289
3289
3289
3044
3671
3157
3156
3670
3670
3290
3687
3588
2961
3285
3912
3614
3614
4016
3678
3434
3434
3814
3766
3386
3387
3386
3766
3739
3337
3582
3582
3471
3873
4211
3669
3668
3288
2886
2886
3184
3232
3227
2903
5710
5710
6794
6198
5708
2418
2418
2445
2446
2451
2853
2901
3281
2884
3208
2828
3264
2750
2861
2861
3020
3021
3020
2478
2478
2992
3534
2907
2748
2743
2842
2841
3086
3086
2544
2545
2925
2523
2523
2278
2167
2140
1704
1380
1624
1576
1821
1932
1959
2257
2158
2317
2290
2317
2322
2317
2719
3116
2736
2736
2835
3159
3060
3159
3132
3132
2834
3461
2834
3376
4003
4003
4003
4383
3841
3730
3631
3742
3743
3499
3797
3802
3802
3175
3174
2876
2876
2975
3219
3655
3650
3248
3296
3137
3137
2740
2496
2385
2629
2384
2786
2542
2140
2385
2140
2145
1807
1759
2386
1872
1773
1146
1141
1252
1252
1794
1842
2239
2191
2529
2774
2394
2283
2663
2663
2711
2275
2434
2948
2947
2974
2947
2702
2947
2433
2385
1988
1989
2233
2233
2332
2768
2816
2571
2191
2302
2203
1959
2586
2613
3015
3395
3792
3792
4036
4035
3987
3743
3363
3364
3205
3503
3502
3502
3164
3408
3164
3137
3142
3241
3400
3400
2998
2601
3003
3248
3492
3872
3492
3830
3492
3381
3778
3381
3282
3277
3278
2651
2249
2276
2277
2615
2456
2429
1887
1935
2449
2846
2957
2633
3013
3337
2957
2846
2846
2957
2957
3359
3359
3311
3310
3337
3342
3004
3163
2918
3163
3004
3004
3384
3722
3722
3398
3153
3252
3576
3624
3783
3539
3512
4054
3512
3756
3354
2918
2594
2595
2997
2659
2654
2654
2992
2833
2860
3105
3104
2724
2676
2649
2404
2404
2784
2783
3028
2514
2515
2404
2002
1622
1623
1623
2137
2517
2120
1740
1767
1766
1765
2307
2355
2752
2704
3106
3217
3118
2873
2873
3197
3633
3732
3780
3378
4005
3906
3364
3040
3199
3741
4065
3954
3955
3631
3636
3392
3637
3637
3392
3387
2990
2942
3344
3344
2908
2913
2575
2570
2681
3117
3216
2780
3118
3118
2604
2984
2686
2984
3229
3626
3288
3288
3626
3626
3515
3626
3328
3229
3277
3276
3600
4036
3409
4036
4036
4036
3877
3475
3476
3575
3464
3067
3469
3470
3470
3714
3470
3132
3084
3328
3376
3132
3131
3242
3242
2918
3432
3052
2538
2918
2819
2819
3117
3116
2574
2673
2917
2619
2592
2989
2878
2878
2779
2784
2779
2152
2153
2154
2153
2252
2794
2794
2414
2712
2712
2871
2712
3036
2494
2058
1959
1714
1416
1661
1772
1777
1729
2109
2268
2810
3246
2844
2408
2435
1893
1496
1116
1552
1228
1117
1744
2141
2141
2439
2777
2888
2590
2585
2590
2563
2564
2564
2888
3290
2854
2609
3151
2754
2802
3316
3315
2688
2640
2316
1802
2100
2497
2596
3032
2921
3435
3276
3275
3276
3600
3601
3628
3623
3734
3733
3634
4014
3676
3675
3676
3775
3373
3262
2748
2753
2998
2998
2998
2899
2900
2520
2679
3017
3419
3419
3081
2836
3216
3264
3264
2722
2563
2662
2635
2238
2237
2264
2602
2713
2714
2470
2714
2390
2787
3329
2991
2747
3261
2859
2423
2761
2381
2354
2255
2657
2319
1917
2241
2621
2620
2647
2620
2621
2620
2865
3203
3830
4266
3942
3942
3943
3645
3018
2582
3018
2907
2662
2661
2656
3058
3058
3217
3461
3560
3163
2621
2219
1975
1975
1980
1980
1642
1206
1450
1992
2428
2428
2423
2825
2777
2804
2262
2261
2599
2197
2197
1683
1928
1548
1304
1309
1607
1931
1772
1773
2153
1773
1435
1815
1863
2265
2807
2427
2538
1996
1991
2388
2090
1654
1653
2033
2331
2873
2846
3005
2906
2795
2393
2095
2393
2069
2696
2697
2399
2835
2835
2438
2439
2953
2952
3354
2840
2839
2297
2595
2694
2646
2984
3381
3222
3466
3514
3515
3271
3813
3568
3230
3257
3581
3482
3046
3046
2644
2645
2265
1868
1873
1825
2222
2270
2608
2608
2608
2608
2608
2608
2608
2767
2762
2762
3164
2622
2324
2704
2703
3001
3006
2958
3006
3520
3619
3571
3816
3817
3817
3658
3413
3408
3413
2899
2800
3045
3559
3554
3230
3230
3235
3777
3772
3745
3745
3447
3558
3657
4093
4391
4715
4173
3776
3665
3664
4206
4254
4155
4552
4038
3714
3741
3741
3741
3199
2797
2802
2901
2603
2223
2765
3009
3168
2771
2612
2513
2811
2567
2566
2968
3127
3641
3885
3886
3886
3344
3886
3886
3588
3344
3185
3185
3185
2940
3051
3150
3150
3150
3051
2615
2588
2968
2857
2315
2315
1977
2275
2599
2996
2997
2997
3024
2726
3064
3163
3407
3402
3561
3561
2934
2934
2596
2352
2596
2707
2707
2327
2665
2638
3265
3021
2624
2576
2238
2237
2481
2482
2481
2157
2162
2559
1932
1927
1413
1440
1441
1342
1680
1685
1574
1573
1897
2142
1740
2254
2227
2663
2711
2711
3338
3338
3636
3588
3290
3285
3041
3152
2907
2796
3176
3175
3419
3419
3530
3531
3151
3178
2854
2854
3256
3145
3145
2743
2405
1778
2076
1562
2104
2077
2078
1919
1675
1674
1919
2078
2480
2480
2804
3318
2804
2831
2507
2105
2507
2480
2480
2579
3093
2696
2597
2977
3088
3088
3187
3088
3715
3814
3841
3543
3940
4264
4153
4451
4695
4743
4499
4451
3937
3692
3290
2910
2586
2487
2586
2697
2155
1857
2237
1801
1801
2046
2384
2357
2871
2898
2899
2561
2450
2449
2290
2628
3064
2965
3076
3175
3175
3334
3339
3094
3418
3466
3086
3466
3086
3085
3330
3330
3006
2979
2880
2880
2444
2444
2444
2768
2768
2371
2371
2751
2746
2845
2521
2918
2918
2918
3320
3347
3889
4133
4133
4133
3736
3741
3339
3340
3335
3224
3335
3732
3732
3487
3439
3841
3444
3285
3609
3907
3393
3149
3154
3590
3589
3986
3662
3906
3906
4230
4389
4389
4390
4010
3899
3947
3946
3919
3621
3462
3621
3185
3185
2783
2624
2624
2651
2762
3060
3033
3435
3594
3595
3595
3297
3324
3319
2692
2368
2269
2896
3410
3410
3846
4170
4175
4127
4507
4752
4753
4356
4329
4085
4184
4179
3799
3826
3488
3488
3786
3687
3660
3118
3498
3497
3496
3251
2849
2948
2434
2976
3003
2679
3017
3017
3414
3816
3864
3864
4378
4351
4351
4351
4351
4378
4351
3809
3810
4352
4676
4338
4343
3941
3544
3030
3368
3612
3176
3065
2727
3241
3242
3241
3486
3188
2646
2547
2167
1843
1842
1794
1794
2174
2610
2611
3008
3003
3003
2844
3003
3301
2921
2921
2920
2293
2293
1857
2484
2595
2198
1900
1655
2057
2058
2063
2387
2386
2386
2631
2658
2757
2758
3096
2758
2753
2429
2727
2628
2517
2897
2495
2543
3085
2543
2542
2978
3375
3376
3217
2703
3217
3190
3190
3190
3142
3143
2899
3237
3396
3798
3798
3803
3367
3478
3367
3069
3611
3366
3393
3637
3632
3605
3361
3606
3226
3225
3336
3336
3435
3038
3043
3091
2992
3316
3316
3614
3713
3712
3198
3199
3198
3198
3225
3661
3661
3662
3614
3994
4508
4184
4085
4085
4482
4085
4086
3684
3679
3568
3970
3970
4294
4299
4054
3512
3757
3419
3260
2962
2962
3206
3205
3543
3544
3517
3003
2376
2375
2474
2230
2389
1987
2014
2528
2283
2278
2389
2931
2551
2524
2529
2909
3207
3604
3604
3306
3306
2968
2644
2644
2102
2103
2130
2375
2374
2712
2711
2466
2764
2653
3195
3096
2660
2984
2957
3056
2718
2619
2105
2349
2976
2976
2977
3076
3512
2970
3512
3214
2817
3219
3464
3084
3422
3177
3018
3316
3713
3713
3761
3437
3438
3339
3366
2969
3483
3807
4204
3802
3801
3796
3796
3769
3868
3895
3895
3896
3354
3465
3464
3464
3464
3866
4246
4405
4008
4550
4502
4164
4409
3782
3240
3578
3254
3796
3796
3282
3606
4233
4232
4205
4205
3881
3882
3887
3886
3588
3343
3099
3423
3418
2791
3188
3815
4060
4061
4066
4364
3962
3989
4233
4122
4122
4122
3742
4122
3963
4365
4365
3823
3823
3796
3552
4066
3768
3768
3254
3253
3795
3796
3907
3527
3686
3362
3362
3362
3686
3984
3979
3880
4394
4283
3656
3900
3900
4280
3982
3982
3644
3671
3671
3235
3573
3031
3130
3129
2749
2411
2412
2954
3065
3692
3740
4078
3754
3212
3185
3621
3621
4163
4163
4164
3537
3101
3537
3292
2890
2890
3292
3292
3291
3291
3243
2905
2932
2773
2773
3071
2674
2675
2675
2564
2569
2325
2722
2695
2181
2695
3322
3481
3481
3725
3566
3561
3806
3806
3854
3854
3418
3577
3957
4393
4731
4731
4731
4295
4322
4321
3694
3693
3693
3448
3421
3421
3745
3203
3830
3830
3428
3429
3674
3785
3812
3817
4253
4252
4093
3713
4255
3917
3619
3375
3370
3271
3272
2645
2744
3124
3526
3090
2693
2937
2937
3564
3565
3570
3570
3326
2924
2923
2923
2824
2500
2599
2354
2243
2243
2487
2889
2889
2889
3227
3227
3551
3710
3083
3519
4146
3822
3822
4067
3665
3421
3373
3697
3941
3940
3696
3994
3480
3100
2473
2474
2522
2224
2626
2599
3226
3470
3226
3226
2888
3186
3087
3087
2928
2928
3027
3054
3053
3054
2512
2671
2666
3208
3605
3716
3960
3960
3965
3563
3563
3536
3938
3396
3391
2955
3497
2955
3497
3497
3835
3835
3537
3537
3213
3537
3536
3291
3536
3139
2894
2894
2895
2900
2273
2272
2173
2471
2147
2246
2241
2486
2487
2243
2248
2684
2142
1804
1799
1800
1555
1119
1124
1151
1151
1395
1394
1936
2260
2259
2260
2598
2571
2968
2644
2645
2644
2400
2427
2807
2410
2383
2384
2384
2629
2530
3044
3071
2773
3170
3494
3494
3467
4094
3467
3711
3663
3261
3309
3336
3177
2933
3369
2989
3391
3067
3365
2968
2941
3338
3338
2796
2748
2637
2636
2637
2637
2636
2684
2170
1832
2346
2346
2445
2048
1803
1401
2028
1592
1972
2408
2028
2366
2610
2637
2637
3039
2701
2812
2807
2405
2410
2410
2410
2790
3187
3346
2966
2807
3187
3187
3729
3349
3344
3343
3316
3317
3318
3074
2963
3122
2725
2752
2454
2834
2834
2833
3171
3415
3415
3388
3388
3229
3631
3251
3251
2849
2801
2828
2828
2729
3126
2690
3092
3203
3448
3110
3408
3163
3136
3135
3234
3670
3718
3091
2992
2993
3238
3865
3865
3621
3648
3648
3649
3649
3987
3987
3992
3881
3992
4372
4371
4695
4397
3995
3995
4293
4293
4245
4240
3726
3290
3295
3697
3697
3452
3154
3452
3697
3697
3696
3669
3669
3331
2704
3331
3331
2934
2982
2982
2982
2983
2872
2867
2867
3026
3423
3761
3761
3602
3554
3653
3680
3791
3453
3453
3791
3493
3493
3096
3610
4046
3947
3995
3884
3857
3956
4067
4311
4311
3973
3862
3862
3862
3814
4112
4160
4160
4319
4657
4768
4720
4422
4020
3393
3282
3282
3183
3183
3183
3183
3294
2914
3212
2776
2438
2486
2485
2485
1971
1972
2352
2451
2451
2352
2353
2353
2194
2708
2708
2867
3494
3196
3148
3247
3247
3247
3585
3883
3888
3888
3729
3630
3630
3292
3048
3047
3048
3075
3075
3413
3115
2870
2969
3267
3267
3669
3371
3370
3418
3418
3854
3855
4153
4105
4105
4104
3993
4390
3988
4233
4281
4683
4842
4743
4116
3719
3177
2797
3194
2758
3300
3299
3410
3165
2651
2646
2647
2746
2422
2746
2719
2719
2177
2176
1838
1865
2203
2830
2782
2444
1817
2062
1963
1964
2478
3020
3068
3068
3073
3073
2962
2961
2716
3054
2716
2392
2637
2632
2633
3069
2527
2479
2484
2808
2808
2808
2809
2295
2406
2920
2761
2920
2919
2914
3456
3456
2914
2962
2935
2887
2728
2755
2999
2888
2936
2936
2937
2540
2540
2539
2650
2406
2565
2564
2537
2537
2537
2781
2781
2781
2345
2444
2444
2345
2444
2396
2098
1987
1742
1583
1631
1929
1930
2472
2472
2174
2174
2201
2201
2102
2400
2400
2400
2399
2399
2101
2481
2482
2102
2102
2103
2103
2539
2539
2512
2464
2709
3047
3047
3674
3679
4076
4175
4555
4310
4608
4853
4853
4417
4079
4079
4238
3724
3724
3097
3097
2799
2554
2310
2937
2778
2679
2924
2544
2703
2702
2729
2729
2729
2973
3353
3401
3401
3837
3440
3440
3195
2951
2627
2925
2925
2925
2925
2877
2441
2442
2687
3025
3269
3110
3110
2483
2239
1837
1457
1457
1971
1966
2593
2593
2973
2973
3072
2774
2260
2259
2259
2307
2306
2279
2681
3195
3195
2815
2974
2460
2460
2857
2858
3372
3273
3273
3273
3225
3226
3325
3352
3352
3352
3325
2923
3247
3683
3682
3682
3344
3642
3642
3642
3642
3015
3395
3733
3732
3408
2894
2894
2894
3521
3569
3521
3632
3294
3195
3196
3440
3440
3440
3954
4002
3954
3954
4278
4283
3886
3985
4387
4725
4724
4182
4071
3972
3634
3634
3733
3733
3733
3734
3735
3636
3009
3406
3517
3516
3615
3291
3291
3291
3291
3180
3518
3513
3512
4139
4250
3623
3378
3134
2754
3381
3043
3367
2853
2853
3098
2999
3000
3000
3027
2591
2480
2480
2579
2579
3015
3015
2856
2856
2856
2757
3095
3095
3609
3609
3708
3708
3681
3925
3925
3627
3289
2892
2568
2892
2793
3190
3238
3780
3891
4050
4430
4050
4050
3653
3251
3256
3145
3172
3283
3124
3124
3223
3223
2709
2709
3223
2978
2951
3348
3728
3680
3581
3740
3113
3114
3412
4039
3525
3525
4039
3603
2976
2971
3407
3406
3108
3108
3107
3108
3207
3208
2964
3209
2667
3005
2608
2284
2125
2752
3294
2667
3294
2914
2669
2967
3126
3126
3153
3126
3027
3429
3429
3429
3673
3672
3672
4052
4057
4084
3925
4170
4143
4143
4144
4468
4627
4675
4675
4239
4239
4338
4338
4338
4338
4774
4436
4388
4008
3763
3758
3659
3659
3658
3256
3256
3636
3256
3261
3261
3150
3177
3176
3224
3323
3275
3275
3323
3275
2761
3163
2727
2403
2800
2641
2239
2140
2140
1896
1869
2113
2161
2161
2485
2823
2823
2934
2934
2886
2588
2886
2913
2913
2914
2914
2517
3031
3032
3191
3436
3112
3107
3504
3477
3476
3365
3745
3231
2893
2734
2436
2441
2552
2850
2850
3009
3008
3008
3009
2850
2845
2846
2466
2980
2682
2687
2686
2687
2786
3110
2596
2976
2976
2579
2578
2916
3318
3318
2994
3318
3477
3097
3395
3831
3732
3727
3185
3699
3699
3699
3798
3554
3554
3554
3602
3601
3303
3058
3059
3059
3304
3548
3548
3500
3897
4195
4196
4196
4576
4603
4603
4603
4602
4503
4602
4088
4602
4602
4357
4357
4059
4064
4037
4579
4579
4255
4255
4303
3906
3470
3470
3471
3769
3431
3676
3676
3676
3676
3675
3675
3295
3051
3051
3052
2941
2782
3179
3178
3502
3746
3349
3344
3343
3723
3723
3723
3750
4088
3750
3426
3427
3824
3824
3310
3310
3634
3634
4148
4149
4308
4281
4281
4281
4182
4187
3863
3349
3687
3639
3639
3012
3039
2795
2636
2609
2657
2657
3171
3171
2791
2790
2791
2546
2545
2656
2815
3251
3092
2754
3092
3092
3719
3719
3381
3626
3627
3382
2946
2898
2897
2786
2945
2945
2944
2944
2945
2972
3352
3353
3401
3396
3016
3016
3015
3260
3260
3260
3233
2836
2935
3259
3258
3159
3186
3566
3566
3904
3877
3877
7436
7436
6408
6408
6408
3205
3210
3210
3210
2872
2867
2867
2868
2967
3305
3549
3554
3581
3740
3416
3415
3739
3739
4136
4572
4572
5086
4841
4793
4793
4279
4279
4279
4327
4327
4326
4326
4082
4077
4077
4591
4592
4433
4406
4108
4108
4113
4358
4359
4359
4359
4354
4030
4141
4140
4092
3847
4171
4171
4171
4176
4176
4176
4077
4236
3856
4236
4481
4476
4575
4576
4576
4575
4330
4628
4114
4114
4359
4359
4035
4083
4083
4088
4088
3977
3977
3818
3817
3381
3705
3407
3566
3567
3165
3409
3707
3706
3817
3573
3275
3519
3519
3520
3520
3521
3521
3516
3516
3468
3766
3766
3386
3413
3412
3253
3258
3660
3336
3384
3384
3764
3764
3519
3221
3519
3471
3471
3471
3985
3980
4304
4740
4740
4740
4740
4343
4343
4343
3801
4046
3644
3644
3545
3165
3264
3264
3264
3264
3806
3965
3806
3292
3292
3689
3689
4069
4117
4006
4005
3978
3983
3984
3686
3984
3984
3984
3984
4386
4048
3804
3804
3805
3757
3757
3805
3805
3706
3706
3805
3805
4319
4021
4048
4048
3724
3097
3208
2811
2806
3433
3406
3744
4042
3994
3558
3459
3459
3558
3557
3562
3998
3998
3998
4322
3998
3999
4047
4206
3961
3961
3961
3623
4020
4020
4344
4296
4137
4136
4184
4429
4456
4456
4456
4345
4346
4048
3668
3667
4047
4047
4345
4345
4340
4499
4504
4206
4207
4108
4219
4517
4219
3783
3735
3624
2997
3241
3352
3451
3292
3919
4257
4416
3902
4338
4338
4338
4000
4000
3841
3841
3814
3814
3814
3569
3814
3814
3703
4041
3605
4041
4041
4068
4582
4693
4693
4369
4369
4368
4368
4692
4687
4251
3709
3709
3709
3682
3687
3588
3886
4322
4323
4212
3888
3887
3887
3887
3986
3589
3209
3209
3236
2992
3316
3475
3476
3873
3774
3774
3774
3769
3769
3769
3524
3572
3816
3419
3419
3081
3419
3260
3212
3212
3185
3184
2748
2847
3244
3403
3244
3244
3244
3355
2958
2959
2715
2959
2986
2986
3034
3576
3252
3649
3649
3649
4085
4330
3816
3816
3816
3821
3816
3717
3717
3716
3418
3418
3418
3742
4040
4199
4199
3802
3901
4415
4415
4117
4069
4069
4367
4367
3853
3853
3555
3310
3310
3310
3608
3607
3171
3607
3580
3607
3607
3607
3607
3269
3607
3608
3364
3265
3645
3618
3182
3182
3182
3230
3744
3744
3989
3994
3994
3592
3433
3433
3830
3830
3830
3989
4425
4669
4696
4696
4452
4452
4341
3827
3822
4336
4038
4038
3714
3666
3777
3618
3591
3639
3738
3738
3111
3513
3513
3837
3838
3514
3514
3514
3514
4141
4141
4141
4093
3713
3713
3713
3957
3984
3957
4255
4254
4578
4479
4638
4202
4202
4229
4229
4234
3989
4425
4028
4027
4027
4027
4075
3673
3673
3673
3674
3515
3912
3614
3614
3100
3100
3095
3095
3047
3561
3561
3561
3223
3322
3321
3321
3321
3321
3321
3321
3723
3724
3883
4181
3639
3687
3932
3884
3884
3884
3639
3977
3978
3978
3978
3977
3866
3977
3977
3950
3950
4195
4737
4742
4769
4255
3957
4471
4147
4147
4148
4143
4044
4044
4092
4092
4191
4092
3656
3656
3980
3980
4079
4079
4079
4459
4348
4348
4459
4464
4464
4219
3975
4220
4219
4219
4218
4213
4511
4484
4485
4729
4570
4056
4055
4055
4055
3675
3675
4111
4116
4116
3680
3839
3680
3680
3356
3357
3113
3437
3681
4061
4013
4013
3715
3604
3604
3715
4151
4146
4047
3723
3722
3722
3723
3723
3723
3612
3612
3613
3613
3937
3937
4235
4749
4122
4122
4122
3878
3989
3609
3657
3656
3608
3852
3857
3956
4336
4092
3981
4029
4030
4030
4657
4656
4651
4109
4109
3811
4109
4268
3930
4268
4109
4268
4295
4295
4295
4295
4247
4358
4259
4148
4196
4196
3872
3872
3872
3872
3872
3872
3872
3877
3877
4419
4419
4530
4530
4530
4482
4581
4554
4443
4444
4471
4795
4843
5087
5087
5087
5087
5087
5087
5082
4680
4680
4138
3840
3326
3278
3277
2880
2721
2341
2346
2008
2119
2167
2140
2139
2139
2541
2541
2542
2541
2541
2541
2879
2879
2879
2880
2253
2253
2795
3175
3572
3248
3248
3546
3546
3435
3430
3589
3589
3913
3913
3913
4427
5054
5165
4729
4730
4730
4729
4630
4629
4630
4630
4629
4634
4586
4586
4189
4189
4189
4190
3892
3891
3891
3918
3913
3668
3668
3913
3918
3918
3918
3918
3918
3673
3668
3668
3424
3313
3286
3286
6254
6254
6254
6254
6254
5606
5606
6478
6478
6478
6478
6478
6478
6478
7074
7074
6478
7074
7074
6398
7046
7046
6242
6242
6242
5646
5646
5646
5646
6440
6440
6440
6440
6638
7126
7126
7126
6638
6638
6638
6638
6638
6638
6638
6638
6638
6638
6638
6638
6638
7234
7234
7234
7722
7722
7722
7722
7722
7722
7722
8212
8434
8434
7838
7838
7838
7044
7044
7044
7044
7044
7044
7838
7838
7838
7838
7838
7838
8434
8434
8434
8434
8434
8434
8434
8434
8434
8236
8236
8236
8236
8236
8236
8236
8236
8236
8236
8236
8236
8014
8818
8328
8328
8328
8646
8646
8646
8646
8328
8328
8328
8328
9004
9004
9004
9004
9004
9004
9004
9004
9004
9004
9004
9004
9494
9494
9494
9494
9494
9494
9494
9494
9494
8818
9494
9494
9494
9494
9494
9494
9494
8846
8846
8846
9494
9494
9494
9494
9494
8690
8202
9006
9006
9006
8358
8358
8358
8358
8358
7486
7486
7486
7486
7486
7486
7486
8358
8358
8358
7682
7682
8170
8170
7682
7682
7682
7682
6922
6922
6922
6922
6922
6922
6922
6922
7570
7080
7080
7080
7080
7080
7080
7080
7080
7080
7398
7398
7080
7080
7080
7080
7398
7398
7398
7398
7398
7398
7080
7080
7080
7570
7570
7570
7570
7570
7570
7570
7570
7570
7570
6766
6766
6118
6340
6340
6118
6794
7442
7442
7442
8246
8246
8246
8246
8246
8246
8246
8246
4171
4551
8230
8230
8230
8230
8230
8230
8718
8718
8718
8718
8718
8718
8718
8718
8718
8718
8718
8718
8718
8718
8718
8228
8228
8228
8228
8228
7580
7580
7580
7580
7580
7092
7092
7580
7580
7580
8228
8228
8228
8718
8718
8718
8718
8718
8718
8718
8718
8718
8718
8718
8230
7740
7740
6712
6712
6712
7202
6442
6442
6442
6442
6442
6442
6442
6442
6442
6442
6346
6346
6346
5856
2526
2553
2526
2526
2906
3065
3310
3310
2913
2918
2919
3316
3316
3343
3343
3343
3391
3146
3146
2749
2749
2744
3141
3141
3141
3141
3142
3142
3147
3549
3548
3793
3788
3788
3788
3793
3793
3892
3892
3887
3839
3839
3437
3437
3338
2941
3338
3338
3338
3852
3338
3740
3581
3581
3201
3201
3201
3715
3959
4007
4106
4106
4106
4107
4107
4107
3863
3863
3862
3973
3972
3972
3570
3570
3543
3945
4325
4325
3811
3811
3811
3811
3812
4326
4326
4326
4326
4326
4326
4331
4331
4331
4033
4469
4421
3907
3955
3907
3907
3907
4066
4066
3967
3967
3856
3855
3856
3856
3851
3856
3851
3851
4095
4194
3814
3715
3742
3853
3529
3577
3418
3173
3178
3277
3791
4115
4116
4089
4248
4628
4628
4628
4628
4290
3888
3789
4127
4127
3803
3755
4000
4402
4726
4825
4311
4609
4609
4609
4609
4271
4298
4346
4346
4048
3506
3506
3506
3505
3108
3650
3650
3645
3645
3645
3597
3597
3570
3570
3597
3597
3596
3596
3601
3601
3574
3330
3330
3330
3378
3133
3471
3868
3868
4166
4411
4655
4682
4344
4344
4339
4339
4339
4339
4041
4041
4555
4507
4263
4264
3722
3727
3728
3701
3701
3701
3542
3542
3431
3431
3729
3728
3728
3727
3727
3727
3754
3755
3803
3803
3704
3704
3704
3190
3189
3189
2891
2891
2990
2990
2990
2990
2990
2942
2943
2943
2943
2938
3236
3236
3236
3236
3137
3381
3540
3540
3216
3216
3217
3217
3058
3572
3572
4114
4087
4087
4246
4246
4294
4618
4956
4961
5060
4546
4545
4148
4147
3902
3902
4299
4544
4385
4385
4385
4380
4380
4381
4895
5054
4674
4674
4674
4701
4701
4702
4364
4337
4092
3550
3930
4268
4379
4331
3895
3895
3895
3515
3515
3895
3900
3741
4177
4204
3824
3824
3824
3823
4068
4069
4068
3969
3942
4484
4864
4863
4962
4624
4619
4619
4619
4619
4222
4222
4560
4560
4262
4163
4163
3919
4018
4018
4066
4225
4523
4009
4009
4010
3608
4122
4122
4127
4126
4528
4528
4528
4480
4480
4480
4475
4475
4475
4523
4364
4523
4523
4550
4551
4550
4439
4280
4439
4440
4440
4439
4439
4439
4280
4677
4339
4339
4344
4503
4476
4503
4503
4841
4841
4842
4544
4299
4272
4224
4522
4767
4767
4522
4522
4423
4423
4423
4668
4668
4344
4455
4779
4779
4779
4668
4716
4717
4961
4961
4663
4663
4663
4339
4339
4095
4095
4095
4094
4338
4338
4338
4338
4338
4338
4290
4290
4290
4614
4614
4614
4615
4726
4774
4774
4774
4873
4873
4868
4757
4598
4598
4598
4598
4597
4200
4498
4895
4796
4796
4801
4477
4477
4477
4636
4636
4636
4637
4637
4240
4235
3608
3310
3310
3310
3151
2906
3204
3315
3315
3315
3267
3267
3267
3894
3894
3458
3557
3557
3993
4390
4389
4389
4091
4415
4415
4415
4415
4420
4420
4420
4420
4176
4176
4176
4176
3549
3147
3147
3147
3147
3147
3147
3391
4018
4420
4018
4018
3391
3418
3418
3418
3391
4018
4018
4420
4421
4420
4419
4419
4419
4419
4419
4320
4565
4566
4565
4613
4613
4712
4707
5005
5005
5005
5005
5005
5006
5006
5006
5006
5006
5006
4604
4604
4631
4636
5038
5011
4713
4713
4713
4602
4200
4602
4602
4602
4900
4900
4801
4828
4584
4584
4584
4584
4583
4285
4237
4237
4237
4396
4396
4495
4490
4490
4491
4055
4055
3956
3961
3961
3961
3961
3961
3956
3955
3928
4172
8026
7536
7536
7536
7536
7536
7536
7536
8132
8132
8132
9004
9004
9004
9004
9004
8516
9006
9006
9006
9006
9006
9494
9494
9494
9494
9494
9494
8818
9494
9494
9494
9494
8622
8622
8622
8622
8622
8622
8622
8622
8622
8622
8622
9494
9494
9494
9494
9494
9494
9494
9494
9494
9494
9494
9494
9494
9006
9006
9006
9006
9006
9006
9006
9006
8330
8330
8330
8818
8818
8818
8818
8818
8818
8222
7428
7428
7428
8222
8222
8222
8222
8222
8222
8222
7418
7418
7418
7418
7418
7418
7418
7616
7616
7616
7616
7616
7616
7616
7616
7616
7616
7616
7616
7616
7616
7616
7616
7616
7616
7616
7616
7418
8222
8222
8222
8222
7734
7734
6940
6068
6068
6068
6068
6862
7734
7734
7734
7734
7734
7734
8330
8818
8818
8818
8818
8818
8818
8818
8818
8818
8818
8818
9494
8846
8846
8846
8358
7554
8358
8358
8358
8358
8358
8358
8358
8358
8358
8358
7762
7762
7762
7762
7762
7762
7762
7762
7762
7272
7272
7272
7272
7760
7760
7760
8408
8408
8408
8898
8104
7614
7614
7614
8104
8104
7456
7456
7456
7456
7456
7456
8250
8250
8250
8250
8250
8250
8250
8250
8898
8898
8898
8898
8898
8898
8898
8898
8410
7650
7650
7650
7650
7650
7650
7650
7650
7650
7650
7650
7650
7160
7160
7160
7160
7160
7160
7160
7160
7160
7160
7160
7160
7160
7160
7160
7160
7160
7160
7160
7920
7920
7920
7920
7920
7920
7920
7920
7920
7920
7920
7920
7272
7272
7272
7272
7920
7920
7920
7920
7920
7920
8410
7606
8094
8094
7446
8250
8250
8250
8250
8846
8846
8846
8358
8358
8846
8846
8846
8846
8846
8846
8846
8846
8846
9494
9494
9494
9494
9494
9494
9494
9494
9494
9494
9494
9494
9494
9494
9494
9494
9494
9494
9494
9494
9006
9006
9006
9006
9006
9494
9494
9494
9494
9494
9494
9494
9494
9494
9494
9494
9494
9494
9494
9494
9494
9494
9494
9494
9494
9494
9494
9494
9494
9494
9494
9494
9494
9494
9494
9494
9494
9494
9494
9494
9494
9494
8898
8898
8898
9494
9494
9004
9004
9004
9004
9004
9004
9004
9004
9004
9004
9004
8132
8132
8132
7536
7536
8132
8622
8622
8622
8026
8026
8026
8026
8026
8622
8622
8622
9494
9494
9494
9494
9494
9494
9494
9494
9494
9494
9494
9494
9494
9494
9494
9494
9494
9494
9494
9494
9494
9494
9494
9494
8846
8356
7680
7680
7680
7680
7680
7680
7680
7680
7680
7680
7680
7680
7680
8356
8356
7596
7596
7596
7596
7596
7596
6920
6920
6432
6432
6922
6922
6922
6922
6922
6922
6922
6922
6922
6922
7682
7682
7682
7682
8330
8330
8330
8330
8330
8330
7682
7682
7682
7682
7682
7682
7682
7682
7682
7682
7682
8330
8330
8330
8818
8818
8818
8818
8818
8818
8818
8818
8818
8818
8818
8818
8818
8818
9494
9494
9494
9494
9494
8818
8818
9494
9494
9494
9494
9494
9494
9494
9494
9494
9494
9494
9494
8846
8846
8846
8846
8846
8846
8846
8356
9004
9004
9004
8200
8200
8200
9004
9004
9004
9004
9004
9004
9004
9004
9004
9004
9004
9004
9004
9004
9004
9004
9004
9004
9494
9494
9494
9494
9494
9494
9494
9494
9494
9494
9494
9494
9494
9494
9494
9494
9494
9494
9494
9494
9494
9494
9494
9494
9494
9494
9494
9494
9494
9494
9004
9004
9004
9004
9004
9004
9004
9004
9494
9494
9494
9494
9494
9494
9494
9494
9494
9494
8846
8846
8846
8846
8846
8846
8356
8356
8356
8356
8356
9004
9004
9004
9004
9004
9004
9004
9004
9004
9004
9004
9004
9004
9004
9004
9004
9004
9004
9494
9494
9494
9494
9494
9494
9494
9494
9494
9494
9494
8690
8690
8690
8690
8690
8690
8690
8690
8690
8690
8690
8202
8202
8202
8202
8202
8202
8202
8202
8202
8202
8202
8202
8202
9006
9494
9494
8818
8170
8170
8818
8818
8818
8818
8818
8222
8222
8222
8818
8818
8818
8818
8818
8818
8818
9494
9494
9494
9494
8846
8846
8846
8846
8846
8846
8846
8846
8846
8846
8846
8846
8356
8356
8356
8356
8356
7868
7868
7868
7868
7868
7868
7868
8358
8358
8358
8358
8358
8358
8358
8358
8358
8358
8358
8358
8358
8358
8358
8358
8358
8358
8358
8358
8358
8358
8358
8358
8358
9006
9006
9006
9006
9006
9006
9006
9006
9006
9006
9006
8358
8358
9006
9006
9006
9006
9006
9006
9006
8212
8212
8212
8212
8212
8212
8212
7722
7722
7722
7722
7722
8516
7920
7920
7920
7920
8516
8516
8516
8516
8516
8516
8516
8516
7868
7868
7868
7868
7868
7868
7868
8358
8358
8358
8358
9006
9006
9006
9006
9494
9494
9494
9494
8690
9494
9494
9494
9494
9494
9494
9494
9494
9494
9494
9494
9494
9494
9004
9004
9494
8818
8170
8170
8170
8170
8170
8170
8170
8170
8170
8170
8170
8170
8170
8818
8818
8818
8818
8818
9494
9494
9494
9494
9494
9494
9494
9494
9494
9494
9494
9494
9494
9494
9494
9494
9494
9494
9494
9494
9494
9494
9494
9494
9494
9494
9494
9494
9494
9494
9494
9494
9494
9494
9494
9494
9494
9494
9494
9494
9494
9494
9494
9494
9494
9494
9494
9494
9494
9494
9494
9494
9494
9494
9494
9494
9494
9494
9494
9494
9494
9494
9494
9494
8818
8818
8818
8818
8818
8014
8236
8014
8014
8014
8014
8014
8014
8014
8014
7524
7524
7524
7722
7722
7722
7722
7722
7722
8040
8262
8262
7666
7666
7666
7666
7666
7666
7666
7666
7666
7666
7666
7666
7666
7666
7666
7666
7666
7666
7666
7444
7444
7444
7444
7444
7444
7444
7444
7126
7126
7126
7126
7126
7126
7126
7126
7126
7126
7616
7616
7616
7616
7616
7616
7616
7616
7838
7838
7838
7838
7838
7838
7838
8434
8434
8434
8434
8434
8434
8212
8212
8434
8434
8434
8434
8434
8434
8434
8236
8236
8236
8236
8236
8236
8236
8236
8236
7640
7640
7640
7640
7640
7640
7640
7640
7640
7640
7640
7152
7152
7152
7152
7152
7152
7152
7152
7152
7152
7152
7152
7152
7152
7152
7152
7152
7152
7152
7152
7640
7640
7640
7640
7640
7640
7640
7640
7640
7640
7640
7640
7640
7640
7640
8236
8236
8236
8236
8236
8236
8236
8236
8236
8236
8236
8236
8236
8236
8236
8236
8236
8236
8236
8236
7748
7748
7748
7748
7748
7748
8236
8236
8236
8236
8236
8236
8236
8236
8236
8236
8236
8236
8236
8236
8236
8236
8236
8236
8434
8434
8434
8434
8434
8444
8444
8444
8444
8444
8444
8444
8444
8444
8444
8444
8444
8444
8444
8444
8444
8444
8444
8444
8444
8444
8444
8444
8444
8444
8444
8444
8444
8444
8444
8444
8444
8444
8444
8444
8444
8444
8444
8444
8444
8444
8444
8444
8444
8444
8444
8444
8444
8444
8444
8444
8444
8444
8444
8444
8444
8444
8444
8444
8444
7954
7954
7954
8444
8444
8444
8444
8444
8434
8434
8434
8434
8434
8434
8434
8434
8434
8434
8434
8434
8236
8236
8236
8236
8236
8236
8236
8236
8236
8236
8236
8236
8236
8236
8236
8236
8236
8236
8236
8236
8236
8236
8236
8236
7748
8236
8236
8236
8236
8434
8434
8434
8434
8434
8434
8434
8434
8434
8434
8434
8434
8434
8434
8434
8434
8434
8434
8434
8434
8434
8434
8444
8444
8444
8444
8444
8444
8444
8444
8444
8444
8444
7954
7954
7954
7954
8272
8272
8272
8272
8272
8272
8272
8272
8272
8272
8272
8272
8272
8272
8272
8272
8272
8272
8272
8272
8272
8272
8272
8272
8272
8272
8272
8272
8262
8262
8262
8262
8272
8272
8272
8272
8272
8272
8272
8272
8262
8262
8262
8262
8262
8262
8262
8262
8262
8262
8262
8262
8262
8262
8262
8262
8262
8262
8262
8262
8262
8262
8262
8262
8262
8262
8262
8262
8262
8064
8064
8064
8064
8064
8064
8064
8064
8064
8064
7746
7746
7746
7746
7746
7746
7746
7746
7746
7746
7746
7746
7746
7746
7746
7746
7746
7746
7746
8236
8236
8236
8236
8236
8236
8236
7746
7746
7746
7746
7746
7746
7746
7746
7746
7746
7746
7746
7746
7746
7746
7746
7746
7944
8262
8262
8262
8262
8262
8262
8262
8272
8272
8272
8272
8272
8272
8272
8272
8272
8272
8272
8272
8262
8262
8262
8262
8262
8262
8262
8262
8262
8262
8262
8262
8262
8262
8262
8262
8262
8262
8262
8262
8262
8262
8262
8262
8262
8272
8272
8272
8272
8272
8262
8262
8262
8262
8262
8262
8272
8272
8272
8272
8272
8272
8272
8272
8272
8272
8272
8272
8272
8272
8272
8272
8262
8262
8262
8262
8262
8262
8262
8262
8262
8262
8262
8262
8262
8262
8262
8262
8262
8262
8262
8262
8262
8262
8262
8262
8272
8272
8272
8262
8262
8262
8262
8262
8262
8262
8262
8040
8040
8040
8040
8040
8040
8040
8040
8040
8040
8040
8040
8262
8262
8262
8262
8262
8262
8262
8262
8262
8262
8262
8262
8262
8262
7944
7944
7944
8434
8444
8444
8444
8444
8444
8434
8434
8434
8434
8434
8434
8434
8434
8434
8434
8434
8434
8434
8434
8434
8434
8434
8434
8434
8434
8434
8434
8434
8434
8434
8434
8434
8212
8212
8212
8212
8212
8212
8212
8212
8212
8212
8212
8212
8212
8212
8212
8212
8212
8014
8014
8014
8014
8014
8014
8014
8690
8690
8690
8690
9494
9494
9494
9494
9494
9494
9494
9494
9494
9494
9494
9494
9006
9006
9006
9006
9006
9006
9006
9006
9006
9006
9006
9494
9494
9494
9494
9494
9494
9494
9494
9494
9494
9494
8846
8846
8846
8846
8846
8846
8846
8846
8846
8846
8358
8846
8846
8846
8846
8846
8846
8846
8846
9494
9494
9494
9494
9494
9494
9494
9494
9494
9494
9494
9494
9494
9494
9494
9494
9494
9494
9494
8818
8818
8818
8818
8818
8818
8818
8818
8818
8818
8818
8818
8818
8818
8818
7946
7946
7946
7946
7946
7946
7946
7946
7946
7946
7946
7946
8622
8622
8132
8132
8132
8132
8132
8132
8132
8132
9004
9004
9004
9004
9004
9004
9004
9004
9494
9494
9494
9494
9494
9494
9494
9494
9494
9494
9494
9494
9494
9494
9494
9494
9494
9494
9494
9494
9494
9494
9494
9494
9494
9494
9494
9494
9494
9494
9494
9494
9494
9494
9494
9494
9494
9494
9494
9494
9494
9494
9494
9494
9494
9494
9494
9494
9494
9494
9494
9494
9494
9494
9494
9494
8898
8898
8898
8898
8898
8408
8408
8408
8408
8898
8898
8898
8898
8898
8898
8898
8898
8898
8898
9494
9494
9494
9494
9494
9494
9494
9494
9494
9494
9494
9494
9494
9494
9494
9494
9494
9494
9494
9494
9494
9494
9494
9494
9494
9494
9494
9494
9494
9494
9494
9494
9494
9494
9494
9494
9494
9494
9494
9494
9494
9494
9494
9494
9494
9494
9494
9494
9494
9494
9494
9494
9494
9494
9494
9494
9494
9494
9494
9494
9494
9494
9494
9494
9494
9494
9494
9494
9494
9494
9494
9494
9494
9494
9494
9494
9494
9494
9494
9494
9494
9494
9494
9494
9494
9494
9494
9494
9494
9494
9494
9494
9494
9494
9494
9494
9494
9494
9494
9494
9494
9494
9494
9494
9494
9494
9004
9004
9004
9004
9004
9004
9004
9004
9004
9004
9004
9004
9004
9004
9004
9004
9004
9004
9004
9004
9004
9004
9004
9004
9004
9004
9004
9004
9004
9494
9494
9494
9494
9494
9494
9494
9494
9494
9494
9494
9494
9494
9494
9494
9494
9494
9494
9494
9494
9494
9494
8818
8818
8818
8818
8818
8818
8818
9494
9494
9494
9494
9494
9494
9494
9494
9494
9494
9494
9494
9494
9494
9494
9494
9494
9494
9494
9494
9494
9494
9494
9494
9494
9494
9494
9494
9494
9494
9494
9494
9494
9494
9494
9494
9494
9494
9494
9494
9494
9494
9494
9494
9494
9494
9494
9494
9494
9494
9494
9494
9494
9494
9494
9494
9494
9494
9494
9494
9494
9006
9006
9006
9006
9006
9006
9006
9006
9006
9006
9006
9006
9006
9006
9006
9006
9006
9006
9006
9006
9006
9006
9006
9006
9494
9494
9494
9494
9494
9494
9494
9494
9494
9494
9494
9494
9004
9004
9004
9004
9004
9004
9004
9004
9004
9004
9004
9004
9004
9004
9004
9004
9004
9004
9004
9004
9004
9494
9494
9494
9494
9494
9494
9494
9494
9494
9494
9494
9494
8846
8846
8086
8086
8086
8086
8086
8086
8086
8846
8846
8846
8846
8846
8846
8846
9494
9494
9494
9494
9494
9494
9494
9494
9494
9494
9494
9494
9494
9494
9494
9494
9494
9494
9494
9494
9494
9494
8898
8898
8898
8898
8898
8898
8898
8898
8898
8898
8898
8898
8898
8898
8898
8898
8898
8898
8898
8898
8898
8898
8898
8898
8898
8898
9494
9494
9494
9494
9494
9494
9494
9494
9494
9494
9494
9494
9494
9494
9494
9494
9494
9494
9494
9004
9004
9004
9004
9004
9004
9004
9004
9004
9004
9004
9004
9004
9004
9004
9004
9004
9004
9004
9004
9004
9004
9004
9004
9004
9004
9004
9004
9004
9004
9004
9004
9004
9004
9004
8408
8408
8408
8408
8408
8408
8408
8408
8408
8408
8408
8408
8408
9004
9004
9004
9004
9004
9004
9494
9494
9494
9494
9494
9494
9494
9494
9494
9494
9494
9494
9494
9494
9494
9494
9494
9494
9494
9494
9494
9494
9494
9494
9494
9494
9494
9494
9494
9494
9494
9494
9494
9494
9494
9494
9494
9494
9494
9494
9494
9494
9494
9494
9494
9494
9494
9006
9006
9006
9006
9006
9006
9006
9006
9006
9494
9494
9494
9494
9494
9494
9494
9494
9494
9494
9494
9494
9494
9494
9494
9494
9494
9494
9494
9494
9494
9494
9494
9494
9494
9494
9494
9494
9494
9494
9494
9494
9494
9494
9494
9494
9494
9494
9494
9494
9494
9494
9494
9494
9494
9494
9494
9494
9494
9494
9494
9494
9494
9494
9494
9494
9494
9494
9494
9494
9494
9004
9004
9004
9004
9004
9004
9004
9004
9004
9004
9004
9004
9004
9004
9004
9004
9004
9004
9004
9004
9494
9494
9494
9494
9494
9494
9494
9494
9494
9494
9494
9494
9494
9494
9494
9494
9494
9494
9494
9494
9494
9494
9494
9494
9494
9494
9494
9494
9494
9494
9494
9494
9494
9494
9494
9494
9494
9494
9494
9494
9494
9494
9494
9494
9494
9494
9494
9494
9494
9494
9494
9494
9494
9494
9006
9494
9494
9494
9494
9494
9494
9494
9494
9494
9494
9494
9494
9494
9494
9494
9494
9494
9494
9494
9494
9494
9494
9494
9494
9494
9494
9494
9494
9494
9494
9494
9494
9494
9494
9494
9494
9494
9494
9494
9494
9494
9494
9494
9494
9494
9494
9494
9494
9494
9494
9494
9494
9494
9494
9494
9494
9494
9494
9494
9494
9494
9494
9494
9494
9494
9494
9494
9494
9494
9494
9494
9494
9494
9494
9494
9494
9494
9494
9494
9494
9494
9494
9494
9494
9494
9494
9494
9494
9494
9494
9494
9494
9494
9494
9004
9004
9004
9004
9004
9004
9004
9004
9004
9004
9004
9004
9004
9004
9004
9004
9004
9004
9004
9004
9004
9004
9004
9004
9004
9004
9004
9494
9494
9494
9494
9494
9494
9494
9494
9494
9494
9494
9494
9494
9494
9494
9494
9494
9494
9494
9494
9494
9494
9494
9494
9494
9494
9494
9494
9494
9494
9494
9494
9494
9494
9494
9494
9494
9494
9494
9494
9494
9494
9494
9004
9004
9004
9004
9004
9004
9004
9004
9004
9004
9004
9004
9004
9004
9004
9004
9004
9004
9004
9004
9004
9004
9004
9004
9004
9004
9004
9004
9004
9004
9004
9004
9004
9004
9004
9004
9004
9004
9004
9004
9004
9004
9004
9004
9004
9004
9004
9004
9004
9004
9494
9494
9494
9494
9494
9494
9494
9494
9494
9494
9494
9494
9494
9494
9494
9494
9494
9494
9494
9494
9494
9494
9494
9494
9494
9494
9494
9494
9494
9494
9494
9494
9494
9494
9494
9494
9494
9494
9494
9494
9494
9494
9494
9494
9494
9494
9494
9494
9494
9494
9494
9494
9494
9494
9494
9494
9494
9494
9494
9006
9006
9006
9006
9494
9494
9494
9494
9494
9494
9494
9494
9494
9494
9494
9494
9494
9494
9494
9494
9494
9494
9494
9494
9494
9494
9494
9494
9494
9494
9494
9494
9494
9494
9494
9494
9494
9494
9494
9494
9494
9494
9494
9494
9494
9494
9494
9494
9494
9494
9494
9494
9494
9494
9494
9494
9494
9494
9494
9494
9494
9494
9494
9494
9494
9494
9494
9494
9494
9494
9494
9494
9494
9494
9494
9494
9494
9494
9494
9494
9494
9494
9494
9494
9494
9494
9494
9494
9494
9494
9494
9494
9494
9494
9494
9494
9494
9494
9494
9494
9494
9494
9494
9494
9494
9494
9494
9494
9494
9494
9494
9494
9494
9494
9494
9494
9494
9494
9494
9494
9494
9494
9494
9494
9494
9494
9494
9494
9494
9494
9494
9494
9494
9494
9494
9494
9494
9494
9494
9494
9494
9494
9494
9494
9494
9494
9494
9494
9494
9494
9494
9494
9494
9494
9494
9494
9494
9494
9494
9494
9494
9494
9494
9494
9494
9494
9494
9494
9494
9494
9494
9494
9494
9494
9494
9494
9494
9494
9494
9494
9494
9494
9494
9494
9494
9494
9494
9494
9494
9494
9494
9494
9494
9494
9494
9494
9494
9494
9494
9494
9494
9494
9494
9494
9494
9494
9494
9494
9494
9494
9494
9494
9494
9494
9494
9494
9494
9494
9494
9494
9494
9494
9494
9494
9494
9494
9494
9494
9494
9494
9494
9494
9494
9494
9494
9494
9494
9494
9494
9494
9494
9494
9494
9494
9494
9494
9494
9494
9494
9494
9494
9494
9494
9494
9494
9494
9494
9494
9494
9494
9494
9494
9494
9494
9494
9494
9494
9494
9494
9494
9494
9494
9494
9494
9494
9494
9494
9494
9494
9494
9494
9494
9494
9494
9494
9494
9494
9494
9494
9494
9494
9494
9494
9494
9494
9494
9494
9494
9494
9494
9494
9494
9494
9494
9494
9494
9494
9494
9494
9494
9494
9494
9494
9494
9494
9494
9494
9494
9494
9494
9494
9494
9494
9494
9494
9494
9494
9494
9494
9494
9494
9494
9494
9494
9494
9494
9494
9494
9494
9494
9494
9494
9494
9494
9494
9494
9494
9494
9494
9494
9494
9494
9494
9494
9494
9494
9494
9494
9494
9494
9494
9494
9494
9494
9494
9494
9494
9494
9494
9494
9494
9494
9494
9494
9494
9494
9494
9494
9494
9494
9494
9494
9494
9494
9494
9494
9494
9494
9494
9494
9494
9494
9494
9494
9494
9494
9494
9494
9494
9494
9494
9494
9494
9494
9494
9494
9494
9494
9494
9494
9494
9494
9494
9494
9494
9494
9494
9494
9494
9494
9494
9494
9494
9494
9494
9494
9494
9494
9494
9494
9494
9494
9494
9494
9494
9494
9494
9494
9494
9494
9494
9494
9494
9494
9494
9494
9494
9494
9494
9494
9494
9494
9494
9494
9494
9494
9494
9494
9494
9494
9494
9494
9494
9494
9494
9494
9494
9494
9494
9494
9494
9494
9494
9494
9494
9494
9494
9494
9494
9494
9494
9494
9494
9494
9494
9494
9494
9494
9494
9494
9494
9494
9494
9494
9494
9494
9494
9494
9494
9494
9494
9494
9494
9494
9494
9494
9494
9494
9494
9494
9494
9494
9494
9494
9494
9494
9494
9494
9494
9494
9494
9494
9494
9494
9494
9494
9494
9494
9494
9494
9494
9494
9494
9494
9494
9494
9494
9494
9494
9494
9494
9494
9494
9494
9494
9004
9004
9004
9004
9004
9494
9494
9494
9494
9494
9494
9494
9494
9494
9494
9494
9494
9494
9494
9494
9494
9494
9494
9494
9494
9494
9494
9494
9494
9494
9494
9494
9494
9494
9494
9494
9494
9494
9494
9494
9494
9494
9494
9494
9494
9494
9494
9494
9494
9494
9494
9494
9494
9494
9494
9494
9494
9494
9494
9494
9494
9494
9494
9494
9494
9494
9494
9494
9494
9494
9494
9494
9494
9494
9494
9494
9494
9494
9494
9494
9494
9494
9494
9494
9494
9494
9494
9494
9494
9494
9494
9494
9494
9494
9494
9494
9494
9494
9494
9494
9494
9494
9494
9494
9494
9494
9494
9494
9494
9494
9494
9494
9494
9494
9494
9494
9494
9494
9494
9494
9494
9494
9494
9494
9494
9494
9494
9494
9494
9494
9494
9494
9494
9494
9494
9494
9494
9494
9494
9494
9494
9494
9494
9494
9494
9494
9494
9494
9494
9494
9494
9494
9494
9494
9494
9494
9494
9494
9494
9494
9494
9494
9494
9494
9494
9494
9494
9494
9494
9494
9494
9494
9494
9494
9494
9494
9494
9494
9494
9494
9494
9494
9494
9494
9494
9494
9494
9494
9494
9494
9494
9494
9494
9494
9494
9494
9494
9494
9494
9494
9494
9494
9494
9494
9494
9494
9494
9494
9494
9494
9494
9494
9494
9494
9494
9494
9494
9494
9494
9494
9494
9494
9494
9494
9494
9494
9494
9494
9494
9494
9494
9494
9494
9494
9494
9494
9494
9494
9494
9494
9494
9494
9494
9494
9494
9494
9494
9494
9494
9494
9494
9494
9494
9494
9494
9494
9494
9494
9494
9494
9494
9494
9494
9494
9494
9494
9494
9494
9494
9494
9494
9494
9494
9494
9494
9494
9494
9494
9494
9494
9494
9494
9494
9494
9494
9494
9494
9494
9494
9494
9494
9494
9494
9494
9494
9494
9494
9494
9494
9494
9494
9494
9494
9494
9494
9494
9494
9494
9494
9494
9494
9494
9494
9494
9494
9494
9494
9494
9494
9494
9494
9494
9494
9494
9494
9494
9494
9494
9494
9494
9494
9494
9494
9494
9494
9494
9494
9494
9494
9494
9494
9494
9494
9494
9494
9494
9494
9494
9494
9494
9494
9494
9494
9494
9494
9494
9494
9494
9494
9494
9494
9494
9494
9494
9494
9494
9494
9494
9494
9494
9494
9494
9494
9494
9494
9494
9494
9494
9494
9494
9494
9494
9494
9494
9494
9494
9494
9494
9494
9494
9494
9494
9494
9494
9494
9494
9494
9494
9494
9494
9494
9494
9494
9494
9494
9494
9494
9494
9494
9494
9494
9494
9494
9494
9494
9494
9494
9494
9494
9494
9494
9494
9494
9494
9494
9494
9494
9494
9494
9494
9494
9494
9494
9494
9494
9494
9494
9494
9494
9494
9494
9494
9494
9494
9494
9494
9494
9494
9494
9494
9494
9494
9494
9494
9494
9494
9494
9494
9494
9494
9494
9494
9494
9494
9494
9494
9494
9494
9494
9494
9494
9494
9494
9494
9494
9494
9494
9494
9494
9494
9494
9494
9494
9494
9494
9494
9494
9494
9494
9494
9494
9494
9494
9494
9494
9494
9494
9494
9494
9494
9494
9494
9494
9494
9494
9494
9494
9494
9494
9494
9494
9494
9494
9494
9494
9494
9494
9494
9494
9494
9494
9494
9494
9494
9494
9494
9494
9494
9494
9494
9494
9494
9494
9494
9494
9494
9494
9494
9494
9494
9494
9494
9494
9494
9494
9494
9494
9494
9494
9494
9494
9494
9494
9494
9494
9494
9494
9494
9494
9494
9494
9494
9494
9494
9494
9494
9494
9494
9494
9494
9494
9494
9494
9494
9494
9494
9494
9494
9494
9494
9494
9494
9494
9494
9494
9494
9494
9494
9494
9494
9494
9494
9494
9494
9494
9494
9494
9494
9494
9494
9494
9494
9494
9494
9494
9494
9494
9494
9494
9494
9494
9494
9494
9494
9494
9494
9494
9494
9494
9494
9494
9494
9494
9494
9494
9494
9494
9494
9494
9494
9494
9494
9494
9494
9494
9494
9494
9494
9494
9494
9494
9494
9494
9494
9494
9494
9494
9494
9494
9494
9494
9494
9494
9494
9494
9494
9494
9494
9494
9494
9494
9494
9494
9494
9494
9494
9494
9494
9494
9494
9494
9494
9494
9494
9494
9494
9494
9494
9494
9494
9494
9494
9494
9494
9494
9494
9494
9494
9494
9494
9494
9494
9494
9494
9494
9494
9494
9494
9494
9494
9494
9494
9494
9494
9494
9494
9494
9494
9494
9494
9494
9494
9494
9494
9494
9494
9494
9494
9494
9494
9494
9494
9494
9494
9494
9494
9494
9494
9494
9494
9494
9494
9494
9494
9494
9494
9494
9494
9494
9494
9494
9494
9494
9494
9494
9494
9494
9494
9494
9494
9494
9494
9494
9494
9494
9494
9494
9494
9494
9494
9494
9494
9494
9494
9494
9494
9494
9494
9494
9494
9494
9494
9494
9494
9494
9494
9494
9494
9494
9494
9494
9494
9494
9494
9494
9494
9494
9494
9494
9494
9494
9494
9494
9494
9494
9494
9494
9494
9494
9494
9494
9494
9494
9494
9494
9494
9494
9494
9494
9494
9494
9494
9494
9494
9494
9494
9494
9494
9494
9494
9494
9494
9494
9494
9494
9494
9494
9494
9494
9494
9494
9494
9494
9494
9494
9494
9494
9494
9494
9494
9494
9494
9494
9494
9494
9494
9494
9494
9494
9494
9494
9494
9494
9494
9494
9494
9494
9494
9494
9494
9494
9494
9494
9494
9494
9494
9494
9494
9494
9494
9494
9494
9494
9494
9494
9494
9494
9494
9494
9494
9494
9494
9494
9494
9494
9494
9494
9494
9494
9494
9494
9494
9494
9494
9494
9494
9494
9494
9494
9494
9494
9494
9494
9494
9494
9494
9494
9494
9494
9494
9494
9494
9494
9494
9494
9494
9494
9494
9494
9494
9494
9494
9494
9494
9494
9494
9494
9494
9494
9494
9494
9494
9494
9494
9494
9494
9494
9494
9494
9494
9494
9494
9494
9494
9494
9494
9494
9494
9494
9494
9494
9494
9494
9494
9494
9494
9494
9494
9494
9494
9494
9494
9494
9494
9494
9494
9494
9494
9494
9494
9494
9494
9494
9494
9494
9494
9494
9494
9494
9494
9494
9494
9494
9494
9494
9494
9494
9494
9494
9494
9494
9494
9494
9494
9494
9494
9494
9494
9494
9494
9494
9494
9494
9494
9494
9494
9494
9494
9494
9494
9494
9494
9494
9494
9494
9494
9494
9494
9494
9494
9494
9494
9494
9494
9494
9494
9494
9494
9494
9494
9494
9494
9494
9494
9494
9494
9494
9494
9494
9494
9494
9494
9494
9494
9494
9494
9494
9494
9494
9494
9494
9494
9494
9494
9494
9494
9494
9494
9494
9494
9494
9494
9494
9494
9494
9494
9494
9494
9494
9494
9494
9494
9494
9494
9494
9494
9494
9494
9494
9494
9494
9494
9494
9494
9494
9494
9494
9494
9494
9494
9494
9494
9494
9494
9494
9494
9494
9494
9494
9494
9494
9494
9494
9494
9494
9494
9494
9494
9494
9494
9494
9494
9494
9494
9494
9494
9494
9494
9494
9494
9494
9494
9494
9494
9494
9494
9494
9494
9494
9494
9494
9494
9494
9494
9494
9494
9494
9494
9494
9494
9494
9494
9494
9494
9494
9494
9494
9494
9494
9494
9494
9494
9494
9494
9494
9494
9494
9494
9494
9494
9494
9494
9494
9494
9494
9494
9494
9494
9494
9494
9494
9494
9494
9494
9494
9494
9494
9494
9494
9494
9494
9494
9494
9494
9494
9494
9494
9494
9494
9494
9494
9494
9494
9494
9494
9494
9494
9494
9494
9494
9494
9494
9494
9494
9494
9494
9494
9494
9494
9494
9494
9494
9494
9494
9494
9494
9494
9494
9494
9494
9494
9494
9494
9494
9494
9494
9494
9494
9494
9494
9494
9494
9494
9494
9494
9494
9494
9494
9494
9494
9494
9494
9494
9494
9494
9494
9494
9494
9494
9494
9494
9494
9494
9494
9494
9494
9494
9494
9494
9494
9494
9494
9494
9494
9494
9494
9494
9494
9494
9494
9494
9494
9494
9494
9494
9494
9494
9494
9494
9494
9494
9494
9494
9494
9494
9494
9494
9494
9494
9494
9494
9494
9494
9494
9494
9494
9494
9494
9494
9494
9494
9494
9494
9494
9494
9494
9494
9494
9494
9494
9494
9494
9494
9494
9494
9494
9494
9494
9494
9494
9494
9494
9494
9494
9494
9494
9494
9494
9494
9494
9494
9494
9494
9494
9494
9494
9494
9494
9494
9494
9494
9494
9494
9494
9494
9494
9494
9494
9494
9494
9494
9494
9494
9494
9494
9494
9494
9494
9494
9494
9494
9494
9494
9494
9494
9494
9494
9494
9494
9494
9494
9494
9494
9494
9494
9494
9494
9494
9494
9494
9494
9494
9494
9494
9494
9494
9494
9494
9494
9494
9494
9494
9494
9494
9494
9494
9494
9494
9494
9494
9494
9494
9494
9494
9494
9494
9494
9494
9494
9494
9494
9494
9494
9494
9494
9494
9494
9494
9494
9494
9494
9494
9494
9494
9494
9494
9494
9494
9494
9494
9494
9494
9494
9494
9494
9494
9494
9494
9494
9494
9494
9494
9494
9494
9494
9494
9494
9494
9494
9494
9494
9494
9494
9494
9494
9494
9494
9494
9494
9494
9494
9494
9494
9494
9494
9494
9494
9494
9494
9494
9494
9494
9494
9494
9494
9494
9494
9494
9494
9494
9494
9494
9494
9494
9494
9494
9494
9494
9494
9494
9494
9494
9494
9494
9494
9494
9494
9494
9494
9494
9494
9494
9494
9494
9494
9494
9494
9494
9494
9494
9494
9494
9494
9494
9494
9494
9494
9494
9494
9494
9494
9494
9494
9494
9494
9494
9494
9494
9494
9494
9494
9494
9494
9494
9494
9494
9494
9494
9494
9494
9494
9494
9494
9494
9494
9494
9494
9494
9494
9494
9494
9494
9494
9494
9494
9494
9494
9494
9494
9494
9494
9494
9494
9494
9494
9494
9494
9494
9494
9494
9494
9494
9494
9494
9494
9494
9494
9494
9494
9494
9494
9494
9494
9494
9494
9494
9494
9494
9494
9494
9494
9494
9494
9494
9494
9494
9494
9494
9494
9494
9494
9494
9494
9494
9494
9494
9494
9494
9494
9494
9494
9494
9494
9494
9494
9494
9494
9494
9494
9494
9494
9494
9494
9494
9494
9494
9494
9494
9494
9494
9494
9494
9494
9494
9494
9494
9494
9494
9494
9494
9494
9494
9494
9494
9494
9494
9494
9494
9494
9494
9494
9494
9494
9494
9494
9494
9494
9494
9494
9494
9494
9494
9494
9494
9494
9494
9494
9494
9494
9494
9494
9494
9494
9494
9494
9494
9494
9494
9494
9494
9494
9494
9494
9494
9494
9494
9494
9494
9494
9494
9494
9494
9494
9494
9494
9494
9494
9494
9494
9494
9494
9494
9494
9494
9494
9494
9494
9494
9494
9494
9494
9494
9494
9494
9494
9494
9494
9494
9494
9494
9494
9494
9494
9494
9494
9494
9494
9494
9494
9494
9494
9494
9494
9494
9494
9494
9494
9494
9494
9494
9494
9494
9494
9494
9494
9494
9494
9494
9494
9494
9494
9494
9494
9494
9494
9494
9494
9494
9494
9494
9494
9494
9494
9494
9494
9494
9494
9494
9494
9494
9494
9494
9494
9494
9494
9494
9494
9494
9494
9494
9494
9494
9494
9494
9494
9494
9494
9494
9494
9494
9494
9494
9494
9494
9494
9494
9494
9494
9494
9494
9494
9494
9494
9494
9494
9494
9494
9494
9494
9494
9494
9494
9494
9494
9494
9494
9494
9494
9494
9494
9494
9494
9494
9494
9494
9494
9494
9494
9494
9494
9494
9494
9494
9494
9494
9494
9494
9494
9494
9494
9494
9494
9494
9494
9494
9494
9494
9494
9494
9494
9494
9494
9494
9494
9494
9494
9494
9494
9494
9494
9494
9494
9494
9494
9494
9494
9494
9494
9494
9494
9494
9494
9494
9494
9494
9494
9494
9494
9494
9494
9494
9494
9494
9494
9494
9494
9494
9494
9494
9494
9494
9494
9494
9494
9494
9494
9494
9494
9494
9494
9494
9494
9494
9494
9494
9494
9494
9494
9494
9494
9494
9494
9494
9494
9494
9494
9494
9494
9494
9494
9494
9494
9494
9494
9494
9494
9494
9494
9494
9494
9494
9494
9494
9494
9494
9494
9494
9494
9494
9494
9494
9494
9494
9494
9494
9494
9494
9494
9494
9494
9494
9494
9494
9494
9494
9494
9494
9494
9494
9494
9494
9494
9494
9494
9494
9494
9494
9494
9494
9494
9494
9494
9494
9494
9494
9494
9494
9494
9494
9494
9494
9494
9494
9494
9494
9494
9494
9494
9494
9494
9494
9494
9494
9494
9494
9494
9494
9494
9494
9494
9494
9494
9494
9494
9494
9494
9494
9494
9494
9494
9494
9494
9494
9494
9494
9494
9494
9494
9494
9494
9494
9494
9494
9494
9494
9494
9494
9494
9494
9494
9494
9494
9494
9494
9494
9494
9494
9494
9494
9494
9494
9494
9494
9494
9494
9494
9494
9494
9494
9494
9494
9494
9494
9494
9494
9494
9494
9494
9494
9494
9494
9494
9494
9494
9494
9494
9494
9494
9494
9494
9494
9494
9494
9494
9494
9494
9494
9494
9494
9494
9494
9494
9494
9494
9494
9494
9494
9494
9494
9494
9494
9494
9494
9494
9494
9494
9494
9494
9494
9494
9494
9494
9494
9494
9494
9494
9494
9494
9494
9494
9494
9494
9494
9494
9494
9494
9494
9494
9494
9494
9494
9494
9494
9494
9494
9494
9494
9494
9494
9494
9494
9494
9494
9494
9494
9494
9494
9494
9494
9494
9494
9494
9494
9494
9494
9494
9494
9494
9494
9494
9494
9494
9494
9494
9494
9494
9494
9494
9494
9494
9494
9494
9494
9494
9494
9494
9494
9494
9494
9494
9494
9494
9494
9494
9494
9494
9494
9494
9494
9494
9494
9494
9494
9494
9494
9494
9494
9494
9494
9494
9494
9494
9494
9494
9494
9494
9494
9494
9494
9494
9494
9494
9494
9494
9494
9494
9494
9494
9494
9494
9494
9494
9494
9494
9494
9494
9494
9494
9494
9494
9494
9494
9494
9494
9494
9494
9494
9494
9494
9494
9494
9494
9494
9494
9494
9494
9494
9494
9494
9494
9494
9494
9494
9494
9494
9494
9494
9494
9494
9494
9494
9494
9494
9494
9494
9494
9494
9494
9494
9494
9494
9494
9494
9494
9494
9494
9494
9494
9494
9494
9494
9494
9494
9494
9494
9494
9494
9494
9494
9494
9494
9494
9494
9494
9494
9494
9494
9494
9494
9494
9494
9494
9494
9494
9494
9494
9494
9494
9494
9494
9494
9494
9494
9494
9494
9494
9494
9494
9494
9494
9494
9494
9494
9494
9494
9494
9494
9494
9494
9494
9494
9494
9494
9494
9494
9494
9494
9494
9494
9494
9494
9494
9494
9494
9494
9494
9494
9494
9494
9494
9494
9494
9494
9494
9494
9494
9494
9494
9494
9494
9494
9494
9494
9494
9494
9494
9494
9494
9494
9494
9494
9494
9494
9494
9494
9494
9494
9494
9494
9494
9494
9494
9494
9494
9494
9494
9494
9494
9494
9494
9494
9494
9494
9494
9494
9494
9494
9494
9494
9494
9494
9494
9494
9494
9494
9494
9494
9494
9494
9494
9494
9494
9494
9494
9494
9494
9494
9494
9494
9494
9494
9494
9494
9494
9494
9494
9494
9494
9494
9494
9494
9494
9494
9494
9494
9494
9494
9494
9494
9494
9494
9494
9494
9494
9494
9494
9494
9494
9494
9494
9494
9494
9494
9494
9494
9494
9494
9494
9494
9494
9494
9494
9494
9494
9494
9494
9494
9494
9494
9494
9494
9494
9494
9494
9494
9494
9494
9494
9494
9494
9494
9494
9494
9494
9494
9494
9494
9494
9494
9494
9494
9494
9494
9494
9494
9494
9494
9494
9494
9494
9494
9494
9494
9494
9494
9494
9494
9494
9494
9494
9494
9494
9494
9494
9494
9494
9494
9494
9494
9494
9494
9494
9494
9494
9494
9494
9494
9494
9494
9494
9494
9494
9494
9494
9494
9494
9494
9494
9494
9494
9494
9494
9494
9494
9494
9494
9494
9494
9494
9494
9494
9494
9494
9494
9494
9494
9494
9494
9494
9494
9494
9494
9494
9494
9494
9494
9494
9494
9494
9494
9494
9494
9494
9494
9494
9494
9494
9494
9494
9494
9494
9494
9494
9494
9494
9494
9494
9494
9494
9494
9494
9494
9494
9494
9494
9494
9494
9494
9494
9494
9494
9494
9494
9494
9494
9494
9494
9494
9494
9494
9494
9494
9494
9494
9494
9494
9494
9494
9494
9494
9494
9494
9494
9494
9494
9494
9494
9494
9494
9494
9494
9494
9494
9494
9494
9494
9494
9494
9494
9494
9494
9494
9494
9494
9494
9494
9494
9494
9494
9494
9494
9494
9494
9494
9494
9494
9494
9494
9494
9494
9494
9494
9494
9494
9494
9494
9494
9494
9494
9494
9494
9494
9494
9494
9494
9494
9494
9494
9494
9494
9494
9494
9494
9494
9494
9494
9494
9494
9494
9494
9494
9494
9494
9494
9494
9494
9494
9494
9494
9494
9494
9494
9494
9494
9494
9494
9494
9494
9494
9494
9494
9494
9494
9494
9494
9494
9494
9494
9494
9494
9494
9494
9494
9494
9494
9494
9494
9494
9494
9494
9494
9494
9494
9494
9494
9494
9494
9494
9494
9494
9494
9494
9494
9494
9494
9494
9494
9494
9494
9494
9494
9494
9494
9494
9494
9494
9494
9494
9494
9494
9494
9494
9494
9494
9494
9494
9494
9494
9494
9494
9494
9494
9494
9494
9494
9494
9494
9494
9494
9494
9494
9494
9494
9494
9494
9494
9494
9494
9494
9494
9494
9494
9494
9494
9494
9494
9494
9494
9494
9494
9494
9494
9494
9494
9494
9494
9494
9494
9494
9494
9494
9494
9494
9494
9494
9494
9494
9494
9494
9494
9494
9494
9494
9494
9494
9494
9494
9494
9494
9494
9494
9494
9494
9494
9494
9494
9494
9494
9494
9494
9494
9494
9494
9494
9494
9494
9494
9494
9494
9494
9494
9494
9494
9494
9494
9494
9494
9494
9494
9494
9494
9494
9494
9494
9494
9494
9494
9494
9494
9494
9494
9494
9494
9494
9494
9494
9494
9494
9494
9494
9494
9494
9494
9494
9494
9494
9494
9494
9494
9494
9494
9494
9494
9494
9494
9494
9494
9494
9494
9494
9494
9494
9494
9494
9494
9494
9494
9494
9494
9494
9494
9494
9494
9494
9494
9494
9494
9494
9494
9494
9494
9494
9494
9494
9494
9494
9494
9494
9494
9494
9494
9494
9494
9494
9494
9494
9494
9494
9494
9494
9494
9494
9494
9494
9494
9494
9494
9494
9494
9494
9494
9494
9494
9494
9494
9494
9494
9494
9494
9494
9494
9494
9494
9494
9494
9494
9494
9494
9494
9494
9494
9494
9494
9494
9494
9494
9494
9494
9494
9494
9494
9494
9494
9494
9494
9494
9494
9494
9494
9494
9494
9494
9494
9494
9494
9494
9494
9494
9494
9494
9494
9494
9494
9494
9494
9494
9494
9494
9494
9494
9494
9494
9494
9494
9494
9494
9494
9494
9494
9494
9494
9494
9494
9494
9494
9494
9494
9494
9494
9494
9494
9494
9494
9494
9494
9494
9494
9494
9494
9494
9494
