2880
2478
2722
2722
3158
3560
3671
3719
3474
3633
3633
3931
4445
4544
4496
3982
3658
3559
3939
3503
3551
3552
3393
3717
4231
3907
4343
4295
3781
3379
3374
2832
3346
2910
3234
3239
3675
3674
3674
3675
3048
3147
3549
4176
3796
3498
3499
3499
3255
2853
2417
2576
2575
2574
2818
2304
2846
3144
2985
2741
2741
2742
2790
2785
2737
2110
2512
2513
2672
3108
3135
3036
3281
3254
3353
2951
2951
2554
2798
2474
2375
2374
2130
1694
1721
1476
1873
1872
2196
2244
2758
2759
2760
2765
3392
3365
3745
3447
3446
3473
3771
3870
4114
3816
3789
3247
3136
2739
3281
3281
3182
3183
3428
3455
3455
3857
3613
3099
2775
3073
3073
3587
3560
3559
3017
2858
2456
2780
2482
2481
2878
2879
2878
3280
3391
3011
3309
3336
3878
3540
3540
3492
3194
3574
3547
3983
3984
3984
3739
3342
3342
3342
2906
2933
2933
2306
2405
2025
2270
2608
2609
3236
3284
3236
3235
3632
3533
3581
3243
3238
3337
3581
3482
3238
3238
3337
3289
3725
3323
3078
3237
2695
3075
3075
2639
3075
3413
3314
3319
3563
3563
3562
3562
3964
4063
3739
3337
3338
3094
2935
3477
3721
3383
3382
2755
2358
2406
2704
2605
2850
2850
2850
2308
1872
2308
2281
1983
1872
1492
1492
1444
1768
2106
2107
2155
1831
1493
1249
1249
1348
1592
1592
1751
2148
2175
2176
2017
1773
1932
1931
1772
2070
2472
2467
2368
2123
2447
2692
2697
2692
2697
3239
3191
2893
2892
2940
2543
2141
1627
1622
2249
1622
1627
1871
2251
1709
1704
1709
1709
1808
2146
2146
2688
2146
2543
2516
2192
2187
2814
2973
2925
2952
3354
2974
2975
3299
3410
3410
3311
2909
2914
2803
2479
2480
2528
2092
2091
2043
2091
2190
2190
2570
3112
3112
3013
2386
2359
2761
2516
2511
2622
2649
2973
2925
2925
2925
2925
3552
3010
2899
3010
3552
3150
2906
2954
3356
3654
4168
4168
4057
3677
3776
3438
3390
3826
3667
3125
2723
2967
2570
2972
3369
3614
3290
3295
2893
3231
3230
2833
3157
2913
2399
2796
2360
2360
2261
1937
2181
2617
2220
1922
1923
1923
2247
2247
2358
2517
2919
3461
3841
3841
3461
3025
3405
3504
3180
2935
2836
3233
3747
3409
3250
3349
3348
3321
3619
3646
3647
3349
2835
2293
2591
2586
2586
2587
2190
2514
2487
2388
2547
2546
2387
2387
2784
2784
2789
2788
2788
2490
2649
2490
2589
2584
2922
2922
2678
2922
3464
3469
3131
3567
3025
3363
3363
3119
3278
3792
4090
3792
3792
3395
3792
3681
3676
3049
3347
3188
3188
2752
3379
3538
3649
3649
3538
4080
4324
4760
4760
4436
3922
3923
3526
3527
3527
3526
4040
3413
3461
3461
3025
3422
3084
3711
3467
3791
3902
3929
3929
3631
3004
3004
2845
2521
2494
2653
2654
2257
2501
3128
3133
3431
3769
3721
3477
3477
3477
3801
3642
3887
3507
3105
3264
3263
3258
3660
3322
3322
3758
3322
2920
2406
2161
2405
2081
2405
2432
2480
2479
1852
2232
2121
2121
2459
2079
2324
2951
3465
3366
3367
3764
3716
3174
3173
3174
3285
2888
2729
2618
2666
3208
2964
2964
2965
2720
2719
2395
2797
2798
2771
3207
3306
3333
3035
3359
3657
3359
3604
3505
3510
3509
3807
3371
3482
3641
3343
2716
3096
3048
3048
3096
3097
3395
2853
2694
2292
1968
2212
2754
2727
3163
3052
3449
3449
3401
3400
3499
3499
3526
3427
3182
3182
3230
2833
2589
3216
3215
3215
3459
2917
2481
2580
3016
2968
3510
3755
3128
3129
3240
3288
3283
3039
3198
3198
3600
3600
3599
3599
3500
3202
3202
3599
3354
3355
2975
2975
2461
2413
2461
2350
1914
1866
2493
2929
2902
2564
2862
3186
3187
2889
2888
2889
2888
3268
3782
3380
3380
3385
3226
3226
3564
3184
3179
3477
3879
3880
3880
4039
4138
4138
4143
3805
3263
2866
2464
1837
1864
1975
2517
2517
3144
3482
3383
2869
3266
3265
3313
3265
3509
3508
3509
3508
3481
3883
3884
3884
3883
3639
3480
3480
3481
3995
3671
3157
2819
2814
2973
2973
2973
2576
2278
1842
2278
2279
1652
1657
1684
1684
2022
2017
2315
2829
2802
2643
2642
3269
3317
3562
3451
3695
3694
3695
4075
4080
3678
3837
4234
4234
3854
3853
3609
3610
3610
3854
3965
4367
4208
3666
3665
3268
2832
2534
2534
2858
2344
2741
2741
2900
3336
3634
3629
3629
4143
4242
3806
4348
4010
4011
3614
3316
3316
3268
3704
3731
3730
3631
3520
3493
3890
3376
3132
2973
2974
3022
2974
2538
2974
3218
3329
3627
3726
3481
3529
4043
4288
4177
4177
3780
4118
4515
4191
4143
3805
3804
4128
3614
3515
3516
3516
3272
2870
2969
2996
3107
3445
3121
3120
3121
2876
2765
2766
3280
2942
3266
2942
2506
2908
3246
3570
3570
3232
3133
3181
2667
3181
3181
3181
3186
3159
3158
2616
2616
2954
3198
2684
3120
2493
2652
3279
3306
3008
2981
2584
2182
2480
2481
2480
2475
2586
2587
2984
2983
2984
3386
3048
2750
2639
2644
2639
2395
2071
2395
1993
1557
1556
1854
1859
2103
2104
2484
2087
2082
2484
2920
2622
2649
2490
3004
3004
3103
3348
3507
3507
3183
3135
3134
3134
3134
3107
3107
3218
2838
3176
3474
3229
3118
3117
2681
2343
2184
2522
2008
2008
2035
2036
1738
1983
1984
1885
1890
1646
1244
999
999
1297
1345
1590
2132
2568
2965
3289
3284
3283
3685
3685
3347
3320
3347
3049
2804
2368
2666
3046
3291
3402
3375
3811
3811
3431
3430
3028
2730
2485
2437
2951
2951
3353
3242
3242
3242
2918
2482
2509
2833
2881
2882
2480
2818
3062
2724
2729
2405
2378
2477
2857
3293
3695
3993
3596
3497
3656
3755
3755
4093
4417
4318
4319
4418
4418
4080
3644
3545
3942
3540
3535
3021
3132
3137
3137
2595
2840
2595
3031
3031
3031
3030
3025
2866
2893
2457
2409
2457
2859
2858
2560
2858
3103
3539
3142
3142
3031
2787
2463
2464
2464
2708
2713
2812
3209
2812
2713
2872
3386
3338
3880
3880
3635
4032
4131
3972
3973
4132
4470
4034
3696
4034
3492
3928
4252
3625
3287
3286
3286
2850
3095
2771
3095
3637
3638
3637
3748
4184
3642
3344
3100
3148
3690
4317
3690
3690
3690
3579
3579
3334
3235
3230
3568
3667
3965
3917
3537
3782
3893
3595
3594
3595
3595
3600
3573
3573
3621
3219
3463
3219
3517
3544
3445
2903
2876
2538
2214
2616
2219
1783
1810
2190
2514
2515
2515
2356
2308
2010
2009
2004
1602
1357
1405
1841
2139
2144
2144
2388
2388
3015
2635
2008
2008
2410
2569
2521
2197
1953
1954
2496
2491
1977
2315
2314
2314
1912
2314
2155
2154
2159
2132
2132
1794
1252
1252
1300
1697
2077
2321
2273
2611
2659
2611
2612
2501
2549
2708
2549
2873
2972
2592
2190
2817
2817
2844
2845
2547
2223
2196
2710
2274
2433
2432
2974
2969
2572
2974
3272
3277
3601
3087
3087
3082
2923
3320
3272
3273
3653
3273
3273
3709
3465
3464
3575
3575
3820
3278
2980
2981
2545
2143
2142
2169
2711
3113
2486
2534
2535
2971
2970
2428
2429
2381
2923
2812
2785
2833
3077
3188
3815
3418
3423
3085
2986
3324
3080
3594
3052
3211
3509
3906
3279
3231
3120
2723
2771
2882
2881
2636
3033
2985
2826
2424
2472
2148
2100
2424
2086
2085
2712
3092
3092
2656
2656
2683
2683
2927
2413
2512
2507
2943
2991
2992
2556
2555
2800
2959
2661
2417
2853
2417
2715
2716
2392
2365
2366
2366
2366
2393
1766
2104
1806
2208
2207
2212
2185
2185
2180
2180
2478
2140
2654
2898
2496
3038
2879
3038
2990
3328
3355
3791
3792
3494
3494
2980
2869
3167
2923
2923
2678
2678
3305
3549
3549
3660
3416
3078
2967
3078
2642
2886
3288
3533
3533
3969
3968
3426
3427
3268
3267
3426
3426
3046
3094
2467
2466
2307
2821
2773
2773
3400
3301
3190
2945
3190
3528
3576
3238
2993
3535
3540
3540
3651
3215
2673
2646
2535
2562
1935
2477
2815
2517
2512
2268
2648
2653
2653
2111
2356
2351
2351
2013
2013
2449
2560
2512
2560
2884
3182
2785
3327
3216
3221
3618
3619
3619
3619
3730
3889
3988
3690
3685
3249
3004
3440
3341
3346
2966
3065
3403
3403
3001
3403
2861
2762
2438
2818
3116
2602
2601
2925
2926
2588
2926
2767
3394
3394
3389
2987
2551
2503
2123
2525
2905
3064
2726
2699
2698
3212
3456
3212
3457
3505
3510
3848
3849
3848
3221
3110
2951
3493
3248
2846
3282
3527
2985
2661
2225
1828
1314
1069
1393
1790
1452
1154
1492
1493
2120
1493
1929
2088
2083
2035
2146
2773
2146
2660
2958
3006
3006
3548
3647
3309
3210
3548
3500
4127
4126
3828
3828
3829
3829
3828
3855
3855
3744
3745
3348
3347
3749
3425
3398
3509
3906
3906
3504
3504
3504
3504
3552
3954
4278
3876
3479
3881
3881
3833
3206
3206
2804
2831
2493
2494
1952
1953
2355
2354
1974
2516
2405
2404
2404
2648
2404
2784
2883
3128
3128
3176
3803
3423
3324
3325
3330
3325
2923
2875
2630
2603
2167
2008
2119
2124
2283
1741
1227
1275
1677
2015
1613
1612
2009
1961
2475
2877
3122
2798
2825
3149
3149
3248
3249
3249
2852
2338
2582
2583
2631
3067
3062
3576
3417
3797
4095
4094
3995
3996
3751
3910
3909
3750
3348
3050
3592
3544
3517
3815
3814
3476
3365
3610
3637
3313
3710
3869
4271
4027
4126
4127
3882
3882
3783
4107
4107
3710
3710
3709
3682
3682
3523
3523
3523
3523
3523
3523
3199
2685
2685
2712
2713
2415
2416
2661
2709
3033
3033
3192
3197
3197
2952
2925
2383
1756
1432
1946
2488
3115
3226
3471
3769
3227
3254
3249
3249
3587
3428
3090
2845
3089
3094
2983
2982
3141
2705
3102
3097
2583
3097
3421
3024
3025
3270
3608
3607
4149
4154
3752
3508
3508
3508
3507
3502
3204
3205
3210
2872
2983
2983
2983
3385
3274
3247
3242
3353
3305
2981
2579
2579
2823
2664
2419
2420
2856
2476
2524
2921
3245
2921
2921
2677
2677
2776
2775
3073
3475
3799
3475
3073
3073
2446
2605
2605
2850
2802
2807
3131
3533
3131
2617
2861
3488
3052
3566
3946
3946
3648
4050
3806
3292
3630
3630
3250
2912
2753
3051
3295
3051
3078
3322
3024
2622
2617
3053
2809
3053
2426
2426
2585
2426
2724
2883
2772
2820
2522
2924
3304
3205
3205
3205
3046
3051
3565
3565
3664
3616
3775
4402
4700
4298
3918
3913
3668
4048
4021
3922
4021
4048
3421
3123
3123
3024
3322
3949
3922
4260
3746
4148
4148
4662
4364
4026
3646
3694
3694
4032
3518
4032
4037
4037
4064
3740
3496
3496
2982
2934
2933
2774
3072
3171
3416
3416
3575
3476
2934
2935
3477
3857
3559
3157
3256
3256
2918
2918
2918
2291
1911
1912
1667
1912
1370
1370
1614
1614
2241
2240
1995
2537
3051
2807
2780
2383
2494
2494
2792
2819
2819
3199
2657
2656
2220
2220
1706
1679
1299
1735
2115
1956
1956
2294
2294
2342
2501
2528
2528
3070
3394
3638
3639
3395
3296
3541
3536
3212
3212
2832
2290
2290
2670
2670
2670
3212
3212
3213
3537
3292
3537
3934
4033
4032
4031
4036
3698
3071
3066
2630
3257
2715
3257
3230
3744
3749
3744
3988
3743
3201
3202
3744
3230
3475
3316
3316
3205
2578
2254
2365
2689
2590
2928
3087
3601
3700
4327
4083
4327
3947
3848
3847
3799
3554
3554
3040
3476
3477
3504
3603
3576
3577
3604
3604
3505
3907
4287
4287
4292
3856
3612
3711
3413
2871
3307
3307
2680
2569
2167
1843
2357
2468
2369
2342
2441
2685
2930
2550
2212
2510
3052
2807
2696
3323
3323
3434
3335
2938
2986
3366
3768
3768
3470
3465
3306
3305
3310
3469
3225
2789
2790
2789
3033
3357
3456
3794
3414
3415
3304
3060
3012
3011
3011
2384
2820
3217
3217
2703
3083
3597
4224
3788
3464
3575
3476
3365
3206
2826
2825
3123
2825
2873
2359
2360
2519
2519
2817
2817
2928
2386
2630
2471
2630
2875
3389
3488
2861
2617
2618
2942
2831
2783
2624
2624
2624
2326
2374
2373
2532
2912
2939
2939
3237
3232
3233
2853
3289
3294
3921
3597
3570
3325
3867
3529
3481
3079
2781
2780
3025
3020
3358
3760
3787
3385
3384
2757
2419
2757
3001
3325
3705
3705
3367
3368
3044
2800
2701
2701
3103
3441
3442
3490
3463
3462
3760
3760
3363
3204
3363
3990
3995
3615
3615
3859
3859
3970
3859
3859
3958
4069
3910
3909
4306
4301
4625
4287
4239
3995
4043
4381
4333
4334
4235
4235
3937
3692
3150
3448
3828
3833
3397
3397
3099
2988
3424
3668
3663
3690
3366
3465
2951
2951
3493
3394
2958
3282
2880
2853
3255
2917
2520
2276
2281
2392
2440
2684
2679
2678
2705
2864
2864
2963
3399
3300
2920
2676
2240
2578
2958
3472
3473
3473
2959
2635
2476
2575
2574
2547
2209
2210
1583
1881
1880
2316
2316
2475
2376
2475
2719
2719
2421
2426
2940
2696
3034
3279
2765
2385
2385
2765
3063
3387
3388
3277
3304
3415
3388
3383
3388
3143
3142
2740
3137
3089
2765
2385
2787
2449
2787
2788
3302
3350
3595
3596
3840
3443
3438
3002
3326
3215
3215
3215
3612
3612
3612
3314
3314
3314
3266
2869
2770
2775
2886
2985
2886
2913
2511
2610
2583
2582
2068
1823
1822
1823
1281
1308
1850
1512
2026
2021
2423
3050
3295
3295
3268
3316
2689
2694
2689
3027
2513
2189
2189
2189
2189
1851
1803
1851
1852
2366
2393
2294
2632
2632
2521
2362
2660
2984
2442
2144
2255
2011
2638
2590
2252
2632
2308
2063
2162
2210
2646
2547
2885
3183
3428
3380
3000
2662
2148
2148
2147
2391
2364
2365
2370
2529
2556
2397
2397
2911
2613
3155
3254
3634
3634
3634
4031
4004
3760
4004
4342
3715
3377
2997
2561
2561
2609
2604
2984
3282
2902
3061
3088
3061
2817
2572
2571
2571
2523
2523
2126
2174
2201
2200
2089
2090
2095
2090
2334
2286
2683
2682
2683
2688
2688
3068
3695
3153
3491
3490
3601
3601
3502
3475
2961
3206
3206
2809
2182
2182
2182
1884
2398
2239
2563
2662
3059
3495
3793
3396
3423
3582
3423
3424
3126
3753
3726
3402
3561
3316
3205
3205
3316
3713
3614
3662
4204
3824
3825
3198
3578
3823
3309
2912
3426
3088
3087
2976
3300
3300
3056
3683
4080
3566
3130
3644
3485
3921
3541
3542
3786
4084
3682
3384
3411
3014
3014
2987
2743
2743
2738
2982
3320
3618
4020
4019
3583
3980
3466
3467
3223
3223
2899
2899
2497
2449
2448
2962
3010
2712
3036
2409
2568
3195
3493
2979
2582
2693
2355
2757
2757
2355
2757
3271
2729
2618
2373
2472
2717
2828
2827
2827
2716
2960
2636
2636
2234
2345
2372
2710
2465
2466
2222
2222
2174
2576
2576
2062
2386
2391
2391
2439
2438
2439
2439
2412
2657
2498
2493
3035
2924
2876
2987
3035
3549
3450
3339
3344
3344
3343
3454
3454
3481
3454
3698
3650
3248
3248
3248
3249
3651
3024
3460
3619
3375
3130
3229
3856
4101
4102
3778
3376
2940
2829
2315
2314
2638
2638
3035
3415
2788
3190
3189
3625
4252
4153
3717
3320
3321
3320
2940
3039
2880
2880
2556
2992
3019
3130
3130
3374
3698
3262
2938
2536
2916
2916
3313
3313
3308
3209
3645
3618
3507
3507
3606
3606
3064
3578
3980
4007
4008
4550
4550
4523
4523
4185
4212
4550
4252
3710
3821
4363
3983
3581
3582
3984
3984
3984
3582
3984
3873
3476
3481
3481
2854
2610
2990
2985
3096
3420
3309
3064
3691
3255
2917
3353
2839
2838
2837
3234
3234
3234
3479
3777
3778
3826
3799
3804
3424
3424
3583
3583
3582
3609
3207
3207
3108
3060
3108
2863
2539
2539
2534
2486
2534
2858
2422
2423
2859
2859
2462
2463
2801
3198
3297
3811
4056
4436
4680
4679
4684
4386
4386
4386
4385
4141
4042
4043
3646
3944
3646
3487
3731
3217
3614
3370
3371
3482
3477
3139
3437
3437
3057
3057
2515
2759
2515
3057
3057
3056
2514
2852
2852
2554
2559
2511
2755
2854
2854
2743
2716
2743
3285
2658
3060
3358
3034
2598
2757
3137
3132
3759
3764
3665
4101
3559
3400
3511
3510
3483
3484
3484
3082
3082
2646
2745
3147
3147
2902
2500
2120
1822
1822
1822
1981
2226
2740
2226
2768
2768
2763
2366
2414
2441
2739
2441
2955
2844
2600
2355
2757
2756
3001
3002
3002
3246
3147
3471
3907
3908
3907
3365
3365
3365
3366
3207
2962
2718
2877
2553
2553
2552
2525
2477
2721
2721
3045
3425
3430
3430
3529
3127
3425
3425
3967
3994
3994
3967
4015
3916
3915
4317
3979
4006
4006
4006
4006
3762
3762
3757
3709
3082
3181
3426
4053
4053
4026
3590
4026
4026
4027
3703
3947
3511
3510
3511
3511
3835
3208
3319
3220
2706
2595
2694
3130
3130
3031
3058
3063
3063
2818
2438
2776
2776
2452
2451
2424
2523
2087
2484
2808
2266
2266
2314
2750
3377
3372
3372
3752
3753
3752
3653
3680
3680
3779
3680
3791
3796
3399
3498
3498
3499
4013
4258
4258
4259
4656
4412
4010
3672
3236
2722
2674
2277
2819
2439
2777
2777
3213
3727
3727
3727
3971
4019
4399
4154
4556
4529
4191
4588
4833
4833
4431
4133
3506
3844
3844
3839
3595
3839
3791
4193
4198
3860
3616
3102
3129
3427
4054
3512
3511
3849
3511
3412
3167
3167
3168
3506
3506
3208
3452
3072
3586
3884
4129
3732
3488
3885
3885
3258
3258
3099
2775
2664
2763
2327
2327
2300
2680
3307
3743
3346
3373
3532
4074
3776
4074
4047
4074
4398
4074
3694
4074
3915
4159
4132
4132
4033
4032
4027
4186
4285
4040
3498
3822
3484
3511
3511
3131
3032
3032
3032
3277
3325
2698
2698
3095
3094
2796
3176
3474
3474
4016
4016
3718
4345
4346
4346
4644
4982
4983
4659
4659
4659
4223
4223
4064
4016
4115
4226
4199
4100
3762
4100
4100
3855
4179
3782
3809
3908
3797
3473
3229
3388
3388
3388
3387
3711
3552
3150
3150
2852
2853
3255
3260
3558
3557
3530
3641
3642
4078
4078
4078
3676
3724
3724
3723
3723
3181
3181
3340
3742
3742
3404
3403
3398
3287
3287
3288
3288
2886
2588
2886
3428
3130
3082
3420
3665
3776
3824
3824
3824
4122
4122
3742
3418
3417
3814
3814
3187
2942
2894
2895
3219
3219
3219
3060
3108
3107
2996
2897
3056
2732
2190
2190
2195
2519
3146
3147
3147
3689
3689
4091
4091
4336
4447
4448
4012
3615
3615
3859
3811
4247
4136
4136
4516
4516
4516
4515
4626
4302
3788
4112
3732
3408
3407
3109
3623
3623
3623
3671
3512
3513
3893
3992
3987
3987
3888
3777
3777
3876
3903
4227
4525
4922
4921
4623
4921
4623
4628
4192
3795
3393
3790
4226
3599
3897
3573
3525
3525
3089
3084
3408
3408
4035
3791
3764
3791
4193
4094
4338
3824
3824
3872
3628
3601
3601
3601
3553
3308
3308
3308
3822
4067
4503
4503
4258
4258
3861
3459
3459
3618
3619
3646
3647
3758
3434
3434
3433
3432
3432
3432
3273
2975
2864
2865
3109
3082
3087
3135
3537
3536
3537
3538
3533
3644
3743
3341
3293
3298
2862
3259
3286
3584
3743
3742
3228
2848
2849
2844
2844
2844
3358
3738
3738
3224
3125
3639
3012
3011
3016
2678
2651
2989
3391
3418
3307
3306
3306
3301
3142
3142
3115
2718
2718
2718
2817
3253
2817
3062
2963
3062
3221
3221
3848
3446
3066
3066
2821
2932
2833
2932
2932
2959
3395
3792
4172
4574
4463
4083
3569
3617
3617
3728
3629
3630
4010
4010
4015
3677
3677
3629
3002
3003
2623
2961
3588
3912
4157
3721
4101
4200
3658
3499
3547
3706
3706
3547
4061
4056
3811
4353
3839
3838
3839
3459
3618
3863
3868
3868
3820
3815
3815
3820
3820
3793
3682
3384
3495
3490
3489
3869
3869
3467
3467
2840
2741
3368
2971
2972
2971
2998
2753
2801
2259
2358
2358
2358
2794
3308
3308
3705
4247
4492
4381
4136
4136
4136
4136
4137
4137
3757
3598
3598
3896
4276
4521
4494
4605
4225
4605
4281
3884
3640
3639
3963
4365
4609
4609
4609
4636
4637
4610
4562
4589
4589
4589
4187
4076
4075
3777
3777
3777
3888
4047
3667
3125
3423
3179
3721
3721
3207
2869
2758
2758
2758
3002
3404
2968
3365
3120
3120
3119
3119
2795
3040
3041
2882
2638
2638
2638
2797
2770
2368
2770
2228
1983
1988
2368
2368
2367
2367
2691
2936
3047
3589
3589
2962
3300
3301
3301
3815
4442
4469
4905
4794
4794
4794
4794
4456
4456
4076
3917
3619
3520
3818
3917
3619
3618
3618
3619
3619
3999
3994
3614
3952
3628
3529
3640
3243
3244
3641
3885
3640
3640
3938
4318
4366
4366
4366
4365
3851
4096
3660
3258
2861
3297
3694
3450
3152
3251
3252
3654
3316
3315
3474
3363
3204
3363
3363
3701
3304
3256
3500
3401
3449
3205
3529
3127
3127
3371
3768
3867
3868
3868
3868
4166
3921
3762
3735
3740
3740
3899
3502
3501
3501
3065
3092
2465
2438
2194
2438
2058
2010
2010
2255
2254
1956
2254
2249
2763
2764
3144
3546
3546
3551
3987
4614
4072
4073
3749
4291
4615
4291
4339
4663
4662
4120
3684
4120
4662
4661
4613
4613
4613
4454
4116
3680
4116
3714
3416
3818
3818
3866
4164
3622
3377
3378
3373
2937
2423
1796
1907
1906
2533
2235
2533
2778
3116
3658
3413
3418
3080
2538
2533
2560
2560
2957
2957
2659
2957
2659
2257
2230
2230
2568
2568
3004
3249
3201
3201
3715
3715
3616
3617
3915
3535
4077
4457
4346
4347
4346
3949
3949
3954
3955
3955
3519
2892
2919
2919
3316
3752
3751
3751
4378
3998
4157
4157
4537
4648
4310
4283
4282
3655
3544
3385
2988
2989
3327
2813
2814
2813
2972
2999
2998
2971
3368
2988
3015
3015
3016
2857
2858
2858
3260
3359
2962
2718
2176
2149
2144
2144
2143
2770
3167
3709
3868
3916
3943
3948
3789
4033
4033
4006
4006
3604
3604
3359
3359
3354
3354
3353
3598
3598
3599
4001
4028
4028
3486
3050
3564
3564
4106
4105
3703
3704
3704
3704
3605
3604
3266
3702
3702
4040
3795
3253
3009
2711
3113
3411
3073
3172
3172
3073
3073
3078
2676
2378
2537
2538
2024
2268
2269
2368
2367
2881
2637
2638
3180
3582
3581
3145
3144
3139
3139
3519
3519
3360
3519
3857
3857
4293
3751
3752
3752
3316
3316
3561
3561
3462
3124
3368
3467
3466
3307
3466
3221
3226
3471
3471
3472
3148
3148
3446
3882
3723
4265
4424
4748
4312
4312
4068
4068
4406
4009
4009
4406
4247
4242
4243
4354
3727
3726
3726
3324
3324
3324
3324
3329
3329
3218
3218
3218
2838
2838
2790
2790
2901
2896
2651
2651
2652
2811
2297
2297
1973
1814
2058
2057
2105
1994
1999
1661
1820
2144
2096
2095
2497
2497
2497
2835
2433
2835
2511
2511
2511
2352
2511
2506
2942
2942
2915
2479
2590
3217
3217
3217
3597
3217
3218
2591
3218
3245
3244
3249
3763
3763
3652
3647
3648
3310
3315
3653
3251
3362
3361
3334
3335
2997
2886
3224
3469
3469
3224
3224
3219
3219
3224
3469
3469
3469
3905
3508
3263
3290
3614
3614
3316
3316
3289
3587
3263
3164
3212
3592
3592
3433
3544
3246
3246
3570
3522
3924
3951
3437
3436
3431
3590
3590
3048
3293
3298
3293
3392
3789
3789
4331
4331
4304
3924
3972
3570
3575
3251
3252
3093
2994
2946
2945
2403
2158
2158
2158
2206
2720
2747
2992
3290
3449
3773
3376
3131
3376
3377
3377
3919
4018
3919
3918
4298
4299
4140
3842
3837
3726
3482
3482
3455
3857
3857
3809
3908
3913
3668
3695
3596
3840
3840
3888
3508
3460
3024
3183
3183
3428
3428
3269
3666
3639
3738
3400
3399
3835
3433
3481
3433
3592
3078
3079
3190
2754
3052
2807
2806
3051
3565
3267
3267
3703
3703
3730
3619
3999
3994
3367
3367
3368
2988
2993
2748
3375
3348
3024
3426
3426
3267
3267
2831
2879
2874
2874
2332
2491
2871
2876
2871
2872
3117
2873
3117
3144
3143
3254
3254
3253
3253
3205
3205
3106
3079
3403
3403
3403
3404
3080
3081
3419
3308
2911
3209
3214
2969
2589
2588
2588
3024
3025
3025
3020
2618
2623
2671
2333
2735
2846
3388
3415
3415
3304
2868
2820
2820
2820
3158
3403
3839
3680
3839
3595
3568
3132
3376
3376
3131
3455
3053
2715
2715
2715
2763
2763
3008
2763
2762
3198
3309
3336
3177
3150
2826
2582
2577
2957
2984
2873
3197
3196
3307
3709
3709
3709
3709
3411
3416
3092
3092
3092
3044
3289
3262
3257
3258
3417
3258
3258
3258
3147
3152
3152
3152
3311
2769
2524
2848
2849
2849
2897
3142
3142
3142
2762
2762
3100
3099
3126
3237
2835
3215
3188
2943
2943
3188
3730
3829
3505
3406
3405
3406
3808
4205
4205
4046
4205
3808
3563
3563
3452
3451
2824
2486
2585
2426
2426
2426
2421
2665
2123
2123
2075
2102
2426
2426
2427
2427
2427
2103
2730
2486
1972
2216
2215
2188
2188
2702
2603
2702
2703
2704
3028
3425
3452
3750
4088
3691
3850
4247
4003
4051
4051
4295
4300
4842
4842
4842
5087
4842
4462
4124
3826
3778
3778
4023
4022
3923
3923
3924
4222
4222
3924
3897
4277
4277
4277
4033
4081
3645
3597
3935
4233
4074
3677
3704
3699
3810
3296
3344
3296
3296
3295
3268
3665
3664
3326
3326
3331
3331
3220
3221
3248
3248
2924
3035
3279
3279
3327
3763
3762
3861
3861
3481
3382
3383
3272
2730
2333
2730
3272
3786
3759
3759
3759
3759
3758
3869
3896
3897
3870
3759
3786
3786
3759
3858
3858
3885
3885
3837
3837
3837
3996
3996
3969
4349
4349
3835
3399
3399
3019
3343
3343
3454
3890
3488
3488
3488
3487
3487
3243
3623
3671
3671
3373
3368
3369
3369
3613
3565
3129
3018
3019
3024
3538
3974
4376
4376
3979
4376
4376
4375
3978
3879
3990
3990
4038
3496
3251
3251
3589
3834
3590
3542
3542
3641
3127
2725
3023
3023
3050
2951
2946
2951
2840
2840
2460
2455
2455
2455
2460
2559
2123
2367
2803
2479
2479
2452
2452
2451
2848
2221
2623
2671
2235
2615
2616
2616
2940
2642
2543
2642
2643
2643
2305
2819
2417
2755
2755
2707
2707
2734
2490
2892
2887
2935
2935
3562
3562
3567
4003
4003
4003
3489
3489
3489
3053
3595
3547
3542
3162
3162
3167
3215
3056
3055
3055
3166
3166
3166
3166
3139
3139
2597
2624
2576
3118
3118
3118
3118
3118
3118
3416
3014
2903
2903
2903
2903
3305
3304
3818
3866
4246
4241
4246
4246
4246
4405
4405
4025
3628
3601
4037
4417
3790
4417
4417
3903
4147
4544
4544
4544
4544
4544
4544
4299
4294
3956
3956
4470
4715
5053
4715
4715
4720
4672
4348
4686
4306
4630
4630
4678
4630
4116
3489
3390
3904
3952
4063
4690
4690
4685
4686
4691
4255
3628
3623
3081
3623
3325
3080
3516
3814
3814
3819
3771
3771
3229
3609
3229
2827
2827
2926
2827
3369
3614
3614
3614
3614
3662
3662
3503
3662
3662
3662
3657
3333
2897
3524
3186
3213
3186
3622
3377
3701
3542
3641
4043
4042
4042
4201
4042
3528
3126
3078
2754
2781
3026
3026
3031
3545
3546
3546
3032
3033
3435
3435
3137
3296
2899
2740
2740
2740
3078
3073
3453
3342
3342
3098
3342
3004
3004
3302
3302
3203
3203
3717
4055
3675
3675
3723
4047
4020
4020
3393
3345
3101
3212
3609
3708
3735
3735
3708
4088
3764
3764
3763
3763
3763
4087
4714
4390
3988
3474
3876
3765
4279
4279
4438
4100
3698
3725
4127
4127
4126
4127
3882
3887
4225
4469
3955
3954
3557
3557
3219
2783
2783
3219
3060
3033
3033
3357
3754
3456
3456
3457
3484
3595
3840
3595
3595
3159
3060
3060
3398
3398
3834
3292
3048
2646
2619
2508
2507
2507
2555
2556
2958
2910
3009
3057
3057
2958
3117
3362
3117
3116
3116
3630
3233
3228
3255
3255
3553
3151
3156
3156
3156
3558
3044
3044
3143
3388
3389
3500
3389
3786
3786
3786
3786
3786
3786
3785
3785
3786
3462
3303
2923
3303
3303
3303
3058
3058
3053
3054
3378
3351
3303
3330
3575
3574
3685
4199
3797
3459
3507
3396
3397
2961
2960
3396
3396
3072
2636
2636
2537
2542
2543
2298
2297
2635
2635
2959
2562
2998
3400
3645
3645
3209
3161
3558
3553
3173
3553
3151
3151
2813
2924
3023
3459
3507
3507
3408
3950
3950
4049
3938
3839
3812
3812
3432
3834
3861
3960
4119
4119
4457
4430
4431
3889
3894
3889
3790
3452
3404
3404
2968
3510
3108
3446
3049
2725
3049
3049
2890
2917
3314
2990
2990
3101
2587
2746
2448
2850
3286
2850
2605
2604
2445
2445
2450
2449
2449
2497
2498
2498
2934
2934
2933
3092
3044
2933
2933
3044
3288
3612
3711
4091
4389
4389
4389
4051
3671
3671
3373
3373
3373
3618
3618
3507
2880
2875
2876
2876
3214
3512
3511
3511
3559
3261
3102
3102
2764
2440
2445
2959
2959
2557
2558
2559
2554
2852
2852
2608
2767
3091
3096
3095
3722
3563
3265
3265
3238
3238
3265
2829
2940
2426
2585
2987
2986
2987
3325
3623
3081
3461
3461
3064
3064
3016
2614
2587
2587
2586
2206
2254
2009
2009
2004
2009
2523
2185
2587
2488
2826
2424
2669
2558
2669
2669
2345
2186
2510
2510
2510
2265
2701
2702
3082
3034
3431
3426
3427
3427
3427
2913
2912
2911
2916
2805
2805
2425
2425
2827
2430
2430
2106
2648
2643
2648
2648
2649
2676
2676
3073
3073
3046
3094
3094
3338
3040
3040
3035
3415
3660
3665
3660
3660
3771
3776
4074
4075
4074
3694
3721
3820
3815
3379
3379
3384
3379
3280
3280
3035
3034
3414
3414
3076
3175
3175
3127
3372
3808
4146
4470
4359
4115
4120
4634
4634
4310
3796
3796
3796
3796
3697
3670
3670
3994
3749
3750
3861
4020
4019
4118
4019
4020
3861
3861
3960
3636
3636
3636
3881
3881
3479
3479
3141
3141
3141
3136
3184
3428
3428
3455
3455
3075
3075
3589
3748
3748
4128
4129
3615
3939
3939
3938
3827
3529
3867
3867
3529
4043
4048
4000
3841
3841
3836
3322
2780
2891
2891
2792
2793
2841
3139
3541
4083
3785
3737
3710
3709
3714
3714
4012
4060
4574
3947
3899
3899
3357
3456
3483
3384
3060
2815
2810
3352
3979
3952
4276
3734
3782
3782
3380
3332
3337
3337
3336
3495
3522
3523
3524
3572
3671
3671
3670
3670
3665
3617
3622
3617
3665
3617
4019
3505
3069
3505
3553
2926
3171
3176
3175
2739
3077
3029
3465
3513
4140
3816
3789
3690
4014
4556
4556
5070
5070
5070
4772
4772
4767
4768
4430
4430
4050
4077
3535
3915
3756
3915
3670
3915
3915
3915
3920
3920
4218
4218
4218
3704
4246
4219
4733
4297
4186
4524
4122
3878
4314
4016
3474
3473
3500
3500
3744
4042
4042
3606
3705
3546
3301
3301
3057
2677
2677
2280
2524
2525
2524
2926
2926
2926
2921
3032
2788
2788
2677
2578
2677
2578
2823
2421
2580
3122
3233
3238
3238
3211
3455
3131
3131
3131
3533
3534
3633
4013
4012
3767
4091
4043
4043
4479
4506
4126
3499
3547
3548
3449
3422
3263
3643
3643
3595
3595
3271
3298
3299
3299
3696
3585
3830
3316
3316
3830
3830
4154
4253
4880
4853
4853
4853
4880
4991
4892
4594
4270
4270
4270
3868
4027
4026
3915
3479
3099
3147
3583
3578
3142
3115
3115
3115
3226
3628
3580
3469
3310
3634
3634
3682
3682
3681
3792
3793
4229
4234
3798
3798
4234
4234
4532
4532
4532
4135
4087
4087
4246
4246
4273
4028
4127
3883
3883
3856
3856
3904
3566
3963
3963
3990
3879
3878
3879
3780
3780
3780
3781
3780
3378
3623
3618
3998
4097
4435
4137
3510
3510
3074
3185
3186
2848
2847
2523
3150
3150
3150
2753
3051
2892
3289
3289
3290
3290
3726
3615
3774
3779
3779
3680
3680
3779
3779
4181
3554
3554
3506
3844
3844
3844
3685
3658
3658
3559
3162
3273
3900
4059
3814
3813
3813
4137
4026
3512
3507
3183
3188
3189
3189
3433
3433
3678
3726
3837
4161
4156
4255
4652
5166
4921
4519
4519
4921
4519
4195
4195
3759
3759
3759
3786
3738
3711
4035
4035
4083
4485
4490
4490
4489
4516
4516
4468
4713
4713
4468
4468
4463
4463
4899
4899
4601
4602
4088
4333
4306
4306
4306
3968
3967
3967
3967
3972
3972
3973
4311
3973
3346
3247
3247
3295
2753
3091
3091
3091
3091
3118
3118
3118
3118
3416
3171
3012
2674
2673
3300
2903
2876
2875
3389
3634
3634
3634
4031
3629
3788
4330
4668
4232
4232
4184
4185
4026
4021
4021
4021
4021
3624
4026
4423
4099
3761
3516
3615
3663
3664
3664
3663
3662
3662
3662
3662
3662
4000
3952
3952
3853
3456
3555
3879
4038
4086
4038
4038
3658
3414
3414
2872
2872
2872
2873
3415
3304
3740
3984
4011
4012
3913
3913
3912
4309
3971
3569
3570
3411
3510
3558
3531
3536
3536
3874
3901
3901
3901
3504
3749
3749
3722
3286
3285
3280
3281
3036
3147
2633
2632
2584
2589
2616
2617
3014
2903
2903
2903
3148
3528
3528
3528
3429
3424
3424
3397
3445
3444
3444
3106
3106
3217
3218
3107
3106
3133
3133
2889
3325
3569
3907
4006
3958
4472
4472
4472
4472
4472
4473
4374
4374
4130
4130
3694
3694
4130
4130
4229
4631
4229
4277
4277
4277
4277
4521
4521
4277
4032
4032
3518
3518
3220
3379
3677
3677
3676
3517
3517
3517
3490
3490
3490
3495
3897
3355
3354
3354
3598
3843
3446
3044
3558
3313
3308
3308
3553
3554
4096
4096
4095
4254
4281
4282
3768
3768
3767
3469
3871
3871
3469
3421
3421
3823
3421
3177
3178
3179
3576
3576
3179
3693
3698
4100
4100
4099
3940
3988
3988
3961
3447
3109
3506
3506
3506
4020
4020
4021
4021
4021
4016
4015
4016
3580
3878
3989
3878
3364
3364
3391
3390
3395
3554
3549
3390
3728
3972
3972
3570
3575
3527
3282
3281
2943
2991
2991
2964
2964
2865
2976
2732
2335
2330
2282
2282
2171
2171
2219
2464
2802
2807
2807
2834
3078
3078
3051
2713
2713
2713
2713
3110
2568
2727
2826
3164
3065
3017
3419
3095
2936
3260
3260
3371
3885
3933
3885
3488
3164
3164
3165
3160
3187
2785
2758
2758
3160
3484
3484
3484
3484
3881
3881
3929
3956
3957
3443
3443
3395
3057
3105
2725
2724
2724
2426
2315
2316
2830
2830
2203
2155
2203
2362
2362
2361
2202
2202
2829
2829
2829
2432
2829
3371
3371
3047
2420
2856
3180
2936
3180
3180
3560
3560
3560
3560
3659
3658
3256
3257
3257
3659
4286
4584
4743
5081
5081
5081
5080
4782
4537
4537
4542
4542
4840
4443
4416
4527
4428
3801
3801
3802
4047
4047
4074
3532
3531
3531
3207
3207
3749
4376
4376
4376
4376
4371
4372
4345
4345
4047
3611
3710
3710
3715
3616
3616
3616
3074
3074
3026
3025
3025
3025
3567
3891
3886
3887
3776
4212
4311
4708
4311
4316
4317
4072
4072
4072
3734
3332
3729
3974
3875
3875
3875
3875
3875
4213
4240
4240
4239
4238
4536
4584
4286
4041
4042
4287
4287
4288
3774
3436
3774
3726
3567
3567
4081
4081
3837
3837
3837
3832
3435
2921
2583
2583
2583
2742
2741
2985
3387
3901
3906
3662
3661
3709
3704
3704
3704
3705
3705
3816
3705
3705
3705
3816
4114
4213
4054
4054
4054
3943
3943
4102
4075
3639
3977
4221
4221
4657
4359
4114
4114
4114
3600
3627
3628
4142
4142
3898
3903
3903
3276
3574
3138
3138
2758
3003
2976
2975
2970
2646
2647
2599
2923
2971
2976
3603
2976
3220
3847
3847
4244
4243
3701
3403
3304
3331
3172
3172
3173
3172
3172
3714
3873
3471
3471
3226
3524
2982
2955
3066
3311
3263
3263
3263
3311
3747
3846
3845
3845
3746
3746
3741
3741
3114
3141
2897
3299
3926
3681
3681
3343
3723
3343
3348
3024
3024
2976
2976
2976
3220
3220
3600
3573
3414
3441
3044
3045
3045
3045
3045
3045
2609
3045
3290
3263
3263
3587
3343
3343
3338
3386
3386
3386
3386
3386
3386
3386
3386
3386
3386
3630
3228
3228
3229
3626
3631
3195
3737
3689
3684
3684
3689
3689
4091
4091
4091
4091
4091
4250
4250
4250
4250
4250
4349
4349
4687
4687
4290
4290
4290
4045
4040
4045
4045
4044
3746
4143
3984
3984
4011
4011
4011
4011
4010
3899
3899
3900
3900
3901
3359
3358
3358
3900
3900
3900
3900
3895
3895
3895
3498
3895
4140
4188
4188
4347
4346
3949
4346
4008
4346
4102
3943
4241
4400
4400
4400
4400
4511
4516
4517
4518
4518
4194
4193
4166
4165
4165
4165
4409
4845
4840
4298
4250
4250
4250
4250
4250
4151
4475
4475
4475
4574
4172
4714
4762
4651
4651
4656
4656
4767
4719
4719
4719
4560
4555
4444
4445
4147
4258
4147
4147
4445
4200
4200
4200
4200
3956
3956
3956
3857
3533
3538
3586
3581
3201
3153
2815
2815
2914
2914
2914
2914
3238
3286
3291
3671
3671
3671
3671
3671
3623
3623
3299
3299
3200
3200
3602
3603
3602
3166
3490
3734
3734
3729
3729
4067
4178
4614
4773
4773
4529
4015
4015
4260
4261
4360
4115
4629
4629
4677
4629
4331
3704
3948
3948
3948
3947
3974
3973
3973
3973
3862
3863
3911
3884
3883
4181
3639
3640
3640
3640
3640
3342
3343
3295
3343
3244
3343
3019
3019
3018
2919
2919
2918
2918
2919
3018
3018
3019
3019
3024
3348
3593
3620
3918
3918
3913
3399
3398
3100
3100
3100
3614
3614
3455
3456
3456
3615
3615
3456
3615
4157
4058
4356
4356
4197
4197
4196
4295
4295
4454
4565
4564
4569
4569
4570
4190
4031
4030
3931
3926
3878
3878
3476
3476
3476
3476
3178
3067
3068
3116
3116
3215
3326
3953
4112
4410
4410
3868
4410
4112
4112
4085
4487
4439
4439
4115
3956
3961
4120
4009
4009
4004
3490
4004
4004
4005
3463
3061
2902
2907
2907
2808
2808
3132
3132
2696
2299
2398
2398
2398
2834
3376
2834
2882
2882
2882
2637
2664
2565
2810
2809
2804
2803
3183
2938
2938
2938
3037
3037
3037
3148
3148
3149
3038
3038
3038
2602
3038
3038
3580
3977
3977
3929
3532
3433
3433
3481
3433
3544
3842
3847
4092
4191
3649
3650
3650
4047
3723
3723
3723
3723
4125
3880
3880
4039
4039
4039
4038
4283
4283
4282
4037
4037
3523
3523
3847
3848
4093
4094
4089
3844
3733
3978
3978
3598
3499
3610
3609
3450
3830
4372
4372
4373
4372
3936
3691
3936
3936
3598
4112
4112
4117
4090
4090
3845
3734
3436
3436
3681
3780
3780
3780
3681
3682
3682
3681
3729
3828
3987
3742
3769
3768
3769
3610
3366
3042
3042
3478
3776
4021
3641
3642
3642
3240
2804
2963
2958
2931
3333
3333
2936
2888
3212
3239
3239
3287
3286
3286
3259
3100
3100
3211
3216
3211
3647
3985
3986
4366
4121
4121
4121
4365
4365
4317
4714
4087
4332
4359
4359
4364
4337
4226
3928
3927
3927
3927
4038
4037
4064
4064
3550
3153
3451
3424
3126
3015
3015
3313
3313
3313
3340
3042
3042
3340
3737
3492
3492
3090
3492
3487
3646
3104
3109
3736
3981
4029
3930
3771
3723
3882
3255
3882
3446
3202
3203
3745
3744
4180
3935
3930
3303
2906
2906
2747
2858
2863
3377
3536
3212
3839
3728
3186
3186
3285
3530
4072
4072
3558
3802
3803
3803
3559
3123
3096
3420
3420
3415
3463
3463
3304
2677
2677
2677
2677
3113
3112
3112
3112
3223
3224
3468
3223
3222
3619
3295
3922
3949
3950
3839
3839
3791
3791
3764
4088
3686
3587
3592
4106
4265
4265
4265
4510
4558
4313
4313
4412
4523
4199
4088
4088
4490
4491
4490
4490
4331
4087
3690
3690
3691
3718
3717
3876
3828
3669
3669
3828
3829
3940
3781
4105
4105
4105
3669
3289
3289
2951
3289
2747
2746
2741
2741
3177
3177
3422
3964
3964
4344
3908
3797
3797
3797
4194
4194
4194
4194
4353
4254
4009
3982
3987
3986
4422
4422
4084
4084
4085
4085
4196
3898
3898
3898
3898
3462
3462
3461
3137
3137
2757
3081
3081
3082
3082
3181
3182
3177
3557
3855
4100
4100
4100
3776
3374
3379
3703
3947
4349
4348
3968
3968
3967
3962
3962
3962
3560
3560
3898
3898
3899
3272
3320
3161
3166
3161
3161
2917
2579
2579
2281
2281
2280
2285
2312
2264
2264
2602
2575
2955
3582
3337
3364
3365
3767
3767
3140
3140
3438
3438
3438
3438
2924
2522
2766
3168
3168
3169
3058
3058
2959
3473
3472
3472
3571
3572
3058
3169
3169
3169
3168
3327
3228
3664
3664
3664
3267
3366
3763
4008
4008
3611
3611
3611
3606
3606
3605
4119
4119
3874
4271
3933
3938
3779
3779
3668
3663
3663
3564
3565
3570
3565
3613
3177
3276
3276
3276
3387
3387
3725
3725
3725
3387
3725
3726
3699
3699
3944
3949
4385
4274
4385
4140
4041
4036
4036
3600
3759
3786
4031
4031
4467
4419
4419
4392
4419
4518
4517
4518
4518
4274
4273
4246
3908
3908
3511
3511
3512
3512
3214
3241
3539
3539
3936
3936
3935
4179
3799
3799
3799
3847
4185
4565
4565
4406
4405
4564
4564
4564
4266
4266
4266
3928
3817
3817
3572
3573
3578
3689
3662
3418
3445
3689
3689
3684
3684
3684
3689
3253
3253
3253
3591
3347
3320
3321
3348
3347
3974
3974
3975
3974
3572
3572
3473
3472
3472
3472
3361
3361
3361
3605
3605
2978
2978
2979
2979
2979
2931
3367
3340
3439
3439
3737
3732
3780
3780
3807
3648
3649
3601
3606
3507
3209
3836
3935
4094
4094
4094
4392
4391
4502
4502
4502
4550
4795
4795
4415
4304
4304
3762
3517
3469
3517
3517
3469
3469
3469
3517
3517
3003
3003
2759
2759
2759
2711
2711
2759
2758
3138
3111
3111
3111
3111
3111
3063
3064
3308
3308
3308
3822
3723
4125
3689
3689
3530
3966
3993
3613
3613
3661
4203
4203
4202
4203
4203
4155
4266
4266
4239
4234
4393
4393
4393
4393
4393
4773
4475
4480
4480
4479
4724
4724
4724
5022
5022
5022
5017
5017
4906
4906
4906
4907
4663
4663
4662
4662
4773
4449
4773
4393
4393
4394
4394
4493
4493
4498
4742
4743
4743
4791
4790
4790
4545
4545
4545
4790
4163
4163
4158
4047
4047
4047
3709
3709
3709
4047
4047
3650
4277
4277
4657
5054
4810
4810
4651
4656
4656
4651
4810
4810
5054
4955
4955
4907
5018
5066
5066
4955
4413
4169
4280
4822
4822
4849
4738
4493
4466
4467
4494
4593
4494
4494
4494
4738
4737
4493
4498
4096
4096
4095
4095
4497
4497
4497
4497
3983
3824
4069
4070
4070
4070
4070
3746
3746
3746
3741
3114
3273
3274
3373
3373
3373
4000
3373
3373
3372
3886
3787
4111
4111
4355
4355
4110
3772
3772
3772
3448
3786
3897
3902
3902
3902
3604
3928
4027
3979
3979
3582
3338
3338
3583
3338
3338
3338
3239
3239
3239
3636
3636
3609
3609
3907
3583
3583
3578
3823
4450
4205
4094
4094
4094
4094
4095
4095
4122
4170
3832
3784
3784
4122
4122
4366
4339
4041
4046
4157
4157
4455
4779
4806
4854
4452
4697
4796
4796
5198
5197
5196
4898
4871
4871
4547
4547
4436
4436
4191
3789
3789
4191
3649
3649
3649
3676
3921
3519
3817
4141
3627
3738
3739
3740
4282
4282
3740
3740
3416
3257
3012
3012
3011
2912
2912
2911
2911
2911
2863
2864
2865
2754
3078
3078
3189
3078
3051
3050
3045
3559
3961
3961
3961
4009
3671
3623
3622
3220
3465
3466
3142
3142
3684
3684
3685
4009
4168
4267
4266
4267
4168
4173
4272
3758
3460
3798
3418
3418
3716
3827
3827
3827
3827
3875
3764
3759
3759
3759
4273
4114
4141
4140
4140
4041
4042
4042
4042
4201
4201
3877
3876
3876
4278
4602
4701
4187
4187
4298
4053
4298
4299
4299
4299
4299
4299
4299
4299
4140
4140
4092
4092
4097
4096
4095
3771
3369
3883
3883
4263
4263
3827
3529
3965
4263
4152
4147
4147
4147
4147
4306
4307
4208
4213
4208
4207
4609
4708
4708
4463
4463
4066
4066
3907
3912
3960
3912
3476
3232
3232
3133
3181
3182
3182
3506
3506
3617
3861
3861
3861
3861
3563
3722
3821
4119
4119
4119
4119
4119
4555
4550
4550
4008
4008
4008
4013
4013
3769
4013
4013
4008
3960
3580
3585
3585
3585
3586
3559
4101
4481
4382
4377
4425
4425
4425
4425
4425
4524
4524
4524
4524
4365
4365
4392
4392
4392
4392
4392
4054
4059
4032
4032
3984
3984
4322
4024
4269
4666
4661
4661
4688
4986
4986
5145
5150
5150
5150
5051
5051
4940
4940
4939
4940
4940
5051
5051
5051
5024
5024
5024
5051
5051
5046
5046
4935
4983
4659
4632
4230
4182
4182
4182
4023
3778
3889
3889
3888
3777
3936
4260
4260
4359
4761
4761
4423
4424
4424
4180
4179
4290
4291
4296
4185
4185
4185
3887
3451
3450
3291
3318
3366
3664
3565
3724
3097
3049
3160
3160
2780
2780
3216
3189
3216
3217
3265
3603
3598
3598
3978
3978
3978
3983
4610
4610
4609
4609
4582
4582
4180
4180
4180
4180
4181
4180
4424
4424
4523
4475
4502
4066
4468
4713
4761
4713
4713
4713
4708
4708
4708
4609
5045
4643
4643
4643
4319
4418
4319
3805
3805
3805
4319
3981
3986
3550
3649
3649
3973
4021
3507
3480
3479
3817
3818
3813
3515
3951
3951
3903
3904
3659
3659
3707
4221
4221
4221
4623
4623
4623
4623
4575
4575
4331
4331
4331
4331
4232
3894
3899
3899
3788
3788
3887
3886
4224
4469
4470
4470
4470
4073
4073
4072
3973
3973
3973
3973
3973
3973
4072
4099
4099
4099
4094
4094
4205
4602
4602
4602
4278
4278
4522
4521
4422
4422
4178
3742
3404
3159
3497
3095
3100
3199
3199
3523
3767
3767
3767
3767
3740
3985
4387
4288
3746
3794
3794
4092
4092
4092
3848
3875
3875
3875
3876
3975
3975
3948
3948
4384
4411
4953
4926
4926
4926
4926
4926
4628
4226
4115
4115
3956
3956
3956
3956
3908
3908
3956
3857
3612
3612
3612
3611
3611
3611
3611
3638
3882
3877
4279
4280
3883
4128
4101
4053
4164
4462
4462
4859
4907
4527
4526
4531
4526
4526
4124
4124
4124
4124
4124
4076
4175
4577
4253
4142
3745
3745
4069
4070
4450
4152
4152
4151
4152
4151
4151
4449
4449
4454
3912
3912
4309
4851
4851
4852
4963
4964
4640
4260
4149
4197
4196
4223
4223
4223
4223
4124
4124
4124
4119
4119
3722
3695
4075
4075
4186
4075
4399
4399
4399
4796
4801
4801
4900
4852
4450
4351
4351
4027
4022
4121
4523
4571
4571
4326
4437
4001
3621
4057
4437
4035
4437
4139
4139
4139
4166
4166
4490
4166
3786
3785
3758
3514
3514
3519
3408
3519
3471
3035
3030
3275
3275
3275
3275
3276
3276
3281
3281
3276
3712
3711
4091
3992
3881
3881
3484
3484
3484
3484
3782
3782
3782
3782
3444
3444
3444
3444
3444
3146
3146
3146
3444
3444
3444
3444
3444
3444
3008
3332
3332
3332
3332
3332
3332
3768
4165
4165
4165
3841
3841
4085
4085
4409
4409
4409
4409
4409
4409
4409
4409
4409
4164
4164
4164
4164
4164
4409
4409
4409
4409
4409
4409
4409
4409
4409
4409
4111
3866
4204
4449
4449
4449
4449
4449
4449
4125
3880
3880
3880
3880
3880
3880
3542
3542
3542
3542
3542
3542
3140
3140
3140
3140
3140
3251
3140
3140
3299
3299
3299
3299
3623
3623
3623
3623
3623
3734
3734
3734
3734
3734
3734
3575
3575
3575
3575
3820
3820
3575
3575
3575
3575
3575
3575
3734
3734
3734
4032
4032
3873
3873
3873
4118
4118
4118
4118
3873
3762
3762
3762
3762
3762
3762
3762
3762
3762
3861
3861
4020
4020
4020
4020
4020
4020
4020
4020
4020
4020
4020
4020
4020
4020
4020
3722
3722
3722
3722
3722
3722
3722
3722
3722
3722
3563
3563
3563
3563
3674
3674
3575
3575
3575
3575
3575
3575
3575
3820
3820
3820
3820
3709
3709
3464
3802
3802
3802
3802
3802
3802
3802
3802
3802
3802
3802
3802
3961
3961
3961
3961
3961
3961
3961
3961
3802
3802
3802
3802
3802
3802
3802
3802
3961
3961
3961
3961
3961
3961
4259
4259
4259
4259
4259
4259
4259
4259
4259
4259
3961
3961
3961
3961
3961
3961
4363
4363
4608
4608
4608
4608
4613
4613
4724
4724
4724
4724
4724
4772
4772
5070
4732
4732
4573
4672
4045
4045
4045
4045
4672
4672
4831
4831
4783
4347
4685
4685
5121
5121
5121
5121
5022
5017
5017
5018
4680
4728
4733
4733
4733
4733
4760
4760
4760
4760
4755
5093
5093
4696
4451
4207
3909
3909
3914
4311
4152
4311
4609
4582
4582
4609
4609
4609
4609
4853
4742
4742
4853
4853
4853
4854
4854
4854
4418
4517
4512
4512
4512
4464
4464
4709
4757
4757
4757
4757
4598
4597
4596
4596
4755
4755
4241
4241
4241
4241
4241
4755
4358
4359
4260
4265
4265
4265
4662
4662
4503
4503
4503
4503
4503
4179
4179
4278
4279
4274
4274
4279
4715
4715
4715
4715
4715
4715
4715
4715
4714
4603
4603
4603
4504
4206
4530
4150
3812
3971
4269
4110
4110
4110
4110
4109
4109
4109
4109
4447
4420
4421
4421
4373
4373
4373
4373
4368
4368
4395
4395
4395
4395
4396
4151
3813
4058
4217
4222
4222
3977
3972
3648
3747
3858
3858
3858
3614
3587
3832
3832
3673
3672
3673
3700
3298
3636
3609
3609
4011
4011
3900
3801
3801
3800
3800
3800
3800
3800
3398
3398
3399
3426
3426
3426
3425
3584
3683
3794
3794
3794
3794
4174
4174
4174
4222
4222
4466
4128
4128
4128
4128
4128
4128
3614
3614
4016
3718
3619
3943
4281
4281
3879
3852
3852
3693
3693
3693
3693
3693
3693
3693
3693
3991
3990
3652
3657
3546
3645
3756
3458
3459
3459
3459
3459
3454
3454
3459
3459
3459
3486
3459
3861
4020
3909
4423
4424
4423
4375
3978
3734
3734
3734
4072
4072
4072
3558
3558
3558
3955
3856
3857
3884
4128
4128
4239
3995
4509
4509
4504
4603
4608
4228
4201
4499
4743
5123
5123
4878
4878
4580
4579
4627
4627
4627
4622
4623
4299
4299
3961
4299
4298
4298
4596
4596
4920
4920
4920
4920
4920
4925
4925
4681
4357
4358
4247
3620
3620
3620
3620
3620
3282
3282
2768
3106
3007
3251
3251
3278
3278
3792
3356
2976
3300
3300
3252
3879
3879
3879
3879
3879
3879
3978
4026
3867
4303
4302
4413
4413
4793
4793
4793
4745
4904
4904
4903
5148
5148
5037
5037
5037
4713
4708
4708
4708
4819
4819
5143
4741
4714
4555
4217
4217
3972
3977
3977
3977
3977
3977
3977
3972
3972
3972
4131
3972
3972
3977
3977
3972
3972
3972
3972
3972
4131
4131
4131
4131
4131
4131
4131
4131
4131
4131
4131
4131
4131
4131
4131
3972
3861
4020
3921
4020
4131
4131
4131
4131
4131
4032
4032
4032
4131
4131
4032
4032
4032
4032
4032
4032
3734
3734
3734
3734
4032
4032
4032
4032
4032
4032
4032
4032
4032
4032
4032
4032
4032
4032
4032
4032
4032
3921
3921
3921
3762
3762
3762
3762
4007
4007
4007
3763
4165
4165
4165
4165
4165
3729
4165
4165
4165
4165
4409
4409
4409
4409
4409
4409
4409
4409
4409
4409
4111
4111
4111
4111
4111
4111
4111
4111
4111
4111
4111
4449
4449
4449
4449
4747
4747
4747
4747
4747
4747
4747
4747
4747
4747
4747
4503
4503
4503
3989
3989
3989
3989
3989
3989
3989
3989
3989
3989
3989
3609
3609
3609
3609
3609
3609
3609
3609
3271
3271
3785
3785
3785
3785
3785
3785
3785
3785
3785
3785
3785
3785
3785
3785
3785
3785
3785
3785
3785
3785
3785
3785
4123
4123
4123
4503
4503
4503
4503
4503
4503
4179
4179
4179
4179
4423
4423
4423
4423
4423
4423
4423
4423
4423
4125
3880
3880
3880
3880
3444
3444
3444
3047
3444
3742
3742
3742
3742
3742
3987
3743
3743
3791
3743
3987
3987
3987
3987
4423
4423
3987
3742
3742
3742
3742
3742
3742
3742
3742
3742
3742
3790
3790
3790
3795
4040
3992
4103
3992
4019
4178
4178
4178
4614
4212
4212
4614
4614
4662
4761
5085
5085
5196
5169
5170
4846
4449
4204
4205
4204
4204
4204
4204
4204
4204
4204
4528
4527
4527
4528
4528
4925
4826
4821
4441
4441
4117
4117
4122
4446
4446
4446
4446
4473
4473
4473
4473
4362
4357
4357
4358
4363
4204
4199
3861
4020
4400
4405
4516
4761
4761
4516
4405
4405
4378
4489
4488
4487
4487
4487
4487
4487
4488
4488
4488
4488
4488
4488
4483
4510
4462
4303
4303
4402
4561
4561
4462
4462
4467
4566
4566
4164
4502
4403
4065
4065
3954
3954
3954
4002
4404
3890
3890
4404
4404
4356
4356
4355
3975
4074
3915
3915
3916
3916
3917
3916
4254
4413
4413
4413
4793
4793
4794
4789
4789
4788
4629
4740
4985
4647
4647
4646
4104
4104
4263
4264
4264
4264
4020
4020
4020
4019
4019
4019
4019
3639
3639
3644
3644
4024
4072
4024
3726
3627
3965
3965
4507
4805
4853
4853
4854
4854
4854
4953
4953
4953
4708
4708
4708
4953
4615
4615
4504
4504
4477
4476
4476
4476
4503
4503
4504
4504
4504
4504
4206
4206
4206
4179
4179
4178
4178
4178
4422
4449
4450
4561
4317
4317
4317
4317
4317
4317
4312
4285
4623
4464
4464
4464
4463
4622
4649
4622
4622
4511
4511
4511
4511
4809
4836
5080
5085
5080
5085
5058
5058
5058
5058
4656
4412
4364
4026
4026
4026
4026
4270
3873
3873
3873
3873
3873
3873
3868
3869
4271
4271
4319
4319
4430
4430
3994
3994
3835
3835
3835
3835
3835
3835
3835
3724
3426
3764
4062
4061
4062
4173
4172
4172
4172
4173
4200
4200
4200
4152
4200
4101
4101
4101
4101
4101
4101
4102
4102
4107
3996
3616
3611
3616
3611
3313
3318
3270
3706
4004
4003
4003
4003
4004
4163
4163
4211
4210
4209
4210
4210
4209
4209
4204
4205
4205
4204
3690
3690
3690
3690
3690
3690
3690
4087
4092
4472
4472
4583
4584
4579
4241
4246
4246
4246
4219
4246
4246
4246
4246
4246
4246
4246
4246
4246
4247
4247
4247
4247
4246
3948
3943
3943
3943
3942
3943
3943
4241
4241
4082
4082
4241
4241
4242
4756
4242
4242
4241
4241
4241
4241
3997
3998
3998
3562
3567
3905
3905
3905
3905
3857
3905
3905
3905
3905
3905
3905
4149
4148
4662
4662
4265
4265
4260
4265
4265
4265
4265
4265
4265
4265
4217
4217
4217
4217
4212
4260
4359
4795
4795
4795
4497
4498
4503
4476
4476
4475
4476
4475
4427
4427
4427
4316
4316
4364
4316
4614
4614
4609
4364
4265
4292
4689
4690
4352
4463
4139
4187
4187
4187
4187
3889
3889
3889
3888
3889
3889
3894
3894
3735
3735
4073
4371
4371
4371
4323
4296
4296
4296
4323
4323
4482
4482
4481
4529
4285
4237
4238
4337
4332
4332
4332
4656
4661
4661
4709
4598
4709
4195
4195
4147
4147
4147
4147
4147
4392
3956
3956
3956
3955
3955
3955
3710
3710
3955
3955
3955
3796
3697
4133
4133
4647
4647
4648
4648
4648
4648
4648
4403
4403
4562
4806
4806
4695
4695
4695
4695
4695
4397
4397
4397
4397
4445
4690
4254
4253
4205
4205
4046
4046
4145
4581
4879
4555
4310
4283
4282
4282
4183
4210
4321
4316
4364
4364
4609
4561
4561
4561
4561
4561
4562
4661
4660
4660
4660
4660
4660
4708
4867
4867
4868
5192
5192
5192
5192
5197
5197
5170
5170
5165
5165
5170
5170
5170
5122
5170
5170
5170
4872
5170
5170
4846
4841
4842
5166
5166
4868
4709
4709
4610
4610
4769
4796
4685
4685
4288
4288
4685
4288
4288
4240
4240
4245
4245
4245
4356
4753
4726
4725
4401
4699
4699
4694
4694
5018
5018
4638
4665
4664
4664
4664
4505
4505
4505
4505
4553
4553
4553
4558
4558
4559
4235
4235
4615
3988
3961
4285
4285
4285
4285
4384
4384
4384
4384
4384
3842
3842
3743
3743
3743
3902
3791
3818
3819
3930
3685
3685
3685
3685
3361
3606
4148
4148
4148
4148
3768
3768
3768
3867
4191
4190
4570
4570
4570
4570
4570
4570
4522
3980
3981
3981
4608
4608
4608
4608
4608
4656
4545
4545
4446
4446
4201
4201
4201
4201
4201
4201
4201
4201
4446
4446
4398
4397
4397
4396
4396
4507
4071
4170
4171
4171
4171
4219
4219
4219
4219
4171
4219
4120
4662
4661
4661
4661
4661
4417
4417
4417
4516
4516
4517
4516
4489
4489
4489
4191
3794
3695
3584
3584
3584
3585
3982
4280
4280
4275
3937
3937
3937
3964
3964
4208
4208
3806
4208
4207
4318
4319
4319
4319
4208
4208
4208
3806
3805
3806
3811
3811
3922
3922
3922
3922
3917
3918
3917
4353
3839
3844
4246
4246
4246
4246
4247
4247
4220
4220
4734
4734
4734
4833
4832
4831
4831
4587
4488
4440
4440
4435
4038
4065
3820
3825
4070
4070
4070
4070
4408
4507
4904
4904
4952
4550
4502
4904
4905
4905
4905
5149
4905
4607
4607
4496
4496
4491
4602
4491
4491
4464
4464
4464
4762
4762
4762
4873
4873
4900
4900
5144
5192
5193
5193
5193
5193
5193
5193
5082
4702
4702
4702
4702
4702
4701
4812
4701
4653
4653
4653
4653
4764
4764
4519
4519
4524
4523
4523
4225
4225
4126
4127
3968
4067
4067
4226
4199
4199
4199
4497
4497
4497
4497
4497
4492
4491
4491
4518
4518
4518
4763
4763
4763
4763
4763
4764
4440
4440
4195
4195
4195
3759
3758
3758
3758
3758
3731
4111
4435
4336
4363
4364
4205
4205
3867
3867
4026
4462
4510
4462
4462
4462
4467
4468
4468
4468
4713
4686
4686
4713
4712
4712
4712
4712
4712
4713
5051
5051
5024
5051
5050
5050
5050
5045
5045
5044
5044
5044
5044
5044
5045
5045
5045
5044
5045
5018
5017
5116
5117
5116
5121
5121
5121
4724
4724
4613
4613
4614
4614
4614
4614
4614
4290
4290
4291
4291
4291
4132
4132
4131
4131
4131
4131
4131
4158
4158
4131
4131
4455
4356
4455
4455
4157
4157
4554
4455
4454
4454
4454
4502
4502
4661
4760
4661
4661
4656
4656
4656
4656
4656
4656
4142
4142
4142
4253
4253
4280
4169
4169
4169
4169
4169
4169
4169
4170
4170
4170
4011
4309
4308
4467
4467
4467
4467
4467
4467
4468
4473
4135
4135
4087
4086
3841
3841
3841
3836
4350
4350
4191
4436
4437
4437
4437
4436
4436
4437
4536
4100
4100
4100
4101
4002
4002
4002
4002
4050
4050
4050
4050
4050
4050
4209
4209
4050
4050
4161
4161
4597
4602
4222
4222
4222
4321
4320
4320
4320
4320
4320
4075
4075
4074
4319
4319
4075
3777
3778
3778
3778
4076
4076
4320
4272
4271
4609
4989
4989
4989
4990
4990
5149
5149
5149
5149
5149
5149
5149
4905
5149
5149
4747
4311
4747
4747
4742
4790
4790
4742
4742
4742
5144
4630
4603
4602
4602
4602
4603
4603
4651
4651
4651
4353
4354
4354
4109
4109
4109
4109
4623
4623
4623
4623
4623
4623
4623
4575
4575
4575
4575
4580
4183
4024
4024
4269
4269
4269
4296
4269
4296
4295
4184
3846
3466
3514
3515
3515
3515
3515
3467
3467
3467
3467
3467
3467
3847
3958
4296
4296
4296
4269
4269
4264
4264
4264
4312
4312
4610
4511
4511
4516
4516
4516
4516
4615
4370
4370
4397
4397
4397
4397
4396
4641
4614
4614
4614
4614
4614
4212
4212
4239
4234
4234
4393
4795
4795
4795
4696
4696
4696
4696
4696
4696
4701
4702
4654
4653
4653
4654
5051
5150
5150
5150
5150
5150
5123
5171
5072
5071
5071
5071
5071
4691
4691
4691
4691
4691
4691
4691
4691
4691
5071
5071
5098
5071
4826
4825
4527
4527
4527
4528
4555
4555
4555
4853
4853
4853
4853
4742
4987
4987
4987
4987
4987
4988
4988
4988
4988
4988
4988
4961
4956
4956
4956
4797
4797
4796
4955
4982
4981
4986
4584
4584
4585
4580
4580
4183
4024
4421
4421
4520
4922
4922
4922
4874
4874
4985
4985
4986
4986
4986
4986
4986
5034
5034
5034
5034
5034
4789
4741
4714
4714
4762
4762
4767
4767
4762
4382
3985
3985
4382
4382
4381
4381
4761
4761
4788
4789
4948
4948
4947
4920
4947
4947
4947
4947
4947
4899
4899
4899
4898
4898
4496
4397
4402
4402
4403
4403
4376
4376
4376
4371
4371
4260
4260
4371
4616
4505
4504
4504
4504
4505
4505
4505
4510
4510
4510
4351
4027
4027
3782
3781
3781
3781
3781
3781
3781
3781
3781
3781
3537
3537
3696
3795
3796
3907
3907
3796
3796
4041
4068
4068
4069
4069
4064
4064
4069
4069
4068
4068
3969
4371
4371
4371
4372
4372
4372
4372
4371
4371
4372
4616
4615
4614
4276
4277
4276
4277
4277
4250
4250
4250
4250
4277
4277
4277
4277
4277
4277
4388
4487
4486
4242
4242
4242
4215
4539
4566
4566
4566
4566
4566
4566
4566
4566
4566
4561
4450
4788
4788
4836
4538
4539
4539
4539
4650
4650
4948
4948
4948
4948
4953
5197
5197
5197
5197
5197
5196
5196
5191
5191
5143
5143
5143
4741
4789
4789
4392
4393
4393
4393
4282
4282
4255
4254
4656
4557
4557
4557
4656
4656
4656
4656
4656
4656
4656
4608
4608
4509
4509
4264
4265
4376
4376
4376
4475
4475
4475
4475
4475
4364
4363
4760
4516
4516
4516
4516
4516
4516
4516
4417
4418
4418
4418
4418
4445
4445
4445
4445
4147
4258
4258
4357
4356
4356
4329
4356
4356
4600
4601
4601
4602
4503
4748
4753
4753
4753
4508
4508
4753
4594
4593
4752
4752
4752
4800
4800
4800
4800
4800
4800
4773
4773
4773
4773
4773
4773
4773
4872
4872
4867
4872
4824
4197
4245
4272
4245
4245
4244
4244
4542
4542
4542
4569
4569
4569
4570
4570
4471
4471
4471
4444
4445
4440
4440
5067
5067
5019
4775
4775
4774
4773
4773
4773
4773
4662
4663
4907
5006
5007
5007
5006
5006
5005
5005
5005
5005
5116
5116
5116
5116
5116
5005
5005
5006
5006
5006
5006
5054
4512
4513
4512
4512
4512
4512
4464
5006
5005
5010
4766
4766
4766
4766
4766
4667
4668
4667
4667
4667
4911
5022
5022
5022
5022
5023
5023
5050
5045
5045
4934
4537
4536
4536
4536
4536
4536
4536
4292
4292
4292
4265
4265
4292
4292
4293
4293
4293
4298
4139
4139
4112
4112
4112
4112
3814
3925
4223
4223
4223
4382
4626
4626
4626
4625
4626
4674
4669
4669
4674
4669
4669
4696
4696
4648
4648
4648
4653
4653
4653
4653
4653
4653
4626
4725
4773
4774
4774
4774
4774
4769
4367
3931
3930
3930
3930
4327
4354
4359
4359
4359
4761
4761
4761
4761
5197
5197
5198
4874
4874
4874
4874
4874
4874
4874
4873
5197
5197
5197
5086
5086
5086
5086
5086
5086
4459
4459
4459
4459
4460
4455
4455
4455
5082
5082
5082
5193
5082
5081
5081
4743
4716
4717
4744
4744
4749
4650
4405
4405
4246
4198
4246
4357
4352
4352
4352
4352
4351
4351
4351
4450
4450
4455
4455
4455
4455
4455
4455
4455
4450
4450
4450
4053
4052
4297
4694
4694
4694
4694
4694
4695
4695
4700
4700
5038
5038
5033
5033
4985
5033
4934
4933
4934
4935
5094
5094
4552
4504
4504
4504
4504
4504
4503
4602
4602
4602
4602
4602
4607
4607
4608
4608
4607
4496
4496
4496
4496
4469
4469
4517
4137
4137
3893
3845
3845
3746
3746
3990
4101
4643
4638
4686
4713
4713
4714
4714
4714
4687
4687
4686
4686
4713
4713
4718
4718
4670
4670
4273
4114
4114
4115
4115
4115
4115
4115
4115
4115
4115
4115
4115
4115
4115
4115
4115
4115
4115
4110
4110
4115
4115
4115
4115
4163
4543
4543
4642
4642
4642
4642
4531
4531
4531
4530
4530
4525
4525
4525
4922
4895
4895
4896
4896
4896
4896
5007
5007
5006
5006
5006
5006
4761
4761
4650
4650
4650
4650
4677
4677
4677
4677
4677
4629
4602
4602
4603
4630
4678
4678
4579
4579
4579
4552
4552
4552
4552
4552
4254
3852
3951
4249
4254
4254
4365
4365
4266
4266
4266
3928
4087
4087
4087
4087
4086
4085
4112
4112
4112
4064
3905
3905
3905
3906
4065
4065
4065
4065
4065
4065
4065
3767
3767
3815
4217
4217
4212
4053
4053
4053
4054
4054
4059
4059
4059
4357
4357
4357
4695
4695
4695
4695
4695
4695
4854
4849
4849
4849
4854
4854
4695
4584
4579
4579
4579
4824
4829
4829
4829
4829
4781
4781
4880
4880
4880
4880
4880
4880
4880
4991
4991
4991
4667
4667
4667
4826
4826
4821
4820
4820
4820
4793
4794
4794
4794
4793
4793
4792
4793
4793
4793
4820
4821
4821
4820
4820
4820
4661
4660
4660
4660
4660
4665
4824
4824
4824
4713
4713
4713
4713
4713
4713
4713
4824
4824
4725
4725
4720
4720
4819
4481
4481
4481
4481
4482
4487
4388
4388
3874
3847
3874
3715
3715
3470
3715
3715
3715
3814
3814
3378
3378
3377
3813
4327
4327
4328
4328
4652
4541
4541
4541
4536
4536
4536
4695
4695
4696
4695
4700
4455
4455
4428
4428
4455
4455
4455
4455
4456
4456
4455
4455
4455
4296
4296
4296
4269
4514
4514
4514
4514
4514
4852
5011
5011
5122
5122
5122
5122
5122
5122
5122
4686
4681
5117
5118
5118
5117
5117
5117
4873
4872
4872
4872
4899
4899
4899
4899
4899
4899
4899
4899
4899
4899
4900
4900
4900
4900
4900
4900
4900
4899
5143
5143
5144
5117
5117
5122
5122
5122
4963
4963
4963
4963
4963
4963
4963
4963
4963
5011
5170
5170
5169
5169
5010
5011
5170
5165
5165
5165
5164
4866
4866
5164
5165
5165
5165
5165
5165
4921
4810
4711
4822
4849
4849
4849
4849
4849
4849
4849
4690
4934
4934
5033
5006
5006
5006
5007
5007
5006
5006
5006
5006
5006
4762
4789
4789
4741
4746
4794
4794
4695
4854
4695
4695
4694
4694
4694
4694
4314
4266
4266
4646
4647
4647
4642
4642
4642
4642
4615
4615
4714
4741
4741
4741
4741
4741
4741
4741
4741
4741
4746
4719
4720
4720
4720
4720
4719
4719
4718
4719
4719
4767
4767
4767
4767
4767
4767
4768
4763
4763
4763
4763
4763
4762
4767
4767
4767
4767
5011
5011
5011
5011
5011
5011
5010
5010
5011
5011
5012
5012
5011
5011
4963
5122
5011
5011
4912
4912
5023
5018
5066
5066
5066
5066
5066
5066
4728
4729
4570
4570
4597
4935
4934
4690
4849
4551
4556
4556
4556
4551
4037
4037
4037
4335
4335
4335
4335
4335
4224
4224
4468
4468
4468
4468
4467
4467
4467
4467
4468
4469
4469
4568
4573
4573
4573
4573
4573
4573
4573
4573
4573
4684
4684
4684
4684
4684
4684
4679
4679
4679
4679
4679
4678
4651
4678
4678
4678
4678
4678
4678
4276
4276
4276
4276
4117
4117
4117
4118
4277
4276
4276
4228
4228
4201
4603
4603
4603
4603
4603
4603
4603
4603
4603
4603
4603
4602
4602
4602
4358
4020
4534
4534
4534
4582
4582
4583
4827
4827
4832
4832
4673
4668
5006
5006
5006
5033
5033
5192
5193
5193
4895
4895
4895
4895
4796
4685
4440
4440
4440
4445
4445
4445
4445
4445
4445
4444
4444
4444
4444
4444
4444
4543
4543
4516
4761
4713
4712
4712
4712
4712
4712
4707
4463
4468
4468
4468
4468
4468
4468
4579
4579
4579
4579
4579
4579
4579
4480
4480
4724
4724
4724
4724
4725
4725
4480
4479
4480
4480
4480
4725
5023
5023
4643
4643
4643
4643
4643
4643
5023
5023
5023
5018
5045
5093
5066
5165
5066
4907
4907
4907
4907
4907
4907
4908
4908
4908
4908
4908
4908
4907
4907
4859
4859
4864
4864
4864
4864
4864
4863
4752
4851
4851
4851
4527
4527
4527
4527
4527
4527
4527
4528
4576
4576
4576
4576
4735
4735
4735
4735
4735
4735
4735
4735
4735
4735
4735
4735
4735
4730
4730
4486
4486
4438
4439
4439
4439
4101
4345
4669
4696
4696
4696
4696
4696
4696
4669
4669
4669
4669
4669
4669
4669
4669
4696
4696
4696
4744
4744
4744
4749
4749
4860
4860
4860
4859
4859
4859
4859
4859
4859
4859
4859
4859
4859
4859
4859
4615
4615
4614
4515
4853
4853
5097
5097
5092
5092
5191
5196
5196
5196
5196
5196
5196
5196
5196
5196
5191
5192
5192
5197
5197
5038
5038
5038
5011
5038
5038
5038
5038
5039
5038
5038
5038
4658
4657
4546
4546
4546
4657
4657
4657
4657
4658
4658
4658
4658
4658
4610
4610
4610
4658
4658
4658
4658
4658
5038
5011
5011
5011
5011
5012
5012
5011
5011
4687
4687
4687
4687
4639
4639
4639
4798
4798
4798
4798
4553
4553
4580
4628
4628
4628
4628
4628
4628
4628
4628
4627
4579
4580
4481
4580
4904
4904
4904
4904
4904
4904
4904
4904
4904
4580
4580
4580
4580
4580
4575
4575
4575
4575
4576
4576
4576
4576
4900
4873
4900
5145
5150
5150
5149
5149
5149
5149
5148
5148
5148
5148
5148
5148
5143
5143
5143
5143
4845
4845
4850
4851
4899
4900
4899
4899
4899
4899
5197
5197
5197
5196
5196
5197
5197
5197
5197
5149
5197
5197
5086
5086
5086
5086
5086
5086
5086
5086
4748
4747
4747
4747
4747
4747
4747
4747
4747
5085
5085
5085
5085
5037
5037
5085
5085
5085
5085
5085
5085
5037
4938
4939
4987
4987
4987
4987
4607
4607
4309
4689
4689
4689
4689
4689
4689
4689
4987
5086
5085
5085
5085
4543
4543
4543
4444
4444
4396
4396
4098
4098
4146
4688
4688
4688
4986
5097
5097
5097
5097
5097
5097
5097
5196
5196
5196
5196
5196
5196
5196
5191
5196
5196
5196
5196
5196
5196
5196
5196
5196
4569
4569
4570
4570
4570
4570
4570
4570
4570
4570
4471
4471
4472
5099
5099
5099
5198
5198
5198
5197
5197
5197
5192
5165
5165
5165
5165
5166
5055
4757
4757
4658
4658
4956
4956
4956
4908
4908
5007
5007
4848
4848
4848
4848
5007
5055
5055
5055
5060
5059
5059
5059
5059
5170
5170
5170
5170
5170
5170
5165
4921
4921
4921
4921
4822
4822
4921
4921
4921
4920
4921
4921
4921
4921
4921
4921
4920
4920
4920
4920
4920
4920
4920
4920
4921
4948
4953
4953
4953
4953
4952
4952
4947
4848
4849
4849
4850
4849
4738
4738
4738
4982
4981
4981
4986
4987
4987
5086
5086
5086
5086
5085
5086
5059
5059
5054
5055
5060
5059
5059
5059
5170
5170
5170
5165
5165
5170
5170
5170
5122
5117
5117
5116
5117
5117
5117
5117
5117
5165
5192
5144
5145
5150
5150
5150
5150
5150
5150
5150
5150
5150
5150
5149
5149
5149
5144
5144
5145
5145
5145
4821
4821
4821
4826
4825
4825
4825
4726
4567
4540
4639
4666
4264
4264
4259
4583
4484
4483
4483
4483
4484
4484
4484
4484
4583
4339
4339
4339
4339
4339
4339
4339
4339
4339
4228
4276
4249
4248
4248
4650
4551
4503
4503
4747
4747
4747
4747
4747
4747
4747
4747
4747
4747
4747
4747
4747
4747
4747
4747
4747
4747
4747
4747
4747
4747
4747
4747
4747
4747
4747
4747
4747
4747
4747
4747
4747
4747
4747
4747
4747
4747
4747
4747
4747
4747
4747
4747
4747
4747
4747
4747
4747
4747
4747
4747
4747
4747
4747
4747
4449
4449
4449
4449
4449
4449
4449
4449
4449
4449
4449
4449
4449
4449
4449
4449
4449
4449
4449
4449
4449
4449
4449
4449
4449
4449
4449
4449
4747
4747
4747
4747
4747
4747
4747
4747
4747
4747
4747
4747
4747
4747
4747
4747
4747
4747
4747
4747
4423
4423
4423
4423
4423
4423
4423
4423
4423
4423
4423
4423
4423
4423
4423
4423
4423
4423
4423
4423
4423
4423
4423
4423
4423
4747
4747
4747
4747
4747
4747
4503
4503
4503
4503
4503
4503
4503
4503
4503
4503
4503
4503
4503
4503
4503
4503
4503
4503
4179
4179
4179
4179
4503
4747
4747
4747
4747
4747
4747
4747
4747
4747
4747
4747
4747
4747
4747
4747
4747
4747
4747
4747
4747
4747
4747
4747
4502
4502
4502
4502
4502
4502
4502
4502
4502
4747
4747
4747
4747
4747
4747
4747
4747
4747
4747
4747
4747
4747
4747
4747
4747
4747
4747
4747
4747
4747
4747
4747
4747
4747
4747
4747
4747
4747
4747
4747
4747
4747
4747
4747
4747
4747
4747
4747
4747
4747
4747
4747
4747
4747
4747
4747
4747
4747
4747
4747
4747
4747
4747
4747
4747
4747
4747
4747
4747
4747
4747
4747
4747
4747
4747
4747
4747
4747
4747
4747
4747
4747
4747
4747
4747
4747
4747
4747
4747
4747
4747
4747
4747
4747
4747
4747
4747
4747
4747
4747
4747
4747
4747
4747
4747
4747
4747
4747
4747
4747
4747
4747
4747
4747
4747
4747
4747
4747
4409
4409
4409
4409
4409
4409
4409
4409
4409
4409
4409
4409
4409
4409
4409
4409
4409
4409
4409
4409
4409
4409
4409
4409
4409
4409
4164
4164
4164
4164
4164
4164
4164
4164
4323
4323
4323
4323
4323
4323
4323
4323
4323
4323
4323
4323
4323
4323
4323
4323
4323
4025
4025
4025
4025
4025
4025
4025
4025
4025
4025
4025
4025
4025
4323
4323
4323
4323
4323
3999
3999
3999
3999
3999
3999
3999
3999
3999
3999
3999
3999
3999
3999
3999
3999
3999
3999
3999
3999
4323
4323
4323
4323
4323
4323
4323
4323
4323
4164
4164
4164
4409
4164
4164
4164
4164
4409
4409
4409
4409
4409
4409
4409
4409
4747
4747
4747
4747
4747
4747
4747
4747
4747
4747
4747
4747
4747
4747
4747
4747
4747
4747
4747
4747
4747
4747
4747
4747
4747
4747
4747
4747
4747
4747
4747
4747
4747
4747
4503
4503
4503
4503
4503
4503
4503
4503
4503
4503
4503
4503
4503
4503
4503
4503
4747
4747
4747
4747
4747
4747
4747
4747
4747
4747
4747
4747
4747
4747
4747
4747
4747
4747
4747
4747
4747
4747
4747
4747
4747
4747
4747
4747
4747
4747
4747
4747
4345
4345
4345
4345
4345
4100
4100
4100
4100
4100
4100
4502
4502
4747
4747
4747
4747
4747
4747
4747
4747
4747
4747
4747
4747
4747
4747
4747
4747
4747
4747
4747
4503
4503
4503
4503
4503
4503
4503
4503
4503
4503
4503
4503
4503
4503
4503
4503
4503
4503
4503
4503
4503
4503
4503
4503
4503
4503
4503
4503
4747
4747
4747
4747
4747
4747
4747
4747
4747
4747
4747
4747
4747
4747
4747
4747
4747
4747
4747
4747
4747
4747
4747
4747
4747
4747
4747
4747
4747
4747
4747
4747
4747
4747
4747
4747
4747
4747
4747
4747
4502
4502
4747
4747
4747
4747
4747
4747
4747
4747
4747
4747
4747
4747
4747
4747
4747
4747
4747
4747
4747
4747
4747
4747
4747
4747
4747
4747
4747
4747
4747
4747
4747
4423
4423
4423
4423
4423
4423
4423
4423
4423
4423
4423
4423
4423
4423
4423
4423
4423
4423
4423
4423
4179
4179
4179
4503
4503
4503
4503
4503
4503
4503
4503
4503
4503
4503
4503
4503
4503
4503
4503
4503
4503
4503
4503
4503
4503
4503
4503
4503
4503
4503
4503
4503
4503
4503
4503
4503
4503
4503
4503
4503
4503
4503
4503
4503
4747
4747
4747
4747
4502
4502
4502
4502
4502
4502
4502
4502
4502
4502
4502
4502
4502
4502
4502
4502
4502
4502
4502
4502
4502
4502
4747
4747
4747
4747
4747
4747
4747
4747
4747
4747
4747
4747
4747
4747
4747
4747
4747
4747
4747
4747
4747
4747
4747
4747
4747
4747
4747
4747
4747
4747
4747
4747
4747
4502
4502
4502
4502
4747
4747
4747
4747
4747
4747
4747
4747
4747
4747
4747
4747
4409
4409
4409
4409
4409
4409
4409
4409
4409
4409
4409
4409
4409
4409
4409
4409
4409
4409
4111
4449
4449
4449
4449
4449
4449
4449
4449
4747
4747
4747
4747
4747
4747
4747
4747
4747
4747
4747
4747
4747
4747
4747
4747
4747
4747
4747
4747
4747
4747
4747
4747
4345
4345
4747
4747
4747
4747
4747
4747
4747
4747
4747
4747
4747
4747
4747
4747
4747
4747
4747
4747
4747
4747
4747
4747
4747
4747
4747
4747
4747
4747
4747
4747
4747
4747
4747
4747
4747
4747
4747
4747
4747
4502
4502
4502
4502
4502
4502
4502
4502
4502
4502
4502
4502
4502
4502
4502
4502
4258
4503
4503
4503
4747
4747
4747
4747
4747
4747
4747
4747
4747
4747
4747
4747
4747
4747
4747
4747
4747
4747
4747
4747
4747
4747
4747
4747
4747
4747
4747
4747
4747
4747
4747
4747
4747
4747
4747
4747
4747
4747
4747
4747
4747
4747
4747
4747
4747
4747
4747
4747
4747
4747
4747
4747
4747
4747
4747
4747
4747
4747
4747
4747
4747
4747
4747
4747
4747
4747
4747
4747
4747
4747
4747
4747
4747
4747
4747
4747
4747
4747
4747
4502
4502
4502
4502
4502
4502
4502
4502
4502
4502
4502
4502
4502
4502
4502
4502
4502
4502
4502
4502
4502
4502
4502
4502
4502
4502
4502
4502
4502
4502
4502
4502
4502
4502
4502
4502
4502
4502
4502
4502
4502
4502
4502
4502
4502
4502
4502
4502
4502
4502
4502
4502
4502
4502
4502
4502
4502
4502
4502
4502
4502
4502
4502
4502
4502
4502
4502
4502
4502
4502
4502
4502
4502
4502
4502
4502
4502
4502
4502
4502
4502
4502
4502
4502
4502
4502
4502
4502
4502
4502
4502
4502
4502
4502
4502
4502
4502
4502
4502
4502
4502
4502
4502
4747
4747
4747
4747
4747
4747
4747
4449
4449
4449
4449
4449
4449
4449
4449
4449
4747
4747
4747
4747
4747
4747
4747
4747
4747
4747
4747
4747
4747
4747
4747
4747
4747
4502
4502
4502
4502
4502
4502
4502
4502
4502
4502
4502
4502
4502
4502
4502
4747
4747
4747
4747
4311
4013
4013
4013
4013
4013
4013
4013
4013
4013
4013
4013
4013
4013
4013
4449
4449
4449
4449
4449
4449
4449
4449
4449
4747
4747
4747
4747
4747
4747
4747
4747
4747
4747
4747
4747
4747
4747
4747
4747
4747
4747
4747
4747
4747
4747
4747
4747
4747
4747
4747
4747
4747
4747
4747
4747
4747
4747
4747
4747
4747
4747
4747
4747
4747
4747
4747
4747
4747
4747
4747
4747
4747
4747
4747
4747
4747
4747
4747
4747
4747
4747
4747
4747
4747
4747
4747
4747
4747
4747
4747
4747
4747
4747
4747
4747
4747
4747
4747
4747
4747
4747
4747
4747
4747
4747
4747
4747
4747
4747
4747
4747
4747
4747
4747
4747
4747
4747
4747
4747
4747
4747
4747
4747
4747
4747
4747
4747
4747
4747
4747
4747
4747
4747
4747
4747
4747
4747
4747
4503
4503
4503
4503
4503
4503
4503
4503
4503
4503
4503
4503
4503
4503
4503
4503
4503
4503
4503
4503
4503
4503
4503
4503
4503
4503
4503
4503
4503
4123
4123
4123
4123
4123
4123
4123
4123
4123
4123
4123
4123
4123
4123
4123
4123
4123
4123
4123
4123
4123
4123
4123
4123
4123
4503
4503
4503
4503
4503
4503
4503
4503
4503
4503
4503
4503
4503
4503
4503
4503
4503
4503
4503
4503
4503
4503
4503
4503
4503
4503
4503
4503
4503
4503
4503
4503
4503
4747
4747
4747
4747
4747
4747
4747
4747
4747
4747
4747
4747
4747
4747
4747
4747
4747
4747
4747
4747
4747
4747
4747
4747
4747
4747
4747
4747
4747
4747
4747
4747
4747
4747
4747
4747
4747
4747
4747
4423
4423
4423
4423
4423
4423
4423
4423
4423
4423
4423
4423
4423
4423
4423
4423
4423
4178
4178
4178
4178
4178
4178
4178
4178
4178
4178
4178
4178
4178
4178
4178
4178
4178
4178
4178
4178
4178
4178
4178
4178
4178
4178
4178
4178
4178
4178
4178
4178
4502
4502
4502
4747
4747
4747
4747
4747
4747
4747
4747
4747
4747
4747
4747
4747
4747
4747
4747
4747
4747
4747
4747
4747
4747
4747
4747
4747
4747
4747
4747
4747
4747
4747
4747
4747
4747
4747
4747
4747
4747
4747
4747
4747
4747
4747
4747
4747
4747
4747
4747
4747
4747
4747
4747
4747
4747
4747
4747
4747
4747
4747
4747
4747
4747
4747
4747
4747
4747
4747
4747
4747
4747
4747
4747
4747
4747
4747
4747
4747
4747
4747
4747
4747
4747
4747
4747
4747
4747
4747
4747
4747
4747
4747
4747
4747
4747
4747
4747
4747
4747
4747
4747
4747
4747
4747
4747
4747
4747
4747
4747
4747
4747
4747
4747
4747
4747
4747
4747
4747
4747
4747
4747
4747
4747
4747
4747
4747
4747
4747
4747
4345
4345
4345
4345
4345
4345
4345
4345
4345
4345
4345
4345
4345
4345
4345
4345
4345
4345
4345
4345
4345
4345
4345
4345
4345
4345
4345
4345
4345
4345
4747
4747
4747
4747
4747
4747
4747
4747
4747
4747
4747
4747
4747
4747
4747
4747
4747
4747
4747
4747
4747
4747
4747
4747
4747
4747
4747
4747
4747
4747
4747
4747
4747
4747
4747
4747
4747
4747
4747
4747
4747
4747
4747
4409
4409
4409
4409
4409
4409
4409
4409
4747
4747
4747
4747
4747
4747
4747
4747
4747
4747
4747
4747
4747
4747
4747
4747
4747
4747
4747
4747
4747
4747
4747
4747
4747
4747
4747
4747
4747
4747
4747
4747
4747
4747
4747
4747
4747
4747
4747
4747
4747
4747
4747
4747
4747
4747
4747
4747
4747
4747
4747
4747
4747
4747
4747
4747
4747
4747
4747
4747
4747
4747
4747
4747
4747
4747
4747
4747
4747
4747
4747
4747
4747
4747
4747
4747
4747
4747
4747
4747
4747
4747
4747
4747
4747
4449
4449
4449
4449
4449
4449
4449
4449
4449
4449
4449
4449
4449
4449
4449
4449
4449
4449
4449
4449
4449
4449
4449
4449
4747
4747
4747
4747
4747
4747
4747
4747
4747
4747
4747
4747
4747
4747
4747
4747
4747
4747
4747
4747
4747
4747
4747
4747
4747
4747
4747
4747
4747
4747
4747
4747
4747
4747
4747
4747
4747
4747
4747
4747
4747
4747
4747
4747
4747
4747
4747
4747
4747
4747
4747
4747
4747
4747
4747
4747
4747
4747
4747
4747
4747
4747
4747
4747
4747
4747
4747
4747
4747
4747
4747
4747
4747
4747
4747
4747
4747
4747
4747
4747
4747
4747
4747
4747
4747
4747
4747
4747
4747
4747
4747
4747
4747
4747
4747
4747
4747
4747
4747
4747
4747
4747
4747
4747
4747
4747
4747
4747
4747
4747
4747
4747
4747
4747
4747
4747
4747
4747
4747
4747
4747
4747
4747
4747
4747
4747
4747
4747
4747
4747
4747
4747
4747
4747
4747
4747
4747
4747
4747
4747
4747
4747
4747
4747
4747
4747
4747
4747
4747
4747
4747
4747
4747
4747
4747
4747
4747
4747
4747
4747
4747
4747
4449
4449
4747
4747
4747
4747
4747
4747
4747
4747
4747
4747
4747
4747
4747
4747
4747
4747
4747
4747
4747
4747
4747
4747
4747
4747
4747
4747
4747
4747
4747
4747
4747
4747
4747
4747
4747
4747
4747
4747
4747
4747
4747
4747
4747
4747
4747
4747
4747
4747
4747
4747
4747
4747
4747
4747
4747
4747
4747
4747
4747
4747
4747
4747
4747
4747
4747
4747
4747
4747
4747
4747
4747
4747
4747
4747
4747
4747
4747
4747
4747
4747
4747
4747
4747
4747
4747
4747
4747
4747
4747
4747
4747
4747
4747
4747
4747
4747
4747
4747
4747
4747
4747
4747
4747
4747
4747
4747
4747
4747
4747
4747
4747
4747
4747
4747
4747
4747
4747
4747
4747
4747
4747
4747
4747
4747
4747
4747
4747
4747
4747
4747
4747
4747
4747
4747
4747
4747
4747
4747
4747
4747
4747
4747
4747
4747
4747
4747
4747
4747
4747
4747
4747
4747
4747
4747
4747
4747
4747
4747
4747
4747
4747
4747
4747
4747
4747
4747
4747
4747
4747
4747
4747
4747
4747
4747
4747
4747
4747
4747
4747
4747
4747
4747
4747
4747
4747
4747
4747
4747
4747
4747
4747
4747
4747
4747
4747
4747
4747
4747
4747
4747
4747
4747
4747
4747
4747
4747
4747
4747
4747
4747
4747
4747
4747
4747
4747
4747
4747
4747
4747
4747
4747
4747
4747
4747
4747
4747
4747
4747
4747
4747
4747
4747
4747
4747
4747
4747
4747
4747
4747
4747
4747
4747
4747
4747
4747
4747
4747
4747
4747
4747
4747
4747
4747
4747
4747
4747
4747
4747
4747
4747
4747
4747
4747
4747
4747
4747
4747
4747
4747
4747
4747
4747
4747
4747
4747
4747
4747
4747
4747
4747
4747
4747
4747
4747
4747
4747
4747
4747
4747
4747
4747
4747
4747
4747
4747
4747
4747
4747
4747
4747
4747
4747
4747
4747
4747
4747
4747
4747
4747
4747
4747
4747
4747
4747
4747
4747
4747
4747
4747
4747
4747
4747
4747
4747
4747
4747
4747
4747
4747
4747
4747
4747
4747
4747
4747
4747
4747
4747
4747
4747
4747
4747
4747
4747
4747
4747
4747
4747
4747
4747
4747
4747
4747
4747
4747
4747
4747
4747
4747
4747
4747
4747
4747
4747
4747
4747
4747
4747
4747
4747
4747
4747
4747
4747
4747
4747
4747
4747
4747
4747
4747
4747
4747
4747
4747
4747
4747
4747
4747
4747
4747
4747
4747
4747
4747
4747
4747
4747
4747
4747
4747
4747
4747
4747
4747
4747
4747
4747
4747
4747
4747
4747
4747
4747
4747
4747
4747
4747
4747
4747
4747
4747
4747
4747
4747
4747
4747
4747
4747
4747
4747
4747
4747
4747
4747
4747
4747
4747
4747
4747
4747
4747
4747
4747
4747
4747
4747
4747
4747
4747
4747
4747
4747
4747
4747
4747
4747
4345
4345
4345
4345
4345
4345
4345
4345
4345
4345
4345
4345
4345
4345
4345
4345
4345
4345
4345
4345
4345
4345
4345
4747
4747
4747
4747
4747
4747
4747
4747
4747
4747
4747
4747
4747
4747
4747
4747
4747
4747
4747
4747
4747
4747
4747
4747
4747
4747
4747
4747
4747
4747
4747
4502
4502
4502
4502
4502
4502
4502
4502
4502
4502
4502
4502
4502
4502
4502
4502
4502
4747
4747
4747
4747
4747
4747
4747
4747
4747
4747
4747
4747
4747
4747
4747
4747
4747
4747
4747
4747
4747
4747
4747
4747
4747
4747
4747
4747
4747
4747
4747
4747
4747
4747
4747
4747
4503
4503
4503
4503
4503
4503
4503
4503
4503
4503
4747
4747
4747
4747
4747
4747
4747
4747
4747
4747
4747
4747
4747
4747
4747
4747
4747
4747
4747
4747
4747
4747
4747
4747
4747
4747
4747
4747
4747
4747
4747
4747
4747
4747
4747
4747
4747
4747
4747
4747
4747
4747
4747
4747
4747
4747
4747
4747
4747
4747
4747
4747
4747
4747
4747
4747
4747
4747
4747
4747
4747
4747
4747
4747
4747
4747
4747
4747
4747
4747
4747
4747
4747
4747
4747
4747
4747
4747
4747
4747
4747
4747
4747
4747
4747
4747
4747
4747
4747
4747
4747
4747
4747
4747
4747
4747
4747
4747
4747
4747
4747
4747
4747
4747
4747
4747
4747
4747
4747
4747
4747
4747
4747
4747
4747
4747
4747
4747
4747
4747
4747
4747
4747
4747
4747
4747
4747
4747
4747
4747
4747
4747
4747
4747
4747
4747
4747
4747
4747
4747
4747
4747
4747
4747
4747
4747
4747
4747
4747
4747
4747
4747
4747
4747
4747
4747
4747
4747
4747
4747
4747
4747
4747
4747
4747
4747
4747
4747
4747
4747
4747
4747
4747
4747
4747
4747
4747
4747
4747
4747
4747
4747
4747
4747
4747
4747
4747
4747
4747
4747
4747
4747
4747
4747
4747
4747
4747
4747
4747
4747
4747
4747
4747
4747
4747
4747
4747
4747
4747
4747
4747
4747
4747
4747
4747
4747
4747
4747
4747
4747
4747
4747
4747
4747
4747
4747
4747
4747
4747
4747
4747
4747
4747
4747
4747
4747
4747
4747
4747
4747
4747
4747
4747
4747
4747
4747
4747
4747
4747
4747
4747
4747
4747
4747
4747
4747
4747
4747
4747
4747
4747
4747
4747
4747
4747
4747
4747
4747
4747
4747
4747
4747
4747
4747
4747
4747
4747
4747
4747
4747
4747
4747
4747
4747
4747
4747
4747
4747
4747
4747
4747
4747
4747
4747
4747
4747
4747
4747
4747
4747
4747
4747
4747
4747
4747
4747
4747
4747
4747
4747
4747
4747
4747
4747
4747
4747
4747
4747
4747
4747
4747
4747
4747
4747
4747
4747
4747
4747
4747
4747
4747
4747
4747
4747
4747
4747
4747
4747
4747
4747
4747
4747
4747
4747
4747
4747
4747
4747
4747
4747
4747
4747
4747
4747
4747
4747
4747
4747
4747
4747
4747
4747
4747
4747
4747
4747
4747
4747
4747
4747
4747
4747
4747
4747
4747
4747
4747
4747
4747
4747
4747
4747
4747
4747
4747
4747
4747
4747
4747
4747
4747
4747
4747
4747
4747
4747
4747
4747
4747
4747
4747
4747
4747
4747
4747
4747
4747
4747
4747
4747
4747
4747
4747
4747
4747
4747
4747
4747
4747
4747
4747
4747
4747
4747
4747
4747
4747
4747
4747
4747
4747
4747
4747
4747
4747
4747
4747
4409
4747
4747
4747
4747
4747
4747
4747
4747
4747
4747
4747
4747
4747
4747
4747
4747
4747
4747
4747
4747
4747
4747
4747
4747
4747
4747
4747
4747
4747
4747
4747
4747
4747
4747
4747
4747
4747
4747
4747
4747
4747
4747
4747
4747
4747
4747
4747
4747
4747
4747
4747
4747
4747
4747
4747
4747
4747
4747
4747
4747
4747
4747
4747
4747
4747
4747
4747
4747
4747
4747
4747
4747
4747
4747
4747
4747
4747
4747
4747
4747
4747
4747
4747
4747
4747
4747
4747
4747
4747
4747
4747
4747
4747
4747
4747
4747
4747
4747
4747
4747
4747
4747
4747
4747
4747
4747
4747
4747
4747
4747
4747
4747
4747
4747
4747
4747
4747
4747
4747
4747
4747
4747
4747
4747
4747
4747
4747
4747
4747
4747
4747
4747
4747
4747
4747
4747
4747
4747
4747
4747
4747
4747
4747
4747
4747
4747
4747
4747
4747
4747
4747
4747
4747
4747
4747
4747
4747
4747
4747
4747
4747
4747
4747
4747
4747
4747
4747
4747
4747
4747
4747
4747
4747
4747
4747
4747
4747
4747
4747
4747
4747
4747
4747
4747
4747
4747
4747
4747
4747
4747
4747
4747
4747
4747
4747
4747
4747
4747
4747
4747
4747
4747
4747
4747
4747
4747
4747
4747
4747
4747
4747
4747
4747
4747
4747
4747
4747
4747
4747
4747
4747
4747
4747
4747
4747
4747
4747
4747
4747
4747
4747
4747
4747
4747
4747
4747
4747
4747
4747
4747
4747
4747
4747
4747
4747
4747
4747
4747
4747
4747
4747
4747
4747
4747
4747
4747
4747
4747
4747
4747
4747
4747
4747
4747
4747
4747
4747
4747
4747
4747
4747
4747
4747
4747
4747
4747
4747
4747
4747
4747
4747
4747
4747
4747
4747
4747
4747
4747
4747
4747
4747
4747
4747
4747
4747
4747
4747
4747
4747
4747
4747
4747
4747
4747
4747
4747
4747
4747
4747
4747
4747
4747
4747
4747
4747
4747
4747
4747
4747
4747
4747
4747
4747
4747
4747
4747
4747
4747
4747
4747
4747
4747
4747
4747
4747
4747
4747
4747
4747
4747
4747
4747
4747
4747
4747
4747
4747
4747
4747
4747
4747
4747
4747
4747
4747
4747
4747
4747
4747
4747
4747
4747
4747
4747
4747
4747
4747
4747
4747
4747
4747
4747
4747
4747
4747
4747
4747
4747
4747
4747
4747
4747
4747
4747
4747
4747
4747
4747
4747
4747
4747
4747
4747
4747
4747
4747
4747
4747
4747
4747
4747
4747
4747
4747
4747
4747
4747
4747
4747
4747
4747
4747
4747
4747
4747
4747
4747
4747
4747
4747
4747
4747
4747
4747
4747
4747
4747
4747
4747
4747
4747
4747
4747
4747
4747
4747
4747
4747
4747
4747
4747
4747
4747
4747
4747
4747
4747
4747
4747
4747
4747
4747
4747
4747
4747
4747
4747
4747
4747
4747
4747
4747
4747
4747
4747
4747
4747
4747
4747
4747
4747
4747
4747
4747
4747
4747
4747
4747
4747
4747
4747
4747
4747
4747
4747
4747
4747
4747
4747
4747
4747
4747
4747
4747
4747
4747
4747
4747
4747
4747
4747
4747
4747
4747
4747
4747
4747
4747
4747
4747
4747
4747
4747
4747
4747
4747
4747
4747
4747
4747
4747
4747
4747
4747
4747
4747
4747
4747
4747
4747
4747
4747
4747
4747
4747
4747
4747
4747
4747
4747
4747
4747
4747
4747
4747
4747
4747
4747
4747
4747
4747
4747
4747
4747
4747
4747
4747
4747
4747
4747
4747
4747
4747
4747
4747
4747
4747
4747
4747
4747
4747
4747
4747
4747
4747
4747
4747
4747
4747
4747
4747
4747
4747
4747
4747
4747
4747
4747
4747
4747
4747
4747
4747
4747
4747
4747
4747
4747
4747
4747
4747
4747
4747
4747
4747
4747
4747
4747
4747
4747
4747
4747
4747
4747
4747
4747
4747
4747
4747
4747
4747
4747
4747
4747
4747
4747
4747
4747
4747
4747
4747
4747
4747
4747
4747
4747
4747
4747
4747
4747
4747
4747
4747
4747
4747
4747
4747
4747
4747
4747
4747
4747
4747
4747
4747
4747
4747
4747
4747
4747
4747
4747
4747
4747
4747
4747
4747
4747
4747
4747
4747
4747
4747
4747
4747
4747
4747
4747
4747
4747
4747
4747
4747
4747
4747
4747
4747
4747
4747
4747
4747
4747
4747
4747
4747
4747
4747
4747
4747
4747
4747
4747
4747
4747
4747
4747
4747
4747
4747
4747
4747
4747
4747
4747
4747
4747
4747
4747
4747
4747
4747
4747
4747
4747
4747
4747
4747
4747
4747
4747
4747
4747
4747
4747
4747
4747
4747
4747
4747
4747
4747
4747
4747
4747
4747
4747
4747
4747
4747
4747
4747
4747
4747
4747
4747
4747
4747
4747
4747
4747
4747
4747
4747
4747
4747
4747
4747
4747
4747
4747
4747
4747
4747
4747
4747
4747
4747
4747
4747
4747
4747
4747
4747
4747
4747
4747
4747
4747
4747
4747
4747
4747
4747
4747
4747
4747
4747
4747
4747
4747
4747
4747
4747
4747
4747
4747
4747
4747
4747
4747
4747
4747
4747
4747
4747
4747
4747
4747
4747
4747
4747
4747
4747
4747
4747
4747
4747
4747
4747
4747
4747
4747
4747
4747
4747
4747
4747
4747
4747
4747
4747
4747
4747
4747
4747
4747
4747
4747
4747
4747
4747
4747
4747
4747
4747
4747
4747
4747
4747
4747
4747
4747
4747
4747
4747
4747
4747
4747
4747
4747
4747
4747
4747
4747
4747
4747
4747
4747
4747
4747
4747
4747
4747
4747
4747
4747
4747
4747
4747
4747
4747
4747
4747
4747
4747
4747
4747
4747
4747
4747
4747
4747
4747
4747
4747
4747
4747
4747
4747
4747
4747
4747
4747
4747
4747
4747
4747
4747
4747
4747
4747
4747
4747
4747
4747
4747
4747
4747
4747
4747
4747
4747
4747
4747
4747
4747
4747
4747
4747
4747
4747
4747
4747
4747
4747
4747
4747
4747
4747
4747
4747
4747
4747
4747
4747
4747
4747
4747
4747
4747
4747
4747
4747
4747
4747
4747
4747
4747
4747
4747
4747
4747
4747
4747
4747
4747
4747
4747
4747
4747
4747
4747
4747
4747
4747
4747
4747
4747
4747
4747
4747
4747
4747
4747
4747
4747
4747
4747
4747
4747
4747
4747
4747
4747
4747
4747
4747
4747
4747
4747
4747
4747
4747
4747
4747
4747
4747
4747
4747
4747
4747
4747
4747
4747
4747
4747
4747
4747
4747
4747
4747
4747
4747
4747
4747
4747
4747
4747
4747
4747
4747
4747
4747
4747
4747
4747
4747
4747
4747
4747
4747
4747
4747
4747
4747
4747
4747
4747
4747
4747
4747
4747
4747
4747
4747
4747
4747
4747
4747
4747
4747
4747
4747
4747
4747
4747
4747
4747
4747
4747
4747
4747
4747
4747
4747
4747
4747
4747
4747
4747
4747
4747
4747
4747
4747
4747
4747
4747
4747
4747
4747
4747
4747
4747
4747
4747
4747
4747
4747
4747
4747
4747
4747
4747
4747
4747
4747
4747
4747
4747
4747
4747
4747
4747
4747
4747
4747
4747
4747
4747
4747
4747
4747
4747
4747
4747
4747
4747
4747
4747
4747
4747
4747
4747
4747
4747
4747
4747
4747
4747
4747
4747
4747
4747
4747
4747
4747
4747
4747
4747
4747
4747
4747
4747
4747
4747
4747
4747
4747
4747
4747
4747
4747
4747
4747
4747
4747
4747
4747
4747
4747
4747
4747
4747
4747
4747
4747
4747
4747
4747
4747
4747
4747
4747
4747
4747
4747
4747
4747
4747
4747
4747
4747
4747
4747
4747
4747
4747
4747
4747
4747
4747
4747
4747
4747
4747
4747
4747
4747
4747
4747
4747
4747
4747
4747
4747
4747
4747
4747
4747
4747
4747
4747
4747
4747
4747
4747
4747
4747
4747
4747
4747
4747
4747
4747
4747
4747
4747
4747
4747
4747
4747
4747
4747
4747
4747
4747
4747
4747
4747
4747
4747
4747
4747
4747
4747
4747
4747
4747
4747
4747
4747
4747
4747
4747
4747
4747
4747
4747
4747
4747
4747
4747
4747
4747
4747
4747
4747
4747
4747
4747
4747
4747
4747
4747
4747
4747
4747
4747
4747
4747
4747
4747
4747
4747
4747
4747
4747
4747
4747
4747
4747
4747
4747
4747
4747
4747
4747
4747
4747
4747
4747
4747
4747
4747
4747
4747
4747
4747
4747
4747
4747
4747
4747
4747
4747
4747
4747
4747
4747
4747
4747
4747
4747
4747
4747
4747
4747
4747
4747
4747
4747
4747
4747
4747
4747
4747
4747
4747
4747
4747
4747
4747
4747
4747
4747
4747
4747
4747
4747
4747
4747
4747
4747
4747
4747
4747
4747
4747
4747
4747
4747
4747
4747
4747
4747
4747
4747
4747
4747
4747
4747
4747
4747
4747
4747
4747
4747
4747
4747
4747
4747
4747
4747
4747
4747
4747
4747
4747
4747
4747
4747
4747
4747
4747
4747
4747
4747
4747
4747
4747
4747
4747
4747
4747
4747
4747
4747
4747
4747
4747
4747
4747
4747
4747
4747
4747
4747
4747
4747
4747
4747
4747
4747
4747
4747
4747
4747
4747
4747
4747
4747
4747
4747
4747
4747
4747
4747
4747
4747
4747
4747
4747
4747
4747
4747
4747
4747
4747
4747
4747
4747
4747
4747
4747
4747
4747
4747
4747
4747
4747
4747
4747
4747
4747
4747
4747
4747
4747
4747
4747
4747
4747
4747
4747
4747
4747
4747
4747
4747
4747
4747
4747
4747
4747
4747
4747
4747
4747
4747
4747
4747
4747
4747
4747
4747
4747
4747
4747
4747
4747
4747
4747
4747
4747
4747
4747
4747
4747
4747
4747
4747
4747
4747
4747
4747
4747
4747
4747
4747
4747
4747
4747
4747
4747
4747
4747
4747
4747
4747
4747
4747
4747
4747
4747
4747
4747
4747
4747
4747
4747
4747
4747
4747
4747
4747
4747
4747
4747
4747
4747
4747
4747
4747
4747
4747
4747
4747
4747
4747
4747
4747
4747
4747
4747
4747
4747
4747
4747
4747
4747
4747
4747
4747
4747
4747
4747
4747
4747
4747
4747
4747
4747
4747
4747
4747
4747
4747
4747
4747
4747
4747
4747
4747
4747
4747
4747
4747
4747
4747
4747
4747
4747
4747
4747
4747
4747
4747
4747
4747
4747
4747
4747
4747
4747
4747
4747
4747
4747
4747
4747
4747
4747
4747
4747
4747
4747
4747
4747
4747
4747
4747
4747
4747
4747
4747
4747
4747
4747
4747
4747
4747
4747
4747
4747
4747
4747
4747
4747
4747
4747
4747
4747
4747
4747
4747
4747
4747
4747
4747
4747
4747
4747
4747
4747
4747
4747
4747
4747
4747
4747
4747
4747
4747
4747
4747
4747
4747
4747
4747
4747
4747
4747
4747
4747
4747
4747
4747
4747
4747
4747
4747
4747
4747
4747
4747
4747
4747
4747
4747
4747
4747
4747
4747
4747
4747
4747
4747
4747
4747
4747
4747
4747
4747
4747
4747
4747
4747
4747
4747
4747
4747
4747
4747
4747
4747
4747
4747
4747
4747
4747
4747
4747
4747
4747
4747
4747
4747
4747
4747
4747
4747
4747
4747
4747
4747
4747
4747
4747
4747
4747
4747
4747
4747
4747
4747
4747
4747
4747
4747
4747
4747
4747
4747
4747
4747
4747
4747
4747
4747
4747
4747
4747
4747
4747
4747
4747
4747
4747
4747
4747
4747
4747
4747
4747
4747
4747
4747
4747
4747
4747
4747
4747
4747
4747
4747
4747
4747
4747
4747
4747
4747
4747
4747
4747
4747
4747
4747
4747
4747
4747
4747
4747
4747
4747
4747
4747
4747
4747
4747
4747
4747
4747
4747
4747
4747
4747
4747
4747
4747
4747
4747
4747
4747
4747
4747
4747
4747
4747
4747
4747
4747
4747
4747
4747
4747
4747
4747
4747
4747
4747
4747
4747
4747
4747
4747
4747
4747
4747
4747
4747
4747
4747
4747
4747
4747
4747
4747
4747
4747
4747
4747
4747
4747
4747
4747
4747
4747
4747
4747
4747
4747
4747
4747
4747
4747
4747
4747
4747
4747
4747
4747
4747
4747
4747
4747
4747
4747
4747
4747
4747
4747
4747
4747
4747
4747
4747
4747
4747
4747
4747
4747
4747
4747
4747
4747
4747
4747
4747
4747
4747
4747
4747
4747
4747
4747
4747
4747
4747
4747
4747
4747
4747
4747
4747
4747
4747
4747
4747
4747
4747
4747
4747
4747
4747
4747
4747
4747
4747
4747
4747
4747
4747
4747
4747
4747
4747
4747
4747
4747
4747
4747
4747
4747
4747
4747
4747
4747
4747
4747
4747
4747
4747
4747
4747
4747
4747
4747
4747
4747
4747
4747
4747
4747
4747
4747
4747
4747
4747
4747
4747
4747
4747
4747
4747
4747
4747
4747
4747
4747
4747
4747
4747
4747
4747
4747
4747
4747
4747
4747
4747
4747
4747
4747
4747
4747
4747
4747
4747
4747
4747
4747
4747
4747
4747
4747
4747
4747
4747
4747
4747
4747
4747
4747
4747
4747
4747
4747
4747
4747
4747
4747
4747
4747
4747
4747
4747
4747
4747
4747
4747
4747
4747
4747
4747
4747
4747
4747
4747
4747
4747
4747
4747
4747
4747
4747
4747
4747
4747
4747
4747
4747
4747
4747
4747
4747
4747
4747
4747
4747
4747
4747
4747
4747
4747
4747
4747
4747
4747
4747
4747
4747
4747
4747
4747
4747
4747
4747
4747
4747
4747
4747
4747
4747
4747
4747
4747
4747
4747
4747
4747
4747
4747
4747
4747
4747
4747
4747
4747
4747
4747
4747
4747
4747
4747
4747
4747
4747
4747
4747
4747
4747
4747
4747
4747
4747
4747
4747
4747
4747
4747
4747
4747
4747
4747
4747
4747
4747
4747
4747
4747
4747
4747
4747
4747
4747
4747
4747
4747
4747
4747
4747
4747
4747
4747
4747
4747
4747
4747
4747
4747
4747
4747
4747
4747
4747
4747
4747
4747
4747
4747
4747
4747
4747
4747
4747
4747
4747
4747
4747
4747
4747
4747
4747
4747
4747
4747
4747
4747
4747
4747
4747
4747
4747
4747
4747
4747
4747
4747
4747
4747
4747
4747
4747
4747
4747
4747
4747
4747
4747
4747
4747
4747
4747
4747
4747
4747
4747
4747
4747
4747
4747
4747
4747
4747
4747
4747
4747
4747
4747
4747
4747
4747
4747
4747
4747
4747
4747
4747
4747
4747
4747
4747
4747
4747
4747
4747
4747
4747
4747
4747
4747
4747
4747
4747
4747
4747
4747
4747
4747
4747
4747
4747
4747
4747
4747
4747
4747
4747
4747
4747
4747
4747
4747
4747
4747
4747
4747
4747
4747
4747
4747
4747
4747
4747
4747
4747
4747
4747
4747
4747
4747
4747
4747
4747
4747
4747
4747
4747
4747
4747
4747
4747
4747
4747
4747
4747
4747
4747
4747
4747
4747
4747
4747
4747
4747
4747
4747
4747
4747
4747
4747
4747
4747
4747
4747
4747
4747
4747
4747
4747
4747
4747
4747
4747
4747
4747
4747
4747
4747
4747
4747
4747
4747
4747
4747
4747
4747
4747
4747
4747
4747
4747
4747
4747
4747
4747
4747
4747
4747
4747
4747
4747
4747
4747
4747
4747
4747
4747
4747
4747
4747
4747
4747
4747
4747
4747
4747
4747
4747
4747
4747
4747
4747
4747
4747
4747
4747
4747
4747
4747
4747
4747
4747
4747
4747
4747
4747
4747
4747
4747
4747
4747
4747
4747
4747
4747
4747
4747
4747
4747
4747
4747
4747
4747
4747
4747
4747
4747
4747
4747
4747
4747
4747
4747
4747
4747
4747
4747
4747
4747
4747
4747
4747
4747
4747
4747
4747
4747
4747
4747
4747
4747
4747
4747
4747
4747
4747
4747
4747
4747
4747
4747
4747
4747
4747
4747
4747
4747
4747
4747
4747
4747
4747
4747
4747
4747
4747
4747
4747
4747
4747
4747
4747
4747
4747
4747
4747
4747
4747
4747
4747
4747
4747
4747
4747
4747
4747
4747
4747
4747
4747
4747
4747
4747
4747
4747
4747
4747
4747
4747
4747
4747
4747
4747
4747
4747
4747
4747
4747
4747
4747
4747
4747
4747
4747
4747
4747
4747
4747
4747
4747
4747
4747
4747
4747
4747
4747
4747
4747
4747
4747
4747
4747
4747
4747
4747
4747
4747
4747
4747
4747
4747
4747
4747
4747
4747
4747
4747
4747
4747
4747
4747
4747
4747
4747
4747
4747
4747
4747
4747
4747
4747
4747
4747
4747
4747
4747
4747
4747
4747
4747
4747
4747
4747
4747
4747
4747
4747
4747
4747
4747
4747
4747
4747
4747
4747
4747
4747
4747
4747
4747
4747
4747
4747
4747
4747
4747
4747
4747
4747
4747
4747
4747
4747
4747
4747
4747
4747
4747
4747
4747
4747
4747
4747
4747
4747
4747
4747
4747
4747
4747
4747
4747
4747
4747
4747
4747
4747
4747
4747
4747
4747
4747
4747
4747
4747
4747
4747
4747
4747
4747
4747
4747
4747
4747
4747
4747
4747
4747
4747
4747
4747
4747
4747
4747
4747
4747
4747
4747
4747
4747
4747
4747
4747
4747
4747
4747
4747
4747
4747
4747
4747
4747
4747
4747
4747
4747
4747
4747
4747
4747
4747
4747
4747
4747
4747
4747
4747
4747
4747
4747
4747
4747
4747
4747
4747
4747
4747
4747
4747
4747
4747
4747
4747
4747
4747
4747
4747
4747
4747
4747
4747
4747
4747
4747
4747
4747
4747
4747
4747
4747
4747
4747
4747
4747
4747
4747
4747
4747
4747
4747
4747
4747
4747
4747
4747
4747
4747
4747
4747
4747
4747
4747
4747
4747
4747
4747
4747
4747
4747
4747
4747
4747
4747
4747
4747
4747
4747
4747
4747
4747
4747
4747
4747
4747
4747
4747
4747
4747
4747
4747
4747
4747
4747
4747
4747
4747
4747
4747
4747
4747
4747
4747
4747
4747
4747
4747
4747
4747
4747
4747
4747
4747
4747
4747
4747
4747
4747
4747
4747
4747
4747
4747
4747
4747
4747
4747
4747
4747
4747
4747
4747
4747
4747
4747
4747
4747
4747
4747
4747
4747
4747
4747
4747
4747
4747
4747
4747
4747
4747
4747
4747
4747
4747
4747
4747
4747
4747
4747
4747
4747
4747
4747
4747
4747
4747
4747
4747
4747
4747
4747
4747
4747
4747
4747
4747
4747
4747
4747
4747
4747
4747
4747
4747
4747
4747
4747
4747
4747
4747
4747
4747
4747
4747
4747
4747
4747
4747
4747
4747
4747
4747
4747
4747
4747
4747
4747
4747
4747
4747
4747
4747
4747
4747
4747
4747
4747
4747
4747
4747
4747
4747
4747
4747
4747
4747
4747
4747
4747
4747
4747
4747
4747
4747
4747
4747
4747
4747
4747
4747
4747
4747
4747
4747
4747
4747
4747
4747
4747
4747
4747
4747
4747
4747
4747
4747
4747
4747
4747
4747
4747
4747
4747
4747
4747
4747
4747
4747
4747
4747
4747
4747
4747
4747
4747
4747
4747
4747
4747
4747
4747
4747
4747
4747
4747
4747
4747
4747
4747
4747
4747
4747
4747
4747
4747
4747
4747
4747
4747
4747
4747
4747
4747
4747
4747
4747
4747
4747
4747
4747
4747
4747
4747
4747
4747
4747
4747
4747
4747
4747
4747
4747
4747
4747
4747
4747
4747
4747
4747
4747
4747
4747
4747
4747
4747
4747
4747
4747
4747
4747
4747
4747
4747
4747
4747
4747
4747
4747
4747
4747
4747
4747
4747
4747
4747
4747
4747
4747
4747
4747
4747
4747
4747
4747
4747
4747
4747
4747
4747
4747
4747
4747
4747
4747
4747
4747
4747
4747
4747
4747
4747
4747
4747
4747
4747
4747
4747
4747
4747
4747
4747
4747
4747
4747
4747
4747
4747
4747
4747
4747
4747
4747
4747
4747
4747
4747
4747
4747
4747
4747
4747
4747
4747
4747
4747
4747
4747
4747
4747
4747
4747
4747
4747
4747
4747
4747
4747
4747
4747
4747
4747
4747
4747
4747
4747
4747
4747
4747
4747
4747
4747
4747
4747
4747
4747
4747
4747
4747
4747
4747
4747
4747
4747
4747
4747
4747
4747
4747
4747
4747
4747
4747
4747
4747
4747
4747
4747
4747
4747
4747
4747
4747
4747
4747
4747
4747
4747
4747
4747
4747
4747
4747
4747
4747
4747
4747
4747
4747
4747
4747
4747
4747
4747
4747
4747
4747
4747
4747
4747
4747
4747
4747
4747
4747
4747
4747
4747
4747
4747
4747
4747
4747
4747
4747
4747
4747
4747
4747
4747
4747
4747
4747
4747
4747
4747
4747
4747
4747
4747
4747
4747
4747
4747
4747
4747
4747
4747
4747
4747
4747
4747
4747
4747
4747
4747
4747
4747
4747
4747
4747
4747
4747
4747
4747
4747
4747
4747
4747
4747
4747
4747
4747
4747
4747
4747
4747
4747
4747
4747
4747
4747
4747
4747
4747
4747
4747
4747
4747
4747
4747
4747
4747
4747
4747
4747
4747
4747
4747
4747
4747
4747
4747
4747
4747
4747
4747
4747
4747
4747
4747
4747
4747
4747
4747
4747
4747
4747
4747
4747
4747
4747
4747
4747
4747
4747
4747
4747
4747
4747
4747
4747
4747
4747
4747
4747
4747
4747
4747
4747
4747
4747
4747
4747
4747
4747
4747
4747
4747
4747
4747
4747
4747
4747
4747
4747
4747
4747
4747
4747
4747
4747
4747
4747
4747
4747
4747
4747
4747
4747
4747
4747
4747
4747
4747
4747
4747
4747
4747
4747
4747
4747
4747
4747
4747
4747
4747
4747
4747
4747
4747
4747
4747
4747
4747
4747
4747
4747
4747
4747
4747
4747
4747
4747
4747
4747
4747
4747
4747
4747
4747
4747
4747
4747
4747
4747
4747
4747
4747
4747
4747
4747
4747
4747
4747
4747
4747
4747
4747
4747
4747
4747
4747
4747
4747
4747
4747
4747
4747
4747
4747
4747
4747
4747
4747
4747
4747
4747
4747
4747
4747
4747
4747
4747
4747
4747
4747
4747
4747
4747
4747
4747
4747
4747
4747
4747
4747
4747
4747
4747
4747
4747
4747
4747
4747
4747
4747
4747
4747
4747
4747
4747
4747
4747
4747
4747
4747
4747
4747
4747
4747
4747
4747
4747
4747
4747
4747
4747
4747
4747
4747
4747
4747
4747
4747
4747
4747
4747
4747
4747
4747
4747
4747
4747
4747
4747
4747
4747
4747
4747
4747
4747
4747
4747
4747
4747
4747
4747
4747
4747
4747
4747
4747
4747
4747
4747
4747
4747
4747
4747
4747
4747
4747
4747
4747
4747
4747
4747
4747
4747
4747
4747
4747
4747
4747
4747
4747
4747
4747
4747
4747
4747
4747
4747
4747
4747
4747
4747
4747
4747
4747
4747
4747
4747
4747
4747
4747
4747
4747
4747
4747
4747
4747
4747
4747
4747
4747
4747
4747
4747
4747
4747
4747
4747
4747
4747
4747
4747
4747
4747
4747
4747
4747
4747
4747
4747
4747
4747
4747
4747
4747
4747
4747
4747
4747
4747
4747
4747
4747
4747
4747
4747
4747
4747
4747
4747
4747
4747
4747
4747
4747
4747
4747
4747
4747
4747
4747
4747
4747
4747
4747
4747
4747
4747
4747
4747
4747
4747
4747
4747
4747
4747
4747
4747
4747
4747
4747
4747
4747
4747
4747
4747
4747
4747
4747
4747
4747
4747
4747
4747
4747
4747
4747
4747
4747
4747
4747
4747
4747
4747
4747
4747
4747
4747
4747
4747
4747
4747
4747
4747
4747
4747
4747
4747
4747
4747
4747
4747
4747
4747
4747
4747
4747
4747
4747
4747
4747
4747
4747
4747
4747
4747
4747
4747
4747
4747
4747
4747
4747
4747
4747
4747
4747
4747
4747
4747
4747
4747
4747
4747
4747
4747
4747
4747
4747
4747
4747
4747
4747
4747
4747
4747
4747
4747
4747
4747
4747
4747
4747
4747
4747
4747
4747
4747
4747
4747
4747
4747
4747
4747
4747
4747
4747
4747
4747
4747
4747
4747
4747
4747
4747
4747
4747
4747
4747
4747
4747
4747
4747
4747
4747
4747
4747
4747
4747
4747
4747
4747
4747
4747
4747
4747
4747
4747
4747
4747
4747
4747
4747
4747
4747
4747
4747
4747
4747
4747
4747
4747
4747
4747
4747
4747
4747
4747
4747
4747
4747
4747
4747
4747
4747
4747
4747
4747
4747
4747
4747
4747
4747
4747
4747
4747
4747
4747
4747
4747
4747
4747
4747
4747
4747
4747
4747
4747
4747
4747
4747
4747
4747
4747
4747
4747
4747
4747
4747
4747
4747
4747
4747
4747
4747
4747
4747
4747
4747
4747
4747
4747
4747
4747
4747
4747
4747
4747
4747
4747
4747
4747
4747
4747
4747
4747
4747
4747
4747
4747
4747
4747
4747
4747
4747
4747
4747
4747
4747
4747
4747
4747
4747
4747
4747
4747
4747
4747
4747
4747
4747
4747
4747
4747
4747
4747
4747
4747
4747
4747
4747
4747
4747
4747
4747
4747
4747
4747
4747
4747
4747
4747
4747
4747
4747
4747
4747
4747
4747
4747
4747
4747
4747
4747
4747
4747
4747
4747
4747
4747
4747
4747
4747
4747
4747
4747
4747
4747
4747
4747
4747
4747
4747
4747
4747
4747
4747
4747
4747
4747
4747
4747
4747
4747
4747
4747
4747
4747
4747
4747
4747
4747
4747
4747
4747
4747
4747
4747
4747
4747
4747
4747
4747
4747
4747
4747
4747
4747
4747
4747
4747
4747
4747
4747
4747
4747
4747
4747
4747
4747
4747
4747
4747
4747
4747
4747
4747
4747
4747
4747
4747
4747
4747
4747
4747
4747
4747
4747
4747
4747
4747
4747
4747
4747
4747
4747
4747
4747
4747
4747
4747
4747
4747
4747
4747
4747
4747
4747
4747
4747
4747
4747
4747
4747
4747
4747
4747
4747
4747
4747
4747
4747
4747
4747
4747
4747
4747
4747
4747
4747
4747
4747
4747
4747
4747
4747
4747
4747
4747
4747
4747
4747
4747
4747
4747
4747
4747
4747
4747
4747
4747
4747
4747
4747
4747
4747
4747
4747
4747
4747
4747
4747
4747
4747
4747
4747
4747
4747
4747
4747
4747
4747
4747
4747
4747
4747
4747
4747
4747
4747
4747
4747
4747
4747
4747
4747
4747
4747
4747
4747
4747
4747
4747
4747
4747
4747
4747
4747
4747
4747
4747
4747
4747
4747
4747
4747
4747
4747
4747
4747
4747
4747
4747
4747
4747
4747
4747
4747
4747
4747
4747
4747
4747
4747
4747
4747
4747
4747
4747
4747
4747
4747
4747
4747
4747
4747
4747
4747
4747
4747
4747
4747
4747
4747
4747
4747
4747
4747
4747
4747
4747
4747
4747
4747
4747
4747
4747
4747
4747
4747
4747
4747
4747
4747
4747
4747
4747
4747
4747
4747
4747
4747
4747
4747
4747
4747
4747
4747
4747
4747
4747
4747
4747
4747
4747
4747
4747
4747
4747
4747
4747
4747
4747
4747
4747
4747
4747
4747
4747
4747
4747
4747
4747
4747
4747
4747
4747
4747
4747
4747
4747
4747
4747
4747
4747
4747
4747
4747
4747
4747
4747
4747
4747
4747
4747
4747
4747
4747
4747
4747
4747
4747
4747
4747
4747
4747
4747
4747
4747
4747
4747
4747
4747
4747
4747
4747
4747
4747
4747
4747
4747
4747
4747
4747
4747
4747
4747
4747
4747
4747
4747
4747
4747
4747
4747
4747
4747
4747
4747
4747
4747
4747
4747
4747
4747
4747
4747
4747
4747
4747
4747
4747
4747
4747
4747
4747
4747
4747
4747
4747
4747
4747
4747
4747
4747
4747
4747
4747
4747
4747
4747
4747
4747
4747
4747
4747
4747
4747
4747
4747
4747
4747
4747
4747
4747
4747
4747
4747
4747
4747
4747
4747
4747
4747
4747
4747
4747
4747
4747
4747
4747
4747
4747
4747
4747
4747
4747
4747
4747
4747
4747
4747
4747
4747
4747
4747
4747
4747
4747
4747
4747
4747
4747
4747
4747
4747
4747
4747
4747
4747
4747
4747
4747
4747
4747
4747
4747
4747
4747
4747
4747
4747
4747
4747
4747
4747
4747
4747
4747
4747
4747
4747
4747
4747
4747
4747
4747
4747
4747
4747
4747
4747
4747
4747
4747
4747
4747
4747
4747
4747
4747
4747
4747
4747
4747
4747
4747
4747
4747
4747
4747
4747
4747
4747
4747
4747
4747
4747
4747
4747
4747
4747
4747
4747
4747
4747
4747
4747
4747
4747
4747
4747
4747
4747
4747
4747
4747
4747
4747
4747
4747
4747
4747
4747
4747
4747
4747
4747
4747
4747
4747
4747
4747
4747
4747
4747
4747
4747
4747
4747
4747
4747
4747
4747
4747
4747
4747
4747
4747
4747
4747
4747
4747
4747
4747
4747
4747
4747
4747
4747
4747
4747
4747
4747
4747
4747
4747
4747
4747
4747
4747
4747
4747
4747
4747
4747
4747
4747
4747
4747
4747
4747
4747
4747
4747
4747
4747
4747
4747
4747
4747
4747
4747
4747
4747
4747
4747
4747
4747
4747
4747
4747
4747
4747
4747
4747
4747
4747
4747
4747
4747
4747
4747
4747
4747
4747
4747
4747
4747
4747
4747
4747
4747
4747
4747
4747
4747
4747
4747
4747
4747
4747
4747
4747
4747
4747
4747
4747
4747
4747
4747
4747
4747
4747
4747
4747
4747
4747
4747
4747
4747
4747
4747
4747
4747
4747
4747
4747
4747
4747
4747
4747
4747
4747
4747
4747
4747
4747
4747
4747
4747
4747
4747
4747
4747
4747
4747
4747
4747
4747
4747
4747
4747
4747
4747
4747
4747
4747
4747
4747
4747
4747
4747
4747
4747
4747
4747
4747
4747
4747
4747
4747
4747
4747
4747
4747
4747
4747
4747
4747
4747
4747
4747
4747
4747
4747
4747
4747
4747
4747
4747
4747
4747
4747
4747
4747
4747
4747
4747
4747
4747
4747
4747
4747
4747
4747
4747
4747
4747
4747
4747
4747
4747
4747
4747
4747
4747
4747
4747
4747
4747
4747
4747
4747
4747
4747
4747
4747
4747
4747
4747
4747
4747
4747
4747
4747
4747
4747
4747
4747
4747
4747
4747
4747
4747
4747
4747
4747
4747
4747
4747
4747
4747
4747
4747
4747
4747
4747
4747
4747
4747
4747
4747
4747
4747
4747
4747
4747
4747
4747
4747
4747
4747
4747
4747
4747
4747
4747
4747
4747
4747
4747
4747
4747
4747
4747
4747
4747
4747
4747
4747
4747
4747
4747
4747
4747
4747
4747
4747
4747
4747
4747
4747
4747
4747
4747
4747
4747
4747
4747
4747
4747
4747
4747
4747
4747
4747
4747
4747
4747
4747
4747
4747
4747
4747
4747
4747
4747
4747
4747
4747
4747
4747
4747
4747
4747
4747
4747
4747
4747
4747
4747
4747
4747
4747
4747
4747
4747
4747
4747
4747
4747
4747
4747
4747
4747
4747
4747
4747
4747
4747
4747
4747
4747
4747
4747
4747
4747
4747
4747
4747
4747
4747
4747
4747
4747
4747
4747
4747
4747
4747
4747
4747
4747
4747
4747
4747
4747
4747
4747
4747
4747
4747
4747
4747
4747
4747
4747
4747
4747
4747
4747
4747
4747
4747
4747
4747
4747
4747
4747
4747
4747
4747
4747
4747
4747
4747
4747
4747
4747
4747
4747
4747
4747
4747
4747
4747
4747
4747
4747
4747
4747
4747
4747
4747
4747
4747
4747
4747
4747
4747
4747
4747
4747
4747
4747
4747
4747
4747
4747
4747
4747
4747
4747
4747
4747
4747
4747
4747
4747
4747
4747
4747
4747
4747
4747
4747
4747
4747
4747
4747
4747
4747
4747
4747
4747
4747
4747
4747
4747
4747
4747
4747
4747
4747
4747
4747
4747
4747
4747
4747
4747
4747
4747
4747
4747
4747
4747
4747
4747
4747
4747
4747
4747
4747
4747
4747
4747
4747
4747
4747
4747
4747
4747
4747
4747
4747
4747
4747
4747
