4385
3894
3894
3878
4236
4136
4152
4152
4391
3982
3598
3149
3409
3460
3005
2954
3286
3741
3481
3531
3515
4006
4106
4555
5117
5399
4716
5399
5160
5161
4829
4380
4789
5028
5360
5620
5262
4771
5155
4895
5344
5360
4677
5360
5028
5027
5359
5359
4910
5401
5850
5568
5850
5441
4950
4711
5202
4847
5107
5158
4876
4776
4214
3830
3779
3447
2956
2957
3289
2897
2997
2997
3488
3846
4085
3846
3846
4128
3445
3087
3087
2987
2971
3022
3122
2862
2862
3101
2646
3038
3037
3421
3681
3030
3385
3385
3385
3285
3694
3412
2921
3203
2819
3203
3203
3658
3659
3609
3217
2978
3629
3369
3037
3429
3037
3369
3727
3369
3369
2985
3547
3905
3904
3853
4092
4476
4576
4121
4513
4513
4773
4418
4434
4076
4127
3888
3628
4119
3787
3787
3338
3056
3005
3005
3244
3599
3957
3548
4231
4563
5018
4686
4302
4302
3619
3519
3519
3928
3979
4363
4645
3994
3503
3763
3747
3355
3455
3946
4597
4597
4035
4484
4129
4129
4129
3890
4282
4332
4687
4687
4687
4427
3936
3886
3502
4185
4185
3903
3903
3852
3497
3736
3497
3088
3089
3444
3935
3935
3935
3580
3580
3862
4271
4270
4320
4675
4675
5007
4675
4317
4577
4935
4580
4581
4965
4981
5032
5594
5544
5544
5444
5184
5168
4776
4826
4776
4285
3723
3722
3982
3982
4314
3859
3859
4421
4421
4660
5015
5506
5174
5123
5173
5173
4913
4913
4504
4055
3372
2881
3336
3336
3745
4077
4078
3669
3430
2779
2729
3380
3772
3772
4011
4460
4951
5001
5001
4762
4200
3745
3845
3844
3844
3845
3453
4015
4407
4407
4407
5090
5090
5090
5350
5805
6214
5856
5856
5447
5447
5092
5042
5042
5281
4999
4999
5015
4683
5041
5323
5223
5578
5987
5578
5910
5461
5910
5910
5960
5277
5277
4919
4637
4305
3654
4305
3950
3950
3690
3241
3599
3599
4282
4542
4526
4526
4476
4925
4941
4940
4449
4549
4157
4489
4473
3822
3583
3323
2965
3016
3371
3729
4011
3729
3729
3274
3683
3000
2668
2684
2329
1767
1817
2308
2308
2568
2850
2401
2401
2401
2756
3318
3318
2934
2934
2576
2968
3352
2943
2381
2739
3188
3643
3361
2870
3279
3518
3850
4533
4178
4829
4420
4036
4036
4036
4318
4809
4809
4758
4366
4008
3726
3726
4008
4400
4400
3717
3325
3717
4126
4481
4532
4532
4481
4481
4839
4789
4529
4429
4097
3705
3755
3516
3848
4232
3848
4087
4770
4771
4721
5283
5283
5283
5267
5659
5709
5809
5759
5758
5808
5808
5808
5353
5021
4572
5027
4745
5129
5389
5721
5737
5737
5477
5068
5477
5122
5122
4730
4346
3988
3988
4437
4719
4387
4438
4793
5151
5543
5443
5443
5204
4922
4360
4361
4311
4643
4592
4143
4193
4193
3838
4287
4547
4215
3760
3710
3761
3761
3745
3694
3694
4049
4099
3608
4099
4199
3939
3889
4128
3736
4191
4191
4753
4753
4753
4653
4913
4913
4504
4913
4912
4928
5312
4928
4928
5028
4579
4579
4963
4963
4947
4687
4947
5396
5412
4963
4963
4312
3954
4005
3621
3671
4003
3743
3411
3361
3810
4142
4142
3733
3242
3242
3242
3226
3610
4101
4050
4101
4050
3601
3861
3370
3131
2871
2871
2887
2432
2692
3343
3393
3848
3849
3849
3849
3849
3848
3286
3270
3719
3720
4002
3547
3563
3802
3542
2859
2843
2394
2752
3201
3593
4155
4610
4610
4610
4048
4048
3948
3493
3254
3270
3321
3581
3321
3581
3530
3530
4092
4076
3514
3514
3514
3232
3283
3283
3299
3248
3232
3248
2864
2964
3348
2964
3015
2623
3015
2999
2739
3230
3685
3585
3867
3509
3060
3010
3368
3628
3137
3137
3586
3586
3194
3586
3194
3586
4269
3987
4269
4269
4760
4500
4500
4499
4050
4612
4662
4762
5001
4719
4719
4361
4810
4810
4319
3870
3871
3309
3569
3114
2854
3238
3647
3647
4096
4112
3663
3279
3040
2940
2940
2608
2607
2939
2584
2866
3221
3205
3221
3712
3430
3430
3814
4376
4734
5189
4797
4146
3691
3692
4147
4096
4196
4456
4456
4001
3592
3030
3592
3874
3592
2909
3364
3314
3364
3646
3084
3493
3161
3145
2885
3447
3463
3514
3514
3463
3912
3350
3401
3963
3947
4630
4580
4596
4545
4595
4104
4104
4104
4104
3542
3934
3550
3550
4112
4096
4095
4095
4045
4045
3945
3945
3496
3497
3497
3547
4198
4198
4214
4214
4314
3859
3858
3842
3842
4102
3820
3137
3592
3831
3832
3782
4166
3774
3212
3212
3703
3702
4151
4151
3767
3768
4330
4380
5063
5062
5078
5028
5360
5121
4666
5050
5050
5332
5332
5000
4438
4830
4339
4901
4902
4952
4503
4119
4118
4118
4118
4502
4993
4638
5093
4701
5093
4833
4475
4476
4476
4376
4375
4376
4376
4731
4991
5349
4787
4838
4838
4822
4171
3762
3307
3546
3286
3286
3695
4150
4599
4599
4360
4692
4792
5354
5354
5072
5088
4526
4526
4117
4117
4116
4116
4376
5027
4767
4767
4717
4977
4877
5116
5525
5509
5270
4912
4457
5019
5069
4737
4738
4346
4346
4585
4230
4230
4230
3547
3497
4180
4179
4634
4992
5274
5606
5961
5701
5701
5717
5435
5717
5817
5817
5578
4927
4928
4978
4569
4978
4977
4978
4529
4429
3938
3580
3564
3564
3824
4216
3956
4314
4313
4263
4263
4363
4363
4623
4639
3956
4607
4607
4152
3794
3794
3844
4335
3951
4309
4209
4209
4664
4404
4404
4853
5113
5063
5063
5746
5796
5796
5347
5796
5113
5114
5114
4623
5306
5256
5205
5205
5205
4873
4873
4872
4221
3766
3766
4150
3588
4043
4043
4043
4694
4745
4845
4845
4396
4958
4942
5274
5274
5223
5223
5223
5672
5412
5130
4568
4568
5059
5059
5621
5621
5266
5526
5035
5274
5556
5556
5274
5765
5765
5765
5765
5765
5665
5716
5717
5226
4834
4450
4092
3643
3643
4134
3572
4134
4583
4599
4599
4599
4267
4007
4007
4007
4391
4152
4152
4136
3453
3811
4143
4143
4143
4403
4503
4119
4474
5157
4825
4825
5157
5157
4708
4350
3859
3859
3858
3207
2524
2424
2424
2663
2663
2763
2764
3447
3497
3447
3447
3729
3745
4129
4620
4978
5629
4978
5028
5027
4767
4717
4617
4617
4126
4126
4126
4126
4126
4126
4126
4176
3937
4037
4037
3475
3867
3458
3458
3126
2671
3080
3029
3029
3680
3680
3680
3664
3715
4277
4277
4277
4293
4293
4243
4243
4244
4243
3681
3920
3681
3630
4085
4534
4434
4534
4150
3701
3701
3961
3569
3619
4068
3968
3968
4068
3808
3808
4200
4200
4460
4460
4460
4444
4086
4086
3986
3986
4344
4344
4062
3653
3654
3670
3654
4038
4038
4370
4012
4012
3620
3902
3852
3592
3642
4000
4491
4491
4000
4000
3718
3718
3363
3005
3360
3599
4008
4008
4024
4515
4515
4797
4465
4565
4181
4743
4294
4554
4538
4589
4589
4605
4605
4604
4344
4293
4277
4277
4277
4277
4277
3868
3868
3869
3920
4312
4721
5079
4840
5224
4832
5224
5240
5189
5188
5088
4730
4730
4730
4969
5327
4765
4765
4765
4765
4082
3673
4082
4082
3724
3984
3724
3315
3315
3316
3765
4327
4378
4377
4326
4326
4276
4326
4326
4326
4426
4426
4686
4302
4302
3811
3795
4478
4969
4969
4969
4969
4730
5062
5062
5012
5012
5012
5421
5421
5089
4807
4807
4316
4317
3925
3925
3925
4416
4432
4764
4202
4764
4814
4814
5206
5206
5564
5564
5304
4813
4481
4532
4532
4532
4532
4771
4316
4700
4649
4240
4291
4275
4175
4275
4684
4944
4944
4943
4943
5275
5291
5052
5291
5031
5031
5032
4674
4290
4781
4542
4051
3951
4233
4333
4333
4282
4333
4332
4332
4332
4282
4282
4283
4522
4422
4422
4422
4522
4906
4906
4956
4906
4906
4905
4854
4855
4573
4623
4623
4674
4674
4674
5032
4674
4674
5129
5129
4745
4290
4674
4934
4918
4917
4585
4585
5040
5040
4989
5040
5040
5040
4801
4346
4362
4362
3679
3679
4170
4170
4171
3680
3420
3420
3420
3036
3036
3296
3628
3910
4268
3706
4268
4168
3759
3197
2748
3431
3815
3915
3915
4324
4324
4324
4324
4042
3992
3892
3537
3537
3537
3205
3767
3867
3867
3867
3867
3867
3851
3851
4300
4632
5123
5578
5577
5859
5860
6099
6099
5817
5459
5459
5408
5408
5766
5766
5666
5717
5717
5457
5406
5761
5306
4815
4815
4815
4815
4815
4866
4508
4176
4125
4125
4483
4534
4534
4550
4650
4650
4650
4910
4501
4501
4485
4535
4535
4535
4534
4483
3921
3537
3537
3537
3537
3992
3992
4401
4402
3751
3393
3675
3625
3625
3676
3576
3576
3626
3271
3629
3629
3629
3390
3722
3822
3822
4313
3921
3870
3886
4125
4125
3767
3767
3435
4086
4648
4086
4086
4036
3545
3900
3491
3875
4267
4167
4525
4525
5087
5086
4524
4524
4524
4524
4166
4166
4166
3927
4285
4847
4565
4804
4804
4565
4897
4542
4642
4382
4621
4621
4622
4173
4173
4664
4664
4946
4946
5301
5301
5301
5301
5301
5201
5185
5235
4903
5352
5761
5761
5761
5761
5861
5477
5477
4915
5175
5175
4915
4966
4982
5544
5262
5262
5261
5261
5261
4903
4903
4903
5185
5085
5185
4730
4990
4428
4990
4541
4186
4518
4873
4873
4873
4874
5258
5258
5258
5258
5257
4606
5055
5706
5706
5706
5706
5351
5301
5250
5705
5705
5445
5429
5689
5689
5305
5066
5450
4888
4496
4547
5109
5109
4660
4660
4899
5291
5291
4729
4779
4779
4729
5087
5088
5104
5088
4597
4546
4546
4546
4446
4207
3524
4015
4464
4564
4564
4614
4354
3905
4165
4165
4848
5297
4848
5087
5037
4777
4777
4777
4368
4368
4368
4368
4384
4384
3701
4110
4110
4110
4110
4110
4465
4133
4132
4032
4032
4082
4182
4744
4744
4386
3931
3982
4437
4437
4769
4753
4753
4191
4753
4753
4653
4653
4198
4198
4148
3793
3793
4476
4476
4476
4425
4425
4780
4498
4498
4498
4780
4425
4425
4425
4426
4425
4685
4736
4736
4736
4752
4360
4460
4460
4460
4128
4583
4583
4915
4633
4394
4633
4582
4582
4482
4764
4504
4555
4539
4540
4540
4556
4606
4606
4706
4424
4040
4040
4040
4395
4379
3817
3817
3766
4158
4158
4158
4516
4516
4532
4814
5074
4835
5284
5335
5334
5052
5036
5036
5036
5036
5036
5036
5036
4587
4971
4920
4870
4870
4478
4478
4927
4927
4595
4595
4877
5116
5116
5116
5116
5678
5678
5729
5490
5882
5600
5245
5600
5500
5051
4489
4489
4539
4539
5101
4610
4710
4992
4992
4992
5231
4876
4876
4892
4653
4603
4603
4603
4603
4503
4994
4943
5392
5631
5682
5682
5290
5290
4932
4932
5032
5032
5032
5424
5142
5142
5142
5142
5497
5498
5497
5498
5089
5498
5856
5856
5856
5855
5855
5855
5905
5905
5905
5855
5855
5364
5364
5414
5056
5056
5056
5056
4373
4731
5013
4997
5013
4629
4613
4945
4895
5279
5019
4564
4002
4002
4002
4002
4685
4276
4276
4276
4276
4276
4276
4536
4945
4945
5400
5400
5450
5450
5450
5350
5299
5299
5017
5117
5067
5067
5558
5558
5226
5226
5226
5226
5126
5177
5739
5500
5500
5145
5161
5161
4901
4543
4543
4543
3860
3860
4142
4825
4543
4544
4493
4492
4543
4543
4901
4492
4542
4184
4184
4184
4284
4642
4592
4592
4947
5229
5638
5638
5877
5485
4923
4923
4565
4514
4774
4774
5106
5157
5057
5157
4708
5100
5100
4609
5058
5058
5058
5108
4869
4420
4404
4353
4353
4353
4071
4429
4329
3974
3974
4465
5027
5266
5266
5266
5027
5309
5360
5360
5715
5716
5324
5324
5324
5323
5323
5323
5273
4889
4905
5354
5022
4762
4762
4711
4695
4746
4291
4240
4240
3885
4277
4632
4632
4632
3981
4313
4552
4553
4553
4553
4937
4254
4254
4254
4253
4904
4904
4954
5005
5005
5005
5005
5688
5304
4972
4733
5065
5065
4783
5043
5043
4993
4993
4993
4584
4584
4584
4584
4823
4823
4823
5278
4920
4920
5202
5202
5151
5167
5576
5576
5337
5576
5676
5221
5579
5580
5298
4807
4807
5089
5089
4807
4807
5298
4889
4889
4889
4889
4888
4888
4888
5343
5343
5343
5343
5343
5243
5227
5227
5227
5227
4895
4995
4995
4995
4995
4995
5045
5454
5454
4771
4771
5103
5053
5053
5437
5437
5105
4750
5433
5433
5433
4750
4650
4390
4391
4391
4391
4391
4391
4746
4746
4746
4796
4796
4796
4746
4746
4746
4745
4745
5077
5337
5337
5437
5437
5337
5098
5098
5781
5449
5499
5515
5797
6036
6036
5754
5854
5854
5854
5854
5462
5462
5462
5462
5462
5463
5463
5463
5745
5361
4906
4906
4667
5051
5051
5050
5051
4560
4560
4560
4560
4799
5290
5622
5572
5572
5572
5290
5290
5290
5290
4932
4932
4931
4931
4931
4932
4982
4982
4743
4743
4388
4388
4388
4388
4338
4078
4078
4433
4333
4333
4333
4333
4333
4572
4572
4623
4623
4174
4174
4174
4174
4566
4515
4515
4515
4515
4515
3953
4402
4402
4163
4163
4725
4985
4536
4536
4535
4535
4774
4774
4824
5106
5106
5106
5106
5107
5107
5107
4616
4616
4616
4616
4284
4284
4284
4775
5224
5224
5224
4985
4935
4935
5390
5748
5748
5393
5111
5111
5111
5110
4661
5110
5349
5349
5399
5399
5399
5349
4858
4859
4859
4859
4859
5350
5090
5090
5090
5090
4681
4681
4030
4030
4439
4489
4844
4282
4282
4266
4548
4548
5110
5370
5370
5320
5971
6022
6022
6038
6138
6138
6188
6520
6260
6260
6260
6260
6259
6259
6208
5717
6208
5525
6208
5759
5404
5404
5664
6113
5664
6113
6113
6113
5664
5665
5665
5665
5665
5665
5665
5665
5665
5665
5665
5665
5665
6114
6114
6014
6014
6014
6014
6014
6013
6014
6014
6014
6014
5998
5640
5640
5640
5691
5691
5431
5789
5789
6144
6144
6144
6144
6144
6160
6160
6160
6160
6159
6159
6159
6108
5776
5776
5776
5776
5384
5368
5468
5469
4978
4978
4977
4977
5237
5137
5137
5188
5520
5620
5620
5620
5620
5569
5569
5961
5961
5961
5961
5310
4978
4978
4620
4620
4620
4520
4470
4961
5319
5319
5320
5420
5420
5471
5487
5487
5227
5277
5261
5261
4979
4995
4895
5546
5806
5806
6088
6188
6187
6188
6188
5804
5804
5754
5738
5737
5737
5379
5379
5379
5379
5737
6069
6018
6034
5752
6136
6136
6136
6136
6136
5804
5788
6120
6120
6120
6120
5736
5736
5636
5918
5918
5918
6302
6302
6302
5847
5847
5492
5492
5492
5492
5492
5492
5492
5492
5492
5492
5492
5592
5592
5643
5644
5312
5328
5328
5328
5328
5328
5328
5328
5328
5328
5328
5228
5228
5683
5682
5732
6064
5655
5655
5605
5605
5605
5345
4854
4854
4854
5345
5345
5395
5345
5329
5330
5330
5330
5346
5346
5346
5346
5346
5701
5701
5961
5961
5961
5961
6370
6370
6012
6011
6011
6011
6011
6011
6011
5729
5729
5729
5729
5729
5729
5490
5490
4999
5357
5357
5357
5097
4713
4713
5097
5097
5588
5827
5588
5588
5588
5537
5537
5537
4975
4520
4520
4571
4571
4571
4520
4620
4620
4604
4246
4262
4263
4163
4163
4263
4502
4502
4502
4502
5064
5064
4964
4964
5419
5418
5418
5418
5418
4856
4856
4856
4856
4524
4575
4575
4575
4575
4576
4576
4576
4576
4576
4576
4576
4576
4576
4858
5420
5419
5419
5777
5777
5827
5811
5811
5811
5811
5827
5827
5827
5827
5827
5827
5827
5588
5688
5688
5279
5279
5279
5229
5229
5178
5228
5228
5228
5637
5637
5637
5637
5637
5688
6020
6020
5688
5689
5639
5639
5639
5638
5283
5283
5283
5267
5268
5268
5268
5268
5268
5318
5578
5578
5933
5478
5494
5494
5494
5110
5110
5110
5110
5110
5110
4828
4828
4828
5110
5059
5059
4959
4959
4958
4958
4959
4677
4627
4627
4959
4959
5198
5198
4547
4931
4931
4671
4671
5126
5777
5777
5777
5777
5777
5777
5777
6037
6037
6037
6137
6137
6137
6137
5782
5782
5782
5782
5390
5745
5729
5729
6011
6011
5911
5911
6011
5562
5562
5562
5612
5612
5612
6004
5744
5744
5744
5744
5744
5744
5744
5505
5505
5405
5405
5405
5355
5804
5803
5803
5120
5220
5220
5220
5220
5903
5919
5919
6179
6179
6179
6230
6230
6230
6231
6231
6231
6231
6231
6180
6080
6080
6080
6080
6080
5518
5236
5518
5518
5518
5518
5236
5475
5236
5236
5236
5518
5568
5568
5568
5668
5668
5652
5652
5891
5891
5891
5442
5442
5442
5442
5891
5891
5631
5631
5239
5239
5499
5499
5499
5499
5499
5499
5499
5499
5891
5942
5584
5584
5252
5252
5251
5267
5829
5829
5729
5679
5680
5118
5117
4733
4734
4784
4784
4734
4734
5296
5280
5280
5280
5280
5280
5280
5280
5280
5380
5380
5380
5025
5024
5024
5024
4632
4964
5319
5320
5370
5370
5370
5370
5370
5370
5370
5762
5523
5539
5488
5488
5488
5388
5388
5388
5388
5746
5846
5846
5746
5746
5746
5696
5341
5341
5341
5341
5341
5341
5341
5340
5340
5340
5440
5440
5440
5441
5441
5491
5231
5215
5215
5215
5266
5266
5526
5526
5526
5881
5830
5830
5830
5830
5780
5780
5680
5680
5919
5970
5970
5970
5710
5760
5760
5760
5760
5478
5478
5760
5198
5760
5760
5759
5759
5427
5427
5188
5188
5188
5448
5464
5448
5464
5848
5848
5848
5848
6087
6087
6088
6088
5639
5639
5639
5623
5623
5384
5623
5623
5623
5623
5623
5623
5341
5341
5341
5341
5341
5441
5202
5202
5201
5201
4941
4942
4942
4892
4892
4891
4891
4891
4891
4840
4891
4891
4891
4907
4907
4908
4908
4553
4792
4553
4098
4098
4337
4692
4337
4337
4387
4719
5074
5074
5074
5074
5073
5073
5073
5074
5074
5024
4973
4973
4973
4973
5428
5428
5428
5428
5478
5478
5478
5927
5927
5926
5926
5926
5926
5926
5927
5927
5688
5688
5948
5948
5948
5947
5847
5797
5847
5898
5898
5898
5898
5898
5898
5898
5847
5847
5797
5797
5342
5442
5442
5342
5624
5624
5624
5863
5863
5847
5847
5847
5847
5847
5847
5847
5847
5847
5897
5542
5492
5492
5492
5492
5492
5542
5542
5542
5642
5642
5643
5251
5250
5705
5705
5706
5706
5467
5467
5467
5467
5822
5722
5721
5721
6113
6113
6113
6129
6129
6129
6180
5898
6180
6180
6280
6280
6280
6280
6280
6280
6280
6281
6281
6281
6281
6280
6280
6180
6180
6181
6181
6181
5772
5772
5872
5540
5540
5540
5540
5540
5540
5949
5949
5899
5949
5949
5949
5949
5933
5933
5933
5933
5933
6172
6172
6171
6171
6171
6171
6172
6504
6504
6504
6504
6504
6453
6453
5891
5907
5907
5907
5907
6469
6469
6209
6209
6193
6193
6193
6193
6193
6192
6192
6243
6193
6193
6193
6209
6209
6209
6469
6469
5818
5818
5819
5819
5819
5819
5803
5803
6454
6454
6099
6099
6099
6098
6098
6098
6114
6114
6114
6114
6098
6098
6098
6099
5839
5839
5839
5839
5889
5889
5888
5888
5888
6148
6148
6148
6164
6164
6164
6064
6419
6419
6419
6369
6369
6369
6369
6318
6318
6319
6303
6302
6302
6302
6302
6302
6302
6353
6353
5969
6019
6019
6019
6019
6019
6019
6019
6019
6019
6019
6019
5610
5610
5626
5626
5626
5626
5626
6010
6110
6110
6519
6503
6503
6503
6503
6452
6452
6452
6452
6452
6452
6352
6113
6113
6213
6213
6213
6452
6352
6352
6352
6352
6352
6452
6452
6213
6264
6264
6265
6265
6265
6265
6265
6265
6265
6265
6265
6265
6265
6265
6265
6504
6504
6504
6504
6504
6504
6504
6504
6504
6504
6504
6504
6504
6520
6504
6504
6504
6504
6504
6504
6504
6504
6504
6504
6504
6504
6504
6265
6265
6214
6214
6214
5765
5765
5665
5665
5665
5681
5681
5631
5681
5781
5781
5781
5781
5781
5781
5781
5781
5781
5781
6230
6130
6130
6130
6130
6230
6230
6230
6230
6130
6230
6230
6230
5846
5746
5746
5746
5746
6130
6114
6114
6114
6064
6064
6063
6063
6063
6063
6063
6063
6063
6063
6063
6064
6064
6064
6064
6080
6080
6080
6080
6080
6080
6080
6080
6080
6080
6080
6079
6080
6080
6064
6064
6064
6064
6064
6064
6064
6064
6064
6064
6064
6064
6064
6303
6303
6303
6302
6302
6302
6302
6352
6352
6352
6352
6403
6403
6403
6403
6403
6403
6403
6403
6503
6503
6453
6453
6453
6193
6193
6193
6193
6193
6193
6193
6209
6469
6469
6469
6418
6418
6418
6418
6468
6452
6452
6352
6302
6303
6319
6319
6370
6370
6370
6370
6369
6369
6369
6469
6469
6469
6469
6060
6060
6060
5960
5960
5960
5960
6060
6060
6060
6110
6110
6111
6520
6520
6520
6470
6470
6470
6470
6470
6469
6469
6469
6469
6519
6519
6519
6468
6468
6468
6468
6468
6468
6368
6368
6368
6368
6368
6318
6036
6036
6136
6187
6187
6187
6188
6188
6172
6172
6172
6172
6172
6172
6172
6172
6454
6454
6454
6454
6454
6354
6354
6354
6354
6303
6303
6303
6303
6303
6354
6370
6470
6470
6470
6470
6470
6470
6470
6138
6138
5455
5505
5266
4908
4908
4908
5147
5479
5479
5479
5428
5428
5428
5428
5428
5428
5428
5427
5427
5427
5427
5427
5427
5427
5785
5785
5785
5769
5769
5769
5769
5785
5785
5785
5785
5769
5377
5377
5377
5377
5393
5394
5394
5394
5394
5394
5394
5294
5294
5294
5294
5686
5686
5686
6369
6369
6369
6369
6369
6469
6520
6520
6520
6520
6520
6520
6520
6520
6520
6520
6520
6520
6504
6503
6503
6504
6453
6504
6504
6244
6244
6244
6244
6504
6454
6504
6504
6504
6504
6504
6504
6454
6454
6454
6215
6215
6215
6215
6265
6281
6281
6231
5782
5782
5731
5970
5970
6021
6021
6021
6021
6470
6470
6470
6470
6520
6520
6520
6520
6520
6520
6520
6520
6520
6520
6519
6519
6519
6519
6237
6237
6221
6222
6172
5817
5817
5817
5867
5867
5867
5867
5867
5883
6165
6165
6165
5905
5905
5854
5854
5854
5854
5804
5804
5804
5804
5855
5855
5855
5855
5855
5855
6115
6099
6099
6099
6099
6099
6099
6099
6098
6148
6148
6148
6149
6149
6149
6149
6149
6149
6149
6149
6148
6148
6148
6148
6148
6148
6048
6048
6064
6064
6048
6048
6049
6065
6065
6065
6065
6065
6065
6065
6065
6049
6049
6049
5999
5999
5999
6354
6404
6404
6504
6504
6504
6453
6453
6504
6504
6454
6403
6453
6453
6453
6403
6403
6453
6453
6453
6453
6453
6453
6353
6353
6404
6404
6404
6420
6369
6369
6369
6469
6469
6114
6469
6520
6520
6520
6520
6520
6504
6504
6504
6504
6453
6453
6453
6504
6504
6504
6504
6504
6520
6520
6520
6520
6520
6519
6519
6519
6519
6519
6519
6519
6519
6519
6468
6468
6368
6108
6108
6108
6108
6092
6092
6092
6092
6092
6092
6092
6042
6042
6042
6042
6042
6042
6042
6042
6042
6142
6142
6193
6193
6193
6193
6193
6093
6109
6109
6058
6108
6108
6108
6108
6108
6108
6108
6159
6143
6143
6143
6143
6143
6143
6143
6143
6143
6143
6143
6093
6093
6094
6094
6094
6354
6353
6353
6353
6353
6353
6354
6354
6354
6354
6354
6354
6354
6354
6354
6370
6110
6110
6110
6110
6110
5871
5871
5871
5921
5921
5921
5921
6021
6021
6021
6021
6260
6210
6210
6210
6210
6470
6470
6470
6470
6470
6470
6470
6470
6470
6470
6470
6469
6369
6369
6353
6353
6353
6353
6453
6453
6469
6469
6469
6469
6369
6369
6369
6369
6369
6369
6369
6369
6469
6470
6470
6470
6470
6470
6470
6454
6470
6470
6188
6188
6188
6172
6172
6172
6172
6172
6454
6354
6303
6403
6419
6419
6470
6470
6470
6470
6470
6470
6469
6453
6453
6453
6453
6453
6453
6454
6470
6470
6470
6470
6470
6470
6470
6470
6470
6470
6470
6470
6454
6454
6454
6454
6454
6354
6354
6354
6354
6370
6370
6370
6354
6404
6404
6420
6420
6420
6420
6420
6420
6420
6420
6420
6420
6420
6420
6420
6420
6420
6420
6419
6419
6419
6419
6180
6180
6180
6419
6419
6419
6419
6419
6419
6419
6419
6419
6419
6419
6419
6419
6419
6519
6419
6419
6419
6419
6368
6368
6419
6419
6419
6419
6419
6368
6368
6468
6468
6468
6468
6418
6418
6418
6418
6318
6302
6302
6302
6302
6352
6452
6452
6452
6453
6453
6453
6453
6453
6353
6353
6353
6353
6353
6353
6353
6353
6453
6453
6453
6453
6453
6453
6453
6453
6453
6453
6453
6453
6453
6453
6453
6453
6453
6453
6453
6453
6453
6453
6453
6453
6453
6453
6453
6453
6453
6453
6453
6453
6453
6453
6453
6453
6453
6121
6137
6137
5898
5898
5898
5898
5898
5882
6121
6121
6121
6172
6172
6172
6122
6122
6122
6122
6122
6122
6122
6122
6122
6138
6138
6470
6470
6470
6470
6470
6470
6470
6470
6470
6419
6469
6469
6468
6519
6519
6519
6519
6519
6519
6519
6519
6519
6519
6519
6519
6520
6520
6504
6504
6504
6504
6504
6504
6520
6519
6519
6419
6419
6419
6419
6180
6180
6180
6180
6180
6180
6180
6180
6180
6180
6180
6180
6180
6180
6180
6180
6130
6079
6079
6079
6079
6079
6079
6079
6318
6318
6318
6319
6319
6319
6319
6319
6319
6369
6368
6368
6419
6419
6519
6519
6519
6519
6519
6519
6519
6519
6519
6519
6468
6468
6468
6468
6468
6468
6468
6469
6469
6469
6469
6469
6469
6469
6469
6469
6469
6469
6469
6469
6469
6469
6520
6520
6520
6520
6520
6520
6520
6470
6470
6454
6454
6454
6454
6454
6454
6454
6454
6454
6454
6454
6454
6454
6454
6454
6454
6454
6454
6454
6454
6454
6454
6454
6454
6454
6454
6454
6454
6454
6504
6504
6504
6504
6504
6504
6504
6520
6520
6520
6520
6520
6520
6520
6520
6520
6504
6504
6504
6504
6504
6504
6504
6504
6504
6504
6503
6503
6503
6503
6503
6503
6503
6503
6503
6503
6503
6503
6503
6503
6403
6403
6403
6403
6403
6403
6403
6419
6419
6419
6419
6369
6419
6419
6419
6419
6419
6419
6419
6419
6419
6419
6419
6519
6519
6519
6519
6519
6519
6519
6519
6520
6520
6520
6520
6520
6504
6504
6504
6453
6453
6453
6504
6504
6504
6504
6504
6504
6520
6520
6520
6520
6520
6520
6520
6520
6520
6520
6520
6520
6520
6520
6520
6520
6520
6520
6520
6520
6519
6503
6403
6403
6403
6403
6503
6503
6503
6503
6503
6503
6503
6403
6403
6403
6353
6353
6353
6354
6354
6354
6354
6354
6353
6353
6353
6353
6353
6353
6353
6353
6353
6403
6403
6404
6404
6404
6404
6403
6403
6403
6403
6403
6403
6403
6403
6352
6352
6352
6352
6403
6403
6403
6403
6403
6403
6403
6403
6419
6369
6369
6369
6369
6369
6369
6369
6369
6353
6369
6369
6369
6369
6369
6369
6369
6419
6519
6519
6519
6519
6519
6519
6519
6519
6503
6503
6403
6503
6503
6503
6503
6503
6503
6452
6452
6452
6452
6452
6452
6452
6452
6452
6453
6453
6453
6453
6453
6353
6353
6353
6353
6353
6353
6353
6353
6353
6369
6469
6469
6469
6469
6469
6469
6520
6504
6520
6520
6520
6520
6520
6520
6520
6420
6420
6420
6420
6420
6420
6420
6420
6160
6109
6109
6109
6093
6093
6093
6144
6144
6144
6144
6144
6144
6160
6160
6160
6420
6419
6419
6419
6419
6419
6419
6419
6419
6419
6419
6419
6369
6369
6369
6369
6369
6369
6369
6369
6369
6369
6369
6369
6369
6419
6419
6419
6419
6419
6420
6420
6420
6420
6420
6420
6420
6420
6420
6420
6420
6420
6420
6420
6420
6420
6420
6419
6419
6419
6419
6419
6519
6519
6503
6503
6519
6519
6519
6519
6503
6503
6503
6503
6503
6503
6503
6503
6503
6503
6503
6503
6503
6503
6503
6503
6503
6503
6503
6504
6504
6504
6504
6504
6504
6454
6454
6403
6454
6470
6470
6370
6369
6369
6369
6369
6318
6318
6368
6468
6418
6419
6419
6419
6419
6419
6419
6419
6419
6419
6418
6469
6453
6453
6453
6503
6503
6504
6504
6504
6504
6504
6504
6504
6504
6504
6504
6504
6454
6454
6454
6454
6454
6454
6453
6453
6453
6454
6470
6469
6469
6469
6469
6469
6469
6469
6469
6469
6469
6469
6469
6469
6469
6469
6469
6469
6519
6519
6419
6419
6419
6419
6419
6419
6419
6419
6419
6419
6419
6419
6419
6419
6419
6419
6419
6419
6419
6419
6419
6369
6369
6369
6369
6469
6469
6469
6469
6469
6469
6469
6469
6469
6469
6469
6469
6469
6469
6470
6470
6370
6370
6370
6370
6370
6420
6420
6420
6420
6420
6369
6369
6369
6369
6369
6369
6369
6369
6469
6469
6469
6469
6469
6469
6469
6469
6469
6469
6469
6469
6469
6469
6469
6453
6453
6453
6453
6453
6453
6453
6453
6453
6453
6453
6453
6469
6469
6469
6469
6469
6469
6469
6469
6469
6469
6469
6469
6469
6469
6469
6453
6453
6453
6453
6453
6453
6453
6453
6453
6452
6452
6452
6452
6452
6452
6452
6452
6452
6452
6452
6452
6452
6503
6403
6403
6403
6403
6403
6403
6403
6403
6403
6403
6403
6403
6403
6403
6352
6353
6353
6353
6353
6353
6353
6353
6353
6353
6353
6369
6369
6109
6093
6092
6108
6108
6108
6109
6109
6109
6109
6109
6109
6109
6109
6209
6209
6260
6260
6259
6260
6244
6244
6244
6244
6244
6244
6244
6260
6260
6260
6260
6520
6520
6520
6520
6520
6520
6520
6520
6469
6469
6469
6469
6469
6469
6468
6468
6468
6468
6468
6468
6468
6468
6468
6468
6468
6468
6468
6468
6468
6468
6519
6468
6468
6468
6468
6468
6468
6468
6468
6468
6468
6468
6468
6468
6468
6468
6468
6468
6468
6468
6468
6468
6468
6468
6468
6468
6468
6468
6469
6468
6519
6519
6519
6519
6519
6519
6519
6519
6519
6519
6519
6469
6469
6469
6469
6469
6469
6469
6469
6469
6469
6469
6469
6469
6469
6470
6470
6470
6470
6454
6454
6470
6469
6469
6519
6519
6519
6519
6519
6519
6519
6519
6519
6519
6519
6519
6519
6519
6519
6519
6503
6503
6503
6503
6503
6503
6503
6503
6503
6503
6403
6403
6403
6403
6403
6403
6403
6403
6403
6403
6403
6403
6403
6403
6419
6419
6419
6368
6468
6452
6352
6352
6352
6352
6352
6352
6352
6352
6452
6452
6452
6352
6352
6352
6452
6452
6452
6452
6452
6452
6352
6352
6352
6352
6352
6352
6302
6318
6318
6318
6318
6318
6418
6418
6418
6418
6418
6418
6418
6418
6419
6419
6419
6419
6419
6419
6419
6419
6419
6419
6419
6419
6419
6419
6419
6419
6419
6419
6419
6419
6419
6419
6419
6319
6319
6319
6319
6369
6369
6369
6369
6369
6369
6369
6369
6369
6369
6369
6369
6369
6469
6469
6469
6469
6469
6468
6468
6468
6468
6468
6468
6468
6469
6469
6469
6453
6453
6453
6453
6453
6453
6453
6504
6504
6504
6504
6504
6504
6504
6504
6504
6504
6504
6504
6503
6503
6503
6503
6503
6503
6503
6503
6453
6453
6453
6453
6453
6453
6453
6453
6453
6453
6453
6453
6453
6453
6453
6453
6454
6504
6504
6504
6504
6504
6504
6504
6504
6504
6504
6504
6504
6520
6520
6520
6469
6469
6469
6468
6468
6468
6468
6468
6468
6468
6468
6469
6469
6469
6469
6469
6468
6468
6469
6469
6520
6520
6520
6520
6520
6470
6470
6470
6470
6470
6470
6520
6520
6520
6520
6520
6520
6520
6520
6520
6520
6520
6520
6520
6520
6520
6520
6520
6520
6520
6520
6520
6520
6520
6520
6520
6520
6519
6519
6519
6519
6519
6519
6519
6519
6519
6519
6520
6520
6520
6520
6520
6520
6470
6470
6470
6470
6520
6520
6519
6519
6519
6519
6519
6503
6503
6503
6503
6503
6503
6503
6503
6503
6503
6504
6504
6520
6504
6504
6504
6504
6504
6504
6504
6504
6504
6504
6504
6504
6504
6504
6504
6504
6504
6504
6504
6504
6504
6504
6454
6454
6454
6454
6454
6454
6453
6453
6453
6453
6453
6453
6454
6454
6454
6454
6454
6453
6453
6453
6453
6453
6453
6453
6453
6453
6453
6453
6453
6453
6503
6452
6452
6452
6452
6352
6452
6352
6352
6302
6302
6302
6302
6302
6302
6302
6302
6302
6353
6353
6353
6353
6353
6353
6353
6353
6353
6353
6453
6453
6453
6453
6454
6453
6453
6453
6503
6453
6453
6453
6453
6453
6402
6402
6403
6419
6419
6419
6419
6419
6419
6419
6419
6419
6419
6419
6419
6419
6470
6470
6470
6470
6470
6470
6470
6470
6470
6470
6470
6470
6470
6470
6470
6470
6470
6470
6470
6470
6470
6520
6520
6520
6520
6520
6520
6520
6520
6520
6520
6520
6470
6470
6470
6454
6454
6454
6454
6454
6454
6504
6504
6504
6504
6504
6504
6520
6469
6469
6469
6469
6469
6469
6469
6469
6469
6468
6519
6519
6519
6519
6519
6519
6519
6519
6519
6519
6519
6519
6519
6519
6519
6519
6519
6519
6519
6519
6519
6520
6520
6519
6519
6519
6519
6519
6520
6520
6520
6520
6520
6520
6519
6519
6519
6520
6520
6520
6504
6504
6520
6520
6520
6520
6520
6520
6520
6520
6520
6520
6520
6519
6519
6519
6519
6519
6519
6519
6519
6519
6519
6519
6519
6520
6520
6520
6520
6520
6520
6520
6520
6520
6520
6520
6520
6520
6504
6504
6504
6453
6453
6453
6453
6453
6453
6453
6453
6452
6452
6452
6453
6453
6453
6469
6469
6520
6520
6520
6520
6520
6520
6520
6520
6520
6520
6520
6520
6520
6520
6520
6520
6520
6520
6520
6520
6520
6520
6520
6520
6520
6520
6520
6520
6520
6520
6520
6520
6520
6520
6520
6504
6504
6504
6503
6503
6503
6519
6519
6519
6519
6519
6519
6519
6519
6519
6519
6519
6519
6519
6519
6519
6519
6519
6519
6519
6519
6519
6519
6519
6519
6519
6519
6519
6419
6419
6419
6419
6519
6519
6519
6519
6519
6519
6519
6519
6519
6519
6519
6519
6519
6519
6519
6519
6519
6520
6520
6520
6520
6519
6503
6503
6503
6503
6503
6503
6503
6503
6503
6503
6503
6503
6503
6503
6503
6503
6503
6503
6503
6504
6504
6504
6504
6504
6504
6504
6504
6504
6504
6504
6504
6504
6520
6520
6520
6520
6520
6520
6520
6520
6520
6519
6519
6519
6519
6519
6519
6519
6519
6519
6519
6519
6519
6519
6519
6519
6520
6520
6520
6520
6520
6520
6520
6520
6520
6520
6520
6520
6520
6520
6470
6470
6470
6470
6470
6470
6470
6454
6454
6454
6504
6504
6504
6504
6504
6504
6504
6504
6504
6504
6504
6504
6504
6504
6504
6504
6504
6504
6503
6503
6403
6403
6403
6403
6403
6403
6419
6419
6419
6419
6419
6419
6419
6420
6420
6420
6420
6404
6404
6404
6404
6404
6404
6404
6404
6404
6404
6404
6404
6404
6404
6404
6404
6404
6404
6404
6404
6404
6404
6404
6404
6404
6403
6503
6519
6519
6519
6520
6520
6520
6520
6520
6520
6520
6520
6520
6520
6520
6520
6520
6520
6520
6520
6520
6520
6520
6520
6520
6520
6504
6504
6504
6504
6504
6504
6520
6520
6520
6520
6520
6520
6520
6520
6520
6520
6520
6520
6520
6520
6520
6520
6520
6520
6520
6520
6520
6520
6520
6520
6520
6520
6520
6520
6520
6470
6469
6469
6469
6469
6469
6453
6454
6454
6454
6454
6454
6454
6454
6504
6504
6504
6504
6504
6504
6453
6453
6453
6453
6453
6453
6453
6453
6453
6453
6453
6453
6403
6403
6402
6402
6402
6402
6452
6452
6452
6452
6503
6519
6519
6519
6503
6503
6503
6503
6503
6503
6503
6503
6503
6504
6504
6504
6504
6504
6504
6504
6504
6504
6504
6504
6504
6504
6504
6504
6504
6504
6504
6504
6504
6504
6504
6504
6504
6504
6504
6503
6403
6403
6403
6403
6403
6403
6403
6403
6403
6403
6403
6403
6403
6403
6403
6403
6404
6404
6404
6404
6404
6404
6404
6404
6404
6404
6404
6404
6404
6404
6404
6404
6404
6504
6504
6504
6504
6504
6504
6504
6504
6504
6504
6504
6504
6504
6504
6504
6504
6504
6504
6504
6504
6504
6504
6504
6504
6504
6504
6504
6503
6503
6503
6503
6503
6503
6503
6503
6503
6503
6503
6503
6503
6403
6403
6403
6403
6403
6403
6503
6503
6519
6520
6520
6520
6520
6520
6520
6520
6520
6520
6520
6520
6520
6520
6520
6520
6520
6520
6520
6520
6520
6520
6520
6520
6520
6519
6519
6519
6468
6519
6519
6519
6519
6519
6519
6519
6520
6520
6520
6520
6520
6520
6520
6520
6520
6520
6520
6520
6520
6520
6520
6520
6520
6519
6519
6468
6469
6469
6469
6469
6469
6469
6469
6469
6469
6469
6469
6469
6469
6469
6469
6469
6469
6469
6520
6520
6520
6520
6469
6453
6453
6453
6453
6469
6469
6469
6469
6469
6469
6469
6469
6469
6469
6468
6468
6468
6468
6468
6468
6468
6468
6468
6468
6468
6468
6469
6469
6469
6469
6468
6468
6468
6468
6469
6453
6453
6452
6503
6503
6503
6504
6504
6504
6504
6504
6504
6504
6504
6504
6504
6504
6504
6504
6503
6503
6503
6503
6519
6519
6519
6519
6519
6519
6519
6519
6519
6519
6519
6519
6519
6519
6519
6520
6520
6520
6520
6520
6520
6520
6520
6504
6504
6504
6504
6504
6504
6504
6504
6504
6504
6504
6504
6503
6403
6403
6403
6403
6403
6403
6403
6403
6403
6403
6403
6403
6403
6403
6403
6403
6403
6403
6403
6404
6404
6404
6404
6504
6504
6504
6504
6504
6504
6504
6504
6504
6504
6504
6504
6504
6504
6504
6503
6503
6519
6519
6519
6519
6519
6519
6519
6519
6519
6519
6519
6519
6519
6519
6519
6520
6520
6520
6520
6520
6520
6520
6520
6520
6520
6520
6520
6520
6520
6520
6520
6520
6520
6520
6520
6520
6520
6504
6504
6504
6504
6504
6504
6504
6504
6504
6504
6504
6504
6504
6504
6504
6504
6504
6504
6504
6504
6504
6504
6504
6503
6503
6504
6504
6504
6504
6504
6504
6504
6504
6503
6503
6503
6503
6503
6403
6403
6403
6403
6403
6403
6403
6403
6403
6403
6403
6404
6403
6403
6403
6419
6419
6419
6419
6419
6419
6420
6420
6420
6420
6420
6420
6420
6420
6420
6420
6420
6420
6420
6420
6420
6420
6420
6420
6420
6420
6420
6420
6420
6520
6520
6520
6520
6520
6520
6520
6520
6520
6520
6520
6520
6520
6520
6520
6520
6504
6504
6504
6504
6520
6520
6520
6520
6520
6520
6520
6519
6519
6519
6519
6519
6519
6519
6519
6520
6520
6520
6520
6520
6520
6469
6469
6469
6469
6469
6469
6469
6469
6468
6468
6468
6468
6468
6468
6468
6468
6468
6468
6468
6468
6468
6468
6468
6468
6468
6468
6468
6468
6468
6468
6468
6519
6519
6520
6520
6520
6520
6520
6520
6520
6520
6520
6520
6520
6520
6520
6520
6520
6520
6520
6520
6520
6520
6519
6519
6519
6519
6519
6519
6519
6519
6519
6519
6519
6519
6519
6519
6519
6519
6519
6519
6519
6519
6519
6519
6519
6519
6519
6519
6519
6519
6519
6519
6519
6519
6519
6519
6519
6519
6519
6519
6519
6519
6520
6520
6520
6520
6520
6520
6520
6520
6520
6520
6520
6520
6520
6520
6520
6520
6520
6520
6520
6520
6520
6520
6520
6520
6520
6520
6520
6520
6520
6520
6520
6520
6520
6520
6520
6520
6520
6520
6520
6520
6520
6520
6520
6520
6520
6520
6520
6520
6520
6520
6520
6520
6520
6520
6520
6520
6520
6520
6520
6520
6520
6520
6520
6520
6520
6520
6520
6520
6520
6520
6520
6520
6520
6520
6520
6520
6520
6520
6520
6520
6520
6520
6520
6520
6520
6470
6470
6470
6470
6470
6470
6470
6470
6454
6454
6454
6454
6454
6454
6454
6454
6453
6503
6503
6503
6503
6403
6403
6403
6403
6403
6403
6403
6403
6419
6419
6419
6419
6419
6419
6420
6420
6420
6420
6419
6419
6419
6419
6403
6403
6403
6419
6403
6403
6403
6503
6503
6503
6503
6503
6503
6503
6503
6503
6503
6503
6403
6403
6403
6404
6404
6404
6404
6404
6404
6404
6404
6404
6404
6404
6404
6404
6404
6404
6404
6404
6404
6404
6404
6420
6420
6420
6420
6420
6420
6420
6420
6420
6420
6420
6420
6420
6420
6420
6420
6420
6420
6420
6420
6420
6420
6420
6420
6420
6420
6420
6420
6420
6420
6420
6420
6420
6419
6419
6419
6519
6519
6519
6519
6519
6519
6519
6519
6519
6519
6519
6519
6519
6519
6519
6519
6519
6519
6519
6519
6520
6520
6520
6520
6520
6520
6520
6520
6520
6520
6504
6504
6504
6504
6504
6504
6504
6504
6504
6504
6504
6504
6504
6504
6503
6503
6403
6403
6403
6403
6403
6403
6403
6404
6404
6404
6404
6404
6404
6404
6404
6420
6419
6419
6419
6419
6420
6420
6420
6420
6420
6420
6420
6420
6420
6520
6519
6519
6519
6519
6519
6519
6519
6519
6519
6519
6519
6519
6519
6519
6520
6520
6520
6520
6520
6519
6519
6519
6519
6519
6519
6519
6519
6519
6519
6520
6520
6520
6520
6520
6520
6520
6520
6520
6520
6520
6520
6520
6520
6520
6520
6520
6520
6520
6520
6520
6520
6520
6520
6520
6520
6520
6520
6520
6519
6519
6519
6519
6503
6503
6503
6503
6503
6503
6503
6503
6503
6503
6503
6503
6503
6503
6503
6503
6519
6519
6519
6519
6519
6519
6519
6519
6519
6519
6519
6519
6519
6519
6519
6519
6520
6520
6519
6519
6519
6519
6519
6519
6519
6520
6520
6520
6520
6520
6520
6520
6520
6520
6520
6520
6520
6520
6520
6520
6520
6520
6520
6520
6520
6520
6519
6519
6519
6519
6519
6519
6519
6519
6519
6519
6519
6519
6519
6519
6519
6519
6519
6519
6519
6519
6519
6519
6520
6520
6520
6519
6519
6519
6519
6519
6519
6519
6519
6519
6519
6519
6519
6520
6520
6520
6520
6520
6520
6520
6520
6520
6520
6520
6520
6520
6520
6520
6520
6520
6520
6520
6520
6520
6520
6520
6520
6520
6520
6520
6520
6520
6520
6520
6520
6520
6520
6520
6520
6520
6520
6520
6520
6520
6520
6520
6520
6520
6520
6520
6520
6520
6520
6520
6520
6520
6520
6520
6520
6520
6520
6520
6520
6520
6520
6519
6520
6520
6520
6520
6520
6520
6520
6520
6520
6504
6504
6504
6504
6504
6504
6504
6504
6504
6504
6504
6504
6504
6504
6504
6503
6503
6519
6519
6519
6519
6519
6519
6519
6519
6519
6519
6519
6519
6519
6519
6519
6519
6519
6519
6519
6519
6519
6519
6519
6519
6519
6519
6519
6519
6519
6519
6519
6519
6519
6519
6519
6519
6519
6519
6519
6519
6519
6519
6519
6519
6519
6519
6519
6519
6519
6519
6519
6519
6519
6519
6519
6519
6519
6519
6519
6519
6520
6520
6520
6520
6520
6520
6520
6520
6519
6519
6519
6519
6519
6519
6519
6519
6519
6519
6519
6519
6519
6519
6519
6519
6519
6519
6503
6503
6503
6503
6503
6503
6503
6503
6503
6503
6503
6403
6403
6403
6403
6404
6404
6404
6404
6404
6404
6404
6404
6404
6404
6404
6404
6404
6420
6420
6420
6420
6420
6420
6420
6420
6420
6420
6420
6420
6420
6420
6420
6420
6420
6420
6420
6420
6420
6420
6420
6420
6420
6420
6420
6520
6520
6520
6520
6520
6520
6520
6520
6520
6520
6520
6520
6520
6520
6520
6520
6504
6504
6504
6504
6504
6504
6504
6504
6503
6503
6503
6503
6519
6519
6519
6519
6520
6520
6520
6520
6520
6520
6520
6520
6520
6520
6520
6520
6520
6520
6520
6520
6520
6520
6519
6519
6519
6519
6519
6519
6519
6519
6519
6519
6519
6520
6519
6519
6519
6519
6519
6519
6519
6519
6519
6519
6519
6519
6519
6519
6520
6520
6520
6520
6520
6520
6520
6520
6520
6520
6520
6520
6520
6520
6520
6520
6520
6519
6519
6519
6519
6519
6519
6519
6519
6519
6519
6519
6519
6519
6519
6519
6519
6519
6519
6519
6519
6519
6519
6519
6519
6519
6519
6519
6519
6519
6519
6520
6520
6520
6520
6520
6520
6520
6520
6520
6520
6520
6520
6520
6520
6520
6519
6519
6519
6519
6520
6520
6520
6520
6520
6520
6520
6520
6520
6520
6520
6520
6520
6520
6520
6520
6520
6520
6520
6520
6520
6520
6520
6520
6520
6520
6520
6520
6520
6520
6520
6519
6519
6520
6520
6520
6520
6520
6520
6520
6520
6520
6520
6520
6520
6520
6520
6520
6520
6520
6520
6520
6520
6520
6520
6520
6519
6519
6519
6519
6519
6519
6519
6519
6519
6519
6519
6519
6519
6519
6519
6519
6519
6520
6520
6520
6520
6520
6520
6520
6520
6520
6520
6520
6520
6520
6520
6520
6520
6520
6520
6520
6520
6520
6520
6520
6520
6520
6520
6520
6520
6520
6520
6520
6520
6520
6520
6520
6520
6520
6520
6520
6520
6520
6520
6520
6519
6519
6519
6519
6519
6519
6519
6519
6519
6519
6519
6519
6519
6519
6520
6520
6520
6520
6520
6520
6520
6520
6520
6520
6520
6520
6520
6520
6520
6520
6520
6520
6520
6520
6520
6520
6520
6520
6520
6520
6520
6520
6520
6520
6520
6520
6520
6520
6520
6520
6520
6520
6520
6520
6519
6519
6519
6519
6519
6519
6519
6519
6519
6519
6519
6519
6519
6519
6519
6519
6519
6519
6519
6519
6519
6519
6519
6519
6519
6519
6520
6520
6520
6520
6520
6520
6520
6520
6520
6520
6520
6520
6520
6520
6520
6520
6520
6520
6520
6520
6520
6520
6520
6520
6520
6520
6520
6520
6520
6520
6520
6520
6520
6520
6520
6520
6520
6520
6520
6520
6520
6520
6520
6520
6520
6520
6520
6519
6519
6519
6519
6520
6520
6520
6520
6520
6519
6519
6520
6520
6520
6520
6520
6520
6520
6520
6520
6520
6519
6519
6519
6519
6519
6519
6519
6519
6519
6519
6519
6519
6519
6519
6519
6519
6519
6520
6520
6520
6520
6520
6520
6520
6520
6520
6520
6520
6520
6520
6520
6519
6519
6519
6519
6519
6519
6519
6519
6520
6520
6520
6520
6520
6504
6504
6504
6504
6504
6504
6504
6504
6504
6504
6504
6504
6504
6504
6504
6504
6504
6504
6504
6504
6520
6520
6520
6520
6520
6520
6520
6520
6520
6519
6519
6519
6519
6519
6519
6519
6519
6519
6519
6519
6519
6519
6519
6519
6519
6519
6519
6520
6520
6520
6520
6520
6520
6520
6520
6520
6520
6520
6520
6520
6520
6520
6520
6520
6520
6520
6520
6520
6520
6520
6520
6520
6520
6520
6520
6520
6520
6520
6520
6520
6520
6520
6520
6520
6520
6520
6520
6520
6520
6520
6520
6520
6520
6520
6520
6520
6520
6520
6520
6520
6520
6520
6520
6520
6520
6520
6520
6520
6520
6520
6520
6520
6520
6520
6520
6520
6520
6520
6520
6520
6520
6520
6504
6504
6503
6403
6403
6403
6403
6403
6403
6404
6404
6404
6420
6520
6520
6519
6519
6519
6520
6520
6520
6520
6520
6520
6520
6520
6520
6520
6520
6520
6520
6520
6520
6520
6520
6520
6520
6520
6520
6520
6520
6520
6520
6520
6520
6520
6520
6520
6520
6520
6519
6520
6520
6520
6520
6520
6520
6520
6520
6520
6520
6520
6520
6520
6520
6520
6520
6520
6520
6520
6520
6520
6520
6520
6520
6519
6520
6520
6519
6519
6519
6519
6519
6503
6503
6503
6504
6504
6504
6504
6520
6520
6520
6520
6520
6520
6520
6520
6520
6520
6520
6520
6520
6520
6520
6520
6520
6520
6520
6520
6520
6520
6520
6520
6520
6520
6520
6520
6520
6520
6520
6520
6520
6520
6520
6520
6520
6519
6519
6519
6519
6519
6519
6519
6519
6519
6519
6519
6519
6519
6519
6519
6519
6519
6519
6519
6519
6519
6519
6519
6519
6519
6519
6520
6520
6520
6520
6520
6520
6520
6520
6504
6503
6503
6503
6503
6503
6503
6504
6504
6504
6504
6504
6504
6504
6504
6504
6504
6504
6504
6504
6504
6504
6504
6504
6504
6504
6504
6504
6504
6504
6504
6504
6504
6504
6504
6504
6504
6504
6504
6504
6520
6520
6520
6520
6520
6520
6520
6520
6520
6520
6520
6520
6520
6520
6520
6520
6520
6520
6520
6520
6520
6520
6520
6520
6520
6520
6520
6520
6520
6520
6520
6520
6520
6520
6520
6520
6520
6520
6520
6520
6520
6520
6520
6520
6520
6520
6520
6520
6520
6520
6520
6520
6520
6520
6520
6520
6520
6520
6520
6520
6520
6520
6519
6519
6519
6519
6520
6520
6520
6520
6520
6520
6519
6519
6519
6519
6519
6519
6520
6520
6520
6520
6520
6520
6520
6520
6520
6520
6520
6520
6520
6520
6520
6520
6520
6520
6520
6520
6519
6519
6519
6519
6519
6519
6519
6519
6519
6519
6519
6519
6519
6519
6519
6503
6503
6503
6503
6503
6503
6403
6404
6404
6404
6404
6404
6404
6404
6404
6404
6403
6403
6403
6403
6403
6403
6403
6404
6404
6404
6404
6404
6404
6404
6404
6404
6404
6404
6404
6504
6504
6504
6504
6504
6504
6504
6504
6504
6504
6504
6520
6520
6520
6520
6520
6520
6520
6520
6520
6520
6520
6520
6520
6520
6520
6520
6520
6520
6520
6520
6520
6520
6520
6520
6520
6520
6520
6520
6520
6520
6520
6520
6520
6520
6520
6520
6520
6520
6520
6520
6520
6520
6520
6520
6520
6520
6520
6520
6520
6520
6520
6519
6519
6519
6519
6519
6519
6519
6519
6519
6519
6519
6519
6519
6519
6519
6519
6519
6519
6519
6519
6519
6519
6519
6519
6519
6519
6519
6519
6519
6520
6520
6520
6520
6520
6520
6520
6520
6520
6520
6520
6520
6520
6520
6520
6520
6520
6520
6520
6520
6520
6520
6520
6519
6519
6519
6519
6519
6519
6519
6519
6519
6519
6519
6519
6519
6519
6519
6519
6519
6519
6519
6520
6520
6520
6520
6520
6520
6520
6520
6520
6520
6520
6520
6520
6520
6520
6520
6520
6520
6520
6520
6520
6520
6520
6520
6520
6520
6520
6520
6520
6520
6520
6520
6520
6520
6520
6520
6519
6519
6519
6519
6519
6519
6519
6519
6519
6519
6519
6519
6519
6520
6519
6519
6519
6519
6519
6519
6519
6519
6519
6519
6519
6519
6519
6519
6519
6519
6519
6519
6519
6519
6519
6519
6519
6519
6519
6519
6519
6519
6519
6519
6519
6519
6519
6519
6519
6519
6519
6519
6519
6519
6519
6519
6519
6520
6520
6520
6520
6520
6520
6520
6520
6520
6519
6519
6519
6520
6520
6520
6520
6520
6520
6520
6520
6520
6520
6520
6520
6520
6520
6520
6520
6520
6520
6520
6520
6520
6520
6520
6520
6520
6520
6520
6520
6520
6520
6520
6520
6520
6520
6520
6520
6520
6520
6520
6520
6519
6519
6519
6519
6519
6519
6519
6519
6519
6519
6519
6520
6520
6520
6520
6520
6520
6520
6519
6519
6519
6519
6519
6519
6519
6520
6520
6520
6520
6520
6520
6520
6520
6520
6520
6520
6520
6520
6519
6519
6519
6519
6519
6519
6519
6520
6520
6520
6520
6520
6520
6520
6520
6520
6520
6520
6520
6520
6520
6520
6520
6520
6520
6520
6520
6520
6520
6520
6520
6520
6520
6520
6519
6519
6519
6519
6519
6519
6519
6519
6519
6519
6519
6519
6519
6519
6519
6519
6519
6519
6519
6519
6519
6519
6519
6519
6519
6519
6519
6519
6519
6519
6519
6519
6519
6519
6519
6519
6519
6519
6520
6520
6520
6519
6519
6520
6519
6519
6519
6519
6519
6519
6519
6519
6519
6519
6519
6519
6519
6519
6520
6520
6519
6519
6519
6520
6520
6520
6520
6520
6520
6520
6520
6520
6520
6520
6520
6520
6520
6520
6520
6520
6520
6520
6520
6520
6520
6520
6520
6520
6520
6520
6520
6520
6520
6520
6520
6520
6520
6520
6520
6520
6520
6520
6520
6520
6520
6520
6520
6520
6520
6520
6519
6519
6519
6519
6519
6519
6519
6519
6519
6519
6519
6519
6519
6519
6519
6519
6519
6519
6519
6519
6519
6520
6520
6520
6520
6520
6520
6520
6520
6520
6520
6520
6520
6520
6520
6520
6520
6520
6520
6520
6520
6520
6520
6520
6520
6520
6520
6520
6520
6520
6520
6520
6520
6520
6520
6520
6520
6520
6520
6520
6520
6520
6520
6520
6520
6520
6520
6520
6520
6520
6520
6520
6520
6520
6520
6520
6520
6520
6520
6520
6520
6520
6520
6520
6520
6520
6520
6520
6520
6520
6520
6520
6519
6519
6519
6519
6519
6519
6519
6519
6520
6520
6520
6520
6520
6520
6520
6520
6520
6520
6520
6520
6520
6520
6520
6520
6520
6520
6520
6520
6520
6520
6520
6520
6520
6520
6520
6520
6520
6520
6520
6520
6520
6520
6520
6520
6520
6520
6520
6520
6520
6520
6520
6520
6520
6520
6520
6520
6520
6520
6520
6520
6520
6520
6520
6520
6520
6520
6520
6520
6520
6520
6520
6520
6520
6520
6520
6520
6520
6520
6520
6519
6519
6519
6519
6519
6519
6519
6519
6519
6519
6519
6519
6519
6519
6519
6519
6519
6519
6519
6519
6519
6519
6519
6519
6519
6519
6519
6519
6519
6519
6519
6519
6519
6519
6519
6519
6519
6519
6519
6519
6519
6519
6519
6519
6519
6519
6519
6520
6520
6520
6520
6520
6520
6520
6520
6520
6520
6520
6520
6520
6520
6520
6519
6519
6519
6519
6519
6519
6519
6519
6519
6519
6519
6519
6519
6519
6519
6519
6519
6519
6519
6519
6519
6519
6519
6519
6519
6519
6519
6519
6519
6519
6519
6519
6519
6519
6519
6519
6519
6519
6519
6519
6519
6519
6519
6519
6519
6519
6519
6519
6519
6519
6519
6519
6519
6519
6519
6519
6519
6519
6519
6519
6519
6519
6519
6519
6519
6519
6519
6519
6519
6519
6519
6519
6519
6519
6519
6519
6519
6519
6519
6519
6519
6519
6519
6519
6519
6519
6519
6519
6519
6519
6519
6519
6519
6520
6520
6520
6520
6520
6520
6520
6520
6519
6519
6519
6520
6520
6520
6520
6520
6520
6520
6520
6520
6520
6520
6520
6520
6519
6519
6519
6519
6519
6519
6519
6519
6519
6519
6519
6519
6519
6519
6520
6520
6520
6520
6520
6519
6519
6519
6519
6519
6519
6519
6519
6519
6519
6519
6519
6519
6519
6519
6519
6519
6519
6519
6519
6519
6519
6519
6519
6519
6519
6519
6519
6519
6519
6519
6519
6519
6519
6519
6519
6519
6519
6519
6519
6519
6519
6519
6519
6519
6519
6519
6519
6519
6519
6519
6519
6519
6519
6519
6519
6519
6519
6519
6519
6519
6519
6519
6519
6519
6519
6519
6519
6519
6519
6519
6519
6519
6519
6519
6519
6519
6519
6519
6519
6519
6519
6519
6519
6519
6519
6519
6519
6519
6519
6519
6519
6519
6519
6519
6519
6519
6519
6519
6519
6519
6519
6519
6519
6519
6519
6519
6519
6519
6519
6519
6519
6519
6519
6519
6519
6519
6519
6519
6519
6519
6519
6519
6519
6520
6520
6520
6520
6520
6520
6520
6520
6520
6520
6519
6519
6519
6519
6519
6519
6519
6519
6519
6519
6519
6519
6519
6519
6519
6519
6519
6519
6520
6520
6520
6520
6520
6520
6520
6520
6520
6520
6520
6520
6520
6520
6520
6520
6520
6520
6520
6520
6520
6520
6520
6520
6520
6520
6520
6520
6520
6520
6520
6520
6520
6520
6520
6520
6520
6520
6520
6520
6520
6520
6520
6520
6520
6520
6520
6520
6520
6520
6520
6520
6520
6520
6520
6520
6520
6520
6520
6520
6520
6520
6520
6520
6520
6520
6520
6520
6520
6520
6520
6520
6520
6520
6520
6520
6520
6520
6520
6520
6520
6520
6520
6519
6520
6520
6520
6520
6520
6520
6520
6520
6520
6520
6520
6520
6520
6520
6520
6520
6520
6520
6520
6520
6520
6520
6519
6519
6520
6520
6520
6520
6520
6520
6520
6520
6520
6519
6519
6519
6519
6519
6519
6519
6519
6519
6519
6519
6519
6519
6519
6519
6519
6520
6520
6520
6520
6520
6520
6520
6520
6520
6520
6520
6520
6520
6520
6520
6520
6520
6520
6520
6520
6520
6520
6520
6520
6520
6519
6519
6519
6519
6519
6519
6519
6519
6519
6519
6519
6519
6519
6519
6520
6520
6520
6520
6520
6520
6520
6520
6520
6520
6520
6520
6520
6520
6520
6520
6520
6520
6520
6520
6520
6520
6520
6520
6520
6520
6520
6520
6520
6520
6520
6520
6520
6520
6520
6520
6520
6520
6520
6520
6520
6520
6520
6520
6520
6520
6519
6519
6519
6519
6519
6519
6520
6520
6520
6520
6520
6520
6520
6520
6520
6520
6520
6520
6520
6520
6520
6520
6520
6520
6520
6520
6520
6520
6520
6520
6520
6520
6520
6520
6520
6520
6520
6520
6520
6520
6520
6520
6520
6520
6520
6520
6520
6520
6520
6520
6520
6520
6520
6520
6520
6520
6520
6520
6520
6520
6520
6520
6520
6520
6520
6520
6520
6520
6520
6520
6520
6520
6520
6520
6520
6520
6520
6520
6520
6519
6519
6519
6519
6519
6519
6519
6519
6519
6519
6519
6519
6519
6519
6519
6519
6519
6519
6519
6519
6519
6519
6519
6519
6519
6519
6519
6519
6519
6519
6519
6519
6519
6519
6519
6519
6519
6519
6519
6519
6519
6519
6519
6519
6519
6519
6519
6519
6519
6519
6519
6519
6519
6519
6519
6519
6519
6519
6519
6519
6519
6519
6519
6519
6519
6519
6520
6519
6519
6519
6519
6519
6519
6519
6520
6520
6519
6519
6519
6519
6519
6519
6519
6519
6519
6519
6519
6519
6519
6519
6519
6519
6519
6519
6519
6519
6519
6519
6519
6519
6519
6519
6519
6519
6519
6519
6519
6519
6519
6519
6519
6519
6519
6519
6519
6519
6519
6519
6519
6519
6519
6519
6520
6520
6520
6520
6520
6520
6520
6520
6520
6520
6520
6520
6520
6520
6520
6520
6520
6520
6520
6520
6520
6520
6520
6520
6520
6520
6520
6520
6520
6520
6520
6520
6520
6520
6520
6520
6520
6519
6519
6519
6519
6519
6520
6520
6520
6520
6520
6520
6519
6519
6519
6519
6520
6520
6520
6520
6520
6520
6520
6520
6520
6520
6520
6520
6520
6520
6520
6520
6520
6520
6520
6520
6520
6520
6520
6520
6520
6520
6520
6520
6520
6520
6520
6520
6520
6519
6519
6519
6519
6519
6519
6519
6519
6519
6519
6519
6519
6520
6520
6520
6520
6520
6520
6519
6519
6519
6519
6519
6519
6519
6519
6520
6520
6520
6520
6520
6520
6520
6520
6520
6520
6520
6520
6520
6520
6520
6520
6520
6520
6520
6520
6520
6520
6520
6520
6520
6520
6520
6520
6520
6520
6520
6520
6520
6520
6520
6520
6520
6520
6520
6520
6520
6520
6519
6519
6519
6520
6520
6520
6520
6520
6520
6520
6520
6520
6520
6520
6520
6520
6520
6520
6520
6520
6520
6520
6520
6520
6520
6520
6520
6520
6520
6520
6520
6520
6520
6520
6520
6520
6519
6519
6519
6519
6519
6519
6519
6519
6519
6519
6519
6519
6519
6519
6519
6519
6519
6519
6519
6519
6519
6519
6519
6519
6519
6519
6519
6519
6519
6519
6519
6519
6519
6519
6519
6519
6519
6519
6519
6519
6519
6519
6519
6519
6519
6519
6519
6519
6519
6519
6519
6519
6519
6519
6520
6520
6520
6520
6520
6520
6520
6520
6520
6520
6520
6520
6520
6520
6520
6520
6520
6520
6520
6520
6520
6520
6520
6520
6520
6520
6520
6520
6520
6520
6520
6520
6520
6520
6520
6520
6520
6520
6520
6520
6520
6520
6520
6520
6520
6520
6520
6520
6520
6520
6520
6520
6520
6520
6520
6520
6520
6520
6520
6520
6520
6520
6520
6520
6520
6520
6520
6520
6520
6520
6520
6520
6520
6520
6520
6520
6520
6520
6520
6520
6520
6520
6520
6520
6520
6520
6520
6520
6520
6520
6520
6520
6520
6520
6520
6520
6520
6520
6520
6520
6520
6520
6520
6520
6519
6519
6519
6519
6519
6519
6519
6519
6519
6519
6519
6519
6519
6519
6519
6519
6519
6519
6519
6519
6519
6519
6519
6519
6519
6519
6520
6520
6520
6520
6520
6520
6520
6520
6520
6520
6520
6520
6520
6520
6520
6520
6520
6520
6520
6520
6520
6519
6519
6519
6520
6520
6520
6520
6520
6520
6520
6520
6520
6520
6520
6520
6520
6520
6520
6520
6520
6520
6520
6520
6520
6520
6520
6520
6520
6520
6520
6520
6520
6520
6520
6520
6520
6520
6520
6520
6520
6520
6520
6520
6520
6520
6520
6520
6520
6520
6520
6520
6520
6520
6520
6520
6520
6520
6520
6520
6520
6520
6520
6520
6520
6520
6520
6520
6520
6520
6520
6520
6520
6520
6520
6520
6520
6520
6520
6520
6520
6520
6520
6520
6520
6520
6520
6520
6520
6520
6520
6520
6520
6520
6520
6520
6520
6520
6520
6520
6520
6520
6520
6520
6520
6520
6520
6520
6520
6519
6519
6519
6519
6519
6519
6520
6520
6520
6520
6520
6520
6520
6520
6520
6520
6519
6519
6519
6519
6520
6520
6520
6520
6519
6519
6519
6519
6519
6519
6519
6519
6519
6519
6519
6519
6519
6519
6519
6520
6520
6520
6520
6520
6520
6520
6520
6520
6520
6520
6520
6520
6520
6520
6520
6520
6520
6520
6520
6520
6519
6519
6520
6520
6520
6520
6520
6520
6520
6520
6520
6520
6520
6520
6520
6520
6520
6520
6520
6520
6520
6520
6520
6520
6520
6520
6520
6520
6520
6520
6520
6520
6520
6520
6520
6520
6520
6520
6520
6520
6520
6520
6520
6520
6520
6519
6519
6519
6519
6519
6519
6519
6519
6519
6519
6519
6519
6519
6519
6519
6519
6519
6519
6519
6519
6519
6519
6519
6519
6519
6519
6519
6519
6520
6520
6520
6520
6520
6520
6520
6520
6520
6520
6520
6520
6520
6520
6520
6520
6520
6520
6520
6520
6520
6520
6520
6520
6520
6520
6520
6520
6520
6520
6520
6520
6520
6520
6520
6520
6520
6520
6520
6520
6520
6520
6520
6520
6520
6520
6520
6520
6520
6519
6519
6519
6519
6519
6519
6519
6519
6519
6519
6519
6519
6519
6519
6519
6519
6519
6519
6519
6519
6519
6519
6519
6519
6519
6519
6519
6519
6519
6519
6519
6519
6519
6519
6519
6519
6519
6519
6519
6519
6519
6519
6519
6519
6519
6519
6519
6519
6519
6519
6519
6519
6519
6519
6519
6519
6519
6519
6519
6519
6519
6519
6519
6519
6520
6520
6520
6520
6520
6520
6520
6520
6520
6520
6520
6520
6520
6520
6520
6520
6520
6520
6520
6520
6520
6520
6520
6520
6520
6520
6520
6520
6520
6520
6520
6520
6520
6520
6520
6520
6520
6520
6520
6520
6519
6519
6519
6519
6519
6520
6520
6520
6520
6520
6520
6520
6520
6520
6520
6520
6520
6520
6520
6520
6520
6520
6520
6520
6520
6520
6520
6520
6520
6520
6520
6520
6520
6520
6520
6520
6520
6520
6520
6520
6520
6520
6520
6520
6520
6519
6519
6519
6519
6519
6519
6519
6519
6519
6519
6519
6519
6519
6519
6519
6519
6519
6519
6519
6519
6519
6519
6519
6519
6519
6519
6519
6519
6519
6519
6520
6520
6520
6520
6520
6520
6520
6520
6520
6520
6520
6520
6520
6520
6520
6520
6520
6520
6520
6520
6520
6520
6520
6520
6520
6520
6520
6520
6520
6520
6520
6520
6520
6520
6520
6520
6520
6520
6520
6520
6520
6520
6520
6520
6520
6520
6520
6520
6520
6520
6520
6520
6520
6520
6520
6520
6520
6520
6520
6520
6520
6520
6520
6520
6520
6520
6520
6520
6520
6520
6520
6520
6520
6520
6520
6520
6520
6520
6520
6520
6520
6520
6520
6520
6520
6520
6520
6520
6520
6520
6520
6520
6520
6520
6520
6520
6520
6520
6520
6520
6520
6520
6520
6520
6520
6520
6520
6520
6520
6520
6520
6520
6520
6520
6520
6520
6520
6520
6519
6519
6519
6519
6519
6519
6519
6519
6519
6520
6520
6520
6520
6520
6520
6520
6520
6520
6520
6520
6520
6520
6520
6520
6520
6520
6520
6520
6520
6520
6520
6520
6520
6520
6520
6520
6520
6520
6520
6520
6520
6520
6520
6520
6520
6520
6520
6520
6520
6520
6520
6520
6520
6520
6520
6519
6519
6519
6519
6519
6519
6519
6519
6519
6519
6519
6519
6519
6519
6519
6519
6520
6520
6520
6520
6520
6520
6520
6520
6520
6520
6520
6520
6520
6520
6520
6520
6520
6520
6520
6520
6520
6520
6520
6520
6520
6520
6520
6520
6520
6520
6520
6520
6520
6520
