2829
2829
2374
2729
3184
3184
3576
3577
3577
3577
3577
3222
3504
3743
4101
4510
4561
4461
4845
5177
4494
4594
4594
4210
4594
4594
4594
4594
4494
4494
4494
4494
4494
4510
4510
4510
4510
4494
4003
4565
4564
4564
4564
4580
4580
5263
4808
4908
4576
4576
4908
4857
4857
4757
4757
4758
4426
4476
4931
4931
4931
5286
4894
4893
5153
4914
4914
4965
5297
5297
4614
4614
4354
4354
3970
4362
4462
4104
4104
4104
4488
4488
4748
4364
3955
3695
3695
3679
3680
3679
4362
4378
3986
3986
4246
4604
4843
4792
4460
3898
3898
3215
2976
2976
3027
3028
3267
3599
3598
3598
3359
3359
3359
3768
3768
3768
3768
3717
3717
3768
3486
3486
3486
3486
3725
4007
3991
4007
4007
4007
4569
4569
4569
5252
5252
5202
5202
4519
4519
4237
4237
4237
4728
5010
5010
5010
5010
4728
5112
5096
4836
4481
4481
4836
4785
4785
4685
4685
4685
4276
4536
4537
4946
5228
5278
5278
5277
5277
5277
5277
5277
5278
4923
4684
4352
4684
5076
5026
5265
5620
5636
6319
6319
6319
6319
6419
6137
5682
5666
5948
5688
5449
5449
5117
5356
5811
6143
5460
5460
5510
5126
5026
4976
4976
4976
4976
5026
5026
4617
5001
5001
5001
5261
5260
5260
5260
5276
5276
5276
4921
4905
4521
4930
4946
4946
4946
4384
4384
4435
4790
5352
5452
5352
5352
5352
4943
4943
4943
5352
5352
4994
5677
5322
5322
5322
4873
5257
5706
5706
5144
4862
5217
5217
5217
4762
5217
4957
4508
3857
4419
4419
4403
4071
4071
4071
3716
3666
3667
3927
3927
4259
4708
4707
5062
5062
5713
5729
5729
5729
5713
5813
5813
5863
5863
5863
5863
5863
5863
6221
6237
6237
6237
6186
6237
6237
6238
6238
5978
5569
5519
5519
5801
5701
5701
5701
5801
5800
5416
5416
5416
5417
5417
5417
5416
5825
5825
5825
6209
5970
5970
5970
5970
5970
5970
5578
5578
5562
5071
5071
5072
5088
5348
4993
5348
4939
4938
4938
5347
5347
5348
5348
4964
4948
4688
4637
4637
4355
3946
3384
3384
3384
3623
4185
4445
4461
4445
4445
4445
4445
4936
4935
4835
5227
5278
5378
5378
5139
5139
5139
5139
5189
5189
4857
4402
4402
4857
4295
4295
4627
4627
4527
4527
4809
4809
5193
5209
4854
4855
5417
5826
6065
6065
5783
5292
5292
5292
5276
5276
4944
4944
4893
4501
4501
4262
4278
4262
4594
4833
4833
4832
4832
4832
4848
5339
5289
5289
5289
5681
5232
5282
4950
4690
4674
4624
4624
4624
4640
4624
4640
4640
4256
4256
4705
4705
4466
4466
4748
4848
4848
4848
5232
4950
4950
4934
4283
4615
4515
4157
4515
4515
4516
4516
4871
4921
5203
5203
5203
5202
5462
5463
5463
5413
5464
5463
5463
6114
6353
6302
5740
5740
5348
5448
5448
5090
4641
4641
4641
4657
5049
5100
5100
5049
5407
5969
5869
5869
5514
5565
5326
5326
4917
5366
5367
5776
5760
5776
5776
5775
5776
5776
5776
5776
5725
5725
6080
6131
6181
6181
6131
6181
6181
5899
5899
5899
5639
5639
5190
5190
5174
5274
5513
5513
5529
5529
5197
4813
4813
4162
4162
4162
4162
3807
3807
3791
4051
3596
3546
3446
3446
3446
3462
4113
4213
4597
4597
4952
5284
5284
5268
5268
5268
4936
4936
5385
4734
4495
4495
4950
4459
4459
4475
4475
4525
4524
4524
4524
4524
4473
4964
4914
4814
4914
5153
4744
5026
5027
5078
5078
5729
5729
5629
5629
5629
5067
5067
5067
4384
4384
4000
4000
4332
4332
4382
4382
4382
4766
4766
4716
4716
4716
4665
4383
4945
4945
4945
4945
4945
4996
4996
5679
5679
5628
5244
5244
5653
5653
5703
5703
5703
5703
5371
5371
5422
5422
5422
5704
5654
6038
6138
6138
6138
6138
6038
6038
6037
5986
5987
5987
5987
5987
5538
5538
5638
5283
5283
5615
5355
5355
5339
5339
5389
5389
5389
5388
5439
5389
5390
5290
5290
5290
5290
5290
5739
5999
5999
5508
5508
5269
4987
4987
5226
5226
5226
5226
5226
5225
5226
5226
5276
5276
5767
5409
5425
5093
5375
5375
5374
5323
5273
5373
5373
5373
5373
5374
5374
5374
5374
5374
5358
5358
5358
5713
5431
5431
5713
5713
5712
5712
5150
5150
5150
5150
5166
4811
4811
4811
4811
4811
4811
4811
4811
5166
5150
5712
5328
5328
5328
5686
5686
5686
5686
5195
5196
4838
4838
4838
4838
4838
4854
5212
5196
5196
4957
5289
5780
5780
5289
5673
5573
6064
6164
6164
6064
6064
6064
6064
6064
6064
6063
6113
5755
5755
5755
5371
5371
5387
5745
5336
4978
4979
4979
4979
5337
5337
5337
5721
5721
5721
5439
5439
5438
5438
5720
5720
5720
5720
5720
6129
6129
6129
6129
6180
5497
5497
5497
5497
5497
5497
5497
5497
5497
5498
5238
5238
4829
4929
4929
4879
4597
4205
4597
4142
4142
4142
4142
4142
3810
4265
4504
4265
4674
4913
4521
4521
4521
4853
4853
4291
4275
3826
3775
4458
5020
5020
5469
5469
5469
5369
5369
5369
5420
5420
5181
5181
4772
5032
5032
5032
5032
5132
5132
5371
5371
5371
5421
4966
4982
4981
4742
4691
4691
4691
4691
4691
4742
5151
5135
5135
5590
5539
5489
5490
5490
5390
5390
5390
5389
5628
5629
5629
5297
5297
5037
5053
5445
5445
5445
5545
5545
5596
5596
5878
5486
5486
5435
5485
5435
5153
5153
5203
5203
4641
4641
4541
4525
4525
4541
4157
4157
4489
4881
4981
4742
4742
4793
4793
4793
5075
5075
5025
4633
4633
5025
5025
4925
4593
4593
4693
4338
4670
4669
4670
4930
4930
4930
4930
4930
4930
4929
4929
4929
5284
5284
5285
5285
4876
4876
4876
4876
4825
5209
5209
4851
4851
5260
5260
5260
5260
5499
5499
5217
5201
5101
5152
5152
5152
5152
5714
5714
5330
5612
5996
6012
5680
5680
5679
5397
5447
5447
5447
5448
5397
5397
5397
5397
5347
5347
4856
4840
4840
4840
5198
5298
5348
5348
5348
5298
5314
4930
4830
4830
4930
4930
4930
4930
4930
4930
4930
4980
4980
4980
5262
5313
4958
5313
5313
5313
5262
5646
5646
5646
5646
5646
5697
5697
5697
5697
5697
5437
5437
5437
5198
5458
5458
5790
5790
5739
5723
5723
5739
5689
5688
5304
5288
5339
5339
5339
5339
5339
5339
5339
4777
5161
5161
5161
5110
4778
5340
4982
5314
5054
5055
5054
5054
4722
4738
5229
5229
5229
5561
5800
5800
5800
5800
6158
6418
6034
6035
6086
6086
6086
6085
6085
6085
6085
5825
5825
5825
5774
5774
5774
5774
5774
5758
5809
5809
5809
5809
5825
5825
6209
6209
5927
5595
5927
5977
5593
5593
5977
5977
5926
5926
5471
5471
5471
5471
5926
6208
6208
6208
6208
6208
5853
5803
5803
5348
5348
5348
5703
5754
5804
5804
5754
5754
5754
5754
6209
6469
6469
6085
6085
6086
6086
6086
5804
5788
5226
5225
5609
5154
5154
4894
4843
4843
5103
5665
5681
5581
5581
5581
5581
5565
6020
6036
6036
6036
5797
5797
6079
6079
6079
6318
6318
6318
6302
6302
6302
6302
6302
6302
6302
6042
5710
5710
5710
5428
5428
5428
5710
5710
5761
6021
5970
5970
5970
6070
6402
6402
6402
6402
6044
6044
6044
6095
6453
6453
6453
6453
6453
6469
6469
6469
6469
6469
6469
6453
6453
5891
5840
5891
5891
5791
5792
5792
5792
5792
5792
5892
5792
5792
5792
5408
5357
5457
5457
5457
5457
5456
5456
5217
5267
5267
5318
5318
5318
5702
5702
5702
5941
5941
5941
5941
5841
5841
5841
5941
5941
5532
6094
6094
6094
6094
5834
5834
5834
5834
5850
5850
5850
5850
5850
6110
6110
6059
6059
6059
6110
6110
6110
5828
5828
5828
5266
5266
5675
5659
5659
5659
5659
5660
5560
5576
5560
5560
5576
5576
5858
5808
5453
5069
5119
5118
5118
5218
5219
5219
5219
5219
5219
5219
5219
5219
5119
5119
4787
5119
5219
5219
5603
5321
5676
5676
5660
5205
5205
5767
5767
5767
5507
5767
5767
5767
5667
5428
5378
5378
5378
5378
5378
5378
5394
5633
5733
5633
5633
5683
5683
5683
5632
5372
5371
5371
5371
5371
5371
5355
4971
4971
4972
4972
4972
4972
4972
5254
5254
5253
5203
5203
5203
5204
5204
5204
4755
5204
5254
5354
5304
4972
4972
5356
5406
5422
5422
5406
5405
5405
5405
5860
6120
6120
6136
5727
5727
5727
5778
5778
5778
5778
5778
5420
5420
5370
5370
5319
5219
5219
5219
5219
5203
5561
5612
5612
6021
6021
6071
6071
6071
6071
6071
6071
6071
6072
6072
6072
5581
5581
5581
5597
5597
5597
5315
5315
5315
5264
5264
5264
5264
5264
5264
5214
5214
5214
4975
5466
5466
5705
5705
5705
5705
5756
5756
5756
5756
5755
5755
5755
5704
5704
5704
5704
5986
5986
5986
5986
5987
5987
5987
5987
5987
5987
5987
5987
5987
5987
5987
5987
5987
5987
5632
5632
5632
5632
5632
5631
5631
5222
5631
5682
5683
6015
6015
6015
6370
6369
6109
6209
6209
6209
6209
5825
5825
5825
5825
5825
6209
6259
5875
5875
5875
5875
5875
5875
5876
5876
5876
5421
5421
5421
5421
5012
4680
4680
4680
4680
4680
5135
5035
5035
5035
4984
5316
5700
5700
5650
5650
5650
5650
5750
6159
6159
6159
6159
6209
6260
6260
6260
6260
6210
6260
6260
6260
6260
6260
5928
5928
6188
6188
6088
6087
6087
6088
5696
5645
5645
5645
5385
5485
5485
5485
5485
5817
6077
6077
5586
5586
5586
5586
5536
5520
5162
5162
5162
5212
5604
5620
5620
5671
5671
5671
5671
5671
5671
5571
5570
5554
5555
5555
5505
5505
5505
5505
5454
5504
5504
5504
5504
5504
5504
5504
5604
5604
5604
6095
6095
6095
6045
6045
6045
6045
5806
5806
5357
5357
5357
5357
5357
5407
5075
5075
5433
5433
4750
4801
4801
5484
5484
5484
5126
5365
5365
5365
5365
5365
5365
5364
5364
5364
5364
5364
5365
5381
5381
5381
5121
5121
5121
5121
4839
4789
4789
4789
5071
5071
5071
4616
4876
4876
4876
4860
4860
4860
4860
4860
4809
4809
4809
4809
4809
4809
4825
4825
5280
5280
5280
5280
5280
5279
4824
5279
5279
5280
5280
5280
5729
5729
5780
5780
5780
5780
5780
5780
5729
5729
5729
6087
6087
6419
6061
6061
6061
6061
6061
6061
6061
6061
6061
6045
6045
6403
6303
6303
6303
6403
6403
6403
6403
6403
6403
6403
6403
6419
6419
6419
6419
6319
6319
6319
6319
6319
6319
6319
6319
6319
6303
6021
6021
6021
6021
6021
6021
6021
5663
5663
5663
5663
5663
5663
5663
5663
5663
5663
5663
5663
5945
5945
5945
5945
5945
5945
5945
5961
5961
5961
5961
5961
5961
5679
5961
5961
5961
6319
6319
6369
6369
6369
6369
6369
6369
6087
6087
6138
6138
6138
6420
6065
6065
6014
6014
6014
6369
6369
6369
6369
6353
6303
6403
6453
6453
5998
5998
6014
6014
6014
5964
5964
6015
6015
6015
6015
6015
5657
5657
5657
5657
5273
5257
5256
5614
5614
5614
5614
5614
5614
5614
5614
5614
5614
5664
5664
5664
5664
5664
5664
5613
5613
5613
5613
5613
5613
5664
5664
5664
5664
5664
5664
5680
5680
5680
5630
5630
5579
5563
5563
5563
5563
5563
5613
5613
5613
5613
5613
5664
5664
5665
5665
6120
6120
6120
6120
6120
6120
6119
6120
6120
6120
6120
6136
6136
6136
6135
6135
6135
6135
6135
6135
6135
6135
6135
6519
6519
6519
6519
6519
6519
6469
6418
6418
6418
6418
6418
6418
6026
6026
6010
6011
6011
6011
6011
6011
6011
6011
6010
6010
6010
6010
6026
6026
6026
6076
6076
6076
6077
6077
6077
6077
6077
6077
5977
5977
5977
5977
5977
5977
5977
5415
5415
5399
5791
5791
5791
5399
5399
5499
5499
5515
5515
5515
5515
5515
6077
6077
6061
6061
6061
5612
5512
5512
5528
5528
5528
5528
5246
5230
5230
5246
5245
5245
5245
5195
5245
5245
5246
5246
5695
5695
5679
5679
5679
5678
5678
5694
5694
5794
5794
5778
5778
5778
5778
6060
6010
6010
6060
6076
6076
6076
6076
6076
6076
6076
6076
6076
6468
6186
6186
6186
6086
6186
6186
6170
6170
6170
6170
6170
6171
6071
6071
6071
6122
6122
6122
6222
6222
6222
6222
6222
6222
6222
6238
6238
6238
6238
6238
6238
6238
6238
6238
6238
6238
6222
6222
6222
6238
6237
6237
6237
6237
6237
6237
6237
6187
5829
5829
5829
5830
5830
5830
5830
5830
5830
5830
5830
5830
5814
5714
5714
5714
5714
5714
5714
5814
5830
5591
5591
5641
5641
5590
5590
5590
5590
5590
5590
5590
5574
5574
5574
5813
5813
5813
5763
5763
5763
6121
6121
6137
6137
6137
6137
6137
6188
6188
6188
6188
6172
6172
6172
6188
6188
6470
6470
6470
6470
6454
6454
6454
6454
6453
6453
6469
6469
6469
6469
6519
6259
6259
6259
6259
6259
6259
6259
6259
6259
6243
5961
5910
5578
5578
5594
5595
5927
5927
5877
5877
5927
5927
5927
5927
5927
5927
5927
5927
5927
5926
5926
5926
5926
5926
5910
5860
5860
5505
5787
5787
5837
5837
5837
5853
5853
5803
5803
5803
5787
5838
5838
5838
6098
5859
5859
5859
5859
5859
5859
5875
5875
6230
6230
6214
6214
6214
6214
6214
6214
6453
6453
6453
6453
6469
6469
6469
6469
6469
6469
6137
6137
6137
6121
6121
6070
6070
6086
6086
6086
6086
5804
5804
5804
5854
5854
5804
5449
5499
5499
5483
5483
5499
5449
5449
5449
5449
5449
5449
5433
5715
5715
5715
5765
5765
5765
5765
5765
5526
5858
5858
5858
5758
5708
5758
5758
5758
5758
5758
5758
5758
5758
5997
6352
6352
6352
6352
6352
6352
6352
6352
6452
6452
6452
6402
6402
6402
6402
6302
6303
6303
6303
6303
6303
6303
6303
6302
6353
6403
6403
6403
6403
6503
6452
6452
6452
6452
6452
6452
6352
6352
6352
6352
6452
6452
6452
6170
6070
6352
6352
6352
6352
6352
6352
6352
6352
6352
6352
6352
6352
6352
6352
6352
6403
6403
6403
6403
6403
6403
6403
6403
6403
6419
6419
6368
6318
6318
6319
6318
6318
6318
6318
6318
6302
6302
6302
6353
6302
6302
6302
6302
6302
6302
6302
6302
6352
6353
6369
6369
6353
6353
6353
6352
6353
6353
6353
6353
6353
6453
6469
6469
6469
6469
6469
6469
6453
6453
6453
6453
6453
6453
6453
6453
6453
6453
6453
6469
6453
6453
6453
6353
6353
6353
6404
6404
6404
6404
5995
5995
5995
5995
5995
5945
5944
6044
6044
6045
6061
6061
6061
6470
6470
6470
6115
6115
6114
6098
6114
6098
6098
6098
6098
6098
6098
6114
6014
6114
6114
6114
6114
6164
6164
6164
6519
6519
6520
6520
6520
6071
6071
6071
6071
6055
6055
6055
6055
6055
6055
6055
6055
6071
6071
6071
6020
6020
6020
6020
6020
6020
6020
6020
6020
6020
6020
6020
6004
6004
6004
6004
6004
6004
6004
6004
6004
6055
5955
5955
5955
5971
5971
5971
5971
6071
6071
6071
6021
5921
5870
5870
5970
5970
5969
5969
5969
5969
5969
5969
5969
5953
5953
5953
5953
5953
6004
6004
6004
6004
6020
6020
6021
6005
6005
6055
6055
6504
6504
6503
6503
6503
6503
6503
6503
6503
6503
6453
6453
6453
6453
6453
6453
6453
6453
6469
6469
6469
6470
6470
6454
6454
6453
6453
6453
6453
6469
6469
6469
6469
6230
6231
6231
6231
6215
6215
6215
6215
6215
6164
6214
6230
5948
5948
5948
5898
5898
5948
5948
5948
5948
5848
6130
6080
6080
6064
6080
6080
6080
6079
6079
6129
6229
6230
6230
6230
6230
6230
6229
6229
6229
6229
6229
6229
6229
6229
6280
6280
6280
6280
6280
6280
6280
6280
6280
6280
6280
6280
6180
6180
6180
6180
6180
6280
6280
6280
6280
6280
6280
6280
6280
6229
6229
6229
6179
6179
6179
6163
6163
6214
6214
6264
6265
6265
6265
6265
6265
6265
6265
6265
6504
6504
6504
6504
6504
6504
6504
6504
6504
6504
6504
6504
6504
6504
6504
6504
6504
6504
6504
6504
6504
6453
6453
6453
6453
6453
6453
6453
6453
6452
6452
6452
6452
6452
6452
6452
6402
6402
6302
6302
6302
6302
6402
6402
6402
6402
6402
6418
6418
6469
6469
6469
6469
6469
6469
6469
6469
6469
6469
6469
6469
6453
6453
6453
6453
6453
6453
6453
6453
6453
6453
6453
6453
6353
6353
6353
6353
6353
6353
6369
6353
6369
6370
6370
6370
6370
6369
6369
6469
6453
6453
6453
6453
6453
6402
6402
6402
6402
6402
6302
6353
6353
6353
6353
6403
6403
6404
6504
6504
6520
6520
6520
6520
6520
6520
6520
6520
6520
6420
6420
6420
6420
6420
6404
6404
6404
6404
6404
6353
6353
6353
6353
6353
6353
6353
6369
6369
6369
6368
6368
6368
6368
6368
6368
6368
6368
6368
6352
6403
6353
6353
6353
6353
6353
6353
6354
6354
6370
6470
6469
6469
6418
6418
6418
6419
6419
6419
6419
6469
6469
6469
6469
6469
6469
6469
6469
6469
6469
6469
6469
6469
6469
6469
6469
6469
6469
6469
6469
6469
6469
6469
6468
6468
6468
6468
6468
6468
6468
6468
6452
6452
6452
6452
6192
6142
6142
6142
6142
6193
6193
6193
6243
6243
6243
6243
6243
6243
6243
6243
6243
6243
6243
6259
6259
6259
6159
6159
6159
6159
6159
6159
6159
6159
6108
6092
6092
6108
6108
6108
6108
6109
6109
6369
6369
6369
6369
6369
6319
6319
6319
6319
6319
6369
6369
6369
6369
6369
6369
6369
6369
6369
6469
6469
6469
6469
6469
6469
6468
6468
6469
6520
6520
6520
6520
6520
6520
6520
6520
6520
6469
6469
6453
6453
6453
6453
6453
6453
6453
6453
6453
6452
6452
6503
6452
6452
6452
6452
6452
6452
6452
6452
6452
6352
6352
6352
6352
6352
6352
6352
6352
6352
6352
6368
6468
6452
6452
6452
6452
6503
6503
6503
6452
6452
6452
6452
6452
6452
6452
6452
6452
6452
6452
6452
6503
6503
6503
6503
6503
6519
6519
6519
6519
6469
6469
6469
6469
6469
6469
6469
6469
6469
6469
6469
6469
6469
6469
6469
6418
6418
6418
6419
6469
6469
6469
6468
6468
6468
6519
6519
6519
6519
6503
6503
6503
6503
6504
6504
6520
6520
6520
6520
6520
6469
6469
6469
6469
6469
6469
6520
6519
6161
5879
5879
5879
5879
5863
5863
5863
5863
5863
5863
5863
5863
5812
5813
5813
5813
5813
5812
5573
5573
5573
5573
5573
5573
5573
5589
5589
5589
5589
5589
5589
5947
5947
5947
5947
5947
6186
6186
6186
6186
6186
6186
6186
6186
6468
6468
6468
6468
6468
6468
6468
6468
6519
6519
6519
6519
6519
6519
6519
6519
6519
6519
6519
6519
6519
6519
6519
6520
6520
6520
6520
6520
6519
6519
6519
6519
6519
6259
6519
6519
6519
6469
6469
6469
6469
6453
6453
6453
6453
6453
6453
6453
6454
6454
6454
6454
6454
6454
6454
6454
6453
6453
6453
6453
6453
6453
6453
6453
6453
6453
6453
6453
6503
6503
6503
6503
6503
6403
6403
6403
6403
6403
6403
6419
6519
6519
6519
6519
6419
6419
6419
6419
6419
6419
6419
6403
6403
6403
6403
6403
6403
6403
6403
6352
6353
6353
6353
6353
6353
6353
6353
6353
6353
6353
6353
6353
6353
6353
6353
6369
6369
6369
6369
6319
6319
6319
6319
6319
6303
6303
6303
6303
6303
6403
6403
6419
6403
6403
6403
6403
6403
6403
6402
6402
6402
6418
6418
6418
6418
6418
6418
6418
6418
6418
6419
6470
6470
6470
6470
6520
6520
6520
6520
6520
6520
6520
6520
6520
6520
6520
6520
6520
6420
6370
6370
6470
6470
6470
6470
6470
6470
6470
6470
6520
6520
6520
6520
6520
6504
6504
6504
6504
6504
6504
6504
6504
6504
6504
6454
6470
6470
6470
6470
6470
6470
6470
6470
6470
6470
6470
6470
6470
6470
6470
6470
6470
6470
6520
6520
6520
6520
6520
6520
6520
6470
6470
6470
6454
6454
6470
6470
6470
6470
6470
6470
6470
6470
6470
6470
6470
6470
6419
6419
6419
6419
6419
6419
6319
6319
6319
6319
6319
6319
6319
6419
6319
6319
6319
6318
6318
6369
6419
6419
6419
6419
6419
6419
6419
6368
6368
6368
6468
6468
6468
6468
6468
6468
6468
6468
6519
6519
6519
6520
6520
6520
6520
6520
6520
6520
6520
6520
6504
6504
6504
6504
6504
6520
6520
6520
6520
6520
6520
6520
6520
6504
6504
6504
6504
6504
6504
6503
6503
6503
6403
6419
6419
6419
6368
6368
6368
6368
6368
6368
6368
6369
6469
6469
6469
6469
6453
6453
6453
6453
6453
6453
6453
6453
6453
6453
6453
6453
6453
6453
6453
6453
6453
6453
6453
6353
6353
6353
6353
6353
6353
6353
6369
6368
6368
6368
6368
6368
6419
6368
6368
6368
6368
6368
6368
6368
6368
6368
6369
6369
6369
6369
6420
6420
6420
6420
6420
6420
6420
6420
6520
6520
6520
6520
6520
6520
6520
6520
6470
6469
6470
6470
6470
6470
6470
6470
6470
6470
6470
6470
6470
6470
6470
6470
6470
6470
6470
6470
6470
6470
6470
6470
6470
6470
6470
6231
6231
6231
6231
6231
6231
6231
6231
6231
6230
6230
6230
6230
6469
6469
6469
6469
6469
6469
6469
6453
6453
6453
6453
6453
6453
6453
6453
6453
6453
6453
6453
6453
6453
6453
6453
6453
6453
6453
6453
6454
6453
6453
6453
6453
6453
6453
6453
6453
6453
6453
6453
6503
6503
6503
6503
6503
6503
6503
6503
6453
6453
6453
6453
6453
6503
6504
6504
6504
6504
6504
6503
6503
6504
6504
6504
6504
6504
6520
6420
6420
6420
6420
6420
6420
6420
6420
6420
6420
6420
6420
6420
6419
6419
6419
6519
6519
6519
6519
6519
6519
6519
6519
6519
6519
6520
6520
6520
6520
6520
6520
6520
6520
6520
6519
6520
6520
6520
6520
6520
6520
6520
6520
6520
6520
6520
6520
6469
6469
6520
6520
6520
6520
6520
6520
6520
6520
6520
6520
6520
6520
6520
6520
6520
6519
6519
6519
6519
6519
6519
6519
6519
6519
6520
6520
6520
6520
6520
6520
6520
6470
6470
6470
6520
6520
6520
6520
6520
6520
6520
6469
6469
6469
6469
6469
6469
6469
6469
6469
6469
6469
6520
6520
6520
6520
6520
6520
6520
6520
6520
6520
6520
6520
6520
6519
6519
6519
6519
6519
6519
6519
6519
6519
6519
6519
6519
6519
6519
6519
6519
6519
6519
6519
6519
6519
6519
6519
6519
6519
6519
6519
6519
6519
6503
6504
6504
6504
6504
6503
6503
6503
6503
6503
6503
6503
6503
6503
6503
6503
6503
6503
6519
6519
6519
6519
6519
6519
6519
6519
6519
6519
6519
6519
6519
6519
6520
6520
6520
6520
6520
6520
6520
6520
6520
6504
6504
6504
6504
6504
6504
6503
6503
6519
6519
6519
6519
6519
6519
6519
6469
6469
6469
6469
6469
6469
6469
6519
6469
6469
6469
6469
6469
6469
6418
6418
6418
6468
6468
6469
6469
6469
6469
6469
6469
6469
6469
6469
6469
6469
6469
6469
6469
6453
6403
6403
6403
6403
6403
6403
6403
6403
6403
6454
6470
6470
6470
6470
6470
6470
6470
6470
6470
6470
6470
6470
6470
6469
6469
6453
6503
6503
6504
6504
6504
6504
6504
6504
6504
6504
6504
6504
6454
6470
6470
6470
6470
6470
6470
6454
6454
6454
6454
6454
6454
6470
6470
6470
6470
6470
6470
6470
6470
6470
6470
6470
6470
6470
6470
6470
6470
6520
6520
6520
6520
6520
6520
6520
6520
6520
6520
6520
6520
6520
6520
6520
6520
6520
6520
6504
6504
6504
6504
6504
6520
6520
6520
6470
6470
6470
6470
6470
6470
6470
6470
6470
6469
6469
6469
6469
6519
6519
6519
6520
6520
6520
6520
6519
6519
6519
6519
6519
6519
6519
6519
6519
6519
6519
6519
6519
6519
6519
6519
6519
6519
6503
6503
6503
6503
6503
6503
6519
6519
6519
6519
6520
6520
6520
6520
6520
6520
6470
6470
6470
6470
6470
6419
6419
6419
6419
6419
6419
6469
6469
6469
6469
6469
6469
6520
6520
6520
6520
6520
6520
6520
6520
6520
6520
6520
6469
6469
6419
6419
6419
6419
6419
6419
6419
6419
6419
6419
6469
6469
6469
6469
6469
6469
6419
6419
6470
6470
6470
6470
6470
6470
6470
6470
6470
6470
6470
6470
6470
6470
6470
6470
6470
6470
6470
6470
6470
6470
6470
6469
6469
6469
6469
6469
6470
6470
6470
6470
6520
6520
6519
6520
6520
6520
6520
6504
6504
6504
6504
6504
6504
6504
6504
6504
6504
6504
6504
6504
6503
6503
6503
6503
6503
6503
6503
6503
6519
6519
6519
6519
6519
6519
6519
6519
6519
6519
6519
6519
6520
6520
6520
6520
6520
6520
6520
6520
6470
6470
6470
6470
6470
6470
6470
6470
6470
6470
6470
6470
6470
6470
6469
6469
6469
6469
6469
6469
6469
6469
6470
6470
6470
6470
6470
6454
6454
6454
6454
6504
6504
6504
6504
6504
6504
6504
6504
6503
6503
6503
6503
6503
6403
6403
6403
6403
6403
6403
6404
6404
6404
6404
6420
6420
6420
6420
6420
6420
6420
6404
6404
6404
6404
6404
6404
6404
6404
6404
6404
6404
6404
6404
6404
6404
6404
6353
6353
6353
6353
6353
6353
6404
6404
6404
6404
6404
6404
6404
6404
6404
6404
6504
6504
6504
6504
6504
6504
6504
6504
6504
6504
6504
6504
6504
6504
6504
6504
6503
6503
6519
6520
6520
6520
6520
6520
6520
6520
6470
6470
6470
6470
6470
6419
6419
6419
6419
6419
6418
6418
6418
6418
6418
6418
6418
6469
6469
6469
6469
6469
6469
6469
6469
6469
6469
6469
6469
6469
6469
6469
6470
6470
6470
6470
6470
6470
6470
6470
6470
6469
6469
6469
6469
6470
6470
6470
6470
6520
6520
6520
6520
6520
6520
6504
6504
6504
6504
6504
6504
6504
6504
6504
6504
6504
6504
6504
6504
6504
6504
6504
6504
6504
6504
6504
6504
6520
6520
6520
6520
6520
6520
6520
6520
6520
6520
6520
6520
6520
6520
6520
6520
6520
6520
6520
6520
6520
6520
6520
6520
6520
6520
6520
6520
6520
6520
6520
6520
6520
6520
6520
6520
6520
6520
6520
6520
6520
6520
6520
6470
6470
6470
6470
6470
6520
6520
6520
6520
6520
6520
6520
6519
6519
6519
6519
6503
6503
6519
6519
6519
6520
6520
6520
6520
6520
6520
6520
6470
6470
6419
6419
6419
6419
6419
6419
6469
6469
6469
6469
6469
6469
6469
6468
6468
6468
6468
6468
6468
6468
6468
6468
6469
6469
6469
6469
6453
6453
6452
6452
6452
6452
6452
6452
6452
6452
6452
6452
6452
6503
6503
6503
6503
6503
6503
6503
6503
6503
6503
6403
6403
6403
6403
6403
6403
6403
6403
6403
6403
6419
6419
6419
6419
6419
6403
6403
6403
6403
6403
6403
6353
6353
6353
6353
6353
6353
6353
6353
6353
6453
6453
6453
6453
6503
6503
6503
6503
6503
6503
6503
6503
6503
6503
6503
6503
6503
6503
6503
6503
6503
6503
6503
6519
6519
6519
6519
6519
6519
6519
6519
6520
6520
6520
6520
6520
6519
6519
6519
6519
6519
6519
6519
6519
6519
6519
6519
6519
6519
6519
6519
6519
6519
6519
6519
6519
6519
6519
6519
6519
6519
6520
6520
6520
6519
6519
6519
6519
6519
6519
6519
6519
6519
6520
6520
6520
6520
6520
6520
6520
6520
6520
6520
6520
6520
6520
6520
6520
6520
6520
6520
6520
6520
6520
6520
6520
6504
6520
6520
6504
6504
6504
6503
6403
6403
6403
6403
6404
6404
6404
6504
6504
6504
6504
6503
6503
6503
6504
6504
6504
6504
6504
6504
6504
6504
6454
6454
6454
6453
6453
6469
6519
6519
6519
6519
6519
6519
6519
6519
6519
6519
6519
6519
6519
6519
6519
6519
6519
6519
6519
6519
6519
6519
6519
6520
6520
6520
6520
6520
6520
6520
6520
6520
6519
6519
6519
6519
6519
6519
6519
6519
6519
6519
6519
6520
6520
6520
6520
6520
6520
6520
6520
6520
6520
6520
6520
6520
6519
6519
6519
6519
6519
6519
6519
6519
6519
6519
6519
6519
6519
6519
6519
6519
6519
6519
6519
6519
6519
6520
6520
6520
6520
6520
6520
6520
6520
6519
6519
6519
6519
6519
6519
6520
6520
6520
6520
6520
6520
6520
6520
6520
6520
6520
6520
6520
6520
6520
6520
6520
6520
6520
6520
6520
6520
6520
6520
6520
6520
6520
6520
6520
6520
6520
6520
6520
6520
6520
6520
6520
6520
6520
6520
6520
6519
6519
6519
6519
6519
6519
6519
6519
6519
6519
6519
6519
6519
6519
6519
6519
6519
6519
6519
6519
6519
6519
6519
6519
6519
6520
6520
6520
6520
6520
6520
6520
6520
6520
6520
6504
6504
6504
6504
6504
6504
6504
6504
6504
6504
6520
6519
6519
6519
6519
6519
6519
6519
6519
6519
6519
6519
6519
6519
6519
6519
6519
6519
6520
6520
6519
6519
6519
6503
6503
6503
6503
6504
6504
6504
6504
6504
6504
6504
6504
6504
6504
6520
6520
6520
6520
6520
6504
6504
6504
6504
6504
6504
6504
6503
6503
6503
6503
6503
6503
6519
6519
6519
6519
6468
6468
6469
6469
6469
6468
6468
6519
6519
6519
6519
6519
6519
6519
6519
6519
6519
6519
6519
6519
6519
6519
6519
6519
6519
6519
6519
6519
6519
6520
6520
6520
6520
6520
6520
6520
6520
6520
6520
6520
6520
6520
6520
6520
6520
6520
6520
6519
6519
6519
6519
6519
6519
6519
6519
6519
6519
6519
6519
6519
6519
6519
6519
6519
6519
6519
6519
6519
6519
6519
6519
6519
6519
6519
6519
6503
6503
6503
6503
6504
6504
6504
6504
6504
6504
6504
6504
6520
6520
6520
6520
6520
6520
6520
6520
6520
6520
6520
6520
6520
6520
6520
6520
6520
6520
6520
6520
6520
6520
6520
6520
6520
6520
6520
6520
6520
6520
6520
6520
6520
6520
6520
6520
6520
6520
6520
6520
6520
6520
6520
6520
6520
6520
6520
6519
6519
6519
6519
6519
6519
6519
6519
6519
6519
6519
6519
6519
6520
6520
6520
6520
6520
6520
6520
6519
6519
6519
6519
6519
6519
6519
6519
6519
6519
6519
6519
6503
6503
6503
6503
6503
6503
6503
6503
6503
6503
6503
6503
6503
6519
6519
6519
6519
6519
6519
6519
6519
6519
6519
6519
6503
6503
6503
6503
6519
6519
6519
6519
6519
6519
6519
6519
6519
6519
6519
6519
6519
6519
6519
6519
6519
6519
6519
6519
6519
6519
6519
6519
6519
6519
6519
6519
6520
6520
6520
6520
6520
6519
6520
6520
6520
6520
6520
6520
6520
6520
6520
6520
6520
6520
6520
6520
6520
6520
6520
6520
6520
6520
6520
6520
6520
6520
6520
6520
6520
6520
6520
6520
6519
6519
6519
6519
6519
6519
6519
6520
6520
6520
6520
6520
6520
6520
6520
6520
6520
6520
6520
6520
6520
6520
6520
6520
6520
6520
6520
6519
6519
6519
6519
6520
6520
6520
6520
6520
6520
6520
6520
6520
6520
6520
6520
6520
6520
6520
6520
6520
6520
6520
6520
6520
6520
6520
6520
6520
6520
6520
6520
6520
6520
6520
6520
6504
6504
6504
6504
6504
6504
6504
6504
6504
6504
6504
6504
6504
6504
6504
6504
6504
6504
6520
6520
6520
6520
6520
6519
6519
6519
6519
6519
6519
6519
6519
6519
6519
6519
6519
6519
6519
6519
6519
6519
6519
6519
6519
6519
6519
6519
6519
6519
6519
6519
6519
6519
6519
6519
6519
6519
6519
6519
6519
6503
6503
6503
6503
6503
6519
6520
6519
6519
6519
6519
6519
6519
6519
6519
6519
6519
6519
6519
6519
6519
6520
6520
6520
6520
6520
6520
6520
6520
6520
6520
6520
6520
6519
6519
6519
6519
6519
6519
6519
6519
6519
6519
6519
6520
6520
6520
6520
6520
6520
6520
6520
6520
6520
6520
6520
6520
6504
6504
6520
6520
6520
6520
6520
6520
6520
6520
6520
6520
6520
6520
6520
6520
6520
6520
6520
6520
6504
6504
6504
6504
6504
6504
6504
6504
6504
6504
6504
6504
6504
6504
6504
6504
6504
6504
6504
6504
6504
6504
6504
6504
6504
6504
6504
6504
6504
6504
6504
6504
6504
6504
6504
6504
6504
6504
6504
6504
6504
6504
6504
6504
6504
6504
6504
6504
6504
6504
6504
6504
6504
6504
6504
6504
6504
6504
6504
6504
6504
6504
6504
6504
6504
6503
6504
6504
6504
6504
6504
6504
6504
6504
6504
6504
6503
6503
6503
6503
6503
6503
6519
6519
6519
6519
6519
6519
6519
6519
6519
6519
6519
6519
6519
6519
6519
6503
6503
6503
6519
6519
6519
6519
6519
6519
6519
6519
6519
6519
6519
6519
6519
6519
6519
6519
6519
6519
6519
6519
6519
6519
6519
6519
6519
6519
6520
6520
6520
6520
6520
6520
6520
6520
6520
6520
6520
6520
6520
6520
6520
6519
6519
6519
6519
6519
6519
6519
6519
6519
6519
6519
6519
6519
6519
6519
6520
6520
6520
6520
6520
6520
6520
6520
6504
6504
6504
6504
6504
6504
6504
6504
6504
6504
6504
6504
6504
6504
6504
6504
6504
6504
6504
6504
6504
6504
6504
6504
6504
6504
6520
6520
6520
6520
6519
6519
6519
6519
6519
6519
6519
6519
6519
6519
6519
6519
6519
6519
6519
6519
6519
6519
6519
6519
6519
6519
6519
6519
6519
6519
6519
6520
6520
6519
6519
6519
6519
6519
6519
6519
6519
6519
6519
6519
6519
6519
6519
6519
6519
6519
6519
6519
6519
6519
6519
6519
6519
6519
6519
6519
6519
6519
6520
6520
6520
6520
6520
6520
6520
6520
6520
6519
6519
6519
6519
6519
6519
6519
6519
6519
6519
6519
6519
6519
6519
6519
6519
6519
6519
6519
6519
6519
6519
6519
6519
6519
6519
6519
6519
6519
6519
6519
6519
6519
6519
6519
6519
6519
6519
6519
6519
6519
6519
6519
6519
6519
6519
6520
6520
6520
6520
6520
6520
6520
6520
6520
6520
6520
6520
6520
6520
6520
6520
6520
6520
6520
6520
6520
6520
6520
6520
6520
6520
6520
6519
6519
6519
6519
6519
6519
6519
6519
6519
6519
6503
6503
6504
6504
6504
6504
6504
6504
6504
6504
6504
6504
6504
6504
6504
6504
6504
6504
6504
6504
6504
6504
6504
6504
6504
6504
6520
6520
6520
6520
6520
6520
6520
6520
6520
6520
6520
6520
6520
6519
6519
6519
6519
6519
6519
6519
6520
6520
6519
6519
6519
6519
6519
6519
6519
6519
6519
6519
6519
6519
6519
6519
6519
6519
6519
6519
6519
6519
6519
6519
6519
6519
6519
6519
6519
6519
6519
6519
6519
6519
6519
6520
6520
6520
6520
6520
6520
6520
6520
6520
6520
6520
6520
6519
6519
6519
6519
6519
6519
6519
6519
6519
6519
6520
6520
6520
6520
6520
6504
6504
6504
6504
6504
6504
6504
6504
6504
6504
6504
6504
6504
6504
6504
6504
6504
6504
6504
6504
6504
6504
6504
6504
6504
6504
6504
6520
6520
6520
6520
6520
6520
6520
6519
6519
6519
6519
6519
6519
6519
6519
6519
6519
6519
6519
6519
6519
6519
6519
6519
6519
6519
6519
6519
6519
6519
6519
6519
6519
6519
6519
6519
6519
6519
6519
6519
6519
6519
6519
6519
6519
6520
6520
6520
6520
6520
6520
6520
6520
6520
6520
6520
6520
6520
6520
6520
6520
6520
6520
6520
6520
6520
6520
6520
6520
6520
6520
6520
6520
6520
6520
6520
6519
6519
6519
6519
6519
6519
6519
6519
6519
6519
6519
6519
6519
6519
6519
6519
6519
6519
6519
6520
6520
6520
6520
6520
6520
6520
6520
6520
6520
6520
6520
6520
6520
6520
6520
6520
6520
6520
6520
6520
6520
6520
6520
6520
6520
6519
6519
6519
6519
6519
6519
6519
6519
6519
6519
6519
6519
6519
6519
6519
6520
6520
6520
6520
6520
6520
6520
6519
6519
6519
6519
6519
6519
6519
6519
6519
6519
6519
6519
6519
6519
6519
6519
6519
6519
6519
6519
6519
6519
6519
6519
6519
6519
6519
6519
6519
6519
6519
6519
6520
6520
6520
6520
6520
6520
6520
6520
6520
6520
6520
6520
6520
6520
6520
6520
6520
6520
6520
6520
6520
6520
6520
6520
6520
6520
6520
6520
6520
6520
6520
6520
6520
6520
6520
6520
6520
6520
6520
6520
6520
6520
6520
6520
6520
6520
6520
6520
6520
6520
6520
6520
6520
6520
6520
6520
6520
6520
6520
6520
6520
6520
6520
6520
6520
6520
6520
6520
6520
6520
6519
6519
6519
6519
6519
6519
6519
6519
6519
6519
6519
6519
6519
6519
6520
6520
6520
6520
6520
6520
6520
6520
6520
6520
6520
6520
6520
6519
6519
6519
6519
6519
6519
6519
6519
6519
6519
6519
6503
6503
6403
6403
6404
6404
6404
6404
6404
6404
6404
6404
6404
6404
6404
6404
6404
6404
6404
6404
6404
6404
6404
6404
6404
6404
6404
6404
6420
6420
6420
6420
6420
6420
6420
6520
6520
6520
6520
6520
6520
6520
6520
6520
6520
6520
6520
6520
6520
6520
6520
6520
6520
6520
6520
6520
6520
6520
6520
6520
6520
6520
6520
6520
6520
6520
6520
6520
6520
6520
6520
6520
6520
6520
6520
6520
6519
6519
6519
6519
6519
6519
6519
6519
6519
6519
6519
6519
6519
6519
6519
6519
6519
6519
6519
6519
6519
6520
6520
6520
6520
6520
6520
6520
6520
6520
6520
6520
6520
6520
6520
6520
6520
6520
6520
6520
6520
6520
6520
6520
6520
6520
6520
6519
6519
6519
6519
6519
6519
6503
6503
6503
6504
6520
6520
6520
6520
6520
6520
6520
6520
6520
6520
6520
6520
6520
6520
6520
6520
6520
6520
6520
6520
6520
6520
6520
6520
6520
6520
6519
6519
6519
6519
6519
6519
6519
6519
6519
6519
6519
6519
6519
6519
6520
6520
6520
6520
6519
6519
6519
6519
6519
6519
6519
6519
6519
6519
6519
6519
6519
6519
6519
6519
6519
6519
6519
6519
6519
6519
6519
6519
6519
6519
6519
6519
6519
6519
6503
6519
6519
6519
6519
6520
6520
6520
6520
6520
6520
6519
6519
6519
6519
6519
6519
6520
6520
6520
6520
6520
6520
6520
6520
6519
6519
6519
6519
6519
6519
6519
6519
6519
6519
6519
6519
6519
6519
6519
6519
6519
6520
6520
6519
6519
6519
6519
6519
6519
6519
6519
6519
6519
6519
6519
6519
6519
6519
6519
6519
6519
6519
6519
6519
6519
6519
6519
6519
6519
6519
6519
6520
6519
6519
6519
6519
6519
6519
6519
6519
6519
6519
6519
6519
6519
6519
6519
6519
6519
6520
6520
6520
6520
6520
6520
6520
6520
6520
6520
6520
6520
6520
6520
6520
6520
6520
6520
6520
6520
6520
6520
6520
6520
6519
6519
6519
6519
6519
6519
6519
6519
6519
6519
6519
6519
6519
6519
6519
6519
6519
6519
6519
6519
6519
6519
6519
6519
6519
6519
6520
6520
6520
6520
6520
6520
6520
6520
6520
6520
6520
6520
6520
6520
6520
6520
6520
6520
6520
6520
6520
6520
6520
6520
6520
6520
6520
6520
6520
6520
6520
6520
6520
6520
6520
6520
6520
6519
6519
6519
6519
6519
6519
6519
6519
6519
6519
6519
6519
6519
6519
6519
6519
6520
6520
6520
6520
6519
6519
6519
6519
6519
6519
6519
6519
6519
6520
6520
6520
6520
6520
6520
6520
6519
6519
6519
6519
6519
6519
6519
6519
6519
6519
6519
6519
6519
6519
6519
6519
6519
6519
6519
6519
6519
6519
6519
6519
6519
6519
6520
6520
6520
6520
6520
6520
6520
6520
6520
6520
6519
6519
6519
6519
6519
6519
6519
6519
6519
6519
6519
6519
6519
6519
6519
6519
6519
6519
6519
6519
6519
6519
6519
6519
6519
6519
6519
6519
6519
6519
6519
6519
6519
6519
6519
6519
6519
6519
6519
6519
6519
6519
6519
6519
6519
6519
6519
6519
6519
6519
6519
6519
6520
6520
6520
6520
6520
6520
6520
6520
6520
6520
6520
6520
6520
6520
6520
6520
6520
6520
6520
6520
6520
6520
6520
6520
6520
6520
6520
6520
6520
6520
6520
6520
6520
6520
6520
6520
6520
6520
6520
6520
6520
6520
6520
6520
6520
6520
6520
6520
6520
6520
6520
6520
6520
6520
6520
6520
6520
6520
6520
6520
6520
6520
6520
6520
6520
6520
6520
6520
6520
6520
6520
6520
6520
6520
6519
6520
6520
6520
6520
6520
6520
6520
6520
6520
6520
6520
6520
6520
6520
6520
6520
6520
6520
6520
6520
6520
6520
6520
6520
6520
6520
6520
6520
6520
6520
6520
6520
6520
6520
6520
6520
6520
6520
6520
6520
6520
6520
6520
6519
6519
6519
6519
6519
6519
6519
6519
6519
6519
6519
6519
6519
6519
6519
6519
6519
6519
6519
6519
6519
6519
6519
6520
6520
6520
6520
6520
6520
6520
6520
6520
6520
6520
6520
6520
6520
6520
6520
6520
6520
6520
6520
6520
6520
6520
6519
6519
6519
6519
6519
6519
6519
6519
6519
6519
6519
6519
6519
6519
6519
6519
6519
6519
6519
6519
6519
6519
6519
6519
6519
6519
6519
6519
6519
6519
6519
6519
6519
6519
6519
6519
6519
6519
6519
6519
6520
6520
6520
6520
6520
6520
6520
6520
6520
6520
6520
6520
6520
6520
6520
6520
6520
6520
6520
6520
6520
6520
6520
6520
6520
6520
6520
6520
6520
6520
6520
6519
6519
6519
6519
6519
6519
6519
6519
6520
6520
6520
6520
6520
6520
6520
6520
6520
6520
6520
6520
6520
6520
6520
6520
6520
6520
6520
6520
6520
6520
6520
6520
6520
6520
6520
6520
6520
6520
6520
6520
6520
6520
6520
6520
6520
6520
6520
6520
6520
6520
6520
6520
6520
6520
6519
6519
6519
6519
6519
6519
6519
6519
6519
6519
6519
6519
6519
6519
6519
6519
6519
6519
6519
6519
6519
6519
6519
6519
6519
6519
6519
6519
6519
6519
6519
6520
6520
6520
6520
6520
6520
6520
6520
6520
6520
6520
6520
6520
6520
6520
6520
6520
6520
6520
6520
6520
6520
6520
6520
6520
6520
6520
6520
6520
6520
6519
6519
6519
6519
6519
6519
6520
6520
6520
6520
6520
6520
6520
6520
6520
6520
6520
6520
6520
6520
6520
6520
6520
6520
6520
6520
6519
6519
6519
6520
6520
6519
6519
6519
6519
6519
6519
6519
6519
6519
6519
6519
6519
6519
6519
6519
6519
6519
6519
6519
6520
6520
6520
6520
6520
6520
6520
6520
6520
6520
6520
6520
6520
6520
6520
6520
6520
6520
6520
6520
6520
6520
6520
6520
6520
6520
6520
6520
6520
6520
6520
6520
6520
6520
6520
6520
6520
6520
6520
6520
6520
6520
6520
6520
6520
6520
6520
6520
6520
6520
6520
6520
6520
6520
6520
6520
6520
6520
6520
6520
6520
6520
6520
6520
6520
6520
6520
6520
6519
6519
6519
6519
6519
6519
6519
6519
6519
6520
6520
6520
6520
6520
6520
6520
6520
6520
6520
6520
6520
6520
6520
6520
6520
6520
6520
6520
6520
6520
6520
6520
6520
6520
6520
6520
6520
6520
6520
6520
6520
6520
6520
6520
6520
6520
6520
6520
6520
6520
6520
6520
6520
6520
6520
6520
6520
6520
6520
6520
6520
6520
6520
6520
6519
6519
6519
6519
6519
6519
6519
6519
6519
6519
6519
6519
6519
6519
6519
6519
6519
6519
6519
6519
6519
6519
6519
6519
6519
6519
6519
6519
6519
6519
6519
6519
6519
6519
6519
6519
6519
6519
6519
6519
6519
6519
6519
6519
6520
6520
6520
6520
6520
6519
6520
6520
6520
6520
6520
6520
6520
6520
6520
6520
6520
6520
6520
6520
6520
6520
6520
6520
6520
6520
6520
6520
6520
6520
6520
6520
6520
6520
6519
6519
6519
6519
6519
6519
6519
6519
6519
6519
6519
6519
6519
6519
6519
6519
6519
6519
6519
6519
6519
6519
6519
6519
6519
6519
6519
6519
6519
6519
6519
6519
6519
6519
6519
6519
6519
6519
6519
6520
6520
6520
6520
6520
6520
6520
6520
6520
6520
6520
6520
6520
6520
6520
6520
6520
6520
6520
6520
6520
6520
6520
6520
6520
6520
6520
6520
6520
6520
6520
6520
6520
6520
6520
6520
6520
6520
6520
6520
6520
6520
6520
6519
6519
6519
6519
6520
6519
6519
6520
6520
6520
6520
6520
6520
6520
6520
6520
6520
6520
6520
6520
6520
6520
6520
6520
6520
6520
6520
6520
6520
6520
6520
6520
6520
6520
6520
6520
6520
6520
6520
6520
6520
6520
6520
6520
6520
6520
6520
6520
6520
6520
6520
6520
6520
6520
6520
6520
6520
6520
6520
6520
6520
6520
6519
6519
6519
6519
6519
6519
6519
6519
6519
6519
6519
6519
6519
6519
6519
6519
6519
6519
6519
6519
6519
6520
6520
6520
6520
6520
6520
6520
6520
6520
6520
6519
6519
6519
6519
6519
6519
6519
6519
6519
6519
6519
6519
6520
6520
6520
6520
6520
6520
6520
6520
6520
6520
6520
6520
6520
6520
6520
6520
6520
6520
6520
6520
6520
6520
6520
6520
6520
6520
6520
6520
6520
6520
6520
6520
6520
6520
6520
6520
6520
6520
6520
6520
6520
6520
6520
6520
6520
6520
6520
6520
6520
6520
6520
6520
6520
6520
6520
6520
6520
6520
6520
6520
6520
6520
6520
6520
6520
6520
6520
6520
6520
6520
6520
6520
6520
6520
6520
6520
6520
6520
6520
6520
6520
6520
6520
6520
6520
6520
6520
6520
6520
6520
6520
6520
6520
6520
6520
6520
6520
6520
6520
6520
6520
6520
6520
6520
6520
6520
6520
6520
6520
6519
6519
6519
6519
6519
6519
6520
6520
6520
6520
6520
6520
6520
6520
6520
6520
6520
6520
6520
6520
6520
6520
6520
6520
6520
6520
6520
6520
6520
6520
6520
6520
6520
6520
6520
6520
6520
6520
6520
6520
6520
6520
6520
6520
6520
6520
6520
6520
6520
6520
6520
6520
6520
6520
6520
6520
6520
6520
6520
6520
6520
6520
6520
6520
6520
6520
6520
6520
6519
6519
6519
6519
6519
6519
6519
6519
6519
6519
6519
6519
6519
6519
6519
6519
6519
6519
6519
6519
6519
6519
6519
6519
6519
6519
6519
6519
6519
6519
6519
6519
6519
6519
6519
6519
6519
6519
6519
6519
6519
6519
6519
6519
6520
6520
6520
6520
6520
6520
6520
6520
6520
6520
6520
6520
6520
6520
6520
6520
6520
6520
6520
6520
6520
6520
6520
6520
6520
6520
6520
6520
6520
6520
6520
6520
6519
6519
6519
6520
6520
6520
6520
6520
6520
6520
6520
6520
6520
6520
6520
6520
6520
6520
6520
6520
6520
6520
6520
6520
6520
6520
6520
6520
6520
6520
6520
6520
6520
6520
6520
6520
6520
6520
6520
6520
6520
6520
6520
6520
6520
6520
6520
6520
6520
6520
6520
6520
6520
6520
6520
6520
6520
6520
6520
6520
6520
6520
6520
6520
6520
6520
6520
6520
6520
6520
6520
6520
6520
6520
6520
6520
6520
6520
6520
6520
6520
6520
6520
6520
6520
6520
6520
6520
6520
6520
6520
6520
6520
6520
6520
6520
6520
6520
6520
6520
6520
6520
6520
6520
6520
6520
6520
6520
6520
6520
6520
6520
6520
6520
6520
6520
6520
6520
6520
6520
6520
6520
6520
6520
6520
6520
6520
6520
6520
6520
6520
6520
6520
6520
6520
6520
6520
6520
6520
6520
6520
6520
6520
6520
6520
6520
6520
6520
6520
6520
6520
6520
6520
6520
6520
6520
6520
6520
6520
6520
6520
6520
6520
6520
6520
6520
6520
6520
6520
6520
6520
6520
6520
6520
6520
6520
6520
6520
6520
6520
6520
6520
6520
6520
6520
6520
6520
6520
6520
6520
6520
6520
6520
6520
6520
6520
6520
6520
6520
6520
6520
6520
6520
6520
6520
6520
6520
6520
6519
6519
6519
6520
6520
6520
6520
6520
6520
6519
6519
6519
6519
6519
6520
6520
6520
6520
6520
6520
6520
6520
6520
6520
6520
6520
6520
6520
6519
6519
6520
6520
6520
6520
6520
6520
6520
6520
6520
6520
6520
6520
6520
6520
6520
6520
6520
6520
6520
6520
6520
6520
6520
6520
6520
6520
6520
6520
6520
6520
6520
6520
6520
6520
6520
6520
6520
6520
6520
6520
6520
6520
6520
6520
6520
6520
6520
6520
6519
6519
6519
6519
6519
6519
6519
6519
6519
6519
6519
6519
6519
6519
6519
6519
6519
6519
6519
6519
6519
6519
6519
6519
6519
6519
6519
6519
6519
6519
6519
6519
6519
6519
6519
6519
6519
6519
6519
6519
6519
6520
6520
6520
6520
6520
6520
6520
6520
6520
6520
6520
6520
6520
6520
6520
6520
6519
6519
6520
6520
6520
6520
6520
6520
6520
6520
6520
6520
6520
6520
6520
6520
6520
6520
6520
6520
6520
6520
6520
6520
6520
6520
6520
6520
6520
6520
6520
6520
6520
6520
6520
6520
6520
6520
6520
6520
6520
6520
6520
6520
6520
6520
6520
6520
6520
6520
6520
6520
6520
6520
6520
6520
6520
6520
6520
6520
6520
6520
6520
6520
6520
6520
6520
6520
6520
6520
6520
6520
6520
6520
6520
6520
6520
6520
6520
6520
6520
6520
6520
6520
6520
6520
6520
6520
6520
6519
6519
6519
6519
6519
6519
6519
6519
6519
6519
6519
6519
6519
6519
6519
6519
6519
6519
6519
6519
6519
6519
6519
6519
6519
6519
6519
6519
6519
6519
6520
6520
6520
6520
6520
6520
6520
6520
6520
6520
6520
6520
6520
6520
6520
6520
6520
6520
6519
6519
6519
6519
6520
6520
6520
6520
6520
6520
6520
6520
6520
6520
6520
6520
6520
6520
6519
6519
6519
6519
6520
6520
6520
6520
6520
6520
6520
6520
6520
6520
6520
6520
6520
6520
6520
6520
6520
6520
6520
6520
6520
6520
6520
6520
6520
6520
6520
6520
6520
6520
6520
6520
6520
6520
6520
6520
6520
6520
6520
6520
6520
6520
6520
6520
6520
6520
6520
6520
6520
6520
6520
6520
6520
6520
6519
6519
6519
6519
6519
6519
6519
6519
6519
6519
6519
6519
6519
6519
6519
6519
6519
6519
6519
6519
6519
6519
6519
6519
6519
6519
6520
6520
6520
6520
6520
6520
6520
6520
6520
6520
6520
6520
6520
6520
6520
6520
6520
6520
6520
6520
6520
6520
6520
6520
6520
6520
6520
6520
6520
6520
6520
6520
6520
6520
6520
6520
6520
6520
6520
6520
6520
6520
6520
6520
6520
6520
6520
6520
6520
6520
6520
6520
6520
6520
6520
6520
6520
6520
6520
6520
6520
6520
6520
6519
6519
6519
6519
6519
6519
6519
6519
6519
6519
6519
6519
6520
6520
6520
6520
6520
6520
6520
6520
6520
6520
6520
6520
6520
6520
6520
6520
6520
6520
6520
6520
6520
6520
6520
6520
6520
6520
6520
6520
6520
6520
6520
6520
6520
6520
6520
6520
6520
6520
6519
6519
6519
6519
6519
6519
6519
6519
6519
6519
6519
6519
6519
6520
6520
6520
6520
6520
6520
6520
6520
6520
6520
6520
6520
6520
6520
6520
6520
6519
6519
6519
6519
6519
6519
6519
6520
6520
6520
6520
6519
6519
6519
6519
6519
6519
6519
6519
6519
6519
6519
6520
6520
6520
6520
6520
6520
6520
6520
6520
6520
6520
6520
6520
6520
6520
6520
6520
6520
6520
6520
6520
6520
6520
6520
6520
6520
6520
6520
6520
6520
6520
6520
6520
6520
6520
6520
6520
6520
6520
6520
6520
6520
6520
6520
6520
6520
6520
6520
6520
6520
6520
6520
6520
6520
6520
6520
6520
6520
6520
6520
6520
6520
6520
6520
6520
6520
6520
6520
6520
6520
6520
6520
6520
6520
6520
6520
6520
6520
6520
6520
6520
6520
6520
6520
6520
6520
6520
6520
6520
6520
6520
6520
6520
6520
6520
6520
6520
6520
6520
6520
6520
6520
6520
6520
6520
6520
6520
6520
6520
6520
6520
6520
6520
6520
6520
6520
6520
6520
6520
6520
6520
6520
6520
6520
6520
6520
6520
6520
6520
6520
6520
6520
6520
6520
6520
6520
6520
6520
6520
6520
6520
6520
6520
6520
6520
6520
6520
6520
6520
6520
6520
6520
6520
6520
6520
6520
6520
6520
6520
6519
6519
6519
6519
6519
6519
6519
6519
6519
6519
6519
6519
6520
6520
6520
6520
6520
6520
6520
6520
6520
6520
6520
6520
6520
6520
6520
6520
6520
6520
6520
6520
6520
6520
6520
6520
6520
6520
6520
6520
6520
6520
6520
6520
6519
6519
6519
6519
6519
6519
6519
6519
6519
6519
6519
6519
6519
6519
6519
6519
6519
6519
6519
6519
6519
6519
6519
6519
6519
6519
6519
6520
6520
6520
6520
6520
6520
6520
6520
6520
6520
6519
6519
6519
6519
6519
6519
6519
6519
6520
6520
6519
6519
6519
6519
6519
6519
6519
6519
6519
6519
6519
6519
6519
6519
6519
6519
6519
6519
6519
6519
6519
6519
6519
6519
6519
6519
6519
6519
6519
6519
6519
6519
6519
6519
6519
6519
6519
6519
6519
6519
6519
6519
6519
6519
6519
6519
6519
6519
6519
6519
6519
6519
6519
6519
6519
6519
6519
6519
6519
6519
6519
6519
6519
6519
6519
6519
6519
6519
6519
6519
6520
6520
6520
6520
6520
6520
6520
6520
6520
6520
6520
6520
6520
6520
6520
6520
6520
6520
6520
6520
6520
6519
6520
6520
6520
6520
6520
6520
6520
6520
6520
6520
6520
6519
6519
6519
6519
6519
6519
6519
6519
6519
6519
6519
6519
6519
6519
6519
6519
6519
6519
6519
6519
6519
6519
6519
6519
6519
6520
6520
6520
6520
6520
6520
6520
6520
6520
6520
6520
6520
6520
6520
6520
6520
6520
6519
6519
6519
6519
6519
6519
6519
6519
6519
6520
6520
6520
6520
6520
6520
6520
6520
6520
6520
6520
6520
6520
6520
6520
6520
6520
6520
6520
6520
6520
6520
6520
6520
6520
6520
6520
6520
6520
6520
6520
6520
6520
6520
6520
6520
6520
6520
6520
6520
6520
6520
6520
6520
6520
6520
6520
6520
6520
6520
6520
6520
6520
6520
6520
6520
6520
6520
6520
6520
6520
6520
6520
6520
6520
6520
6520
6520
6520
6520
6520
6520
6520
6520
6520
6520
6520
6519
6519
6519
6519
6519
6519
6519
6519
6519
6519
6519
6519
6519
6519
6519
6519
6519
6519
6519
6519
6519
6519
6519
6519
6519
6519
6519
6519
6519
6519
6519
6519
6520
6520
6520
6520
6520
6520
6520
6520
6520
6520
6520
6520
6520
6520
6520
6520
6520
6520
6520
6520
6520
6520
6520
6520
6520
6520
6520
6520
6520
6520
6520
6520
6520
6520
6520
6520
6520
6520
6520
6520
6520
6520
6520
6520
6520
6519
6519
6519
6519
6519
6519
6519
6520
6520
6520
6520
6520
6520
6520
6520
6520
6520
6520
6520
6520
6520
6520
6520
6520
6520
6520
6520
6520
6520
6520
6520
6520
6520
6520
6520
6520
6520
6520
6520
6520
6520
6520
6520
6520
6520
6520
6520
6520
6520
6520
6520
6520
6520
6520
6520
6520
6520
6520
6520
6520
6520
6520
6520
6520
6520
6520
6519
6519
6519
6519
6519
6519
6519
6519
6519
6519
6519
6519
6519
6520
6520
6520
6520
6520
6520
6520
6520
6519
6519
6519
6519
6519
6519
6519
6519
6519
6519
6519
6519
6519
6519
6519
6519
6519
6519
6519
6519
6519
6519
6519
6519
6520
6520
6520
6520
6520
6520
6520
6520
6520
6520
6520
6520
6520
6520
6520
6520
6520
6520
6520
6520
6520
6520
6520
6520
6520
6520
6520
6520
6520
6520
6520
6520
6520
6520
6520
6520
6520
6520
6520
6520
6520
6520
6520
6520
6520
6520
6520
6520
6520
6520
6520
6520
6520
6520
6520
6520
6520
6520
6520
6520
6520
6520
6520
6520
6520
6520
6520
6520
6520
6520
6520
6520
6520
6520
6520
6520
6520
6520
6520
6520
6520
6520
6520
6520
6520
6520
6520
6520
6520
6520
6520
6520
6520
6520
6520
6520
6520
6520
