5056
5411
5411
5511
5062
4707
5062
4653
4703
4348
3665
3281
3673
4028
4437
4045
4429
3974
3483
3383
3874
3824
4084
4084
4134
4150
3588
4150
4134
4135
3875
3874
3875
3520
3520
4203
4203
4303
4658
4658
4558
4950
4950
4950
4950
4950
4950
4618
4950
5050
5050
4658
4709
4300
4692
4692
4130
3798
3748
3648
4097
4336
4898
5230
5490
5490
5490
5251
5301
4810
4418
4060
3611
4102
3770
3770
4225
3965
3683
3633
3632
3632
3914
3930
4379
4429
4761
5000
4949
4950
4949
5049
4999
5000
5050
4768
5028
4673
4341
4623
4981
5032
5031
4647
4596
4546
4546
4055
4056
4056
4448
4780
5164
5215
5199
4917
4468
4959
4575
4120
4569
5024
4575
4084
3845
3453
3452
3807
3352
3352
3353
3802
3751
4143
4143
4143
3694
4149
4431
4171
4170
3812
3863
4102
4511
3949
3617
3262
3278
2595
2950
2668
2568
3130
3579
3911
3911
3519
3779
3330
3314
3414
3430
4113
3874
3774
4132
4414
4056
4106
3774
3723
4214
4198
4298
4690
4590
4540
4590
4135
4135
4135
4467
4825
4433
4433
4888
4237
3746
4397
4497
4736
4174
4174
4174
4566
4157
4157
4158
4158
4174
4558
5120
4881
5120
5120
5529
5529
5978
5569
5569
5214
5569
6060
5705
6060
5821
5821
6060
6060
5611
5511
5153
4798
5247
5008
4559
4543
4543
4643
4643
4882
4600
4550
4999
4999
4999
4998
4738
4789
5049
5049
4398
4347
4397
4005
4656
4094
4095
4095
3856
4138
4137
4699
4250
3759
3499
3550
3095
3586
3587
3536
3894
3894
3403
3403
3403
3121
3381
3872
4264
4004
4459
4459
4908
4417
4417
3962
3604
3604
3504
3555
3794
4285
3634
3634
3250
3532
3140
3156
3256
3255
3016
2916
3271
2916
2865
3125
2634
3089
3073
3074
2391
2341
2357
2341
2341
2750
3433
3484
3723
3723
3723
4374
4758
4758
4808
4808
4476
3825
3565
3515
3515
3106
3156
3156
3156
2707
2323
2732
3116
3471
3420
2737
3069
3518
3910
4268
3910
3671
3670
3909
3577
3837
3577
3909
3670
3686
3786
3736
3736
4387
4388
5071
4622
4167
3783
3833
4072
4022
4380
4364
4415
4006
3906
4355
4355
4371
4631
4349
3994
3994
4044
4044
4453
4004
3988
4343
4359
4343
4343
4083
4033
4033
4133
4517
5008
5008
4325
3834
3272
3221
3904
3546
4108
4158
4158
3803
4161
3922
3922
4413
4768
5223
5222
4539
4539
3888
4148
3764
4046
4697
4698
4366
4366
4366
3911
3349
3911
3911
3861
4100
3742
3742
4191
4523
5206
5206
4946
4554
4315
3632
3990
3990
4374
4019
4019
4018
3918
3968
4207
4307
3898
3514
3565
4248
4657
4325
4709
4470
4825
4841
4279
4841
4791
4342
4342
4342
3851
4243
4734
4994
5443
5493
5442
5392
5000
5001
4719
4719
4719
4703
4942
4942
4533
4549
3898
3949
3266
3548
3497
3113
3113
2755
3139
2577
2909
2418
2468
2923
3606
3590
3589
3589
3589
4080
3980
3720
3271
3271
3221
3630
3631
3891
3891
3941
3957
3957
3675
4124
3864
3455
3737
3353
3114
3353
3711
4103
4102
3747
4156
4156
4807
4807
4525
4509
4151
3500
4062
4344
4344
4105
3656
3895
4344
4062
4322
3873
4155
3763
3779
4171
4620
4129
4780
4780
4730
5221
4961
5319
4927
5311
5666
5104
5204
5254
5816
6208
6209
6209
5558
5558
4875
4825
4263
3808
4459
5142
4491
4490
4106
3697
3697
4259
4668
4310
4668
4313
4573
4574
4573
4928
4912
4630
4646
4237
4621
4237
3882
4266
3934
4389
3827
4389
4744
5026
4577
4627
4367
5018
5278
5279
4717
4701
4700
4650
4982
4982
5391
5392
5392
5132
4850
4518
4163
4612
4163
4445
4495
4395
4394
4394
4956
4956
4956
4906
5166
5166
5166
4884
4500
4600
4600
4601
4146
4145
4500
4500
4832
4832
5216
5216
5216
5216
5665
5947
5847
5356
5356
5356
5356
5356
5406
5457
4774
4774
5265
4983
4723
4723
4723
4739
4330
4091
4092
4076
4075
4075
4091
3642
3642
3742
3726
4175
4075
4075
4091
4500
4782
4731
4373
3981
4373
4357
4357
4025
4025
3633
3649
3649
3981
3965
3581
3681
3682
3031
3031
3389
3440
3340
2931
3031
3440
3031
3031
3030
3269
3285
3677
3677
3661
3379
4062
4471
4471
4731
4631
4182
4182
3827
4211
4227
3736
3736
4018
3686
4337
3928
4283
4044
4028
4044
4028
4267
4283
4283
3721
3482
3482
3582
3821
3822
3771
3387
3878
3878
3877
3877
4326
4888
4649
4888
4397
4347
4347
4347
4347
4065
4556
4606
4607
4607
4991
5273
5257
5712
5763
6172
5817
5833
5475
5830
5829
5590
5308
5208
5208
5447
4885
4885
5217
5575
5576
4893
4561
4893
4654
4199
4654
4654
4893
4893
4484
5046
5030
4575
4575
3924
4206
4155
3771
3771
4155
4155
4610
4278
4329
3880
3880
3980
3596
3596
4279
4295
4279
4279
4611
4610
4350
4299
3844
4495
4546
4546
4546
4496
4756
4398
4138
3806
4215
4216
3654
4216
4215
4599
4649
4240
4241
3959
4317
4577
5032
5031
4469
4485
5047
4592
4592
4541
4996
4946
4591
5000
5000
4740
4724
4269
4320
3637
3075
2836
3118
3450
3092
3541
4103
4103
3711
3727
3676
3727
4082
3727
4082
4031
4082
4342
4392
5075
5025
5025
4925
5025
4765
4765
4765
4203
4203
4152
4412
4463
4463
4513
4413
4513
4968
4559
4968
4584
4584
4484
4868
4818
4558
4558
5120
4665
4715
4715
4715
4664
5022
5022
4638
4638
4076
4026
4077
4469
4469
4077
4316
4576
4676
4394
4378
4378
4139
4189
4089
4651
4601
4602
4602
4247
4196
4196
4196
4478
4862
4300
4316
4056
4511
5073
5073
5123
5362
4907
4907
4907
5299
5060
4778
5017
5068
5328
5327
4943
4683
5067
5067
5422
5704
5053
5053
5053
5053
5704
5804
5449
5904
6164
6064
5655
5655
5655
5416
5825
6180
6180
6180
6130
6131
5480
5480
5071
5055
4671
4671
4721
4230
4230
4229
4229
3667
4229
4880
4620
4620
4620
4859
4859
4208
3926
4208
4468
4468
5119
5219
4657
4325
4325
3870
4202
4764
5255
5639
5640
5640
5401
5401
4952
4269
4269
4269
4678
4578
4528
4477
4119
4568
4926
4977
4717
4717
4155
4155
4255
3973
3973
3973
3973
3581
3581
3581
3581
3581
4264
4264
4164
4214
3882
3498
3737
3382
3381
2932
2523
2623
2955
2971
2613
2513
2773
2757
2757
2857
2857
3212
3621
4013
3330
3612
3562
4017
3562
3562
3946
3946
3846
3437
4120
4121
3882
3882
3882
3882
3527
3245
3244
3483
3892
3893
3909
3858
3474
3142
3591
3949
3949
3689
3450
3449
3804
4064
3804
4259
4359
4410
4410
4794
4795
4144
3789
4049
3600
3216
3867
4222
4606
4606
4606
4938
4938
4580
4580
4862
4862
4862
4861
4862
4371
4271
4255
3604
3604
3620
3211
3620
3236
3887
3627
3172
3556
3556
3556
4005
3954
4409
4054
4616
4667
4767
4767
4205
4205
4255
4254
4254
4816
4407
4307
3915
3531
3940
4324
4042
4042
4042
4042
4042
4042
4302
4793
4742
4742
4358
4358
4026
4418
4700
4138
4138
4138
3689
3689
3690
3235
3567
3925
4025
4264
4214
4265
4265
4315
4315
4770
4754
4515
4157
4541
4557
5006
5364
5926
5910
5910
5910
5910
5910
5910
6149
5587
5537
5277
5293
5293
4961
5523
5074
5124
4562
4512
4057
4107
3616
3616
4107
4562
4561
4561
4510
4510
4959
4959
5291
5241
5241
5241
5501
5501
5501
5501
5856
5856
5856
5574
5574
5474
5474
5525
5474
5756
5347
4992
4992
4608
4326
4326
4426
4068
4426
4426
4426
3935
3935
3252
3607
4169
3714
3152
3152
3835
3735
3475
3735
3735
4190
4472
4472
4472
4472
4017
4001
4456
4840
4841
4841
5250
4968
5068
5068
4417
4417
4699
4699
4699
4715
4715
4714
5205
5256
5205
5205
5105
5156
5105
5089
5189
5205
5205
4850
4850
4850
4850
5501
5552
5552
5061
4703
4687
4238
4288
4288
4288
4288
4288
4288
4737
4405
4354
3970
4461
4845
4845
4896
4896
5458
5198
5198
5556
5572
5214
5474
4912
4229
4229
3990
4229
4178
4178
4536
4486
4487
4103
4154
4154
4154
3503
4065
4014
4014
4697
4339
4389
4107
4107
3424
3779
3779
3540
3085
3540
3822
3821
4504
4504
4222
3767
3205
3660
3560
3892
3943
4301
4301
4302
4584
4568
4668
4668
4668
4668
4684
4684
4633
4632
4632
4300
4539
4084
4135
4119
4451
4451
4096
4045
4696
4414
4798
4349
4349
3698
4053
4069
4069
4720
4365
4820
5102
5102
5002
4742
5191
4807
4791
5175
5175
5191
4909
4859
4859
4859
4859
4859
5421
4972
5327
4918
4918
4526
4287
4387
4003
4263
4313
4722
4390
4290
4291
4291
4530
4630
4530
4979
5363
4712
4712
4696
4696
4696
4696
4457
4099
4098
4048
4048
4287
3932
3477
3478
3578
3578
3578
3628
3578
3936
4328
4328
4328
4660
4328
3919
3919
4570
4621
5076
4585
4325
4086
4086
4102
4051
4051
4051
3400
3639
4130
4781
5063
5395
5750
5734
5734
5784
5800
5700
5800
5238
5237
5187
5237
5237
5237
5237
5221
4863
4863
4863
5425
5425
5783
5784
5734
5734
5734
5734
5172
4788
4433
4433
4817
4717
4733
5088
5348
5348
4993
4993
5093
5093
4811
4810
4861
5216
4565
5127
5127
5027
4695
4696
4796
5078
5078
4395
5046
5046
4597
4597
4597
4597
4929
4438
4438
4083
4032
4082
4082
4032
4481
4381
4481
4481
3919
3919
4481
4481
4481
4481
4531
4530
4581
4565
4565
4565
4920
5603
5552
5292
4960
4910
4518
4778
4829
5320
5320
5320
5320
5220
5220
5220
5320
5320
5321
5320
5060
5469
5111
5371
5089
4989
5381
5121
5403
5735
5453
5453
5069
5069
5070
5070
4738
5070
5070
4621
4266
4624
4623
4978
5362
5362
5362
5378
5660
5660
5660
5328
4873
4873
5328
5428
5428
5189
4627
4627
4627
4627
4887
4871
4871
4871
4871
4921
4937
4921
5483
5483
5722
5723
5365
5365
5365
5365
5723
5672
5672
5672
5672
5672
5672
5288
4930
4830
4830
4830
4179
4179
4179
4178
4178
4178
4562
4562
4562
4562
3879
3317
2933
2984
2984
3316
3878
4262
4262
4945
4945
4685
4123
4223
4223
4672
4672
4672
4672
5234
5494
5494
5494
5212
5212
5212
4828
4589
4590
4590
4590
4872
4872
5230
4875
5259
4977
4993
4993
5348
5348
5332
5332
5332
5072
4581
4597
4242
4242
4242
4242
4242
4524
4524
4424
4663
4663
4647
4747
4747
4508
5159
5158
5418
5418
5368
5418
5434
5435
5435
5790
5458
5790
5790
6281
6281
6281
5719
5718
5458
5066
5628
5888
5888
5888
6280
6280
5896
5896
5796
5796
5796
5341
5341
5441
5680
5681
5323
5273
5631
5631
5531
5915
5915
6015
5606
5656
5640
5640
5640
5640
5639
5639
6048
5788
6048
5693
5709
5710
5450
5211
5211
4827
4545
4784
4784
5044
4686
4636
4636
4991
4990
5040
4940
4941
5325
5325
5425
5186
4802
4702
4702
4370
4319
3636
3875
3875
4157
4156
4156
4540
4524
4624
4524
4524
4856
4857
4957
4973
4411
4395
4395
4395
4003
3352
3092
3092
3092
3042
3434
3434
3485
3843
4405
4405
5056
5056
5072
5072
4623
5306
4948
5397
5397
5447
5447
5115
5447
5431
5431
5691
5691
5691
6049
6049
6049
6049
6065
6065
6065
6065
6015
6015
6015
6015
6015
6014
6014
5452
6014
5605
6014
5963
5863
5863
5847
5438
5083
5083
5084
4700
4700
4751
4189
4205
4205
4589
4588
4688
4688
4588
4588
3937
3937
4292
4747
4747
4731
5382
5382
5382
5143
5382
5398
5398
5398
4715
4765
4765
4765
5327
5276
4821
4822
4873
4872
4221
4221
4321
3989
3939
4590
4999
5000
4999
4999
4999
4999
4999
4641
4541
4541
4996
4996
4996
5354
5404
5354
6037
6037
6037
6038
6370
6370
6319
6319
6319
6319
6370
6370
6420
6088
5849
5400
4909
4858
4576
4576
4576
4576
4576
4184
4235
4335
4285
4285
4285
4524
4069
4461
4952
4952
4952
4952
4594
4334
4594
3943
4594
4594
4543
3892
4543
4992
5324
5324
4915
4914
4914
5272
5554
5554
5538
5554
5554
5222
5206
4924
4924
4685
5094
5094
5145
5477
5477
5093
5093
5093
5042
5042
5042
5281
5281
5281
5281
4926
4926
4926
5381
5381
5023
5073
5457
5739
5248
5248
5198
4959
4959
4959
4959
4959
4627
4627
4959
4975
4959
4859
5098
4649
4649
4649
4649
4649
4749
5198
5249
5249
4794
4385
4001
4001
4456
4457
4457
4812
4828
4828
4812
4812
5303
5303
5203
5203
5203
5587
5587
5587
5586
5587
5586
5347
5347
5347
5347
5347
5586
5636
5636
5376
5376
5785
5801
5750
5750
5366
5366
5724
5725
5316
5367
5627
5626
5626
5726
5726
5726
6110
6110
6059
6059
6059
6059
6059
6059
6059
6059
6059
6059
6468
6468
6186
6086
6086
6086
6070
6121
6121
6122
5764
5713
5729
5490
5135
5135
5235
5235
5234
5589
5590
5590
5235
4826
4826
4826
4826
5235
5517
5417
5367
5351
5351
5351
5706
5215
5215
5231
4782
4882
5240
4958
4958
4958
4958
4574
5023
5023
5073
5073
5124
5073
5073
5073
5057
5057
5548
5548
5548
5599
5599
5599
5548
5139
5523
5574
5523
5523
5932
5932
5932
5932
5932
6214
6214
6214
6230
6281
5872
5540
5540
5540
5540
5540
5540
5872
5821
5429
5379
5379
5097
5148
5540
5540
5540
5590
5539
5539
5523
5523
5522
5523
5762
5762
5762
6171
6171
6453
6453
6504
6404
6404
6404
6122
6222
6222
6238
6238
6238
6238
6238
5883
5491
5491
5491
5491
5773
5773
5773
5757
5757
5757
5757
5757
5757
5757
5706
5424
5324
5324
5324
5324
5324
5679
5679
5730
5680
5296
5296
5296
5296
5346
5346
5628
5628
5628
5644
5312
5262
5262
5362
5123
5123
5173
5173
5122
5122
5072
4623
4862
4862
5311
4953
5285
5335
5719
5719
5719
5719
5770
5770
5770
5770
5770
5770
5719
5437
5437
5337
5337
5337
5337
4686
4636
4636
4636
4736
5018
5669
6061
5801
5562
5562
5562
4879
4879
4879
4879
4879
5237
5237
5497
4846
4845
4845
4896
4487
5138
5377
5117
5526
5526
5526
5526
5426
5426
5686
5686
5736
5736
5736
5736
5736
5720
5720
5720
5720
5670
5720
5720
5362
6045
5653
5653
5162
5554
5554
5554
5554
5554
5105
5554
5554
6045
6045
5994
5944
5960
5960
6011
6011
6011
5772
5772
5772
6130
6130
6130
6180
5825
5825
5775
5775
5775
5775
5775
5776
5876
5492
5542
5542
5542
5492
5492
5491
5491
5491
5475
5193
5209
4558
5209
4949
4949
4949
4949
4949
5209
5593
5542
5184
5542
5542
5543
5593
5577
5577
5577
5577
5577
5193
5193
5244
5244
5599
5599
5599
5599
5599
5599
5838
5838
6120
6136
6136
6136
6136
6120
5765
6149
5910
5910
5518
5186
5186
5186
5186
4802
5157
5157
5541
5541
5933
6172
6504
6503
6503
6504
6504
6504
6504
6404
6404
6404
6354
6354
6354
6354
6354
6354
6094
6144
6144
6144
5695
6144
6144
6144
6144
6144
5789
5789
5340
5340
5340
5340
5340
5789
6049
6149
6148
5866
5866
5866
6148
6164
6114
6115
6115
6115
5731
6115
6115
6165
6165
6165
6115
5783
6138
5576
5560
6122
5673
5673
5673
5673
6005
6005
6055
6071
6071
6071
6020
6020
6020
5970
5586
5636
5687
5295
5294
5294
5278
5662
5380
5662
5662
5662
5662
5662
5662
5662
5662
5562
6011
6111
6011
6011
6011
6111
6112
6112
6112
6112
6112
6128
5773
5773
5773
5773
6128
6128
6078
6078
6078
5723
5723
5722
6114
6098
6098
6098
6098
6099
6048
6048
6048
5557
5912
5912
5912
5928
5928
6419
6419
6419
6064
5573
5573
5573
5473
5524
5523
5507
5507
5507
5508
5999
5316
5316
5316
5316
5316
5366
5382
5366
5466
5466
5466
5466
5466
5466
5466
5466
5466
5206
4874
4425
4375
4391
4109
4109
4792
5052
5001
5001
5001
5001
5051
5051
4951
4951
4951
4951
5002
5002
5002
5002
5002
4763
4763
4763
4763
5118
5118
5118
5450
5092
5092
5092
5092
5076
4585
4584
4584
4684
4684
4685
4685
4685
5134
4750
5032
5032
5032
5032
5032
4932
4932
4882
4882
4882
4882
4600
4600
4700
5191
5575
5575
5575
5575
5575
5575
5575
5575
5575
5575
5475
4913
4913
5475
5066
5065
5065
5065
5065
5065
5065
5347
5347
5347
5363
5363
5363
5363
5721
5721
5722
5722
5722
5772
5772
5772
5872
5872
5872
5189
5189
5189
5189
5189
5189
5189
5189
5598
5598
5598
5598
5598
5598
5598
5316
5316
5316
5266
4911
4961
5243
5926
5926
5926
5926
6281
6281
5719
5718
5718
5718
5718
5718
5718
5718
5718
5702
5442
5442
5391
5391
5391
5630
5890
6452
6452
6097
6097
6097
6097
6047
6047
6047
6047
6047
5947
5947
5947
5963
5963
5947
5947
5948
6048
6098
6098
6098
6098
5706
5706
5705
5705
5705
5143
5159
5059
5621
5621
5672
5672
5672
5672
6027
6027
6027
6011
6111
6111
6111
6060
5960
5976
5976
5976
5567
5567
5567
5618
5602
5552
5652
5652
6061
6061
6061
6061
6061
6061
6061
6061
6061
6061
5677
5319
5703
5703
5703
5703
5703
5703
5753
5753
5753
5769
6161
6161
6161
6161
6111
6111
6111
6111
6161
6161
6162
6162
5707
5691
5591
5591
5591
5591
5591
6046
6404
6404
6404
6403
6164
6164
6164
6164
6164
6165
6165
5905
5343
5343
5343
5905
5513
5462
5562
5561
5561
5953
5953
5953
5953
5953
5953
5953
6192
6243
6243
6004
5953
5953
5953
5953
6004
5649
5649
6004
6004
5953
5953
5953
5903
5903
5903
5954
5954
6193
6193
6209
6210
6210
6210
6210
6210
6210
5971
5971
5971
5971
5971
5971
5971
5971
6210
6210
6159
6159
6159
6159
6159
6159
6159
6159
6159
6159
6159
6159
6210
6210
6210
5801
6210
6210
6210
6470
6470
6470
6231
6231
6231
6131
6131
6115
6115
6115
6115
6115
6115
6114
6114
6114
6114
6114
6115
6115
6115
6115
6115
6115
6131
6131
6130
6130
6369
6369
6369
6369
6369
6369
6369
6369
6369
6369
6369
6419
6519
6519
6419
6419
6419
6419
6419
6419
6419
6419
6419
6419
6419
6419
6419
6035
6035
6035
6035
6035
6019
6019
6019
6035
6035
6419
6419
6519
6519
6519
6520
6470
6470
6419
6137
6137
6187
6187
6186
6186
5802
5802
5803
5803
5803
5803
5854
5854
5854
5854
5594
5594
5594
5594
5594
5594
5594
5594
5236
5594
5594
5594
5854
6238
6238
6237
6237
6186
6237
6519
6519
6469
6469
6519
6519
6519
6519
6164
6164
5904
5905
5905
5905
5904
5904
5904
5888
5904
5904
5904
5904
5853
5853
5853
5853
5853
5854
5854
5854
5854
5838
5838
6098
5998
5998
5998
5998
5998
5997
5998
5998
5998
6014
6014
6014
6014
5964
5606
5606
5606
5606
5606
5606
5324
5308
5308
5308
5307
5307
5665
5666
5666
5666
5682
5350
5350
5350
5350
5111
5466
5466
5748
5798
5798
5748
5748
5748
5748
5466
5466
5466
5466
5466
5206
5206
5466
5466
5517
5501
5501
5143
5143
5143
5193
5193
5192
5292
5292
5292
5292
5292
5292
5292
5292
5292
5292
5292
5293
5625
5625
5641
5640
5640
5640
5640
5640
5879
5879
5879
5879
5879
5879
5879
5879
6161
6161
5879
5828
5373
5373
5373
5373
5373
5373
5731
5731
5731
5731
5731
5731
5732
5732
5732
5732
5732
6014
6014
5998
5998
6049
6049
6049
6049
6049
6504
6504
6504
6520
6520
6281
6281
6280
6281
6281
6281
6281
6021
6021
6021
5921
5921
6021
6021
6021
6021
6021
6260
6260
6259
6519
6519
6519
6519
6259
6259
5697
5597
5597
5597
5857
5857
5857
5857
5465
5465
6027
6027
6027
6027
6027
6027
5977
6077
6077
6077
6077
6127
6127
6519
6503
6503
6503
6119
6119
6119
5764
5764
5764
5764
5764
5764
5764
5764
5764
5764
5764
5764
5780
5780
5780
5781
5781
5780
5680
5680
5680
5680
5680
5680
5680
5680
5780
5780
5780
6164
6164
6519
6519
6519
6519
6520
6520
6520
6520
6520
6281
6281
6281
6281
6281
6281
6231
6231
6231
6231
6231
5971
5971
5971
5971
5970
5970
5970
5970
5970
5970
5970
5971
5971
5970
5970
5970
5970
5919
5819
5869
6108
6368
6368
6468
6418
6418
6418
6418
6418
6418
6418
6418
5969
5869
5869
5869
5869
5869
5869
5869
5869
5853
5853
5614
5614
5665
5665
5904
5904
5904
5904
6353
6353
6114
5665
5665
5665
5665
5904
6004
5953
5953
5953
6004
6004
6004
6020
6469
6469
6519
6519
6519
6520
6520
6520
6520
6520
6520
6520
6520
6520
6420
6420
6419
6419
6420
6420
6420
6420
6420
6404
6404
6404
6404
6404
6404
6420
6420
6420
6420
6404
6404
6504
6453
6453
6403
6402
6402
6402
6402
6402
6402
6402
6402
6402
6010
6060
6060
6060
6060
6060
6111
6111
6111
6111
6111
5829
5829
5829
5829
5829
5829
6111
6111
6111
6111
6111
6061
6061
6061
5961
5961
5701
5702
5702
5702
5702
5702
5463
5463
5462
5462
5463
5463
5463
5479
5479
5479
5428
5478
5529
5529
5789
5789
6181
6181
6180
6180
6180
6130
6369
6369
6369
6369
6369
6369
6369
6369
6014
6014
6064
6064
6164
6164
6164
6164
6113
6164
6165
6149
6149
6149
6149
6099
6115
6115
6115
6115
6165
6165
6165
6165
6165
6165
6165
6520
6520
6504
6504
6504
6504
6265
6265
6265
6264
5982
5982
5982
5982
5982
5982
5982
5982
5982
5722
5722
5722
5982
5982
5982
5982
5982
5982
5982
6221
6221
6221
6221
6221
6237
6237
6221
6221
6221
6221
6503
6503
6503
6503
6503
6403
6403
6403
6403
6403
6403
6353
6302
6302
6302
6303
5945
5685
5685
5685
5685
5684
5684
5684
5684
5684
5944
5944
5944
6044
5589
5589
5589
5589
5589
5589
5589
5589
6044
5944
5945
5945
5945
5945
6045
6095
6111
6111
6111
6111
6111
6111
6111
6111
6110
6110
6110
6110
6110
6110
6110
6110
6110
6110
6110
6110
6110
6110
6110
6110
6110
6060
6110
6110
6110
6110
6110
6110
6468
6418
6418
6418
6402
6453
6402
6402
6402
6402
6418
6418
6469
6519
6519
6519
6503
6503
6503
6503
6452
6503
6503
6503
6503
6519
6519
6519
6519
6519
6519
6468
6452
6453
6214
6214
6214
6214
6214
6230
6230
6230
6230
6281
6281
6281
6231
6180
6180
6180
6180
6180
6180
6180
6164
6164
6164
6164
6164
6214
6214
6214
6214
6214
6214
6214
6214
6214
6214
6214
6265
6265
6265
6265
6265
6265
6265
6265
6265
6265
6265
6265
6265
6215
6215
6164
6164
6164
6214
6214
6214
6164
6164
6164
6164
6164
6164
6164
6164
6164
6164
6064
6303
6353
6353
6353
6353
6353
6353
6353
6353
6352
6352
6353
6353
6453
6504
6504
6453
6453
6453
6453
6453
6453
6453
6504
6504
6504
6504
6504
6504
6504
6504
6504
6504
6504
6504
6504
6504
6504
6504
6504
6520
6469
6468
6468
6469
6469
6520
6520
6520
6520
6420
6420
6420
6420
6420
6420
6420
6420
6420
6420
6420
6420
6404
6404
6403
6403
6121
6121
6121
6121
6121
6121
6121
6121
6121
6121
6121
6137
6138
6087
6187
6187
6238
6238
6238
6238
6238
6138
6420
6420
6520
6520
6520
6520
6420
6420
6369
6369
6369
6369
6369
6369
6369
6368
6368
6468
6468
6468
6468
6468
6468
6469
6469
6469
6469
6469
6469
6469
6469
6469
6469
6469
6369
6420
6369
6369
6369
6369
6368
6468
6469
6469
6469
6469
6469
6469
6469
6469
6369
6369
6369
6319
6370
6370
6370
6370
6370
6370
6370
6370
6470
6470
6470
6470
6470
6470
6454
6454
6454
6504
6504
6504
6520
6520
6520
6520
6520
6520
6520
6520
6519
6519
6519
6419
6419
6419
6419
6419
6419
6419
6419
6419
6419
6419
6419
6419
6403
6403
6403
6403
6403
6419
6519
6519
6519
6519
6519
6419
6419
6419
6419
6419
6419
6419
6419
6419
6419
6419
6419
6159
6159
6159
6143
6143
6403
6403
6403
6403
6403
6403
6403
6403
6404
6404
6354
6354
6353
6453
6453
6453
6453
6453
6453
6402
6302
6302
6318
6368
6368
6368
6368
6368
6368
6369
6369
6369
6369
6369
6369
6369
6469
6469
6469
6469
6469
6369
6369
6369
6369
6319
6319
6419
6469
6469
6453
6452
6452
6452
6452
6452
6452
6452
6452
6452
6468
6519
6519
6519
6468
6468
6468
6468
6468
6468
6186
6186
6186
6237
6237
6237
6238
6520
6520
6520
6520
6520
6520
6520
6520
6520
6520
6520
6520
6520
6520
6520
6520
6520
6520
6520
6520
6519
6519
6519
6519
6519
6519
6519
6519
6519
6519
6519
6519
6519
6519
6519
6520
6520
6520
6520
6520
6520
6469
6469
6520
6504
6504
6504
6504
6504
6504
6504
6504
6504
6504
6454
6470
6470
6470
6470
6470
6470
6470
6470
6470
6470
6470
6470
6470
6470
6470
6470
6470
6470
6470
6470
6419
6419
6319
6319
6319
6319
6319
6319
6303
6303
6403
6403
6403
6403
6403
6454
6454
6454
6454
6454
6454
6454
6454
6454
6454
6454
6454
6454
6454
6454
6454
6454
6454
6454
6454
6454
6454
6454
6454
6454
6454
6454
6454
6454
6454
6454
6454
6454
6454
6454
6454
6454
6454
6354
6354
6354
6354
6370
6370
6370
6370
6370
6370
6370
6370
6370
6420
6420
6420
6420
6420
6420
6420
6420
6404
6404
6404
6404
6404
6404
6404
6404
6404
6404
6404
6404
6404
6353
6353
6453
6193
6193
6193
6193
6193
6209
6469
6468
6452
6452
6452
6452
6213
6213
6213
6213
6213
6264
6264
6264
6265
6265
6265
6265
6281
6281
6281
6281
6281
6281
6281
6281
6281
6281
6281
6281
6281
6265
6265
6265
6265
6265
6265
6214
6214
6214
6453
6453
6469
6469
6468
6468
6468
6468
6468
6468
6452
6352
6352
6352
6368
6368
6369
6369
6369
6369
6319
6319
6318
6318
6368
6368
6368
6368
6368
6368
6368
6368
6419
6419
6419
6419
6180
6180
6180
6180
6180
6180
6180
6180
6180
6419
6419
6419
6419
6419
6419
6419
6419
6419
6419
6419
6419
6519
6519
6520
6520
6520
6504
6504
6504
6504
6520
6520
6470
6470
6470
6470
6470
6470
6470
6470
6470
6470
6470
6470
6470
6470
6470
6470
6470
6470
6470
6470
6470
6470
6470
6470
6470
6470
6470
6470
6470
6454
6454
6454
6454
6454
6454
6453
6193
6193
6194
6194
6193
6193
6193
6193
6193
6193
6193
6193
6193
6193
6193
6193
6209
6210
6470
6470
6470
6470
6470
6210
6210
6470
6470
6470
6470
6470
6470
6470
6469
6209
6209
6209
6109
6109
6109
6109
6209
6158
6158
6158
6158
6159
6159
6159
6210
6210
6210
6260
6260
6260
6244
6244
6244
6244
6193
6193
6193
6143
6142
6142
6142
6142
6143
6143
6143
6143
6403
6403
6403
6403
6403
6403
6402
6402
6402
6403
6403
6403
6403
6403
6403
6303
6354
6404
6404
6404
6404
6404
6504
6504
6503
6503
6503
6503
6503
6503
6519
6520
6520
6520
6520
6520
6520
6520
6520
6520
6520
6520
6470
6470
6470
6470
6470
6470
6470
6470
6470
6470
6520
6520
6520
6520
6519
6503
6503
6452
6452
6452
6452
6352
6352
6452
6453
6453
6453
6453
6453
6453
6453
6504
6504
6504
6504
6504
6520
6520
6520
6520
6520
6470
6470
6470
6470
6419
6419
6419
6419
6419
6419
6419
6419
6419
6419
6419
6418
6418
6418
6419
6419
6419
6470
6470
6470
6520
6520
6520
6520
6520
6520
6519
6519
6519
6519
6519
6519
6519
6519
6519
6503
6503
6503
6452
6452
6452
6452
6452
6352
6452
6452
6452
6452
6402
6402
6402
6403
6403
6403
6403
6403
6403
6454
6454
6454
6454
6454
6453
6453
6469
6469
6469
6469
6470
6469
6469
6469
6469
6453
6402
6402
6402
6402
6402
6402
6403
6402
6402
6453
6453
6503
6503
6503
6503
6503
6503
6503
6503
6503
6453
6453
6453
6453
6453
6453
6454
6453
6453
6453
6503
6503
6503
6503
6503
6503
6503
6503
6403
6403
6352
6452
6453
6469
6469
6469
6419
6419
6419
6419
6469
6469
6469
6469
6520
6520
6520
6520
6520
6520
6520
6469
6469
6469
6469
6469
6469
6469
6453
6452
6452
6452
6452
6453
6453
6453
6469
6469
6469
6469
6469
6469
6469
6469
6469
6469
6469
6419
6419
6403
6453
6453
6453
6453
6453
6453
6453
6453
6453
6453
6453
6453
6453
6453
6453
6453
6453
6453
6453
6453
6403
6453
6453
6453
6453
6453
6453
6504
6504
6504
6504
6504
6504
6504
6504
6504
6504
6504
6504
6504
6504
6504
6503
6503
6503
6503
6503
6503
6519
6503
6504
6504
6504
6504
6504
6504
6504
6504
6503
6503
6403
6404
6404
6404
6404
6420
6420
6420
6420
6420
6420
6420
6420
6420
6520
6520
6520
6520
6519
6519
6519
6519
6519
6519
6519
6519
6519
6519
6519
6469
6469
6469
6369
6369
6369
6369
6369
6369
6419
6419
6419
6419
6419
6419
6419
6369
6370
6470
6470
6470
6470
6470
6470
6470
6470
6470
6470
6470
6470
6470
6470
6469
6469
6469
6469
6469
6469
6470
6470
6470
6470
6470
6470
6470
6470
6470
6470
6470
6470
6470
6470
6470
6470
6470
6419
6419
6419
6419
6419
6419
6469
6469
6469
6469
6469
6520
6520
6520
6520
6520
6520
6520
6520
6520
6520
6520
6520
6520
6470
6470
6470
6470
6454
6454
6470
6470
6470
6470
6470
6454
6454
6453
6469
6469
6469
6469
6469
6469
6469
6469
6469
6469
6469
6469
6453
6453
6453
6453
6453
6453
6453
6353
6353
6353
6353
6302
6402
6402
6402
6402
6402
6402
6402
6452
6452
6452
6352
6352
6352
6352
6452
6468
6468
6418
6418
6418
6418
6418
6418
6418
6418
6418
6418
6418
6418
6418
6419
6419
6419
6419
6419
6419
6419
6419
6419
6419
6419
6419
6419
6419
6419
6419
6419
6419
6470
6470
6470
6470
6470
6470
6470
6470
6470
6470
6470
6470
6470
6470
6470
6520
6520
6504
6504
6520
6520
6520
6520
6520
6520
6520
6520
6520
6520
6520
6520
6520
6520
6520
6520
6520
6520
6520
6520
6520
6520
6520
6520
6520
6519
6519
6519
6519
6519
6519
6519
6519
6519
6519
6519
6519
6519
6519
6519
6519
6519
6519
6519
6519
6503
6503
6503
6503
6503
6503
6503
6503
6503
6403
6419
6419
6419
6419
6419
6519
6519
6519
6519
6519
6519
6519
6519
6519
6519
6503
6503
6503
6403
6403
6403
6403
6403
6403
6403
6419
6419
6419
6419
6419
6419
6368
6368
6368
6368
6368
6368
6368
6368
6368
6368
6368
6368
6419
6419
6419
6419
6419
6419
6419
6419
6419
6419
6419
6419
6403
6403
6404
6404
6420
6420
6420
6420
6420
6420
6420
6420
6420
6420
6420
6420
6420
6420
6420
6420
6420
6420
6420
6404
6404
6404
6404
6404
6404
6404
6404
6404
6404
6404
6403
6403
6403
6403
6403
6403
6403
6403
6403
6403
6403
6419
6419
6419
6419
6419
6403
6403
6403
6403
6403
6403
6403
6403
6419
6419
6419
6419
6419
6419
6419
6419
6419
6420
6420
6420
6420
6420
6420
6420
6420
6420
6420
6420
6419
6419
6419
6419
6419
6419
6419
6419
6419
6419
6419
6403
6403
6403
6403
6403
6403
6403
6403
6403
6403
6503
6503
6503
6503
6503
6503
6503
6452
6452
6452
6452
6452
6452
6452
6452
6452
6453
6453
6453
6453
6453
6504
6504
6504
6504
6504
6504
6453
6453
6453
6453
6453
6453
6453
6453
6453
6453
6453
6469
6469
6469
6469
6469
6469
6453
6453
6453
6453
6453
6453
6453
6453
6453
6453
6453
6453
6453
6453
6453
6452
6402
6453
6503
6503
6519
6519
6519
6519
6519
6519
6519
6519
6519
6519
6519
6519
6519
6519
6519
6519
6519
6468
6469
6520
6520
6520
6520
6519
6519
6519
6519
6519
6519
6519
6519
6519
6519
6519
6519
6503
6503
6503
6503
6503
6503
6503
6503
6503
6403
6403
6403
6403
6403
6403
6403
6403
6403
6403
6419
6419
6419
6419
6419
6419
6419
6419
6419
6419
6419
6419
6419
6419
6419
6419
6419
6419
6419
6419
6419
6420
6404
6404
6404
6404
6404
6404
6404
6420
6420
6420
6420
6420
6520
6520
6520
6520
6520
6520
6520
6520
6520
6520
6470
6470
6470
6470
6470
6470
6470
6470
6470
6470
6470
6470
6470
6470
6470
6470
6470
6470
6470
6470
6470
6470
6470
6470
6470
6520
6520
6520
6520
6520
6519
6519
6519
6519
6519
6519
6519
6519
6519
6520
6520
6520
6520
6520
6520
6520
6519
6519
6519
6519
6519
6519
6520
6520
6504
6504
6504
6504
6504
6504
6504
6504
6504
6503
6503
6503
6503
6503
6503
6503
6453
6453
6469
6469
6453
6453
6454
6454
6454
6454
6454
6454
6454
6454
6454
6454
6454
6454
6454
6454
6454
6454
6454
6454
6454
6454
6504
6503
6503
6503
6453
6453
6469
6469
6469
6469
6469
6469
6469
6469
6469
6469
6469
6469
6469
6469
6453
6453
6453
6453
6453
6453
6453
6453
6453
6453
6453
6453
6453
6453
6453
6453
6453
6453
6402
6402
6402
6402
6453
6453
6453
6453
6453
6453
6503
6503
6503
6503
6503
6403
6403
6403
6403
6403
6403
6403
6403
6404
6504
6504
6504
6504
6504
6504
6453
6453
6453
6453
6453
6453
6453
6453
6453
6453
6453
6453
6453
6453
6453
6453
6453
6453
6453
6469
6469
6469
6469
6469
6468
6468
6519
6519
6519
6519
6519
6519
6519
6519
6519
6519
6519
6519
6519
6519
6519
6519
6519
6503
6503
6504
6504
6504
6504
6504
6504
6504
6504
6504
6504
6520
6520
6520
6520
6520
6520
6520
6520
6520
6520
6520
6520
6520
6520
6519
6519
6519
6519
6519
6519
6519
6519
6519
6519
6519
6519
6519
6519
6519
6519
6520
6520
6520
6520
6520
6520
6520
6519
6519
6519
6519
6519
6519
6519
6519
6519
6519
6519
6519
6519
6519
6519
6519
6519
6519
6519
6519
6519
6519
6503
6503
6503
6503
6503
6503
6503
6503
6519
6519
6519
6519
6519
6519
6469
6470
6469
6469
6469
6469
6469
6469
6469
6469
6469
6469
6469
6469
6469
6469
6469
6469
6469
6469
6469
6469
6469
6519
6519
6519
6520
6520
6520
6520
6520
6520
6520
6520
6520
6520
6520
6520
6520
6519
6519
6469
6469
6469
6469
6469
6470
6470
6470
6470
6470
6520
6520
6520
6520
6520
6504
6504
6504
6504
6504
6504
6504
6504
6504
6504
6503
6503
6503
6503
6503
6503
6503
6503
6403
6403
6503
6503
6503
6503
6503
6503
6503
6503
6503
6503
6503
6503
6503
6503
6503
6503
6503
6503
6519
6519
6519
6519
6519
6519
6519
6519
6519
6519
6519
6519
6519
6519
6519
6519
6519
6519
6519
6503
6504
6504
6504
6504
6504
6504
6504
6504
6504
6503
6503
6403
6403
6403
6403
6403
6403
6403
6403
6403
6403
6403
6403
6352
6352
6352
6352
6352
6352
6352
6352
6352
6352
6352
6368
6368
6368
6368
6368
6368
6368
6468
6468
6468
6468
6519
6519
6503
6503
6503
6403
6403
6403
6503
6519
6519
6519
6519
6520
6520
6520
6520
6520
6520
6520
6519
6519
6519
6520
6520
6520
6520
6520
6520
6520
6520
6520
6504
6504
6504
6504
6504
6504
6504
6504
6504
6504
6504
6504
6504
6504
6504
6504
6504
6504
6504
6504
6504
6504
6520
6520
6519
6519
6519
6519
6519
6519
6519
6519
6519
6519
6519
6519
6519
6519
6519
6519
6519
6519
6519
6519
6519
6519
6519
6519
6519
6519
6519
6519
6519
6503
6503
6503
6503
6503
6503
6403
6403
6403
6352
6352
6352
6352
6352
6352
6352
6353
6353
6353
6353
6353
6353
6353
6353
6353
6353
6353
6353
6353
6353
6353
6353
6353
6353
6353
6353
6404
6404
6404
6404
6403
6403
6403
6403
6403
6403
6403
6403
6403
6403
6403
6403
6403
6403
6403
6403
6403
6403
6403
6403
6403
6403
6419
6419
6419
6419
6419
6419
6419
6419
6419
6419
6419
6419
6419
6419
6419
6419
6419
6419
6419
6419
6419
6420
6420
6420
6420
6420
6420
6420
6420
6420
6420
6420
6520
6520
6520
6520
6520
6520
6520
6519
6519
6519
6519
6519
6519
6519
6519
6519
6519
6519
6519
6519
6519
6519
6520
6520
6520
6520
6469
6469
6469
6469
6469
6469
6469
6469
6468
6519
6519
6519
6519
6519
6519
6519
6519
6519
6519
6519
6519
6519
6519
6519
6519
6519
6503
6503
6503
6503
6503
6503
6503
6503
6503
6503
6503
6503
6503
6519
6519
6520
6520
6520
6520
6520
6504
6504
6503
6503
6503
6503
6503
6503
6519
6519
6519
6519
6519
6519
6519
6519
6520
6519
6519
6519
6519
6519
6519
6519
6519
6519
6519
6519
6519
6519
6519
6519
6519
6519
6519
6519
6519
6519
6519
6519
6519
6519
6519
6519
6519
6519
6519
6519
6519
6519
6520
6519
6519
6519
6519
6520
6520
6520
6504
6504
6504
6504
6503
6503
6503
6503
6503
6403
6403
6403
6403
6404
6404
6403
6419
6519
6519
6519
6519
6519
6519
6519
6519
6519
6519
6519
6519
6468
6468
6468
6468
6452
6452
6503
6503
6503
6503
6503
6503
6503
6503
6503
6503
6503
6503
6503
6503
6503
6503
6503
6503
6504
6504
6504
6504
6503
6503
6503
6504
6504
6520
6520
6519
6519
6519
6519
6519
6519
6519
6519
6519
6519
6519
6519
6519
6519
6519
6519
6519
6519
6519
6519
6519
6519
6519
6519
6519
6519
6519
6519
6519
6519
6519
6519
6503
6503
6504
6504
6504
6504
6504
6504
6504
6504
6504
6504
6504
6503
6503
6503
6503
6503
6503
6503
6503
6503
6503
6503
6503
6503
6503
6503
6503
6503
6503
6503
6503
6503
6503
6403
6404
6404
6404
6404
6404
6404
6404
6404
6404
6404
6403
6403
6352
6352
6368
6368
6352
6403
6403
6419
6419
6419
6419
6419
6419
6419
6519
6519
6519
6519
6519
6519
6519
6519
6519
6519
6519
6519
6519
6519
6519
6519
6519
6468
6468
6468
6468
6468
6468
6468
6469
6469
6469
6469
6469
6469
6469
6469
6469
6469
6469
6468
6468
6468
6468
6468
6468
6468
6468
6468
6468
6469
6469
6469
6469
6469
6469
6469
6469
6469
6469
6469
6469
6469
6469
6469
6469
6469
6520
6520
6520
6520
6520
6520
6520
6520
6520
6520
6520
6520
6520
6520
6520
6520
6520
6520
6520
6520
6520
6520
6520
6520
6520
6520
6520
6520
6520
6520
6520
6520
6520
6520
6519
6519
6519
6519
6519
6519
6519
6519
6519
6519
6519
6519
6520
6520
6520
6520
6520
6520
6520
6520
6520
6520
6520
6520
6520
6520
6520
6520
6520
6520
6519
6519
6520
6520
6520
6520
6520
6520
6520
6504
6504
6504
6504
6504
6504
6504
6504
6504
6520
6520
6520
6520
6519
6519
6519
6519
6520
6520
6520
6520
6520
6520
6520
6520
6520
6520
6520
6520
6520
6520
6520
6520
6520
6520
6520
6520
6520
6520
6520
6520
6520
6520
6520
6520
6520
6520
6520
6520
6520
6520
6520
6520
6520
6520
6520
6520
6520
6519
6519
6519
6519
6519
6519
6519
6519
6519
6520
6520
6520
6520
6520
6520
6520
6520
6520
6520
6520
6520
6519
6519
6519
6519
6519
6519
6519
6519
6519
6519
6519
6519
6503
6503
6504
6504
6504
6504
6504
6504
6504
6504
6504
6504
6504
6504
6504
6520
6520
6520
6520
6520
6520
6520
6520
6520
6520
6520
6520
6520
6520
6520
6520
6520
6520
6520
6520
6520
6520
6520
6520
6520
6520
6520
6520
6520
6520
6520
6520
6519
6519
6519
6519
6519
6519
6519
6519
6503
6503
6403
6403
6403
6403
6404
6404
6404
6404
6404
6404
6404
6404
6404
6404
6404
6404
6404
6404
6404
6404
6504
6504
6504
6504
6504
6504
6504
6504
6504
6504
6504
6504
6504
6504
6504
6504
6504
6504
6504
6504
6504
6504
6504
6504
6504
6503
6519
6519
6519
6519
6519
6519
6519
6519
6519
6519
6519
6519
6519
6519
6519
6519
6519
6519
6519
6519
6519
6519
6469
6469
6469
6469
6469
6469
6469
6469
6469
6469
6469
6469
6469
6469
6469
6470
6470
6470
6470
6470
6470
6470
6469
6453
6453
6453
6453
6503
6503
6503
6503
6403
6404
6404
6404
6404
6404
6404
6404
6404
6404
6404
6404
6404
6404
6404
6404
6404
6404
6403
6403
6403
6403
6403
6503
6503
6503
6503
6503
6503
6503
6503
6503
6503
6519
6519
6519
6519
6519
6519
6519
6519
6519
6519
6519
6519
6519
6520
6520
6520
6519
6519
6519
6519
6519
6519
6519
6519
6519
6519
6519
6519
6519
6519
6519
6519
6519
6519
6519
6519
6519
6519
6519
6519
6519
6519
6519
6519
6519
6519
6519
6519
6520
6519
6519
6519
6519
6519
6519
6519
6519
6519
6519
6520
6519
6519
6519
6519
6519
6519
6519
6519
6519
6503
6503
6503
6503
6503
6503
6503
6503
6503
6503
6503
6503
6503
6503
6503
6503
6503
6503
6503
6403
6419
6419
6419
6419
6420
6420
6420
6420
6420
6420
6420
6520
6520
6520
6520
6520
6520
6520
6520
6519
6519
6503
6503
6503
6503
6503
6503
6503
6503
6503
6503
6503
6503
6503
6503
6503
6504
6504
6504
6520
6520
6504
6504
6504
6504
6504
6504
6504
6504
6504
6504
6504
6504
6503
6503
6503
6503
6503
6503
6519
6519
6519
6519
6519
6519
6519
6519
6520
6520
6520
6520
6520
6520
6520
6520
6520
6520
6520
6520
6520
6520
6520
6519
6519
6519
6519
6519
6519
6519
6519
6519
6519
6519
6519
6519
6519
6519
6520
6520
6520
6520
6520
6520
6520
6520
6520
6520
6520
6520
6520
6520
6520
6520
6520
6504
6504
6504
6504
6504
6504
6504
6504
6504
6504
6504
6504
6504
6504
6520
6520
6520
6520
6520
6520
6520
6520
6520
6519
6519
6519
6519
6519
6519
6519
6519
6519
6519
6519
6519
6519
6519
6519
6519
6519
6520
6519
6519
6519
6519
6519
6519
6519
6519
6519
6519
6519
6519
6519
6519
6519
6519
6519
6519
6519
6519
6519
6519
6519
6519
6519
6519
6520
6520
6520
6520
6520
6520
6520
6520
6520
6520
6520
6520
6520
6520
6520
6520
6520
6520
6520
6520
6520
6520
6519
6519
6519
6519
6519
6519
6519
6519
6519
6519
6519
6519
6519
6519
6519
6519
6519
6519
6519
6519
6519
6519
6519
6519
6519
6520
6520
6520
6520
6520
6520
6520
6520
6520
6520
6520
6520
6520
6520
6520
6520
6520
6504
6504
6504
6503
6503
6503
6503
6503
6503
6503
6504
6504
6504
6504
6504
6504
6504
6504
6504
6504
6504
6504
6504
6504
6504
6504
6504
6504
6520
6520
6520
6520
6519
6519
6520
6520
6520
6520
6520
6520
6520
6520
6520
6520
6520
6520
6520
6520
6520
6520
6520
6520
6520
6520
6520
6520
6519
6519
6519
6519
6519
6519
6519
6519
6519
6519
6519
6519
6519
6519
6519
6519
6520
6520
6520
6520
6520
6520
6520
6520
6520
6520
6520
6519
6519
6519
6519
6519
6519
6519
6519
6520
6520
6520
6520
6520
6520
6520
6520
6520
6520
6520
6520
6520
6520
6520
6520
6520
6520
6520
6520
6520
6520
6520
6520
6520
6520
6520
6520
6520
6520
6520
6520
6520
6520
6520
6520
6520
6520
6520
6520
6520
6520
6520
6520
6520
6520
6520
6520
6520
6520
6520
6520
6520
6504
6504
6504
6504
6504
6504
6504
6504
6504
6504
6504
6504
6504
6504
6504
6504
6504
6504
6504
6504
6504
6504
6504
6504
6503
6503
6503
6503
6503
6503
6503
6503
6503
6403
6403
6403
6403
6403
6419
6419
6419
6420
6420
6520
6520
6520
6520
6520
6520
6520
6520
6520
6520
6520
6520
6520
6520
6520
6520
6520
6520
6520
6520
6520
6520
6520
6520
6520
6520
6520
6520
6520
6520
6520
6520
6520
6520
6520
6520
6519
6519
6520
6520
6520
6520
6520
6519
6519
6519
6519
6519
6519
6519
6520
6520
6520
6520
6520
6520
6520
6520
6520
6520
6520
6520
6520
6520
6520
6520
6520
6520
6520
6520
6520
6520
6520
6520
6520
6520
6520
6520
6520
6520
6520
6520
6520
6520
6520
6519
6519
6519
6519
6519
6519
6519
6519
6519
6519
6519
6519
6503
6504
6504
6504
6504
6504
6504
6504
6504
6504
6503
6503
6503
6503
6519
6519
6519
6519
6519
6519
6519
6519
6519
6519
6519
6519
6519
6519
6519
6519
6519
6519
6519
6519
6519
6519
6519
6519
6519
6519
6519
6519
6519
6519
6519
6519
6519
6519
6520
6520
6520
6520
6520
6519
6519
6519
6519
6519
6519
6519
6519
6519
6519
6519
6519
6519
6519
6519
6519
6519
6519
6519
6519
6519
6519
6519
6519
6519
6519
6519
6519
6519
6519
6519
6520
6520
6520
6520
6520
6520
6520
6520
6520
6520
6520
6520
6520
6520
6520
6520
6520
6520
6520
6520
6519
6519
6519
6519
6519
6519
6519
6519
6519
6520
6520
6519
6519
6519
6519
6519
6519
6519
6519
6519
6519
6519
6519
6503
6403
6403
6403
6403
6403
6503
6503
6503
6503
6503
6503
6503
6503
6504
6504
6504
6504
6504
6504
6504
6504
6504
6504
6504
6504
6504
6504
6504
6504
6504
6504
6504
6520
6520
6520
6520
6520
6520
6520
6520
6520
6520
6520
6520
6520
6520
6520
6519
6519
6519
6519
6519
6519
6519
6520
6520
6520
6520
6520
6520
6520
6520
6520
6519
6519
6519
6519
6519
6519
6519
6519
6519
6519
6519
6519
6519
6519
6519
6519
6519
6519
6519
6519
6519
6519
6519
6519
6519
6519
6520
6520
6520
6520
6520
6520
6520
6520
6520
6520
6520
6520
6520
6519
6519
6519
6519
6519
6519
6519
6519
6519
6519
6519
6520
6520
6520
6520
6519
6519
6519
6519
6519
6519
6519
6519
6519
6519
6519
6519
6519
6519
6519
6519
6519
6519
6520
6520
6520
6520
6520
6520
6520
6520
6520
6520
6520
6520
6520
6520
6520
6520
6520
6519
6519
6519
6519
6519
6519
6519
6519
6519
6519
6519
6519
6519
6519
6519
6519
6519
6519
6519
6519
6519
6519
6519
6519
6519
6519
6519
6519
6519
6519
6519
6519
6519
6519
6519
6519
6519
6519
6519
6519
6519
6519
6519
6520
6520
6520
6519
6519
6519
6519
6519
6519
6519
6519
6519
6519
6520
6520
6520
6520
6520
6520
6519
6519
6519
6519
6519
6519
6519
6519
6519
6519
6519
6519
6519
6519
6519
6519
6519
6519
6519
6519
6519
6519
6519
6519
6519
6519
6519
6519
6519
6519
6519
6519
6520
6520
6520
6520
6520
6520
6520
6520
6520
6520
6520
6520
6520
6520
6520
6520
6520
6520
6520
6520
6520
6520
6520
6520
6520
6520
6520
6520
6520
6520
6520
6520
6520
6504
6504
6504
6504
6504
6504
6504
6520
6520
6520
6520
6520
6520
6520
6520
6520
6520
6520
6520
6520
6520
6520
6520
6520
6520
6520
6520
6520
6520
6520
6520
6520
6520
6520
6519
6519
6519
6519
6519
6519
6519
6519
6519
6519
6519
6520
6520
6519
6519
6519
6519
6519
6519
6519
6519
6519
6519
6519
6519
6519
6519
6519
6519
6519
6519
6520
6520
6519
6519
6519
6519
6503
6503
6503
6503
6503
6503
6519
6519
6519
6519
6519
6519
6519
6519
6519
6519
6519
6519
6519
6519
6519
6519
6519
6519
6519
6519
6519
6519
6519
6519
6519
6520
6520
6519
6519
6519
6519
6520
6520
6520
6520
6520
6520
6520
6520
6520
6520
6520
6520
6520
6520
6520
6520
6520
6520
6520
6520
6520
6520
6520
6520
6520
6520
6520
6520
6520
6520
6520
6520
6504
6504
6504
6504
6504
6504
6504
6504
6504
6504
6504
6504
6504
6504
6504
6504
6504
6504
6504
6504
6504
6504
6520
6520
6520
6520
6520
6519
6519
6519
6520
6520
6520
6519
6519
6519
6519
6519
6519
6519
6519
6519
6519
6519
6519
6519
6519
6519
6519
6519
6503
6503
6503
6503
6503
6519
6519
6519
6519
6519
6519
6519
6519
6519
6519
6519
6519
6519
6519
6519
6519
6519
6519
6519
6519
6519
6519
6519
6519
6519
6519
6519
6519
6519
6519
6519
6519
6519
6519
6519
6519
6519
6519
6519
6519
6519
6519
6519
6519
6519
6519
6519
6520
6520
6520
6520
6520
6520
6520
6520
6520
6520
6520
6520
6520
6520
6520
6520
6520
6520
6520
6520
6520
6520
6520
6520
6520
6520
6520
6520
6520
6520
6520
6520
6519
6519
6519
6519
6519
6519
6519
6519
6519
6519
6519
6519
6519
6519
6519
6519
6519
6519
6519
6519
6519
6519
6519
6519
6519
6520
6520
6520
6520
6520
6520
6520
6520
6519
6519
6519
6519
6519
6519
6519
6519
6519
6519
6519
6519
6519
6520
6520
6519
6519
6519
6519
6520
6520
6520
6519
6520
6520
6519
6519
6519
6519
6519
6519
6519
6519
6519
6519
6519
6519
6519
6519
6519
6519
6519
6519
6519
6519
6519
6519
6519
6519
6519
6519
6519
6519
6519
6519
6519
6519
6519
6519
6519
6519
6519
6519
6519
6520
6520
6520
6520
6520
6520
6520
6520
6520
6520
6520
6520
6520
6520
6520
6520
6520
6520
6520
6520
6520
6520
6520
6520
6520
6520
6520
6520
6520
6520
6520
6520
6520
6520
6520
6520
6520
6520
6520
6520
6520
6520
6520
6520
6520
6520
6520
6520
6520
6520
6520
6520
6520
6520
6520
6520
6520
6520
6520
6520
6520
6520
6520
6520
6520
6520
6520
6520
6520
6520
6520
6520
6520
6520
6520
6520
6520
6519
6519
6519
6519
6519
6519
6519
6519
6519
6519
6519
6519
6519
6519
6519
6519
6519
6519
6519
6519
6519
6519
6519
6519
6519
6519
6519
6519
6519
6520
6520
6520
6520
6520
6520
6520
6520
6520
6520
6520
6520
6520
6520
6520
6520
6520
6520
6520
6520
6520
6520
6520
6520
6520
6520
6520
6520
6520
6520
6520
6520
6520
6520
6520
6520
6520
6520
6520
6519
6519
6519
6519
6519
6519
6519
6519
6519
6519
6519
6519
6519
6520
6520
6520
6520
6520
6520
6520
6520
6520
6520
6520
6520
6520
6520
6520
6520
6520
6520
6519
6519
6519
6519
6519
6519
6519
6519
6519
6519
6519
6519
6519
6519
6519
6519
6519
6519
6519
6519
6520
6520
6519
6519
6520
6520
6520
6520
6520
6520
6520
6520
6520
6520
6520
6520
6520
6520
6520
6520
6520
6520
6520
6520
6520
6520
6520
6520
6520
6520
6520
6519
6519
6519
6519
6520
6520
6520
6520
6520
6520
6520
6520
6520
6519
6520
6520
6520
6520
6520
6519
6519
6519
6519
6519
6519
6519
6519
6519
6519
6519
6519
6519
6519
6519
6519
6519
6519
6519
6519
6519
6519
6519
6519
6519
6519
6519
6519
6519
6519
6519
6519
6519
6519
6519
6519
6519
6519
6519
6519
6519
6519
6519
6520
6520
6520
6520
6520
6520
6520
6520
6520
6520
6520
6520
6520
6520
6520
6520
6520
6520
6520
6520
6520
6520
6520
6520
6520
6520
6520
6520
6520
6520
6520
6520
6520
6520
6520
6520
6520
6519
6519
6519
6519
6519
6519
6519
6519
6519
6519
6519
6519
6519
6519
6519
6519
6519
6519
6519
6519
6519
6519
6519
6519
6519
6519
6519
6519
6519
6519
6519
6519
6519
6519
6519
6519
6520
6520
6520
6520
6520
6520
6520
6520
6520
6519
6519
6519
6519
6519
6519
6519
6519
6519
6519
6519
6519
6519
6519
6519
6519
6519
6519
6519
6520
6520
6520
6520
6520
6520
6520
6520
6520
6520
6520
6520
6520
6520
6520
6520
6520
6520
6520
6520
6520
6519
6520
6520
6520
6520
6520
6520
6520
6520
6519
6519
6519
6520
6520
6520
6520
6520
6520
6520
6520
6519
6519
6519
6519
6519
6519
6519
6519
6519
6519
6519
6520
6520
6520
6520
6520
6520
6520
6520
6520
6520
6520
6520
6520
6520
6520
6520
6520
6520
6520
6520
6520
6520
6520
6520
6520
6520
6520
6520
6520
6520
6520
6520
6520
6520
6520
6519
6519
6519
6519
6520
6520
6520
6520
6520
6520
6520
6520
6520
6520
6520
6520
6520
6520
6520
6520
6520
6520
6520
6520
6520
6520
6520
6520
6520
6520
6520
6520
6520
6520
6520
6520
6520
6520
6520
6520
6520
6520
6520
6520
6520
6520
6520
6520
6520
6520
6520
6520
6519
6519
6519
6519
6519
6519
6519
6519
6519
6519
6519
6519
6519
6519
6519
6519
6519
6520
6520
6520
6520
6519
6519
6519
6519
6519
6519
6519
6519
6519
6519
6519
6519
6520
6520
6520
6520
6520
6520
6520
6520
6520
6520
6520
6520
6520
6520
6520
6520
6520
6520
6520
6520
6520
6520
6519
6519
6520
6520
6520
6520
6520
6520
6520
6520
6520
6520
6520
6520
6520
6520
6520
6520
6520
6520
6520
6520
6520
6520
6520
6520
6520
6520
6520
6520
6520
6520
6520
6520
6520
6520
6520
6520
6520
6520
6520
6520
6520
6520
6520
6520
6520
6520
6520
6520
6520
6520
6520
6520
6520
6520
6520
6520
6520
6520
6520
6520
6520
6520
6520
6520
6520
6520
6520
6520
6520
6520
6520
6520
6519
6519
6519
6519
6519
6519
6519
6519
6519
6519
6519
6519
6519
6519
6519
6519
6519
6519
6519
6519
6519
6519
6519
6519
6519
6519
6519
6519
6519
6519
6519
6519
6519
6519
6519
6519
6519
6519
6519
6519
6520
6520
6520
6520
6520
6520
6520
6520
6520
6520
6520
6520
6520
6520
6520
6520
6520
6520
6520
6520
6520
6520
6520
6520
6520
6520
6520
6520
6520
6520
6520
6520
6520
6520
6520
6520
6520
6520
6520
6520
6520
6520
6520
6520
6520
6520
6520
6520
6520
6520
6520
6520
6520
6520
6520
6520
6520
6520
6520
6520
6520
6520
6520
6520
6520
6520
6520
6520
6520
6520
6520
6520
6520
6520
6520
6520
6520
6520
6520
6520
6520
6520
6520
6520
6520
6519
6519
6519
6519
6519
6519
6519
6519
6519
6519
6519
6519
6519
6519
6519
6519
6519
6519
6519
6519
6519
6519
6520
6520
6520
6520
6520
6520
6520
6520
6520
6520
6520
6520
6520
6520
6520
6520
6520
6520
6520
6520
6520
6520
6520
6520
6520
6520
6520
6519
6519
6519
6519
6519
6520
6519
6519
6519
6519
6519
6519
6519
6519
6519
6519
6519
6519
6519
6519
6519
6519
6519
6519
6519
6519
6519
6519
6519
6519
6519
6519
6519
6519
6519
6519
6519
6519
6519
6519
6519
6519
6519
6519
6519
6520
6520
6520
6520
6520
6520
6520
6520
6520
6520
6520
6520
6520
6520
6520
6520
6520
6520
6520
6520
6520
6520
6520
6520
6520
6520
6520
6520
6520
6520
6520
6520
6520
6520
6520
6520
6520
6520
6520
6519
6519
6519
6519
6519
6519
6519
6519
6519
6519
6519
6519
6519
6519
6519
6519
6519
6519
6519
6519
6520
6520
6520
6520
6520
6520
6520
6519
6520
6520
6520
6520
6520
6520
6520
6520
6520
6520
6520
6520
6520
6520
6520
6520
6520
6520
6520
6520
6520
6520
6520
6520
6520
6520
6520
6520
6520
6520
6520
6520
6520
6520
6520
6520
6520
6520
6520
6520
6520
6520
6520
6520
6520
6520
6520
6520
6520
6520
6520
6520
6520
6520
6520
6520
6520
6520
6520
6520
6520
6520
6520
6520
6520
6520
6520
6520
6520
6520
6520
6520
6520
6520
6520
6520
6520
6520
6520
6520
6520
6520
6520
6520
6520
6520
6520
6520
6520
6520
6520
6520
6520
6520
6520
6520
6520
6520
6520
6520
6519
6519
6519
6520
6520
6520
6520
6520
6520
6520
6520
6520
6520
6520
6520
6520
6520
6520
6520
6520
6520
6520
6520
6520
6520
6520
6519
6519
6519
6519
6519
6519
6519
6519
6519
6519
6519
6519
6519
6519
6519
6519
6519
6519
6519
6519
6519
6519
6519
6519
6519
6520
6520
6520
6520
6520
6520
6520
6520
6520
6520
6520
6520
6520
6520
6520
6520
6520
6520
6520
6520
6519
6519
6520
6520
6520
6520
6520
6520
6520
6520
6520
6520
6520
6520
6520
6520
6520
6520
6519
6519
6519
6519
6519
6519
6519
6519
6519
6519
6519
6519
6519
6519
6520
6519
6519
6519
6519
6519
6519
6519
6519
6519
6519
6519
6520
6520
6520
6520
6520
6520
6520
6520
6520
6520
6520
6520
6520
6520
6520
6520
6520
6520
6520
6520
6520
6520
6520
6520
6520
6520
6520
6520
6520
6520
6520
6519
6519
6519
6519
6519
6519
6519
6519
6519
6520
6520
6520
6520
6520
6520
6520
6520
6520
6520
6520
6520
6520
6520
6520
6520
6520
6520
6520
6520
6520
6520
6520
6520
6520
6520
6520
6520
6520
6520
6520
6520
6520
6520
6520
6520
6520
6520
6520
6520
6520
6520
6520
6520
6520
6520
6520
6520
6520
6520
6520
6520
6520
6520
6520
6520
6520
6520
6520
6520
6520
6520
6520
6520
6520
6520
6520
6520
6520
6520
6520
6520
6520
6520
6520
6520
6520
6520
6520
6520
6520
6520
6520
6520
6520
6520
6520
6520
6520
6520
6520
6520
6520
6520
6520
6520
6520
6520
6520
6520
6520
6520
6520
6520
6520
6520
6519
6519
6519
6519
6519
6520
6520
6520
6520
6520
6520
6520
6520
6520
6520
6520
6520
6520
6520
6520
6520
6520
6520
6520
6520
6520
6520
6520
6520
6520
6520
6520
6520
6520
6520
6520
6520
6520
6520
6520
6520
6520
6520
6520
6520
6520
6520
6520
6520
6520
6520
6520
6520
6520
6520
6520
6520
6520
6520
6520
6520
6520
6520
6520
6520
6520
6520
6520
6520
6520
6520
6520
6520
6520
6520
6520
6520
6520
6520
6520
6520
6520
6520
6520
6520
6520
6520
6520
6520
6520
6520
6520
6520
6520
6520
6520
6520
6520
6520
6520
6520
6520
6520
6520
6520
6520
6520
6520
6520
6520
6520
6520
6520
6520
6520
6520
6520
6520
6520
6520
6520
6520
6520
6520
6520
6520
6520
6520
6520
6520
6520
6520
6520
6520
6520
6520
6520
6520
6520
6520
6520
6520
6520
6520
6520
6520
6520
6520
6520
6520
6520
6520
6520
6519
6519
6519
6519
6519
6519
6519
6519
6519
6519
6519
6519
6519
6519
6519
6519
6519
6519
6519
6519
6519
6519
6519
6519
6519
6519
6520
6520
6520
6520
6520
6520
6520
6520
6520
6520
6520
6520
6520
6520
6520
6520
6520
6520
6520
6520
6520
6520
6520
6520
6520
6520
6520
6520
6520
6520
6520
6520
6520
6520
6520
6520
6520
6520
6520
6520
6520
6520
6520
6520
6520
6520
6520
6520
6520
6520
6520
6520
6520
6520
6520
6520
6520
6520
6520
6520
6520
6520
6520
6519
6519
6519
6519
6519
6519
6519
6519
6519
6519
6519
6519
6519
6519
6519
6519
6519
6519
6519
6519
6519
6519
6519
6519
6519
6519
6519
6519
6519
6519
6519
6519
6519
6519
6519
6519
6519
6519
6519
6519
6519
6519
6519
6519
6519
6519
6519
6519
6519
6519
6520
6520
6520
6520
6520
6520
6520
6520
6520
6520
6520
6520
6520
6520
6520
6520
6520
6520
6520
6520
6520
6520
6520
6520
6520
6520
6520
6520
6520
6520
6520
6520
6520
6520
6520
6520
6520
6520
6520
6520
6520
6520
6520
6520
6520
6520
6520
6520
6520
6520
6520
6520
6520
6520
6520
6520
6520
6520
6520
6520
6520
6520
6520
6520
6520
6520
6520
6520
6519
6519
6519
6519
6519
6519
6520
6520
6520
6520
6520
6520
6520
6520
6520
6520
6520
6520
6520
6520
6520
6520
6519
6519
6519
6519
6519
6519
6519
6519
6519
6519
6519
6519
6519
6519
6519
6519
6519
6519
6520
6520
6520
6520
6520
6520
6520
6520
6520
6520
6520
6520
6520
6520
6520
6520
6520
6520
6519
6519
6519
6519
6519
6519
6520
6520
6520
6520
6519
6519
6519
6519
6519
6519
6519
6519
6519
6519
6519
6519
6520
6520
6520
6520
6520
6520
6520
6520
6520
6520
6520
6520
6520
6520
6520
6520
6520
6520
6520
6520
6520
6520
6520
6520
6520
6520
6520
6520
6520
6520
6520
6520
6520
6520
6520
6520
6520
6520
6520
6520
6520
6520
6520
6520
6520
6520
6520
6520
6520
6520
6520
6519
6519
6519
6520
6520
6520
6520
6520
6520
6520
6520
6520
6520
6520
6520
6520
6520
6520
6520
6520
6520
6519
6519
6519
6519
6519
6519
6519
6519
6519
6519
6519
6519
6519
6520
6520
6520
6520
6520
6520
6520
6520
6520
6520
6520
6520
6520
6520
6520
6520
6520
6520
6520
6520
6520
6520
6520
6520
6520
6520
6520
6520
6520
6520
6520
6520
6520
6519
6519
6519
6519
6519
6519
6519
6519
6519
6519
6520
6520
6520
6520
6520
6520
6520
6520
6520
6520
6520
6520
6520
6520
6520
6520
6520
6520
6520
6520
6520
6520
6520
6520
6520
6520
6520
6520
6520
6520
6520
6520
6520
6520
6520
6520
6520
6520
6520
6520
6520
6520
6520
6520
6520
6520
6520
6520
6520
6520
6520
6520
6520
6520
6520
6520
6520
6520
6520
6520
6520
6520
6520
6520
6520
6520
6520
6520
6520
6520
6520
6520
6520
6520
6520
6520
6520
6520
6520
6520
6520
6520
6520
6520
6520
6519
6519
6519
6519
6519
6519
6519
6519
6519
6519
6519
6519
6519
6519
6519
6519
6519
6519
6519
6519
6519
6519
6519
6519
6519
6519
6519
6519
6519
6519
6519
6519
6519
6519
6519
6519
6519
6519
6519
6519
6519
6519
6519
6519
6520
6520
6520
6520
6520
6520
6520
6520
6520
6520
6520
6520
6520
6520
6520
6520
6520
6520
6520
6520
6520
6520
6519
6519
6519
6519
6519
6519
6519
6519
6519
6519
6519
6519
6519
6519
6519
6519
6519
6519
6520
6520
6520
6520
6520
6520
6520
6520
6520
6520
6520
6519
6519
6519
6519
6519
6519
6519
6519
6519
6519
6519
6519
6519
6520
6520
6520
6520
6520
6520
6520
6520
6520
6520
6520
6520
6520
6520
6520
6520
6520
6520
6520
6520
6520
6520
6520
6520
6520
6520
6520
6520
6520
6520
6520
6520
6520
6520
6520
6520
6520
6520
6520
6520
6520
6520
6520
6520
6520
6520
6520
6520
6520
6520
6520
6520
6520
6520
6520
6520
6520
6520
6520
6520
6520
6520
6520
6520
6520
6520
6520
6520
6520
6520
6520
6520
6520
6520
6520
6520
6520
6520
6520
6520
6520
6520
6520
6520
6520
6520
6520
6520
6520
6520
6520
6520
6520
6520
6520
6520
6520
6520
6520
6520
6520
6520
6520
6520
6520
6520
6520
6520
6520
6520
6520
6520
6520
6520
6520
6520
6520
6520
6520
6520
6520
6520
6520
6520
6520
6520
6520
6520
6520
6520
6520
6520
6520
6520
6520
6520
6520
6520
6520
6520
6520
6520
6520
6520
6520
6520
6520
6520
6520
6520
6520
6520
6520
6520
6520
6520
6520
6520
6519
6519
6519
6519
6519
6519
6519
6519
6519
6519
6519
6519
6519
6519
6519
6519
6519
6519
6519
6519
6519
6519
6520
6520
6520
6520
6520
6520
6520
6520
6520
6520
6520
6520
6520
6520
6520
6520
6520
6520
6520
6520
6520
6520
6520
6520
6520
6520
6520
6520
6520
6520
6520
6520
6520
6520
6520
6520
6520
6520
6520
6520
6520
6520
6520
6520
6520
6520
6520
6520
6520
6520
6520
6520
6520
6520
6520
6520
6520
6520
6520
6520
6520
6520
6520
6520
6520
6520
6520
6520
6520
6520
6520
6520
6520
6520
6520
6520
6520
6520
6520
6520
6520
6520
6520
6520
6520
6520
6520
6520
6520
6520
6520
6520
6520
6520
6520
6520
6520
6520
6520
6520
6520
6520
6520
6520
6520
6520
6520
6520
6520
6519
6519
6519
6519
6519
6519
6519
6519
6519
6520
6520
6520
6520
6520
6520
6520
6520
6520
6520
6520
6520
6519
6519
6519
6519
6519
6519
6519
6519
6519
6519
6519
6519
6519
6519
6519
6519
6519
6519
6519
6519
6519
6519
6519
6519
6519
6519
6519
6519
6520
6520
6520
6520
6520
6520
6520
6520
6520
6520
6520
6520
6520
6520
6520
6520
6520
6520
6520
6520
6520
6520
6520
6520
6520
6520
6520
6520
6520
6520
6520
6520
6520
6520
6520
6520
6520
6520
6520
