2053
2080
1538
1918
2163
2168
2267
2315
2310
2554
2852
2853
2694
3032
2933
3330
2894
2649
2654
2899
3010
3169
3121
3557
4099
3988
3586
3685
3658
3559
3559
3314
3425
3749
4151
3609
4236
4237
4336
4012
3714
3376
3403
3001
2890
2885
2641
2614
2614
2455
2482
2726
2837
3379
3717
3876
3875
3631
3631
3004
3328
3572
3413
3461
3413
3815
3815
3704
3704
3605
3605
3764
3426
3399
3240
2916
2943
3241
3486
3089
3090
2792
3116
2714
2469
2089
2137
2475
2039
2039
2198
2634
3261
2937
2778
3023
2481
2779
2343
1829
2231
2204
2718
3260
3015
3020
3344
3100
3536
2994
2558
2669
2558
2585
2558
2558
1931
2328
2487
2867
2708
2660
2362
2389
1987
2614
2613
3049
3022
3049
3451
3424
3086
3245
3293
3404
2968
2566
2169
2507
2751
2746
2845
2797
2686
2348
2593
2931
3042
3069
3068
3073
2735
3277
3118
3019
3178
2854
2855
3291
3292
3292
3291
3589
3986
3741
3497
3061
2950
3049
3049
3022
3360
3361
2819
2930
2930
2819
2846
3282
3282
2846
2846
2332
2331
2845
2846
2548
2984
3229
3229
3340
2713
3011
3255
3250
3574
3574
3547
3949
3850
3850
4477
4097
3799
3804
3407
3162
3704
3190
3079
3074
2915
2914
3025
3025
2701
2702
2458
2972
2861
2861
3185
3296
3540
3545
3925
3298
3596
3258
2822
2822
2870
3115
3742
3737
3737
4173
4272
4028
3514
3758
3917
3290
3917
3944
3508
2966
2722
2721
2722
2727
3065
3065
3065
3060
2680
2679
3221
2819
2818
2707
2680
2680
2356
2356
2357
2468
2473
2425
2939
2939
3375
3264
2637
3017
2719
2177
1741
1742
1497
1524
1572
1524
1822
1484
1822
1870
1532
1532
1968
1454
1699
2241
2755
2755
2656
2655
2496
2820
2931
3269
3268
3269
3269
3666
3269
3368
3320
3564
3564
3565
3454
3209
3836
4238
4238
3994
3994
4238
4237
3801
3463
2949
3287
2989
3037
3335
3236
2834
2454
2454
2454
2454
2699
2699
2401
2560
1933
2447
2446
2848
2800
2800
3098
2939
2537
2973
3370
2856
3483
3594
3052
2425
2398
2001
2628
2623
2623
2285
1961
1988
2312
2014
2411
2166
1922
1970
1646
1651
1624
1513
1513
1851
2231
2231
2476
2477
2636
2588
2587
2989
3100
3199
2954
2955
2950
2851
2850
2898
2518
2545
2790
3332
3332
3576
3577
4091
4389
3875
3974
3676
3240
3620
3461
3975
3730
3188
3077
2680
3077
2697
2942
2698
2942
2843
3385
3821
4201
4153
4312
4411
4459
4432
4333
4338
4338
3941
4052
4151
4152
4179
4576
4575
4899
4654
4899
4561
4561
4047
4020
4015
4020
3623
3624
3624
3962
3962
3526
2899
2898
3412
3168
2788
2543
2787
2782
2783
3081
2837
2837
2864
3300
3252
2738
3365
3745
3745
4142
4386
3759
3357
3602
3358
3357
3405
3294
3293
3294
3049
3054
3055
3569
3172
3574
3276
3520
3520
3421
4048
4293
4293
3955
3950
3705
3710
3705
3303
3705
3804
3809
3485
3485
3437
3338
3338
3676
4073
4073
4121
4232
4205
4157
4256
3859
3700
3589
3588
3747
3774
3822
3933
3306
3147
3774
3726
4050
4023
4024
4072
3558
3016
3261
3260
3260
3259
3148
3143
3143
3143
2763
2136
1892
1844
1849
2476
2471
2147
2195
2354
2355
2110
2137
2248
2249
2573
2525
1898
1496
1496
1495
1468
1469
1866
1914
1866
1871
1866
2493
2737
2764
2605
3147
2903
2903
2876
2876
2777
2150
2552
2600
2489
2087
2246
1922
2033
2357
2362
2764
2791
3035
3034
2492
2333
2306
1870
1870
1969
2214
2650
2809
3436
3191
3218
3732
3732
4274
3838
3790
3631
3632
3294
3293
3194
3492
3248
3248
3248
3347
2950
3386
3724
3386
3359
2957
2858
2858
2859
3239
3483
3483
3047
2505
2504
2749
2425
2452
2154
2696
2696
2855
2850
2898
2739
2691
2177
1932
1821
2159
2457
2213
2312
2423
2747
2991
2991
2991
3505
3504
3393
3149
3260
3696
3585
3287
2963
2964
3208
3256
3012
3310
2972
3131
3131
3533
3532
3929
4174
4179
3743
3346
2944
2646
2104
2099
2343
2344
1964
1450
1774
1885
1885
1885
1837
1837
2379
2677
2566
2571
2973
2972
2972
2972
3369
3071
3451
3789
3762
3763
3664
3659
3660
3708
3819
3422
3422
3858
3478
3076
3075
2916
2592
2972
3131
3645
3131
3230
3229
2687
2688
2715
3013
3410
3013
3527
3479
3881
3782
3671
3770
3770
3818
3770
3769
4166
3922
3624
3629
3873
3476
3476
3096
3207
3207
3207
3531
3420
3468
3369
3766
3766
3767
3866
4164
3650
3326
3299
3298
3325
3081
3082
2646
2641
2885
3427
3129
2884
2885
2885
3183
2556
2556
2508
2508
3022
3022
2625
3022
2620
2668
3295
3406
3786
3542
3542
3978
3978
3951
3978
3978
3879
3443
3443
3448
2821
2662
2657
2902
2388
2388
1991
1611
1500
1473
1472
1472
1874
2310
2337
2581
2179
2806
3203
3302
3302
3704
4084
4243
4567
4566
4024
4025
3628
3001
2565
2564
3191
3164
2762
2714
3228
3229
3626
3626
3382
3002
3050
3077
3077
3619
3863
3815
3571
2944
3324
3297
3297
3324
2944
2949
2922
2584
2986
2472
2908
2956
2711
2822
2420
2822
2386
2338
2852
2852
2741
2736
2637
2339
2339
1942
1941
1539
1638
1665
2062
2306
2307
2307
2355
1813
1813
1812
1923
1812
2192
2437
2735
3137
2735
3073
2693
3073
2828
2801
3428
3673
3673
3673
3046
3046
3047
3047
3074
3074
3476
3587
3587
3560
3560
4102
4054
4059
4686
4144
4171
4012
4012
3768
3141
3141
3042
2718
2718
2713
2316
2205
2747
2846
2847
2748
3072
3469
3131
3131
3130
2806
2807
2509
2107
2266
2266
2239
2563
2562
2806
2805
2853
2853
2853
3289
3289
3691
3532
3018
3018
3356
3654
3765
3427
3025
2628
2655
2357
2357
1977
2604
2604
2604
2902
3240
3192
3706
3711
3759
3759
3760
3733
3734
3729
3618
3645
3103
3505
3504
3509
3482
3477
3857
3857
3477
3075
3080
3482
4024
4025
4025
3623
3623
3623
3623
3379
3378
3330
3732
3394
3149
3149
3149
3149
3394
2958
3202
3599
3085
2787
2543
2591
2591
2889
2916
2916
3015
3451
3451
3451
3831
3732
3296
3296
3810
3783
3386
3141
3386
3385
3386
2844
2844
2955
2955
3114
2734
2332
2734
2729
2730
2485
2823
3067
2769
2525
2414
2658
2256
2097
2097
2097
2097
2342
2640
3182
2938
3097
2555
2257
2799
2898
2271
2172
2172
2271
2707
2707
2707
2734
2707
3005
2760
2787
2628
2873
3253
3226
3337
3342
3969
4371
3991
3880
3635
3008
2572
2572
2952
3388
3289
3388
3388
3008
3253
3880
3880
4260
4259
4260
4419
4419
4371
3935
3934
4370
3934
3934
3934
3775
3676
3835
3830
3831
3830
3316
3321
3316
3316
3343
2963
3399
3796
3169
3169
3169
3280
3285
3665
3909
3909
3585
3188
2890
3404
3377
3774
3372
3372
3399
3394
3150
2905
3229
3277
2939
2939
3183
3184
3482
3482
3482
3820
3819
3824
3823
4450
4450
4450
4450
4112
3953
3517
3676
3677
4079
4324
4323
4078
3698
3699
3699
3694
4074
3915
3914
3915
3401
3077
3176
3500
3500
3103
3500
3500
2958
2714
2873
2878
2830
2671
2830
3372
3371
3371
3344
3344
3858
4103
3589
4103
3992
4103
4103
4103
3992
4428
4130
4130
4130
3806
4104
3724
3724
3479
3803
3798
3401
3512
3892
3490
3495
3739
4141
4538
4565
4565
4566
4566
4811
4811
4652
4216
4216
4264
3867
3353
3254
3253
3009
3010
3524
3524
3523
3920
3920
3293
3729
3431
3432
3432
3433
3532
3532
4159
3835
3736
3334
3333
2936
2422
2936
2825
3163
3163
3162
3162
3162
2535
2932
2905
3203
3314
3413
3815
4139
3815
3767
3429
3429
3430
3429
3430
3478
3722
3722
3180
2936
3274
3274
3163
3164
3408
3408
3164
2826
2826
2424
2423
2423
2422
2374
2374
2076
2077
2076
2071
2613
2614
2515
2515
2515
2520
2679
2727
2347
2974
3298
3298
3700
3998
3998
3456
3456
3054
2618
2618
2619
2321
2316
2560
2560
2996
2482
2581
2879
2879
2990
2990
3017
2918
2923
2679
2679
2923
3465
3465
3465
3460
3349
3349
3348
3348
2912
2370
2750
2849
2850
3286
3286
3285
3799
3555
3893
3893
3893
3845
3818
4220
4762
5006
5054
5054
5054
5054
4618
4373
4373
3859
4373
4274
4274
4279
3955
4279
4306
4305
4741
4582
4741
4199
3819
3383
3628
3628
3727
3628
3629
3629
3305
2903
2902
2903
2903
3227
3227
3769
3721
3324
2810
2811
3191
3190
3190
3190
2892
2865
2860
3158
3555
3555
3555
3013
3415
3442
3541
3203
3203
3203
3044
3044
3480
3480
3480
3479
3452
3353
3354
3868
4027
4126
4174
4075
4075
4075
4075
3777
3777
3777
3778
3777
3729
3734
3734
4276
4614
4609
4614
4614
4614
4613
4724
4719
4719
4474
4077
4078
4177
4178
4178
3798
3846
4144
4033
4038
3879
4276
3734
3734
3761
3761
4141
4683
4247
4003
4003
4439
4115
4115
3718
3877
4122
4023
3975
4074
3672
3996
4398
4446
4557
4233
4228
4228
4228
4228
4227
4227
4471
3929
3934
3835
3787
3788
3887
3887
3882
3723
4265
4021
4021
4020
3506
3505
3505
3505
3902
3902
4416
4416
4389
4051
4099
3585
3923
3923
3924
3522
3549
3951
3950
3950
4464
4464
4067
3729
3729
3484
3729
3729
3888
4212
3967
3643
3643
3241
3241
3638
3882
4220
4172
4172
4013
3986
3986
4231
4390
4279
4279
4279
4284
4284
4284
4125
4527
4147
4258
4014
4014
4258
3744
4258
4638
4638
4638
4202
4202
4202
4250
3736
3731
3334
3731
3487
3514
3950
3950
4109
4109
4109
4109
3998
3660
3033
2985
2985
2985
2985
2886
2886
2588
2912
2912
3011
3059
3357
3358
2956
3294
3049
3049
3294
3299
3410
3410
3072
2913
2913
2886
2838
2838
2838
3176
3177
3579
3579
3468
3130
3374
3374
3422
3422
4049
4049
3669
3371
2974
3371
3398
3393
2957
2909
3345
3101
3074
3122
3122
2686
2930
3268
3267
3267
3267
3168
3168
2766
2442
2822
2823
3121
3557
3557
3557
3716
3418
3445
3959
3959
3579
3579
3877
4257
4012
3985
3984
3985
3605
3850
3552
3876
3632
3876
3632
3632
4034
3407
3705
3460
3058
3460
3301
3301
3412
3301
3412
3411
3073
3073
3453
3697
3649
3894
3596
3755
3755
4382
4382
4382
3946
4284
4284
4284
4125
3880
3979
4006
4442
4441
4441
4600
4573
4578
4579
4579
4877
5122
5170
4832
4318
4317
3690
3579
3580
3421
3421
4048
4048
4048
4048
4048
3804
3831
4075
4075
4075
3830
3782
3781
3682
3683
3683
3682
3683
3683
4021
4021
4180
4180
4180
4180
4180
4180
4181
4292
4291
4291
4292
4292
4292
4292
4048
4048
4047
3936
3936
3777
3777
3825
4339
4312
4311
4555
4257
4257
4356
4357
4655
4655
4655
4317
4318
4318
4317
4562
4562
4557
4557
4716
5054
4618
4320
4321
4320
4756
4756
4376
4052
4052
4052
4057
3958
3958
4057
4057
4084
4464
4464
4028
4001
4001
4299
4054
4081
4076
4076
3917
3520
3472
3869
3869
3770
3770
3869
3869
3870
3869
3531
3967
3968
3968
3968
4292
4292
4630
4630
4630
4250
3736
3735
3735
3735
3735
3437
3596
3596
3894
3492
4006
3379
3384
3384
3384
3383
3384
3384
4011
4011
3384
3764
3737
3785
3785
3785
4412
4657
4115
4517
5059
5060
4663
4662
4662
4563
4563
4564
4320
4320
4320
4717
4669
4669
4289
4316
4316
4696
4669
4669
4289
4400
4400
4780
4807
4802
4802
4901
4901
4901
4742
4742
4362
4362
4362
4362
4361
4520
4520
4123
4123
4123
4367
4256
4255
4303
4276
4673
4574
4574
4574
4575
4575
4416
4092
3754
3754
3865
4189
4189
4189
3944
3944
4043
4202
4103
4483
4483
4483
4582
4483
4488
4108
4108
4108
4108
4108
4108
4353
4733
4733
4733
4336
4336
3956
4294
4294
4183
3939
3641
4021
3862
3973
3862
3862
3973
3973
4271
4271
3933
3688
3683
3928
4266
4293
4690
4695
4690
4690
4690
4288
4293
4266
4293
4266
4266
4266
4510
4399
4400
4802
4829
4802
4366
4525
4525
4525
4525
4525
4280
3900
3899
3898
4009
4009
4009
4036
4416
4417
4093
4093
4093
4093
4093
4093
4093
4088
4088
4088
4333
4333
4035
4035
4035
4333
4222
4321
4321
4222
4063
4162
4162
4163
3783
3445
3604
3984
3983
3988
4326
3988
3988
3591
3591
3591
3591
3049
3373
3372
3769
3880
3881
3882
3723
4159
4159
4159
4159
4132
4033
3636
3636
4033
4575
4575
4674
4674
4626
4626
4625
4526
4526
4526
4415
4035
4083
4182
4182
4182
4182
3785
3784
3540
3541
3442
3686
3686
3686
3681
3681
3681
3681
3780
4160
3646
3646
3402
3402
3402
3402
3799
3800
3799
3800
3800
4314
4266
4167
4166
4410
4411
4113
4451
4451
4749
4313
4472
4477
4525
4525
4525
4524
4279
4278
3980
4278
4278
4279
4279
4279
4306
4742
4742
4841
4841
4841
4841
4793
4793
4455
4058
4106
4106
4106
4503
4503
4503
4498
4497
4497
4497
4497
4173
4173
4173
3771
3723
3624
3624
3624
3869
3870
3969
3969
4307
4280
4280
4682
4682
4523
4523
4121
4121
4280
4285
4285
3888
3889
3889
4286
4286
4286
3906
3905
3932
3932
4312
4285
4687
4686
4687
4687
4687
4687
4442
4442
4343
4370
4694
4694
4694
4939
4695
4536
4198
4199
3763
4101
4101
4149
4148
4148
3850
3961
3960
3558
3553
3553
3526
3928
4027
4027
3979
4277
4277
4277
4436
4872
4872
4872
4761
4437
4464
4465
4366
4610
4709
4709
4708
4708
4713
4469
4469
4171
4469
4469
4464
4465
4167
3731
3731
3732
4056
3654
3654
3898
3871
3871
3871
3870
3870
3870
3870
3870
3918
3918
3521
3521
3521
3819
3771
3776
3776
3452
3849
4173
3793
3904
3904
4306
4306
4354
4790
4817
5197
5197
5197
5197
5197
5197
4952
4952
4555
4528
4480
4877
4778
4877
4877
4877
4718
4718
4718
4745
4904
4904
4606
4851
4851
4899
4851
4851
4846
4846
4846
4846
4522
4522
4846
4846
4601
4357
4357
4258
4147
4195
4195
4195
4195
4200
4200
4200
4299
4410
4410
4383
4410
4410
4410
4410
4251
4152
4151
4152
4153
3829
3829
3802
3801
3690
3934
3929
3929
3929
3929
3929
3929
3930
3930
3930
3882
3882
3887
4211
4211
4509
4509
4508
4508
4264
4265
4265
4265
4264
4264
4264
4423
4264
4263
4264
3862
3961
3956
3329
3488
3599
3626
3674
4301
4301
4306
4708
4597
4597
4842
4842
4406
4406
4406
4406
4406
4406
4068
4063
4063
4499
4610
4610
4610
4562
4562
4806
4805
4806
4806
4806
4695
4695
4695
4695
4536
4537
4537
4696
4807
4648
4648
4648
4621
4621
4648
4648
4648
4648
4647
4646
4646
4646
4401
4401
4401
4103
4103
4441
4441
4446
4446
4446
4446
4446
4347
4342
4441
4441
4441
4441
4441
4442
4490
4490
4490
4490
4489
4378
4379
4135
4036
3988
3988
3650
3650
3650
3649
3649
3649
3893
4004
4004
4004
4004
4163
4164
4164
4409
4409
4409
4409
4382
4382
4430
4728
4728
4728
4728
4755
4755
4728
4728
4728
4728
4733
4733
4760
4733
4733
5071
5066
5065
5065
4821
4821
4920
4920
4675
4675
4337
4342
4342
4680
4680
4521
4766
4925
4925
4826
4853
4853
4854
4855
4828
4828
4717
4717
4744
4744
4308
3906
3901
3901
4303
4547
4499
4610
4609
4582
4582
4471
4227
4326
4326
4081
4081
4086
4086
4330
4330
4357
4358
4358
4469
4517
4517
4953
4953
4926
4926
4926
4588
4588
4588
4588
4587
4587
4587
4925
4877
4904
4904
4793
4549
4549
4550
4545
4790
5034
5034
5039
5039
5039
4880
4880
4880
4880
4253
4252
4253
4880
5039
5039
5087
5087
4842
4842
4842
4842
4841
4836
4836
4456
4456
4701
4706
4706
4706
4679
4679
4679
4678
4705
4706
4707
4707
5087
5087
5087
4928
4928
4928
4683
4683
4683
4682
4682
4841
4439
4412
4412
4814
4814
4814
4814
4814
4814
4815
4815
4815
4815
4810
5055
5166
5166
5193
5193
5193
5193
5193
5193
5193
5193
5193
5192
5192
4756
4757
4757
4757
4757
4757
4757
4756
4756
4729
4431
4436
4436
4436
4872
4867
4867
4868
4868
4757
4757
4709
4709
4709
4709
4709
4709
4709
4709
4709
4708
4708
5006
4907
4907
4906
4907
4908
4908
4908
4908
4908
4907
4908
4610
4609
4720
4720
4720
4720
4720
4720
4720
4720
4768
4768
4768
4768
4768
4768
4768
4768
4768
4768
4767
4767
4794
4794
4893
4893
4794
4794
4683
4683
4683
4635
4746
4746
4747
5045
5045
5144
5144
5144
5144
5149
5144
5149
5149
5149
5197
5197
5197
5197
5198
4762
4761
4516
4516
4516
4761
4761
4650
4761
4761
4761
4761
4761
4713
4713
4713
4713
4713
4614
4614
4614
5050
5023
5023
5023
4912
4912
5011
5011
5011
5038
5038
5038
5149
5144
4747
4747
4648
4648
4648
4647
4647
4647
4647
4647
4647
4746
4719
4719
4719
4620
4620
4620
4647
4647
4620
4647
4647
4647
4695
4668
4668
4673
4673
4673
4673
4673
4772
4613
4211
4211
4211
4238
4238
4238
4190
4587
4587
4587
4587
4588
4583
4472
4472
4445
4445
4445
4450
4449
4449
4449
4449
4450
4450
4450
4449
4449
4449
4450
4126
4126
4127
4175
4577
4478
4473
4473
4473
4473
4473
4473
4572
4572
4683
4683
4683
4584
4584
4584
4584
4584
4584
4583
4582
4582
4583
4610
4769
4769
4868
4868
4868
4868
4868
4868
4868
4868
4757
4757
4757
4757
4757
4730
4730
4730
4730
4731
4683
4682
4687
4682
4682
4682
4583
4694
4742
4841
4841
4846
4846
4846
4687
4687
5011
5010
5010
5010
5010
4608
4608
4608
4608
4608
4608
4767
4767
4767
4767
4767
4608
4608
4608
4635
4635
4636
4636
4636
4636
4636
4094
4636
4609
4609
4609
4609
4768
4444
4345
4345
4444
4443
4443
4443
4344
4344
4345
4747
4747
4774
4775
4748
4748
4747
4747
4747
4588
4343
4343
4343
4343
4295
4290
4449
4449
4450
4450
4450
4774
4774
4873
4873
4873
4873
4873
4471
4147
4147
4146
4147
4147
4147
4195
4195
4147
4174
4174
4174
4174
4147
4048
4048
4048
4048
4047
4047
4047
4052
4052
4052
4052
4454
4454
4453
4453
4454
4481
4805
4805
4805
4800
4800
4800
4800
4899
4899
4740
4739
4787
4787
4788
4793
4793
4766
4766
4766
4766
4766
4766
4766
4766
4766
4766
4925
4925
5170
5122
5123
5123
5123
5123
5024
5024
5024
5024
5024
5023
5023
5023
5023
5023
5023
5023
5023
4912
4912
4912
4912
4912
4912
4912
4912
4912
4913
4913
4913
5024
5023
5023
5023
5023
5022
5022
5070
5070
5022
5022
5023
5023
5023
5071
5071
5071
5070
5070
4772
4772
4772
4773
4773
4773
4773
4773
5071
5071
5071
5071
5071
5071
4912
4912
4912
5071
5071
5023
4912
4911
4911
4911
4911
4911
5022
4863
4863
4863
4863
4863
4863
4752
4752
4752
4851
4851
4851
4851
4851
4899
4900
5059
5059
5059
5059
5170
5170
5170
5171
5123
5024
5123
5123
5123
4964
4964
4964
4964
4963
4963
4958
4958
4985
4984
4957
4957
4958
4958
4958
4959
4959
4958
5006
5006
5006
5006
5006
5006
4958
4958
4958
4958
4958
5117
5122
5122
5122
5122
5122
5123
5123
5123
5122
5122
5122
5122
5122
5122
5122
5023
5071
5071
5098
5098
5098
5098
5099
5099
5099
5099
5099
5099
5098
5098
5071
5072
5072
5072
4961
4802
4901
4901
4901
4901
4901
4928
4829
4585
4584
4584
4585
4744
4744
4855
4855
4855
4954
4954
4954
4954
4954
4954
4954
4954
4954
4954
4954
4927
4927
5171
5171
5171
5171
5060
4815
4815
4815
4815
4810
4810
4810
4810
4810
4815
4842
4841
4841
4840
5085
4926
4926
4921
4894
4894
5005
5005
5006
5006
5165
5165
5165
5165
5165
5165
5066
5066
5066
4822
4822
4822
4822
4822
4774
4774
4775
4775
4802
4802
4801
4800
4800
4641
4641
4641
4641
4642
4643
4643
4643
4643
4643
4643
4643
4643
4643
4643
4691
4691
4696
4696
4696
4696
4795
4795
4747
4747
4746
4746
4647
4647
4647
4648
4212
4260
4260
4260
4260
4260
4259
4254
4498
4597
4598
4598
4597
4570
4729
4729
4729
4728
4755
4755
4756
4756
4756
4756
4756
4761
4761
4761
4761
4760
4760
4760
4761
4761
4762
4762
4762
4762
4762
4761
4761
4762
4762
4762
5198
5198
5193
5193
5193
5192
5192
5192
5093
5098
5098
5098
5197
5197
5197
5197
5196
5196
5196
5196
5196
5196
5196
5196
5197
5197
5197
5192
5192
5192
5192
5192
5192
5191
5191
5191
5191
5191
5196
5196
5196
5196
5196
5197
5197
5197
5197
5197
5192
5192
5192
5192
5192
5165
5164
5191
5191
5191
5191
5191
5191
5191
5191
5191
5191
5191
5191
5191
5164
5164
5164
5164
5165
5165
5165
5117
5117
5144
5144
5143
5143
5143
5143
5144
5144
5144
5117
5117
5117
4958
4958
4958
4958
4958
4958
4958
4958
4958
5117
5118
5118
5117
5118
5118
5118
5118
5166
5171
5171
5171
5171
5171
5198
5193
5198
5099
5099
5099
5099
5051
5051
5051
5051
5051
5046
5046
5046
5046
5046
5046
5045
5045
5045
5018
5117
5006
5011
5011
5011
5012
5011
5011
5011
5011
5011
5006
5005
5005
5032
5037
5010
5010
5010
5010
5010
5005
5005
5005
5006
5006
5005
5005
5005
5032
5032
5032
5032
5032
5032
5032
5032
5032
5032
5032
5037
5010
5010
5010
5010
5010
5058
4959
4959
4986
4986
4986
4987
4987
4987
4988
4940
4940
4940
4940
4940
4940
4940
4940
4940
4940
4940
4940
4939
4939
5038
5039
5039
5039
5012
5060
5060
5060
5055
5082
5082
5082
5082
4923
4923
4922
5033
4985
4985
4985
4985
4984
4957
5116
5116
5116
5116
5116
5116
5116
5116
5116
5116
5117
5117
5117
5117
5117
5117
5122
5122
5122
5123
5171
5171
5171
5171
5171
5171
5171
5171
5171
5198
5198
5198
5198
5198
5198
5198
5198
5198
5198
5198
5198
5150
5150
5150
5150
5150
4991
5039
5039
5039
5198
5198
5198
5198
5171
5171
5171
5171
5171
5171
5171
5171
5171
5171
5171
5171
5170
5169
5164
5165
5165
5165
5165
5165
5165
5117
5117
5122
5122
5122
5121
5121
5122
5122
5122
5170
5170
5170
5170
5170
5170
5170
5170
5170
5170
5169
5196
5196
5196
5196
5196
5196
5148
5143
5143
5143
5116
5116
5116
5116
5116
5116
5143
5144
5144
5045
5045
5045
5045
5045
5045
5050
5050
5050
5149
5144
5144
5144
5144
5144
5143
5143
5143
5144
5144
5192
5192
5192
5144
5144
5144
5117
5117
5117
5117
5117
5165
5165
5165
5165
5165
5165
5165
4920
4920
4920
4920
4872
4899
4899
4788
4836
4836
4836
4837
4837
4837
4837
4837
4837
4837
4837
4842
4842
4842
4841
4841
4841
4841
4841
4793
4793
4841
5086
5086
5086
5086
5081
5082
5082
5082
5082
5081
5081
5192
5192
5192
5192
5192
5192
5192
5192
5193
5193
5193
5082
5082
5082
5082
5082
5082
5082
5082
5082
5082
5082
5082
5081
5081
5054
5054
5165
5165
5165
5165
5165
5165
5164
5164
5164
5164
5164
5164
5164
5164
5164
5164
5164
5191
5191
5196
5196
5191
5191
5191
5191
5191
5191
5032
5032
5037
5196
5196
5196
5196
5148
5148
5148
5148
5148
5121
5169
5169
5169
5169
5169
5169
5170
5170
5170
5171
5171
5171
5171
5171
5170
5170
5170
5170
5165
5165
5165
5165
5165
5164
5116
5164
5164
5164
5165
5165
5165
5165
5165
5066
5066
5066
5066
5066
5066
5066
5067
5066
5066
5066
5093
5098
5098
5098
5097
5097
5097
5097
5097
5097
5098
5098
5098
5098
5098
5093
5098
5098
5098
5098
5098
5098
5197
5196
5196
5196
5196
5191
5191
5191
5191
5191
5192
5192
5192
5192
5192
5192
5191
5191
5164
5164
5164
5164
5164
5164
5164
5164
5164
5165
5164
5164
5164
5164
5065
5092
5092
5093
5093
5092
5092
5092
5092
5092
5092
5092
5092
5092
5191
5191
5191
5191
5191
5192
5192
5192
5192
5193
5193
5193
5193
5193
5193
5192
5192
5192
5192
5192
5192
5192
5192
5192
5192
5192
5192
5192
5193
5193
5193
5193
5193
5193
5193
5193
5193
5193
5193
5193
5193
5193
5193
5193
5193
5192
5192
5192
5192
5193
5193
5193
5193
5193
5193
5198
5193
5193
5198
5198
5198
5198
5198
5193
5193
5193
5193
5193
5193
5193
5198
5198
5198
5198
5198
5198
5198
5198
5197
5198
5198
5198
5198
5198
5198
5198
5150
5198
5198
5198
5198
5198
5197
5197
5197
5198
5198
5198
5198
5198
5198
5198
5198
5198
5198
5198
5193
5193
5193
5193
5193
5193
5193
5193
5193
5193
5193
5193
5193
5193
5193
5193
5193
5198
5198
5197
5198
5198
5197
5197
5197
5197
5197
5197
5197
5197
5197
5197
5197
5197
5197
5197
5197
5086
5086
5086
5086
5086
5085
5080
5080
5080
5080
5080
5080
5080
5080
5080
5080
5080
5053
5053
5053
5058
5085
5085
5085
5085
5085
5086
5087
5086
5086
5085
5196
5196
5196
5196
5191
5191
5191
5191
5191
5191
5191
5191
5191
5191
5191
5192
5144
5145
5145
5144
5144
5033
5033
5038
5038
5038
5037
5037
5037
5085
5085
5085
5085
5085
5085
5085
5085
5085
5085
5085
5085
5196
5169
5169
5169
5169
5169
5164
5191
5191
5192
5192
5165
5165
5170
5170
5170
5170
5170
5170
5170
5170
5170
5170
5170
5170
5170
5170
5170
5170
5197
5197
5197
5197
5197
5197
5197
5197
5197
5197
5197
5197
5197
5197
5197
5197
5197
5170
5170
5171
5171
5171
5198
5198
5198
5198
5198
5198
5198
5198
5198
5198
5197
5197
5197
5197
5197
5197
5192
5192
5192
5191
5191
5191
5191
5191
5191
5191
5191
5191
5191
5191
5191
5191
5191
5196
5196
5197
5197
5197
5197
5197
5197
5197
5197
5197
5197
5197
5197
5197
5197
5197
5197
5197
5197
5197
5197
5197
5197
5197
5197
5197
5192
5192
5192
5192
5192
5192
5192
5192
5193
5192
5192
5192
5192
5192
5192
5192
5192
5192
5192
5192
5144
5144
5144
5144
5144
5144
5144
5144
5144
5144
5144
5144
5144
5144
5144
5144
5144
5143
5148
5148
5148
5148
5148
5148
5148
5148
5148
5148
5149
5150
5150
5150
5150
5149
5197
5197
5197
5197
5197
5197
5197
5197
5192
5192
5192
5192
5192
5192
5192
5192
5192
5192
5192
5191
5191
5191
5191
5191
5191
5191
5191
5196
5197
5170
5165
5165
5166
5166
5166
5171
5171
5171
5198
5198
5198
5198
5198
5197
5197
5197
5197
5197
5170
5170
5169
5170
5170
5071
5071
5071
5071
5066
5066
5066
5066
5066
5066
5066
5067
5067
5166
5166
5193
5193
5193
5193
5094
5094
5094
5094
5094
5094
5094
5094
5094
5094
5094
5094
5094
5094
5094
5093
5093
5093
5094
5094
5094
5094
5094
5094
5094
5094
5094
5193
5193
5193
5193
5193
5198
5198
5197
5197
5197
5197
5192
5192
5192
5192
5192
5192
5144
5144
5145
5145
5145
5145
5145
5145
5145
5145
5145
5145
5150
5150
5150
5150
5149
5149
5149
5149
5149
5149
5148
5149
5149
5149
5149
5149
5149
5149
5149
5149
5149
5149
5149
5149
5149
5149
5149
5149
5150
5150
5150
5150
5198
5197
5170
5171
5171
5171
5171
5171
5171
5171
5171
5171
5171
5171
5170
5170
5170
5170
5170
5197
5197
5197
5197
5197
5197
5197
5197
5197
5197
5197
5196
5196
5196
5196
5196
5196
5191
5192
5192
5192
5192
5193
5193
5193
5193
5193
5193
5193
5193
5193
5198
5198
5198
5198
5198
5198
5198
5198
5198
5198
5198
5198
5198
5198
5198
5198
5198
5198
5197
5197
5196
5196
5169
5169
5169
5169
5169
5169
5169
5169
5169
5169
5169
5169
5169
5164
5164
5165
5164
5164
5165
5165
5165
5165
5165
5165
5165
5117
5118
5118
5118
5118
5117
5117
5117
5117
5117
5117
5165
5165
5165
5164
5164
5165
5164
5164
5169
5169
5169
5169
5169
5169
5169
5170
5171
5171
5171
5171
5171
5171
5171
5171
5171
5171
5171
5166
5166
5166
5166
5166
5118
5118
5117
5122
5122
5170
5170
5170
5170
5170
5170
5170
5122
5149
5149
5149
5149
5149
5149
5144
5144
5144
5144
5144
5144
5144
5145
5145
5145
5145
5193
5193
5193
5193
5193
5193
5193
5193
5193
5193
5193
5193
5193
5193
5193
5193
5193
5192
5192
5192
5192
5144
5144
5144
5144
5144
5144
5144
5144
5145
5118
5118
5118
5166
5165
5165
5165
5192
5144
5144
5144
5143
5143
5143
5143
5191
5191
5191
5191
5192
5192
5192
5192
5192
5192
5192
5192
5192
5192
5192
5192
5197
5197
5197
5197
5197
5197
5197
5197
5197
5197
5197
5197
5197
5197
5197
5197
5197
5197
5197
5197
5192
5193
5166
5193
5193
5198
5198
5198
5198
5198
5198
5198
5198
5198
5198
5198
5198
5197
5197
5197
5197
5197
5149
5149
5197
5197
5197
5197
5197
5197
5196
5196
5196
5196
5197
5170
5170
5171
5198
5150
5150
5150
5145
5145
5193
5193
5192
5192
5192
5192
5192
5192
5192
5193
5193
5193
5193
5193
5192
5192
5192
5191
5191
5191
5143
5144
5149
5149
5149
5149
5149
5148
5148
5148
5148
5148
5148
5148
5148
5148
5148
5148
5148
5148
5148
5148
5148
5148
5148
5148
5148
5149
5149
5149
5149
5149
5149
5149
5149
5149
5197
5197
5197
5197
5197
5197
5192
5192
5193
5192
5192
5192
5192
5192
5192
5192
5192
5192
5192
5192
5192
5192
5192
5191
5191
5191
5191
5191
5191
5191
5191
5191
5191
5191
5191
5191
5192
5165
5165
5166
5166
5166
5171
5171
5166
5166
5166
5166
5166
5165
5170
5170
5170
5170
5197
5170
5165
5165
5166
5166
5166
5166
5165
5165
5165
5165
5192
5192
5165
5165
5165
5170
5170
5165
5164
5164
5164
5165
5164
5169
5169
5170
5170
5170
5170
5170
5170
5170
5170
5165
5165
5165
5165
5165
5165
5165
5165
5165
5165
5165
5165
5066
5065
5066
5066
5066
5071
5071
5072
5072
5072
5072
5072
5072
5072
5072
5072
5072
5067
5094
5094
5094
5094
5094
5094
5094
5094
5193
5193
5192
5192
5197
5196
5196
5196
5196
5196
5196
5196
5196
5196
5196
5197
5197
5197
5197
5197
5197
5197
5197
5197
5197
5197
5197
5198
5198
5198
5197
5197
5197
5197
5197
5197
5197
5196
5196
5196
5196
5197
5196
5196
5196
5196
5196
5191
5191
5191
5191
5191
5191
5191
5191
5191
5191
5191
5191
5191
5191
5191
5191
5191
5191
5191
5191
5191
5191
5191
5191
5191
5191
5191
5191
5192
5192
5192
5192
5192
5191
5192
5192
5192
5192
5192
5192
5192
5192
5192
5192
5193
5193
5192
5192
5192
5192
5192
5192
5192
5192
5192
5192
5191
5191
5191
5191
5191
5191
5191
5191
5191
5191
5191
5191
5191
5196
5197
5197
5197
5197
5197
5197
5197
5170
5170
5170
5170
5170
5170
5170
5170
5171
5171
5171
5171
5171
5171
5170
5170
5170
5170
5170
5170
5170
5170
5170
5170
5170
5170
5170
5170
5171
5171
5171
5171
5171
5123
5123
5122
5122
5122
5122
5122
5122
5122
5122
5149
5149
5149
5149
5149
5149
5149
5149
5144
5144
5192
5192
5192
5192
5192
5192
5197
5197
5197
5197
5197
5197
5197
5197
5197
5197
5197
5197
5197
5197
5197
5197
5197
5197
5197
5192
5192
5192
5192
5192
5192
5191
5191
5191
5191
5191
5192
5192
5192
5192
5192
5192
5192
5192
5192
5192
5192
5193
5193
5193
5192
5192
5192
5192
5192
5192
5191
5191
5191
5191
5191
5191
5191
5191
5191
5191
5191
5191
5191
5191
5191
5191
5191
5191
5191
5191
5191
5191
5191
5191
5191
5191
5191
5191
5191
5191
5191
5191
5191
5191
5191
5191
5191
5191
5191
5192
5192
5192
5192
5197
5197
5197
5197
5197
5197
5197
5197
5197
5197
5197
5197
5197
5197
5197
5197
5197
5198
5198
5198
5198
5198
5198
5198
5198
5198
5198
5198
5198
5198
5198
5198
5198
5198
5198
5198
5198
5198
5198
5197
5197
5197
5197
5197
5197
5197
5197
5197
5197
5197
5197
5197
5197
5197
5197
5197
5197
5197
5197
5197
5197
5197
5197
5197
5197
5196
5196
5196
5196
5196
5197
5198
5198
5198
5198
5198
5198
5198
5198
5198
5198
5198
5198
5198
5198
5198
5197
5197
5197
5197
5197
5197
5192
5192
5192
5192
5192
5192
5192
5192
5192
5192
5192
5192
5192
5192
5192
5192
5192
5192
5192
5192
5192
5192
5192
5192
5193
5193
5193
5193
5193
5193
5193
5193
5193
5193
5193
5193
5193
5193
5193
5193
5193
5192
5193
5193
5193
5192
5192
5197
5197
5197
5197
5197
5197
5197
5197
5197
5197
5197
5197
5196
5191
5191
5191
5191
5191
5191
5191
5192
5197
5196
5196
5196
5196
5196
5196
5196
5191
5191
5191
5191
5191
5191
5191
5196
5196
5196
5191
5192
5192
5192
5192
5192
5192
5192
5192
5191
5191
5191
5191
5191
5191
5191
5191
5192
5191
5191
5191
5191
5191
5192
5192
5192
5192
5192
5197
5197
5197
5197
5192
5192
5192
5192
5197
5192
5193
5193
5193
5193
5193
5193
5193
5193
5193
5193
5192
5192
5192
5192
5192
5192
5192
5192
5192
5192
5192
5192
5192
5192
5197
5197
5197
5198
5198
5198
5198
5198
5193
5193
5193
5166
5166
5166
5166
5166
5166
5166
5166
5166
5166
5166
5166
5166
5165
5165
5165
5192
5192
5192
5192
5192
5192
5192
5192
5197
5197
5197
5197
5197
5197
5197
5197
5197
5198
5198
5198
5198
5198
5198
5198
5198
5198
5198
5198
5198
5198
5198
5198
5198
5198
5198
5198
5198
5198
5198
5198
5198
5197
5198
5198
5198
5197
5197
5197
5197
5197
5197
5197
5197
5197
5197
5197
5197
5197
5197
5197
5192
5192
5192
5192
5192
5192
5197
5197
5197
5197
5196
5196
5196
5197
5197
5197
5197
5197
5197
5197
5197
5197
5197
5197
5197
5197
5197
5197
5197
5197
5197
5197
5197
5197
5192
5192
5192
5192
5192
5192
5192
5192
5192
5192
5192
5192
5192
5192
5192
5192
5192
5192
5193
5193
5198
5198
5197
5197
5197
5197
5197
5197
5192
5192
5192
5192
5197
5197
5198
5198
5198
5198
5198
5193
5193
5192
5192
5192
5192
5192
5193
5193
5193
5193
5193
5193
5193
5193
5193
5193
5193
5192
5192
5192
5192
5192
5192
5192
5193
5193
5193
5193
5193
5198
5198
5193
5193
5192
5191
5191
5191
5192
5192
5192
5192
5192
5192
5192
5192
5192
5192
5192
5192
5192
5192
5192
5192
5192
5192
5192
5192
5192
5192
5191
5191
5191
5191
5191
5191
5191
5191
5196
5196
5191
5191
5191
5191
5191
5192
5192
5192
5192
5192
5192
5192
5192
5192
5192
5193
5193
5193
5193
5193
5193
5193
5193
5193
5193
5193
5193
5193
5193
5193
5193
5198
5198
5198
5198
5198
5198
5197
5197
5197
5197
5197
5197
5197
5197
5197
5197
5197
5197
5198
5198
5198
5198
5198
5198
5198
5198
5198
5198
5198
5198
5198
5198
5198
5198
5198
5198
5198
5198
5198
5198
5198
5197
5197
5197
5197
5197
5197
5197
5197
5197
5192
5192
5192
5192
5192
5193
5193
5193
5193
5193
5193
5193
5193
5193
5193
5193
5193
5193
5193
5193
5193
5193
5193
5193
5193
5193
5193
5193
5193
5166
5166
5166
5166
5166
5166
5166
5166
5166
5166
5166
5166
5166
5166
5165
5165
5165
5165
5165
5165
5165
5165
5165
5165
5165
5165
5165
5165
5165
5165
5165
5165
5165
5165
5165
5165
5165
5165
5165
5165
5192
5192
5192
5192
5192
5192
5193
5193
5193
5192
5191
5192
5192
5192
5192
5193
5193
5193
5193
5193
5193
5193
5193
5198
5198
5198
5198
5198
5198
5198
5198
5197
5197
5197
5197
5197
5197
5197
5197
5197
5197
5197
5197
5197
5197
5197
5197
5197
5197
5197
5197
5197
5197
5197
5197
5197
5197
5197
5197
5197
5197
5197
5197
5197
5197
5197
5197
5197
5197
5197
5197
5197
5197
5197
5197
5198
5198
5198
5198
5198
5198
5198
5198
5198
5198
5198
5198
5198
5198
5198
5198
5197
5197
5197
5197
5197
5197
5197
5197
5197
5198
5198
5198
5198
5197
5197
5197
5197
5197
5197
5197
5197
5197
5197
5197
5197
5197
5197
5197
5197
5192
5192
5192
5192
5192
5192
5192
5192
5192
5192
5197
5197
5197
5197
5198
5198
5198
5198
5198
5197
5197
5197
5198
5198
5198
5198
5198
5198
5198
5198
5198
5198
5198
5198
5198
5198
5198
5198
5197
5192
5192
5193
5193
5192
5192
5192
5192
5192
5197
5197
5197
5197
5197
5197
5197
5197
5197
5197
5197
5197
5197
5197
5197
5197
5196
5196
5196
5196
5197
5197
5197
5197
5197
5197
5197
5197
5197
5197
5197
5197
5197
5197
5198
5197
5197
5197
5197
5197
5197
5197
5197
5197
5197
5197
5197
5197
5197
5197
5192
5193
5193
5193
5193
5192
5192
5192
5192
5192
5197
5197
5197
5198
5198
5197
5197
5197
5196
5196
5196
5196
5196
5196
5196
5197
5197
5197
5197
5197
5197
5198
5198
5198
5198
5197
5197
5197
5197
5197
5197
5197
5197
5197
5197
5196
5196
5196
5196
5196
5196
5196
5196
5196
5197
5198
5198
5198
5198
5198
5198
5198
5198
5198
5198
5198
5198
5198
5198
5198
5198
5198
5198
5198
5198
5198
5198
5198
5198
5198
5198
5198
5198
5198
5197
5197
5197
5197
5197
5197
5197
5197
5197
5197
5197
5197
5197
5197
5197
5197
5197
5197
5197
5197
5197
5197
5197
5197
5197
5197
5197
5196
5191
5191
5191
5191
5191
5191
5191
5191
5191
5191
5191
5191
5191
5191
5191
5191
5191
5191
5191
5192
5192
5192
5192
5192
5192
5192
5192
5192
5192
5192
5197
5197
5197
5197
5197
5197
5197
5197
5198
5198
5197
5197
5197
5197
5197
5197
5197
5197
5197
5197
5197
5196
5196
5196
5196
5196
5196
5196
5196
5197
5197
5197
5197
5197
5197
5197
5197
5197
5197
5197
5197
5197
5197
5197
5197
5197
5197
5197
5197
5197
5197
5197
5197
5197
5197
5197
5197
5197
5197
5196
5196
5196
5196
5191
5192
5192
5191
5191
5191
5196
5196
5196
5196
5196
5196
5196
5197
5197
5197
5197
5197
5197
5197
5197
5197
5197
5197
5197
5197
5197
5197
5197
5197
5196
5196
5197
5196
5197
5197
5197
5192
5192
5192
5192
5192
5192
5192
5192
5192
5192
5192
5192
5193
5193
5193
5193
5192
5192
5192
5192
5193
5193
5193
5192
5192
5192
5193
5193
5193
5198
5198
5198
5198
5198
5198
5198
5198
5198
5198
5198
5197
5197
5196
5196
5196
5191
5191
5191
5191
5191
5191
5191
5191
5191
5191
5191
5191
5191
5191
5191
5191
5191
5191
5191
5191
5191
5196
5196
5196
5196
5196
5196
5197
5196
5196
5197
5197
5197
5197
5197
5197
5197
5197
5197
5197
5197
5197
5198
5198
5198
5198
5197
5197
5197
5197
5197
5197
5197
5197
5197
5197
5198
5198
5198
5197
5197
5197
5197
5196
5196
5196
5196
5196
5196
5196
5196
5196
5196
5196
5196
5196
5196
5197
5197
5197
5197
5197
5197
5197
5197
5197
5197
5197
5197
5198
5198
5198
5198
5198
5198
5198
5197
5197
5197
5196
5196
5197
5197
5197
5198
5198
5198
5198
5198
5198
5198
5198
5198
5198
5198
5198
5198
5198
5198
5197
5197
5197
5197
5197
5197
5197
5192
5192
5191
5191
5191
5191
5191
5191
5192
5192
5192
5191
5191
5191
5192
5192
5192
5192
5192
5192
5192
5192
5193
5193
5193
5193
5193
5193
5193
5193
5193
5193
5193
5193
5193
5193
5193
5198
5198
5198
5198
5198
5197
5197
5197
5198
5198
5198
5198
5198
5198
5198
5198
5198
5198
5198
5198
5198
5198
5198
5198
5198
5198
5198
5198
5198
5198
5198
5198
5198
5198
5198
5198
5198
5198
5198
5198
5198
5198
5198
5197
5197
5196
5196
5191
5191
5191
5191
5191
5191
5191
5192
5192
5192
5192
5192
5192
5192
5192
5192
5192
5192
5192
5192
5192
5191
5191
5191
5191
5191
5191
5192
5192
5192
5192
5192
5192
5192
5192
5192
5192
5192
5192
5192
5192
5192
5192
5192
5191
5191
5191
5191
5191
5191
5191
5191
5191
5191
5191
5191
5191
5191
5191
5191
5191
5191
5191
5191
5191
5191
5191
5191
5191
5191
5191
5191
5191
5191
5191
5191
5191
5191
5191
5191
5191
5191
5191
5191
5192
5192
5197
5197
5197
5197
5197
5197
5197
5197
5197
5197
5197
5197
5197
5197
5197
5198
5198
5198
5198
5198
5198
5198
5198
5198
5198
5198
5198
5198
5198
5198
5198
5198
5198
5198
5198
5198
5198
5198
5198
5198
5198
5198
5198
5198
5198
5198
5198
5198
5198
5198
5198
5198
5198
5198
5193
5193
5193
5193
5193
5193
5192
5192
5192
5192
5192
5192
5191
5191
5191
5191
5191
5191
5191
5191
5191
5191
5192
5192
5192
5192
5192
5192
5192
5192
5192
5192
5192
5192
5192
5192
5192
5192
5192
5192
5192
5192
5192
5192
5192
5192
5192
5192
5192
5192
5192
5197
5198
5198
5198
5197
5197
5197
5197
5197
5197
5197
5198
5198
5198
5197
5196
5196
5196
5196
5196
5196
5197
5198
5198
5198
5198
5197
5192
5192
5192
5192
5192
5192
5192
5191
5191
5191
5191
5191
5191
5191
5191
5191
5191
5192
5192
5192
5191
5191
5191
5191
5192
5192
5192
5192
5192
5192
5192
5192
5192
5192
5192
5192
5192
5192
5192
5192
5193
5193
5193
5193
5193
5193
5192
5192
5192
5192
5192
5192
5193
5193
5193
5193
5193
5198
5198
5198
5198
5198
5198
5198
5198
5198
5197
5197
5197
5197
5197
5197
5197
5197
5197
5197
5197
5197
5197
5197
5198
5198
5198
5198
5198
5198
5198
5198
5198
5198
5198
5198
5198
5198
5198
5198
5198
5198
5198
5198
5198
5198
5198
5198
5198
5198
5198
5197
5197
5197
5197
5197
5197
5197
5198
5197
5197
5197
5197
5197
5197
5197
5196
5196
5197
5197
5197
5197
5197
5197
5197
5197
5197
5197
5197
5197
5197
5197
5197
5197
5197
5197
5197
5197
5197
5197
5197
5197
5197
5197
5197
5197
5197
5197
5197
5197
5197
5197
5197
5197
5197
5197
5197
5197
5197
5197
5197
5197
5197
5197
5197
5197
5197
5197
5197
5197
5198
5198
5198
5198
5198
5198
5198
5198
5197
5197
5197
5197
5197
5197
5197
5197
5197
5197
5197
5197
5197
5197
5197
5197
5197
5197
5197
5197
5197
5197
5197
5197
5197
5196
5196
5196
5197
5196
5197
5197
5197
5197
5197
5197
5197
5197
5197
5197
5197
5197
5197
5197
5197
5197
5197
5197
5197
5197
5197
5198
5198
5198
5198
5198
5198
5198
5198
5198
5198
5198
5198
5198
5198
5198
5198
5198
5198
5198
5198
5198
5198
5198
5198
5198
5198
5198
5198
5198
5198
5198
5198
5198
5198
5198
5198
5198
5198
5198
5198
5198
5198
5198
5198
5198
5198
5198
5198
5198
5198
5198
5198
5198
5197
5197
5197
5197
5196
5196
5196
5196
5196
5196
5196
5197
5197
5197
5197
5197
5197
5197
5197
5197
5197
5197
5197
5197
5197
5197
5197
5197
5198
5198
5198
5198
5198
5198
5198
5198
5198
5198
5198
5198
5198
5198
5198
5198
5198
5198
5198
5198
5198
5198
5198
5198
5198
5198
5198
5198
5198
5198
5198
5198
5198
5198
5198
5198
5198
5198
5198
5198
5198
5198
5198
5198
5198
5198
5198
5198
5198
5198
5198
5198
5198
5198
5198
5198
5198
5198
5198
5198
5198
5198
5198
5198
5198
5198
5198
5198
5198
5198
5198
5198
5198
5198
5198
5198
5198
5198
5198
5198
5198
5198
5198
5198
5198
5198
5198
5198
5198
5198
5198
5198
5198
5198
5198
5198
5198
5198
5198
5198
5198
5198
5198
5198
5197
5197
5197
5198
5198
5198
5198
5198
5198
5198
5198
5198
5197
5197
5197
5198
5198
5198
5198
5198
5198
5198
5198
5198
5198
5198
5198
5198
5198
5198
5198
5198
5198
5198
5198
5198
5198
5198
5198
5198
5198
5198
5198
5198
5198
5198
5198
5198
5198
5198
5198
5198
5198
5198
5198
5198
5198
5198
5198
5198
5198
5198
5198
5198
5198
5198
5198
5198
5198
5198
5198
5198
5198
5198
5198
5198
5198
5198
5198
5198
5198
5198
5198
5198
5198
5198
5198
5197
5197
5198
5198
5198
5198
5198
5198
5198
5198
5197
5197
5197
5197
5197
5197
5197
5197
5198
5197
5197
5197
5197
5197
5197
5197
5198
5198
5198
5197
5197
5197
5197
5197
5197
5197
5197
5198
5198
5198
5198
5198
5198
5198
5198
5197
5197
5197
5197
5197
5197
5198
5197
5197
5197
5196
5196
5196
5196
5196
5196
5196
5196
5196
5197
5197
5197
5197
5197
5197
5197
5197
5197
5197
5196
5196
5196
5196
5196
5196
5196
5196
5196
5196
5196
5196
5196
5196
5196
5196
5196
5196
5196
5196
5196
5196
5196
5197
5197
5197
5197
5197
5197
5197
5197
5197
5197
5197
5196
5196
5196
5196
5196
5196
5196
5196
5197
5197
5197
5197
5197
5197
5197
5197
5197
5197
5197
5197
5197
5197
5197
5196
5196
5196
5196
5196
5196
5196
5196
5196
5196
5196
5196
5196
5196
5196
5196
5197
5197
5197
5197
5197
5197
5197
5198
5198
5198
5198
5197
5197
5197
5197
5197
5197
5197
5197
5197
5197
5197
5197
5197
5197
5197
5197
5197
5197
5198
5198
5198
5198
5198
5198
5198
5198
5198
5198
5198
5198
5198
5198
5198
5198
5198
5198
5198
5198
5198
5198
5198
5198
5198
5198
5198
5198
5198
5198
5198
5198
5197
5197
5197
5197
5197
5197
5197
5197
5197
5197
5197
5197
5197
5197
5197
5198
5198
5198
5198
5198
5198
5198
5198
5198
5198
5198
5198
5198
5198
5198
5198
5198
5198
5198
5198
5198
5197
5197
5197
5197
5197
5197
5197
5197
5197
5197
5197
5197
5197
5197
5197
5197
5197
5197
5197
5197
5197
5197
5197
5197
5197
5197
5198
5198
5198
5198
5198
5198
5198
5198
5198
5198
5198
5198
5198
5198
5198
5198
5198
5198
5198
5197
5197
5197
5197
5197
5197
5197
5197
5197
5197
5197
5197
5197
5197
5197
5197
5197
5197
5197
5197
5197
5197
5197
5197
5198
5198
5198
5198
5198
5198
5198
5198
5198
5198
5198
5198
5198
5198
5198
5198
5198
5198
5198
5198
5198
5198
5198
5198
5198
5198
5198
5198
5198
5198
5198
5198
5198
5198
5198
5198
5198
5198
5198
5198
5198
5198
5198
5198
5198
5198
5198
5198
5198
5198
5198
5198
5198
5198
5198
5198
5198
5198
5198
5198
5198
5198
5198
5198
5198
5198
5198
5198
5198
5198
5198
5198
5198
5198
5198
5197
5197
5197
5197
5197
5197
5198
5198
5198
5198
5198
5198
5198
5198
5198
5198
5198
5198
5198
5198
5198
5198
5198
5198
5198
5198
5198
5198
5198
5198
5198
5198
5198
5198
5198
5198
5198
5198
5198
5198
5198
5198
5198
5198
5198
5198
5198
5198
5198
5198
5198
5198
5198
5198
5198
5198
5198
5198
5198
5198
5198
5198
5198
5198
5198
5198
5198
5198
5198
5198
5198
5198
5198
5198
5198
5198
5197
5197
5197
5197
5197
5197
5197
5197
5197
5197
5197
5197
5198
5198
5198
5198
5198
5198
5198
5198
5198
5198
5198
5198
5198
5198
5198
5198
5198
5198
5198
5198
5198
5198
5198
5198
5198
5198
5198
5198
5198
5197
5197
5197
5197
5197
5197
5197
5197
5196
5196
5196
5196
5197
5197
5197
5197
5198
5198
5198
5198
5198
5198
5198
5198
5198
5198
5198
5197
5197
5197
5197
5197
5197
5197
5197
5197
5197
5197
5197
5197
5197
5197
5197
5197
5197
5197
5197
5197
5197
5197
5197
5197
5197
5197
5197
5197
5197
5197
5197
5197
5197
5197
5197
5197
5197
5197
5197
5197
5197
5197
5197
5197
5197
5197
5197
5197
5197
5197
5197
5197
5197
5197
5198
5198
5198
5198
5198
5198
5198
5198
5198
5198
5197
5197
5197
5197
5197
5197
5197
5197
5197
5197
5197
5197
5197
5197
5197
5198
5198
5198
5198
5198
5198
5198
5198
5198
5198
5198
5198
5198
5198
5198
5198
5198
5198
5198
5198
5198
5198
5198
5198
5198
5198
5198
5198
5198
5198
5198
5198
5198
5198
5198
5198
5198
5198
5198
5198
5198
5198
5198
5198
5198
5198
5198
5198
5198
5198
5198
5198
5198
5197
5197
5197
5197
5197
5197
5197
5197
5197
5197
5197
5197
5197
5197
5197
5197
5197
5197
5197
5197
5197
5197
5197
5197
5197
5197
5197
5197
5197
5197
5197
5198
5198
5198
5198
5198
5198
5198
5198
5198
5198
5198
5198
5198
5198
5198
5198
5198
5198
5197
5197
5197
5197
5196
5196
5196
5196
5196
5196
5196
5196
5196
5196
5196
5196
5196
5197
5197
5197
5197
5197
5198
5198
5198
5198
5198
5198
5198
5198
5197
5197
5197
5197
5197
5197
5197
5197
5197
5197
5197
5197
5197
5197
5197
5198
5198
5198
5198
5198
5198
5198
5198
5198
5198
5198
5198
5198
5198
5198
5198
5198
5198
5198
5198
5198
5198
5198
5198
5198
5198
5197
5197
5197
5197
5197
5197
5197
5197
5197
5197
5197
5197
5197
5197
5197
5198
5198
5198
5198
5198
5198
5198
5198
5198
5198
5198
5197
5197
5197
5197
5197
5197
5197
5197
5197
5197
5197
5197
5197
5197
5197
5197
5197
5197
5197
5197
5197
5197
5197
5197
5197
5197
5197
5197
5197
5197
5197
5197
5197
5197
5197
5197
5197
5197
5197
5197
5197
5197
5197
5197
5197
5197
5197
5197
5197
5197
5197
5197
5197
5197
5196
5196
5196
5196
5196
5196
5196
5196
5196
5196
5196
5196
5196
5196
5196
5196
5196
5196
5196
5196
5196
5196
5196
5197
5197
5197
5197
5197
5197
5197
5197
5197
5197
5197
5197
5197
5197
5197
5197
5197
5197
5197
5197
5197
5197
5197
5197
5197
5198
5198
5198
5198
5198
5198
5198
5198
5198
5198
5198
5198
5198
5198
5198
5198
5198
5198
5198
5198
5198
5198
5198
5198
5198
5198
5198
5198
5198
5198
5198
5198
5198
5198
5198
5198
5198
5198
5198
5198
5198
5197
5197
5197
5197
5197
5198
5198
5198
5198
5198
5198
5198
5198
5198
5198
5198
5198
5198
5198
5198
5198
5198
5197
5197
5197
5198
5198
5197
5197
5197
5197
5198
5198
5198
5198
5198
5198
5198
5198
5198
5198
5198
5198
5198
5198
5198
5198
5198
5198
5198
5198
5198
5198
5198
5198
5198
5198
5198
5198
5198
5198
5198
5198
5198
5198
5198
5197
5197
5197
5197
5197
5197
5196
5196
5196
5196
5197
5197
5197
5197
5197
5197
5197
5197
5197
5197
5197
5197
5197
5197
5197
5197
5197
5197
5197
5197
5197
5197
5197
5197
5197
5197
5197
5197
5197
5197
5197
5197
5197
5197
5197
5197
5197
5197
5197
5197
5197
5198
5198
5198
5198
5198
5198
5198
5198
5198
5198
5197
5197
5197
5197
5196
5196
5196
5196
5196
5196
5196
5196
5196
5196
5196
5197
5197
5197
5197
5197
5197
5198
5198
5198
5198
5198
5198
5198
5198
5198
5198
5198
5198
5198
5198
5198
5198
5198
5198
5198
5198
5198
5198
5198
5198
5198
5198
5198
5198
5198
5198
5198
5198
5198
5198
5198
5198
5198
5198
5198
5197
5197
5197
5197
5197
5197
5197
5197
5197
5197
5197
5197
5197
5197
5197
5197
5197
5197
5197
5197
5197
5197
5197
5197
5197
5197
5197
5197
5197
5197
5197
5197
5197
5197
5197
5197
5197
5197
5197
5197
5197
5196
5196
5196
5196
5196
5196
5196
5196
5196
5196
5196
5196
5196
5196
5196
5196
5196
5196
5196
5196
5196
5196
5196
5196
5196
5196
5197
5197
5197
5197
5197
5197
5197
5197
5197
5197
5197
5197
5197
5197
5197
5197
5197
5198
5198
5198
5198
5198
5198
5198
5198
5198
5198
5198
5198
5198
5198
5198
5198
5198
5198
5198
5198
5198
5198
5198
5198
5198
5198
5198
5198
5198
5198
5198
5198
5198
5198
5198
5197
5197
5197
5197
5197
5197
5197
5197
5197
5197
5197
5197
5197
5197
5197
5197
5197
5197
5197
5197
5197
5197
5197
5197
5197
5197
5197
5197
5197
5197
5197
5197
5197
5197
5197
5197
5197
5197
5197
5197
5197
5197
5197
5197
5197
5197
5197
5197
5197
5197
5197
5197
5197
5197
5197
5197
5197
5197
5197
5197
5197
5197
5197
5197
5197
5197
5197
5197
5197
5197
5197
5198
5198
5198
5198
5198
5198
5198
5198
5198
5198
5198
5198
5198
5198
5198
5198
5198
5198
5198
5198
5198
5198
5198
5198
5197
5197
5197
5197
5197
5197
5197
5197
5197
5197
5197
5197
5197
5197
5197
5197
5197
5197
5197
5197
5197
5197
5198
5198
5198
5198
5198
5198
5198
5198
5198
5198
5198
5198
5198
5198
5198
5198
5198
5197
5197
5198
5198
5198
5198
5198
5198
5198
5198
5198
5198
5198
5198
5198
5198
5198
5198
5198
5198
5198
5198
5198
5198
5198
5198
5198
5198
5198
5198
5198
5198
5198
5198
5198
5198
5198
5198
5198
5198
5198
5198
5198
5198
5198
5198
5198
5198
5198
5198
5198
5198
5198
5198
5198
5198
5198
5198
5198
5198
5198
5198
5198
5198
5198
5198
5198
5197
5197
5197
5197
5197
5197
5197
5197
5197
5197
5197
5197
5197
5197
5197
5197
5197
5197
5197
5197
5197
5197
5197
5197
5197
5197
5198
5198
5198
5198
5198
5198
5198
5198
5198
5198
5198
5198
5198
5198
5198
5198
5197
5197
5197
5197
5197
5197
5197
5197
5197
5197
5197
5197
5198
5198
5198
5198
5198
5198
5198
5198
5198
5198
5198
5198
5198
5198
5198
5198
5198
5198
5198
5198
5198
5198
5198
5198
5198
5198
5198
5198
5198
5198
5198
5198
5198
5198
5198
5198
5198
5198
5198
5198
5198
5198
5198
5198
5198
5198
5198
5198
5198
5198
5198
5198
5198
5198
5198
5198
5198
5198
5198
5198
5198
5198
5198
5198
5198
5198
5198
5198
5198
5198
5198
5198
5198
5198
5198
5198
5198
5198
5198
5198
5198
5198
5198
5198
5198
5198
5198
5198
5198
5198
5198
5198
5198
5198
5198
5198
5198
5198
5198
5198
5198
5198
5198
5198
5198
5198
5198
5198
5198
5198
5198
5198
5198
5198
5198
5198
5198
5198
5198
5198
5198
5198
5198
5198
5198
5198
5198
5198
5198
5198
5198
5198
5198
5198
5198
5198
5198
5198
5198
5198
5198
5198
5198
5198
5198
5198
5198
5198
5198
5198
5198
5198
5198
5198
5198
5198
5198
5198
5198
5198
5198
5198
5198
5198
5198
5198
5198
5198
5198
5198
5198
5198
5198
5198
5198
5198
5198
5198
5198
5198
5198
5198
5198
5198
5198
5198
5198
5198
5198
5198
5198
5198
5198
5198
5198
5198
5198
5198
5198
5198
5198
5198
5198
5198
5198
5198
5198
5198
5198
5198
5198
5198
5198
5198
5198
5198
5198
5198
5198
5198
5198
5198
5198
5198
5198
5198
5198
5198
5198
5198
5198
5198
5198
5198
5198
5198
5198
5198
5198
5198
5198
5198
5198
5198
5198
5198
5198
5198
5198
5198
5198
5198
5198
5198
5198
5198
5198
5198
5198
5198
5198
5198
5198
5198
5198
5198
5198
5198
5198
5198
5198
5198
5198
5198
5198
5198
5198
5198
5198
5198
5198
5198
5198
5198
5198
5198
5198
5198
5198
5198
5198
5198
5198
5198
5198
5198
5198
5198
5198
5198
5198
5198
5198
5198
5198
5198
5198
5198
5198
5198
5198
5198
5198
5198
5198
5198
5198
5198
5198
5198
5198
