3010
3037
2657
2902
2388
3015
3529
3827
3313
3069
2442
2045
2050
2430
2674
2132
1888
1936
1556
1953
2197
2521
2085
2712
3114
2717
2690
3204
3204
2960
2955
3335
2955
2956
3336
2709
2195
1950
1951
2062
1764
1763
1768
1720
1715
1556
1232
1668
2295
2295
2454
2996
3393
3441
3005
2846
3090
2463
2462
2082
2034
2193
2034
2035
2036
1639
2019
2343
2019
2646
2891
2918
3077
2739
3063
3068
2823
2712
2711
2084
2057
2105
2106
2105
1861
2297
1861
1813
2249
2249
2250
1848
1843
1519
1916
2430
3057
2898
2501
2660
2665
2664
2665
2909
2904
2277
2276
1734
1735
1734
2032
2032
1734
1490
1814
1814
1655
1655
1660
1659
1758
2160
2405
2306
2417
2418
2662
2662
2661
2259
2254
1874
2501
2256
2594
2599
2844
2330
2085
2330
2710
2083
2182
1937
2564
2240
2538
2439
2101
2498
2062
1818
2254
2656
2815
2413
2115
1956
1576
1820
1847
1895
2409
2951
2515
2760
3098
3071
2960
2446
2447
2849
3147
3306
3742
3306
3405
3404
3106
3101
3102
2705
2163
1825
2205
2204
2542
2653
2026
1781
2026
2026
2053
1673
2215
2729
2734
3032
2518
2842
2743
2419
2017
2644
2485
2147
2099
2094
2474
1932
1932
2474
2474
1847
2474
2988
2989
3037
3375
3131
2617
2372
2774
2394
2493
2652
3088
2929
2928
3173
2835
3173
2546
2546
2943
3457
3159
2821
2424
2313
2286
2666
2671
2969
3128
3466
3168
2788
2629
2624
2625
2630
2954
2709
2704
2863
3108
3060
2658
3285
3290
2966
2867
2431
2458
2838
3136
3184
3428
3401
3500
3501
3501
3163
3162
3500
3452
3208
3208
3256
3500
3936
4260
4259
3745
3740
3692
3447
2820
2278
2278
1842
1743
1584
1611
2013
2410
2952
2953
2954
3390
3501
4128
4128
4642
4887
4490
4379
4378
4040
4199
4198
4595
4198
3762
3518
3519
3195
3195
2653
2355
2196
2593
3135
3246
3246
3246
3294
3453
3342
2715
2688
3012
2470
2311
2310
2852
3150
3488
3489
3489
3600
3844
3796
3895
3943
4570
4597
5033
5006
5007
5012
4688
4687
4588
4587
3960
3961
3623
3961
3623
3379
3378
3405
3400
3155
3155
2857
3181
3479
3077
3077
3415
3659
3321
2807
2759
2759
2732
2296
2455
2157
2158
2047
1505
1907
2152
1993
1998
2046
2205
2046
2482
2820
3334
2932
3031
2634
2389
2500
2176
2176
2177
1797
2424
1988
2390
2385
2274
2175
2334
2731
2842
2598
2201
2200
2444
2042
2439
2819
3221
3466
3764
3765
3521
3520
3118
2820
2919
2871
2760
2661
2905
3004
2845
2448
2990
3426
3828
3490
2976
2877
2904
2468
2516
2627
2951
2952
2925
2298
2297
2396
2397
3024
3538
3876
3881
3557
3177
3078
3077
2833
2431
1917
1918
2320
1778
1533
1831
1990
1652
1493
1492
1737
2134
2129
2288
2532
2135
2459
2797
2473
2472
2070
1443
2070
2097
2477
2366
2465
2465
2366
2768
3204
3045
3156
3255
3010
2766
2739
2112
2271
2298
2298
2187
2729
2702
2702
2703
2704
3331
3728
3680
3679
4193
3895
3943
3429
3381
3380
3042
2415
2463
2463
2083
2110
1951
1952
1853
1451
1831
2345
2643
2644
2643
2742
2643
2967
3126
3127
2585
2537
3079
3079
3190
2892
2512
1970
2372
2617
2590
2834
2861
2866
2469
2517
2516
2271
2516
2814
2490
2379
2703
2704
3246
3357
3059
2623
2921
2810
3190
2866
2965
2964
2865
2817
2573
3200
3173
3168
3216
2971
2429
2540
2242
2131
2528
2369
2321
2757
2130
1616
1236
1395
1236
1235
1236
1395
1733
1978
2302
2143
2191
2196
2738
2336
2288
2915
2518
2617
3131
3511
3538
3935
3934
4232
4634
4634
4745
4421
4422
4395
4396
4297
3895
3894
3497
3596
3591
3480
3877
3904
3362
3263
3374
3373
2746
2751
2746
2794
2953
2953
2655
2656
2954
2557
2954
2927
2816
2821
2385
2821
2920
2675
2675
2670
2915
2914
2400
2062
2464
2802
2829
2393
1996
1594
2030
1931
1932
2256
1918
2029
1784
1783
1624
2251
2251
1815
2060
2574
2526
2526
2527
2532
2532
2532
2421
2857
2852
2851
3010
2574
2912
2574
3010
2574
2060
2462
2898
2903
2658
2659
2659
2335
1899
1601
1998
2243
2541
3083
3407
3843
3842
3837
4081
3836
4081
4082
4193
4707
4596
4298
3896
3896
4194
3949
3625
3724
3480
3083
2541
2786
2791
3193
3590
3590
3154
2527
2963
3074
3701
3674
3918
3674
3674
3238
3237
3138
2511
2213
2457
2077
1832
1430
1430
1430
1866
2111
2106
2404
2431
2769
2524
2525
2573
2462
2461
2462
2164
2791
2796
2796
2796
3094
2935
3034
3358
2731
3358
3900
3901
4060
4462
4218
4217
4216
4217
4190
4191
4092
4336
3998
3993
3945
3972
3674
4054
4165
4170
4508
4607
4171
4166
3769
3742
3115
2871
3268
2871
2870
2546
2546
2943
3188
3486
3084
3084
3328
3217
3265
3020
3047
2533
2485
2088
2093
2093
2490
2192
2516
2814
3250
3764
3765
4010
3911
3906
3906
3906
3568
3679
3727
3185
3137
2623
2512
2115
1679
2306
1982
1982
2320
2419
2743
2743
2716
2471
2147
2146
2194
1567
1468
2095
1851
1850
2247
2248
2089
2116
1489
1494
1467
1494
1446
1882
1930
2175
2286
2530
2531
2530
3157
3152
2525
2280
1942
1831
2169
1789
1794
1789
1900
1899
1900
1503
1502
2044
1706
1706
1658
1757
2002
1975
2299
2300
2300
2638
2638
3265
3021
3026
2399
2558
2585
2633
2309
2310
2065
1954
1656
2058
2303
2414
2409
2164
2137
1701
2081
2595
2840
2681
2680
2581
2581
2978
2598
2196
2520
2922
2584
3020
3025
2914
2915
2915
2915
2670
2669
3007
3387
3546
3004
3031
3031
2634
2607
2852
3096
3723
3834
3834
3723
3834
3834
3833
3834
3834
3496
3251
3589
3075
2831
2832
2430
2457
2456
2076
2175
2689
2662
2663
2663
2907
2583
2582
2581
2978
2973
3271
2973
2974
2979
2352
2351
2731
2732
2573
2176
2718
2713
2713
2872
2534
2931
2820
3118
3070
3472
3472
3472
3075
3702
3266
2968
2341
2342
2243
1841
2139
2477
2525
2849
2551
2227
2629
2953
2952
2952
2952
2952
3063
3063
3499
3598
3896
3923
3409
3085
2705
2950
2791
2796
2697
2295
2290
2295
1859
1854
2234
1990
1990
2234
2558
2531
3045
3044
3049
3001
2621
2510
2621
2720
3117
3553
3117
3118
3118
3007
3118
3520
3520
3520
3276
3303
2761
2423
2667
2422
2470
2172
2061
1817
2115
1791
1902
1902
2226
2768
3013
3172
2848
2737
3061
3060
2663
2664
2366
2802
3429
3826
3799
4179
4179
4477
4588
4926
4299
3902
4299
4326
4081
4326
4321
4948
4921
4294
4538
4543
4146
3808
4435
4435
4435
3921
3597
3597
3935
3308
3303
3059
3011
2900
2900
2900
2899
2904
2606
2633
3030
3025
3652
3625
3652
3625
3223
3271
3271
3271
2933
3257
2860
2233
2234
2478
2880
2880
2478
2379
3006
3520
3631
3636
3122
3123
2964
3366
2986
2938
2614
2994
2883
2883
3042
2415
2812
2811
2811
2375
2423
2859
2614
2859
2860
2859
2854
2859
2859
2423
2747
3183
3810
3566
3561
3859
3970
3672
4186
4138
4186
3644
3130
2728
3026
2646
3026
3428
3942
3545
3544
3246
3490
3110
2708
2463
2027
1868
2113
2212
2101
2537
2101
2537
2538
2876
3256
2876
3278
3278
3437
3817
3822
3308
2928
2492
2487
2487
2514
2514
3056
3008
3008
3009
2850
3230
3389
3051
2952
2951
2409
2165
2601
2442
2984
2984
3083
3084
3084
2839
2212
2726
2402
2450
2070
2070
2070
2022
2267
2267
2022
1923
1922
1970
2081
2461
2858
2858
3103
3103
3202
2800
2773
2774
3072
3077
3236
3236
3263
2866
3493
3831
4233
4074
4069
4068
4069
4069
4069
3689
3287
2989
2475
2475
2877
3201
3174
3333
3332
3332
3087
3484
3385
3047
3291
3291
2967
2340
2345
2444
1902
2226
2226
2067
2447
2692
2256
1932
2474
2988
3015
3451
3049
3347
3671
3623
3671
3274
3030
3427
3427
3428
2914
3316
3268
2888
2887
3401
2859
2860
3019
3399
3101
3643
3941
4279
3882
3882
3930
3494
3335
3962
3961
3934
3933
3933
4369
4258
4502
4502
4122
4123
4124
3800
3462
3218
3218
3329
3324
3351
3350
3509
3482
3879
4217
4169
4058
4382
4058
3899
4058
4382
4626
4737
4335
3821
3822
3577
3822
3386
2844
3224
3125
3125
3173
3200
3742
3362
3024
2997
3511
3511
3510
3848
3800
4202
4202
3864
3912
3939
3939
3939
3938
3938
4276
4277
4282
4718
4670
4718
4091
3846
3845
3846
3945
3945
3897
3892
4272
3875
3876
3849
3469
3849
3848
3853
3451
3153
3550
3577
3239
3140
3239
3484
4111
4112
3788
3629
3232
3629
4031
4355
4110
4110
4109
3712
3276
2649
2405
2564
2465
2465
2085
2086
1572
2008
2253
2301
2815
3442
3541
3879
3852
3514
3509
3847
4227
4179
4477
4477
4476
4317
3915
4317
3937
3501
3506
3505
3941
3830
3825
4222
4223
3978
3977
3639
3640
3639
3884
3884
3889
3487
3867
3240
2942
2697
2941
3568
3727
3972
3458
3458
3078
2681
3083
3480
3778
3805
3369
3749
3451
3292
3806
3292
2665
2421
2024
2322
2566
2268
2704
2460
2455
3082
2758
2806
2917
3255
3652
3541
3541
3865
3976
3638
3638
4152
4490
4152
4041
4041
4042
3994
3967
3531
3532
3870
3490
3517
3676
3787
3787
3676
3134
3182
3182
2668
2330
2668
2668
2271
1947
1899
1654
1654
1653
1626
2168
2565
2863
3107
2480
2485
2484
2511
2213
2593
2891
2892
2350
2191
2191
2191
2627
2289
2289
2190
2189
2434
2772
2871
2871
2871
2919
2820
3447
3771
3526
3499
3499
4041
4140
3598
3550
3170
3171
3685
3684
3685
3930
3978
3879
3635
3297
3635
3311
3311
3470
4012
3615
3610
3854
3859
3423
3450
3206
3201
3598
3084
2839
3275
3599
3599
3599
3598
3598
3599
3604
3202
3446
3202
3301
3546
3657
4059
3814
3815
3767
3370
3750
3412
3412
2870
3412
3926
3815
3656
3358
3357
3468
3469
3442
3441
3441
3779
3778
4175
4175
4334
4010
3574
3574
3574
3575
3173
3168
2788
2274
2572
2175
2176
2203
2202
2447
2447
2288
2293
2294
2289
2289
2190
2190
2570
2570
2190
2349
2746
2349
2322
2421
2322
2758
2460
2465
2513
2837
2836
2294
2691
2643
2532
2527
2091
1694
1699
1726
1567
2109
2353
2867
2543
2543
2923
2585
2585
3021
3021
2776
3178
2776
2777
2235
2234
2532
2870
3272
3028
3272
3267
2865
2964
3288
3690
3689
3175
2837
3351
3351
3252
2850
2898
3236
3237
2899
3010
3348
2912
2801
3237
2913
2886
2548
2793
2794
2821
2980
2985
2937
3275
3386
3386
3385
3787
3543
3298
3298
3298
3293
3266
3155
3697
3295
3294
3294
3294
3294
3294
3294
3294
2914
2914
2914
3311
3311
3311
3311
2769
2769
2471
2471
2312
2610
2610
3012
3554
3118
2716
2764
3166
3166
2868
2354
2381
2895
3275
3227
3326
3227
3525
3849
3822
3822
3822
4258
4258
4417
4417
4662
4265
4662
4417
4516
4516
4760
4808
4813
4377
4278
4377
4622
4284
4622
4242
4678
5058
5059
5011
4631
4631
4195
4243
4679
4631
4742
4444
4492
4493
4445
4334
3792
3787
3542
3922
3598
3196
2569
2574
3116
3116
3115
3016
2619
3021
3319
3430
3430
3271
2891
2890
2890
2891
3215
2701
2946
2946
2608
2608
2656
2655
3169
3169
3268
3268
3268
3648
3106
3007
3002
3003
2601
2087
2601
2357
1921
2259
2148
2690
2717
2690
3087
3246
2908
2860
3487
3535
3536
3156
3156
3156
2858
2858
3260
3371
3709
3709
3708
3708
3713
3713
3957
3712
3712
3374
3375
3375
3370
3369
3045
2934
2961
2960
2960
2965
2938
2939
2939
2312
1910
2346
2445
2445
2201
2539
2941
3052
3051
3051
3051
2509
2410
2411
2510
2537
2861
3488
3786
3785
3785
4029
4571
4247
3733
3331
2993
2894
3232
3121
2685
2685
2685
3065
3065
2727
2838
2839
2839
3241
3677
3275
3613
3586
3586
3189
3030
3275
2895
2895
2895
2895
2847
3249
3249
2707
2369
2369
2911
2959
3058
3059
3086
2788
2787
2245
2245
2787
2676
2675
2670
2994
2994
2558
2558
2234
2234
2558
2856
2856
2861
2834
2834
2735
2490
3004
3031
3369
3766
3766
3139
3139
3091
3091
3190
3191
3571
3247
3295
3922
3624
3110
2483
2435
2336
2336
2335
2383
2897
2898
2496
2496
1954
1710
1662
2289
2448
2772
2767
2866
3268
3810
4054
3810
4246
4544
4220
4220
4220
4268
4268
3754
3655
3655
3655
4169
4169
4169
4414
3978
4302
3978
3978
3598
3599
3354
3790
3889
4134
4035
3876
3876
3875
3630
3088
2574
2526
2526
2770
2881
2929
2929
3309
3309
3468
4010
4010
4109
4108
3566
3186
2784
2785
2785
2388
2930
2930
3327
3572
3274
3788
3788
3161
3113
3161
3162
2648
2310
2648
2648
2621
2573
2975
2974
2974
3354
3678
3677
3704
3704
3704
4218
4516
4405
4161
3759
4003
3758
3599
3600
3501
3502
3502
3502
3613
3613
3613
3613
3502
3105
3105
3105
3105
3105
3104
3501
3501
3903
4002
4002
3903
4148
4147
4147
4306
4147
4195
4196
3872
3971
3726
3731
3730
3188
3815
3435
3033
3033
2985
2588
2968
2968
2588
2968
2454
2856
2558
2856
2904
3149
3149
2851
3175
3175
3076
3076
2696
2696
2696
3076
3235
2991
2746
2119
2230
2528
2148
1850
2148
2148
2121
2073
2100
1989
1962
1803
2047
2047
2042
2042
2141
2189
2586
2745
2697
2261
2261
2266
2107
2102
2261
2888
2936
2937
2942
2540
2567
2566
3002
3002
3003
3114
3113
3086
3628
3655
3556
3936
3692
3692
3644
3533
3777
3235
2991
3393
3638
3638
3011
3011
3011
2852
3479
3993
3993
3993
3993
3993
3988
3961
4503
4503
4503
4503
4503
4503
4747
4747
4747
4747
4449
4449
4449
4449
4449
4047
4047
4047
4449
4047
4047
4047
4449
4747
4747
4747
4906
4608
4635
4297
4297
4595
4643
4981
4986
5097
4773
5097
5097
5097
4695
4696
4452
4551
4551
4503
4498
4062
4062
4062
3435
3436
3277
3277
3521
3183
3183
3183
3810
3711
3684
4120
4279
4279
4120
4009
4009
4108
4107
3480
3481
3481
3084
2985
2985
2985
3084
2786
2786
3084
3083
3485
3240
2698
2703
2814
2862
2763
2762
3100
2856
2883
2982
2955
3114
3066
3067
3311
3310
3310
3310
3310
3310
3337
3734
3436
3978
3978
3598
3439
3440
3413
3413
3414
3573
3414
3409
3409
3409
3409
4036
3698
3698
3697
3697
3995
3368
3368
3044
3092
3092
3092
2794
2794
3118
3118
3416
3661
3660
3661
3613
3640
3640
3126
3464
3978
3654
3654
3655
3556
3604
3577
3582
3582
3337
3337
2823
2822
2822
3336
3336
2939
3263
3422
3417
3422
3422
3421
3310
3012
3012
3012
3012
3310
3310
3409
3409
3085
3037
2739
3063
2661
2662
2662
2662
2662
2689
3086
3087
2988
3036
2988
2988
2961
2960
3258
3258
3638
3749
3749
3776
3776
3396
3495
3875
3874
3536
3531
3532
3532
3018
2919
3164
3163
3163
3163
3163
3136
3235
2991
2992
3236
3236
3750
3370
3397
4024
3997
4045
4045
4383
4383
4383
4383
4384
4384
4786
4541
4430
4382
4382
4430
4675
4430
4430
4541
4786
4350
4350
4349
4301
4003
4383
4284
4284
4173
4284
3887
3892
3919
3920
3676
3920
3582
3423
3179
3179
3179
2855
3099
3098
3071
3071
3409
3165
3463
3463
3061
3060
3060
3462
3462
3463
3490
3649
3404
3404
3649
4085
4085
4482
4482
4323
4323
4322
3886
3372
3372
3345
3346
3346
3590
3590
3590
3689
3578
3577
3901
3563
3563
3999
3563
3563
3674
3674
3674
3674
3294
3294
3183
2556
2992
2748
2748
3086
3197
3098
3098
2987
2987
2988
3087
3198
3442
3197
3245
3245
3245
3490
3192
3192
3819
3574
3330
3628
3872
3872
3867
3868
3868
3868
3868
3895
4054
4299
4299
4001
3604
3577
3974
3863
3974
3815
3842
4001
3902
3902
3500
3499
3161
3166
3464
3464
3464
3464
2837
2837
2810
2810
2486
2242
2241
2241
2340
2241
2241
2565
3192
3192
3436
3838
3727
3728
3827
3827
4165
4679
4679
4679
4381
4137
4136
3812
4192
4490
4331
3934
3935
3887
4284
4284
4284
3887
3549
3007
3007
3118
3118
3118
2738
2982
3524
3519
3524
3683
3731
3295
3675
3675
3273
3273
3274
3273
3611
4008
4008
3628
3383
3383
3763
3652
3604
3306
3333
3657
3657
3657
3657
3705
3950
3851
3803
3406
3704
3699
3810
3565
3566
3565
3570
3543
3205
3543
3543
3001
3028
3027
3028
3425
3473
3425
2798
2799
2772
2820
3447
3474
3230
3229
3229
2891
2780
2753
2753
2753
2753
2753
2753
2754
2595
2694
2693
2693
2693
2594
2594
2594
2594
2932
3043
3445
3445
3881
3881
3881
3881
3881
3557
3557
3219
3219
3219
3108
3446
3557
3557
4099
4344
4503
4067
4067
4166
4161
4162
4167
4162
4063
4307
4743
4695
4695
4695
4536
4536
4100
4199
3685
3685
3574
3329
3653
3898
3898
3898
3897
3896
3598
3599
3598
3598
3598
3598
3709
3709
3371
3419
3308
3309
3647
3267
3267
3703
4083
4083
3984
4083
4083
4084
4382
4541
4546
4208
4203
4104
4203
4230
4235
4749
4590
4590
4542
4542
4541
4139
3815
3974
3974
4085
3688
3688
3577
3577
3333
3334
3334
3235
3346
3319
3318
3317
3561
3402
3403
3430
3430
3754
3509
3911
3910
3530
3531
3690
4087
4332
4331
4326
4326
4706
4679
4137
4137
4142
4142
3983
3983
4525
3983
3983
3738
3738
3627
3627
3627
3627
3872
3436
2922
2923
3359
3061
3061
3603
3901
3901
4000
3702
3703
3703
3604
3902
4001
4000
3603
3359
3756
3804
3915
3915
4074
4074
4073
3676
4190
4185
3671
3671
3347
3299
3696
3451
3452
2910
2910
2799
2799
3313
3557
3155
3155
3155
3160
3187
3186
3186
3186
3588
3583
3694
3292
3293
3293
3294
3342
3342
3666
3666
3671
3671
3671
3671
3427
3316
3561
3805
3561
3561
3561
3164
3408
3408
3408
3403
3514
3216
2971
3513
3811
3811
3811
4149
3825
3581
3586
3831
3830
3830
3830
3829
3829
3829
3393
3366
3318
3754
3509
3171
3171
3072
3474
3315
3639
3639
4036
4036
4036
4374
4369
4370
4614
4614
3987
3988
3664
3909
3909
3914
3941
3830
3830
3586
3288
2950
3194
3492
3492
3492
3492
3830
3830
3878
3878
3989
3989
4313
4472
4472
4472
4472
4472
4424
4086
3689
4316
4654
4753
4654
4702
4801
4801
4753
4654
4140
4140
4140
4139
4139
4140
4188
4187
4584
4187
4182
4134
4134
4134
4134
4134
3890
3895
3895
3890
3890
3890
3891
4135
4183
3747
3747
3747
3752
3725
3725
3481
3481
3480
3480
3579
3579
3579
3241
3485
3485
3485
3485
2858
2316
2343
2740
2741
3255
3593
3494
3489
3488
3440
3439
3037
2713
2713
2718
3042
3015
2770
2770
2611
2611
2611
2611
2611
2611
2770
2869
3305
3306
3354
3355
3897
3798
3797
3797
3459
3459
4086
4185
4523
4279
4168
4167
4167
4278
3940
4342
4342
4183
4072
4024
4024
4024
4024
4072
3748
3748
3748
3700
3298
3298
3346
3346
3591
3591
3492
3194
3194
3194
3194
3194
3518
3194
3194
3353
3354
3692
3803
3803
3644
3803
3803
3804
3407
3406
3161
3161
3405
3807
4052
4052
4052
4079
4052
4052
4051
4052
4053
4052
3893
3893
3491
3486
3486
3486
3485
3512
3132
3132
3133
3431
3590
3590
3914
3914
3866
3866
4246
4246
4648
4648
4404
4452
4452
3938
3938
3614
3858
3613
3613
3712
3957
4471
4372
4372
4769
4768
4769
4658
4658
4658
4658
4658
4769
4770
4659
4257
4356
4356
4356
4356
4356
4257
4368
4368
4770
4770
4472
4472
4361
4334
4632
4196
4196
4196
4632
4252
3625
3724
3724
3479
3043
3670
3675
3675
3675
3674
3674
3575
3575
3955
3955
3954
3954
4390
4390
4390
4391
4391
4418
4418
4038
3990
3990
3990
3990
3990
4235
4235
4235
4235
4346
4346
4319
4319
4021
4120
4147
4527
4527
4283
4283
4278
4278
4283
4124
4097
4098
3718
3717
3717
4015
4015
3579
3959
4283
4172
4171
3926
3953
4389
4389
4362
4473
4500
4500
4064
4308
4281
4329
4329
4488
4329
4329
4574
4569
4569
4728
4728
4404
4405
4405
4841
4841
4868
4471
4372
4213
3915
3888
3508
3507
3263
3263
3152
3152
3251
3362
3759
3759
3759
3759
4003
4003
4003
4383
4388
3991
4388
4388
4388
4686
4442
4443
4442
4343
4343
3907
3934
3934
3934
3907
3662
3663
3663
3365
3365
3365
3360
3360
3360
3605
3605
3605
3903
4002
3954
3981
4417
4417
4119
4119
4124
4097
4097
4097
4096
4340
4341
4341
4389
4389
4548
4548
4575
4899
4899
4900
4741
4736
4736
5034
5033
5192
5192
5192
5165
5170
5059
5058
5059
5059
5059
5059
4960
4960
4960
4801
4557
4557
4552
4552
4552
4557
4557
4557
4557
4509
4509
4509
4668
4288
4668
4668
4669
4331
4379
4379
4331
4442
4441
4441
4117
4361
4460
4216
3702
3750
3749
3750
3750
3751
3750
3750
4264
4264
4153
4153
3855
4099
4099
3557
3552
3663
3615
3371
3126
3668
3667
3568
3667
3911
3911
4156
3642
3642
3100
3100
3148
3149
3148
3690
3591
3591
3592
3544
3300
3305
3305
3819
3867
3867
3867
3867
3867
3867
3966
3966
3807
3966
3993
3613
3993
3966
3966
3966
3530
3530
3530
3966
3966
3918
3807
3708
3708
3708
3708
3819
3819
3819
3819
3574
3575
3899
3894
4138
3894
3894
3894
3894
3893
3992
3992
4019
4019
4019
4019
4357
4357
4357
4356
4329
3815
4113
4161
4161
4161
4113
4113
4113
4113
4113
4627
4627
4627
4675
4676
4577
4577
4578
4605
4849
4469
4442
4822
4822
4822
4822
4822
4821
4662
4761
4437
4437
4437
4682
4682
4682
4682
4682
4683
4688
4688
5012
5012
5012
5012
5012
4688
4350
4349
4673
4673
4674
4350
4509
4264
4264
4263
4290
4290
4628
4628
4517
4418
4120
3876
3876
3828
3927
3828
3828
3828
3939
3939
4237
4336
4337
4337
4661
4661
4550
4550
4523
4199
3901
4145
4443
4443
4470
4470
4469
4469
4793
4793
5038
5038
4939
4987
4742
4742
4742
4742
4340
4451
4450
4053
4054
4451
4451
4451
3937
4339
4334
4335
4849
4849
4551
4551
4650
4649
4649
4269
4274
4274
4519
4514
4514
4403
4403
4244
4244
4403
4783
4783
4894
4894
4783
4347
4347
4783
4782
4782
4782
4623
4623
4623
4623
4623
4624
4625
4630
4629
4530
4503
4503
4530
4529
4529
4502
4661
4959
5058
5058
5058
5059
5060
5012
5012
5012
4913
4940
4940
4935
4983
4983
4983
4581
4554
4559
4586
4586
4586
4586
4586
4189
4189
4162
3917
3916
3943
3943
4340
4339
4438
4100
4100
4100
3941
3893
3893
3893
3893
3894
3895
3895
4054
3657
3657
3995
3995
3995
3995
3990
3990
3963
3968
3532
3934
3934
3934
3596
3596
3934
4179
4615
4615
4456
4456
4456
4132
4132
4291
4291
4286
4313
4313
4214
4262
4017
4017
3773
3884
3884
4129
4129
4453
4453
4405
4246
3866
3866
3866
3866
3528
3533
3532
3505
3506
3395
3775
3774
3774
3774
4171
4198
3953
3573
3817
3817
3519
3764
3764
3923
3971
3971
3923
3679
3680
3680
3675
3675
3675
3675
3774
3773
3773
4111
4491
4789
4789
4837
4836
4837
4837
4837
4457
4457
4837
4837
4837
4789
4789
4789
4788
4761
4766
5010
4712
4332
4630
4630
5010
5010
4686
4284
4332
4327
4327
3930
3935
3690
3935
3935
3887
3887
3887
3788
3788
4112
4112
3570
3246
3788
3789
3784
3784
3446
3446
3784
3895
3922
3922
3923
3923
3923
4022
4022
4022
4419
4419
4419
4121
4126
4126
4126
4424
4126
4099
4423
4423
4026
4021
4418
4080
4080
3981
3981
3584
3584
3584
3583
3583
3583
3631
3195
3631
3631
3969
3969
3970
3970
3725
3725
3725
3724
3724
3344
3349
3729
4126
4371
4126
4153
4153
4451
4450
4445
4445
4065
4065
4445
4445
4445
4445
4446
4148
4148
4153
4555
4119
4119
4119
3717
3717
3717
3690
3690
3988
3988
3829
3829
3829
3829
3856
4015
4015
4015
4015
4014
4015
4015
4015
3988
4233
4233
4233
4332
4173
4609
4609
4212
4212
4609
4561
4561
4561
4561
4561
4561
4561
4561
4317
4719
4317
4317
4561
4561
4560
4180
4180
4180
4180
3744
3744
3744
3745
3447
3745
3745
3904
3904
4306
4306
4306
4306
3904
3904
3952
3952
3952
3979
3974
3974
3975
3975
4411
4411
4791
4796
4796
4796
4748
4748
4748
4649
4644
4643
4644
4644
4644
4643
4643
4643
4616
4616
4616
4616
4616
4616
4621
4621
4616
4617
4644
5046
5045
4934
4982
4982
4982
4982
4982
4546
4545
4981
4683
4794
4795
4253
4253
4253
4253
4253
4254
4254
3916
4214
4214
4187
4187
4192
4187
4187
4187
4139
4139
4139
4139
4477
4477
4525
4525
4201
4201
4206
4530
4530
4530
4419
4095
4122
4074
4173
4172
4167
4709
4757
4757
4758
4758
4758
4758
4763
4604
4604
4604
4604
4604
4604
4603
4603
4603
4603
4714
4709
4709
5033
5033
5038
4641
4641
4593
4990
4588
4588
4747
4742
4583
4484
4484
4532
4532
4532
4484
4483
4885
4641
4641
4641
4641
4642
4642
4886
4886
4985
4990
5038
5038
5038
4990
4610
4658
4817
4479
4817
4818
4813
5193
5192
4947
4947
4947
5192
5197
4570
4570
5197
5197
5149
5149
5149
5149
5149
5050
5050
5050
5050
5023
5023
4779
4779
4778
4778
4877
4877
4872
4872
4877
4632
4473
4473
4521
4521
4522
4522
4522
4522
4522
4522
4522
4522
4522
4142
4387
4387
4387
4387
4387
4631
4790
4790
4354
4381
4381
4282
4281
4281
4661
4760
4760
4601
5037
4989
4990
4990
5038
4927
4927
4927
4927
4926
5037
5037
5037
5010
5010
5005
5005
5005
5005
5005
5164
5191
5191
5191
5092
5093
5093
5093
5093
5066
5066
4768
4768
4767
4768
4795
4794
4794
4893
4893
4513
4513
4893
4782
4782
4782
4782
4782
4782
4893
4893
4866
4866
4866
4866
4621
4621
4621
4621
4297
4298
4297
4297
4297
4324
4324
4324
4324
4324
4648
4893
4893
4893
4893
4893
5191
4946
4946
5191
5080
5080
5080
5080
5080
5080
5080
5080
5080
5080
5080
5081
5081
5081
5081
5080
5080
5080
5080
5080
5080
5191
5191
5191
5191
5032
5037
5037
5038
4939
4939
5038
5038
5038
5038
5038
5038
5038
5011
5011
5011
5006
5006
5006
5165
5165
4841
4842
4847
4842
4842
4598
4597
4549
4549
4549
4549
4548
4553
4255
4255
4255
4256
4255
4255
4255
4156
4156
4400
4401
4063
4063
4063
4063
4063
4063
4063
4063
4063
4090
4189
4189
4189
4189
4189
4078
3676
3675
3675
3648
3986
4097
4097
4097
4124
4125
4126
4126
4126
4126
4126
4121
4121
4126
4424
4424
4748
4748
4721
4721
4769
4769
4769
4769
4769
4796
4769
4769
5171
5171
5060
5060
4901
4901
4901
4901
4901
4853
4848
4848
4848
4896
4896
4896
4895
4896
4901
5060
5055
4810
4810
4809
5054
5054
5081
4539
4539
5081
5192
5192
5192
5193
5193
5193
5193
5193
5145
5145
5046
5046
5046
5094
5094
5094
5094
4714
4714
4687
4687
4687
4687
4687
4145
4144
4686
5066
5093
5093
4795
4747
4752
4753
4852
4852
4693
4693
4741
4741
4642
4642
4642
4615
4615
4615
4913
4913
5012
4964
4853
4848
4896
4895
4894
4894
4894
4894
4894
4894
4894
4894
4894
4894
5005
5005
5032
5032
5032
5032
4933
4933
4885
4933
4933
4933
4933
4822
4822
4827
4827
4827
4827
4827
4986
4986
4986
4987
4987
4986
4938
4938
4938
4938
4939
4939
4939
4939
5038
5038
4939
4939
4939
4939
4939
4939
4939
5050
4806
4905
4905
4905
4906
4906
4906
4905
4878
4905
4905
4905
4794
4789
5033
5006
4907
4907
5006
5054
5081
4922
5081
5081
5192
5192
5192
5192
5192
5192
4868
4841
4841
4841
5165
5165
5165
5165
5165
5165
5166
5193
5193
5193
5082
5193
5193
5193
5193
5193
5193
5193
4895
4895
5193
5193
5193
5193
5193
5193
5145
5145
5034
5034
5034
5034
5145
5145
5145
5193
5193
5193
5193
5198
5198
5198
5198
5198
5198
5198
5198
5193
5192
5192
5192
5192
5193
5193
5193
5193
5193
5193
5192
5144
5144
5144
5144
5144
5144
5045
5045
5045
5046
5046
5046
5094
5094
5094
5094
5094
5046
5145
5144
5144
5144
5117
5117
5117
5118
4716
4715
4742
4742
4747
4747
4747
4747
4747
4747
4747
4747
4747
4747
4747
4748
4424
4419
4419
4419
4418
4307
4307
4307
4307
4307
4307
4709
4709
4709
4820
4825
4825
4666
4666
4714
4687
4688
4683
4683
4683
4683
4688
4688
4688
4688
4443
4443
4443
4443
4442
4394
4393
4393
4149
4394
4421
4421
4421
4310
4310
4469
4469
4370
4370
4370
4370
4370
4370
4370
4370
4370
4370
4370
4371
4615
4663
4663
4663
4663
4663
4663
4663
4663
4774
4774
4774
4774
4774
4774
4530
4503
4503
4503
4503
4344
4233
4233
4344
4344
4344
4344
4344
4343
4343
4295
4454
4502
4391
4343
4343
4667
4667
4667
4766
5010
5010
5010
4911
4911
4911
4911
4912
4912
4912
4912
4913
4913
4913
4913
4913
5024
5024
5123
5123
5123
5123
5123
5123
5171
5171
5171
5171
5166
5165
5117
5117
5117
5117
5117
4958
5006
4895
5054
5054
5054
4809
4809
4810
4815
4815
5060
5060
5060
5059
5059
5059
5058
5059
5059
5059
5059
5059
5058
5058
4814
4814
4814
4809
4836
5080
5080
5080
5080
5053
5053
5053
5053
5053
5164
5164
5164
5165
5165
5165
5165
5165
5165
5165
5165
5165
5192
5191
5191
5191
5080
5080
5080
5080
5080
5080
5080
5080
5080
5080
5191
5191
5196
5097
5097
5092
5092
5092
5191
5192
5192
5192
5197
5197
5197
5197
5197
5197
5197
5098
5098
5098
5098
5099
5098
5093
5093
5093
5098
5098
5098
5098
5093
5093
5093
5093
5092
5092
5092
5092
5092
5092
5092
5092
5044
5017
5116
5116
5116
4957
4958
5117
5117
5117
5117
5122
5122
5122
5122
5122
5122
5122
5122
5122
5122
5117
5117
5116
5116
5117
5117
5117
5117
5118
5118
5118
5123
5122
4798
4799
4799
4799
4799
4799
4799
4799
5123
5012
5011
4912
4912
4912
4912
4912
4912
4912
5011
5011
5059
5059
5059
5059
5059
5059
4815
4815
4815
4815
4814
4815
4815
4570
4570
4570
4570
4570
4570
4570
4570
4570
4570
4681
4681
4681
4681
4570
4565
4809
4809
4809
4809
4808
4809
4809
4809
4810
4810
4810
4810
4815
4815
4815
4815
4814
4814
4814
4814
4814
4809
4809
4809
4710
4715
4556
4557
4656
4656
4656
4656
4901
4901
4901
4900
4900
4901
4901
4900
4900
4901
4901
4896
4896
4896
4896
5007
5007
4896
4896
4923
4923
5082
5082
5193
5193
5192
5192
5093
5093
5093
5066
5066
5066
5165
5165
5192
5081
5081
5081
5081
4922
5033
5033
5006
5006
5006
5006
5006
5006
5006
5006
5006
5007
5007
5166
5166
5166
5166
5118
5117
5165
5192
5192
5192
5192
5192
5192
5192
5192
5192
5192
5197
5197
5197
5086
5086
5086
5059
5060
5060
5055
5055
5055
5055
4810
4837
4837
4837
4837
4678
4789
4741
4746
4745
4793
4952
4952
4952
4952
4853
4853
4853
4853
4848
4848
4848
4848
4848
4848
4853
4952
4952
4952
4952
4952
4952
4952
4947
4947
4947
4946
4947
4947
4947
4947
4947
4947
4947
4947
4952
4952
4952
4953
4953
4953
4953
5198
5198
5198
5171
5171
4926
4926
4953
4953
4953
4953
4953
4953
4953
4953
4953
4953
4953
4953
4948
4948
4948
4948
4948
4948
4953
4953
4953
4615
4615
4615
4860
4860
5198
5197
5197
5197
5198
5099
5099
5099
5099
5098
4987
4987
4939
4939
4939
4939
4939
4939
4939
4939
4939
4939
4939
4938
4938
4938
4933
4933
4934
4939
4940
4940
4940
4940
4940
4940
4939
4939
4780
4780
4891
4891
4990
4990
5038
4939
4912
4912
4912
5011
5011
5006
5006
5165
5165
5165
5170
5170
5171
5171
5171
5198
5198
5198
5197
5197
5197
5197
5197
5197
5197
5197
5197
5197
5149
5149
5149
5149
5149
4713
4714
5150
5145
5145
5145
5145
5145
5150
5150
5150
5150
5149
5149
5149
5149
5149
5149
5149
5122
5122
5122
5122
5122
5122
5122
5122
5122
4963
4852
4852
4852
4852
4963
4963
4963
4964
4964
4964
4964
4964
4964
4964
5123
5123
5123
5150
5150
5149
5149
5149
5149
5149
5149
5144
5192
5192
5192
5192
5191
5191
4947
4899
4899
4899
4900
4900
4900
4900
4900
4900
4900
4900
4900
4900
4873
4873
4872
4873
4874
4874
4874
4874
4874
4879
4879
4879
4879
4927
4927
4927
4927
4927
4927
4922
4922
4922
4949
4948
4703
4703
4703
4604
4556
4555
4555
4555
4555
4555
4603
4603
4608
4608
4603
4603
4603
4603
4603
4603
4604
4609
4609
4609
4608
4608
4608
4852
4853
4853
4853
4848
5093
5092
5092
5092
5065
5065
5065
5065
5065
5065
4954
4954
4954
4954
4954
4954
4954
4981
4981
4981
5092
5092
5092
5092
5092
5092
5092
5092
5092
5092
5092
5191
5191
5191
5191
5191
5196
5196
5196
5196
5196
5196
5196
5197
5197
5198
5039
5039
5039
4991
4990
5149
5149
5149
5149
5149
5149
5038
5038
5038
5011
5011
4687
4687
4687
4682
4682
4682
4682
4683
4683
4682
4682
4682
4709
4709
4682
4709
4714
4713
4713
4714
4714
4714
4709
4709
4714
4709
5033
5081
5081
5081
5080
5085
5085
5085
5080
5080
5080
5080
5080
5085
5080
5080
5085
5085
5085
5085
5085
5196
5196
5097
5097
5097
5097
5097
5097
5097
5097
5097
5092
5044
5017
5017
5017
5018
5117
5117
5165
5165
5164
5164
5164
5165
5166
5166
5166
5166
5166
5166
5166
5166
5166
5166
5166
5166
5166
5166
5166
5166
5165
5165
5192
5192
5192
5192
5192
5192
5165
5165
5165
5165
5165
5165
5165
5165
5165
5165
5165
5165
5165
5192
5192
5192
5192
5191
5191
5191
5196
5196
5148
5148
5148
5148
5148
5148
5148
5149
5149
5149
5144
5144
5192
5191
5191
5191
5191
5191
5191
5191
5191
5191
5191
5191
5196
5197
5197
5197
5192
5192
5192
5192
5192
5093
5093
4934
5093
5093
5098
5098
5098
5071
5071
5071
5071
5071
5071
5071
5071
5071
5070
5070
5071
5170
5170
5165
5165
5166
5166
5166
5165
5165
5170
5170
5122
5122
5122
5122
5121
5116
5116
5117
5117
5117
5144
5144
5144
5144
5144
5144
5192
5191
5191
5192
5192
5191
5196
5191
5191
5191
5191
5191
5191
5191
5191
5191
5191
5191
5191
5191
5196
5197
5196
5196
5196
5196
5197
5197
5192
5192
5192
5192
5192
5193
5193
5193
5192
5192
5192
5192
5192
5192
5192
5193
5193
5192
5192
5192
5192
5192
5192
5192
5192
5192
5192
5192
5192
5192
5192
5192
5192
5191
5143
5143
5143
5143
5144
5144
5144
5144
5143
5143
5144
5149
5150
5123
5123
5123
5123
5123
5118
5123
5123
5123
5123
5122
5123
5123
5123
5171
5171
5171
5171
5170
5170
5170
5170
5170
5197
5197
5197
5197
5192
5192
5192
5192
5197
5197
5197
5197
5197
5197
5192
5192
5192
5191
5191
5191
5191
5191
5191
5143
5143
5143
5143
5143
5143
5143
5143
5143
5143
5143
5143
5143
5191
5191
5196
5196
5196
5197
5197
5086
5038
5038
5038
5038
5086
5087
5087
5087
5087
5087
5087
5087
5087
5087
5087
5087
5087
5087
5086
5086
5086
5086
5086
5086
5197
5149
5149
5149
5197
5197
5170
5170
5170
5170
5170
5171
5198
5198
5198
5198
5198
5099
5099
5099
5098
5098
5098
5098
5099
5099
5094
5094
5094
5093
5093
5093
5093
5093
5094
5094
5094
5094
5094
5094
5094
5093
5098
5197
5197
5192
5192
5192
5192
5193
5193
5193
5193
5193
5193
5192
5192
5192
5193
5193
5193
5193
5193
5193
5145
5145
5145
5145
5145
5145
5144
5144
5144
5144
5143
5143
5143
5143
5143
5143
5143
5143
5143
5191
5164
5169
5169
5169
5164
5165
5165
5165
5165
5192
5192
5197
5170
5170
5169
5169
5169
5169
5121
5121
5121
5121
5122
5122
5122
5170
5165
5165
5165
5165
5166
5166
5166
5171
5171
5171
5170
5169
5169
5169
5170
5170
5171
5171
5171
5171
5123
5123
5123
5123
5123
5122
5122
5122
5122
5122
5122
5122
5122
5122
5170
5170
5170
5170
5170
5170
5170
5170
5170
5170
5122
5122
5122
5122
5122
5122
5149
5149
5149
5197
5197
5196
5197
5197
5198
5087
5087
5087
5087
5087
5087
5082
5082
5081
5080
5080
5080
5032
5032
5032
5032
5032
5032
5032
5033
5144
5144
5144
5144
5144
5144
5149
5149
5149
5149
5149
5149
5149
5149
5149
5149
5149
5149
5144
5144
5144
5144
5045
5045
5045
5046
5045
5045
5045
5045
5045
5045
5045
5045
5045
5050
5050
5050
5050
5049
5148
5143
5143
5143
5191
5191
5191
5191
5191
5191
5196
5196
5196
5169
5169
5169
5169
5169
5170
5170
5170
5170
5169
5169
5196
5196
5196
5196
5196
5197
5197
5197
5197
5197
5197
5192
5193
5193
5193
5193
5193
5192
5192
5192
5192
5192
5192
5197
5197
5197
5197
5197
5197
5197
5197
5198
5197
5197
5197
5197
5197
5197
5192
5192
5192
5192
5192
5191
5191
5192
5192
5192
5192
5192
5192
5192
5192
5192
5192
5192
5192
5192
5192
5192
5192
5192
5192
5192
5192
5192
5165
5165
5165
5165
5165
5165
5166
5166
5171
5171
5171
5171
5171
5171
5171
5170
5171
5171
5171
5171
5166
5165
5165
5170
5169
5169
5169
5169
5169
5169
5170
5170
5170
5059
5060
5059
5059
5059
5054
5165
5165
5165
5165
5166
5193
5193
5192
5192
5192
5192
5192
5192
5192
5192
5192
5193
5193
5166
5166
5166
5166
5166
5166
5166
5166
5166
5166
5165
5165
5165
5170
5170
5170
5170
5170
5170
5170
5170
5170
5071
5170
5170
5170
5170
5197
5197
5197
5197
5197
5197
5197
5196
5196
5196
5196
5196
5196
5196
5196
5196
5196
5197
5086
5086
5086
5086
5086
5059
5059
5059
5011
5006
5006
5006
5006
5117
5117
5117
5118
5118
5118
5118
5118
5118
5118
5118
5117
5117
5117
5117
5165
5165
5170
5170
5171
5171
5171
5170
5170
5170
5171
5170
5170
5170
5170
5170
5170
5170
5165
5165
5165
5192
5192
5192
5192
5192
5192
5192
5192
5192
5192
5191
5191
5191
5192
5165
5165
5165
5192
5192
5192
5192
5192
5192
5192
5193
5198
5198
5198
5198
5198
5198
5198
5198
5193
5193
5193
5193
5193
5193
5193
5193
5193
5193
5193
5193
5193
5193
5192
5192
5192
5191
5191
5191
5191
5191
5192
5197
5197
5197
5197
5197
5196
5196
5196
5196
5196
5196
5196
5197
5197
5197
5197
5197
5149
5149
5149
5149
5144
5144
5144
5144
5144
5144
5144
5144
5144
5192
5165
5165
5166
5193
5198
5198
5198
5198
5198
5197
5198
5198
5198
5197
5197
5197
5192
5192
5192
5192
5192
5192
5191
5191
5191
5191
5191
5191
5191
5191
5191
5191
5191
5191
5191
5191
5191
5164
5065
5066
5066
5066
5066
5066
5066
5065
5065
5065
5164
5191
5191
5191
5191
5192
5192
5192
5192
5192
5192
5192
5192
5192
5192
5192
5197
5197
5197
5197
5197
5197
5197
5197
5149
5149
5150
5039
5039
5039
5038
5038
5038
5037
5037
5037
5037
5037
5037
5037
5037
5037
5037
5037
5037
5037
5085
5085
5085
5085
5085
5085
5085
5085
5196
5196
5196
5197
5198
5197
5197
5197
5197
5197
5197
5197
5197
5197
5197
5197
5197
5197
5197
5197
5197
5197
5197
5197
5192
5192
5192
5192
5192
5191
5191
5191
5191
5191
5191
5191
5191
5191
5191
5192
5192
5192
5192
5193
5192
5192
5192
5192
5192
5192
5192
5192
5193
5198
5193
5145
5145
5145
5145
5145
5145
5145
5145
5144
5144
5144
5144
5144
5192
5165
5165
5165
5165
5165
5165
5165
5192
5192
5193
5193
5193
5193
5193
5193
5193
5198
5198
5197
5197
5197
5198
5198
5198
5198
5197
5197
5197
5197
5197
5197
5197
5197
5197
5197
5197
5197
5197
5192
5192
5192
5192
5192
5192
5193
5192
5192
5192
5192
5165
5165
5165
5165
5165
5165
5165
5165
5165
5192
5192
5193
5193
5198
5197
5197
5197
5197
5197
5197
5197
5197
5170
5170
5170
5170
5170
5165
5165
5165
5165
5165
5170
5165
5165
5165
5165
5165
5165
5170
5169
5169
5169
5170
5169
5169
5170
5170
5170
5170
5170
5197
5197
5197
5197
5196
5191
5191
5192
5192
5192
5192
5192
5197
5197
5197
5197
5197
5198
5193
5193
5193
5193
5193
5193
5193
5193
5193
5193
5193
5193
5192
5192
5192
5192
5192
5192
5192
5197
5197
5197
5197
5197
5197
5197
5197
5197
5197
5170
5170
5170
5170
5170
5170
5197
5197
5197
5197
5197
5196
5196
5196
5196
5196
5169
5169
5169
5170
5170
5170
5171
5171
5171
5170
5170
5170
5170
5170
5170
5170
5170
5170
5170
5170
5170
5170
5170
5170
5170
5165
5165
5165
5165
5165
5165
5192
5192
5192
5191
5191
5191
5191
5191
5191
5191
5192
5192
5197
5197
5197
5197
5197
5197
5197
5197
5197
5197
5197
5197
5197
5196
5196
5197
5197
5197
5197
5197
5197
5197
5198
5198
5198
5197
5197
5197
5197
5197
5197
5197
5197
5197
5197
5197
5197
5197
5197
5197
5197
5197
5197
5197
5197
5197
5197
5197
5192
5192
5192
5192
5192
5192
5193
5166
5166
5166
5166
5166
5166
5166
5165
5165
5165
5165
5165
5164
5164
5165
5192
5192
5192
5192
5192
5192
5192
5192
5192
5165
5165
5165
5165
5165
5165
5166
5166
5166
5118
5118
5123
5123
5123
5123
5123
5150
5150
5150
5150
5150
5145
5145
5145
5150
5123
5123
5122
5122
5123
5123
5150
5150
5150
5150
5150
5150
5150
5150
5150
5149
5149
5149
5149
5149
5144
5144
5144
5144
5144
5144
5144
5192
5192
5192
5192
5192
5192
5192
5192
5192
5192
5192
5165
5166
5166
5165
5165
5165
5165
5165
5165
5170
5170
5170
5170
5169
5169
5196
5196
5196
5197
5197
5197
5197
5197
5197
5196
5197
5197
5197
5197
5197
5198
5193
5193
5193
5192
5192
5192
5193
5193
5192
5193
5198
5197
5197
5197
5197
5198
5193
5193
5193
5193
5193
5193
5193
5193
5193
5198
5198
5198
5198
5198
5198
5198
5198
5198
5197
5197
5197
5197
5192
5192
5192
5192
5192
5192
5192
5192
5192
5192
5191
5191
5191
5191
5191
5191
5191
5191
5191
5191
5191
5191
5143
5143
5191
5191
5191
5191
5191
5191
5192
5192
5192
5192
5193
5193
5192
5192
5197
5197
5197
5197
5197
5197
5196
5196
5196
5196
5196
5196
5196
5197
5197
5198
5198
5198
5198
5197
5197
5197
5098
5197
5197
5197
5192
5192
5191
5191
5191
5191
5191
5164
5116
5116
5164
5164
5164
5164
5164
5164
5165
5165
5165
5164
5191
5191
5191
5191
5191
5191
5191
5196
5196
5196
5196
5196
5197
5197
5198
5198
5198
5193
5193
5193
5193
5193
5193
5193
5193
5193
5193
5193
5193
5193
5193
5193
5193
5193
5192
5192
5192
5193
5193
5193
5193
5193
5193
5193
5193
5193
5193
5198
5198
5198
5171
5170
5170
5170
5170
5170
5170
5170
5170
5170
5170
5170
5170
5165
5165
5165
5170
5170
5170
5170
5170
5197
5197
5197
5197
5197
5192
5192
5192
5192
5192
5165
5165
5165
5165
5165
5165
5170
5170
5170
5170
5170
5170
5197
5170
5170
5170
5170
5171
5171
5171
5171
5171
5171
5171
5171
5171
5171
5171
5170
5169
5169
5169
5169
5169
5169
5169
5169
5169
5169
5169
5169
5169
5169
5169
5169
5169
5169
5196
5196
5196
5196
5196
5196
5196
5191
5196
5196
5196
5196
5196
5196
5196
5196
5196
5196
5196
5196
5196
5197
5192
5192
5192
5192
5192
5192
5192
5192
5193
5193
5193
5192
5197
5198
5198
5198
5198
5087
5087
5087
5087
5087
5087
5087
5087
5087
5087
5087
5087
5087
5087
5087
5087
5087
5087
5087
5087
5198
5198
5198
5198
5197
5197
5170
5197
5197
5197
5197
5197
5197
5198
5198
5198
5193
5193
5198
5193
5193
5193
5192
5192
5191
5191
5191
5191
5191
5191
5191
5191
5191
5191
5191
5196
5197
5197
5192
5192
5192
5192
5192
5197
5197
5197
5197
5197
5197
5196
5196
5196
5196
5196
5196
5191
5191
5191
5191
5191
5191
5196
5197
5197
5197
5197
5197
5197
5197
5197
5197
5197
5197
5197
5197
5197
5197
5197
5198
5198
5198
5193
5193
5193
5193
5193
5193
5198
5198
5197
5196
5196
5196
5196
5196
5197
5197
5197
5192
5192
5192
5192
5192
5192
5193
5193
5193
5193
5192
5192
5192
5192
5192
5192
5192
5192
5197
5197
5197
5197
5197
5197
5198
5198
5198
5198
5197
5197
5197
5197
5197
5197
5197
5196
5196
5196
5196
5196
5196
5196
5196
5196
5196
5196
5196
5196
5196
5196
5196
5196
5196
5196
5196
5197
5197
5197
5197
5197
5197
5197
5197
5197
5197
5197
5197
5197
5198
5198
5198
5198
5198
5198
5198
5198
5198
5198
5198
5198
5198
5197
5197
5197
5197
5197
5197
5197
5197
5197
5197
5197
5197
5196
5196
5191
5191
5191
5191
5192
5192
5192
5192
5192
5192
5192
5192
5192
5192
5197
5196
5196
5196
5197
5197
5197
5197
5197
5198
5198
5198
5198
5198
5198
5198
5198
5197
5197
5197
5197
5197
5197
5197
5197
5197
5197
5197
5197
5197
5197
5197
5197
5197
5197
5198
5198
5198
5198
5197
5197
5197
5197
5197
5197
5197
5197
5197
5197
5197
5197
5197
5197
5197
5198
5198
5198
5198
5198
5198
5198
5198
5198
5198
5198
5198
5198
5198
5198
5198
5198
5198
5193
5193
5193
5193
5193
5193
5192
5192
5192
5192
5192
5192
5192
5192
5192
5192
5192
5193
5193
5193
5193
5193
5193
5192
5192
5192
5192
5192
5192
5192
5192
5192
5191
5196
5196
5191
5191
5191
5191
5192
5192
5191
5191
5192
5192
5192
5191
5191
5191
5191
5191
5191
5191
5191
5191
5191
5191
5191
5191
5191
5191
5191
5191
5191
5191
5191
5191
5191
5191
5191
5196
5196
5196
5197
5197
5197
5197
5197
5197
5197
5197
5197
5197
5197
5197
5197
5197
5197
5149
5149
5149
5149
5149
5149
5149
5122
5122
5122
5122
5122
5122
5122
5149
5149
5149
5149
5149
5149
5149
5149
5149
5149
5149
5149
5149
5149
5149
5144
5144
5144
5144
5144
5144
5143
5143
5143
5143
5191
5191
5191
5191
5191
5191
5191
5191
5191
5191
5191
5191
5191
5191
5191
5191
5191
5191
5191
5191
5196
5196
5196
5196
5196
5196
5196
5196
5196
5196
5197
5197
5197
5198
5198
5198
5198
5198
5197
5197
5197
5197
5198
5198
5198
5198
5198
5198
5198
5198
5198
5198
5198
5198
5198
5197
5197
5197
5196
5196
5196
5196
5196
5196
5196
5196
5196
5197
5197
5197
5197
5197
5197
5197
5197
5197
5197
5197
5197
5197
5198
5198
5198
5198
5197
5196
5196
5196
5196
5196
5196
5196
5196
5196
5196
5196
5196
5197
5197
5197
5197
5197
5197
5192
5192
5192
5197
5197
5197
5197
5197
5197
5197
5192
5193
5193
5193
5193
5193
5193
5193
5193
5198
5198
5198
5198
5198
5171
5171
5171
5171
5171
5171
5171
5170
5170
5197
5197
5197
5197
5192
5192
5192
5192
5192
5165
5165
5165
5164
5191
5191
5191
5191
5191
5191
5191
5191
5191
5191
5192
5192
5192
5192
5192
5192
5197
5170
5170
5170
5170
5165
5165
5165
5165
5165
5165
5165
5165
5165
5165
5165
5165
5165
5165
5165
5165
5165
5165
5165
5165
5166
5166
5166
5166
5166
5166
5166
5166
5166
5166
5171
5171
5171
5171
5171
5198
5193
5193
5198
5198
5198
5197
5197
5197
5197
5196
5196
5196
5196
5196
5196
5196
5196
5191
5191
5191
5191
5191
5191
5191
5191
5191
5191
5191
5191
5191
5192
5192
5165
5165
5165
5165
5165
5165
5164
5164
5164
5164
5164
5164
5169
5169
5169
5169
5169
5169
5169
5169
5169
5169
5169
5169
5169
5169
5164
5164
5169
5169
5169
5170
5170
5170
5170
5165
5165
5165
5165
5165
5165
5165
5165
5165
5165
5165
5165
5165
5165
5165
5165
5165
5165
5165
5165
5165
5165
5165
5165
5165
5165
5165
5165
5164
5169
5169
5169
5169
5164
5164
5164
5164
5164
5164
5164
5164
5164
5164
5165
5165
5170
5171
5171
5171
5171
5171
5171
5171
5171
5171
5171
5198
5198
5198
5198
5198
5198
5198
5198
5193
5193
5198
5198
5198
5198
5197
5197
5197
5197
5197
5197
5197
5197
5197
5192
5192
5192
5192
5192
5192
5192
5192
5192
5192
5192
5192
5192
5192
5192
5193
5193
5193
5198
5198
5198
5198
5198
5198
5198
5197
5197
5197
5197
5197
5197
5197
5197
5197
5198
5198
5198
5198
5198
5197
5197
5198
5198
5198
5198
5198
5198
5198
5198
5198
5198
5197
5197
5196
5196
5196
5196
5196
5196
5196
5196
5196
5196
5196
5196
5196
5196
5196
5196
5196
5196
5196
5196
5196
5196
5196
5191
5191
5191
5191
5196
5196
5196
5197
5197
5197
5197
5197
5197
5197
5197
5197
5197
5197
5197
5197
5197
5197
5197
5197
5197
5197
5197
5197
5197
5197
5197
5197
5197
5197
5196
5196
5196
5196
5197
5197
5197
5198
5198
5198
5198
5198
5198
5198
5198
5198
5198
5198
5198
5198
5198
5198
5197
5198
5198
5198
5198
5198
5198
5198
5197
5197
5197
5197
5197
5197
5196
5196
5196
5196
5196
5196
5196
5196
5197
5197
5197
5197
5197
5197
5197
5197
5197
5197
5197
5197
5197
5197
5192
5192
5192
5197
5197
5197
5197
5197
5197
5197
5197
5197
5198
5198
5198
5198
5198
5198
5197
5197
5197
5197
5198
5198
5198
5198
5198
5198
5198
5198
5198
5198
5198
5198
5198
5198
5198
5197
5197
5197
5197
5197
5197
5197
5197
5197
5192
5192
5192
5191
5191
5191
5192
5192
5192
5192
5197
5198
5198
5198
5198
5198
5198
5198
5198
5198
5198
5198
5198
5198
5198
5198
5198
5198
5198
5198
5198
5198
5198
5198
5198
5193
5193
5193
5193
5193
5193
5192
5192
5192
5192
5192
5192
5192
5192
5192
5192
5192
5192
5192
5192
5192
5192
5192
5192
5192
5192
5192
5192
5192
5192
5192
5192
5192
5192
5192
5192
5192
5192
5192
5192
5192
5192
5192
5197
5197
5197
5197
5197
5197
5197
5197
5197
5197
5197
5197
5197
5197
5197
5197
5197
5197
5197
5197
5197
5197
5197
5197
5197
5198
5198
5198
5198
5198
5197
5197
5197
5192
5192
5192
5191
5191
5191
5191
5191
5191
5191
5191
5191
5191
5191
5191
5191
5191
5191
5191
5191
5192
5192
5197
5197
5197
5197
5196
5196
5196
5196
5197
5197
5197
5197
5197
5197
5197
5198
5198
5198
5198
5198
5198
5198
5198
5198
5198
5198
5198
5198
5198
5198
5198
5198
5198
5198
5198
5198
5198
5198
5198
5198
5198
5198
5198
5198
5198
5198
5198
5198
5198
5198
5198
5198
5197
5197
5197
5197
5197
5196
5196
5196
5196
5196
5196
5196
5196
5196
5196
5191
5191
5191
5191
5191
5191
5191
5191
5191
5191
5191
5191
5192
5192
5197
5196
5196
5196
5196
5196
5196
5196
5196
5196
5196
5196
5196
5196
5196
5196
5196
5196
5196
5196
5196
5196
5197
5196
5197
5197
5197
5197
5197
5197
5197
5197
5197
5197
5197
5197
5197
5197
5197
5197
5197
5197
5197
5197
5196
5197
5197
5197
5197
5197
5197
5197
5197
5197
5197
5197
5197
5197
5197
5197
5197
5197
5197
5197
5198
5198
5198
5198
5197
5197
5197
5192
5192
5192
5192
5192
5192
5192
5192
5192
5193
5192
5192
5192
5192
5192
5192
5192
5191
5191
5191
5191
5191
5191
5191
5192
5192
5192
5192
5192
5197
5198
5198
5198
5198
5197
5197
5197
5196
5196
5196
5196
5196
5197
5197
5197
5197
5197
5197
5197
5197
5197
5196
5196
5196
5196
5196
5196
5196
5196
5196
5197
5197
5197
5197
5198
5197
5197
5197
5197
5197
5197
5197
5197
5198
5198
5198
5198
5197
5197
5198
5198
5198
5198
5198
5198
5198
5198
5197
5197
5197
5197
5198
5198
5198
5198
5198
5198
5198
5198
5198
5198
5197
5197
5197
5196
5196
5196
5196
5196
5196
5196
5196
5196
5196
5196
5196
5196
5196
5196
5196
5196
5196
5196
5196
5196
5196
5197
5198
5197
5198
5198
5198
5198
5198
5198
5198
5198
5198
5198
5198
5198
5198
5198
5198
5198
5193
5193
5192
5193
5193
5193
5193
5198
5198
5198
5198
5198
5198
5198
5198
5198
5198
5198
5198
5197
5197
5197
5197
5197
5197
5197
5198
5198
5198
5198
5197
5197
5197
5197
5197
5197
5197
5197
5197
5197
5197
5197
5196
5196
5196
5196
5196
5196
5196
5196
5197
5197
5198
5197
5197
5197
5197
5197
5197
5197
5197
5197
5196
5191
5191
5196
5196
5196
5196
5196
5196
5196
5196
5196
5196
5196
5196
5196
5196
5196
5196
5196
5196
5196
5196
5197
5198
5198
5198
5198
5198
5198
5198
5198
5198
5198
5198
5198
5198
5198
5198
5198
5198
5198
5198
5198
5198
5197
5197
5196
5196
5196
5196
5196
5196
5197
5197
5196
5196
5196
5196
5196
5196
5196
5197
5197
5197
5197
5197
5198
5198
5198
5198
5198
5198
5198
5198
5198
5198
5198
5198
5198
5197
5197
5197
5197
5197
5197
5197
5197
5197
5197
5197
5197
5197
5197
5192
5192
5192
5192
5197
5196
5196
5196
5196
5196
5196
5197
5197
5197
5197
5197
5197
5196
5196
5196
5196
5196
5196
5196
5197
5197
5197
5197
5197
5197
5197
5197
5196
5196
5196
5191
5191
5191
5191
5191
5191
5191
5191
5191
5191
5191
5191
5191
5191
5191
5196
5197
5197
5197
5197
5197
5197
5197
5197
5197
5197
5196
5196
5196
5196
5196
5197
5197
5197
5197
5197
5197
5197
5197
5197
5197
5197
5197
5197
5197
5197
5197
5197
5197
5197
5197
5197
5197
5197
5197
5197
5197
5192
5197
5197
5197
5197
5196
5196
5196
5196
5196
5196
5196
5196
5196
5196
5196
5196
5196
5196
5196
5196
5196
5196
5196
5196
5196
5196
5196
5196
5197
5197
5197
5197
5197
5197
5197
5197
5197
5197
5197
5197
5197
5197
5197
5197
5197
5197
5197
5198
5198
5197
5197
5197
5197
5197
5197
5197
5197
5197
5197
5198
5198
5198
5198
5198
5198
5198
5198
5198
5193
5193
5192
5192
5192
5192
5192
5192
5192
5193
5193
5198
5198
5198
5197
5197
5197
5197
5197
5196
5196
5196
5196
5196
5196
5196
5196
5197
5197
5197
5197
5197
5197
5197
5197
5197
5197
5197
5197
5197
5197
5196
5196
5196
5196
5196
5196
5196
5196
5196
5196
5196
5196
5196
5197
5196
5196
5196
5196
5196
5196
5196
5196
5196
5196
5196
5196
5196
5196
5196
5197
5197
5197
5197
5197
5197
5197
5197
5197
5197
5197
5197
5197
5197
5197
5197
5192
5197
5197
5197
5197
5197
5197
5196
5196
5196
5196
5196
5196
5197
5197
5197
5197
5197
5197
5197
5197
5197
5197
5198
5198
5197
5197
5197
5197
5192
5192
5192
5193
5193
5193
5193
5193
5193
5193
5193
5193
5193
5198
5198
5193
5193
5193
5193
5193
5193
5193
5193
5193
5193
5193
5193
5193
5193
5193
5193
5193
5198
5197
5198
5198
5198
5198
5198
5198
5198
5198
5198
5198
5198
5198
5198
5198
5198
5198
5198
5197
5197
5197
5197
5197
5197
5197
5197
5196
5196
5196
5196
5196
5196
5196
5196
5196
5196
5196
5196
5196
5197
5197
5197
5197
5197
5197
5197
5198
5198
5198
5198
5198
5198
5198
5198
5193
5193
5193
5193
5193
5193
5193
5193
5193
5193
5193
5193
5193
5193
5192
5192
5192
5192
5193
5193
5193
5198
5198
5197
5197
5197
5197
5197
5197
5197
5197
5197
5198
5198
5198
5198
5197
5197
5197
5197
5197
5196
5196
5196
5196
5196
5196
5197
5197
5197
5197
5197
5197
5197
5197
5197
5197
5197
5197
5197
5197
5197
5197
5197
5197
5197
5197
5197
5198
5198
5198
5198
5198
5198
5198
5198
5198
5198
5198
5198
5198
5198
5198
5198
5198
5198
5198
5198
5198
5198
5198
5198
5198
5198
5198
5198
5198
5198
5198
5198
5198
5197
5197
5197
5197
5197
5197
5197
5197
5197
5197
5198
5198
5198
5198
5197
5198
5198
5198
5197
5197
5197
5197
5197
5197
5197
5197
5197
5197
5198
5198
5197
5197
5197
5197
5197
5197
5197
5197
5197
5197
5197
5192
5193
5193
5193
5193
5193
5193
5193
5193
5193
5193
5193
5193
5193
5193
5193
5193
5193
5193
5193
5192
5192
5192
5192
5192
5192
5192
5192
5192
5192
5192
5192
5192
5192
5193
5192
5192
5192
5192
5192
5192
5192
5192
5197
5198
5198
5198
5193
5192
5193
5193
5193
5193
5193
5193
5193
5193
5193
5193
5193
5193
5193
5193
5193
5193
5193
5193
5198
5198
5198
5198
5198
5198
5198
5198
5198
5198
5198
5198
5198
5198
5198
5197
5197
5197
5196
5196
5196
5197
5197
5197
5197
5197
5197
5196
5196
5196
5196
5196
5196
5196
5196
5196
5196
5197
5197
5197
5197
5197
5197
5197
5197
5197
5197
5197
5197
5197
5197
5197
5197
5198
5198
5198
5198
5198
5198
5198
5197
5196
5196
5196
5196
5196
5196
5196
5196
5196
5196
5197
5197
5197
5197
5197
5196
5196
5196
5196
5197
5197
5197
5197
5197
5197
5197
5197
5197
5197
5198
5198
5198
5198
5198
5198
5198
5198
5198
5198
5198
5198
5198
5198
5198
5198
5198
5198
5198
5198
5197
5197
5197
5197
5197
5197
5198
5198
5198
5198
5197
5197
5197
5197
5197
5197
5197
5197
5197
5197
5197
5197
5197
5197
5197
5197
5197
5197
5197
5197
5197
5197
5197
5197
5197
5197
5197
5197
5192
5192
5192
5192
5192
5192
5192
5192
5192
5192
5192
5192
5197
5197
5197
5197
5197
5197
5197
5197
5197
5198
5198
5198
5198
5198
5198
5198
5198
5198
5198
5198
5197
5197
5197
5197
5197
5197
5197
5197
5197
5197
5197
5197
5197
5196
5197
5197
5197
5197
5197
5197
5197
5196
5197
5197
5197
5197
5197
5197
5197
5197
5197
5197
5198
5198
5198
5198
5198
5198
5198
5198
5198
5198
5198
5198
5198
5198
5198
5198
5198
5198
5198
5198
5198
5198
5198
5198
5198
5198
5198
5198
5198
5198
5198
5198
5198
5198
5198
5198
5198
5198
5198
5198
5198
5198
5198
5198
5198
5198
5198
5198
5198
5198
5198
5198
5198
5198
5198
5198
5198
5198
5198
5198
5198
5198
5198
5198
5198
5198
5198
5197
5197
5197
5197
5197
5197
5197
5197
5197
5198
5198
5198
5198
5198
5198
5198
5197
5197
5197
5197
5197
5197
5197
5197
5197
5197
5197
5197
5197
5197
5197
5197
5192
5192
5192
5192
5192
5192
5192
5197
5197
5197
5197
5197
5197
5197
5197
5197
5197
5197
5197
5197
5198
5197
5197
5197
5198
5198
5198
5198
5198
5198
5198
5198
5198
5198
5198
5198
5198
5197
5197
5197
5197
5197
5197
5197
5197
5197
5197
5197
5197
5197
5197
5197
5197
5197
5197
5197
5197
5197
5197
5197
5197
5197
5197
5197
5197
5197
5197
5197
5197
5197
5197
5197
5197
5197
5197
5197
5197
5197
5197
5197
5192
5193
5193
5198
5198
5198
5197
5197
5197
5197
5196
5196
5196
5196
5196
5196
5196
5196
5196
5196
5196
5197
5197
5197
5197
5197
5197
5197
5197
5197
5197
5197
5197
5197
5197
5197
5197
5197
5196
5196
5197
5197
5197
5197
5197
5197
5198
5198
5198
5198
5198
5198
5198
5198
5198
5198
5198
5198
5197
5197
5197
5197
5197
5197
5197
5197
5197
5198
5198
5198
5197
5197
5197
5197
5197
5197
5197
5197
5197
5197
5197
5197
5197
5197
5197
5197
5198
5198
5198
5198
5198
5198
5198
5198
5198
5198
5198
5198
5198
5198
5197
5197
5197
5197
5197
5197
5197
5197
5197
5197
5197
5196
5196
5196
5196
5196
5196
5196
5196
5196
5197
5197
5197
5197
5197
5196
5196
5196
5196
5196
5196
5196
5196
5196
5196
5196
5196
5196
5196
5197
5197
5197
5197
5197
5197
5197
5198
5198
5198
5198
5198
5198
5197
5197
5197
5197
5196
5196
5196
5197
5197
5197
5197
5197
5197
5197
5197
5197
5197
5197
5197
5197
5197
5197
5197
5197
5197
5197
5197
5197
5197
5197
5197
5197
5197
5197
5197
5197
5197
5197
5197
5197
5197
5197
5197
5197
5197
5197
5197
5197
5197
5198
5198
5198
5198
5198
5198
5198
5198
5198
5198
5193
5193
5198
5198
5198
5198
5198
5198
5198
5198
5198
5198
5198
5197
5197
5197
5197
5197
5197
5197
5198
5198
5198
5198
5198
5198
5198
5198
5198
5198
5198
5198
5198
5198
5198
5198
5198
5198
5198
5198
5198
5198
5198
5198
5198
5198
5198
5198
5198
5198
5198
5198
5198
5198
5198
5198
5198
5198
5198
5198
5198
5198
5198
5198
5198
5197
5197
5197
5198
5198
5198
5198
5198
5198
5198
5198
5198
5198
5198
5198
5198
5198
5198
5198
5198
5197
5197
5197
5197
5197
5197
5197
5197
5197
5197
5197
5197
5197
5197
5197
5197
5197
5197
5197
5197
5197
5197
5196
5196
5196
5196
5196
5196
5196
5196
5196
5196
5196
5196
5196
5196
5196
5196
5196
5196
5196
5196
5196
5196
5196
5196
5196
5196
5197
5197
5197
5197
5197
5197
5197
5197
5197
5197
5197
5197
5197
5197
5192
5192
5193
5193
5193
5193
5193
5193
5193
5193
5193
5193
5193
5193
5193
5193
5193
5193
5193
5193
5193
5192
5192
5192
5192
5192
5192
5192
5192
5192
5192
5192
5192
5192
5192
5192
5192
5192
5192
5192
5192
5192
5192
5192
5192
5192
5192
5192
5192
5192
5192
5191
5191
5191
5191
5192
5192
5192
5192
5192
5192
5192
5192
5192
5192
5192
5192
5192
5192
5192
5192
5192
5192
5192
5193
5193
5193
5193
5193
5193
5193
5193
5193
5192
5197
5197
5197
5197
5197
5197
5197
5197
5197
5198
5198
5198
5198
5198
5198
5198
5198
5198
5198
5198
5198
5198
5198
5198
5198
5198
5198
5198
5198
5198
5198
5198
5198
5198
5198
5198
5198
5198
5198
5198
5198
5198
5197
5197
5197
5197
5197
5197
5197
5197
5197
5197
5197
5197
5197
5197
5197
5196
5196
5196
5196
5196
5196
5197
5197
5198
5197
5197
5196
5196
5196
5196
5196
5197
5197
5197
5198
5198
5198
5198
5198
5198
5198
5198
5198
5198
5198
5198
5198
5198
5198
5198
5198
5198
5198
5198
5198
5193
5192
5197
5197
5197
5197
5197
5197
5197
5197
5197
5197
5198
5198
5198
5198
5198
5198
5198
5198
5198
5198
5198
5198
5198
5198
5197
5197
5197
5197
5197
5197
5197
5197
5197
5197
5198
5198
5198
5198
5198
5198
5198
5198
5198
5198
5198
5198
5198
5198
5198
5198
5198
5198
5198
5198
5198
5198
5198
5198
5198
5198
5198
5198
5198
5198
5198
5198
5198
5198
5198
5198
5198
5198
5198
5198
5197
5197
5197
5197
5197
5197
5197
5198
5198
5198
5198
5198
5197
5197
5197
5197
5197
5197
5196
5196
5196
5196
5196
5196
5196
5196
5196
5196
5196
5196
5196
5196
5196
5196
5196
5197
5198
5198
5198
5198
5198
5198
5198
5197
5197
5197
5197
5197
5197
5197
5197
5197
5197
5197
5197
5197
5197
5197
5197
5197
5197
5197
5198
5198
5198
5198
5198
5198
5198
5198
5198
5198
5198
5193
5193
5193
5193
5193
5193
5193
5193
5193
5198
5198
5198
5198
5197
5197
5197
5197
5197
5197
5197
5197
5197
5197
5197
5197
5197
5197
5197
5197
5197
5197
5197
5197
5197
5197
5197
5197
5197
5197
5197
5197
5197
5197
5197
5197
5197
5197
5197
5197
5197
5197
5197
5197
5197
5197
5197
5198
5198
5198
5198
5198
5198
5198
5198
5198
5198
5198
5198
5198
5198
5198
5198
5198
5198
5198
5198
5198
5198
5198
5198
5198
5198
5198
5198
5198
5198
5198
5198
5198
5198
5198
5198
5198
5198
5198
5198
5198
5198
5198
5198
5198
5198
5198
5198
5197
5197
5197
5197
5197
5197
5197
5197
5197
5197
5197
5197
5197
5197
5197
5197
5197
5197
5197
5197
5198
5198
5198
5198
5198
5198
5198
5198
5198
5198
5198
5198
5198
5198
5198
5198
5198
5198
5198
5198
5198
5197
5197
5198
5198
5198
5198
5198
5198
5198
5197
5197
5197
5197
5197
5197
5197
5197
5197
5197
5198
5198
5198
5198
5198
5198
5198
5198
5198
5198
5198
5198
5198
5198
5198
5198
5198
5198
5198
5198
5198
5198
5198
5198
5198
5198
5198
5197
5197
5198
5198
5198
5198
5198
5198
5198
5198
5198
5197
5197
5197
5197
5197
5197
5197
5197
5197
5197
5196
5196
5196
5196
5196
5196
5196
5196
5196
5197
5197
5197
5197
5198
5198
5198
5198
5198
5198
5198
5198
5198
5198
5198
5198
5198
5198
5198
5198
5198
5198
5197
5198
5198
5198
5198
5198
5198
5198
5198
5198
5198
5197
5197
5197
5197
5197
5197
5197
5197
5197
5197
5197
5198
5198
5198
5198
5198
5198
5198
5198
5198
5198
5198
5198
5198
5198
5198
5198
5198
5198
5198
5198
5198
5198
5198
5197
5197
5197
5197
5197
5197
5197
5197
5197
5197
5197
5197
5196
5196
5196
5196
5196
5196
5196
5196
5196
5196
5196
5196
5196
5196
5196
5196
5197
5197
5197
5198
5198
5198
5198
5198
5198
5198
5198
5198
5198
5198
5198
5198
5198
5198
5198
5198
5198
5198
5198
5198
5198
5198
5198
5193
5198
5198
5198
5198
5198
5198
5197
5197
5197
5197
5197
5197
5197
5197
5197
5196
5197
5196
5196
5196
5196
5196
5196
5196
5196
5196
5196
5196
5197
5197
5197
5197
5197
5197
5198
5198
5198
5198
5198
5198
5198
5198
5198
5198
5198
5198
5198
5198
5198
5198
5198
5198
5198
5198
5198
5198
5193
5193
5193
5192
5192
5192
5192
5192
5192
5192
5193
5193
5193
5193
5193
5193
5193
5192
5192
5192
5192
5197
5197
5198
5198
5198
5198
5198
5198
5198
5197
5197
5197
5197
5197
5197
5197
5197
5197
5197
5196
5196
5197
5197
5197
5197
5197
5197
5197
5197
5197
5197
5197
5197
5197
5197
5197
5197
5197
5197
5197
5197
5197
5197
5197
5197
5197
5197
5197
5197
5197
5197
5197
5197
5197
5197
5197
5197
5198
5198
5198
5198
5198
5198
5198
5198
5198
5198
5198
5198
5198
5198
5197
5197
5197
5197
5197
5197
5197
5197
5197
5197
5197
5196
5196
5196
5196
5196
5196
5196
5196
5196
5196
5196
5196
5196
5196
5196
5196
5196
5196
5196
5197
5197
5197
5197
5197
5197
5197
5198
5198
5198
5198
5197
5197
5197
5197
5197
5197
5197
5197
5197
5197
5197
5197
5197
5197
5197
5197
5197
5197
5197
5197
5197
5197
5197
5197
5197
5197
5197
5197
5197
5197
5197
5197
5198
5198
5198
5198
5198
5198
5198
5198
5198
5198
5198
5198
5198
5198
5197
5197
5197
5197
5197
5197
5197
5197
5197
5196
5197
5197
5197
5196
5196
5196
5196
5197
5197
5197
5197
5197
5197
5197
5197
5197
5197
5198
5198
5198
5198
5198
5198
5198
5198
5198
5198
5198
5198
5198
5198
5198
5198
5198
5198
5198
5198
5198
5198
5198
5198
5198
5198
5198
5198
5198
5198
5198
5198
5198
5198
5198
5198
5198
5198
5198
5198
5197
5197
5197
5198
5198
5198
5198
5198
5198
5198
5198
5198
5198
5198
5198
5198
5198
5197
5197
5197
5197
5197
5197
5197
5197
5197
5197
5197
5196
5196
5196
5197
5197
5197
5197
5197
5197
5197
5197
5196
5196
5196
5196
5197
5197
5197
5197
5197
5197
5197
5197
5197
5197
5197
5198
5198
5198
5198
5198
5198
5198
5198
5198
5198
5198
5198
5198
5198
5198
5198
5197
5197
5197
5197
5197
5197
5197
5197
5197
5197
5197
5197
5197
5197
5197
5197
5197
5197
5197
5197
5197
5197
5197
5197
5197
5197
5197
5197
5197
5197
5197
5197
5197
5197
5197
5197
5197
5197
5197
5196
5196
5197
5197
5197
5197
5197
5197
5197
5197
5197
5197
5197
5197
5197
5197
5197
5197
5197
5197
5197
5197
5197
5197
5197
5197
5197
5197
5197
5197
5197
5197
5197
5198
5198
5198
5198
5198
5198
5198
5198
5198
5198
5197
5197
5198
5198
5198
5198
5198
5198
5198
5197
5197
5197
5197
5197
5197
5197
5197
5197
5197
5197
5197
5197
5197
5197
5197
5197
5197
5197
5197
5198
5198
5198
5198
5198
5198
5198
5198
5198
5198
5198
5198
5198
5198
5198
5198
5197
5197
5197
5197
5197
5197
5197
5197
5197
5197
5197
5197
5197
5197
5197
5197
5198
5198
5198
5197
5197
5197
5197
5197
5197
5197
5197
5198
5198
5198
5198
5198
5198
5198
5198
5198
5198
5198
5198
5198
5198
5198
5198
5198
5198
5198
5198
5198
5198
5198
5198
5198
5198
5198
5198
5198
5198
5198
5198
5198
5198
5198
5198
5198
5198
5198
5197
5197
5197
5197
5197
5197
5197
5197
5197
5197
5197
5197
5197
5197
5197
5197
5197
5197
5197
5197
5197
5197
5198
5198
5198
5198
5198
5198
5198
5198
5198
5198
5198
5198
5198
5198
5198
5198
5198
5197
5197
5198
5198
5198
5198
5198
5198
5198
5198
5198
5198
5198
5198
5198
5198
5198
5198
5198
5198
5198
5198
5198
5198
5198
5198
5198
5198
5198
5198
5198
5198
5198
5197
5197
5197
5197
5197
5197
5197
5197
5197
5197
5196
5196
5196
5196
5196
5196
5196
5196
5196
5196
5196
5196
5196
5196
5196
5196
5196
5196
5196
5196
5196
5196
5196
5196
5197
5197
5197
5197
5197
5197
5197
5197
5197
5197
5197
5197
5197
5197
5197
5197
5197
5197
5197
5197
5197
5197
5197
5197
5197
5197
5197
5197
5197
5197
5197
5197
5198
5198
5198
5198
5198
5197
5197
5197
5197
5197
5197
5197
5197
5197
5197
5197
5197
5197
5197
5197
5197
5196
5196
5196
5196
5196
5196
5196
5197
5197
5197
5197
5198
5198
5198
5198
5198
5198
5198
5198
5198
5198
5198
5198
5198
5198
5198
5198
5198
5198
5198
5198
5198
5198
5198
5198
5197
5197
5197
5197
5197
5197
5197
5197
5197
5197
5197
5197
5197
5197
5197
5197
5197
5197
5197
5197
5197
5197
5197
5197
5197
5197
5197
5197
5197
5197
5197
5197
5198
5198
5198
5198
5198
5198
5198
5198
5198
5198
5198
5198
5198
5198
5198
5198
5198
5198
5198
5198
5198
5198
5198
5198
5198
5198
5198
5198
5198
5198
5198
5198
5198
5198
5198
5198
5198
5198
5198
5198
5198
5198
5198
5198
5198
5198
5198
5198
5198
5198
5198
5198
5198
5198
5198
5198
5198
5198
5198
5198
5197
5197
5197
5197
5197
5197
5197
5197
5197
5197
5197
5197
5197
5197
5197
5197
5197
5197
5197
5197
5197
5197
5197
5197
5197
5197
5197
5197
5198
5198
5198
5198
5198
5198
5198
5198
5198
5198
5198
5198
5198
5197
5197
5197
5197
5197
5197
5197
5197
5197
5197
5197
5197
5197
5197
5197
5197
5197
5197
5198
5198
5198
5198
5198
5198
5198
5198
5198
5198
5198
5198
5198
5198
5198
5198
5198
5198
5198
5198
5198
5198
5198
5198
5198
5198
5198
5198
5198
5198
5198
5198
5198
5198
5198
5198
5198
5198
5198
5198
5198
5198
5198
5198
5198
5198
5198
5198
5198
5198
5198
5198
5198
5198
5198
5198
5198
5198
5198
5198
5198
5198
5198
5198
5198
5198
5198
5198
5198
5198
5198
5198
5198
5198
5198
5198
5198
5198
5198
5198
5198
5198
5198
5198
5198
5198
5198
5198
5198
5198
5198
5198
5198
5198
5198
5198
5198
5198
5198
5198
5198
5198
5198
5198
5198
5198
5198
5198
5198
5198
5198
5198
5198
5198
5198
5198
5198
5198
5198
5198
5198
5198
5198
5198
5198
5198
5198
5198
5198
5198
5198
5198
5198
5198
5198
5198
5198
5198
5198
5198
5198
5198
5198
5198
5198
5198
5198
5198
5198
5198
5198
5198
5198
5198
5198
5198
5198
5198
5198
5198
5198
5198
5198
5198
5198
5198
5198
5198
5198
5198
5198
5198
5198
5198
5198
5198
5198
5198
5198
5198
5198
5198
5198
5198
5198
5198
5198
5198
5198
5198
5198
5198
5198
5198
5198
5198
5198
5198
5198
5198
5198
5198
5198
5198
5198
5198
5198
5198
5198
5198
5198
5198
5198
5198
5198
5198
5198
5198
5198
5198
5198
5198
5198
5198
5198
5198
5198
5198
5198
5198
5198
5198
5198
5198
5198
5198
5198
5198
5197
5197
5197
5197
5197
5197
5197
5197
5197
5197
5197
5197
5197
5197
5197
5197
5197
5197
5197
5197
5197
5197
5197
5197
5197
5197
5197
5197
5197
5197
5197
5197
5197
5197
5197
5197
5197
5197
5197
5197
5197
5197
5197
5197
5197
5197
5197
5197
5197
5197
5197
5197
5197
5197
5197
5197
5197
5197
5197
5197
5197
5197
5197
5197
5197
5197
5197
5197
5197
5197
5197
5197
5197
5197
5197
5197
5197
5197
5197
5197
5197
5197
5197
5197
5197
5197
5197
5197
5197
5197
5197
5197
5197
5197
5197
5197
5197
5197
5197
5197
5197
5197
5197
5197
5197
5197
5197
5197
5197
5197
5197
5197
5197
5197
5197
5197
5197
5197
5197
5197
5197
5196
5196
5196
5196
5196
5196
5197
5197
5197
5197
5197
5197
5197
5197
5197
5198
5198
5198
5198
5198
5198
5198
5198
5198
5198
5198
5198
5198
5198
5198
5198
5198
5198
5198
5198
5198
5198
5198
5198
5198
5198
5198
5198
5198
5198
5198
5198
5198
5198
5198
5198
5198
5198
5198
5197
5197
5197
5197
5197
5197
5197
5197
5197
5197
5197
5197
5197
5197
5197
5197
5197
5197
5197
5197
5197
5197
5197
5197
5197
5197
5197
5197
5197
5197
5198
5198
5198
5198
5198
5198
5198
5197
5197
5197
5197
5197
5197
5197
5197
5197
5197
5197
5197
5197
5197
5197
5197
5197
5197
5197
5197
5197
5197
5197
5197
5197
5197
5197
5197
5197
5197
5197
5197
5197
5197
5197
5197
5197
5198
5198
5198
5198
5198
5198
5198
5198
5198
5198
5198
5198
5198
5198
5198
5198
5198
5198
5198
5198
5198
5198
5198
5198
5198
5198
5198
5198
5198
5198
5198
5198
5198
5198
5198
5198
5198
5198
5198
5198
5198
5198
5198
5198
5198
5198
5198
5198
5198
5198
5198
5198
5198
5198
5198
5198
5198
5198
5198
5198
5198
5198
5198
5198
5198
5198
5198
5198
5198
5198
5198
5198
5198
5198
5198
5198
5198
5198
5198
5198
5198
5198
5198
5198
5198
5198
5198
5198
5198
5198
5198
5198
5198
5198
5198
5198
5198
5198
5198
5198
5198
5198
5198
5198
5198
5198
5198
5198
5198
5198
5198
5198
5198
5198
5198
5198
5198
5198
5198
5198
5198
5198
5198
5198
5198
5198
5198
5198
5198
5198
5198
5198
5198
5198
5198
5198
5198
5198
5198
5198
5198
5198
5198
5198
5198
5198
5198
5198
5198
5198
5198
5198
5198
5198
5198
5198
5198
5198
5198
5198
5198
5198
5198
5198
5198
5198
5198
5198
5198
5198
5198
5198
5198
5198
5198
5198
5198
5198
5198
5198
5198
5198
5198
5198
5198
5198
5198
5198
5198
5198
5198
5198
5198
5198
5198
5198
5198
5198
5198
5198
5198
5198
5198
5198
5198
5198
5198
5198
5198
5198
5198
5198
5198
5198
5198
5198
5198
5198
5198
5198
5198
5198
5198
5198
5198
5198
5198
5198
5198
5198
5198
5198
5198
5198
5198
5198
5198
5198
5198
5198
5198
5198
5198
5198
5198
5198
5198
5198
5198
5198
5198
5198
5198
5198
5198
5198
5198
5198
5198
5198
5198
5198
5198
5198
5198
5198
5198
5198
5198
5198
5198
5198
5198
5198
5198
5198
5198
5198
5198
5198
5198
5198
5198
5198
5198
5198
5198
5198
5198
5198
5198
5198
5198
5198
5198
5198
5198
5198
5198
5198
5198
5198
5198
5198
5198
5198
5198
5198
5198
5198
5198
5198
5198
5198
5198
5198
5198
5198
5198
5198
5198
5198
5198
5198
5198
5198
5198
5198
5198
5198
5198
5198
5198
5198
5198
5198
5198
5198
5198
5198
5198
5198
5198
5198
5198
5198
5198
5198
5198
5198
5198
5198
5197
5197
5197
5197
5197
5197
5197
5197
5197
5197
5197
5197
5197
5197
5197
5197
5197
5197
5197
5197
5197
5197
5197
5197
5197
5197
5197
5197
5197
5198
5198
5198
5198
5198
5198
5198
5198
5198
5198
5198
5198
5198
5198
5198
5198
5198
5198
5198
5198
5198
5198
5198
5198
5198
5198
5198
5198
5198
5198
5198
5198
5198
5198
5198
5198
5198
5198
5198
5198
5198
5198
5198
5198
5198
5198
5198
5198
5198
5198
5198
5198
5198
5198
5198
5198
5198
5198
5198
5198
5198
5198
5198
5198
5198
5198
5198
5198
5198
5198
5198
5198
5198
5198
5198
5198
5198
5198
5198
5198
5198
5198
5198
5198
5198
5198
5198
5198
5198
5198
5198
5198
5198
5198
5198
5198
5198
5198
5198
5198
5198
5198
5198
5198
5198
5198
5198
5198
5198
5198
5198
5198
5198
5198
5198
5198
5198
5198
5198
5198
5198
5198
5198
5198
5198
5198
5198
5198
5198
5198
5198
5198
5198
5198
5198
5198
5198
5198
5198
5198
5198
5198
5198
5198
5198
5198
5198
5198
5198
5198
5198
5198
5198
5198
5198
5198
5198
5198
5198
5198
5198
5198
5198
5198
5198
5198
5198
5198
5198
5198
5198
5198
5198
5198
5198
5198
5198
5198
5198
5198
5198
5198
5198
5198
5198
5198
5198
5198
5198
5198
5198
5198
5198
5198
5198
5198
5198
5198
5198
5198
5198
5198
5198
5198
5198
5198
5198
5198
5198
5198
5198
5198
5198
5198
5198
5198
5198
5198
5198
5198
5198
5198
5198
5198
5198
5198
5198
5198
5198
5198
5198
5198
5198
5198
5198
5198
5198
5198
5198
5198
5198
5198
5198
5198
5198
5198
5198
5198
5198
5198
5198
5198
5198
5198
5198
5198
5198
5198
5198
5198
5198
5198
5198
5198
5198
5198
5198
5198
5198
5198
5198
5198
5198
5198
5198
5198
5198
5198
5198
5198
5198
5198
5198
5198
5198
5198
5198
5198
5198
5198
5198
5198
5198
5198
5198
5198
5198
5198
5198
5198
5198
5198
5198
5198
5198
5198
5198
5198
5198
5198
5198
5198
5198
5198
5198
5198
5198
5198
5198
5198
5198
5198
5198
5198
5198
5198
5198
5198
5198
5198
5198
5198
5198
5198
5198
5198
5198
5198
5198
5198
5198
5198
5198
5198
5198
5198
5198
5198
5198
5198
5198
5198
5198
5198
5198
5198
5198
5198
5198
5198
5198
5198
5198
5198
5198
5198
5198
5198
5198
5198
5198
5198
5198
5198
5198
5198
5198
5198
5198
5198
5198
5198
5198
5198
5198
5198
5198
5198
5198
5198
5198
5198
5197
5197
5197
5197
5197
5197
5197
5197
5197
5197
5197
5197
5197
5197
5197
5197
5197
5197
5197
5197
5197
5197
5197
5197
5197
5197
5197
5197
5197
5197
5197
5197
5197
5197
5197
5197
5197
5197
5197
5197
5197
5197
5197
5197
5197
5198
5198
5198
5198
5198
5198
5198
5198
5198
5198
5198
5198
5197
5198
5198
5198
5198
5198
5198
5198
5198
5198
5198
5198
5198
5198
5198
5198
5198
5198
5198
5198
5198
5198
5198
5198
5198
5198
5198
5198
5198
5198
5198
5198
5198
5198
5198
5198
5198
5198
5198
5198
5198
5198
5198
5198
5198
5198
5198
5198
5198
5198
5198
5198
5198
5198
5198
5198
5198
5198
5198
5198
5198
5198
5198
5198
5198
5198
5198
5198
5198
5198
5198
5198
5198
5198
5198
5198
5198
5198
5198
5198
5198
5198
5198
5198
5198
5198
5198
5198
5198
5198
5198
5198
5198
5198
5198
5198
5198
5198
5198
5198
5198
5198
5198
5198
5198
5198
5198
5198
5198
5198
5198
5198
5198
5198
5198
5198
5198
5198
5198
5198
5198
5198
5198
5198
5198
5198
5198
5198
5198
5198
5198
5198
5198
5198
5198
5198
5198
5198
5198
5198
5198
5198
5198
5198
5198
5198
5198
5198
5198
5198
5198
5198
5198
5198
5198
5198
5198
5198
5198
5198
5198
5198
5198
5198
5198
5198
5198
5198
5198
5198
5198
5198
5198
5198
5198
5198
5198
5198
5198
5198
5198
5198
5198
5198
5198
5198
5198
5198
5198
5198
5198
5198
5198
5198
5198
5198
5198
5198
5198
5198
5198
5198
5198
5198
5198
5198
5198
5198
5198
5198
5198
5198
5198
5198
5198
5198
5198
5198
5198
5198
5198
5198
5198
5198
5198
5198
5198
5198
5198
5198
5198
5198
5198
5198
5198
5198
5198
5198
5198
5198
5198
5198
5198
5198
5198
5198
5198
5198
5198
5198
5198
5198
5198
5198
5198
5198
5198
5198
5198
5198
5198
5198
5198
5198
5198
5198
5198
5198
5198
5198
5198
5198
5198
5198
5198
5198
5198
5198
5198
5198
5198
5198
5198
5198
5198
5198
5198
5198
5198
5198
5198
5198
5198
5198
5198
5198
5198
5198
5198
5198
5198
5198
5198
5198
5198
5198
5198
5198
5198
5198
5198
5198
5198
5198
5198
5198
5198
5198
5198
5198
5198
5198
5198
5198
5198
5198
5198
5198
5198
5198
5198
5198
5198
5198
5198
5198
5198
5198
5198
5198
5198
5198
5198
5198
5198
5198
5198
5198
5198
5198
5198
5198
5198
5198
5198
5198
5198
5198
5198
5198
5198
5198
5198
5198
5198
5198
5198
5198
5198
5198
5198
5198
5198
5198
5198
5198
5198
5198
5198
5198
5198
5198
5198
5198
5198
5198
5198
5198
5198
5198
5198
5198
5198
5198
5198
5198
5198
5198
5198
5198
5198
5198
5198
5198
5198
5198
5198
5198
5198
5198
5198
5198
5198
5198
5198
5198
5198
5198
5198
5198
5198
5198
5198
5198
5198
5198
5198
5198
5198
5198
5198
5198
5198
5198
5198
5198
5198
5198
5198
5198
5198
5198
5198
5198
5198
5198
5198
5198
5198
5198
5198
5198
5198
5198
5198
5198
5198
5198
5198
5198
5198
5198
5198
5198
5198
5198
5198
5198
5198
5198
5198
5198
5198
5198
5198
5198
5198
5198
5198
5198
5198
5198
5198
5198
5198
5198
5198
5198
5198
5198
5198
5198
5198
5198
5198
5198
5198
5198
5198
5198
5198
5198
5198
5198
5198
5198
5198
5198
5198
5198
5198
5198
5198
5198
5198
5198
5198
5198
5198
5198
5198
5198
5198
5198
5198
5198
5198
5198
5198
5198
5198
5198
5198
5198
5198
5198
5198
5198
5198
5198
5198
5198
5198
5198
5198
5198
5198
5198
5198
5198
5198
5198
5198
5198
5198
5198
5198
5198
5198
5198
5198
5198
5198
5198
5198
5198
5198
5198
5198
5198
5198
5198
5198
5198
5198
5198
5198
5198
5198
5198
5198
5198
5198
5198
5198
5198
5198
5198
5198
5198
5198
5198
5198
5198
5198
5198
5198
5198
5198
5198
5198
5198
5198
5198
5198
5198
5198
5198
5198
5198
5198
5198
5198
5198
5198
5198
5198
5198
5198
5198
5198
5198
5198
5198
5198
5198
5198
5198
5198
5198
5198
5198
5198
5198
5198
5198
5198
5198
5198
5198
5198
5198
5198
5198
5198
5198
5198
5198
5198
5198
5198
5198
5198
5198
5198
5198
5198
5198
5198
5198
5198
5198
5198
5198
5198
5198
5198
5198
5198
5198
5198
5198
5198
5198
5198
5198
5198
5198
5198
5198
5198
5198
5198
5198
5198
5198
5198
5198
5198
5198
5198
5198
5198
5198
5198
5198
5198
5198
5198
5198
5198
5198
5198
5198
5198
5198
5198
5198
5198
5198
5198
5198
5198
5198
5198
5198
5198
5198
5198
5198
5198
5198
5198
5198
5198
5198
5198
5198
5198
5198
5198
5198
5198
5198
5198
5198
5198
5198
5198
5198
5198
5198
5198
5198
5198
5198
5198
5198
5198
5198
5198
5198
5198
5198
5198
5198
5198
5198
5198
5198
5198
5198
5198
5198
5198
5198
5198
5198
5198
5198
5198
5198
5198
5198
5198
5198
5198
5198
5198
5198
5198
5198
5198
5198
5198
5198
5198
5198
5198
5198
5198
5198
5198
5198
5198
5198
5198
5198
5198
5198
5198
5198
5198
5198
5198
5198
5198
5198
5198
5198
5198
5198
5198
5198
5198
5198
5198
5198
5198
5198
5198
5198
5198
5198
5198
5198
5198
5198
5198
5198
5198
5198
5198
5198
5198
5198
5198
5198
5198
5198
5198
5198
5198
5198
5198
5198
5198
5198
5198
5198
5198
5198
5198
5198
5198
5198
5198
5198
5198
5198
5198
5198
5198
5198
5198
5198
5198
5198
5198
5198
5198
5198
5198
5198
5198
5198
5198
5198
5198
5198
5198
5198
5198
5198
5198
5198
5198
5198
5198
5198
5198
5198
5198
5198
5198
5198
5198
5198
5198
5198
5198
5198
5198
5198
5198
5198
5198
5198
5198
5198
5198
5198
5198
5198
5198
5198
5198
5198
5198
5198
5198
5198
5198
5198
5198
5198
5198
5198
5198
5198
5198
5198
5198
5198
5198
5198
5198
5198
5198
5198
5198
5198
5198
5198
5198
5198
5198
5198
5198
5198
5198
5198
5198
5198
5198
5198
5198
5198
5198
5198
5198
5198
5198
5198
5198
5198
5198
5198
5198
5198
5198
5198
5198
5198
5198
5198
5198
5198
5198
5198
5198
5198
5198
5198
5198
5198
5198
5198
5198
5198
5198
5198
5198
5198
5198
5198
5198
5198
5198
5198
5198
5198
5198
5198
5198
5198
5198
5198
5198
5198
5198
5198
5198
5198
5198
5198
5198
5198
5198
5198
5198
5198
5198
5198
5198
5198
5198
5198
5198
5198
5198
5198
5198
5198
5198
5198
5198
5198
5198
5198
5198
5198
5198
5198
5198
5198
5198
5198
5198
5198
5198
5198
5198
5198
5198
5198
5198
5198
5198
5198
5198
5198
5198
5198
5198
5198
5198
5198
5198
5198
5198
5198
5198
5198
5198
5198
5198
5198
5198
5198
5198
5198
5198
5198
5198
5198
5198
5198
5198
5198
5198
5198
5198
5198
5198
5198
5198
5198
5198
5198
5198
5198
5198
5198
5198
5198
5198
5198
5198
5198
5198
5198
5198
5198
5198
5198
5198
5198
5198
5198
5198
5198
5198
5198
5198
5198
5198
5198
5198
5198
5198
5198
5198
5198
5198
5198
5198
5198
5198
5198
5198
5198
5198
5198
5198
5198
5198
5198
5198
5198
5198
5198
5198
5198
5198
5198
5198
5198
5198
5198
5198
5198
5198
5198
5198
5198
5198
5198
5198
5198
5198
5198
5198
5198
5198
5198
5198
5198
5198
5198
5198
5198
5198
5198
5198
5198
5198
5198
5198
5198
5198
5198
5198
5198
5198
5198
5198
5198
5198
5198
5198
5198
5198
5198
5198
5198
5198
5198
5198
5198
5198
5198
5198
5198
5198
5198
5198
5198
5198
5198
5198
5198
5198
5198
5198
5198
5198
5198
5198
5198
5198
5198
5198
5198
5198
5198
5198
5198
5198
5198
5198
5198
5198
5198
5198
5198
5198
5198
5198
5198
5198
5198
5198
5198
5198
5198
5198
5198
5198
5198
5198
5198
5198
5198
5198
5198
5198
5198
5198
5198
5198
5198
5198
5198
5198
5198
5198
5198
5198
5198
5198
5198
5198
5198
5198
5198
5198
5198
5198
5198
5198
5198
5198
5198
5198
5198
5198
5198
5198
5198
5198
5198
5198
5198
5198
5198
5198
5198
5198
5198
5198
5198
5198
5198
5198
5198
5198
5198
5198
5198
5198
5198
5198
5198
5198
5198
5198
5198
5198
5198
5198
5198
5198
5198
5198
5198
5198
5198
5198
5198
5198
5198
5198
5198
5198
5198
5198
5198
5198
5198
5198
5198
5198
5198
5198
5198
5198
5198
5198
5198
5198
5198
5198
5198
5198
5198
5198
5198
5198
5198
5198
5198
5198
5198
5198
5198
5198
5198
5198
5198
5198
5198
5198
5198
5198
5198
5198
5198
5198
5198
5198
5198
5198
5198
5198
5198
5198
5198
5198
5198
5198
5198
5198
5198
5198
5198
5198
5198
5198
5198
5198
5198
5198
5198
5198
5198
5198
5198
5198
5198
5198
5198
5198
5198
5198
5198
5198
5198
5198
5198
5198
5198
5198
5198
5198
5198
5198
5198
5198
5198
5198
5198
5198
5198
5198
5198
5198
5198
5198
5198
5198
5198
5198
5198
5198
5198
5198
5198
5198
5198
5198
5198
5198
5198
5198
5198
5198
5198
5198
5198
5198
5198
5198
5198
5198
5198
5198
5198
5198
5198
5198
5198
5198
5198
5198
5198
5198
5198
5198
5198
5198
5198
5198
5198
5198
5198
5198
5198
5198
5198
5198
5198
5198
5198
5198
5198
5198
5198
5198
5198
5198
5198
5198
5198
5198
5198
5198
5198
5198
5198
5198
5198
5198
5198
5198
5198
5198
5198
5198
5198
5198
5198
5198
5198
5198
5198
5198
5198
5198
5198
5198
5198
5198
5198
5198
5198
5198
5198
5198
5198
5198
5198
5198
5198
5198
5198
5198
5198
5198
5198
5198
5198
5198
5198
5198
5198
5198
5198
5198
5198
5198
5198
5198
5198
5198
5198
5198
5198
5198
5198
5198
5198
5198
5198
5198
5198
5198
5198
5198
5198
5198
5198
5198
5198
5198
5198
5198
5198
5198
5198
5198
5198
5198
5198
5198
5198
5198
5198
5198
5198
5198
5198
5198
5198
5198
5198
5198
5198
5198
5198
5198
5198
5198
5198
5198
5198
5198
5198
5198
5198
5198
5198
5198
5198
5198
5198
5198
5198
5198
5198
5198
5198
5198
5198
5198
5198
5198
5198
5198
5198
5198
5198
5198
5198
5198
5198
5198
5198
5198
5198
5198
5198
5198
5198
5198
5198
5198
5198
5198
5198
5198
5198
5198
5198
5198
5198
5198
5198
5198
5198
5198
5198
5198
5198
5198
5198
5198
5198
5198
5198
5198
5198
5198
5198
5198
5198
5198
5198
5198
5198
5198
5198
5198
5198
5198
5198
5198
5198
5198
5198
5198
5198
5198
5198
5198
5198
5198
5198
5198
5198
5198
5198
5198
5198
5198
5198
5198
5198
5198
5198
5198
5198
5198
5198
5198
5198
5198
5198
5198
5198
5198
5198
5198
5198
5198
5198
5198
5198
5198
5198
5198
5198
5198
5198
5198
5198
5198
5198
5198
5198
5198
5198
5198
5198
5198
5198
5198
5198
5198
5198
5198
5198
5198
5198
5198
5198
5198
5198
5198
5198
5198
5198
5198
5198
5198
5198
5198
5198
5198
5198
5198
5198
5198
5198
5198
5198
5198
5198
5198
5198
5198
5198
5198
5198
5198
5198
5198
5198
5198
5198
5198
5198
5198
5198
5198
5198
5198
5198
5198
5198
5198
5198
5198
5198
5198
5198
5198
5198
5198
5198
5198
5198
5198
5198
5198
5198
5198
5198
5198
5198
5198
5198
5198
5198
5198
5198
5198
5198
5198
5198
5198
5198
5198
5198
5198
5198
5198
5198
5198
5198
5198
5198
5198
5198
5198
5198
5198
5198
5198
5198
5198
5198
5198
5198
5198
5198
5198
5198
5198
5198
5198
5198
5198
5198
5198
5198
5198
5198
5198
5198
5198
5198
5198
5198
5198
5198
5198
5198
5198
5198
5198
5198
5198
5198
5198
5198
5198
5198
5198
5198
5198
5198
5198
5198
5198
5198
5198
5198
5198
5198
5198
5198
5198
5198
5198
5198
5198
5198
5198
5198
5198
5198
5198
5198
5198
5198
5198
5198
5198
5198
5198
5198
5198
5198
5198
5198
5198
5198
5198
5198
5198
5198
5198
5198
5198
5198
5198
5198
5198
5198
5198
5198
5198
5198
5198
5198
5198
5198
5198
5198
5198
5198
5198
5198
5198
5198
5198
5198
5198
5198
5198
5198
5198
5198
5198
5198
5198
5198
5198
5198
