5034
5034
5085
5085
5086
4637
4587
5036
5036
5086
5086
5325
5043
4783
4799
5154
5154
5486
5486
5436
5436
5081
5081
5436
5436
5104
4746
4746
4746
4730
4047
4047
4047
4046
4046
3597
4280
4296
4296
3887
3987
4436
4436
4436
4696
4696
5028
4696
4696
4746
5104
5004
4649
4650
4634
4633
4633
4633
4633
4988
5320
5320
5320
5320
4871
4871
4887
5279
5279
5229
5511
5960
5960
5721
5038
5277
5277
4995
4995
4756
4756
4307
4256
4240
4479
3917
3917
3933
3933
3984
4034
4717
4999
4760
4761
4761
4761
4711
4710
4710
4710
4710
4659
4204
4204
3521
3521
3030
3081
3764
3081
3065
3065
2673
2912
2912
2912
2912
2528
2544
2928
2928
2978
3433
3842
4525
4526
4117
4117
4566
4284
4233
4233
4233
3973
3615
4007
4498
4498
5060
5320
5729
5713
5764
5764
5355
5355
5305
5587
5587
5637
5182
5591
5182
5182
5182
5282
5282
5282
5000
5000
5016
5016
5425
5425
5425
5165
4833
5288
5188
5448
5093
5425
5186
4731
4731
4831
4731
4731
4715
4715
4715
4715
4714
4714
4714
5072
5021
5021
5476
5216
5216
5216
5216
4884
5239
5339
4890
4890
4506
4745
4745
4746
4746
4797
4235
4235
4797
4697
4646
4646
4646
4646
4697
4696
4341
4790
4790
5145
5427
5376
4967
4968
4477
4968
4513
4513
4773
4773
4773
4418
4518
4518
4518
4518
4518
4418
4518
4534
4943
4943
4943
4943
4452
4452
4452
4452
4807
4568
4176
4176
4560
4560
4460
4511
5002
4511
4843
4943
4585
4943
4260
4000
4455
4455
4455
4455
4097
4097
4489
4489
4105
4105
4105
4788
5027
5027
5518
5778
5728
5489
5488
5488
5488
5039
5040
4780
4830
4830
4438
4438
4887
5271
5531
4880
4880
4880
4389
4389
4389
4747
4747
4389
4389
4373
5024
4764
4763
4764
4764
4113
4113
4113
4352
4368
4859
4504
4504
4454
4454
4454
4454
4172
4172
4823
4261
4260
4160
4160
4160
4210
4194
4143
3904
4143
3694
4052
3720
3720
3771
3771
4333
4333
4283
4283
4283
3925
3686
3946
3895
4227
4327
4343
3692
3974
4625
4609
4610
3959
3958
4313
4313
4213
4213
4213
4213
3931
3931
4170
4170
4170
4821
4871
4462
4871
4871
4887
4987
4987
4632
4632
4914
5272
4914
4914
4423
3968
3968
3968
4323
4041
4042
4497
4497
4042
4042
3992
3992
3992
3583
3251
3660
3659
3659
4114
4114
4165
3905
3905
3854
3904
3449
3807
3858
3842
3842
4102
3744
3744
4235
4690
4690
4706
4706
5038
5038
5038
5038
4476
4476
4476
4834
4834
4450
4400
4300
4249
4349
4733
5125
5125
5574
5574
5083
4844
4844
5406
5457
5457
5457
5458
5458
5074
5074
5356
5406
5124
5124
5124
5123
5123
5123
5073
5073
5457
5441
4879
4879
4880
4930
4880
4880
4780
4880
5162
4753
4753
4753
4803
5212
4952
4952
4952
4497
4447
4447
4447
4463
4447
4446
4446
4164
4165
4447
4447
4686
4294
4294
4294
4294
4310
4310
4310
4309
4209
4209
4193
4293
4293
4293
4293
4293
4293
4294
4749
4748
5008
5499
5217
5217
5217
4885
5277
5559
5459
6021
6071
6071
6071
5811
5811
5811
5811
5811
5761
5811
5761
5761
5777
5495
5777
5777
5495
5496
5445
5496
5778
5778
5727
5711
5256
5256
5255
5587
5229
4990
5041
5496
5512
5103
5153
5153
5253
5253
4921
4921
4921
4921
4921
4359
4359
4921
4922
5331
5570
5830
5830
5591
5591
5923
6281
6281
6281
6265
5983
5932
5523
5168
5168
5523
5473
5489
5473
5373
5373
5424
5424
5474
5756
5756
5755
5755
5755
5104
5104
5053
5053
5053
5053
5053
5053
5153
4704
4422
4422
4322
4731
4731
4339
4788
4788
4804
5196
5196
5196
5247
5347
5347
5347
5297
5297
5347
5347
5348
5999
5999
5999
5998
5643
5081
5643
5643
5643
5643
5998
5998
5998
5998
5998
5982
5982
5982
5420
5320
4936
4936
4936
4885
4885
5447
5547
5138
5139
5139
5139
5138
5522
5538
5146
5146
5555
5556
5607
5198
4840
4789
4789
4789
5181
5181
5539
5539
5523
5523
5473
5473
5473
5755
5755
5771
5771
6180
6180
6164
6164
5715
6164
6164
6164
6164
6164
5772
5323
5323
5323
5374
5823
5823
5823
5823
5822
5823
5414
5414
5414
5414
5059
4959
4959
5009
5008
5009
5364
5364
5104
5104
5104
5104
5104
5104
5496
5496
5496
5496
5596
5612
5851
5459
5101
5493
5493
5753
5753
5471
5471
5471
5753
5753
5753
5398
5116
5100
5509
5509
5867
6222
6222
6222
6222
6222
6222
5962
5471
5471
5471
5471
5139
4784
4784
4784
4784
4784
4784
5066
4784
4101
4051
4051
4383
4874
4890
4890
4889
4889
4889
4889
4889
4889
5149
5150
5150
5150
5149
5049
5049
4998
4999
5050
5050
5405
5166
4782
4766
4866
4866
4866
4866
5250
4599
4599
5250
5249
4840
4840
4448
4448
4498
4514
4514
4414
4514
4065
4065
4748
4697
4339
4339
4339
4339
4788
4688
4688
4688
4688
4688
4688
4688
4688
4927
5027
4767
5159
5159
5109
4547
4905
5165
5166
5575
5575
5166
5166
5216
5267
5267
5251
5251
5251
5267
5267
5829
5590
5540
5489
5771
5316
5316
4754
5163
5725
6180
6180
6080
6130
6130
6130
5848
5948
5932
5932
5672
5672
5932
5882
5882
5882
5882
5882
5882
5882
6164
5904
5904
5954
5954
5954
6214
6453
6121
5729
5679
5679
5224
5224
5616
5377
5377
5427
5427
5427
5427
5427
5427
5427
5427
5426
5426
5426
5427
5427
5327
5427
5427
5427
4776
4421
4421
4421
4421
4371
4371
4371
4421
4421
4660
4992
5347
5108
5108
4826
4826
5477
5477
5477
5716
5716
5767
5667
5667
5667
5617
5617
5667
5667
6122
5631
5631
5631
5273
5631
5299
5299
4915
4864
4509
5000
5051
5051
5051
5051
5051
5051
5050
5382
5398
5398
5398
5399
5399
5681
5681
5681
5681
5665
5405
5355
5355
5355
5354
5354
5354
5354
5738
5754
5804
5355
5355
5355
5710
5710
5710
5659
5659
5659
5275
5275
5659
5659
5919
5919
5919
5587
5178
5178
5587
5587
5571
5571
5903
5511
5511
5511
5511
5562
5562
5562
5562
5323
5323
4868
5323
5323
5273
5273
5222
5222
5222
5322
5338
5322
5373
5822
5822
5822
5823
5823
5823
5823
5823
5823
5822
5562
5801
5310
5570
5570
5310
5310
5702
5718
5718
5718
5718
6209
6209
6209
6210
5826
5826
5826
5775
5775
5775
5775
5825
5825
5725
5675
4992
4992
5376
5636
5252
5252
5302
5302
5402
5402
5402
5402
5402
5402
5402
5402
5402
5786
5786
6469
6137
6137
5753
5753
5753
6085
6085
6069
6069
5714
5714
5714
5714
5714
5664
5664
5680
5730
5781
5781
5765
6120
6020
6020
5628
5628
5628
5628
5346
5346
5346
5446
5445
5395
5395
5677
5677
5677
5677
5677
5677
5438
5454
5454
5455
5505
5505
5505
5504
5504
5504
5888
5888
6280
5825
5825
5376
5376
5376
5376
5376
5376
5376
5825
5470
5470
5086
5086
5086
5086
5086
5541
5149
5149
5388
5388
5388
5772
6127
6077
6077
6061
6061
6111
5872
5873
5591
5591
5591
5591
5873
5822
6214
6213
6213
5651
5369
5370
5370
5652
5652
5652
5652
5161
5161
5160
5160
5722
5672
5672
5314
5314
5364
5364
5364
5364
5364
5364
5314
5315
5315
5315
5806
5805
5805
5805
5805
5805
5705
5756
5772
5772
5772
5772
5772
5772
5773
5773
5773
5773
5441
5441
5680
5680
5664
5664
5664
5404
5404
5736
5736
5736
6094
6094
6354
6354
6354
6354
6303
5911
5911
5456
5456
5456
5456
5196
5196
5196
5196
5196
5196
4841
4841
5196
5196
5196
4841
5233
5233
5233
5588
5848
5848
5899
5899
5899
5899
5899
6354
6072
6354
6354
6454
6454
6215
6454
6454
6504
6504
6504
6504
6504
6453
6121
6021
6021
5612
5612
5612
5352
5352
5352
5403
5503
5503
5503
5763
5763
5763
5763
5763
5408
5817
5817
5817
5817
5766
5766
6121
6121
6121
5666
6121
6120
6120
6121
6121
6453
6469
6469
6469
6020
5920
6369
6369
6369
6369
6469
6111
6111
6111
6162
6161
6161
6161
6161
6161
6161
6161
6161
6161
6145
6095
5835
5835
6095
6096
6096
6112
6470
6370
6370
5961
5961
5961
6011
6011
6011
5960
5960
5959
5960
5960
5602
5218
4886
4886
4886
4886
5244
5244
5576
5576
5576
5576
5576
5576
5337
5721
5720
6129
6180
6129
6129
5771
5771
5771
5771
6010
6010
5601
5551
5601
5652
5652
5652
5652
5652
5652
5652
5652
5636
5636
5636
5636
5636
5652
6061
6061
6062
5823
5773
5773
5772
5772
5772
5772
5323
5307
5546
5546
5547
5547
5547
5563
5663
5663
5713
5474
5474
5474
5474
5474
5474
5458
5458
5458
5474
5424
5782
5782
5782
5782
5832
5423
5422
5422
5422
5422
5090
5499
5499
5738
5738
5738
5688
5688
5689
5689
5689
5688
5688
5688
5689
5689
5689
6021
6021
6021
5566
5566
5566
5566
6021
6021
6021
6020
6020
6020
6020
5665
5665
5665
5665
5665
5665
5665
6114
6114
6114
6164
6164
6114
6115
6470
6470
6470
6470
6454
6454
6215
6215
6215
6215
6215
6215
6215
6454
6504
6503
6503
6503
6453
6095
6095
6095
6095
6095
6095
6095
6145
6146
6146
6146
6095
5995
5995
5995
5756
5856
5856
5872
5872
5872
5871
5871
5771
5489
5490
5490
5490
5490
5490
5729
5729
6011
6011
6011
6011
6011
6011
6011
6011
6011
5627
5678
5678
5678
5678
5628
5628
5628
5628
5628
5678
5678
5678
5187
5187
5171
5170
5186
4947
4947
5186
5186
5544
5545
5545
5545
5529
5529
5269
5269
5268
5029
5045
4995
4995
4995
4995
4979
5470
5471
5471
5471
5471
5855
5854
5572
5572
5854
5854
5854
5854
5870
5970
5870
6130
6130
6130
6130
6230
6230
6230
6230
6230
6230
6130
6130
6130
6130
6079
6079
6079
6079
6079
6080
6319
6319
6319
6419
6470
6470
6470
6470
6454
6454
6454
6454
6504
6504
6504
6504
6454
6454
6454
6354
6354
6454
6454
6454
6454
6454
6454
6454
6454
6454
6470
6370
6420
6420
6370
6370
6470
6370
6354
6354
6354
6404
6404
6353
6353
6353
6353
6353
6353
6353
6352
6403
6403
6403
6503
6504
6504
6504
6504
6504
6504
6504
6504
6504
6504
6504
6504
6504
6503
6503
6503
6221
6221
6221
6221
6221
6237
6237
6237
6237
6186
6186
6170
5812
5863
5863
5863
5408
5408
5408
5424
5424
5706
5706
5706
5706
5706
5706
5706
5706
6161
6161
5901
5885
5885
5901
5901
5901
5901
5901
6161
6161
6161
6111
6111
6111
6111
6111
6111
6111
6011
6011
6011
6011
6011
6011
6011
6011
6061
5706
5706
5706
5706
5706
5706
5706
6061
6061
6061
6061
5822
5822
5822
5822
6061
6061
6161
6161
6161
6145
6145
6145
5906
5906
5906
5906
5906
5906
5906
5906
5907
5907
5907
5907
5857
5857
5857
5857
5856
5856
5756
5756
5756
5756
5705
5705
5705
6063
6113
6352
6353
6353
6303
6303
6303
6403
6403
6403
6403
6164
6403
6403
6403
6403
6403
6019
6019
6019
6035
6035
6035
6035
6035
6035
6035
6035
6035
6035
6019
6018
6018
6069
6069
6069
6069
6069
6069
6069
6453
6402
6402
6453
6453
6044
6044
6044
6044
6044
6044
6044
6045
6045
6045
6045
6045
5785
5685
5685
5685
5945
5561
5301
5301
5300
5249
5249
5249
5633
5893
5893
5893
5893
5893
5893
5893
5893
5894
5944
5662
5662
5661
5943
5661
5661
5661
5661
5661
5661
5611
5611
5611
5611
5253
5253
5353
5353
5353
5353
5353
5253
4762
4762
4762
4762
4762
4778
4778
4778
4829
4829
4829
5111
5111
5111
5111
5161
5161
5161
5161
5161
5145
5145
5145
5145
5145
5145
5636
6045
5806
5822
5540
5540
5540
5540
5822
5822
5822
5806
5806
5806
5756
5705
5705
5755
5855
5855
5871
5871
5871
5871
5871
5872
6111
6162
6162
6162
5880
5880
5880
5880
6238
6238
6238
6222
6222
6222
5983
5983
5999
5999
5999
5999
5899
5899
5899
5899
5899
5899
6181
6181
6165
6165
6165
6165
6404
6404
6403
6403
6403
6403
6503
6503
6503
6145
6145
6145
6145
6145
6145
6095
6095
6096
6096
6096
6146
6145
5753
5703
5703
5703
5703
5464
5464
5464
5856
5856
5856
5857
6215
6215
6215
6215
6215
6215
6215
6215
6215
6454
6470
6470
6469
6014
6014
6064
6065
6065
5965
6065
6065
6065
6065
6520
6469
6469
6520
6520
6520
6520
6504
6503
6519
6519
6519
6519
6519
6519
6519
6519
6519
6519
6519
6519
6519
6519
6519
6237
6221
6221
6221
6221
6221
6221
6221
6221
6221
6221
6221
6221
6503
6503
6503
6503
6503
6503
6504
6454
6454
6454
6454
6454
6470
6470
6469
6469
6519
6519
6519
6520
6470
6470
6470
6470
6470
6370
6370
6370
6370
6370
6370
6370
6370
6370
6354
6354
6354
6353
6353
6353
6302
6303
6303
6303
6303
6303
6303
6303
6303
6303
6354
6354
6354
6354
6354
6354
6354
6354
6354
6354
6454
6403
6403
6419
6419
6419
6419
6469
6469
6469
6469
6469
6520
6520
6520
6520
6469
6469
6469
6469
6453
6453
6453
6504
6453
6193
6192
6142
6142
6142
6142
6142
6142
6142
6142
6142
6142
6142
6402
6402
6402
6402
6453
6453
6453
6353
6353
6403
6403
6403
6403
6403
6403
6352
6302
6303
6064
6064
6164
6164
6164
6163
6163
6163
5903
5903
6142
6158
6159
6159
6159
5750
5800
6060
6010
6010
6010
6010
6009
6009
6009
6009
6009
6009
6009
6009
6418
6419
6419
6419
6419
6419
6419
6418
6418
6468
6468
6468
6468
6468
6468
6468
6468
6519
6519
6519
6519
6519
6519
6519
6519
6519
6519
6519
6519
6519
6468
6468
6468
6468
6468
6468
6468
6468
6468
6468
6468
6468
6519
6519
6503
6503
6503
6503
6503
6503
6503
6503
6503
6503
6503
6503
6503
6503
6503
6503
6503
6503
6503
6503
6503
6403
6403
6403
6403
6403
6403
6403
6403
6403
6352
6352
6352
6352
6352
6352
6352
6352
6368
6368
6368
6368
6129
6129
6129
6129
6130
6130
6130
6130
6130
6130
6130
6130
6130
6130
6130
5738
5738
5738
5738
5738
5738
5738
5738
5737
5737
6129
6129
6129
6368
6368
6368
6368
6369
6369
6369
6369
6469
6469
6469
6469
6469
6469
6469
6468
6468
6468
6468
6468
6468
6468
6469
6453
6453
6453
6453
6453
6469
6469
6469
6469
6469
6369
6368
6368
6368
6419
6419
6419
6419
6419
6419
6519
6469
6469
6469
6369
6369
6369
6419
6419
6419
6419
6419
6419
6419
6403
6404
6404
6420
6420
6420
6420
6420
6370
6370
6370
6369
6369
6369
6369
6353
6353
6353
6353
6071
6121
6121
6121
6070
6352
6352
6352
6353
6353
6353
6352
6352
6352
6352
6403
6403
6403
6403
6403
6403
6403
6403
6403
6403
6403
6419
6419
6519
6519
6519
6519
6519
6419
6419
6419
6419
6419
6403
6352
6352
6352
6368
6368
6368
6318
6318
6318
6318
6319
6319
6319
6319
6319
6319
6319
6319
6319
6319
6319
6319
6319
6319
6369
6319
6369
6420
6420
6420
6420
6370
6370
6370
6370
6370
6370
6370
6370
6319
6319
6080
6080
6080
6080
6080
6080
6080
6080
6080
6319
6319
6419
6419
6419
6419
6419
6419
6469
6469
6469
6468
6452
6352
6452
6452
6452
6452
6453
6453
6453
6353
6353
6353
6303
6353
6353
6353
6353
6353
6369
6369
6369
6369
6369
6353
6353
6353
6369
6369
6369
6369
6369
6369
6369
6369
6369
6369
6369
6087
6087
6087
6369
6369
6353
6353
6353
6114
6114
6114
6114
6114
6114
6114
6114
6113
6113
6113
6113
6114
6114
6114
6114
6114
6353
6353
6369
6319
6318
6318
6318
6318
6318
6318
6318
6318
6318
6318
6318
6318
6302
6302
6302
6302
6302
6302
6302
6302
6302
6302
6302
6302
6302
6302
6302
6302
6302
6318
6318
6318
6318
5934
5934
5934
5934
5934
5934
5935
5935
5935
5986
5986
5986
5986
5986
5986
5986
6370
6370
6370
6370
6370
6370
6370
6370
6370
6370
6370
6370
6370
6370
6370
6319
6319
6319
6319
6319
6370
6369
6369
6353
6353
6353
6353
6354
6354
6354
6354
6354
6354
6354
6354
6454
6454
6454
6454
6454
6454
6454
6454
6454
6454
6454
6454
6454
6454
6403
6402
6452
6453
6453
6453
6453
6453
6453
6452
6452
6452
6452
6452
6452
6452
6452
6452
6452
6452
6452
6452
6452
6452
6452
6452
6452
6452
6452
6452
6452
6452
6402
6402
6402
6402
6302
6302
6302
6302
6302
6302
6302
6353
6353
6353
6353
6353
6403
6403
6403
6403
6503
6503
6503
6503
6503
6519
6519
6519
6519
6519
6519
6519
6519
6519
6519
6519
6519
6519
6519
6468
6468
6468
6468
6468
6468
6468
6452
6452
6452
6452
6402
6402
6402
6418
6419
6419
6419
6419
6419
6419
6419
6419
6419
6419
6419
6419
6419
6419
6419
6419
6470
6454
6453
6503
6503
6503
6503
6503
6503
6503
6503
6503
6503
6503
6452
6452
6452
6503
6504
6520
6520
6520
6520
6520
6520
6520
6520
6520
6519
6519
6519
6519
6519
6519
6519
6519
6519
6519
6519
6468
6468
6468
6469
6469
6469
6468
6468
6468
6468
6468
6468
6468
6468
6468
6468
6468
6468
6468
6468
6468
6468
6468
6468
6468
6468
6468
6368
6368
6368
6368
6368
6368
6368
6368
6368
6368
6368
6369
6369
6369
6369
6369
6369
6369
6469
6453
6453
6453
6453
6504
6504
6504
6504
6504
6504
6504
6504
6504
6454
6454
6454
6454
6454
6454
6403
6454
6454
6454
6354
6354
6354
6353
6369
6369
6369
6369
6369
6369
6353
6302
6302
6302
6302
6302
6302
6302
6302
6303
6303
6303
6303
6302
6352
6352
6452
6452
6503
6503
6453
6453
6453
6453
6453
6453
6453
6402
6402
6402
6302
6402
6402
6402
6418
6418
6418
6418
6418
6418
6419
6419
6419
6419
6419
6419
6419
6419
6419
6419
6419
6419
6419
6419
6419
6403
6419
6419
6419
6419
6419
6419
6418
6402
6402
6402
6302
6303
6303
6303
6303
6303
6303
6354
6354
6354
6354
6354
6354
6354
6354
6354
6404
6404
6404
6404
6420
6420
6420
6370
6370
6370
6370
6370
6370
6370
6370
6370
6370
6370
6370
6370
6370
6470
6470
6470
6470
6520
6520
6520
6520
6520
6520
6520
6520
6520
6504
6244
6144
6143
6143
6143
6143
6143
6143
6143
6143
6143
6144
6144
6144
6144
6144
6144
6144
6144
6144
6093
6109
6109
6109
6109
6109
6109
6109
6109
6109
6109
6093
6093
6193
6453
6504
6520
6520
6520
6520
6520
6520
6520
6520
6520
6520
6520
6504
6504
6504
6504
6504
6504
6504
6504
6404
6504
6504
6520
6520
6520
6520
6520
6520
6520
6520
6520
6519
6468
6468
6468
6468
6468
6519
6519
6519
6519
6519
6519
6519
6519
6519
6519
6519
6503
6403
6403
6403
6403
6403
6403
6419
6419
6419
6419
6419
6419
6419
6519
6519
6519
6519
6468
6468
6468
6468
6468
6452
6503
6503
6503
6453
6453
6469
6469
6469
6519
6519
6519
6519
6519
6519
6519
6519
6519
6519
6519
6519
6519
6519
6519
6519
6519
6519
6519
6519
6519
6519
6519
6519
6519
6519
6519
6468
6468
6468
6468
6468
6468
6468
6468
6468
6468
6468
6418
6418
6418
6418
6418
6418
6418
6418
6318
6418
6468
6468
6468
6468
6468
6468
6468
6468
6468
6468
6468
6468
6468
6469
6469
6469
6453
6453
6453
6453
6453
6453
6453
6453
6453
6453
6453
6453
6453
6453
6453
6453
6469
6469
6469
6469
6469
6469
6469
6469
6468
6468
6468
6468
6468
6468
6468
6468
6468
6468
6469
6469
6468
6468
6468
6468
6468
6468
6468
6468
6468
6468
6468
6468
6468
6468
6468
6468
6468
6468
6468
6468
6468
6468
6418
6418
6418
6418
6418
6418
6418
6418
6418
6418
6418
6418
6418
6418
6418
6418
6418
6418
6418
6402
6402
6402
6402
6402
6402
6453
6469
6469
6469
6469
6469
6418
6418
6418
6419
6419
6419
6470
6470
6470
6470
6470
6470
6470
6470
6470
6470
6470
6470
6470
6470
6470
6470
6470
6470
6470
6470
6470
6454
6454
6454
6453
6469
6469
6469
6369
6369
6369
6369
6369
6369
6369
6369
6369
6369
6369
6369
6353
6353
6353
6354
6454
6454
6454
6454
6454
6454
6454
6454
6454
6470
6470
6469
6469
6469
6469
6469
6469
6469
6469
6418
6418
6468
6468
6468
6468
6452
6452
6452
6352
6352
6352
6352
6352
6368
6368
6318
6318
6318
6319
6319
6319
6319
6319
6319
6319
6369
6369
6369
6130
6130
6130
6130
6130
6230
6230
6214
6214
6214
6214
6214
6214
6214
6214
6214
6214
6214
6214
6453
6453
6453
6453
6504
6504
6504
6504
6504
6453
6453
6453
6453
6452
6452
6503
6503
6503
6503
6503
6503
6503
6503
6503
6503
6403
6403
6403
6419
6419
6419
6403
6403
6403
6404
6420
6420
6420
6420
6420
6420
6420
6420
6420
6420
6404
6404
6404
6404
6404
6404
6404
6404
6404
6404
6420
6420
6420
6404
6404
6404
6404
6404
6404
6404
6504
6404
6404
6404
6404
6404
6404
6404
6404
6504
6504
6504
6504
6504
6504
6504
6504
6504
6520
6520
6520
6520
6520
6520
6520
6520
6520
6520
6520
6520
6520
6520
6520
6520
6520
6520
6520
6520
6520
6520
6520
6520
6520
6520
6520
6519
6519
6519
6519
6519
6520
6520
6520
6520
6520
6520
6520
6520
6520
6520
6520
6520
6520
6520
6520
6520
6520
6520
6520
6520
6504
6503
6503
6503
6503
6503
6503
6503
6503
6503
6503
6503
6403
6503
6503
6503
6503
6503
6403
6404
6404
6404
6404
6404
6404
6420
6420
6420
6420
6420
6420
6420
6420
6420
6420
6420
6420
6420
6419
6420
6420
6404
6404
6404
6404
6404
6404
6404
6404
6404
6404
6404
6404
6404
6420
6420
6420
6420
6520
6520
6520
6520
6520
6520
6519
6519
6520
6520
6520
6520
6520
6520
6520
6520
6519
6519
6503
6503
6503
6403
6403
6404
6404
6404
6404
6404
6404
6404
6404
6404
6404
6404
6404
6404
6404
6404
6404
6404
6404
6404
6404
6404
6404
6404
6404
6504
6453
6453
6453
6453
6504
6504
6504
6504
6504
6504
6504
6504
6504
6504
6504
6504
6520
6520
6520
6520
6520
6520
6520
6504
6504
6504
6503
6503
6503
6503
6503
6504
6504
6504
6504
6504
6504
6504
6504
6504
6504
6504
6504
6503
6519
6519
6519
6519
6519
6519
6519
6519
6519
6519
6520
6519
6519
6519
6519
6519
6519
6519
6519
6519
6519
6519
6519
6519
6519
6519
6519
6519
6519
6519
6519
6519
6519
6519
6519
6519
6503
6503
6503
6503
6504
6504
6504
6504
6504
6504
6504
6504
6504
6504
6504
6504
6504
6504
6504
6520
6520
6520
6520
6520
6520
6520
6520
6520
6520
6520
6420
6420
6420
6420
6420
6420
6420
6404
6404
6420
6420
6420
6420
6420
6420
6420
6420
6420
6369
6369
6369
6369
6369
6369
6469
6469
6469
6469
6469
6520
6520
6520
6520
6520
6520
6520
6520
6520
6520
6520
6520
6520
6520
6520
6520
6520
6520
6520
6520
6520
6520
6520
6520
6520
6519
6519
6519
6520
6520
6520
6520
6504
6504
6504
6504
6504
6504
6504
6504
6504
6504
6504
6504
6504
6504
6504
6504
6504
6504
6504
6504
6504
6504
6504
6503
6504
6504
6504
6504
6503
6503
6503
6503
6503
6503
6503
6503
6503
6403
6403
6403
6403
6403
6403
6403
6419
6419
6419
6419
6419
6419
6419
6419
6419
6419
6419
6419
6419
6419
6419
6419
6419
6419
6419
6419
6419
6419
6419
6419
6419
6419
6419
6369
6369
6369
6369
6369
6369
6369
6369
6369
6369
6369
6369
6369
6370
6354
6370
6370
6369
6369
6369
6353
6353
6353
6369
6369
6419
6419
6419
6419
6419
6419
6420
6420
6404
6404
6404
6404
6404
6404
6404
6404
6404
6504
6504
6520
6520
6520
6520
6520
6520
6520
6519
6519
6519
6519
6519
6519
6519
6519
6519
6468
6468
6468
6468
6468
6469
6469
6469
6469
6469
6469
6469
6469
6469
6469
6468
6468
6468
6418
6418
6418
6418
6418
6418
6402
6402
6402
6402
6403
6403
6403
6402
6402
6452
6452
6452
6452
6452
6452
6452
6452
6452
6452
6452
6452
6452
6452
6452
6452
6352
6452
6452
6452
6452
6452
6452
6452
6452
6452
6452
6352
6352
6352
6352
6352
6352
6452
6452
6452
6452
6452
6452
6452
6452
6453
6453
6504
6503
6503
6503
6504
6504
6503
6503
6503
6519
6519
6519
6519
6519
6519
6519
6519
6519
6519
6519
6519
6519
6519
6519
6519
6519
6519
6519
6519
6519
6519
6519
6519
6519
6519
6519
6519
6519
6519
6503
6503
6503
6503
6503
6452
6453
6453
6453
6453
6453
6453
6453
6453
6453
6452
6452
6452
6452
6452
6352
6352
6452
6452
6452
6468
6468
6468
6468
6468
6468
6468
6468
6468
6468
6468
6468
6468
6468
6468
6468
6468
6468
6468
6468
6468
6468
6468
6468
6468
6468
6468
6468
6452
6452
6452
6452
6452
6452
6452
6452
6452
6452
6453
6453
6453
6453
6453
6453
6453
6453
6469
6469
6469
6469
6469
6469
6469
6469
6469
6469
6469
6469
6469
6469
6469
6469
6469
6469
6469
6469
6520
6520
6520
6520
6520
6520
6520
6520
6520
6520
6520
6520
6520
6520
6520
6469
6469
6469
6469
6469
6469
6469
6469
6468
6468
6468
6468
6468
6368
6368
6318
6318
6318
6318
6318
6369
6369
6369
6370
6370
6370
6370
6370
6370
6370
6370
6370
6370
6370
6370
6370
6370
6420
6420
6420
6420
6420
6420
6420
6420
6420
6420
6420
6420
6420
6420
6420
6420
6420
6520
6520
6520
6520
6520
6520
6520
6520
6520
6520
6519
6519
6519
6519
6519
6519
6519
6519
6519
6519
6519
6519
6519
6519
6519
6519
6519
6519
6519
6519
6519
6519
6519
6520
6520
6520
6520
6520
6520
6520
6520
6520
6520
6520
6520
6520
6519
6519
6519
6519
6519
6519
6519
6519
6519
6519
6519
6520
6520
6520
6520
6520
6520
6520
6520
6520
6520
6504
6504
6504
6504
6504
6504
6504
6504
6504
6503
6503
6503
6453
6453
6453
6453
6453
6453
6469
6469
6470
6454
6470
6470
6470
6469
6469
6519
6519
6519
6519
6519
6519
6519
6519
6519
6519
6519
6519
6519
6519
6520
6520
6520
6520
6520
6520
6520
6520
6520
6520
6520
6520
6520
6520
6520
6520
6520
6504
6504
6520
6520
6520
6520
6519
6519
6519
6519
6519
6519
6519
6519
6519
6503
6503
6504
6504
6504
6504
6504
6504
6504
6504
6504
6504
6504
6520
6520
6520
6520
6520
6520
6520
6520
6520
6520
6520
6520
6504
6504
6504
6504
6504
6504
6504
6503
6503
6503
6504
6504
6504
6504
6504
6504
6504
6504
6504
6504
6504
6504
6520
6520
6520
6520
6520
6520
6520
6520
6504
6504
6504
6503
6503
6503
6503
6503
6503
6503
6503
6503
6503
6503
6503
6503
6503
6503
6503
6519
6519
6519
6519
6519
6503
6503
6403
6403
6503
6403
6403
6403
6403
6403
6403
6419
6419
6419
6419
6419
6419
6419
6419
6419
6419
6419
6419
6419
6419
6519
6519
6519
6519
6519
6503
6503
6503
6503
6503
6503
6503
6503
6503
6519
6519
6519
6519
6519
6503
6503
6503
6503
6503
6503
6503
6504
6504
6520
6520
6520
6520
6520
6520
6520
6520
6520
6520
6520
6520
6520
6520
6520
6520
6520
6520
6520
6520
6520
6520
6520
6520
6520
6520
6520
6520
6520
6520
6520
6520
6520
6520
6520
6519
6519
6519
6503
6503
6504
6504
6504
6504
6504
6504
6504
6504
6504
6504
6504
6504
6503
6503
6503
6503
6503
6503
6503
6503
6503
6503
6503
6503
6503
6503
6503
6503
6503
6503
6503
6403
6403
6403
6403
6403
6403
6403
6403
6403
6403
6353
6302
6302
6302
6302
6302
6302
6302
6302
6302
6302
6302
6302
6302
6302
6303
6303
6303
6319
6319
6318
6318
6318
6318
6318
6368
6368
6368
6368
6368
6368
6368
6368
6352
6352
6368
6368
6368
6468
6452
6452
6452
6452
6452
6452
6452
6453
6453
6453
6453
6504
6504
6504
6504
6504
6504
6504
6504
6504
6504
6504
6504
6504
6504
6504
6504
6504
6504
6504
6504
6504
6504
6504
6504
6504
6504
6504
6504
6503
6503
6503
6403
6403
6403
6404
6404
6404
6404
6404
6404
6404
6404
6404
6404
6420
6420
6420
6420
6419
6419
6419
6419
6419
6419
6419
6419
6403
6403
6404
6404
6404
6404
6420
6420
6420
6420
6420
6420
6420
6420
6420
6420
6420
6420
6420
6420
6420
6420
6420
6420
6420
6420
6420
6420
6420
6420
6420
6420
6420
6420
6420
6420
6420
6420
6420
6419
6519
6519
6519
6519
6519
6519
6519
6519
6519
6519
6519
6519
6519
6519
6519
6520
6520
6520
6520
6520
6520
6520
6520
6520
6520
6520
6520
6520
6520
6520
6520
6520
6520
6519
6519
6519
6519
6519
6519
6519
6519
6519
6520
6520
6520
6520
6520
6520
6520
6520
6519
6519
6519
6519
6519
6519
6519
6520
6520
6520
6520
6520
6520
6520
6520
6520
6520
6519
6519
6519
6519
6519
6520
6520
6520
6520
6520
6520
6520
6520
6520
6519
6519
6519
6519
6519
6519
6519
6519
6519
6519
6519
6520
6520
6520
6520
6520
6520
6520
6504
6504
6504
6504
6504
6504
6504
6504
6504
6504
6503
6503
6503
6503
6503
6503
6503
6503
6503
6503
6503
6503
6503
6403
6403
6403
6403
6404
6404
6404
6404
6404
6404
6404
6404
6404
6404
6404
6404
6404
6404
6404
6404
6404
6504
6504
6504
6503
6503
6503
6503
6503
6503
6503
6503
6503
6503
6403
6403
6403
6403
6404
6404
6404
6404
6404
6404
6404
6404
6404
6404
6404
6403
6353
6353
6353
6354
6354
6354
6354
6354
6354
6354
6354
6354
6354
6354
6354
6354
6354
6353
6302
6353
6353
6453
6453
6453
6453
6453
6453
6453
6469
6469
6469
6469
6469
6469
6469
6469
6469
6519
6519
6519
6519
6519
6520
6520
6520
6519
6519
6519
6519
6519
6519
6519
6519
6519
6519
6519
6519
6519
6519
6519
6519
6519
6519
6519
6520
6520
6520
6520
6520
6520
6520
6520
6520
6520
6520
6520
6520
6520
6520
6520
6520
6520
6520
6520
6520
6520
6520
6520
6520
6520
6520
6520
6520
6520
6520
6520
6520
6520
6520
6520
6520
6520
6520
6520
6520
6520
6520
6520
6520
6520
6520
6520
6520
6520
6519
6519
6519
6519
6519
6519
6519
6519
6519
6519
6503
6503
6503
6503
6503
6503
6503
6503
6503
6503
6519
6519
6519
6519
6519
6519
6519
6520
6520
6520
6520
6520
6520
6520
6520
6520
6520
6520
6520
6520
6520
6520
6520
6520
6520
6519
6519
6503
6503
6503
6504
6504
6504
6504
6504
6520
6520
6520
6520
6504
6504
6504
6504
6503
6503
6503
6504
6504
6504
6504
6504
6504
6504
6504
6504
6504
6504
6504
6504
6504
6520
6520
6519
6519
6519
6519
6519
6519
6519
6519
6519
6519
6519
6519
6519
6519
6519
6519
6519
6519
6519
6519
6519
6519
6520
6520
6520
6520
6520
6520
6520
6520
6520
6520
6520
6520
6520
6520
6520
6520
6520
6520
6520
6520
6520
6520
6520
6520
6520
6520
6520
6520
6519
6519
6519
6519
6519
6519
6519
6519
6519
6519
6519
6519
6519
6519
6519
6519
6519
6519
6519
6519
6519
6520
6520
6520
6520
6520
6520
6520
6520
6520
6520
6520
6520
6519
6519
6519
6519
6519
6519
6520
6520
6520
6520
6520
6520
6519
6519
6519
6519
6519
6519
6519
6519
6519
6519
6519
6519
6519
6519
6519
6469
6469
6469
6469
6469
6469
6469
6469
6469
6469
6469
6469
6469
6469
6469
6469
6519
6519
6520
6520
6520
6520
6519
6519
6519
6519
6519
6519
6519
6519
6519
6519
6519
6519
6519
6519
6519
6520
6520
6520
6520
6520
6520
6520
6520
6520
6520
6520
6520
6520
6520
6520
6520
6520
6520
6520
6520
6520
6520
6520
6520
6520
6520
6520
6520
6520
6520
6520
6520
6520
6520
6520
6520
6520
6520
6520
6519
6519
6519
6519
6519
6519
6519
6519
6519
6519
6519
6519
6520
6520
6519
6519
6519
6519
6519
6519
6519
6519
6519
6520
6520
6520
6520
6520
6520
6520
6520
6504
6504
6504
6504
6504
6504
6504
6504
6504
6504
6504
6504
6504
6504
6504
6504
6504
6504
6504
6504
6504
6504
6504
6504
6504
6504
6504
6504
6504
6504
6504
6504
6504
6520
6520
6520
6520
6520
6520
6520
6520
6520
6520
6520
6520
6520
6520
6520
6520
6520
6520
6520
6520
6520
6519
6519
6519
6519
6519
6519
6520
6520
6520
6520
6520
6520
6520
6520
6520
6520
6520
6520
6520
6520
6520
6520
6520
6520
6520
6520
6520
6520
6520
6520
6520
6520
6520
6520
6520
6520
6520
6520
6520
6520
6520
6520
6520
6520
6520
6520
6519
6519
6519
6519
6519
6519
6519
6519
6519
6519
6519
6519
6519
6520
6520
6520
6520
6520
6520
6520
6520
6520
6520
6520
6520
6520
6520
6520
6520
6520
6520
6519
6519
6519
6519
6519
6519
6519
6519
6519
6520
6520
6520
6520
6520
6520
6520
6520
6520
6520
6519
6519
6519
6519
6519
6519
6519
6519
6519
6519
6519
6519
6519
6519
6519
6519
6519
6519
6519
6519
6519
6519
6519
6519
6519
6519
6519
6519
6519
6519
6519
6520
6520
6520
6520
6520
6520
6520
6520
6520
6520
6520
6520
6520
6520
6520
6520
6520
6520
6520
6520
6520
6519
6519
6519
6519
6519
6519
6519
6519
6519
6519
6519
6519
6519
6519
6519
6519
6519
6519
6519
6519
6519
6519
6519
6519
6519
6519
6519
6519
6519
6519
6519
6519
6519
6519
6519
6519
6519
6519
6520
6520
6520
6520
6520
6520
6520
6520
6520
6520
6520
6520
6520
6520
6520
6520
6520
6520
6520
6520
6520
6520
6520
6520
6520
6520
6520
6520
6520
6520
6520
6520
6520
6520
6520
6520
6519
6519
6519
6519
6519
6519
6519
6519
6519
6519
6519
6519
6519
6519
6519
6519
6519
6519
6519
6519
6519
6519
6519
6519
6519
6520
6520
6520
6520
6520
6520
6520
6520
6520
6520
6520
6520
6520
6520
6520
6520
6520
6520
6520
6520
6520
6520
6520
6520
6520
6520
6520
6520
6520
6520
6520
6519
6519
6519
6520
6520
6520
6520
6520
6520
6520
6520
6520
6519
6519
6519
6519
6519
6519
6519
6519
6519
6519
6519
6519
6520
6520
6520
6520
6520
6520
6520
6520
6520
6519
6519
6519
6519
6519
6519
6519
6519
6519
6519
6519
6519
6519
6519
6519
6519
6519
6519
6519
6519
6519
6519
6519
6519
6519
6520
6520
6520
6520
6520
6520
6520
6504
6504
6504
6504
6504
6504
6504
6504
6504
6504
6504
6520
6520
6519
6519
6519
6519
6519
6519
6519
6519
6519
6519
6519
6519
6519
6519
6519
6519
6519
6519
6519
6519
6520
6520
6520
6520
6520
6520
6520
6520
6520
6520
6520
6520
6520
6520
6520
6520
6520
6520
6520
6520
6520
6520
6520
6520
6520
6520
6520
6520
6520
6520
6520
6520
6520
6520
6520
6520
6520
6519
6519
6519
6519
6519
6519
6519
6519
6519
6519
6519
6519
6519
6519
6519
6519
6519
6519
6519
6519
6519
6519
6519
6519
6519
6519
6519
6519
6519
6519
6519
6519
6519
6519
6519
6519
6519
6519
6519
6519
6519
6519
6519
6519
6519
6519
6519
6519
6519
6519
6519
6520
6520
6520
6520
6520
6520
6520
6520
6520
6520
6520
6520
6520
6520
6520
6520
6520
6520
6520
6520
6520
6520
6520
6520
6520
6520
6520
6520
6520
6520
6520
6520
6520
6520
6520
6520
6520
6520
6520
6520
6520
6520
6520
6520
6520
6520
6519
6519
6519
6520
6520
6520
6520
6520
6520
6520
6520
6520
6520
6520
6520
6520
6520
6520
6520
6520
6520
6520
6520
6520
6520
6520
6520
6520
6520
6520
6520
6520
6520
6520
6520
6520
6520
6520
6520
6520
6520
6520
6520
6520
6520
6520
6520
6520
6520
6520
6520
6520
6520
6520
6520
6520
6520
6520
6520
6520
6520
6520
6520
6520
6520
6519
6519
6519
6519
6519
6519
6519
6519
6519
6519
6519
6519
6519
6519
6519
6519
6519
6519
6519
6519
6519
6519
6519
6519
6519
6519
6519
6519
6519
6519
6519
6519
6519
6519
6520
6519
6519
6519
6519
6519
6519
6520
6520
6520
6519
6520
6520
6520
6520
6520
6520
6520
6520
6520
6520
6520
6520
6520
6520
6520
6520
6520
6520
6520
6520
6520
6520
6520
6520
6520
6520
6520
6520
6520
6520
6520
6520
6520
6520
6520
6520
6520
6520
6520
6520
6520
6520
6520
6520
6520
6520
6520
6520
6520
6520
6520
6520
6520
6520
6520
6520
6520
6520
6520
6520
6520
6520
6520
6520
6520
6520
6520
6520
6520
6520
6520
6520
6520
6520
6520
6520
6520
6520
6520
6520
6520
6520
6520
6520
6520
6520
6520
6520
6520
6520
6520
6520
6520
6520
6520
6519
6519
6519
6519
6519
6519
6519
6519
6519
6520
6520
6520
6520
6520
6520
6520
6520
6520
6520
6520
6520
6519
6519
6519
6519
6519
6519
6520
6520
6520
6520
6520
6520
6520
6520
6520
6519
6519
6519
6519
6519
6519
6519
6519
6519
6519
6519
6519
6519
6519
6519
6519
6519
6519
6519
6519
6519
6519
6519
6519
6520
6520
6520
6520
6520
6520
6520
6520
6520
6520
6520
6520
6520
6520
6520
6520
6520
6520
6520
6520
6520
6520
6520
6520
6520
6520
6520
6520
6520
6520
6520
6520
6520
6520
6520
6520
6520
6520
6520
6520
6520
6520
6520
6520
6520
6520
6520
6519
6519
6519
6519
6519
6519
6520
6520
6520
6520
6520
6520
6520
6520
6520
6520
6520
6520
6520
6520
6520
6520
6520
6520
6520
6520
6520
6520
6520
6520
6520
6520
6520
6520
6520
6520
6520
6520
6520
6520
6520
6520
6520
6520
6520
6520
6520
6520
6520
6520
6520
6520
6520
6520
6520
6520
6520
6520
6520
6520
6520
6520
6520
6520
6520
6520
6520
6520
6520
6520
6520
6520
6519
6519
6519
6519
6519
6519
6519
6519
6519
6519
6519
6519
6519
6519
6519
6519
6519
6519
6519
6519
6519
6519
6519
6519
6519
6519
6519
6519
6519
6519
6519
6519
6519
6519
6519
6519
6519
6519
6519
6519
6519
6519
6519
6519
6519
6519
6519
6519
6519
6519
6519
6519
6519
6519
6519
6519
6519
6519
6519
6519
6519
6519
6519
6519
6520
6520
6520
6520
6520
6520
6520
6520
6520
6520
6520
6519
6519
6519
6519
6519
6519
6519
6520
6520
6520
6520
6520
6520
6520
6520
6520
6520
6520
6520
6504
6504
6504
6504
6504
6504
6504
6504
6504
6504
6504
6504
6504
6504
6504
6504
6504
6504
6504
6504
6504
6504
6504
6504
6503
6503
6503
6503
6519
6519
6519
6519
6519
6519
6519
6519
6519
6519
6520
6520
6520
6520
6520
6520
6520
6520
6520
6520
6519
6519
6519
6519
6519
6519
6519
6519
6519
6519
6519
6519
6519
6519
6519
6519
6519
6519
6519
6519
6519
6519
6519
6519
6519
6519
6519
6519
6519
6519
6519
6519
6519
6519
6519
6519
6519
6519
6519
6519
6519
6519
6519
6519
6519
6519
6519
6519
6519
6519
6519
6519
6519
6519
6519
6519
6519
6519
6519
6519
6519
6519
6519
6519
6519
6519
6519
6519
6519
6519
6519
6519
6519
6519
6519
6519
6519
6503
6503
6503
6519
6519
6519
6519
6519
6519
6519
6519
6519
6520
6520
6520
6520
6520
6520
6520
6520
6520
6520
6520
6520
6520
6520
6519
6519
6519
6519
6519
6519
6519
6519
6519
6519
6519
6519
6519
6519
6519
6519
6519
6519
6519
6519
6519
6519
6519
6519
6519
6519
6519
6519
6519
6519
6519
6519
6519
6519
6519
6519
6519
6519
6519
6519
6519
6519
6519
6519
6519
6519
6520
6520
6519
6519
6519
6519
6519
6519
6519
6519
6519
6519
6519
6519
6519
6519
6519
6519
6519
6519
6519
6519
6519
6519
6519
6519
6519
6519
6519
6519
6520
6520
6520
6520
6520
6520
6519
6519
6519
6519
6519
6519
6519
6519
6519
6519
6519
6519
6519
6519
6519
6519
6519
6519
6519
6519
6519
6519
6519
6519
6519
6519
6519
6519
6519
6519
6519
6519
6519
6519
6519
6519
6519
6519
6519
6519
6519
6519
6519
6519
6519
6519
6519
6519
6519
6519
6519
6519
6519
6519
6519
6519
6519
6519
6519
6519
6519
6519
6519
6519
6519
6519
6519
6519
6519
6519
6519
6519
6519
6519
6519
6519
6519
6519
6519
6519
6519
6519
6519
6519
6519
6519
6519
6519
6519
6519
6520
6520
6520
6520
6520
6520
6520
6520
6520
6520
6520
6520
6520
6520
6520
6520
6520
6520
6520
6520
6520
6520
6519
6519
6519
6519
6519
6519
6519
6519
6519
6519
6520
6520
6520
6520
6520
6520
6520
6520
6520
6520
6520
6520
6520
6520
6520
6520
6520
6520
6520
6520
6520
6520
6520
6520
6520
6520
6520
6520
6520
6520
6520
6520
6520
6520
6520
6520
6520
6520
6520
6520
6520
6520
6520
6520
6520
6520
6520
6520
6520
6520
6520
6520
6520
6520
6520
6520
6520
6520
6520
6520
6520
6520
6520
6520
6520
6520
6520
6520
6520
6520
6520
6520
6520
6520
6520
6520
6520
6520
6520
6520
6520
6520
6520
6520
6520
6520
6520
6520
6520
6520
6520
6520
6520
6520
6520
6520
6520
6520
6520
6520
6520
6520
6520
6520
6520
6520
6520
6520
6520
6520
6520
6520
6520
6520
6520
6520
6520
6520
6520
6520
6520
6520
6520
6520
6520
6520
6520
6520
6520
6520
6520
6520
6520
6520
6520
6520
6520
6520
6520
6520
6519
6519
6519
6519
6519
6520
6520
6520
6520
6520
6519
6519
6519
6519
6519
6519
6519
6519
6520
6520
6520
6520
6520
6520
6520
6520
6520
6520
6520
6520
6520
6520
6520
6520
6520
6520
6520
6520
6520
6520
6520
6520
6520
6520
6520
6520
6520
6519
6519
6519
6519
6519
6519
6519
6519
6519
6519
6519
6519
6519
6519
6519
6519
6519
6519
6520
6520
6520
6520
6520
6520
6520
6520
6519
6519
6519
6519
6519
6519
6519
6519
6519
6519
6519
6519
6519
6519
6519
6519
6519
6519
6519
6519
6519
6519
6519
6519
6519
6519
6519
6519
6519
6519
6520
6520
6520
6520
6520
6520
6520
6520
6520
6520
6520
6520
6520
6520
6519
6519
6519
6519
6519
6519
6519
6520
6520
6520
6520
6520
6520
6519
6519
6519
6519
6519
6519
6519
6519
6519
6519
6519
6519
6519
6519
6519
6519
6519
6519
6519
6519
6519
6519
6519
6519
6519
6503
6503
6519
6519
6519
6520
6520
6520
6520
6520
6520
6520
6520
6520
6520
6520
6519
6519
6519
6519
6519
6519
6519
6519
6519
6519
6519
6519
6519
6519
6519
6519
6519
6519
6519
6519
6519
6519
6519
6519
6519
6519
6519
6519
6519
6519
6519
6519
6519
6519
6519
6519
6519
6519
6519
6519
6519
6519
6519
6519
6519
6519
6519
6519
6519
6519
6519
6519
6519
6519
6519
6519
6519
6519
6519
6520
6520
6520
6520
6520
6520
6520
6520
6520
6520
6520
6520
6520
6520
6520
6520
6520
6520
6520
6520
6520
6520
6520
6520
6520
6520
6520
6520
6520
6520
6520
6519
6519
6519
6519
6519
6519
6519
6519
6519
6519
6519
6519
6519
6519
6519
6519
6519
6519
6519
6519
6519
6519
6519
6519
6519
6519
6519
6519
6519
6519
6519
6519
6519
6519
6519
6519
6519
6519
6519
6519
6519
6519
6519
6519
6519
6519
6520
6520
6520
6520
6520
6520
6520
6520
6520
6520
6520
6520
6520
6520
6520
6520
6520
6520
6520
6520
6520
6520
6520
6520
6520
6520
6520
6520
6520
6520
6520
6520
6520
6520
6520
6520
6520
6520
6520
6520
6520
6520
6520
6520
6520
6520
6520
6519
6519
6519
6519
6519
6519
6519
6519
6519
6519
6519
6519
6519
6519
6519
6519
6519
6519
6519
6520
6520
6520
6520
6520
6520
6520
6520
6520
6520
6520
6520
6520
6520
6520
6520
6520
6520
6520
6520
6520
6520
6520
6520
6520
6520
6520
6520
6520
6520
6520
6520
6520
6520
6520
6520
6520
6520
6520
6520
6520
6520
6520
6520
6520
6520
6520
6520
6520
6520
6519
6519
6519
6519
6519
6519
6519
6519
6519
6519
6519
6519
6519
6519
6519
6519
6519
6519
6519
6519
6519
6519
6519
6519
6519
6519
6519
6519
6519
6519
6519
6519
6519
6519
6519
6519
6519
6519
6519
6519
6519
6519
6519
6520
6520
6520
6520
6520
6520
6520
6520
6520
6520
6520
6520
6520
6520
6520
6520
6520
6520
6520
6520
6520
6520
6520
6520
6520
6520
6520
6520
6520
6520
6520
6520
6520
6520
6519
6520
6520
6520
6519
6519
6519
6519
6519
6519
6519
6519
6519
6519
6519
6520
6520
6520
6520
6520
6520
6520
6520
6520
6520
6520
6520
6520
6520
6520
6520
6520
6520
6519
6520
6520
6520
6520
6520
6520
6520
6520
6520
6520
6520
6520
6520
6520
6520
6520
6520
6520
6520
6520
6520
6520
6520
6520
6520
6520
6520
6520
6520
6520
6520
6520
6520
6520
6520
6520
6520
6520
6520
6520
6520
6520
6520
6520
6520
6520
6519
6519
6519
6519
6519
6519
6519
6520
6520
6520
6520
6520
6520
6520
6520
6520
6520
6520
6520
6520
6520
6520
6520
6520
6520
6520
6520
6520
6520
6520
6520
6520
6520
6520
6520
6520
6520
6520
6520
6520
6519
6519
6519
6519
6519
6520
6520
6520
6520
6520
6520
6520
6520
6520
6520
6520
6520
6520
6520
6520
6520
6520
6520
6520
6520
6520
6520
6520
6520
6520
6520
6520
6520
6520
6520
6520
6520
6520
6520
6520
6520
6520
6520
6520
6520
6520
6520
6520
6520
6520
6520
6520
6520
6520
6520
6520
6520
6520
6520
6520
6520
6520
6520
6520
6520
6520
6520
6520
6520
6520
6520
6520
6520
6520
6520
6520
6520
6520
6520
6520
6520
6519
6519
6519
6519
6519
6519
6519
6519
6519
6519
6519
6519
6519
6519
6519
6519
6519
6519
6519
6519
6519
6519
6519
6519
6519
6519
6519
6519
6519
6519
6519
6519
6519
6519
6520
6520
6520
6520
6520
6520
6520
6519
6519
6519
6519
6519
6519
6519
6519
6519
6519
6519
6519
6519
6519
6519
6519
6520
6520
6520
6520
6520
6520
6520
6520
6520
6520
6520
6520
6520
6520
6520
6520
6520
6520
6520
6520
6520
6520
6520
6520
6520
6520
6520
6520
6520
6520
6520
6520
6520
6520
6520
6520
6520
6520
6520
6520
6520
6520
6520
6520
6520
6520
6520
6520
6520
6520
6520
6520
6520
6520
6520
6520
6520
6520
6520
6520
6520
6520
6520
6520
6520
6520
6520
6520
6520
6520
6520
6520
6520
6520
6520
6520
6520
6520
6520
6520
6520
6520
6519
6519
6519
6519
6519
6519
6519
6519
6519
6519
6519
6519
6519
6519
6519
6519
6520
6520
6520
6520
6520
6520
6520
6520
6520
6520
6520
6520
6520
6520
6520
6520
6520
6519
6519
6519
6519
6519
6519
6519
6519
6519
6519
6519
6519
6519
6519
6519
6519
6519
6519
6519
6519
6519
6519
6519
6519
6519
6519
6519
6519
6519
6519
6519
6519
6519
6519
6519
6519
6519
6519
6519
6519
6520
6520
6520
6520
6520
6520
6520
6520
6520
6520
6520
6520
6520
6520
6520
6520
6520
6520
6520
6520
6520
6520
6520
6519
6519
6519
6519
6519
6519
6519
6519
6520
6520
6520
6520
6520
6520
6520
6520
6520
6520
6520
6520
6520
6520
6520
6520
6520
6520
6520
6520
6520
6520
6520
6520
6520
6520
6520
6520
6520
6520
6520
6520
6520
6520
6520
6520
6520
6520
6520
6520
6520
6520
6520
6520
6520
6520
6520
6520
6520
6520
6520
6520
6520
6520
6520
6520
6520
6519
6519
6519
6519
6519
6519
6519
6519
6520
6520
6520
6520
6520
6520
6520
6520
6520
6520
6519
6520
6520
6520
6520
6520
6519
6519
6519
6519
6519
6519
6519
6519
6519
6519
6519
6519
6519
6519
6519
6519
6519
6519
6519
6519
6519
6519
6519
6519
6519
6519
6519
6520
6520
6520
6520
6519
6519
6519
6519
6519
6519
6519
6519
6519
6519
6519
6519
6519
6519
6519
6519
6519
6519
6519
6519
6519
6519
6519
6519
6519
6519
6519
6519
6519
6519
6519
6519
6520
6520
6520
6520
6520
6520
6520
6520
6520
6520
6520
6520
6519
6519
6519
6519
6520
6520
6520
6520
6520
6520
6520
6520
6520
6520
6520
6520
6520
6520
6520
6520
6520
6520
6520
6520
6520
6520
6520
6520
6520
6520
6520
6520
6520
6520
6520
6520
6520
6520
6520
6520
6520
6520
6520
6520
6520
6520
6520
6520
6520
6520
6520
6520
6520
6520
6520
6520
6520
6520
6520
6520
6520
6520
6520
6520
6520
6520
6520
6520
6520
6520
6520
6520
6520
6520
6520
6520
6520
6520
6520
6520
6520
6519
6519
6519
6519
6519
6519
6519
6519
6519
6519
6519
6519
6519
6520
6520
6520
6520
6520
6520
6520
6520
6520
6520
6520
6520
6520
6520
6520
6520
6519
6519
6519
6519
6519
6519
6519
6520
6520
6520
6520
6519
6519
6519
6519
6519
6519
6519
6519
6520
6520
6520
6520
6520
6520
6520
6520
6520
6520
6520
6520
6520
6520
6520
6520
6520
6520
6520
6520
6520
6520
6520
6520
6520
6520
6520
6520
6520
6520
6520
6520
6520
6520
6520
6520
6520
6520
6520
6520
6520
6520
6519
6519
6519
6519
6519
6519
6519
6519
6519
6519
6519
6519
6519
6519
6519
6519
6519
6519
6519
6519
6519
6519
6519
6519
6519
6519
6519
6519
6519
6519
6519
6519
6519
6519
6519
6519
6519
6519
6519
6519
6519
6519
6520
6520
6520
6520
6520
6520
6520
6520
6520
6520
6520
6520
6520
6520
6520
6520
6520
6520
6520
6520
6520
6520
6520
6520
6520
6520
6520
6520
6520
6520
6520
6520
6520
6520
6520
6520
6520
6520
6520
6520
6520
6520
6520
6520
6520
6520
6520
6520
6520
6520
6520
6520
6520
6520
6520
6520
6520
6520
6520
6520
6520
6520
6520
6520
6520
6520
6520
6520
6520
6520
6520
6520
6520
6520
6520
6520
6520
6520
6520
6520
6520
6520
6520
6520
6520
6520
6520
6520
6520
6520
6520
6520
6520
6520
6520
6520
6520
6520
6520
6520
6520
6520
6520
6520
6520
6520
6520
6520
6520
6520
6520
6520
6520
6520
6520
6520
6520
6520
6520
6520
6520
6520
6520
6520
6520
6520
6520
6520
6520
6520
6520
6520
6520
6520
6520
6520
6520
6520
6520
6520
6520
6520
6520
6520
6520
6520
6520
6520
6520
6520
6520
6520
6520
6520
6520
6520
6520
6520
6520
6520
6520
6520
6520
6520
6520
6519
6519
6519
6519
6519
6519
6519
6519
6519
6520
6520
6520
6520
6520
6520
6520
6520
6520
6520
6520
6520
6520
6520
6520
6520
6520
6520
6520
6520
6520
6520
6520
6520
6520
6520
6520
6520
6520
6520
6520
6520
6520
6520
6520
6520
6520
6520
6520
6520
6520
6520
6520
6520
6520
6520
6520
6520
6520
6520
6520
6520
6520
6520
6520
6520
6520
6520
6520
6520
6520
6520
6520
6520
6520
6520
6520
6520
6520
6520
6520
6520
6520
6520
6520
6520
6520
6520
6520
6520
6520
6520
6520
6520
6520
6520
6520
6520
6520
6520
6520
6520
6520
6520
6520
6520
6520
6520
6520
6520
6520
6520
6520
6520
6520
6520
6520
6520
6520
6520
6520
6520
6520
6520
6520
6520
6520
6520
6520
6520
6520
6520
6520
6520
6520
6520
6520
6520
6520
6520
6520
6520
6520
6520
6520
6520
6520
6520
6520
6520
6520
6520
6520
6520
6520
6520
6520
6520
6520
6520
6520
6520
6520
6520
6520
6520
6520
6520
6520
6520
6520
6520
6520
6520
6520
6520
6520
6520
6520
6520
6520
6520
6520
6520
6520
6520
6520
6520
6520
6520
6520
6520
6520
6520
6520
6520
6520
6520
6519
6519
6519
6519
6519
6519
6519
6519
6519
6520
6520
6520
6520
6520
6520
6520
6520
6520
6520
6520
6520
6520
6520
6520
6520
6520
6520
6520
6520
6520
6520
6520
6520
6520
6520
6519
6519
6519
6519
6520
6520
6520
6520
6520
6520
6520
6520
6520
6520
6520
6520
6520
6520
6520
6520
6520
6520
6520
6520
6520
6520
6520
6520
6520
6520
6520
6520
6520
6520
6520
6520
6520
6520
6520
6520
6520
6520
6520
6520
6520
6520
6520
6520
6520
6520
6520
6520
6520
6520
6520
6520
6520
6520
6520
6520
6520
6520
6520
6520
6520
6520
6520
6520
6520
6520
6520
6520
6520
6520
6520
6520
6520
6520
6520
6520
6520
6520
6520
6520
6520
6520
6520
6520
6520
6520
6520
6520
6520
6520
6520
6520
6520
6520
6520
6520
6520
6520
6520
6520
6520
6520
6520
6520
6520
6520
6520
6520
6520
6520
6520
6520
6520
6520
6520
6520
6520
6520
6520
6520
6520
6520
6520
6520
6520
6520
6520
6519
6519
6519
6519
6519
6519
6519
6519
6519
6519
6519
6519
6519
6519
6519
6519
6519
6519
6519
6519
6519
6519
6519
6519
6519
6519
6519
6519
6519
6519
6519
6519
6519
6519
6519
6519
6519
6519
6519
6519
6519
6519
6519
6519
6519
6519
6519
6519
6519
6519
6519
6519
6519
6519
6519
6519
6519
6519
6519
6519
6519
6519
6519
6519
6519
6519
6519
6519
6519
6519
6519
6519
6519
6519
6519
6519
6519
6519
6519
6519
6519
6519
6519
6519
6519
6519
6519
6520
6520
6520
6520
6520
6520
6520
6520
6519
6519
6519
6520
6520
6520
6520
6520
6520
6520
6520
6520
6520
6520
6520
6520
6520
6520
6520
6520
6520
6520
6520
6520
6520
6520
6520
6520
6520
6520
6520
6520
6520
6520
6520
6520
6520
6520
6520
6520
6520
6520
6520
6520
6520
6520
6520
6520
6519
6519
6519
6519
6519
6519
6519
6519
6519
6519
6519
6519
6519
6519
6519
6520
6520
6520
6520
6520
6520
6520
6520
6520
6520
6520
6520
6520
6520
6520
6520
6520
6520
6520
6520
6520
6520
6520
6520
6520
6520
6520
6520
6520
6520
6520
6520
6520
6520
6520
6520
6520
6520
6520
6520
6520
6520
6520
6520
6520
6520
6520
6520
6520
6520
6520
6520
6520
6520
6520
6520
6520
6520
6520
6520
6520
6520
6520
6520
6520
6520
6520
6520
6520
6520
6520
6520
6520
6520
6520
6520
6520
6520
6520
6520
6520
6520
6520
6520
6520
6520
6520
6520
6520
6520
6520
6520
6520
6520
6520
6520
6520
6520
6520
6520
6520
6520
6520
6520
6520
6520
6520
6520
6520
6520
6520
6520
6520
6520
6520
6520
6519
6519
6519
6519
6519
6519
6519
6519
6519
6519
6519
6519
6519
6519
6519
6519
6519
6519
6519
6520
6520
6520
6520
6520
6520
6520
6520
6520
6520
6520
6520
6520
6520
6520
6520
6520
6520
6520
6520
6520
6520
6520
6520
6520
6520
6520
6520
6520
6520
6520
6520
6520
6520
6520
6520
6520
6520
6520
6520
6520
6520
6520
6520
6520
6520
6520
6520
6520
6520
6520
6520
6520
6520
6519
6519
6519
6519
6519
6519
6519
6519
6519
6519
6519
6519
6519
6519
6519
6519
6519
6519
6519
6519
6519
6519
6519
6519
6519
