3823
3823
3823
3839
3484
3766
3816
4055
4005
4056
4388
4030
4592
5041
5042
4803
4752
4343
4343
4393
4748
5008
4726
4676
3993
4044
4283
3721
3337
3899
3883
3899
3567
3328
3312
3312
3312
3594
3032
3416
2925
3487
3132
3182
3865
3815
3132
3081
3490
3729
3490
3230
3469
3960
3469
3060
3076
3431
2780
2388
1939
2199
1637
1377
1939
1377
1361
1411
1462
1462
1223
1678
2329
2661
2010
2402
2964
2964
2509
2748
3203
2641
3050
3408
4059
3820
3538
3129
3129
3128
2796
2412
2651
3213
2562
3053
3462
3722
4106
4789
4380
4380
4712
4662
4423
4091
4040
3682
3422
3472
3488
3096
2605
2221
2630
2221
2605
2865
2510
2792
3184
3423
3781
3542
3442
3681
3781
3781
3731
4063
4064
4048
3766
4215
3955
3506
3556
3555
3815
3715
4070
3508
3509
3918
3563
3154
3153
3169
2714
2765
3047
3502
3857
4419
4087
3695
3456
3196
2914
3174
2816
3098
2816
3055
3387
3796
3387
2932
3290
3240
2856
2596
3051
2368
2317
1962
1946
1997
2279
2280
2689
3138
2729
2280
2664
3073
2689
3180
2771
2280
2963
2631
2963
3318
3809
3527
3543
3492
3476
3885
3527
3118
3169
3451
3900
4160
3711
3761
3199
3557
3949
3898
4549
4548
4997
4998
5049
5049
4717
4226
4558
4203
4303
3620
3569
3114
2782
3273
2622
2362
2362
3013
3468
3823
4232
4232
3783
3782
3500
3500
3949
3710
3710
3711
3060
3010
3009
3692
3237
3238
3238
3889
3905
3496
3005
3005
3265
3249
2566
2466
2465
2516
2516
2900
2900
3355
3371
4054
3794
3794
3778
4340
4390
4490
3928
4419
4064
4014
4576
4184
3622
3167
3522
3854
4114
3756
4211
4160
4160
4442
4087
3404
3405
3797
3797
3848
3516
2865
2416
2432
2172
2621
2521
2520
2852
2361
2621
2570
2621
2289
2289
1840
1558
2241
1857
1858
1403
1402
1811
2266
2366
1957
2312
2644
2883
3332
3614
3159
2877
3439
3930
3830
3438
3822
3467
3922
4314
4298
4949
4949
4266
4266
3704
3372
3704
3804
3804
4487
4227
4176
4531
4176
3784
3834
3850
3395
2946
2930
2691
3146
3197
3457
3002
3457
3696
3697
4052
4001
4017
4299
4691
4336
3653
3321
2937
2677
3126
3026
3435
3434
3694
3203
2921
2472
2473
2423
2014
2369
3052
3384
3384
3793
3554
3605
3887
3605
3213
3213
3452
3451
3733
3733
3473
3733
3324
3042
3043
3435
3080
3130
3080
3079
3179
2787
2771
2772
2822
3313
3262
3620
3360
3809
4091
3408
2757
3408
3308
3700
3368
3384
2992
3324
3324
3584
3993
4555
4106
4090
3681
3697
3415
3466
3875
4558
5007
4445
3990
3339
3289
3273
3013
3397
2988
3270
3725
4287
4048
4440
4389
3706
3144
3244
3927
3827
3843
4082
3690
3358
3408
3126
3518
3518
3517
3518
3873
3857
3857
3502
3834
4094
4656
4606
4346
4397
5048
5098
4536
4152
3697
3647
3289
3289
3647
3289
3549
4111
4111
4469
4878
4894
4562
4561
4322
4777
4777
4726
4726
4776
4214
4598
4599
4699
4341
4673
4673
4657
4166
4405
4687
4687
4587
4945
5045
4763
4371
3987
3655
4047
3592
3591
3607
2956
2906
3238
3622
3977
4259
4750
4301
4041
3358
3408
3409
3077
3639
3690
3689
3305
2947
2897
2335
2336
2336
3019
3018
3002
2951
2951
2851
3209
3259
3708
4359
3676
3936
4320
4420
5103
4821
5383
4700
4600
4651
4600
4242
3858
3808
3908
3909
4293
4651
4651
4089
4651
4551
4291
4623
4639
4690
4335
5018
4779
4779
4447
4396
4396
3947
4279
4561
3910
4170
4619
5074
4665
4210
4210
4619
4974
4619
3936
3487
2996
2604
2603
2995
3350
3018
3669
3719
3364
3415
3006
2648
2748
3203
3612
3330
3685
3230
3588
3204
3486
3386
3336
4019
3610
4059
3610
3710
3949
3298
3747
4156
4140
4156
4611
4511
4460
4792
5443
5934
5602
5244
4593
4311
4593
4354
4686
4354
4094
3812
3813
3813
4171
4503
3941
4503
4054
4038
4277
4277
3868
4519
4619
4287
4048
3593
3238
3477
3926
4381
4641
3990
4272
4656
4272
3823
3431
3880
3389
3405
3456
4107
4516
4067
4117
4017
3366
2804
3253
3585
3253
3637
3188
3187
2948
2897
2513
2104
2496
2497
2906
2906
2906
3145
3707
3807
3352
3736
3344
2935
2935
2919
2535
2867
2918
3569
3287
2725
3117
3066
2383
2945
3628
3296
3057
2699
2307
2699
3031
3522
3977
4332
3940
4222
4614
4259
4209
4567
4005
4414
4769
4769
4769
4768
4436
4486
4870
4886
4937
4886
4626
4886
4395
4379
4329
4661
5110
4828
4145
4427
5110
5110
4778
4778
4394
4112
4603
4885
4394
4410
4649
4633
4683
4291
4009
4500
4551
4501
3850
4132
4694
4694
5078
5128
4744
4644
4235
3786
3224
2964
3296
3858
4307
4323
4583
4567
5218
5318
4827
5219
5169
4837
4482
4483
4482
4033
3982
3590
3232
3283
3641
3283
3001
3393
3409
2954
3403
3787
3687
3636
4091
4446
4446
4091
4373
4864
4302
4660
4205
3966
4321
4653
3970
3521
3189
3644
3286
3287
3619
3670
3388
2996
3278
3636
4319
3935
4174
3819
4211
3929
3878
3928
3927
3978
4427
3936
3544
3544
4035
4036
3985
3653
3935
4344
4395
3986
3986
4548
4548
4093
3735
3496
3496
3214
2652
3107
2616
1965
2357
1902
1851
2209
2771
3053
3053
3408
3358
3003
2611
2943
2943
3298
3349
3349
3067
3349
3333
3332
3333
3824
4208
3759
3076
3468
3707
4358
4307
4358
4813
4358
4003
4053
4003
4053
4053
3491
4174
3892
3992
3634
3916
3532
3140
3090
3448
2797
3252
3268
2585
2569
2330
2739
2639
2230
2330
1998
2048
2048
2457
2473
3124
3363
3812
3811
3572
3964
4348
4703
4248
4810
4455
5138
4689
4429
4429
4430
4785
4430
4885
4527
4118
3663
3612
3330
3612
4067
4516
4874
4873
5133
4642
4642
4080
4435
4043
3783
3132
3132
3371
2916
3407
3739
3999
3760
3710
3710
3711
3429
3711
4120
4120
4512
4967
4951
4542
4051
4051
4542
4184
4235
4251
4250
3990
3991
3636
3994
3978
3978
4028
4028
3573
3982
4242
4258
3809
3759
3758
3808
3792
4147
4596
5158
4774
4514
4515
4066
3504
2821
3270
3921
4181
3849
3799
4254
4254
4493
4877
4493
4492
4441
5124
4732
5124
5124
4769
4530
4531
4547
4531
4863
4914
5298
4966
4582
4224
4579
4124
4124
4124
3715
4047
4046
3995
3735
3995
4046
4455
4063
4421
4370
4754
4399
4450
3799
4038
4600
4191
4241
4696
4596
4596
4034
4596
5247
4756
4474
4883
4883
4644
5135
5084
4629
4911
5366
5316
5317
4933
4575
4930
4648
4748
4799
4815
4360
4344
4583
4134
3725
3674
3023
3022
2460
2742
2059
1727
2111
1872
1517
2079
2130
2131
2523
2131
2370
1986
2036
2394
2294
2394
2849
3181
2899
3291
2800
3451
3733
3171
3171
2520
3082
3082
3466
4117
3878
3878
4287
4287
3878
4287
4287
4287
4970
4920
4511
4511
4056
4505
4245
4295
4195
4211
4620
3937
3545
4228
4467
4466
4821
4770
4412
4672
4263
4024
3742
3410
2961
3012
3013
2962
2400
1749
2198
2760
2376
2375
2375
2707
2807
3216
3671
3953
3953
4337
4338
3929
4287
4271
3916
3866
3606
4097
4097
3648
3648
3647
4056
3774
3775
4130
4129
4411
5062
4962
4962
4962
5222
4660
5052
5068
4736
4245
4245
3887
3937
3988
4550
4195
3633
3965
3556
3505
3605
4167
4168
4167
3907
4316
4266
4266
4166
4166
4657
4896
5345
4783
4501
4117
3725
3725
4109
4391
4007
3516
3874
3516
3516
3517
3517
3517
3567
3667
3718
3263
3263
3247
3147
3146
3146
3095
3111
2460
2951
2951
3602
3960
3961
4523
4191
3909
4241
3590
3141
2732
2682
3066
3458
3219
3269
3508
3508
3790
3432
3382
3737
3737
3455
3455
3455
3505
3505
3455
3454
3714
4123
3561
3661
4116
4678
4678
4116
4678
4269
4551
4196
3957
3957
3675
4084
4442
3880
4119
3761
3745
3413
3313
2858
2859
3421
4072
4430
3868
3217
3267
3028
2768
2768
2819
2769
3029
3591
3540
3539
4190
3781
3098
3507
3508
4191
4291
3933
3984
4433
4715
5170
4786
4785
4835
4273
4605
4213
3953
4515
4464
4703
4052
4410
4670
4388
4388
5039
5039
4989
4657
4166
3711
4103
4119
4574
4574
4625
4365
4749
4750
4749
5104
5088
4849
4198
4689
4689
4690
4929
5580
5580
5480
5071
4388
3897
3896
3946
3707
4390
3935
3935
4390
4340
3956
4056
3698
4107
4108
4368
4752
4069
4085
3985
4476
4092
4476
4834
4834
4476
5159
4804
4544
4899
4883
5143
4688
4788
5146
5601
5840
5856
6188
6188
6188
6187
6187
5927
5595
5595
5146
5428
4866
4215
4199
3917
3533
3533
2850
3412
3413
3413
3862
4194
4454
4504
4112
3852
4112
3754
3494
3494
3162
3845
3745
3845
3845
3606
3556
2873
2424
2782
3174
3456
3788
3433
3101
3340
3789
4173
3724
4079
3840
3431
4114
4063
4063
3679
4330
3839
3839
3739
3056
3106
3206
3445
3496
3446
3395
3446
3445
3445
3854
4537
4298
4682
5131
5131
4739
4457
4789
4405
4687
4355
3704
3604
3155
3156
2594
2854
2496
2496
2087
2738
2738
3122
3571
3810
3810
3810
3810
4168
4730
4491
4209
4309
3860
4142
3580
3320
3220
2765
2815
3075
3025
3075
3074
2719
3128
3128
3583
4032
4048
3690
4048
3397
3346
3346
3347
3679
3918
3534
3918
3868
3510
3610
3594
3312
3963
4454
5016
5371
5422
5013
5371
5653
5669
5285
5285
5335
5335
5727
5727
5488
4926
4875
4224
4208
3759
3367
3816
3534
3773
3282
2827
3282
3844
3486
3386
4037
4053
3604
3554
3963
3508
3508
3176
2493
2775
2826
2417
2517
2466
3149
3640
3640
3691
3691
3200
2549
2533
2865
2864
2604
2620
2620
2288
2188
2546
2646
3101
3102
3494
3394
3654
3394
3394
3726
3444
3828
3928
3570
3331
2976
3236
2844
2282
2844
3495
3850
3849
3166
2811
3093
3042
3397
3755
3397
3888
3397
3397
3381
3381
3382
3791
4030
3770
3488
3504
3503
2941
3333
3233
3333
3317
2862
3122
2790
2790
3239
3597
3497
2846
2846
3301
3352
3452
3502
3451
3191
3242
3003
2594
2833
2733
3384
3384
3029
3029
3591
4082
4342
4343
4698
4136
4152
3697
3342
3291
3853
3853
4135
4135
3644
4327
3935
3935
3935
3653
3704
4036
4020
3760
3521
3876
3521
3976
4236
4645
4083
4082
4644
4883
4525
4193
4194
4194
4194
4526
4287
4287
4236
3787
3887
3478
3887
3627
3678
3678
4127
4482
4482
4482
4482
3831
4070
4721
4389
4389
4781
4542
3859
4098
3643
3593
4276
4037
4037
4319
3870
3870
3478
3478
2827
2472
2804
3064
3519
3468
3823
3723
4172
3817
3867
3483
3841
3841
4225
4876
4594
4544
4544
4899
5138
4683
4444
4444
4495
4495
4986
5378
4969
4968
4317
4968
4708
4025
4025
4264
3932
4264
4280
4963
4571
4980
5030
5014
5030
4980
4980
4596
4264
3855
4310
4311
4361
4003
4003
3764
3409
2918
3310
3668
3668
3668
3667
3616
4025
4307
4307
4307
3949
4304
4304
4304
4355
4739
4177
3526
4088
3633
3583
3822
3260
3209
3210
3260
3360
3344
3604
3604
4059
3820
4178
4178
3823
4178
4829
4828
5319
4864
4865
5320
4637
4653
4002
3644
3644
3384
2935
3174
3857
3908
3453
3044
2993
2893
2944
3595
3356
3356
3001
3456
3695
4050
4382
3731
4140
3858
3842
3603
3271
3510
3271
3720
3670
3669
3285
3936
4036
4052
4052
4410
4394
4395
3986
3986
3985
4267
3985
4317
4333
4233
4233
3784
4168
4218
3567
3567
3976
4076
3976
3976
4425
4987
4971
4920
5571
5080
5080
4518
4518
4569
4569
4569
4211
3856
3447
3448
2993
2993
2601
2701
3156
2824
3084
3416
3084
3083
3084
2824
3063
3013
2564
2973
3535
3893
3438
3438
3454
3504
3454
3714
4106
4388
4837
4445
4495
4495
4495
4495
4827
4827
4176
4531
4176
4667
4385
4385
5036
5036
5036
5318
5079
4797
4747
4647
4747
5202
4870
4870
5262
5211
5493
5493
5544
5089
5038
4476
4216
4455
4071
4071
3622
3622
4006
4461
3970
3287
3287
3005
3005
3005
3454
4016
4016
4276
4959
4308
4959
4959
4959
5241
5002
4547
4547
3896
4547
5002
5493
5493
5477
5528
5528
5528
5119
5068
5068
4676
5031
5030
5439
5678
5223
5615
4964
4965
4865
4865
5197
4865
4915
4915
4560
4576
4560
4576
3893
3611
3610
3610
3710
3660
3644
3405
3145
3145
2736
2378
2638
2689
2705
3063
3047
3286
3286
3741
3250
2858
2859
2808
3459
3004
3004
3004
3054
3105
3104
3459
2897
2846
2397
2959
2959
2575
3030
3312
3312
3312
3262
3278
3670
3278
3687
4019
4069
3787
4179
4670
4670
4338
4670
4019
4019
4301
4285
4285
4235
4251
3842
4525
4167
4167
4167
4151
3869
3869
3869
3870
3610
3870
3921
3821
3821
3821
4205
4255
4255
4254
4612
4228
3773
3723
3672
3672
3672
3723
4107
3775
4426
4426
4526
4475
4757
5089
5105
5105
5106
5555
5555
5555
5455
5505
5121
5071
4811
4249
4249
4010
4010
4394
3903
3903
3519
4081
3398
3782
3450
3168
3428
3883
3867
3305
3321
3560
3560
3560
4051
4613
5022
4664
4996
4996
5354
5353
4862
4962
4607
4249
4604
4604
5095
5096
4687
4238
3978
3623
4032
4032
3640
3640
3640
3640
3624
3624
3884
4242
3884
3645
4037
4720
5078
4427
4095
3835
3835
3426
3758
3758
4018
3335
3617
3616
3632
4283
4283
4283
4267
4317
3755
3655
4217
4572
4312
4262
4262
4945
4945
4587
4025
3570
3570
3079
3570
3809
3570
3571
3179
3178
3417
3085
2701
2701
3059
3159
3568
3828
4212
3803
4258
4259
4708
4057
3818
4227
3843
3843
3843
3843
3743
4305
3856
3872
4256
4907
5146
5595
5927
5911
5911
5911
5228
4896
5579
5297
5313
5313
5645
5645
6037
5653
5704
5349
4787
4378
4362
4746
4388
3996
3996
4351
3860
4142
4142
4500
4892
4209
4700
4700
4461
4129
3478
3427
3427
3427
3145
3245
3145
3145
3145
3145
3477
3022
3584
3584
3634
3634
3584
4267
4267
4267
4267
4267
4506
4557
4199
3708
4117
3733
3733
3494
3852
4134
4134
4134
3776
4427
4811
5050
4768
4768
5126
5126
4742
4410
4410
4001
4333
3978
4260
4615
4615
4631
4615
4665
4664
5048
5048
4486
4941
4609
4251
4251
4609
3926
4026
4358
4358
4920
4536
4204
4536
4178
3896
4305
4066
4066
4305
3896
3912
4321
3872
4230
3991
4440
4424
4015
4506
4057
4057
4339
4339
4339
4339
4339
4239
3979
3980
4389
4057
3566
3566
4249
4740
4285
3634
3242
3242
3697
4089
4088
4327
4276
4725
4725
4486
4537
4797
4747
4747
4355
4304
4304
4955
5006
5006
4597
4647
4663
4613
4713
4713
4714
5098
4743
4743
4743
4743
4743
4385
4125
4125
4517
4466
4466
4466
4082
4066
4065
3783
3683
3943
4301
4301
3852
4091
4092
4092
4424
4092
4476
4475
4117
3626
3642
3924
4373
3989
4373
4731
5140
5140
5191
5291
5341
5341
5832
5832
5270
4886
4886
4431
4415
4431
4886
4870
5432
5432
5332
5282
4720
4460
4460
4510
4460
4221
4460
4460
5022
4740
4740
4741
4332
4716
5125
5225
5225
5225
5225
4776
4285
3927
4209
3970
3919
3236
3236
3568
3159
3842
3842
3742
4233
4588
4588
4587
4587
4587
3936
4345
4345
4703
4248
4899
5159
5159
5175
5275
5275
5275
5514
5514
5515
5515
5415
4853
4571
4179
3821
3561
3560
3544
3545
3054
2699
2715
2766
3215
3215
3706
4098
3714
3714
3974
3974
4024
4124
4508
4508
4508
4458
4913
4913
4913
4464
4913
5195
5179
5741
5409
5149
5504
5504
5149
5149
5199
5215
4823
4823
5083
4983
4723
4274
4374
4374
4374
4374
4374
4324
3641
3640
3589
3573
3189
3581
3581
3913
3929
3929
4284
4284
4733
4734
4733
5117
5117
5168
5168
4886
4477
4426
4686
4354
3863
3847
3847
4256
4017
3757
3808
3809
3809
3454
3454
3470
3470
3086
3577
3577
3961
3961
3910
3910
3910
3960
3944
3535
3795
4478
4428
4710
4710
4709
4427
4327
3836
3836
3836
4075
4075
3683
3683
3734
3734
4143
4159
4517
4517
4062
4454
4005
4055
4546
4530
4039
4394
4494
4826
4826
4775
4775
4775
4775
4791
4459
4459
4510
4511
4511
4510
4152
4152
4102
4102
4102
4086
4086
3403
3143
3634
3650
3266
3949
3949
4281
4181
4165
4523
4539
4589
4689
5144
5593
5201
4639
4284
4676
4676
4676
4221
3863
4218
4118
4400
4400
3717
3268
3717
3717
4400
4962
4400
4401
4400
3909
3910
3628
3577
3935
3919
3919
3919
3919
3680
3348
2899
3283
3283
3334
3616
3615
4106
4106
4555
4887
4887
4887
4836
5075
4720
4720
4438
4720
4670
4686
4035
4085
3676
4085
4647
4263
4263
4363
4313
3822
3260
2978
2978
2962
2513
2513
3164
2925
3309
2977
3332
3787
4236
4237
4476
4121
4137
4187
4469
4469
4469
4419
4137
4137
4136
4136
4468
4110
4468
4728
4728
5290
5051
5406
5390
5441
5057
5057
5073
5073
5057
5057
4665
5057
4699
4250
4250
4250
4250
4250
4199
4481
4221
4121
4612
4612
4257
4257
4706
4144
3812
3813
4073
3813
3829
3828
3828
3879
4263
4263
4264
4622
4977
4976
5215
4760
5215
4860
4960
4960
5010
4728
5083
4628
4960
4960
4909
4909
4909
4909
4226
4226
3987
4670
4261
4211
3762
3762
4217
3833
4072
4072
4123
4572
4572
4572
4572
4240
3885
3885
4240
4572
3921
4203
4203
4103
4754
4754
5014
4963
4947
4947
4963
5525
5243
5627
5235
5219
5219
5219
4728
4728
4344
4753
4753
4753
4753
4191
4753
4304
3972
3972
3410
3055
3439
3888
3504
3265
3547
3547
3547
3597
3613
3997
3997
3548
3532
3532
3864
3964
4455
4405
4967
4685
4685
4685
4924
4924
5373
5728
5396
5157
4748
5030
5030
4379
4379
4618
4950
4950
4950
4950
4951
5343
5394
5393
5394
5394
5394
5062
5062
4613
4331
4347
4296
4628
4628
4628
4236
4236
4236
4236
3904
3903
3887
4538
4278
4538
4538
4554
4538
4538
4180
4180
4589
4639
5088
5088
5139
5531
5532
5532
5148
5506
5838
5854
5445
5445
5445
5445
4996
4996
5445
5206
5445
4990
4990
4974
5256
5256
4996
4995
4995
4637
4637
4637
4653
4653
4637
5092
4810
5219
5219
5219
5603
5553
5314
4823
5314
5314
5553
5813
6095
5640
5640
5640
5640
5231
5281
5042
5400
4749
4417
4417
4366
4084
3522
4173
4224
4506
4506
4915
5154
5154
4705
4654
4554
5009
4770
5102
5102
5341
5081
5530
5248
5249
5531
5547
5547
5092
5092
4601
4601
4601
4362
4853
4853
5092
4601
4551
4551
4551
4102
4152
4714
4714
5169
5660
5205
5189
5189
5188
5189
5644
5644
5644
5644
5189
5289
5289
5288
5339
5794
5794
5794
6243
6244
6144
6404
6122
6072
5680
5348
5448
5188
5088
5104
5364
5104
5104
4655
4705
4689
4689
4689
4789
5238
5238
4999
4999
5281
5281
5613
5204
5203
5219
5219
5169
5169
5170
5579
5563
5823
5414
5414
5430
5669
5669
5178
5178
5127
5127
5519
5928
5912
5528
5428
5428
5812
5812
5812
5812
5812
5812
5812
5811
5811
5811
5811
5811
5811
5572
5622
5622
5622
5638
4955
4905
5005
4673
4657
4248
4299
4538
4299
4039
4055
4055
4055
4055
4387
4878
5138
4780
4780
4289
4647
4647
4648
4648
4290
4648
4648
4887
4887
4886
4887
4787
5196
5196
5296
5295
5296
5787
5395
5344
5344
4989
4657
4273
4273
4273
3915
3815
4199
4250
4250
4250
4250
4250
4582
4566
4566
4566
4566
4075
4091
4191
4546
3984
4667
4651
4701
4601
4319
4269
3820
3820
3820
3820
3820
4212
4211
4211
3879
3879
3979
3928
4377
4428
4428
4444
4444
4935
5217
5117
5117
5117
5101
4646
4646
3963
3979
4434
4434
4434
4434
4079
4411
4411
4461
5023
5023
5023
4461
4819
4819
4819
4820
4820
5382
5382
5382
5482
4920
5482
5481
5072
4617
4617
5300
5755
5516
5132
5132
5132
5032
5016
5016
5016
5032
5416
5416
5825
5825
5433
4942
4942
5433
5533
5534
5926
5926
5926
5926
5875
5926
5644
5926
5534
5889
5889
5789
5789
5789
5889
5629
5629
5579
5224
5579
5579
5170
5154
5154
5393
5393
5393
5393
5393
5393
5785
5734
5634
5634
5650
5295
5295
5295
5295
5346
5345
5345
5395
5395
4744
4744
5004
4722
4706
5115
5115
5115
5115
4783
4733
4733
4284
4024
4379
4379
4661
4661
5110
5110
5110
4701
5110
5761
5522
5523
5522
4839
4839
4840
5079
5079
5078
4839
4839
4455
4455
4839
4188
4188
4238
4238
4238
4498
4498
4140
4240
4240
4240
3980
3625
3885
3885
3885
3901
3901
3901
3901
4233
4183
4866
4474
4832
4832
4832
4500
4500
4500
4500
4500
4892
4876
5231
4776
5015
5666
5666
5666
5998
5947
5948
5999
5316
4825
4543
4543
5226
5681
5681
4998
5489
4927
4927
4927
4927
4827
4827
4378
4377
4939
4939
5622
5623
5623
5623
6072
6072
6122
6122
6404
6404
5995
5995
5995
5995
5995
5603
5553
5195
5195
5144
5144
5144
5194
4839
4839
5197
5147
5147
4763
5172
5172
5172
5172
5556
5948
5948
5948
5948
5499
5515
5515
5255
5305
5754
5754
5754
5754
5754
6014
5964
6319
6319
6059
5777
5286
5286
4837
4479
4024
4473
4472
4117
4117
4399
4499
4854
4854
4499
4499
4550
4534
4584
4534
4434
4789
5147
5407
5356
5356
5356
5406
5407
5406
5406
5406
5457
5175
5457
5218
5218
5219
5168
5168
4485
4485
4485
5168
5168
5407
5862
5862
5862
5580
5196
5196
5196
5196
5196
4741
4741
4741
4841
4857
4757
4757
4348
4347
4447
4447
4856
4856
4501
4956
5311
5311
5311
4919
4919
4919
4920
4920
4870
4869
4869
5360
5360
5642
5642
5642
5642
5626
5626
5676
5676
5677
5115
5115
5115
5115
5115
5015
5015
4965
4965
4965
4607
4658
5050
5100
5458
5103
5103
5103
4612
5174
5190
5190
5189
5189
5138
5138
5138
4576
4576
4244
4244
4244
4244
4245
3853
3853
3853
4237
4592
4643
4643
4975
5466
5466
5466
5415
5414
5414
5976
5976
5485
5485
5246
5246
5196
5196
5180
5231
4949
5188
4949
4898
4898
5180
5280
5281
5281
5281
5281
5281
5281
5281
5281
5281
5021
5021
5021
5260
5260
4902
4547
5038
5038
4756
5038
5038
5054
5412
5412
5412
5412
5412
4957
4466
4466
4466
4466
3904
3954
3904
3904
3904
3904
4395
4395
4957
5412
5462
5462
5462
5722
5338
5338
5006
5057
5057
5057
5057
5057
5041
5057
5057
4602
4994
4994
5449
5449
5449
5449
5448
5448
5780
5780
5780
5680
5664
5209
5209
5209
5225
5225
4867
4867
4867
4867
5251
5251
5251
5251
5606
5706
5706
5706
5706
5707
5707
5607
5591
5182
4943
4588
4588
4588
4588
4588
4588
4827
4827
4776
4494
4494
4949
4949
4949
5307
5307
5407
5023
5074
4974
5358
5767
5767
5767
5767
5767
5767
5507
5507
5767
5767
5767
5312
5312
5312
5767
5783
5783
5767
5867
6149
6149
6149
5817
5433
5449
5449
5040
5040
4989
4989
4989
4988
5320
5704
6113
5874
5874
5419
5369
5824
5824
5824
5724
5963
5724
5724
5464
5724
5724
5340
5324
5374
5374
4919
5019
4570
4570
5019
5019
5403
5403
5758
5774
5774
5365
5365
5365
5774
5724
5332
5383
5384
5383
5383
5433
5333
5333
5333
5333
5572
5572
5572
5188
5188
5188
5188
5188
4779
4779
4779
4879
4619
5011
5466
5450
5450
5450
5450
5450
5399
5399
5399
5659
5660
5400
5416
5416
5416
5416
5416
5400
5400
5300
5400
5400
5400
5400
5400
4909
4909
4909
4909
5169
5169
4720
4670
4670
4720
4720
4719
4719
4719
4719
5210
5210
5619
5619
5620
5620
5620
5381
4890
4890
4906
4957
4602
4342
4342
4342
4342
4342
4791
4229
4229
4228
4790
4790
5145
5146
5637
5637
5637
5637
5637
6021
6021
6021
5739
5088
5348
5587
5537
5277
5038
5320
5320
5220
5220
5871
5855
6094
6094
6093
6042
6058
6058
6058
6318
5960
5944
5944
5960
6010
6010
6010
6010
6010
5678
5678
5678
5679
5295
4903
4903
4853
5237
5287
5286
5286
5047
5047
5405
5644
5695
5644
5645
5595
5595
5579
5578
4895
4895
4895
4895
4895
4895
4945
5628
5960
5976
6027
6028
6028
6027
6011
5961
6011
5751
5751
6011
6011
6011
6027
6028
6028
6028
6028
5977
5977
5977
6028
6028
6128
6128
6128
6128
6112
6112
6112
6112
6112
6112
6112
6112
6112
6504
6504
6453
6453
6453
6453
6044
5652
6044
6043
6043
5943
5585
5601
5602
5602
5602
5602
5602
5601
5551
5651
5651
5651
5651
5551
5551
5551
5551
5909
5909
5517
5517
5517
5501
5501
5501
5501
5552
5552
5944
5944
5495
5111
5112
5112
5112
4657
4657
5106
5156
5156
5156
5156
5156
5156
5156
5611
5611
5611
5611
5611
5611
5995
5995
5640
5640
5640
5589
5998
5998
5759
5108
5108
5108
5108
5108
5058
4726
4742
4793
4742
5074
5429
5429
5529
5529
5529
5529
5529
5528
5528
5528
5073
4681
5332
5332
5383
5384
5384
5839
5839
6078
6078
6078
6077
5795
5845
5845
5606
5888
5888
5888
5888
5788
5788
5788
5788
5788
5737
5737
5737
5976
5926
5687
5687
5687
5687
5329
5330
5314
5314
5314
4752
4768
5330
5330
5330
5330
5330
5314
5314
5314
5365
5723
5723
5723
5739
5739
5284
5284
5384
5776
5494
5494
5494
5494
5776
6015
6015
6015
5683
5667
5176
5192
4783
4783
4783
4783
5192
5192
5191
5191
5646
6137
6187
6187
6171
6171
6171
6171
6172
6121
6121
6120
6120
6020
6020
6020
6020
6120
6120
6120
6120
6120
6120
6120
6120
6120
6171
6171
6171
6171
6171
5813
5762
5762
5762
6120
6171
6171
6172
6072
6072
6072
6072
5663
5663
5663
5663
5663
5995
5995
5756
5995
5995
5995
5546
5495
5495
5495
5904
5622
5622
5622
5622
5621
4970
5419
5435
5486
5435
5535
5535
5535
5535
5817
5817
5801
5802
5802
5801
5801
5801
5801
5751
5751
5751
5802
5802
5751
5751
5751
5801
5801
5817
5868
5868
5868
5818
5579
5579
5579
5580
5580
5529
5768
5768
5768
5752
5752
5752
5751
5767
5768
5768
5768
5768
5768
5768
5768
5768
6419
6419
5857
5857
5857
5857
5856
5857
5841
5602
5602
5601
5601
5601
5601
5601
5601
5840
5840
5189
5239
5239
5239
5801
5519
5519
5519
5519
5519
5519
5519
5535
6186
5831
5831
5831
5831
5831
5882
5391
5391
5391
5391
5391
5391
5391
5392
5392
5883
5883
5867
5867
5607
5607
5607
5962
5962
5604
5504
5504
5504
5172
5172
5172
5171
5120
5380
5480
5496
5547
5547
5547
5879
5879
5880
6162
6162
6062
6046
6046
5691
5691
5691
5707
5707
5468
5468
5568
5926
5926
5875
5483
5483
5034
5034
5389
5389
5389
5389
5389
5107
5091
4991
4990
4990
4990
4990
4990
4990
5229
5245
5245
5245
5229
5229
5229
5229
5230
5230
5230
5230
5230
5246
5246
5638
5638
4955
5638
5588
5588
5572
5572
5572
5572
5240
5522
5522
5522
5522
5522
5522
5522
5521
5521
5571
5903
5954
5954
5955
5955
5955
5955
5955
5955
5955
5955
5563
5563
5955
5955
5955
5955
5971
5971
5579
5579
5679
6128
5566
5515
5183
5183
5234
5233
5233
5233
5233
5233
5233
5233
5233
5233
5182
5574
6136
6137
5745
5745
5745
5745
5745
5745
5745
5729
5729
5629
5629
5629
5629
5629
5628
5628
5728
5344
5676
5394
5445
5727
5727
6119
6119
6019
6019
6019
6403
6403
6419
6403
6403
6403
6403
6403
6353
6353
6353
6453
6453
6214
6214
6163
6163
6163
6163
6214
6214
6214
6214
6230
6230
6230
6230
6230
5846
6230
6230
6214
6214
6214
6214
6453
6453
6453
5962
5962
5962
5978
5978
5978
5978
5978
5927
5927
5927
6418
6418
6063
6113
6113
6113
6114
6114
6114
6114
6165
5710
5694
5694
5694
5694
5693
5202
5202
5202
5202
5203
4964
4964
4964
4964
4913
5404
5404
5404
5304
5659
5710
5726
5726
5726
5726
5726
5676
6131
6131
6131
6131
6131
6131
6131
6131
6131
6131
6131
6231
6231
6231
6231
6470
6419
6419
6403
6403
6121
6121
6121
6121
6120
6120
6171
6221
6221
6221
6221
6221
6221
6221
6503
6054
6054
6070
5831
5831
5831
5831
6280
6180
6180
6180
6181
6165
6165
6165
6165
6165
6165
6165
6181
6181
6181
6181
6165
6265
6265
5816
5816
5816
5816
5816
5832
5832
5832
6071
5971
5971
5971
5921
6370
6370
6370
6369
6369
6369
6369
6369
6469
6519
6519
6519
6519
6070
6519
6520
6520
6520
6520
6520
6520
6029
6029
6520
6520
6470
6454
6470
6470
6470
6469
6469
6469
6469
6469
5907
5907
5907
5908
5908
5908
5892
5892
5892
5892
5892
5892
5892
5892
5792
5842
5842
5842
5842
6404
6165
5807
5807
5807
5756
5856
5856
5855
5855
5855
5855
5855
5855
5855
5573
5589
5589
5590
5590
5590
5590
5590
5590
5590
5590
5206
5206
5206
5206
5206
5206
4946
4946
4946
4946
4946
4945
4945
4895
4895
4895
5134
5134
4895
4895
4895
4945
4996
4996
5354
5022
4971
5355
5355
5356
5356
5356
4998
5280
5280
5264
5264
5264
5264
5214
5214
5230
5280
5280
5264
5263
5213
5545
5545
5445
5445
5445
5705
5705
5705
6063
6063
6063
6063
6063
6063
6063
6063
6163
6163
6402
6418
6418
6418
6136
6120
6120
6170
6170
6170
6171
6171
6171
6171
6171
6170
6170
6221
6221
6503
6503
6503
6503
6503
6403
6403
6403
6352
6352
6352
6352
6352
6403
6353
6353
6369
6369
6469
6453
6453
6453
6453
6453
6453
6454
6454
6504
6454
6470
6470
6469
6469
6469
6469
6470
6470
6470
6520
6260
6260
5978
5978
5978
5978
5978
5978
5978
5978
5978
5978
5978
5978
5978
5978
5978
5978
5978
5977
5977
5622
5882
5883
5883
5883
5883
6165
6165
6149
6049
6049
6049
6149
6149
6149
6149
6149
6149
6149
6149
6149
6149
6149
6149
6149
6149
6149
6148
6148
6148
6148
6148
6148
6148
6048
6048
6048
6048
6048
6048
6049
6049
6049
6404
6404
6404
6404
6404
6354
6354
6354
6354
6404
6420
6420
6420
6420
6419
6419
6419
6419
6419
5928
5928
5928
5912
5862
5862
5863
5863
5863
5863
5862
5862
5862
5862
5962
5962
5962
5978
5978
5978
5978
5978
5979
5979
5979
5979
5963
5979
5979
5979
5979
5979
5979
5979
6470
6470
6469
6469
6469
6469
6469
6469
6469
6469
6469
6418
6418
6418
6418
6418
6468
6418
6418
6418
6418
6418
6469
6469
6469
6469
6469
6469
6469
6469
6469
6469
6469
6469
6369
6369
6369
6369
6369
6369
6369
5807
5568
5568
5568
5568
5568
5618
5618
5618
5857
5858
5958
5958
5958
5958
5958
5958
5958
5907
5907
5958
5858
5858
5858
5857
5806
5806
5790
5890
5890
5890
5890
5890
5890
5890
5890
6452
6452
6452
6503
6503
6119
6119
6119
6119
6119
6119
6503
6503
6503
6503
6503
6503
6503
6503
6503
6503
6503
6503
6503
6503
6503
6503
6503
6504
6504
6454
6470
6469
6469
6453
6453
6453
6453
6453
6453
6453
6453
6453
6453
6453
6503
6503
6503
6503
6504
6504
6504
6504
6172
6121
6120
6120
6171
6171
6171
6171
6172
6172
6172
6172
6172
6172
6172
5681
5680
5680
6171
6171
6121
6121
6121
5861
5911
5911
5911
5861
5862
5862
5862
6194
6194
6194
6244
6244
6244
6244
6244
6244
6244
6244
6260
6260
5851
5851
5801
6061
6060
6060
6044
6044
6044
6060
6060
6469
6469
6469
6469
6469
6453
6454
6403
6403
6419
6419
6469
6453
6453
6504
6504
6504
6504
6504
6504
6504
6504
6503
6503
6519
6519
6520
6520
6520
6520
6504
6504
6504
6222
6222
6222
6222
6504
6504
6504
6504
6504
6454
6454
6454
6454
6454
6504
6404
6404
6404
6404
6404
6404
6404
6404
6404
6404
6404
6404
6404
6403
6404
6404
6404
6404
6404
6404
6404
6353
6352
6113
6113
6213
6213
6213
6214
6214
6214
6214
6230
6230
5872
5923
6162
6146
6096
6096
6096
6454
6454
6454
6453
6453
6453
6453
6453
6453
6454
6403
6402
6402
6402
6402
6402
6402
6403
6403
6403
6453
6453
6403
6419
6419
6419
6419
6180
6179
6179
5787
6179
6229
6179
6179
6418
6418
6418
6418
6418
6418
6418
6418
6418
6418
6418
6469
6469
6469
6469
6469
6469
6470
6470
6470
6470
6454
6062
6062
6061
6061
6061
6061
5961
5961
5961
5961
5961
5961
6011
6011
6011
6011
6011
6011
6011
6011
6011
6011
6027
6027
6027
6027
6027
6027
6027
6027
6127
6127
6127
6127
6127
6127
6127
6519
6519
6519
6519
6519
6519
6469
6469
6470
6470
6470
6470
6419
6419
6419
6180
6231
6231
6231
6231
6231
6231
6180
6231
6231
6470
6470
6470
6470
6470
6231
6231
6231
6231
6281
6520
6520
6520
6520
6520
6520
6520
6520
6520
6520
6520
6520
6520
6520
6520
6520
6520
6520
6520
6520
6520
6520
6520
6520
6520
6520
6504
6504
6520
6520
6519
6519
6519
6519
6468
6110
6110
6468
6468
6468
6452
6452
6452
6452
6452
6453
6453
6453
6504
6504
6504
6504
6504
6504
6504
6504
6504
6504
6504
6504
6504
6454
6454
6354
6354
6354
6354
6354
6370
6370
6370
6370
6370
6370
6370
6370
6370
6420
6420
6420
6420
6420
6420
6420
6420
6420
6420
6420
6420
6420
6404
6404
6354
6370
6370
6370
6420
6420
6420
6420
6404
6404
6404
6420
6036
6036
6035
6035
6036
6036
5681
5681
6065
6065
6065
6065
6065
6065
6065
6065
6065
6065
6065
6065
6065
6065
6065
6065
6065
6065
6065
6065
6065
6065
6065
6065
6065
6065
6065
6065
6014
6014
6014
6014
6014
6014
6014
6014
6014
6014
6014
5964
5964
5963
5963
5963
6014
5998
5998
5998
5998
5998
5998
5998
5614
5563
5663
5679
6063
6064
6064
6419
6419
6419
6419
6419
6419
6419
6180
6180
6180
6080
6080
6080
6080
6080
6080
6064
6064
6064
6164
6164
6164
6164
6164
6164
6164
6164
6164
6403
6403
6403
6419
6469
6520
6520
6520
6520
6520
6520
6520
6520
6519
6519
6519
6519
6469
6469
6469
6469
6469
6469
6469
6469
6418
6418
6418
6418
6418
6419
6419
6419
6419
6419
6469
6369
6319
6319
6319
6319
6370
6370
6038
6038
6138
6138
6138
6138
6138
6470
6470
6470
6470
6470
6520
6281
6281
6281
6281
6231
6231
6470
6454
6454
6454
6454
6454
6453
6453
6453
6453
6453
6453
6453
6453
6453
6454
6454
6504
6404
6404
6404
6404
6404
6404
6404
6404
6404
6353
6353
6353
6353
6352
6403
6403
6403
6353
6353
6353
6353
6453
6453
6453
6453
6503
6503
6519
6519
6519
6519
6519
6519
6519
6519
6519
6519
6503
6503
6503
6503
6403
6419
6403
6403
6404
6404
6144
6144
6144
6144
6244
6244
6260
6260
6260
6260
6260
6260
6210
6210
6210
6210
6210
6210
6210
6159
6209
6469
6468
6468
6468
6468
6468
6468
6468
6519
6519
6519
6519
6519
6519
6503
6453
6453
6453
6453
6453
6453
6453
6453
6469
6469
6469
6469
6469
6519
6519
6519
6519
6519
6519
6519
6519
6519
6519
6519
6519
6519
6519
6519
6519
6519
6519
6519
6519
6519
6519
6503
6503
6503
6503
6503
6504
6503
6503
6503
6504
6454
6453
6453
6453
6453
6453
6453
6453
6453
6453
6453
6453
6214
6214
6214
6214
6214
6264
6264
6264
6264
6264
6264
6264
6164
6164
6403
6403
6352
6352
6352
6352
6352
6353
6353
6353
6353
6093
6093
6093
6092
6352
6352
6352
6352
6352
6352
6302
6302
6303
6303
6303
6303
6303
6303
6303
6303
6303
6319
6319
6319
6319
6319
6319
6319
6319
6318
6318
6318
6418
6418
6418
6418
6418
6418
6418
6418
6418
6418
6418
6419
6419
6419
6469
6469
6469
6469
6419
6159
6159
6159
6159
6159
6159
6159
6159
6159
6209
6209
6209
6209
6209
6209
6209
6209
6209
6209
6209
6209
6209
6209
6209
6209
6209
6193
6193
6193
6209
6209
6209
6260
6260
6260
6260
6260
6260
6260
6260
6260
6244
6244
6244
6243
6192
6192
6192
6192
6243
6243
6244
6244
6260
6260
6260
6260
6260
6244
6244
6244
6144
6144
6143
6143
6092
6092
6092
6092
6092
6092
6092
6092
6092
6092
6192
6243
6243
6243
6259
6259
6259
6519
6519
6519
6519
6519
6519
6519
6469
6469
6469
6469
6469
6469
6469
6469
6469
6369
6353
6353
6353
6302
6302
6302
6302
6402
6402
6402
6402
6402
6402
6402
6402
6452
6452
6452
6452
6453
6452
6452
6452
6452
6452
6452
6453
6453
6453
6453
6453
6453
6453
6453
6453
6469
6469
6469
6419
6419
6419
6469
6469
6469
6469
6520
6520
6520
6520
6520
6520
6520
6520
6520
6520
6520
6520
6520
6520
6520
6520
6520
6520
6520
6520
6520
6520
6520
6520
6520
6520
6520
6520
6520
6470
6469
6469
6469
6469
6469
6519
6519
6519
6520
6520
6520
6520
6520
6519
6519
6519
6519
6469
6469
6469
6469
6469
6469
6469
6469
6469
6469
6418
6419
6419
6419
6419
6419
6419
6419
6419
6419
6419
6470
6470
6470
6470
6470
6454
6454
6454
6470
6470
6469
6469
6469
6469
6469
6469
6469
6469
6470
6454
6454
6454
6454
6454
6454
6454
6470
6520
6520
6520
6520
6520
6520
6520
6520
6520
6520
6520
6520
6520
6520
6520
6520
6520
6520
6520
6520
6469
6469
6469
6469
6469
6469
6469
6469
6469
6469
6469
6469
6469
6419
6419
6419
6418
6418
6469
6469
6519
6519
6468
6468
6468
6468
6468
6468
6452
6452
6468
6469
6469
6419
6403
6403
6403
6403
6453
6453
6453
6504
6504
6454
6454
6454
6470
6469
6469
6469
6453
6453
6453
6453
6453
6453
6193
6193
6209
6209
6209
6209
6209
6209
6469
6469
6469
6469
6369
6469
6469
6469
6469
6469
6469
6469
6469
6469
6469
6469
6469
6469
6469
6469
6469
6469
6469
6469
6469
6469
6469
6469
6469
6469
6469
6469
6469
6469
6469
6453
6469
6470
6470
6470
6470
6454
6454
6454
6454
6454
6454
6504
6504
6503
6503
6519
6519
6520
6520
6520
6520
6520
6520
6520
6504
6504
6454
6454
6454
6454
6454
6454
6454
6454
6453
6453
6453
6453
6453
6453
6453
6469
6519
6519
6519
6419
6519
6519
6519
6468
6468
6468
6468
6468
6452
6452
6452
6452
6452
6503
6519
6519
6519
6519
6469
6469
6469
6469
6469
6369
6419
6419
6419
6368
6368
6368
6368
6368
6368
6368
6368
6419
6419
6419
6419
6419
6419
6419
6419
6519
6519
6519
6520
6520
6520
6520
6520
6469
6469
6469
6469
6469
6469
6469
6469
6469
6469
6469
6469
6469
6469
6469
6469
6469
6468
6468
6519
6519
6519
6519
6519
6519
6519
6519
6519
6519
6519
6519
6519
6519
6519
6503
6503
6503
6503
6503
6503
6503
6503
6503
6503
6503
6503
6503
6503
6503
6503
6504
6504
6504
6504
6504
6504
6504
6504
6503
6503
6503
6503
6503
6519
6468
6468
6468
6468
6468
6468
6468
6469
6469
6469
6469
6469
6469
6469
6369
6369
6369
6369
6319
6319
6419
6419
6419
6403
6403
6403
6403
6403
6403
6403
6403
6403
6453
6452
6452
6452
6452
6452
6352
6352
6452
6452
6452
6452
6468
6468
6418
6418
6402
6402
6402
6402
6452
6352
6352
6352
6352
6352
6352
6352
6352
6352
6352
6352
6352
6352
6352
6352
6352
6352
6352
6352
6452
6452
6468
6468
6468
6468
6468
6468
6468
6468
6468
6468
6468
6468
6468
6468
6468
6468
6468
6468
6468
6468
6468
6468
6468
6468
6468
6468
6468
6468
6468
6468
6368
6468
6468
6468
6468
6468
6468
6468
6468
6368
6368
6419
6419
6519
6503
6503
6403
6403
6403
6403
6403
6403
6403
6403
6403
6403
6403
6403
6403
6403
6403
6403
6403
6403
6403
6403
6403
6403
6403
6419
6519
6519
6519
6519
6519
6519
6519
6519
6519
6519
6519
6519
6519
6519
6519
6519
6519
6519
6519
6519
6519
6519
6519
6519
6519
6519
6519
6519
6519
6519
6519
6519
6519
6519
6519
6519
6519
6519
6519
6519
6519
6520
6520
6470
6470
6470
6470
6470
6419
6419
6419
6419
6419
6419
6419
6419
6470
6470
6470
6470
6470
6470
6470
6470
6470
6470
6470
6470
6470
6470
6454
6454
6454
6453
6453
6453
6453
6453
6453
6453
6503
6503
6503
6503
6503
6503
6453
6453
6453
6453
6503
6503
6503
6503
6503
6503
6503
6503
6503
6403
6404
6404
6420
6420
6520
6520
6520
6520
6520
6520
6520
6520
6520
6520
6520
6520
6520
6520
6520
6520
6520
6520
6519
6519
6519
6519
6519
6519
6519
6520
6520
6520
6520
6520
6520
6520
6520
6519
6519
6519
6519
6519
6519
6519
6519
6519
6519
6519
6469
6469
6469
6469
6469
6469
6469
6469
6469
6469
6453
6469
6469
6469
6469
6469
6469
6469
6469
6469
6469
6469
6519
6519
6469
6469
6469
6469
6469
6469
6469
6469
6469
6469
6469
6469
6453
6453
6503
6503
6503
6503
6403
6403
6403
6403
6403
6403
6403
6403
6403
6403
6403
6503
6503
6504
6504
6504
6504
6504
6504
6504
6504
6504
6504
6504
6504
6520
6520
6504
6504
6504
6504
6504
6504
6504
6503
6503
6503
6503
6503
6503
6503
6503
6503
6503
6503
6504
6504
6504
6504
6504
6504
6504
6504
6504
6504
6504
6504
6504
6504
6504
6504
6503
6503
6503
6503
6503
6504
6504
6504
6504
6504
6504
6520
6520
6520
6520
6520
6520
6520
6520
6520
6520
6520
6520
6519
6519
6519
6519
6519
6519
6519
6519
6519
6519
6519
6519
6519
6519
6519
6519
6519
6520
6520
6470
6470
6470
6470
6470
6470
6470
6470
6470
6454
6454
6470
6470
6470
6454
6454
6454
6454
6454
6454
6454
6454
6470
6454
6454
6454
6354
6354
6354
6354
6354
6454
6454
6454
6454
6454
6454
6454
6454
6454
6454
6454
6504
6504
6504
6504
6504
6504
6504
6504
6504
6504
6504
6504
6504
6504
6504
6504
6504
6504
6504
6504
6504
6504
6504
6504
6504
6503
6503
6503
6503
6503
6503
6503
6503
6503
6503
6503
6503
6503
6503
6403
6404
6404
6504
6504
6520
6520
6520
6520
6504
6504
6504
6504
6504
6504
6504
6504
6504
6504
6504
6504
6504
6504
6504
6504
6504
6504
6504
6504
6504
6504
6504
6504
6503
6503
6503
6503
6503
6503
6403
6403
6403
6419
6419
6403
6403
6419
6419
6403
6403
6403
6403
6403
6403
6403
6419
6419
6419
6419
6519
6519
6519
6519
6519
6519
6519
6520
6520
6520
6520
6520
6520
6520
6520
6469
6469
6469
6469
6469
6469
6469
6469
6468
6468
6468
6469
6469
6469
6469
6469
6469
6469
6468
6468
6469
6469
6469
6469
6469
6469
6469
6469
6469
6469
6469
6468
6418
6418
6402
6402
6402
6453
6453
6453
6453
6454
6454
6454
6454
6454
6453
6453
6453
6453
6469
6469
6469
6469
6469
6469
6469
6469
6469
6469
6469
6469
6418
6418
6418
6418
6418
6418
6418
6418
6418
6418
6418
6418
6418
6418
6418
6418
6418
6418
6418
6418
6418
6418
6418
6419
6419
6469
6469
6469
6453
6469
6469
6469
6469
6469
6469
6469
6469
6469
6469
6469
6469
6469
6469
6469
6469
6469
6469
6469
6469
6469
6469
6469
6469
6469
6469
6469
6469
6453
6453
6453
6453
6453
6453
6453
6453
6453
6453
6453
6469
6469
6469
6469
6520
6520
6520
6520
6520
6504
6520
6469
6469
6469
6469
6469
6469
6469
6469
6520
6520
6520
6470
6470
6470
6470
6470
6470
6470
6470
6470
6470
6470
6470
6470
6520
6520
6520
6520
6520
6520
6520
6520
6520
6520
6504
6504
6504
6504
6504
6504
6504
6504
6504
6504
6520
6520
6520
6519
6519
6520
6520
6520
6520
6520
6520
6504
6504
6504
6504
6504
6504
6504
6504
6404
6404
6404
6404
6353
6353
6353
6353
6353
6404
6353
6453
6452
6452
6452
6468
6468
6468
6468
6468
6468
6468
6468
6468
6468
6468
6469
6469
6469
6469
6469
6469
6469
6520
6520
6520
6519
6519
6519
6519
6468
6468
6468
6468
6469
6469
6469
6469
6469
6469
6469
6469
6469
6520
6520
6520
6520
6520
6520
6520
6520
6520
6520
6520
6520
6520
6519
6519
6519
6519
6519
6519
6519
6519
6519
6519
6519
6519
6519
6519
6519
6519
6519
6519
6519
6519
6519
6519
6519
6519
6519
6519
6519
6519
6519
6520
6520
6520
6520
6520
6520
6520
6520
6520
6520
6519
6519
6519
6519
6519
6519
6519
6519
6519
6519
6519
6519
6503
6503
6503
6503
6503
6503
6504
6504
6504
6504
6504
6504
6504
6504
6504
6504
6504
6504
6504
6504
6504
6504
6504
6504
6504
6504
6504
6504
6503
6503
6503
6503
6503
6503
6503
6504
6504
6504
6504
6504
6504
6504
6504
6504
6504
6504
6504
6504
6520
6520
6520
6520
6520
6520
6520
6520
6520
6520
6520
6520
6520
6520
6520
6520
6520
6520
6520
6520
6520
6520
6520
6520
6520
6520
6520
6520
6520
6520
6520
6520
6520
6520
6520
6520
6519
6519
6468
6519
6519
6519
6519
6519
6519
6519
6519
6519
6520
6520
6504
6504
6504
6504
6520
6520
6520
6519
6519
6519
6519
6520
6520
6520
6520
6520
6520
6504
6504
6504
6504
6504
6504
6504
6504
6504
6504
6504
6504
6504
6504
6504
6504
6504
6504
6504
6504
6504
6504
6504
6504
6504
6504
6504
6504
6504
6503
6503
6503
6503
6503
6503
6403
6403
6403
6403
6503
6503
6503
6503
6503
6403
6403
6403
6403
6403
6403
6403
6403
6403
6403
6403
6419
6419
6419
6419
6419
6419
6419
6419
6419
6419
6419
6419
6419
6420
6420
6420
6420
6520
6520
6520
6520
6519
6519
6519
6503
6503
6503
6503
6503
6503
6503
6503
6519
6520
6520
6520
6520
6520
6520
6520
6520
6520
6520
6520
6520
6520
6520
6520
6520
6520
6520
6520
6520
6520
6520
6520
6520
6520
6520
6520
6520
6520
6520
6520
6520
6520
6520
6520
6520
6520
6520
6520
6520
6520
6520
6520
6520
6520
6520
6520
6520
6520
6520
6520
6520
6520
6520
6520
6504
6504
6504
6504
6504
6504
6504
6504
6504
6504
6504
6504
6504
6504
6504
6504
6520
6520
6520
6520
6520
6520
6520
6520
6520
6520
6520
6520
6504
6504
6520
6520
6520
6520
6520
6520
6520
6520
6520
6520
6520
6520
6520
6520
6520
6520
6520
6520
6520
6520
6520
6520
6520
6520
6520
6520
6470
6470
6470
6470
6470
6470
6469
6469
6453
6503
6503
6519
6519
6519
6519
6519
6519
6519
6519
6519
6519
6519
6519
6519
6519
6519
6519
6519
6519
6519
6519
6519
6520
6520
6520
6519
6519
6519
6468
6452
6352
6352
6368
6368
6368
6368
6368
6368
6352
6352
6352
6352
6352
6352
6352
6352
6352
6352
6352
6352
6352
6352
6352
6352
6352
6302
6352
6352
6352
6352
6352
6368
6368
6368
6368
6368
6368
6368
6368
6468
6469
6469
6469
6469
6469
6520
6520
6520
6520
6520
6520
6520
6520
6520
6520
6520
6520
6520
6520
6504
6504
6504
6504
6503
6503
6503
6503
6504
6504
6504
6504
6504
6504
6504
6504
6504
6504
6504
6504
6504
6504
6504
6503
6503
6503
6503
6519
6519
6519
6519
6519
6503
6503
6503
6503
6503
6503
6503
6503
6503
6503
6503
6519
6519
6519
6519
6519
6519
6519
6519
6519
6519
6519
6519
6519
6520
6520
6520
6520
6520
6520
6520
6520
6520
6520
6520
6520
6520
6520
6520
6520
6520
6520
6520
6520
6520
6520
6520
6520
6520
6520
6520
6520
6520
6520
6520
6520
6519
6519
6519
6519
6519
6519
6519
6519
6519
6519
6519
6519
6519
6519
6519
6519
6519
6519
6519
6519
6519
6519
6503
6519
6519
6519
6519
6519
6519
6519
6519
6519
6519
6519
6519
6519
6519
6519
6519
6519
6519
6519
6519
6519
6519
6519
6519
6519
6519
6519
6519
6519
6519
6520
6520
6520
6520
6520
6520
6520
6519
6519
6519
6519
6519
6519
6519
6519
6519
6519
6519
6519
6519
6519
6519
6520
6519
6519
6519
6519
6519
6519
6519
6519
6519
6519
6519
6519
6519
6519
6519
6519
6519
6519
6519
6519
6519
6519
6519
6519
6519
6519
6519
6520
6520
6520
6520
6520
6520
6520
6520
6520
6520
6520
6520
6520
6520
6520
6520
6520
6520
6520
6520
6520
6520
6520
6520
6520
6520
6520
6519
6519
6519
6519
6519
6519
6519
6519
6519
6519
6519
6519
6519
6519
6520
6520
6520
6520
6520
6520
6520
6520
6520
6520
6520
6520
6520
6520
6520
6520
6520
6520
6520
6519
6519
6519
6519
6519
6519
6519
6519
6519
6519
6503
6503
6503
6403
6353
6353
6353
6353
6353
6353
6353
6353
6353
6353
6302
6302
6302
6302
6302
6402
6402
6402
6402
6402
6402
6402
6402
6402
6402
6402
6402
6418
6418
6418
6418
6418
6418
6418
6419
6419
6419
6419
6419
6419
6418
6418
6418
6418
6418
6418
6418
6418
6418
6418
6418
6418
6418
6418
6468
6468
6468
6468
6469
6469
6520
6520
6520
6520
6520
6520
6520
6520
6520
6520
6520
6520
6520
6520
6520
6520
6520
6520
6520
6520
6520
6520
6520
6519
6519
6519
6519
6519
6519
6519
6519
6519
6519
6520
6520
6520
6520
6520
6520
6520
6520
6520
6520
6520
6520
6520
6520
6520
6520
6520
6520
6520
6520
6520
6520
6520
6520
6520
6520
6520
6520
6520
6520
6520
6520
6520
6520
6520
6520
6520
6520
6520
6520
6520
6520
6520
6504
6504
6504
6504
6504
6504
6504
6504
6504
6504
6503
6503
6503
6503
6403
6403
6419
6419
6419
6419
6420
6520
6520
6520
6520
6520
6520
6520
6520
6520
6520
6520
6520
6520
6520
6520
6520
6520
6520
6520
6520
6520
6520
6520
6520
6519
6519
6519
6520
6519
6519
6519
6519
6519
6519
6519
6519
6519
6520
6520
6520
6520
6520
6520
6520
6520
6520
6520
6520
6520
6520
6520
6520
6520
6519
6519
6519
6519
6519
6519
6519
6519
6519
6519
6519
6519
6519
6519
6519
6519
6519
6519
6519
6519
6519
6519
6519
6519
6519
6519
6519
6519
6519
6519
6519
6519
6519
6519
6519
6519
6519
6519
6519
6519
6519
6520
6504
6504
6504
6504
6504
6504
6503
6503
6503
6519
6519
6519
6519
6519
6519
6519
6519
6519
6519
6519
6519
6520
6520
6520
6520
6520
6520
6520
6520
6504
6504
6504
6504
6504
6504
6504
6504
6504
6504
6520
6520
6519
6519
6519
6519
6519
6519
6519
6519
6519
6519
6519
6519
6519
6519
6519
6519
6519
6519
6519
6519
6519
6519
6519
6519
6519
6519
6519
6519
6519
6519
6519
6519
6519
6520
6520
6520
6520
6520
6520
6520
6520
6520
6520
6520
6520
6520
6520
6520
6520
6520
6519
6519
6520
6520
6520
6520
6520
6520
6520
6520
6520
6520
6520
6520
6520
6520
6520
6520
6520
6520
6520
6520
6520
6520
6520
6520
6520
6520
6520
6520
6520
6520
6520
6520
6520
6520
6520
6520
6520
6520
6520
6520
6519
6519
6519
6519
6519
6519
6519
6519
6519
6519
6520
6520
6520
6520
6520
6520
6520
6520
6520
6520
6520
6520
6520
6520
6520
6520
6520
6520
6520
6520
6520
6504
6504
6504
6504
6504
6504
6504
6504
6504
6504
6504
6504
6504
6504
6504
6504
6504
6504
6504
6504
6504
6504
6504
6504
6504
6504
6504
6504
6504
6504
6504
6504
6504
6520
6519
6503
6503
6403
6419
6419
6420
6420
6420
6420
6520
6520
6520
6520
6520
6520
6520
6520
6520
6520
6520
6520
6520
6520
6520
6520
6520
6520
6520
6520
6520
6520
6520
6520
6520
6520
6520
6520
6520
6520
6520
6520
6520
6520
6520
6520
6520
6520
6520
6520
6520
6520
6520
6520
6520
6520
6520
6520
6520
6520
6520
6520
6520
6520
6520
6520
6520
6520
6520
6520
6520
6520
6520
6520
6520
6520
6520
6520
6520
6520
6520
6520
6520
6520
6520
6520
6520
6520
6520
6520
6520
6520
6520
6520
6520
6520
6520
6520
6520
6520
6520
6520
6520
6520
6520
6520
6520
6520
6520
6520
6520
6520
6520
6520
6520
6520
6520
6520
6520
6519
6520
6520
6520
6520
6520
6520
6519
6503
6503
6504
6504
6503
6503
6503
6503
6503
6503
6403
6403
6404
6420
6420
6420
6420
6420
6420
6420
6420
6420
6420
6420
6420
6420
6420
6420
6420
6520
6520
6520
6520
6520
6520
6520
6520
6520
6520
6520
6520
6519
6519
6519
6519
6519
6519
6519
6519
6519
6519
6519
6519
6519
6519
6519
6520
6520
6520
6520
6520
6520
6520
6520
6520
6520
6520
6520
6520
6520
6520
6520
6520
6520
6520
6520
6520
6520
6520
6520
6520
6520
6520
6520
6520
6520
6520
6520
6520
6520
6520
6519
6519
6520
6520
6520
6520
6520
6520
6520
6520
6520
6520
6519
6519
6519
6519
6520
6520
6520
6520
6520
6520
6520
6520
6520
6520
6520
6520
6520
6520
6520
6520
6520
6520
6520
6520
6520
6520
6520
6520
6520
6520
6520
6520
6520
6520
6520
6520
6520
6520
6520
6520
6519
6519
6520
6520
6520
6520
6520
6520
6520
6520
6520
6520
6520
6520
6520
6520
6520
6520
6519
6519
6519
6519
6519
6519
6519
6519
6519
6519
6519
6519
6519
6519
6519
6519
6519
6519
6519
6519
6519
6519
6519
6519
6519
6519
6519
6519
6519
6519
6519
6519
6519
6519
6519
6519
6519
6519
6519
6519
6519
6519
6519
6519
6519
6519
6519
6519
6519
6519
6519
6519
6519
6519
6519
6519
6520
6520
6520
6520
6520
6520
6520
6520
6520
6520
6520
6520
6520
6520
6520
6520
6520
6520
6520
6520
6520
6520
6520
6520
6520
6520
6520
6520
6520
6520
6520
6520
6520
6520
6520
6520
6520
6520
6520
6520
6520
6520
6520
6520
6520
6520
6520
6520
6520
6520
6520
6520
6520
6520
6520
6520
6520
6520
6519
6519
6519
6519
6519
6519
6519
6519
6519
6519
6519
6519
6519
6519
6519
6519
6519
6519
6519
6519
6519
6519
6519
6519
6519
6519
6519
6519
6519
6519
6519
6519
6519
6520
6520
6520
6520
6520
6520
6520
6520
6520
6520
6520
6520
6520
6520
6520
6520
6520
6520
6520
6504
6504
6504
6504
6504
6504
6504
6504
6504
6504
6504
6520
6520
6520
6520
6520
6520
6520
6520
6520
6520
6520
6520
6520
6520
6520
6520
6520
6520
6520
6520
6520
6520
6520
6520
6520
6520
6520
6519
6519
6519
6519
6519
6519
6520
6520
6520
6520
6520
6520
6520
6520
6520
6520
6520
6520
6520
6520
6520
6520
6520
6520
6520
6520
6520
6520
6520
6520
6520
6520
6520
6520
6520
6520
6520
6520
6520
6520
6520
6520
6520
6520
6520
6520
6520
6520
6520
6520
6520
6520
6520
6520
6520
6520
6520
6520
6520
6520
6520
6519
6519
6519
6519
6519
6519
6519
6519
6519
6519
6519
6519
6519
6519
6519
6519
6519
6519
6519
6519
6519
6519
6519
6519
6519
6519
6519
6519
6519
6519
6519
6520
6520
6520
6520
6520
6520
6520
6520
6520
6520
6520
6520
6520
6520
6520
6520
6520
6520
6520
6520
6520
6520
6519
6519
6519
6519
6519
6519
6519
6519
6519
6519
6519
6519
6519
6519
6519
6519
6519
6519
6519
6519
6519
6519
6519
6519
6519
6519
6519
6519
6519
6519
6519
6519
6519
6519
6519
6519
6519
6519
6519
6519
6519
6519
6519
6520
6520
6519
6519
6519
6519
6519
6519
6519
6519
6519
6519
6519
6519
6519
6519
6519
6519
6519
6519
6519
6519
6519
6519
6519
6519
6519
6519
6519
6519
6519
6519
6519
6519
6519
6519
6519
6519
6519
6519
6519
6519
6519
6519
6519
6519
6520
6520
6520
6520
6520
6520
6520
6520
6520
6520
6520
6520
6520
6520
6520
6520
6520
6520
6520
6520
6520
6520
6520
6520
6520
6520
6520
6520
6520
6520
6519
6519
6519
6519
6519
6519
6519
6519
6519
6519
6519
6519
6519
6519
6519
6519
6519
6519
6519
6519
6519
6519
6519
6519
6519
6503
6503
6503
6503
6503
6503
6503
6503
6503
6503
6519
6519
6519
6519
6519
6519
6519
6519
6519
6519
6519
6519
6519
6519
6519
6519
6519
6519
6519
6519
6519
6519
6519
6520
6520
6520
6520
6520
6519
6519
6519
6519
6519
6519
6519
6519
6519
6520
6520
6520
6520
6520
6520
6520
6520
6520
6520
6520
6520
6520
6520
6520
6520
6520
6520
6520
6520
6520
6520
6520
6520
6520
6520
6520
6520
6520
6519
6519
6519
6519
6519
6519
6519
6519
6519
6519
6519
6519
6519
6519
6519
6519
6519
6519
6519
6519
6519
6519
6519
6519
6519
6519
6519
6519
6519
6519
6519
6519
6519
6519
6519
6519
6519
6519
6519
6519
6519
6519
6519
6519
6519
6519
6519
6519
6519
6519
6519
6519
6519
6519
6519
6519
6519
6519
6519
6519
6519
6519
6519
6519
6519
6519
6519
6519
6519
6519
6519
6519
6519
6519
6519
6519
6519
6519
6520
6520
6520
6520
6520
6520
6520
6520
6520
6520
6520
6520
6520
6520
6520
6520
6520
6520
6520
6520
6520
6520
6520
6520
6520
6519
6519
6519
6519
6519
6519
6519
6519
6519
6519
6519
6519
6519
6519
6503
6503
6503
6503
6503
6503
6503
6503
6503
6503
6503
6503
6503
6503
6503
6503
6503
6503
6503
6503
6503
6519
6519
6519
6519
6519
6519
6519
6519
6519
6519
6519
6519
6519
6519
6519
6519
6519
6519
6519
6519
6519
6519
6520
6520
6520
6520
6520
6520
6520
6520
6520
6520
6520
6520
6520
6520
6520
6520
6520
6520
6520
6520
6520
6520
6520
6520
6520
6520
6520
6520
6520
6520
6520
6520
6520
6520
6520
6520
6520
6520
6520
6520
6520
6520
6520
6520
6520
6520
6520
6520
6520
6520
6520
6520
6520
6520
6520
6520
6520
6520
6520
6520
6520
6520
6520
6520
6520
6520
6520
6520
6520
6520
6520
6520
6520
6520
6520
6520
6520
6520
6520
6520
6520
6520
6520
6520
6520
6520
6520
6520
6519
6519
6519
6519
6520
6520
6520
6520
6520
6520
6519
6519
6519
6519
6519
6519
6519
6519
6519
6519
6519
6519
6520
6520
6520
6520
6520
6520
6520
6520
6520
6520
6520
6520
6520
6520
6520
6520
6520
6520
6520
6520
6520
6520
6520
6519
6519
6519
6519
6519
6519
6519
6519
6519
6520
6520
6520
6520
6520
6520
6520
6520
6520
6520
6520
6520
6520
6520
6520
6520
6520
6520
6520
6520
6520
6519
6520
6520
6520
6520
6520
6520
6520
6519
6519
6519
6519
6519
6519
6519
6519
6519
6519
6519
6519
6519
6519
6519
6519
6519
6519
6519
6519
6519
6519
6519
6519
6519
6519
6519
6519
6519
6519
6519
6519
6519
6519
6519
6519
6519
6520
6520
6520
6520
6520
6520
6520
6520
6520
6520
6520
6520
6520
6520
6520
6520
6520
6520
6520
6520
6520
6520
6520
6520
6520
6520
6520
6520
6520
6520
6520
6520
6520
6520
6520
6520
6520
6520
6520
6520
6520
6520
6520
6520
6520
6520
6520
6520
6520
6520
6520
6520
6520
6520
6520
6520
6520
6519
6519
6519
6519
6519
6519
6519
6519
6519
6519
6520
6520
6520
6520
6520
6520
6519
6519
6519
6519
6519
6519
6519
6519
6519
6519
6519
6519
6519
6519
6519
6519
6519
6519
6519
6519
6519
6519
6519
6519
6519
6519
6519
6519
6519
6519
6519
6519
6519
6519
6519
6519
6519
6519
6519
6519
6519
6519
6519
6519
6519
6519
6519
6519
6519
6519
6519
6519
6519
6519
6519
6520
6520
6520
6520
6520
6520
6520
6520
6520
6520
6520
6520
6520
6520
6520
6520
6520
6520
6520
6520
6520
6520
6519
6519
6519
6519
6519
6520
6520
6520
6520
6520
6520
6520
6520
6520
6520
6520
6520
6520
6520
6520
6520
6520
6520
6520
6520
6520
6520
6520
6520
6520
6520
6520
6520
6520
6520
6520
6520
6520
6520
6520
6520
6520
6520
6520
6520
6520
6520
6520
6520
6520
6520
6520
6520
6520
6520
6520
6520
6520
6520
6520
6520
6520
6520
6520
6520
6520
6520
6520
6520
6520
6520
6520
6520
6520
6520
6520
6520
6520
6520
6520
6520
6520
6520
6520
6520
6520
6520
6520
6520
6520
6520
6520
6520
6520
6520
6520
6520
6520
6520
6520
6520
6520
6520
6520
6520
6520
6520
6520
6520
6520
6520
6520
6520
6520
6520
6520
6520
6520
6520
6520
6520
6520
6520
6520
6520
6520
6520
6520
6520
6520
6520
6520
6520
6520
6520
6520
6520
6520
6520
6520
6520
6520
6520
6520
6520
6520
6520
6520
6520
6520
6520
6520
6520
6520
6520
6520
6520
6520
6520
6520
6520
6520
6520
6520
6520
6520
6520
6520
6520
6520
6520
6520
6520
6520
6520
6520
6520
6520
6520
6520
6520
6520
6520
6519
6519
6519
6519
6519
6519
6519
6519
6520
6520
6520
6520
6520
6520
6520
6520
6520
6520
6520
6520
6520
6520
6520
6520
6520
6520
6520
6520
6520
6520
6520
6520
6520
6520
6520
6520
6520
6520
6520
6519
6519
6519
6519
6519
6519
6519
6519
6519
6519
6519
6519
6519
6519
6520
6520
6520
6520
6520
6520
6520
6520
6520
6520
6520
6520
6520
6520
6520
6520
6520
6520
6520
6520
6520
6520
6520
6520
6520
6520
6520
6520
6520
6520
6520
6520
6520
6520
6520
6520
6520
6520
6520
6520
6520
6520
6520
6520
6520
6520
6520
6519
6519
6519
6519
6519
6519
6519
6519
6519
6519
6519
6519
6519
6519
6519
6519
6519
6519
6519
6519
6519
6519
6519
6519
6519
6519
6519
6519
6519
6519
6519
6520
6520
6520
6520
6520
6520
6520
6520
6520
6520
6520
6520
6520
6520
6520
6520
6520
6520
6520
6520
6520
6520
6520
6520
6520
6520
6520
6520
6520
6520
6520
6520
6520
6520
6520
6520
6520
6520
6520
6520
6520
6520
6520
6520
6520
6520
6519
6519
6519
6519
6519
6519
6519
6519
6519
6519
6519
6519
6519
6519
6519
6519
6519
6519
6519
6519
6519
6519
6519
6519
6519
6519
6519
6519
6519
6519
6519
6519
6519
6519
6519
6519
6519
6519
6519
6519
6519
6519
6519
6519
6519
6519
6519
6519
6519
6519
6519
6519
6520
6520
6520
6520
6520
6520
6520
6520
6520
6520
6520
6520
6520
6520
6520
6520
6520
6520
6520
6520
6520
6520
6519
6519
6519
6519
6519
6519
6519
6519
6519
6520
6520
6520
6520
6520
6520
6520
6520
6520
6520
6520
6520
6520
6520
6520
6520
6520
6520
6520
6520
6520
6520
6520
6520
6520
6520
6520
6520
6520
6520
6520
6520
6520
6520
6520
6520
6520
6519
6519
6519
6519
6519
6519
6519
6519
6519
6519
6519
6519
6519
6519
6519
6519
6519
6519
6519
6520
6520
6520
6520
6520
6520
6520
6520
6520
6520
6520
6520
6520
6520
6520
6520
6520
6520
6520
6520
6520
6520
6520
6520
6520
6520
6520
6520
6520
6520
6520
6520
6520
6520
6520
6520
6520
6519
6519
6519
6519
6519
6519
6519
6519
6520
6520
6520
6520
6520
6520
6520
6520
6520
6520
6520
6520
6520
6520
6520
6520
6520
6520
6520
6520
6520
6520
6520
6520
6520
6520
6520
6520
6520
6520
6520
6520
6520
6520
6520
6520
6520
6520
6520
6520
6520
6520
6520
6520
6520
6520
6520
6520
6520
6520
6520
6520
6520
6520
6520
6520
6520
6520
6520
6520
6520
6520
6520
6520
6520
6520
6520
6520
6520
6520
6520
6520
6520
6520
6520
6520
6520
6520
6520
6520
6519
6519
6519
6519
6519
6519
6519
6519
6520
6520
6520
6520
6520
6520
6520
6520
6520
6520
6520
6520
6520
6520
6520
6519
6519
6519
6519
6519
6519
6519
6519
6519
6519
6519
6519
6519
6519
6519
6519
6519
6519
6519
6519
6519
6519
6519
6519
6519
6519
6519
6519
6519
6519
6519
6519
6519
6519
6519
6519
6519
6519
6520
6520
6520
6520
6520
6520
6520
6520
6520
6520
6520
6520
6520
6520
6520
6520
6520
6520
6520
6520
6520
6520
6520
6520
6520
6520
6520
6520
6520
6520
6520
6520
6520
6520
6520
6519
6519
6519
6519
6519
6519
6519
6519
6519
6519
6520
6520
6520
6520
6520
6520
6520
6520
6520
6520
6520
6520
6520
6520
6520
6520
6520
6520
6520
6520
6520
6520
6520
6520
6520
6520
6520
6520
6520
6520
6520
6520
6520
6520
6520
6520
6520
6520
6520
6520
6520
6520
6520
6520
6520
6520
6520
6520
6520
6520
6520
6520
6520
6520
6520
6520
6520
6520
6520
6520
6520
6520
6520
6520
6520
6520
6520
6520
6520
6520
6520
6520
6520
6520
6520
6520
6520
6520
6520
6520
6520
6520
6520
6520
6520
6520
6520
6520
6520
6520
6520
6520
6520
6520
6520
6520
6520
6520
6520
6520
6520
6520
6520
6520
6520
6520
6520
6520
6520
6520
6520
6520
6520
6520
6520
6520
6520
6520
6520
6520
6520
6520
6520
6520
6520
6520
6520
6520
6520
6520
6520
6520
6520
6520
6520
6520
6520
6520
6520
6520
6520
6520
6520
6520
6520
6520
6520
6520
6520
6520
6520
6520
6520
6520
6520
6520
6520
6520
6520
6520
6520
6520
6520
6520
6520
6520
6520
6520
6520
6519
6519
6519
6519
6519
6519
6519
6519
6519
6519
6519
6520
6520
6520
6520
6520
6520
6520
6520
6520
6520
6520
6520
6520
6520
6520
6520
6520
6520
6520
6520
6520
6520
6520
6520
6519
6519
6519
6519
6519
6519
6519
6519
6519
6519
6519
6519
6519
6519
6519
6519
6519
6519
6520
6520
6520
6520
6520
6520
6519
6519
6519
6519
6519
6519
6519
6519
6519
6519
6519
6519
6519
6519
6519
6519
6519
6519
6519
6519
6520
6520
6520
6520
6520
6520
6520
6520
6520
6520
6520
6520
6520
6520
6519
6519
6519
6519
6519
6519
6519
6519
6519
6519
6519
6519
6519
6519
6519
6519
6519
6519
6519
6519
6519
6519
6519
6519
6519
6519
6519
6519
6519
6519
6519
6519
6519
6519
6519
6519
6519
6519
6519
6519
6519
6519
6519
6519
6519
6519
6519
6519
6519
6519
6520
6520
6519
6519
6519
6519
6519
6519
6520
6520
6520
6520
6520
6520
6520
6520
6520
6520
6520
6520
6520
6520
6520
6520
6520
6520
6520
6520
6520
6520
6520
6520
6520
6520
6520
6520
6520
6520
6520
6520
6520
6520
6520
6520
6520
6520
6520
6520
6520
6520
6520
6519
6519
6519
6519
6519
6519
6519
6519
6519
6519
6519
6520
6520
6520
6520
6520
6520
6520
6520
6520
6520
6520
6520
6520
6520
6520
6520
6520
6520
6520
6520
6520
6520
6520
6520
6520
6520
6520
6519
6519
6519
6519
6519
6519
6519
6519
6519
6519
6519
6519
6519
6519
6520
6520
6520
6520
6520
6520
6520
6520
6520
6520
6520
6520
6520
6520
6520
6520
6520
6520
6520
6520
6520
6520
6520
6520
6520
6520
6520
6520
6520
6520
6520
6520
6520
6520
6520
6520
6520
6520
6520
6520
6520
6520
6520
6520
6520
6520
6520
6520
6520
6520
6520
6520
6520
6520
6520
6520
6520
6520
6520
6520
6520
6520
6520
6520
6520
6520
6520
6520
6520
6520
6520
6520
6520
6520
6520
6520
6520
6520
6520
6520
6520
6520
6520
6519
6519
6519
6519
6519
6519
6519
6519
6519
6519
6519
6519
6519
6519
6519
6519
6519
6519
6519
6519
6519
6519
6519
6519
6519
6519
6519
6519
6519
6519
6519
6519
6519
6519
6519
6519
6519
6519
6519
6519
6519
6519
6519
6519
6519
6519
6519
6519
6519
6519
6519
6519
6519
6519
6519
6519
6519
6519
6519
6519
6519
6519
6519
6519
6519
6519
6519
6519
6519
6519
6519
6519
6519
6519
6519
6519
6519
6519
6519
6519
6519
6519
6519
6519
6519
6519
6519
6519
6519
6519
6519
6519
6520
6520
6520
6520
6520
6520
6520
6520
6520
6520
6520
6520
6520
6520
6520
6520
6520
6520
6520
6520
6520
6520
6520
6520
6520
6520
6520
6520
6520
6520
6520
6520
6520
6520
6520
6520
6520
6520
6520
6520
6520
6520
6520
6520
6520
6520
6520
6520
6520
6520
6520
6520
6520
6520
6520
6520
6520
6520
6520
6520
6520
6520
6520
6520
6520
6520
6520
6520
6520
6520
6520
6520
6520
6520
6520
6520
6520
6520
6520
6520
6520
6520
6520
6520
6520
6520
6520
6520
6520
6520
6520
6520
6520
6520
6520
6520
6520
6520
6520
6520
6520
6520
6520
6520
6520
6520
6520
6520
6520
6520
6520
6520
6520
6520
6520
6520
6520
6520
6520
6520
6520
6520
6520
6520
6520
6520
6520
6520
6520
6520
6520
6519
6519
6519
6520
6520
6520
6520
6520
6520
6520
6520
6520
6519
6519
6519
6519
6519
6519
6519
6519
6519
6519
6519
6519
6519
6519
6519
6520
6520
6520
6520
6520
6520
6520
6520
6520
6520
6520
6520
6520
6520
6520
6520
6520
6520
6520
6520
6520
6520
6520
6520
6520
6520
6520
6520
6520
6520
6520
6519
6519
6519
6519
6519
6519
6519
6519
6519
6519
6519
6520
6520
6520
6520
6520
6520
6520
6520
6520
6520
6520
6520
6520
6520
6520
6520
6520
6520
6520
6520
6520
6520
6520
6520
6520
6520
6520
6520
6520
6520
6520
6520
6520
6520
6520
6520
6520
6520
6520
6520
6520
6520
6520
6520
6520
6520
6520
6520
6520
6519
6519
6519
6519
6519
6519
6520
6520
6520
6520
6520
6520
6520
6520
6520
6520
6520
6520
6520
6520
6520
6520
6520
6520
6520
6520
6520
6520
6520
6520
6520
6520
6520
6520
6520
6520
6520
6520
6520
6520
6520
6520
6520
6520
6520
6520
6520
6520
6520
6520
6520
6520
6520
6520
6520
6520
6519
6519
6519
6519
6519
6519
6519
6519
6519
6519
6519
6519
6519
6519
6519
6519
6519
6519
6519
6519
6519
6519
6519
6519
6519
6519
6519
6519
6519
6520
6520
6520
6520
6520
6520
6520
6519
6519
6519
6519
6519
6519
6519
6519
6519
6519
6519
6519
6519
6519
6519
6519
6519
6519
6519
6520
6520
6520
6520
6520
6520
6520
6520
6520
6520
6520
6520
6520
6520
6520
6520
6520
6520
6520
6520
6520
6520
6520
6520
6520
6520
6520
6520
6520
6520
6520
6520
6520
6520
6520
6520
6520
6520
6520
6520
6520
6520
6520
6520
6520
6520
6520
6519
6519
6519
6519
6519
6519
6519
6519
6519
6519
6519
6519
6519
6519
6519
6519
6519
6519
6519
6519
6519
6519
6519
6519
6519
6519
6519
6519
6520
6520
6520
6520
6520
6520
6520
6520
6520
6520
6520
6520
6520
6520
6520
6520
6520
6520
6520
6520
6520
6520
6520
6520
6520
6520
6520
6520
6520
6520
6520
6520
6520
6520
6520
6520
6520
6520
6520
6520
6520
6520
6520
6520
6520
6520
6520
6520
6520
6520
6520
6520
6520
6520
6520
6520
6520
6520
6520
6520
6520
6520
6520
6520
6520
6520
6520
6520
6520
6520
6520
6520
6520
6520
6520
6520
6520
6520
6520
6520
6520
6520
6520
6520
6520
6520
6520
6520
6520
6520
6520
6520
6520
6520
6520
6520
6520
6520
6520
6520
6520
6520
6520
6520
6520
6520
6520
6520
6519
6519
6519
6519
6519
6519
6519
6519
6519
6519
6519
6519
6519
6519
6519
6519
6519
6519
6519
6519
6519
6519
6519
6519
6519
6519
6519
6519
6519
6519
6519
6519
6519
6519
6519
6519
6519
6520
6520
6520
6520
6520
6520
6520
6520
6520
6520
6520
6520
6520
6520
6520
6520
6520
6520
6520
6519
6519
6519
6519
6519
6519
6519
6519
6519
6519
6519
6519
6519
6519
6519
6519
6519
6519
6519
6519
6519
6519
6519
6519
6519
6519
6520
6520
6520
6520
6520
6520
6520
6520
6520
6520
6520
6519
6519
6519
6519
6519
6519
6519
6519
6519
6519
6519
6519
6519
6519
6519
6519
6519
6519
6519
6519
6519
6519
6519
6519
6519
6519
6519
6519
6519
6519
6519
6519
6519
6519
6519
6519
6519
6519
6519
6519
6519
6519
6519
6519
6519
6519
6519
6519
6519
6519
6519
6519
6519
6519
6519
6519
6519
6519
6519
6519
6519
6519
6519
6519
6519
6519
6519
6519
6519
6519
6519
6519
6519
6519
6519
6519
6519
6520
6520
6520
6520
6520
6520
6520
6520
6519
6519
6519
6519
6519
6519
6519
6519
6520
6520
6520
6520
6520
6520
6520
6520
6520
6520
6520
6520
6520
6520
6520
6520
6520
6520
6520
6520
6520
6520
6520
6520
6520
6520
6520
6520
6520
6520
6520
6520
6520
6520
6520
6520
6520
6520
6520
6520
6520
6520
6520
6520
6520
6520
6520
6520
6520
6520
6520
6520
6520
6520
6520
6520
6520
6520
6520
6520
6520
6520
6520
6520
6520
6520
6520
6520
6520
6519
6519
6519
6519
6519
6519
6519
6519
6519
6519
6519
6519
6519
6519
6519
6519
6519
6519
6519
6519
6519
6519
6519
6519
6519
6519
6519
6519
6519
6519
6519
6519
6519
6519
6519
6519
6519
6519
6519
6519
6519
6519
6519
6519
6519
6519
6519
6519
6519
6519
6519
6519
6519
6519
6519
6520
6520
6520
6520
6520
6520
6520
6520
6520
6520
6520
6520
6520
6520
6520
6520
6520
6520
6520
6520
6520
6520
6520
6520
6520
6520
6520
6520
6520
6520
6520
6520
6520
6520
6520
6520
6520
6520
6520
6520
6520
6520
6520
6520
6520
6520
6520
6520
6520
6520
6520
