3564
3564
3862
3910
3911
3916
3943
3401
3646
3757
3419
3414
3169
3168
3506
3182
2884
2640
2884
2546
2870
2871
3116
3089
3041
2605
3041
2930
2931
3473
2959
3058
2431
2430
1994
2105
2732
2731
2732
2621
2522
1895
1571
1326
1082
1327
1665
1665
2062
2063
2111
2513
2811
2810
2408
2028
2027
1630
2010
2015
2259
1961
1716
1336
1363
1760
1733
1734
2361
2797
2896
2891
3002
2375
2889
2889
2778
2534
2534
2020
2422
2936
2936
2888
2893
2734
2396
1960
1961
2009
2636
2588
2615
2860
2833
2828
3152
3179
2777
2776
3074
3476
3178
3226
3662
3960
3418
3016
2692
2394
2774
2147
2148
2121
1724
2351
2252
2654
2659
2770
2769
2142
2094
2418
2445
2200
2538
2136
2137
1701
1696
2238
2635
2634
2607
2607
2851
2471
2227
1713
2340
2367
2368
2770
2769
3013
3393
3366
3255
3414
2872
2877
3122
3123
2785
3083
3078
3592
3930
3416
3527
3189
3216
3057
2655
2655
3197
2800
3138
3535
3534
3633
3638
3611
3313
3308
3822
3195
2951
2950
2626
2229
2256
2692
2256
2692
2354
2652
2216
2105
2216
2613
2233
2860
2749
2993
3104
3428
3864
4023
3587
2960
2965
2720
2476
2079
2481
3108
3156
3151
3040
3420
3018
3262
3267
3219
3616
3074
3616
3074
2560
2561
2672
3186
2559
2554
2527
2283
2528
2230
2632
2970
3214
2817
2573
2572
3008
2606
3233
3281
3525
3280
3822
3308
3553
3851
3856
3611
3500
3341
2905
2905
2906
3308
3467
2840
3237
3482
3593
4107
3783
3782
3402
3104
3005
3385
3821
3424
3419
3717
3473
2931
2633
3175
2773
2393
2795
3192
2947
3192
2650
2491
2590
2617
2103
2645
2597
2259
2503
2392
1990
1448
1204
1205
1449
1560
1898
2300
1903
2530
2529
2534
2693
3235
2693
3207
3749
3590
3914
3400
3301
3698
4212
4371
4033
3874
3973
3459
3062
3062
2951
3062
3221
3122
3221
3519
3916
3964
3719
3964
3562
3317
3562
3451
2909
3289
2662
2663
2658
2663
3290
3131
3083
3597
3592
3591
3993
4041
4042
3662
3148
2751
2752
2507
2459
2570
2459
2135
2134
2458
2160
2498
2895
3054
3102
2475
2474
2772
2724
2969
3349
3190
2810
2566
2567
2131
2104
2104
1859
1561
1672
1970
2018
2645
2890
2779
2779
2534
2533
2777
2439
2550
2226
2226
1824
2148
2153
1855
1807
1807
2145
1901
1802
1802
2238
2780
3024
2780
2344
2345
1803
2047
1650
1948
1704
1703
1862
2264
1966
2346
2743
2346
2347
2348
2010
2446
2446
2988
3286
3624
3624
4021
4048
4043
3641
3886
3985
4499
4498
3984
3984
3957
3962
3851
3309
3011
2673
2672
2513
2811
2712
2388
2499
2526
2281
2683
2683
2678
2281
2619
3161
3209
2807
2180
1842
2244
2489
2053
2026
2462
1920
1921
2318
2020
1623
1722
2046
1722
1623
1378
1702
2000
2245
2404
2403
2244
1999
2626
2626
2328
2427
2671
3009
3551
3171
2927
3172
2545
3172
2736
2736
2737
3035
2697
2697
2399
1857
2237
2779
3023
2481
2370
2271
2382
2924
3083
3519
3518
3274
3788
3464
3861
3459
3062
3306
3644
3017
3414
3366
3367
3466
3465
3466
3307
2910
3537
3101
2474
2363
2118
1576
1624
2060
2305
2061
2385
2927
2927
3225
3126
3753
3780
4177
3853
4177
3780
3456
3211
3212
3185
3137
3136
3460
3122
3122
2608
2284
1657
2171
2270
2381
2386
1844
1845
2169
1871
1898
1799
1772
1448
1607
1607
1634
1878
1877
2279
2821
2662
2821
3218
3213
3261
3506
3830
3719
3818
3819
4117
3872
3492
3095
3100
3727
3726
3402
3402
3740
3741
3497
3496
3495
3606
3579
3823
3579
3976
4356
4351
4596
4597
4438
4100
4101
3474
3094
3432
3134
3133
3160
3159
2645
2650
2214
2103
1701
1999
2243
2195
2519
2520
2276
1952
2276
2324
2951
2706
2705
2864
3378
3622
3225
2598
2439
1925
2552
2552
2504
2940
2398
2940
2941
3455
2941
2936
2394
2150
2309
2689
2689
2933
3044
3043
3440
3196
3085
2761
2872
2872
2873
3118
2820
2821
3363
3363
3204
3363
3362
2820
2819
2820
2721
2965
3367
3415
3415
3957
3555
3879
3541
3217
2675
2627
3169
3507
3263
3263
3263
3561
3316
3316
3316
3364
3026
2629
2728
2727
2971
2944
2402
2022
1778
2158
2560
2461
2462
2489
2488
1861
1960
2357
2358
2602
2940
3185
3086
3185
2941
2842
2504
3046
3046
2504
2504
2505
3019
3561
3181
3808
3406
3108
2594
2838
2594
2197
2202
2599
2163
1918
1913
1912
1753
2189
2190
2289
2627
2600
2600
2164
1622
1946
2191
1853
1754
2092
2390
2092
2119
2278
2576
2675
2675
3189
3433
3835
3438
2811
2763
3305
3007
2908
2913
2575
2955
2954
2843
2519
2139
2139
2519
2618
2591
2618
2942
3240
3351
3978
4026
4423
4099
3854
3755
3241
2839
3084
2786
2542
2840
2443
1816
2060
1518
1513
1949
1705
1325
1298
1053
1567
1269
1811
1811
2213
2165
2264
1722
1623
1961
1559
1400
1780
1828
1490
1495
1496
1496
1116
1414
1811
1910
2452
2611
2097
2341
2341
2368
2341
2855
2744
2989
3313
2916
2480
2480
2882
3279
2955
2955
3066
3693
3692
3691
3592
3593
3592
3619
3620
4000
3458
3431
3769
4093
4529
4524
5066
4664
4664
4267
3831
3831
3830
3857
3613
3712
4109
4109
4061
4066
3669
3155
3156
3670
3043
3042
3037
2792
3037
2792
2693
2694
2938
2943
2942
3187
3584
3986
4034
3923
3923
3918
3516
3272
3708
3708
3952
3925
4327
4327
4328
3892
3490
3490
3152
3151
3778
3779
3265
3270
3381
3895
3784
3784
3486
3824
3776
4074
4122
4121
3579
3690
3531
3531
3532
3208
3209
3208
3097
3533
3195
2950
2652
2976
2928
3470
3034
3279
3715
4013
3715
3391
3550
3549
3152
2908
3310
3305
3305
3305
3060
3457
3458
3756
4094
4095
4206
3868
3488
3733
3622
4002
3460
3571
3570
4112
4356
4455
4455
4456
4059
3657
3030
2919
2621
2079
2106
1862
1348
1347
1861
1862
2489
2489
3031
2517
2516
2854
2859
2232
2073
2397
2017
2017
2644
3041
2703
2703
2862
2910
2586
1959
1954
1953
1953
1794
1795
1550
2064
1522
1924
1488
1440
2067
2503
2841
2841
2846
3005
3547
3548
3659
3632
3680
3581
3879
3337
2901
2742
2115
2742
2841
2840
2741
2985
3527
3479
3915
3401
3646
3970
3969
3858
3560
3555
3603
3167
3465
3465
3220
3331
3033
3547
3547
3303
2789
3225
3252
3766
3767
3766
3655
3660
3612
3210
3455
3857
3956
3929
4309
4309
4553
4309
3912
3813
3299
3347
3645
3400
2858
2853
2515
2113
2627
2579
2579
2678
2726
2885
2726
3128
3029
3571
3273
3372
3531
3558
3558
3558
3510
2968
3306
3306
3147
2809
2814
3058
2678
3220
3465
3466
3466
3367
3478
3154
3534
2907
3231
3628
3727
4354
3918
3291
3918
3538
3537
3835
3433
3109
3109
3110
3546
3248
3247
2733
2781
2781
3079
3080
3404
3404
3563
3265
2723
3021
2994
3374
3326
3081
3129
2970
2997
2617
2506
3020
3021
2994
2696
2182
2209
2454
2406
2161
2156
2161
2563
2901
2577
2625
2624
2619
3161
2725
2387
1985
1358
1872
2031
1932
2559
2315
2613
2613
2993
2596
3032
3277
3376
3487
3492
3112
3112
3113
3357
3258
2960
2524
2476
2873
3309
2912
2370
2708
3105
2860
2424
2086
2059
1948
1975
2273
2709
2757
2360
2355
2111
2653
2652
2025
2427
2129
2240
2484
2484
1970
1534
1914
1919
2546
2166
2680
2679
2137
2026
2137
1510
1808
2435
2436
2435
2680
3004
2602
2597
2994
3536
3377
3378
3758
3514
3514
3190
3079
3031
3004
3103
3427
3432
3432
3134
3378
2836
2831
2586
1959
1959
1860
2158
2257
2256
2501
2402
2402
2157
1913
1589
2216
2217
2328
2730
2103
2347
2346
2888
2936
2692
2791
2277
2282
2171
2072
1675
1676
1677
1788
2126
2225
2549
2708
3335
3771
3229
2793
2820
2721
2720
2672
3069
3505
4047
3936
3534
3529
3231
2689
2690
2789
2794
2794
3039
3012
2674
2294
1667
1231
1569
1231
986
1324
1704
1307
1355
1653
1897
1897
1896
1891
1890
1510
1411
1510
1212
1457
1854
1457
1358
1755
1511
1114
869
1266
1218
1845
1521
1521
2063
2577
2688
2986
2688
2986
3231
3232
3476
3878
3251
3007
3331
3220
3061
2763
2790
2901
2504
2552
3179
3068
3504
3603
3762
3761
4059
4170
4175
3739
3983
3984
3740
3416
3852
3416
2789
2790
2789
2690
2685
2143
2770
3167
3266
3590
3595
3547
3542
3297
3542
3515
3404
3159
3159
3160
2836
2737
2742
2769
2764
2764
2250
2630
3172
2630
2629
2002
2003
2008
2007
2331
2033
2132
2377
2813
2714
3228
3770
3818
3416
3078
3073
3371
3212
3311
3470
3470
3471
3372
3377
3218
3170
2773
2393
2790
3417
3390
3389
3437
3437
3040
3437
3464
3866
3239
3240
3620
3375
3375
3713
3277
3250
3349
3785
3271
2729
2724
2968
3127
3754
3754
3318
3754
3759
3600
3203
2905
2567
3109
3109
3354
3652
3651
3407
2865
3024
3051
3050
2891
2892
2865
2766
2521
2632
2632
3029
2627
2627
3169
3169
3571
3909
3282
2740
2740
2735
2624
2783
2894
2899
2851
2852
2416
2019
2046
2290
2290
1992
2290
2289
2289
2130
1728
2270
2667
2556
2258
2259
1935
1934
1392
1387
2014
2173
2284
2284
1887
1887
1892
1940
1696
2132
2534
2778
3076
3076
2965
2917
2912
2510
3024
3023
3420
3421
3520
3525
2898
2871
2772
3314
3309
2912
3011
2713
2958
2444
2958
2522
2958
2957
3005
3402
3157
3157
2913
3540
3567
3568
3567
3567
3468
3032
2490
2152
2490
2926
2926
2878
2879
2879
2482
2481
2143
2481
2101
2345
2186
2186
1750
2130
2178
1934
1907
2018
2177
2719
3155
3552
3876
3496
2954
2954
2906
2279
2280
1942
1941
1505
1505
1553
1156
1157
1537
2079
2515
2135
2379
2759
2758
2322
2567
2568
2569
2971
2569
2189
2216
2216
1674
1626
1625
2005
2547
2547
2223
2224
2323
2322
1808
2322
2724
2724
3160
3161
3485
3458
3458
3359
3986
3741
3339
3387
2760
2759
2600
2601
2490
2828
2927
2589
2700
2376
2778
3175
3175
2661
2281
2280
2307
2312
2610
2934
2537
3164
3165
3503
3179
2935
2836
2831
3075
3455
3852
3608
3608
3707
3712
4036
4550
4451
4450
4450
3823
4068
3744
3743
3229
2891
2646
2890
3228
3387
3486
3188
2808
2781
2808
2564
2564
2516
2814
2715
3095
2936
2825
2389
2488
2190
2238
2674
2272
2899
3143
3467
3087
2651
2254
2155
2453
2850
2823
2485
2088
2247
2492
2248
2249
2201
2637
3151
3146
3145
3525
3227
3232
2690
2988
2988
3232
2908
2908
3019
3067
2553
1926
1681
1681
1383
1224
1469
1469
1496
2038
2336
1900
1901
2528
2523
2622
2324
2838
3176
3177
3176
3335
3091
3090
3090
2991
2449
2885
3282
3283
2847
2946
2566
3108
2566
3002
2757
3001
3381
2984
2984
3308
3606
2979
2641
2641
2642
2543
2543
2940
2940
2892
2991
2991
2990
2746
2366
2267
2272
2113
2357
2759
2245
2344
2589
3131
3020
2478
2477
2080
2081
2081
2129
1727
1726
1885
2427
2765
3279
3120
3279
3279
2981
2976
3603
3576
3332
2705
2706
2607
2634
2745
2407
2705
3102
3101
3074
3173
3200
3152
2907
2908
2913
3251
3224
3272
2730
3132
3127
3127
3127
3372
3213
2889
2890
3134
3458
3458
3134
2737
2736
3060
3087
3714
3666
3567
3964
3666
3555
3555
3217
3217
3218
3598
3757
3756
3359
3360
3658
3657
3756
3755
3353
3194
2567
2322
2322
2327
2228
2625
2626
2871
3413
2977
3136
3235
3136
3538
4165
3841
3841
3889
4000
3373
2831
2317
2312
2411
2252
2252
2252
1855
1756
1756
1645
1347
1346
1101
1615
1616
1954
2053
2054
2027
2027
2032
2574
2573
2235
2262
1860
1971
1972
1971
2373
2671
2671
2830
3457
3893
4290
4289
4627
4247
4148
3989
3878
3873
3471
3074
2776
3178
3575
3331
3655
3900
3901
4281
3884
3889
4286
4259
4503
4662
4260
4558
4960
4960
4418
4960
4959
4959
4562
4562
4318
4073
4068
4068
4069
4069
3731
3975
3975
3975
3927
3926
3953
3551
3552
3890
3863
3962
3962
3718
3091
2549
2550
2661
3058
3058
3063
3307
3934
3933
3834
3835
3834
3437
3436
3192
3589
3478
3479
3320
3564
3966
3966
4065
3821
3821
3932
3535
3780
3807
3807
3806
3854
4013
3611
3273
3274
3671
4073
3637
4073
3559
3235
2838
2838
2839
2728
2569
2728
3066
3463
4005
3760
3760
3218
3463
3787
3628
3529
3528
3523
3523
4037
3640
3592
3212
3217
3759
3132
3512
3512
3756
4153
3855
4153
4154
3910
3368
3479
3452
3114
3114
2790
2679
2678
2679
2679
2277
2521
2520
2006
2054
2456
2456
2212
2536
2156
2155
2266
2218
2377
2919
2377
2377
2266
2267
2378
2716
2319
2319
2418
2932
3559
3045
3425
3326
2946
2947
3191
2947
2946
2946
3488
4002
3600
3980
3544
3220
3061
2519
2221
2657
2816
2657
3199
3199
3226
3470
3470
3470
3465
3127
3132
2887
3284
3283
3331
3733
3733
3685
3685
3658
3658
3658
3414
3658
3658
3685
4023
4024
4023
3779
3779
3938
3986
4230
4329
3949
3901
3949
3950
3408
3408
3706
3270
2868
2471
2423
2396
2395
2937
3334
3175
2837
2738
2837
3082
2837
3273
3611
3097
3124
3172
3073
3074
3476
3138
3139
3238
2611
2935
3449
3444
3345
2943
3188
3193
3193
3192
3291
2855
3482
3238
3576
3978
4358
4517
4516
4517
4518
4513
4512
4512
4214
4103
4104
3702
3654
3555
2928
2927
2768
2523
2523
2959
3007
3251
3256
3256
3229
3229
2793
2820
2820
2815
2816
2816
2768
2867
2915
3351
3350
3350
3302
2866
3164
3791
3467
3515
3514
3515
3135
3140
3299
3299
3299
3701
3696
4076
4187
3943
4187
4188
4188
3646
3535
3540
3785
4327
4651
4646
5082
4923
4521
4085
3841
3444
3443
3443
3444
3444
3449
3448
3448
3447
3606
3850
3850
3512
3623
3512
3507
3183
3135
3571
3326
3326
3650
3214
3214
3459
3300
2758
2758
2659
2660
2819
3221
3221
2897
2898
2946
2951
3387
3360
2980
3079
3078
2834
2786
2384
2495
2496
2893
2920
2968
2341
2585
2340
2678
2678
2651
2552
2552
2552
3094
2697
2696
2648
2675
2337
2436
2816
2816
2436
2435
2815
2815
2863
3260
3260
3505
3506
3407
3406
2864
2859
2859
2958
2713
2713
2714
2959
2959
3361
3362
2965
2720
3117
3659
3658
3658
3658
3658
3658
3547
3249
3547
3547
3150
2770
3094
2770
2743
3370
3271
3298
2862
2348
2728
2729
3053
3053
3164
3005
3005
3343
3779
3731
3393
2991
2990
2692
2665
2764
3278
2736
3278
3279
3438
3465
3464
3762
3248
2924
2382
2706
2679
3221
3221
3735
3624
3735
3437
3485
3882
4220
4221
3977
3818
3719
3719
3719
3746
3745
3697
3942
3562
3806
3905
3661
3709
3464
2837
3464
3709
3682
3683
3345
3683
3286
3285
2961
2961
2850
2751
2778
3076
3187
3511
3755
3854
3530
3529
3529
3284
2742
2643
2967
2856
3398
2771
2723
2728
2839
2938
3183
3585
3586
3983
3547
3303
3304
2980
3304
3304
3304
3304
3304
3193
3241
3868
3868
3979
4138
4138
4137
3740
3735
3979
3352
3014
3014
2690
2663
2419
2420
2419
2743
2644
2644
2649
2325
2424
2668
3048
2534
2534
2289
2284
2311
2200
2201
2201
2715
2714
2959
2960
3071
3507
2993
2882
3206
3603
3602
3602
4116
3719
3474
3072
2973
3084
3084
2760
2733
2733
2733
2733
3071
3170
3175
3577
3604
3599
3301
3599
3600
3600
3356
3600
3599
3599
3261
3261
3261
3658
4285
4530
4016
4021
4022
4021
4022
3642
3398
3239
3563
3562
3451
3965
3965
3965
3938
4182
4183
4183
4084
4084
4083
4082
4462
4164
4116
4116
4275
3873
3873
3476
3476
3814
3814
3300
3598
3697
3692
3448
3349
3376
3487
3487
2860
2959
3361
3202
3716
3174
2660
2660
2280
2794
2794
2456
2461
2362
2335
2335
2673
2668
2668
2557
2557
2656
2657
2684
2684
2928
3308
3935
3940
4482
4482
4080
3835
4237
4634
4237
4138
4249
3735
3734
3734
3893
3555
4069
4407
4248
4249
3951
3437
3432
3946
3945
3621
3720
3720
3720
3093
3490
3491
3491
3490
3379
3490
3735
3708
4006
4165
3763
3425
3425
3827
3313
3940
3940
3841
3543
3146
3245
3245
3569
3569
3570
3868
3326
3326
3327
3665
3327
3354
3402
3740
3113
3627
3579
3281
3037
2878
2926
2602
2264
2806
3104
2702
2701
3103
3441
3442
3601
3553
3526
3531
3531
3558
3558
3178
2776
2775
2664
2659
2770
2228
2855
3179
3423
3820
3575
3574
3547
3111
2773
2800
2476
2524
2904
2905
2904
2805
2646
2647
2349
2354
2453
2354
2790
3128
3373
2937
2937
2910
2937
2423
2396
2396
2016
2016
2016
1772
2016
1619
1614
1938
2097
1759
2057
1898
1899
2296
2634
2661
2660
2660
2336
2738
2738
2690
2579
3015
3529
3909
4020
3623
3325
3867
4264
4264
4263
4561
4223
3826
3424
3523
3925
3681
4078
4078
3681
3301
3625
3327
3327
3082
2758
2917
2890
2779
2779
3117
3228
3472
3472
3499
3063
3308
3356
3357
3793
3793
4173
4173
3929
3493
3466
3466
3902
4146
4047
3645
3534
3645
3131
2589
2588
3130
3130
3157
3162
3559
3532
3135
3433
3433
3460
3433
3460
3412
3814
3814
3787
3814
3809
3782
3782
4296
3998
3484
3484
3998
3998
3887
3888
3643
3742
3987
4098
4097
3759
4057
4057
3430
3430
3132
3133
3133
3133
2731
2731
2731
2732
2732
3070
3069
2824
2825
2581
2145
2581
2608
2172
2496
2116
2414
2076
2321
2320
2947
2947
2946
2951
2924
2679
2706
2706
2706
3086
2975
3023
3361
3606
3601
3712
3712
3664
3366
3207
3180
3207
3208
3367
3366
3802
3775
3802
4100
3855
3855
4099
3585
3558
3558
3314
3319
3319
3367
3769
4166
4167
4194
4146
4391
4392
3995
3995
3896
3896
3895
3890
3889
3889
3862
3961
4358
4358
4199
4443
4046
3666
3555
3666
3555
3556
3561
3462
3164
2728
2728
2390
2390
2417
2853
2854
2953
2926
3323
3621
3185
3621
3780
3383
3284
2986
2985
3499
3526
2899
3296
2899
3296
3395
3443
3046
2532
2096
2532
2288
2802
2797
2361
2361
2202
2203
2541
3168
3167
2922
2922
2520
2525
1983
1978
2358
2363
2363
2336
2336
2733
2734
2354
1727
1838
1790
1452
1451
1478
1473
2015
2259
2886
2886
2887
3267
3240
3578
3334
3770
3775
3775
3261
3309
3304
3309
3308
2928
3226
3225
3226
2902
3147
3306
3708
3703
3544
3544
3924
3527
3526
3527
3526
3553
3877
3829
3802
3807
4204
3906
3582
3577
2950
2998
2562
2563
2464
2464
2900
2900
2899
2900
3224
3176
3803
3367
3029
2649
2893
2648
2647
2892
3406
3009
2467
2065
2224
2224
2225
2605
2605
2903
2908
3305
3707
4045
3934
3934
3636
3735
3846
3845
3746
3794
3794
3794
3794
3794
3470
3068
3366
3367
3256
3355
2728
2214
2538
2141
2683
2678
2434
2434
2110
2737
3173
3284
3284
3173
3575
3575
3476
3138
2702
3138
2840
2867
2465
2867
3165
3562
3535
4049
4293
4293
4293
4392
4503
4344
4503
4392
4391
4146
4146
3744
3744
4068
4069
4314
4652
4652
4328
3814
3655
3275
3227
3227
3551
3931
3832
4346
4347
4347
4346
4102
4346
4394
3958
3444
3120
3125
3126
3285
3285
2987
2986
3500
3527
3147
3147
2809
3245
3245
3569
3971
4269
4242
4242
3998
4336
4336
4331
4331
4331
4331
4331
4172
4124
4124
4235
4235
4394
4442
4541
4540
4202
4582
4582
4583
4584
4286
3850
3850
4148
4037
4036
4280
4181
4181
4181
3784
4122
3824
3422
3098
3097
3097
3097
3098
3098
3125
3130
2885
3183
3580
3982
4227
4227
4338
4000
3973
3675
3133
3022
3022
3022
2974
3298
3298
2901
2949
2944
2700
2652
2950
3386
3485
3326
3570
3681
3167
3056
2957
3005
2603
3117
3455
3455
3482
3158
3110
3434
3096
3498
3253
3226
3226
3337
3496
3523
3412
3460
3433
3385
3226
3226
3337
3582
3681
3840
3841
4383
4224
3597
3352
3054
2512
2909
2908
2809
2968
3067
3694
3693
3693
3313
3313
3318
2916
3254
2857
3102
3103
3483
3384
3926
4025
4323
4164
4566
4228
3792
3693
3693
3313
3313
3313
3340
2826
2874
2472
2445
2842
3356
2959
2715
2470
2715
3151
2906
2906
2906
2933
2933
2933
3032
3031
3031
2404
2404
3031
3433
3428
3317
3476
3040
3284
3720
3720
3093
3093
2769
2721
2179
2227
2228
2228
2625
2624
3166
3504
3505
3457
3702
4082
4082
3838
3679
4306
3926
4037
4361
4361
4366
4367
4029
4024
4362
4362
3735
3437
3436
3441
3441
3440
3440
3102
3102
3400
3448
3449
2907
2907
2471
2471
2851
2740
2360
2360
2360
1846
1957
2584
2583
2584
2828
3166
3166
3166
2868
2869
2869
3249
3249
3244
2920
3434
3976
4412
4385
3758
3322
3223
3175
3334
3089
2575
2899
2947
2836
3272
2934
2498
2609
2365
2392
3019
3263
3236
2839
2839
3353
3305
3741
3741
3840
4237
4575
4820
4423
4423
4179
4068
3909
3529
3127
3529
2902
2360
2360
2740
3367
3526
4068
4067
4068
4068
3744
3749
4073
4073
4072
4072
4072
4071
4071
4072
3973
3973
4271
4271
3644
3644
3639
4036
3522
3522
3086
3113
2868
2530
2629
2629
2630
2603
2847
2895
3331
3331
3576
3575
3178
3516
4143
4254
4009
4009
4009
3467
3468
3309
3706
4220
3922
3922
3922
3921
4080
4032
3921
4166
4165
4276
4277
3875
3248
3248
3650
3253
3252
3252
3252
3008
2628
3025
2511
2512
3026
3074
2963
2864
2975
3517
3518
3359
3739
3628
3248
3359
3364
3991
3653
3652
3647
3985
4283
4288
4289
3892
3919
3808
3803
3803
3802
3175
3174
3179
3152
3311
3311
3312
3153
3152
3152
3152
3532
3234
3333
3009
3307
3307
3259
3259
3260
3260
2824
2824
2823
2485
2921
2922
2823
3161
3320
3320
2918
2918
3242
3243
3243
3084
3084
3084
3183
3294
3696
3316
3713
3761
3920
3920
3523
3523
4150
4150
3826
3826
3778
3236
2722
2320
2319
2643
2887
2886
2887
2887
2788
2788
2783
3163
2825
2825
2825
3367
3367
3367
3367
3415
3415
3414
3811
3414
3255
3256
3415
3442
3283
2903
2904
2903
3062
3067
3066
3404
2862
3259
3639
3639
3639
3640
3640
3613
3454
3343
3370
3343
2907
2908
2511
2131
2533
2485
3027
3407
3804
3804
3804
3262
3310
3310
3337
3332
3284
3284
3284
3284
3257
3368
3910
4424
4424
4424
4424
4429
4049
4048
4048
4049
3804
3560
3018
3262
3262
3262
3310
3746
4288
3950
4109
3673
3673
3673
3673
3672
3428
3428
3428
3673
4011
4006
3847
3846
3846
3735
3735
3735
3735
3735
3735
3735
3735
3735
3735
3735
3735
3735
3735
3735
3735
3735
3735
3735
3735
3735
3735
3735
3735
3490
3490
3735
3735
3687
3290
3290
3290
3290
2966
2966
3290
3290
3290
3045
3045
3425
3425
3425
3861
3861
3861
3861
3537
3537
3537
3934
3934
3554
3554
3798
3798
3798
3798
3798
3798
3798
3554
3152
2610
2769
2769
2769
3013
3013
3013
3124
3124
3124
3124
3124
3124
3124
3124
3124
3124
3013
2577
2577
2688
2688
2688
3090
3470
3470
3073
3509
3509
3509
3171
3495
3594
3483
2969
2974
3371
3371
3372
3213
3213
3213
3551
3599
3355
3897
4056
4056
4008
4009
3382
4009
4523
4634
4879
4365
4254
4281
3983
3645
3693
3693
3688
3640
3938
3938
3558
3669
3669
4183
3885
3933
4177
4066
3907
3808
3807
3807
3918
3918
3891
4271
4430
4529
3987
3987
4285
3849
3849
3551
3987
3939
3944
3317
2915
2915
2915
2915
2756
2242
2540
2540
2942
3456
3456
3158
3159
3159
3701
3749
4087
4087
4385
3988
3988
3474
3469
3421
3097
2853
2858
3102
3101
3102
3616
3318
3642
3397
3424
3180
3179
3179
2637
2638
2686
2984
2984
2984
2984
2979
2979
2978
2978
2978
3223
3382
3924
3924
4321
3997
4624
4379
3865
3870
4115
4114
3869
4114
4114
4114
4114
3776
3617
3955
3955
3950
3950
3514
3514
3515
3839
3839
3998
3601
3600
3997
3752
4266
4266
4266
3968
3968
3968
3968
3588
3588
3589
3265
3265
3265
3589
3589
3490
3490
3926
3931
3931
3931
3931
4176
3838
3727
3726
3324
3324
3319
3320
3618
3591
3591
3543
3642
4044
4092
4336
4337
4337
4337
4093
3848
3550
3550
3549
3847
3958
3561
3805
3706
4103
3779
3620
3944
4282
4441
4540
4296
4137
4382
3985
3874
3874
4118
4229
4229
3905
3661
3562
3562
3942
4041
3703
3702
3457
3484
3385
3544
3788
3352
3597
3597
3217
3058
2947
2920
3258
3258
3258
3258
3263
2636
3072
3183
3563
3161
3558
3558
3960
3912
3370
3371
3371
2974
3073
3073
3232
3232
3629
3227
3854
3556
3556
3556
3556
3555
3311
3609
3609
3311
3311
3635
3524
3635
3635
3536
3537
3537
4079
3452
3452
3452
3128
3227
3227
3629
4256
3820
3847
3846
3846
3847
3848
3843
3505
3505
3505
3505
3260
3260
3260
3265
3563
3563
3563
3562
3562
3557
3557
3562
3562
3535
3971
3971
3591
3591
3618
3618
3619
3508
3619
3618
3863
3863
3862
3910
3905
3906
3906
3392
3147
3147
3147
2849
2850
3230
3744
3364
3316
3289
3337
3342
2715
3095
3094
3094
3338
2902
2902
3226
3227
2713
3340
3340
2798
2687
2687
3201
2821
3066
3093
2994
2994
2994
3536
3536
3531
3531
3017
3017
3016
3396
3507
3845
3845
3846
3522
3521
3521
4035
4035
4035
4035
4035
3521
3473
3135
3183
3183
2556
2557
2656
3092
3092
2993
2613
2502
2343
2343
2342
2856
2856
3236
2834
2834
2833
2785
2541
2542
2944
2547
2547
2552
2553
2553
2548
2707
2707
2755
2755
2755
2754
2754
2754
3151
3489
3489
3813
3912
3912
4156
3614
3455
3053
3595
3594
3158
2913
2913
3024
3183
2859
2760
2601
2601
2601
2553
3180
3180
3069
3069
3314
3315
3426
3426
3426
3474
3474
3426
3426
3426
3828
4152
4251
4251
4252
4252
4411
3869
3917
3673
4109
4109
4651
4651
4650
4108
4081
4081
4108
3728
3972
3977
3977
4519
4817
4769
4372
4367
4367
3740
3740
3741
3741
3443
3443
3442
3822
3723
3696
3316
3696
3696
3696
4093
4192
4081
4081
4081
3982
3982
3440
3439
3439
3538
3543
3544
3299
2863
2863
3161
3703
3703
3405
3405
3161
3459
2945
2945
2972
2972
2972
2972
2813
2814
2814
2516
2952
3197
2952
2947
2550
2795
2550
2148
2148
2148
2392
2440
2837
3082
3055
3055
3055
3055
3055
3054
2730
2889
2730
2889
3213
3165
2920
2676
2296
2810
3108
3108
2594
2599
2594
2705
3085
3085
3085
3085
3599
3488
3389
3633
4260
3746
3991
4039
4150
3826
4150
4155
4107
4155
3996
3560
3560
3719
3718
4232
4232
3835
3787
3628
3623
3782
3787
3886
3562
3589
3590
3590
3590
3987
3987
3982
4384
4046
4094
4094
4432
4432
4756
4597
4597
4597
4353
4353
4029
4273
3935
4273
4273
4597
4055
4214
4214
3834
3807
3563
3563
3563
3515
3113
2815
2816
2816
2816
3218
3462
3842
3842
3743
3498
3934
3934
3537
3378
3267
3267
3366
3042
3340
3388
3388
3393
2991
2892
2892
3137
3137
3296
3295
3406
3405
3432
3834
3834
3432
3384
3384
3926
3815
3788
3789
4186
4185
4186
4588
4191
4302
4301
4301
4302
3760
3759
3760
3859
4401
3999
3999
3900
3562
3563
3318
3313
3651
3540
3567
3666
3152
3666
3911
3911
3667
3672
3672
3427
3824
3824
3819
3930
3929
3929
3929
3929
4174
4175
4175
4419
3905
3794
3842
4166
3842
3597
3842
3842
3842
3847
3602
3602
3602
3602
3597
3200
3200
3200
3101
3503
4017
3990
4017
4022
4022
4021
4345
4340
4340
4339
4584
4246
4247
3867
3868
3868
3873
3846
3841
3841
3543
3384
3495
3793
3251
3278
3377
3377
3757
3757
3658
3817
3303
3302
3302
3302
3301
3639
3591
3189
3586
3586
4100
4100
4100
4100
3762
3762
3603
3492
3493
3498
3609
3708
3867
3708
3681
3582
3630
4032
3405
3404
3404
4031
4369
4369
4321
4321
4348
4348
4396
4369
4369
3972
3972
3972
3924
3919
3919
3674
3350
3398
3795
3796
3796
3685
4009
3685
3712
3712
3712
3713
4037
4579
4579
4579
4579
4579
4579
4579
4531
3904
3904
3904
3390
3489
3489
3494
3494
4121
3877
4122
4122
4122
4636
4609
4364
4364
4363
4363
4390
4291
3749
3748
3907
3471
3471
3472
3472
3472
3583
3578
3578
3578
3578
3578
3280
3328
3329
3329
3334
3578
4120
3782
3782
4027
4027
4027
4325
4166
3786
4166
4166
4166
4161
4320
4658
4658
4256
3932
3932
3931
3931
3931
3932
3932
3931
3417
3417
3418
3417
3369
3368
3692
4094
3756
3756
3756
3757
4095
4100
4536
4536
3909
3909
3909
3908
3908
3903
3903
3579
4093
4098
4146
4141
4142
3844
3817
3818
3818
4445
4445
4769
4769
4255
4144
4144
4144
4144
4144
4255
4255
3853
3853
3853
3952
3979
4493
4493
4498
4498
4399
4372
4399
4394
4692
4692
4394
4394
4394
3997
4295
3957
3846
3846
3846
4184
3557
3557
3959
3523
3959
3959
3635
3959
3959
3959
3959
3959
3959
3523
3475
3872
3358
3985
3687
3660
3660
3336
3091
3091
3202
2864
2863
2868
2757
2868
2868
2916
2672
2561
2899
2894
2894
2899
2926
2925
2926
3224
3469
3469
3224
3225
3324
3324
3760
3871
3871
3712
3310
3310
3309
2929
3443
3443
3443
3443
3442
3601
3602
3597
3597
3841
3841
3840
3841
3814
3766
3655
3656
3656
3767
3767
3767
3815
3815
3704
3704
3460
3460
3460
3460
3487
3889
3894
3894
4138
4518
4220
4121
4232
4231
4231
4529
4529
4529
4529
4529
4529
3902
4001
4001
4002
4002
3843
3843
3843
4002
3954
3954
3843
3843
3599
3599
3599
3843
3545
3545
3843
3843
3842
4469
4442
4441
4441
4342
4342
4342
3945
3945
3945
3945
3945
4342
4369
3972
3972
4083
4083
4480
4100
3856
3856
3829
3830
4210
4237
4237
4232
4476
4524
4769
4721
4769
4769
4658
4610
4610
4583
4682
4682
4793
4694
5018
5018
5018
5019
4477
4477
4318
4318
4318
4318
4417
4417
4417
4416
4416
4019
3920
3293
3293
3294
3393
3393
3393
3393
3392
3789
3816
4443
4442
4442
4601
4649
4649
4650
4248
3950
3950
3950
3553
3553
3308
3308
2928
2928
2769
3171
2735
3033
3033
3033
2631
2631
2631
2631
2632
3034
3193
3193
3166
3171
3072
3067
3072
3072
3072
3072
3614
3614
4011
4011
4011
4038
4037
4037
4473
4473
4473
4718
4719
4719
4608
4988
4591
4591
4591
4591
4702
4378
4477
4476
4800
4689
4689
4689
4351
3949
3705
3700
4038
4038
4038
4038
4038
3879
3879
3879
3990
3990
3990
3990
3879
3852
4254
4259
4211
4455
4455
4503
4258
4258
4257
4209
4320
4320
4320
4320
4320
3778
3778
3667
3826
3826
3827
3938
3938
3938
3938
3933
3933
3834
4079
4621
4648
4537
4537
4934
4934
4934
4933
4595
4643
4648
4648
4986
4986
4986
4688
4688
4986
4742
4228
4339
4339
4339
4340
4854
4530
4419
4419
4419
4419
4419
4260
4233
4260
4015
4339
4339
4338
3958
3958
3958
3958
3958
3931
3883
3878
3878
3878
3878
3878
3878
3481
3878
3580
3580
3580
3825
4123
4123
4123
4123
3687
3687
3735
3735
3735
3687
4123
4123
4123
4123
3799
4179
4179
4179
4179
4179
4423
4423
4423
4423
4423
4423
4423
4423
4423
4423
4423
4423
4423
4423
4423
4423
4747
4503
4258
4258
3631
3631
3631
3631
3631
3631
3631
3631
3631
3631
3631
3631
3631
3631
3293
3293
3293
3293
3920
3920
4079
4079
4079
4079
4079
4079
4079
4079
4079
4323
4323
4323
4323
4323
4323
4323
4323
4323
4323
4323
4323
4323
3921
3921
3921
3921
3623
3921
3921
3921
3921
3921
3921
3921
3921
3921
4032
4032
3734
3734
3734
3734
3734
3734
3337
3337
3337
3337
3734
3734
3734
3734
3734
3734
3734
3734
3734
3734
3410
3410
3410
3410
3410
3410
3734
3734
3734
3734
3734
3734
3734
3734
4032
3921
3921
4032
4032
4032
3921
4259
3935
3935
3935
3935
3637
3637
3935
3935
3935
3935
3935
3935
3637
3637
3637
3637
3961
3623
3961
4259
4259
4100
4100
4345
4345
4747
4747
4449
4449
4449
4111
4111
4111
4111
3866
3866
3866
3866
4111
4111
4111
4111
3867
3867
4111
4409
4409
4409
4007
3762
3762
3762
4164
4164
4164
4164
4164
4164
4164
4323
4323
4323
4323
4323
4323
4323
4323
4323
4323
4323
4323
4323
4323
4323
4323
4079
4079
4079
4079
4079
4079
4079
3920
3920
4165
4165
4165
4165
4503
4503
4503
4503
4503
4503
4503
4503
4503
4503
4503
4503
4503
4503
4503
4503
4503
4747
4747
4747
4747
4747
4747
4747
4747
4747
4747
4747
4747
4747
4747
4747
4747
4747
4747
4747
4747
4747
4747
4747
4747
4747
4747
4747
4747
4747
4747
4747
4502
4502
4502
4502
4502
4502
4502
4502
4502
4502
4502
4502
4502
4502
4747
4747
4503
4503
4747
4747
4747
4747
4747
4747
4747
4747
4747
4747
4747
4747
4747
4747
4747
4747
4747
4747
4747
4747
4747
4747
4747
4747
4747
4747
4747
4311
4311
4311
4311
4311
4311
4359
4359
4359
4359
4359
4359
4115
4115
4115
4115
4115
4115
4115
4115
4115
4115
4115
4359
4359
4359
4359
4359
4359
4359
4359
4359
4359
4359
4359
4359
4359
4359
4359
4114
4114
4114
4114
4114
4114
4114
4114
4114
4114
4359
4359
4359
4359
4359
4359
4359
4359
4359
4359
4311
4311
4311
4311
4311
4311
4311
4311
4311
4311
4311
3987
3987
3987
3987
3987
3987
3987
3987
4035
4035
4035
4035
4035
4035
4035
4035
4035
4035
3987
3987
3987
3987
3987
3987
3987
4423
4423
4423
4423
4423
4423
4423
4423
4423
4423
4423
4423
4423
4179
4179
4179
4179
4179
4179
4179
4179
4179
3934
3934
4179
4179
4179
4179
4179
4179
4179
4179
4179
4179
4179
4179
4179
4179
3934
3934
3934
3934
4178
4178
4502
4502
4502
4502
4502
4164
4164
4164
4409
4747
4747
4747
4747
4747
4747
4747
4747
4747
4747
4503
4503
4503
4503
4503
4503
4503
4503
4503
4258
4258
4258
4258
4258
4258
4258
4258
4258
4258
4258
4258
4258
4258
4258
4502
4502
4178
4178
4178
4178
4178
4178
4178
4178
4178
4178
3840
4085
4085
4085
4085
4085
4423
4423
4423
4423
4423
4423
4423
4423
4423
4423
4423
4423
4423
4423
4423
4423
4021
4021
4021
4021
4021
4021
4021
4021
4021
4021
4021
4345
4345
4345
4345
4345
4345
4345
4345
4345
4747
4747
4747
4747
4747
4747
4747
4747
4747
4747
4747
4747
4747
4747
4747
4747
4747
4747
4747
4747
4747
4747
4747
4747
4747
4747
4747
4747
4747
4747
4747
4747
4747
4747
4747
4747
4747
4747
4747
4747
4747
4747
4747
4747
4747
4747
4747
4747
4747
4311
4311
4311
4311
4311
4311
4311
4747
4409
4409
4409
4085
4085
4085
4085
4085
4085
4085
4085
4085
4085
3787
3787
3787
3787
3787
3787
3787
4125
4125
4449
4449
4449
4449
4449
4449
4449
4204
4204
4449
4205
4205
4205
4205
4205
4205
4205
4205
4205
4205
4205
4205
4205
4205
4205
4205
4205
3867
4205
4205
4205
4205
4205
4205
4205
4205
4205
4205
4205
4205
4205
4205
4205
4205
4205
4205
4205
4205
4205
4503
4503
4503
4503
4067
4503
4747
4747
4747
4409
4409
4409
4409
4409
4409
4409
4409
4409
4409
4165
4165
4165
4165
4503
4503
4503
4503
4503
4503
4503
4503
4503
4503
4503
4503
4503
4503
4503
4503
4503
4747
4747
4747
4747
4747
4747
4747
4747
4747
4747
4747
4747
4747
4747
4747
4747
4747
4747
4747
4747
4747
4747
4747
4503
4503
4503
4503
4503
4503
4503
4503
4503
4067
4067
4067
3743
3743
3743
3743
3743
4067
4067
4067
4067
4067
4067
4115
4115
4115
4115
4115
4115
4115
4115
4115
4115
4115
4115
4115
4115
4115
4115
4067
4067
4067
4067
4067
4067
4067
3822
3870
3870
3870
3870
3870
3870
3870
3870
3870
3870
3870
3822
4258
4258
4258
4503
4503
4503
4503
4179
4179
4423
4423
4423
4423
4423
4423
3987
3987
3987
3987
3987
3987
4423
4423
4423
4423
4423
4423
4423
4423
4423
4747
4747
4747
4747
4423
4423
4423
4423
4423
4423
4423
4423
4423
4423
4423
4423
4423
4423
4423
4423
4125
4125
4125
4125
4125
4125
4423
4423
4085
4085
4085
4085
4409
4409
4409
4409
4409
4409
4409
4409
4085
4085
4085
4085
4085
4085
4085
4085
4085
4085
4085
4085
4085
4085
4085
4423
4423
4423
4423
4423
4423
4423
4423
4423
4423
4423
4423
4423
4423
4423
4423
4423
4423
4747
4747
4747
4747
4747
4747
4747
4747
4747
4747
4747
4747
4747
4747
4747
4747
4747
4747
4747
4747
4449
4449
4449
4449
4449
4449
4449
4449
4449
4449
4449
4052
4052
4052
4052
4052
4052
4052
4052
4052
4052
4052
4052
4052
4052
4052
4052
4052
4052
4052
4052
4052
4052
4052
4052
4052
4052
4052
4052
4052
4052
3714
3714
3714
3714
3714
3714
3714
3714
3714
4052
4052
4052
4052
4052
4449
4449
4449
4449
4449
4449
4449
4449
4125
4125
4125
4125
4125
4449
4449
4449
4449
4449
4449
4449
4047
4449
4449
4449
4449
4449
4449
4449
4449
4449
4449
4449
4449
4449
4449
4747
4747
4747
4747
4747
4747
4747
4747
4747
4747
4747
4747
4747
4747
4747
4747
4409
4409
4409
4409
4747
4747
4747
4449
4449
4449
4449
4449
4449
4449
4449
4449
4449
4449
4449
4449
4449
4449
4449
4449
4449
4449
4449
4449
4449
4747
4747
4747
4747
4747
4747
4747
4409
4409
4409
4409
4409
4409
4747
4747
4747
4747
4747
4747
4747
4747
4747
4747
4747
4747
4747
4747
4747
4449
4449
4449
4449
4449
4449
4449
4449
4449
4449
4449
4449
4449
4449
4449
4449
4747
4747
4747
4747
4747
4747
4747
4747
4747
4747
4747
4747
4747
4747
4747
4747
4747
4747
4747
4747
4747
4747
4747
4747
4747
4747
4747
4747
4423
4423
4423
4423
4423
4423
4423
4423
4423
4423
4423
4423
4423
4423
4423
4423
4423
4423
4423
4423
4423
4423
4423
4423
4423
4423
4423
4747
4747
4747
4747
4747
4747
4747
4747
4747
4747
4747
4747
4747
4502
4502
4502
4502
4502
4502
4502
4502
4502
4502
4502
4204
4204
4204
4204
3866
4204
4204
4204
4204
4204
4204
4204
4204
4502
4502
4502
4502
4502
4502
4502
4502
4502
4502
4502
4502
4502
4502
4204
4502
4502
4502
4502
4502
4502
4502
4258
4258
4258
4258
4258
4258
4258
4258
4258
4258
4258
4258
4258
4258
4258
4258
4258
4258
4258
4258
4258
4258
4503
4503
4503
4503
4503
4503
4503
4503
4258
4258
4258
4258
4258
4258
4258
4258
4258
4258
4258
4258
4258
4258
4258
4258
4502
4747
4747
4747
4747
4747
4449
4449
4449
4449
4449
4449
4449
4449
4449
4449
4449
4205
4205
4205
4205
4205
4205
4205
4503
4503
4503
4503
4503
4503
4503
4503
4503
4503
4503
4503
4503
4747
4747
4747
4747
4747
4747
4423
4423
4423
4423
4423
4423
4423
4423
4423
4178
4178
4423
4423
4423
4423
4423
4085
4085
4085
4085
4085
4085
4085
4085
4409
4409
4409
4409
4409
4409
4409
4747
4747
4747
4747
4502
4502
4502
4502
4502
4502
4502
4502
4502
4502
4502
4502
4502
4747
4747
4747
4747
4747
4747
4747
4747
4747
4747
4747
4747
4747
4747
4747
4423
4423
4423
4423
4423
4423
4423
4423
4423
4423
4423
4423
4423
4423
4423
4423
4747
4747
4747
4747
4747
4747
4747
4747
4747
4747
4747
4747
4747
4747
4747
4747
4747
4747
4747
4747
4747
4747
4747
4747
4747
4747
4747
4747
4747
4747
4747
4747
4747
4747
4503
4503
4503
4503
4503
4503
4106
4106
4106
4106
4503
4503
4503
4747
4747
4747
4747
4747
4747
4747
4747
4747
4747
4747
4747
4747
4747
4747
4747
4747
4747
4747
4311
4311
4311
4311
4311
4311
4311
4311
4311
4013
4013
4013
4013
4013
4013
4013
4013
4013
4013
4013
4013
4013
4013
4013
4013
4013
4013
4013
4013
4013
4013
4013
4013
4013
4013
4013
4013
4013
4013
4013
4013
4013
4013
4013
4013
4013
4013
4013
4013
4013
4013
4013
4013
4013
3689
3689
3689
3689
3689
3689
3987
3987
3987
3987
3987
4035
4359
4359
4311
4311
4311
4311
4311
4311
4311
4311
4311
4311
4311
4747
4747
4747
4747
4747
4747
4503
4503
4503
4503
4503
4747
4747
4747
4747
4502
4502
4502
4204
4204
4204
4204
4204
4204
4204
4449
4449
4449
4449
4747
4747
4747
4747
4747
4747
4747
4747
4747
4747
4747
4747
4747
4747
4747
4747
4747
4747
4747
4747
4747
4747
4747
4747
4747
4747
4747
4747
4747
4747
4747
4423
4423
4747
4747
4747
4747
4747
4747
4747
4747
4747
4747
4747
4747
4747
4747
4747
4747
4747
4747
4747
4747
4747
4503
4503
4503
4503
4503
4503
4503
4503
4503
4503
4503
4503
4503
4503
4503
4503
4503
4503
4503
4503
4503
4503
4503
4503
4503
4503
4747
4747
4747
4747
4747
4747
4747
4747
4747
4747
4747
4747
4747
4311
4311
4311
4311
4311
4311
4311
4311
4311
4311
4311
4311
4311
4311
4311
4311
4311
4359
4359
4311
4311
4311
4359
4359
4359
4359
4359
4359
4359
4359
4359
4359
4359
4359
4359
4359
4359
4359
4359
4359
4359
4359
4359
4359
4359
4359
4359
4359
4359
4359
4359
4359
4359
4359
4359
4359
4311
4311
4311
4311
4359
4359
4359
4359
4359
4359
4359
4359
4359
4359
4359
4359
4359
4359
4359
4359
4359
4359
4359
4359
4359
4359
4359
4359
4359
4359
4359
4359
4359
4359
4359
4359
4359
4359
4359
4359
4359
4359
4359
4359
4359
4359
4359
4359
4359
4359
4359
4359
4359
4359
4359
4359
4359
4311
4311
4311
4747
4747
4747
4747
4747
4747
4503
4503
4503
4747
4747
4747
4747
4747
4747
4747
4747
4502
4502
4502
4502
4502
4502
4502
4502
4502
4502
4502
4502
4502
4502
4502
4502
4502
4502
4502
4502
4502
4502
4502
4502
4502
4502
4502
4502
4502
4502
4502
4502
4502
4502
4502
4502
4502
4502
4502
4502
4502
4502
4502
4502
4502
4502
4502
4502
4502
4502
4502
4502
4502
4502
4502
4502
4502
4502
4502
4502
4502
4502
4502
4502
4502
4502
4502
4502
4502
4502
4502
4502
4502
4502
4502
4502
4502
4502
4747
4747
4747
4747
4747
4747
4747
4747
4747
4747
4747
4747
4747
4747
4747
4747
4747
4747
4502
4502
4502
4502
4502
4502
4502
4502
4502
4502
4747
4747
4747
4747
4747
4747
4747
4747
4747
4747
4747
4747
4747
4747
4747
4747
4747
4747
4747
4747
4747
4747
4502
4502
4502
4502
4502
4502
4502
4502
4502
4502
4502
4502
4502
4502
4747
4747
4747
4747
4747
4747
4747
4747
4747
4747
4747
4747
4747
4747
4747
4747
4747
4747
4747
4747
4747
4747
4747
4747
4747
4747
4747
4747
4747
4747
4747
4747
4747
4747
4747
4747
4747
4747
4747
4747
4747
4747
4747
4747
4747
4747
4747
4747
4747
4747
4747
4503
4503
4503
4503
4503
4503
4503
4503
4503
4503
4503
4747
4747
4747
4747
4747
4747
4747
4747
4747
4747
4747
4747
4747
4747
4747
4747
4747
4747
4747
4747
4747
4747
4747
4747
4747
4747
4747
4747
4503
4503
4503
4503
4503
4503
4503
4503
4503
4503
4503
4503
4747
4747
4747
4747
4502
4502
4258
4503
4503
4503
4503
4503
4503
4503
4747
4747
4747
4747
4747
4747
4747
4747
4747
4747
4747
4747
4747
4747
4747
4747
4747
4747
4747
4747
4747
4747
4747
4747
4747
4747
4747
4747
4747
4747
4747
4747
4747
4747
4747
4747
4747
4747
4747
4747
4747
4747
4747
4423
4423
4423
4423
4423
4423
4423
4423
4423
4423
4747
4747
4747
4747
4747
4747
4747
4747
4747
4747
4747
4747
4747
4747
4747
4747
4747
4747
4747
4747
4747
4747
4747
4747
4747
4747
4747
4747
4747
4747
4747
4747
4747
4747
4747
4747
4747
4747
4747
4747
4747
4747
4747
4747
4747
4747
4747
4747
4747
4747
4747
4747
4747
4747
4747
4747
4747
4747
4747
4747
4747
4747
4747
4747
4747
4747
4747
4747
4747
4747
4747
4747
4747
4747
4747
4747
4747
4747
4747
4747
4747
4747
4747
4747
4747
4747
4747
4747
4747
4747
4502
4502
4502
4502
4502
4502
4502
4204
4204
4204
4204
4204
4502
4502
4502
4502
4502
4502
4502
4502
4502
4502
4502
4502
4502
4502
4502
4502
4502
4747
4747
4747
4747
4747
4503
4503
4503
4503
4503
4503
4503
4503
4503
4503
4503
4503
4503
4503
4503
4503
4503
4503
4747
4747
4747
4747
4747
4747
4747
4747
4747
4502
4502
4502
4502
4502
4502
4502
4502
4502
4502
4502
4502
4502
4502
4502
4502
4502
4502
4502
4502
4502
4502
4502
4502
4502
4502
4502
4502
4502
4502
4502
4502
4502
4502
4502
4747
4747
4747
4747
4747
4747
4747
4747
4502
4502
4502
4502
4502
4502
4502
4502
4502
4502
4502
4502
4502
4502
4502
4747
4747
4747
4747
4747
4747
4747
4747
4747
4747
4747
4747
4747
4747
4747
4747
4747
4747
4747
4747
4747
4747
4747
4747
4747
4747
4747
4747
4747
4747
4747
4747
4747
4747
4747
4747
4747
4747
4747
4747
4747
4747
4747
4747
4747
4747
4747
4747
4747
4747
4747
4747
4747
4747
4747
4747
4747
4747
4747
4747
4747
4747
4747
4747
4747
4747
4747
4747
4747
4747
4747
4747
4747
4747
4747
4747
4747
4747
4747
4747
4747
4747
4747
4747
4747
4747
4747
4747
4747
4747
4747
4747
4747
4747
4747
4747
4747
4747
4747
4747
4747
4747
4747
4747
4747
4747
4747
4747
4747
4747
4747
4747
4747
4747
4747
4747
4747
4747
4747
4747
4747
4747
4747
4747
4747
4747
4747
4747
4747
4747
4747
4747
4747
4747
4747
4747
4747
4747
4747
4747
4747
4747
4747
4747
4747
4747
4747
4747
4747
4747
4747
4747
4747
4747
4747
4747
4747
4747
4747
4747
4747
4747
4747
4747
4747
4747
4747
4747
4747
4747
4503
4503
4503
4503
4503
4503
4503
4503
4503
4503
4503
4503
4503
4503
4503
4503
4503
4503
4503
4503
4503
4503
4503
4503
4503
4503
4503
4747
4747
4747
4747
4747
4747
4747
4747
4747
4747
4747
4747
4747
4747
4747
4747
4747
4747
4747
4747
4747
4747
4747
4747
4449
4449
4449
4449
4449
4449
4449
4449
4449
4449
4449
4449
4449
4449
4449
4449
4449
4449
4449
4449
4449
4449
4449
4449
4449
4449
4747
4747
4747
4747
4747
4747
4747
4747
4747
4747
4747
4747
4747
4747
4747
4747
4747
4747
4747
4747
4747
4747
4747
4747
4747
4747
4747
4747
4747
4747
4747
4747
4747
4747
4747
4747
4747
4747
4747
4747
4747
4747
4747
4747
4747
4747
4747
4747
4747
4747
4747
4747
4747
4747
4747
4747
4747
4747
4747
4747
4747
4747
4747
4747
4747
4747
4747
4747
4747
4747
4747
4747
4747
4747
4747
4747
4747
4747
4747
4747
4747
4747
4747
4747
4747
4747
4747
4747
4747
4747
4747
4747
4747
4747
4747
4747
4747
4747
4747
4747
4747
4747
4747
4747
4503
4503
4503
4503
4503
4503
4503
4503
4503
4503
4503
4503
4503
4503
4503
4503
4747
4747
4747
4747
4747
4747
4747
4747
4747
4747
4747
4747
4747
4747
4747
4747
4747
4747
4747
4747
4747
4747
4747
4747
4747
4747
4747
4747
4747
4747
4747
4747
4747
4747
4747
4747
4747
4747
4747
4747
4747
4747
4747
4747
4747
4747
4503
4503
4503
4747
4747
4747
4747
4747
4747
4747
4747
4747
4747
4747
4747
4747
4747
4747
4747
4747
4345
4345
4345
4345
4345
4345
4345
4747
4747
4747
4747
4747
4747
4747
4747
4747
4747
4747
4747
4747
4747
4747
4747
4747
4747
4747
4747
4747
4747
4747
4747
4747
4747
4747
4747
4747
4747
4747
4747
4747
4747
4747
4747
4747
4747
4747
4747
4747
4747
4747
4747
4747
4747
4747
4747
4747
4747
4747
4747
4747
4747
4747
4747
4747
4747
4747
4747
4747
4747
4747
4747
4747
4747
4747
4747
4747
4747
4747
4747
4747
4747
4747
4747
4747
4747
4747
4747
4747
4747
4747
4747
4747
4747
4747
4747
4747
4747
4747
4747
4747
4747
4747
4747
4747
4747
4747
4747
4747
4747
4747
4747
4747
4747
4747
4747
4747
4747
4747
4747
4747
4747
4747
4747
4747
4747
4747
4747
4747
4747
4747
4747
4747
4747
4747
4747
4747
4747
4747
4747
4747
4747
4747
4747
4747
4747
4747
4747
4747
4747
4747
4747
4747
4747
4747
4747
4747
4747
4747
4747
4747
4747
4747
4747
4747
4747
4747
4747
4747
4747
4747
4747
4747
4747
4747
4747
4747
4747
4747
4747
4747
4747
4747
4747
4747
4747
4747
4747
4747
4747
4747
4747
4747
4747
4747
4747
4747
4747
4747
4747
4747
4747
4747
4747
4747
4747
4747
4747
4747
4747
4747
4747
4747
4747
4747
4747
4747
4747
4747
4747
4747
4747
4747
4747
4747
4747
4747
4747
4747
4747
4747
4747
4747
4747
4747
4747
4747
4747
4747
4747
4747
4747
4747
4747
4747
4747
4747
4747
4747
4747
4747
4747
4747
4747
4747
4747
4747
4747
4747
4747
4747
4747
4747
4747
4747
4747
4747
4747
4747
4747
4747
4747
4747
4747
4747
4747
4747
4747
4747
4747
4747
4747
4747
4747
4747
4747
4747
4747
4747
4747
4747
4747
4747
4747
4747
4747
4747
4747
4747
4747
4747
4747
4747
4747
4747
4747
4747
4747
4747
4747
4747
4747
4747
4747
4747
4747
4747
4747
4747
4747
4747
4747
4747
4503
4503
4503
4503
4503
4503
4503
4503
4503
4503
4503
4503
4503
4503
4503
4503
4503
4503
4503
4503
4503
4503
4503
4503
4503
4503
4503
4503
4503
4747
4747
4747
4747
4747
4747
4747
4747
4747
4747
4747
4747
4747
4747
4747
4747
4747
4747
4747
4747
4747
4747
4747
4747
4747
4747
4747
4747
4747
4747
4449
4449
4449
4449
4449
4449
4449
4449
4449
4449
4449
4449
4449
4449
4449
4449
4125
4125
4125
4125
4125
4423
4423
4423
4423
4423
4423
4423
4423
4423
4423
4423
4423
4423
4423
4423
4423
4423
4423
4423
4423
4423
4423
4747
4747
4747
4747
4747
4747
4747
4747
4747
4747
4747
4747
4747
4747
4311
4311
4311
4311
4311
4311
4311
4311
4311
4311
4311
4311
4311
4311
4311
4311
4311
4311
4359
4359
4359
4359
4359
4359
4359
4359
4359
4359
4359
4359
4359
4359
4359
4359
4359
4359
4359
4359
4359
4359
4359
4359
4359
4359
4359
4359
4359
4359
4359
4359
4359
4359
4359
4311
4311
4311
4311
4311
4311
4311
4311
4311
4311
4311
4311
4311
4311
4311
4311
4311
4311
4359
4359
4359
4311
4311
4311
4311
4311
4311
4311
4311
4359
4359
4359
4359
4359
4359
4359
4359
4359
4311
4311
4311
4747
4747
4747
4747
4747
4747
4747
4747
4747
4747
4747
4747
4747
4747
4747
4747
4747
4747
4747
4747
4747
4747
4747
4747
4747
4747
4747
4747
4747
4747
4747
4747
4747
4747
4747
4747
4747
4747
4747
4747
4747
4747
4747
4747
4747
4747
4747
4747
4747
4747
4747
4747
4747
4747
4747
4747
4747
4747
4747
4747
4747
4747
4747
4747
4747
4747
4747
4747
4747
4747
4747
4747
4747
4747
4747
4747
4747
4747
4747
4747
4747
4747
4747
4747
4747
4747
4747
4747
4747
4747
4747
4747
4747
4747
4747
4747
4747
4747
4747
4747
4747
4747
4747
4747
4747
4747
4747
4747
4747
4747
4747
4747
4747
4502
4502
4502
4747
4747
4747
4747
4747
4747
4747
4747
4747
4747
4747
4747
4747
4747
4747
4747
4747
4747
4747
4747
4747
4747
4747
4747
4747
4747
4747
4747
4747
4747
4747
4747
4747
4747
4747
4747
4747
4747
4747
4747
4747
4747
4747
4747
4747
4747
4747
4747
4747
4747
4747
4747
4747
4747
4747
4747
4747
4747
4747
4747
4747
4747
4747
4747
4747
4747
4747
4747
4747
4747
4747
4747
4747
4747
4747
4747
4747
4747
4747
4747
4747
4747
4747
4747
4747
4747
4747
4747
4747
4747
4747
4747
4747
4747
4747
4747
4747
4747
4747
4747
4747
4747
4747
4747
4747
4747
4747
4747
4747
4747
4747
4747
4747
4747
4747
4747
4747
4747
4747
4747
4747
4747
4747
4747
4747
4747
4747
4747
4747
4747
4747
4747
4747
4747
4747
4747
4747
4747
4747
4747
4747
4747
4747
4747
4747
4747
4747
4747
4747
4747
4747
4747
4747
4747
4747
4747
4747
4747
4747
4747
4747
4747
4747
4747
4747
4747
4747
4747
4747
4747
4747
4747
4747
4747
4747
4747
4747
4747
4747
4747
4747
4747
4747
4747
4747
4747
4747
4747
4747
4747
4747
4747
4747
4747
4747
4747
4747
4747
4747
4747
4747
4747
4747
4747
4747
4747
4747
4747
4747
4747
4747
4747
4747
4747
4747
4747
4747
4747
4747
4747
4747
4747
4747
4747
4747
4747
4747
4747
4747
4747
4747
4747
4747
4747
4747
4747
4747
4747
4747
4747
4747
4747
4747
4747
4747
4747
4747
4747
4747
4747
4747
4747
4747
4747
4747
4747
4747
4747
4747
4747
4747
4747
4747
4747
4747
4747
4747
4747
4747
4747
4747
4747
4747
4747
4747
4747
4747
4747
4747
4747
4747
4747
4747
4747
4747
4747
4747
4747
4747
4747
4747
4747
4747
4747
4747
4747
4747
4747
4747
4747
4747
4747
4747
4747
4747
4747
4747
4747
4747
4747
4747
4747
4747
4747
4747
4747
4747
4747
4747
4747
4747
4747
4747
4747
4747
4747
4747
4747
4747
4747
4747
4747
4747
4747
4747
4747
4747
4747
4747
4747
4747
4747
4747
4747
4747
4345
4345
4747
4747
4747
4747
4747
4747
4747
4747
4747
4747
4747
4747
4747
4747
4747
4747
4747
4747
4747
4747
4747
4747
4747
4747
4747
4747
4747
4747
4747
4747
4747
4747
4747
4747
4747
4747
4747
4747
4747
4747
4747
4747
4747
4747
4747
4747
4747
4747
4747
4747
4747
4747
4747
4747
4747
4747
4747
4747
4747
4747
4747
4747
4747
4747
4747
4747
4747
4747
4747
4747
4747
4747
4747
4747
4747
4747
4747
4747
4747
4747
4747
4747
4747
4747
4747
4747
4747
4747
4747
4747
4747
4747
4747
4747
4747
4747
4747
4747
4747
4747
4747
4747
4747
4747
4747
4747
4747
4747
4747
4747
4747
4747
4747
4747
4747
4747
4747
4747
4747
4747
4747
4747
4747
4747
4747
4747
4747
4747
4747
4747
4747
4747
4747
4747
4747
4747
4747
4747
4747
4747
4747
4747
4747
4747
4747
4747
4747
4747
4747
4747
4747
4747
4747
4747
4747
4747
4747
4747
4747
4747
4747
4747
4747
4747
4747
4747
4747
4747
4747
4747
4747
4747
4747
4747
4747
4747
4747
4747
4747
4747
4747
4747
4747
4747
4747
4747
4747
4747
4747
4747
4747
4747
4747
4747
4747
4747
4747
4747
4747
4747
4747
4747
4747
4747
4747
4747
4747
4747
4747
4747
4747
4747
4747
4747
4747
4747
4747
4747
4747
4747
4747
4747
4747
4747
4747
4747
4747
4747
4747
4747
4747
4747
4747
4747
4747
4747
4747
4747
4747
4747
4747
4747
4747
4747
4747
4747
4747
4747
4747
4747
4747
4747
4747
4747
4747
4747
4747
4747
4747
4747
4747
4747
4747
4747
4747
4747
4747
4747
4747
4747
4747
4747
4747
4747
4747
4747
4747
4747
4747
4747
4747
4747
4747
4747
4747
4747
4747
4747
4747
4747
4747
4747
4747
4747
4747
4747
4747
4747
4747
4747
4747
4747
4747
4747
4747
4747
4747
4747
4747
4747
4747
4747
4747
4747
4747
4747
4747
4747
4747
4747
4747
4747
4747
4747
4747
4747
4747
4747
4747
4747
4747
4747
4747
4747
4747
4747
4747
4747
4747
4747
4747
4747
4747
4747
4747
4747
4747
4747
4747
4747
4747
4747
4747
4747
4747
4747
4747
4747
4747
4747
4747
4747
4747
4747
4747
4747
4747
4747
4747
4747
4747
4747
4747
4747
4747
4747
4747
4747
4747
4747
4747
4747
4747
4747
4747
4747
4747
4747
4747
4747
4747
4747
4747
4747
4747
4747
4747
4747
4747
4747
4747
4747
4747
4747
4747
4747
4747
4747
4747
4747
4747
4747
4747
4747
4747
4747
4747
4747
4747
4747
4747
4747
4747
4747
4747
4747
4747
4747
4747
4747
4747
4747
4747
4747
4747
4747
4747
4747
4747
4747
4747
4747
4747
4747
4747
4747
4747
4747
4747
4747
4747
4747
4747
4747
4747
4747
4747
4747
4747
4747
4747
4747
4747
4747
4747
4747
4747
4747
4747
4747
4747
4747
4747
4747
4747
4747
4747
4747
4747
4747
4747
4747
4747
4747
4747
4747
4747
4747
4747
4747
4747
4747
4747
4747
4747
4747
4747
4747
4747
4747
4747
4747
4747
4747
4747
4747
4747
4747
4747
4747
4747
4747
4747
4747
4747
4747
4747
4747
4747
4747
4747
4747
4747
4747
4747
4747
4747
4747
4747
4747
4747
4747
4747
4747
4747
4747
4747
4747
4747
4747
4747
4747
4747
4747
4747
4747
4747
4747
4747
4747
4747
4747
4747
4747
4747
4747
4747
4747
4747
4747
4747
4747
4747
4747
4747
4747
4747
4747
4747
4747
4747
4747
4747
4747
4747
4747
4747
4747
4747
4747
4747
4747
4747
4747
4747
4747
4747
4747
4747
4747
4747
4747
4747
4747
4747
4747
4747
4747
4747
4747
4747
4747
4747
4747
4747
4747
4747
4747
4747
4747
4747
4747
4747
4747
4747
4747
4747
4747
4747
4747
4747
4747
4747
4747
4747
4747
4747
4747
4747
4747
4747
4747
4747
4747
4747
4747
4747
4747
4747
4747
4747
4747
4747
4747
4747
4747
4747
4747
4747
4747
4747
4747
4747
4747
4747
4747
4747
4747
4747
4747
4747
4747
4747
4747
4747
4747
4747
4747
4747
4747
4747
4747
4747
4747
4747
4747
4747
4747
4747
4747
4747
4747
4747
4747
4747
4747
4747
4747
4747
4747
4747
4747
4747
4747
4747
4747
4747
4747
4747
4747
4747
4747
4747
4747
4747
4747
4747
4747
4747
4747
4747
4747
4747
4747
4747
4747
4747
4747
4747
4747
4747
4747
4747
4747
4747
4747
4747
4747
4747
4747
4747
4747
4747
4747
4747
4747
4747
4747
4747
4747
4747
4747
4747
4747
4747
4747
4747
4747
4747
4747
4747
4747
4747
4747
4747
4747
4747
4747
4747
4747
4747
4747
4747
4747
4747
4747
4747
4747
4747
4747
4747
4747
4747
4747
4747
4747
4747
4747
4747
4747
4747
4747
4747
4747
4747
4747
4747
4747
4747
4747
4747
4747
4747
4747
4747
4747
4747
4747
4747
4747
4747
4747
4747
4747
4747
4747
4747
4747
4747
4747
4747
4747
4747
4747
4747
4747
4747
4747
4747
4747
4747
4747
4747
4747
4747
4747
4747
4747
4747
4747
4747
4747
4747
4747
4747
4747
4747
4747
4747
4747
4747
4747
4747
4747
4747
4747
4747
4747
4747
4747
4747
4747
4747
4747
4747
4747
4747
4747
4747
4747
4747
4747
4747
4747
4747
4747
4747
4747
4747
4747
4747
4747
4747
4747
4747
4747
4747
4747
4747
4747
4747
4747
4747
4747
4747
4747
4747
4747
4747
4747
4747
4747
4747
4747
4747
4747
4747
4747
4747
4747
4747
4747
4747
4747
4747
4747
4747
4747
4747
4747
4747
4747
4747
4747
4747
4747
4747
4747
4747
4747
4747
4747
4747
4747
4747
4747
4747
4747
4747
4747
4747
4747
4747
4747
4747
4747
4747
4747
4747
4747
4747
4747
4747
4747
4747
4747
4747
4747
4747
4747
4747
4747
4747
4747
4747
4747
4747
4747
4747
4747
4747
4747
4747
4747
4747
4747
4747
4747
4747
4747
4747
4747
4747
4747
4747
4747
4747
4747
4747
4747
4747
4747
4747
4747
4747
4747
4747
4747
4747
4747
4747
4747
4747
4747
4747
4747
4747
4747
4747
4747
4747
4747
4747
4747
4747
4747
4747
4747
4747
4747
4747
4747
4747
4747
4747
4747
4747
4747
4747
4747
4747
4747
4747
4747
4747
4747
4747
4747
4747
4747
4747
4747
4747
4747
4747
4747
4747
4747
4747
4747
4747
4747
4747
4747
4747
4747
4747
4747
4747
4747
4747
4747
4747
4747
4747
4747
4747
4747
4747
4747
4747
4747
4747
4747
4747
4747
4747
4747
4747
4747
4747
4747
4747
4747
4747
4747
4747
4747
4747
4747
4747
4747
4747
4747
4747
4747
4747
4747
4747
4747
4747
4747
4747
4747
4747
4747
4747
4747
4747
4747
4747
4747
4747
4747
4747
4747
4747
4747
4747
4747
4747
4747
4747
4747
4747
4747
4747
4747
4747
4747
4747
4747
4747
4747
4747
4747
4747
4747
4747
4747
4747
4747
4747
4747
4747
4747
4747
4747
4747
4747
4747
4747
4747
4747
4747
4747
4747
4747
4747
4747
4747
4747
4747
4747
4747
4747
4747
4747
4747
4747
4747
4747
4747
4747
4747
4747
4747
4747
4747
4747
4747
4747
4747
4747
4747
4747
4747
4747
4747
4747
4747
4747
4747
4747
4747
4747
4747
4747
4747
4747
4747
4747
4747
4747
4747
4747
4747
4747
4747
4747
4747
4747
4747
4747
4747
4747
4747
4747
4747
4747
4747
4747
4747
4747
4747
4747
4747
4747
4747
4747
4747
4747
4747
4747
4747
4747
4747
4747
4747
4747
4747
4747
4747
4747
4747
4747
4747
4747
4747
4747
4747
4747
4747
4747
4747
4747
4747
4747
4747
4747
4747
4747
4747
4747
4747
4747
4747
4747
4747
4747
4747
4747
4747
4747
4747
4747
4747
4747
4747
4747
4747
4747
4747
4747
4747
4747
4747
4747
4747
4747
4747
4747
4747
4747
4747
4747
4747
4747
4747
4747
4747
4747
4747
4747
4747
4747
4747
4747
4747
4747
4747
4747
4747
4747
4747
4747
4747
4747
4747
4747
4747
4747
4747
4747
4747
4747
4747
4747
4747
4747
4747
4747
4747
4747
4747
4747
4747
4747
4747
4747
4747
4747
4747
4747
4747
4747
4747
4747
4747
4747
4747
4747
4747
4747
4747
4747
4747
4747
4747
4747
4747
4747
4747
4747
4747
4747
4747
4747
4747
4747
4747
4747
4747
4747
4747
4747
4747
4747
4747
4747
4747
4747
4747
4747
4747
4747
4747
4747
4747
4747
4747
4747
4747
4747
4747
4747
4747
4747
4747
4747
4747
4747
4747
4747
4747
4747
4747
4747
4747
4747
4747
4747
4747
4747
4747
4747
4747
4747
4747
4747
4747
4747
4747
4747
4747
4747
4747
4747
4747
4747
4747
4747
4747
4747
4747
4747
4747
4747
4747
4747
4747
4747
4747
4747
4747
4747
4747
4747
4747
4747
4747
4747
4747
4747
4747
4747
4747
4747
4747
4747
4747
4747
4747
4747
4747
4747
4747
4747
4747
4747
4747
4747
4747
4747
4747
4747
4747
4747
4747
4747
4747
4747
4747
4747
4747
4747
4747
4747
4747
4747
4747
4747
4747
4747
4747
4747
4747
4747
4747
4747
4747
4747
4747
4747
4747
4747
4747
4747
4747
4747
4747
4747
4747
4747
4747
4747
4747
4747
4747
4747
4747
4747
4747
4747
4747
4747
4747
4747
4747
4747
4747
4747
4747
4747
4747
4747
4747
4747
4747
4747
4747
4747
4747
4747
4747
4747
4747
4747
4747
4747
4747
4747
4747
4747
4747
4747
4747
4747
4747
4747
4747
4747
4747
4747
4747
4747
4747
4747
4747
4747
4747
4747
4747
4747
4747
4747
4747
4747
4747
4747
4747
4747
4747
4747
4747
4747
4747
4747
4747
4747
4747
4747
4747
4747
4747
4747
4747
4747
4747
4747
4747
4747
4747
4747
4747
4747
4747
4747
4747
4747
4747
4747
4747
4747
4747
4747
4747
4747
4747
4747
4747
4747
4747
4747
4747
4747
4747
4747
4747
4747
4747
4747
4747
4747
4747
4747
4747
4747
4747
4747
4747
4747
4747
4747
4747
4747
4747
4747
4747
4747
4747
4747
4747
4747
4747
4747
4747
4747
4747
4747
4747
4747
4747
4747
4747
4747
4747
4747
4747
4747
4747
4747
4747
4747
4747
4747
4747
4747
4747
4747
4747
4747
4747
4747
4747
4747
4747
4747
4747
4747
4747
4747
4747
4747
4747
4747
4747
4747
4747
4747
4747
4747
4747
4747
4747
4747
4747
4747
4747
4747
4747
4747
4747
4747
4747
4747
4747
4747
4747
4747
4747
4747
4747
4747
4747
4747
4747
4747
4747
4747
4747
4747
4747
4747
4747
4747
4747
4747
4747
4747
4747
4747
4747
4747
4747
4747
4747
4747
4747
4747
4747
4747
4747
4747
4747
4747
4747
4747
4747
4747
4747
4747
4747
4747
4747
4747
4747
4747
4747
4747
4747
4747
4747
4747
4747
4747
4747
4747
4747
4747
4747
4747
4747
4747
4747
4747
4747
4747
4747
4747
4747
4747
4747
4747
4747
4747
4747
4747
4747
4747
4747
4747
4747
4747
4747
4747
4747
4747
4747
4747
4747
4747
4747
4747
4747
4747
4747
4747
4747
4747
4747
4747
4747
4747
4747
4747
4747
4747
4747
4747
4747
4747
4747
4747
4747
4747
4747
4747
4747
4747
4747
4747
4747
4747
4747
4747
4747
4747
4747
4747
4747
4747
4747
4747
4747
4747
4747
4747
4747
4747
4747
4747
4747
4747
4747
4747
4747
4747
4747
4747
4747
4747
4747
4747
4747
4747
4747
4747
4747
4747
4747
4747
4747
4747
4747
4747
4747
4747
4747
4747
4747
4747
4747
4747
4747
4747
4747
4747
4747
4747
4747
4747
4747
4747
4747
4747
4747
4747
4747
4747
4747
4747
4747
4747
4747
4747
4747
4747
4747
4747
4747
4747
4747
4747
4747
4747
4747
4747
4747
4747
4747
4747
4747
4747
4747
4747
4747
4747
4747
4747
4747
4747
4747
4747
4747
4747
4747
4747
4747
4747
4747
4747
4747
4747
4747
4747
4747
4747
4747
4747
4747
4747
4747
4747
4747
4747
4747
4747
4747
4747
4747
4747
4747
4747
4747
4747
4747
4747
4747
4747
4747
4747
4747
4747
4747
4747
4747
4747
4747
4747
4747
4747
4747
4747
4747
4747
4747
4747
4747
4747
4747
4747
4747
4747
4747
4747
4747
4747
4747
4747
4747
4747
4747
4747
4747
4747
4747
4747
4747
4747
4747
4747
4747
4747
4747
4747
4747
4747
4747
4747
4747
4747
4747
4747
4747
4747
4747
4747
4747
4747
4747
4747
4747
4747
4747
4747
4747
4747
4747
4747
4747
4747
4747
4747
4747
4747
4747
4747
4747
4747
4747
4747
4747
4747
4747
4747
4747
4747
4747
4747
4747
4747
4747
4747
4747
4747
4747
4747
4747
4747
4747
4747
4747
4747
4747
4747
4747
4747
4747
4747
4747
4747
4747
4747
4747
4747
4747
4747
4747
4747
4747
4747
4747
4747
4747
4747
4747
4747
4747
4747
4747
4747
4747
4747
4747
4747
4747
4747
4747
4747
4747
4747
4747
4747
4747
4747
4747
4747
4747
4747
4747
4747
4747
4747
4747
4747
4747
4747
4747
4747
4747
4747
4747
4747
4747
4747
4747
4747
4747
4747
4747
4747
4747
4747
4747
4747
4747
4747
4747
4747
4747
4747
4747
4747
4747
4747
4747
4747
4747
4747
4747
4747
4747
4747
4747
4747
4747
4747
4747
4747
4747
4747
4747
4747
4747
4747
4747
4747
4747
4747
4747
4747
4747
4747
4747
4747
4747
4747
4747
4747
4747
4747
4747
4747
4747
4747
4747
4747
4747
4747
4747
4747
4747
4747
4747
4747
4747
4747
4747
4747
4747
4747
4747
4747
4747
4747
4747
4747
4747
4747
4747
4747
4747
4747
4747
4747
4747
4747
4747
4747
4747
4747
4747
4747
4747
4747
4747
4747
4747
4747
4747
4747
4747
4747
4747
4747
4747
4747
4747
4747
4747
4747
4747
4747
4747
4747
4747
4747
4747
4747
4747
4747
4747
4747
4747
4747
4747
4747
4747
4747
4747
4747
4747
4747
4747
4747
4747
4747
4747
4747
4747
4747
4747
4747
4747
4747
4747
4747
4747
4747
4747
4747
4747
4747
4747
4747
4747
4747
4747
4747
4747
4747
4747
4747
4747
4747
4747
4747
4747
4747
4747
4747
4747
4747
4747
4747
4747
4747
4747
4747
4747
4747
4747
4747
4747
4747
4747
4747
4747
4747
4747
4747
4747
4747
4747
4747
4747
4747
4747
4747
4747
4747
4747
4747
4747
4747
4747
4747
4747
4747
4747
4747
4747
4747
4747
4747
4747
4747
4747
4747
4747
4747
4747
4747
4747
4747
4747
4747
4747
4747
4747
4747
4747
4747
4747
4747
4747
4747
4747
4747
4747
4747
4747
4747
4747
4747
4747
4747
4747
4747
4747
4747
4747
4747
4747
4747
4747
4747
4747
4747
4747
4747
4747
4747
4747
4747
4747
4747
4747
4747
4747
4747
4747
4747
4747
4747
4747
4747
4747
4747
4747
4747
4747
4747
4747
4747
4747
4747
4747
4747
4747
4747
4747
4747
4747
4747
4747
4747
4747
4747
4747
4747
4747
4747
4747
4747
4747
4747
4747
4747
4747
4747
4747
4747
4747
4747
4747
4747
4747
4747
4747
4747
4747
4747
4747
4747
4747
4747
4747
4747
4747
4747
4747
4747
4747
4747
4747
4747
4747
4747
4747
4747
4747
4747
4747
4747
4747
4747
4747
4747
4747
4747
4747
4747
4747
4747
4747
4747
4747
4747
4747
4747
4747
4747
4747
4747
4747
4747
4747
4747
4747
4747
4747
4747
4747
4747
4747
4747
4747
4747
4747
4747
4747
4747
4747
4747
4747
4747
4747
4747
4747
4747
4747
4747
4747
4747
4747
4747
4747
4747
4747
4747
4747
4747
4747
4747
4747
4747
4747
4747
4747
4747
4747
4747
4747
4747
4747
4747
4747
4747
4747
4747
4747
4747
4747
4747
4747
4747
4747
4747
4747
4747
4747
4747
4747
4747
4747
4747
4747
4747
4747
4747
4747
4747
4747
4747
4747
4747
4747
4747
4747
4747
4747
4747
4747
4747
4747
4747
4747
4747
4747
4747
4747
4747
4747
4747
4747
4747
4747
4747
4747
4747
4747
4747
4747
4747
4747
4747
4747
4747
4747
4747
4747
4747
4747
4747
4747
4747
4747
4747
4747
4747
4747
4747
4747
4747
4747
4747
4747
4747
4747
4747
4747
4747
4747
4747
4747
4747
4747
4747
4747
4747
4747
4747
4747
4747
4747
4747
4747
4747
4747
4747
4747
4747
4747
4747
4747
4747
4747
4747
4747
4747
4747
4747
4747
4747
4747
4747
4747
4747
4747
4747
4747
4747
4747
4747
4747
4747
4747
4747
4747
4747
4747
4747
4747
4747
4747
4747
4747
4747
4747
4747
4747
4747
4747
4747
4747
4747
4747
4747
4747
4747
4747
4747
4747
4747
4747
4747
4747
4747
4747
4747
4747
4747
4747
4747
4747
4747
4747
4747
4747
4747
4747
4747
4747
4747
4747
4747
4747
4747
4747
4747
4747
4747
4747
4747
4747
4747
4747
4747
4747
4747
4747
4747
4747
4747
4747
4747
4747
4747
4747
4747
4747
4747
4747
4747
4747
4747
4747
4747
4747
4747
4747
4747
4747
4747
4747
4747
4747
4747
4747
4747
4747
4747
4747
4747
4747
4747
4747
4747
4747
4747
4747
4747
4747
4747
4747
4747
4747
4747
4747
4747
4747
4747
4747
4747
4747
4747
4747
4747
4747
4747
4747
4747
4747
4747
4747
4747
4747
4747
4747
4747
4747
4747
4747
4747
4747
4747
4747
4747
4747
4747
4747
4747
4747
4747
4747
4747
4747
4747
4747
4747
4747
4747
4747
4747
4747
4747
4747
4747
4747
4747
4747
4747
4747
4747
4747
4747
4747
4747
4747
4747
4747
4747
4747
4747
4747
4747
4747
4747
4747
4747
4747
4747
4747
4747
4747
4747
4747
4747
4747
4747
4747
4747
4747
4747
4747
4747
4747
4747
4747
4747
4747
4747
4747
4747
4747
4747
4747
4747
4747
4747
4747
4747
4747
4747
4747
4747
4747
4747
4747
4747
4747
4747
4747
4747
4747
4747
4747
4747
4747
4747
4747
4747
4747
4747
4747
4747
4747
4747
4747
4747
4747
4747
4747
4747
4747
4747
4747
4747
4747
4747
4747
4747
4747
4747
4747
4747
4747
4747
4747
4747
4747
4747
4747
4747
4747
4747
4747
4747
4747
4747
4747
4747
4747
4747
4747
4747
4747
4747
4747
4747
4747
4747
4747
4747
4747
4747
4747
4747
4747
4747
4747
4747
4747
4747
4747
4747
4747
4747
4747
4747
4747
4747
4747
4747
4747
4747
4747
4747
4747
4747
4747
4747
4747
