1	6403	6403	0.000000	54.588383
2	-1	4747	100.021066	0.000000
3	-1	3118	100.032072	0.000000
4	-1	3089	100.032373	0.000000
5	-1	3186	100.031387	0.000000
6	-1	4669	100.021418	0.000000
7	-1	3381	100.029577	0.000000
8	-1	3039	100.032906	0.000000
9	-1	3429	100.029163	0.000000
10	-1	7843	100.012750	0.000000
11	-1	7683	100.013016	0.000000
12	-1	5375	100.018605	0.000000
13	-1	5570	100.017953	0.000000
14	-1	7025	100.014235	0.000000
15	-1	5046	100.019818	0.000000
16	-1	6936	100.014418	0.000000
17	-1	7948	100.012582	0.000000
18	-1	6538	100.015295	0.000000
19	-1	5609	100.017828	0.000000
20	-1	6144	100.016276	0.000000
21	-1	6451	100.015501	0.000000
22	-1	6289	100.015901	0.000000
23	-1	5746	100.017403	0.000000
24	-1	4886	100.020467	0.000000
25	-1	6830	100.014641	0.000000
26	-1	6140	100.016287	0.000000
27	-1	7237	100.013818	0.000000
28	-1	5256	100.019026	0.000000
29	-1	5613	100.017816	0.000000
30	-1	3493	100.028629	0.000000
31	-1	2390	100.041841	0.000000
32	-1	3411	100.029317	0.000000
34	-1	3764	100.026567	0.000000
35	-1	3726	100.026838	0.000000
36	-1	3403	100.029386	0.000000
37	-1	3183	100.031417	0.000000
38	-1	2684	100.037258	0.000000
39	-1	2988	100.033467	0.000000
40	-1	2616	100.038226	0.000000
41	-1	3764	100.026567	0.000000
42	-1	2986	100.033490	0.000000
43	-1	2536	100.039432	0.000000
44	-1	2306	100.043365	0.000000
45	-1	2794	100.035791	0.000000
46	-1	3150	100.031746	0.000000
47	-1	3121	100.032041	0.000000
48	-1	3513	100.028466	0.000000
49	-1	2909	100.034376	0.000000
50	-1	2913	100.034329	0.000000
51	-1	3469	100.028827	0.000000
52	-1	3731	100.026802	0.000000
53	-1	4194	100.023844	0.000000
54	-1	2691	100.037161	0.000000
55	-1	2851	100.035075	0.000000
56	-1	3271	100.030572	0.000000
57	-1	3806	100.026274	0.000000
58	-1	3261	100.030665	0.000000
59	-1	4144	100.024131	0.000000
60	-1	4389	100.022784	0.000000
61	-1	3752	100.026652	0.000000
62	-1	2436	100.041051	0.000000
63	-1	3475	100.028777	0.000000
64	-1	3282	100.030469	0.000000
65	-1	3786	100.026413	0.000000
66	-1	4120	100.024272	0.000000
67	-1	3429	100.029163	0.000000
68	-1	3516	100.028441	0.000000
69	-1	3669	100.027255	0.000000
70	-1	3551	100.028161	0.000000
71	-1	2947	100.033933	0.000000
72	-1	3013	100.033190	0.000000
73	-1	4217	100.023714	0.000000
74	-1	4192	100.023855	0.000000
75	-1	3137	100.031878	0.000000
76	-1	3121	100.032041	0.000000
78	-1	3139	100.031857	0.000000
79	-1	2919	100.034258	0.000000
80	-1	3694	100.027071	0.000000
81	-1	4032	100.024802	0.000000
82	-1	3540	100.028249	0.000000
83	-1	3049	100.032798	0.000000
84	-1	3532	100.028313	0.000000
85	-1	3484	100.028703	0.000000
86	-1	2722	100.036738	0.000000
87	-1	3022	100.033091	0.000000
89	-1	2261	100.044228	0.000000
90	-1	3863	100.025887	0.000000
91	-1	3367	100.029700	0.000000
92	-1	4206	100.023776	0.000000
93	-1	2432	100.041118	0.000000
94	-1	3046	100.032830	0.000000
95	-1	3391	100.029490	0.000000
96	-1	3386	100.029533	0.000000
97	-1	2615	100.038241	0.000000
98	-1	3163	100.031616	0.000000
99	-1	2270	100.044053	0.000000
100	-1	6375	100.015686	0.000000
101	-1	6072	100.016469	0.000000
102	-1	4641	100.021547	0.000000
103	-1	6887	100.014520	0.000000
104	-1	6132	100.016308	0.000000
105	-1	6790	100.014728	0.000000
106	-1	7577	100.013198	0.000000
107	-1	6019	100.016614	0.000000
108	-1	9424	100.010611	0.000000
109	-1	4259	100.023480	0.000000
110	-1	5934	100.016852	0.000000
111	-1	7509	100.013317	0.000000
112	-1	7483	100.013364	0.000000
113	-1	6500	100.015385	0.000000
114	-1	7960	100.012563	0.000000
115	-1	5570	100.017953	0.000000
116	-1	6192	100.016150	0.000000
117	-1	6407	100.015608	0.000000
118	-1	6605	100.015140	0.000000
119	-1	7538	100.013266	0.000000
120	-1	6529	100.015316	0.000000
121	-1	7821	100.012786	0.000000
122	-1	7238	100.013816	0.000000
123	-1	8000	100.012500	0.000000
124	-1	7200	100.013889	0.000000
125	-1	8727	100.011459	0.000000
126	-1	8130	100.012300	0.000000
127	-1	5643	100.017721	0.000000
128	-1	6665	100.015004	0.000000
129	-1	4382	100.022821	0.000000
130	-1	5090	100.019646	0.000000
131	-1	8047	100.012427	0.000000
132	-1	6196	100.016139	0.000000
133	-1	8786	100.011382	0.000000
134	-1	6323	100.015815	0.000000
135	-1	5550	100.018018	0.000000
136	-1	8130	100.012300	0.000000
137	-1	4081	100.024504	0.000000
138	-1	6280	100.015924	0.000000
139	-1	5633	100.017753	0.000000
140	-1	8816	100.011343	0.000000
141	-1	5866	100.017047	0.000000
142	-1	6483	100.015425	0.000000
143	-1	7505	100.013324	0.000000
144	-1	4605	100.021716	0.000000
145	-1	6201	100.016126	0.000000
146	-1	6179	100.016184	0.000000
147	-1	5874	100.017024	0.000000
148	-1	7276	100.013744	0.000000
149	-1	5398	100.018525	0.000000
150	-1	5595	100.017873	0.000000
151	-1	7707	100.012975	0.000000
152	-1	4206	100.023776	0.000000
153	-1	5528	100.018090	0.000000
154	-1	8111	100.012329	0.000000
155	-1	7280	100.013736	0.000000
156	-1	5044	100.019826	0.000000
157	-1	5541	100.018047	0.000000
158	-1	6179	100.016184	0.000000
159	-1	7001	100.014284	0.000000
160	-1	8538	100.011712	0.000000
161	-1	7085	100.014114	0.000000
162	-1	7251	100.013791	0.000000
163	-1	8374	100.011942	0.000000
164	-1	5080	100.019685	0.000000
165	-1	7730	100.012937	0.000000
166	-1	5471	100.018278	0.000000
167	-1	6535	100.015302	0.000000
168	-1	6303	100.015865	0.000000
169	-1	5790	100.017271	0.000000
170	-1	6983	100.014320	0.000000
171	-1	8216	100.012171	0.000000
172	-1	5946	100.016818	0.000000
173	-1	7158	100.013970	0.000000
174	-1	6558	100.015249	0.000000
175	-1	6529	100.015316	0.000000
176	-1	4940	100.020243	0.000000
177	-1	6963	100.014362	0.000000
178	-1	5355	100.018674	0.000000
179	-1	8429	100.011864	0.000000
180	-1	6797	100.014712	0.000000
181	-1	6702	100.014921	0.000000
182	-1	6392	100.015645	0.000000
183	-1	5207	100.019205	0.000000
184	-1	6451	100.015501	0.000000
185	-1	6543	100.015284	0.000000
186	-1	6675	100.014981	0.000000
187	-1	5015	100.019940	0.000000
188	-1	5547	100.018028	0.000000
189	-1	6014	100.016628	0.000000
190	-1	7907	100.012647	0.000000
191	-1	7249	100.013795	0.000000
192	-1	5389	100.018556	0.000000
193	-1	5675	100.017621	0.000000
194	-1	7105	100.014075	0.000000
195	-1	7280	100.013736	0.000000
196	-1	6404	100.015615	0.000000
197	-1	5212	100.019186	0.000000
198	-1	6246	100.016010	0.000000
199	-1	8621	100.011600	0.000000
200	-1	3235	100.030912	0.000000
201	-1	5876	100.017018	0.000000
202	-1	7052	100.014180	0.000000
203	-1	5589	100.017892	0.000000
204	-1	5102	100.019600	0.000000
205	-1	4889	100.020454	0.000000
206	-1	8358	100.011965	0.000000
207	-1	6560	100.015244	0.000000
208	-1	7042	100.014201	0.000000
209	-1	8227	100.012155	0.000000
210	-1	4136	100.024178	0.000000
211	-1	6673	100.014986	0.000000
212	-1	7013	100.014259	0.000000
213	-1	5583	100.017912	0.000000
214	-1	7156	100.013974	0.000000
215	-1	7290	100.013717	0.000000
216	-1	4882	100.020483	0.000000
217	-1	7423	100.013472	0.000000
218	-1	5168	100.019350	0.000000
219	-1	6227	100.016059	0.000000
220	-1	4772	100.020956	0.000000
221	-1	7849	100.012740	0.000000
222	-1	8786	100.011382	0.000000
223	-1	8047	100.012427	0.000000
224	-1	5727	100.017461	0.000000
225	-1	5366	100.018636	0.000000
226	-1	6042	100.016551	0.000000
227	-1	7986	100.012522	0.000000
228	-1	6480	100.015432	0.000000
229	-1	7855	100.012731	0.000000
230	-1	5298	100.018875	0.000000
231	-1	4471	100.022366	0.000000
232	-1	6589	100.015177	0.000000
233	-1	6697	100.014932	0.000000
234	-1	6029	100.016586	0.000000
235	-1	7693	100.012999	0.000000
236	-1	8351	100.011975	0.000000
237	-1	5677	100.017615	0.000000
238	-1	7534	100.013273	0.000000
239	-1	6901	100.014491	0.000000
240	-1	6010	100.016639	0.000000
241	-1	6120	100.016340	0.000000
242	-1	6512	100.015356	0.000000
243	-1	5992	100.016689	0.000000
244	-1	6261	100.015972	0.000000
245	-1	4183	100.023906	0.000000
246	-1	6400	100.015625	0.000000
247	-1	7910	100.012642	0.000000
248	-1	6897	100.014499	0.000000
249	-1	6524	100.015328	0.000000
250	-1	8373	100.011943	0.000000
251	-1	7247	100.013799	0.000000
252	-1	6290	100.015898	0.000000
253	-1	7177	100.013933	0.000000
254	-1	6239	100.016028	0.000000
255	-1	6484	100.015423	0.000000
256	-1	7088	100.014108	0.000000
257	-1	7144	100.013998	0.000000
258	-1	6778	100.014754	0.000000
259	-1	6990	100.014306	0.000000
260	-1	5891	100.016975	0.000000
261	-1	6663	100.015008	0.000000
262	-1	6255	100.015987	0.000000
263	-1	6913	100.014465	0.000000
264	-1	5786	100.017283	0.000000
265	-1	8388	100.011922	0.000000
266	-1	6871	100.014554	0.000000
267	-1	6585	100.015186	0.000000
268	-1	8014	100.012478	0.000000
269	-1	5601	100.017854	0.000000
270	-1	7661	100.013053	0.000000
271	-1	5870	100.017036	0.000000
272	-1	5480	100.018248	0.000000
273	-1	6414	100.015591	0.000000
274	-1	7164	100.013959	0.000000
275	-1	4882	100.020483	0.000000
276	-1	6998	100.014290	0.000000
277	-1	6052	100.016523	0.000000
278	-1	4867	100.020547	0.000000
279	-1	7425	100.013468	0.000000
280	-1	6995	100.014296	0.000000
281	-1	7099	100.014086	0.000000
282	-1	5135	100.019474	0.000000
283	-1	7832	100.012768	0.000000
284	-1	6397	100.015632	0.000000
285	-1	5790	100.017271	0.000000
286	-1	6028	100.016589	0.000000
287	-1	6089	100.016423	0.000000
288	-1	6196	100.016139	0.000000
289	-1	6005	100.016653	0.000000
290	-1	5824	100.017170	0.000000
291	-1	9295	100.010758	0.000000
292	-1	6992	100.014302	0.000000
293	-1	7442	100.013437	0.000000
294	-1	7644	100.013082	0.000000
295	-1	5699	100.017547	0.000000
296	-1	6096	100.016404	0.000000
297	-1	5327	100.018772	0.000000
298	-1	7361	100.013585	0.000000
299	-1	4862	100.020568	0.000000
300	-1	6709	100.014905	0.000000
301	-1	7295	100.013708	0.000000
302	-1	7400	100.013514	0.000000
303	-1	5780	100.017301	0.000000
304	-1	5946	100.016818	0.000000
305	-1	3420	100.029240	0.000000
306	-1	2134	100.046860	0.000000
307	-1	3442	100.029053	0.000000
308	-1	3265	100.030628	0.000000
309	-1	2725	100.036697	0.000000
310	-1	3231	100.030950	0.000000
311	-1	3524	100.028377	0.000000
312	-1	2502	100.039968	0.000000
313	-1	2502	100.039968	0.000000
314	-1	3700	100.027027	0.000000
315	-1	3709	100.026961	0.000000
316	-1	2498	100.040032	0.000000
317	-1	2640	100.037879	0.000000
318	-1	3829	100.026116	0.000000
319	-1	4034	100.024789	0.000000
320	-1	3568	100.028027	0.000000
321	-1	2984	100.033512	0.000000
322	-1	3439	100.029078	0.000000
323	-1	2002	100.049950	0.000000
324	-1	3199	100.031260	0.000000
325	-1	4098	100.024402	0.000000
326	-1	2731	100.036617	0.000000
327	-1	3070	100.032573	0.000000
328	-1	2915	100.034305	0.000000
329	-1	2544	100.039308	0.000000
330	-1	1970	100.050761	0.000000
331	-1	2938	100.034037	0.000000
332	-1	2447	100.040866	0.000000
333	-1	3508	100.028506	0.000000
334	-1	2277	100.043917	0.000000
335	-1	3038	100.032916	0.000000
336	-1	1818	100.055006	0.000000
337	-1	3091	100.032352	0.000000
338	-1	2545	100.039293	0.000000
339	-1	7149	100.013988	0.000000
342	-1	3145	100.031797	0.000000
343	-1	2593	100.038565	0.000000
344	-1	2969	100.033681	0.000000
345	-1	3584	100.027902	0.000000
346	-1	2593	100.038565	0.000000
347	-1	3682	100.027159	0.000000
348	-1	3997	100.025019	0.000000
349	-1	2352	100.042517	0.000000
350	-1	1878	100.053248	0.000000
351	-1	3682	100.027159	0.000000
352	-1	3229	100.030969	0.000000
353	-1	4119	100.024278	0.000000
354	-1	2928	100.034153	0.000000
355	-1	4057	100.024649	0.000000
356	-1	3983	100.025107	0.000000
357	-1	2990	100.033445	0.000000
358	-1	3481	100.028727	0.000000
359	-1	2405	100.041580	0.000000
360	-1	3197	100.031279	0.000000
361	-1	3362	100.029744	0.000000
362	-1	2559	100.039078	0.000000
363	-1	3670	100.027248	0.000000
364	-1	3115	100.032103	0.000000
365	-1	2697	100.037078	0.000000
366	-1	3177	100.031476	0.000000
367	-1	2511	100.039825	0.000000
368	-1	3626	100.027579	0.000000
369	-1	3138	100.031867	0.000000
370	-1	2177	100.045935	0.000000
371	-1	3384	100.029551	0.000000
372	-1	2907	100.034400	0.000000
373	-1	2344	100.042662	0.000000
374	-1	2320	100.043103	0.000000
375	-1	2303	100.043422	0.000000
376	-1	3208	100.031172	0.000000
377	-1	4077	100.024528	0.000000
378	-1	3437	100.029095	0.000000
379	-1	3444	100.029036	0.000000
380	-1	2937	100.034048	0.000000
381	-1	3542	100.028233	0.000000
382	-1	2542	100.039339	0.000000
383	-1	2550	100.039216	0.000000
384	-1	3051	100.032776	0.000000
385	-1	3132	100.031928	0.000000
386	-1	3847	100.025994	0.000000
387	-1	2676	100.037369	0.000000
388	-1	3148	100.031766	0.000000
389	-1	2661	100.037580	0.000000
390	-1	3530	100.028329	0.000000
391	-1	3213	100.031124	0.000000
392	-1	3018	100.033135	0.000000
393	-1	3488	100.028670	0.000000
394	-1	2705	100.036969	0.000000
395	-1	4023	100.024857	0.000000
396	-1	2595	100.038536	0.000000
397	-1	2734	100.036576	0.000000
398	-1	3668	100.027263	0.000000
399	-1	2669	100.037467	0.000000
400	-1	3194	100.031309	0.000000
401	-1	3910	100.025575	0.000000
402	-1	2407	100.041545	0.000000
403	-1	3681	100.027167	0.000000
404	-1	2813	100.035549	0.000000
405	-1	2497	100.040048	0.000000
406	-1	2883	100.034686	0.000000
407	-1	3578	100.027949	0.000000
408	-1	4028	100.024826	0.000000
409	-1	2508	100.039872	0.000000
410	-1	3442	100.029053	0.000000
411	-1	3722	100.026867	0.000000
412	-1	3101	100.032248	0.000000
413	-1	4312	100.023191	0.000000
414	-1	3909	100.025582	0.000000
415	-1	2151	100.046490	0.000000
416	-1	3893	100.025687	0.000000
417	-1	3502	100.028555	0.000000
418	-1	3729	100.026817	0.000000
419	-1	2476	100.040388	0.000000
420	-1	3285	100.030441	0.000000
421	-1	1991	100.050226	0.000000
422	-1	4098	100.024402	0.000000
423	-1	2420	100.041322	0.000000
424	-1	3067	100.032605	0.000000
425	-1	3112	100.032134	0.000000
426	-1	3197	100.031279	0.000000
427	-1	3049	100.032798	0.000000
428	-1	2395	100.041754	0.000000
429	-1	3894	100.025681	0.000000
430	-1	2165	100.046189	0.000000
431	-1	3384	100.029551	0.000000
432	-1	3220	100.031056	0.000000
433	-1	2844	100.035162	0.000000
434	-1	3431	100.029146	0.000000
435	-1	3030	100.033003	0.000000
436	-1	3531	100.028321	0.000000
437	-1	2507	100.039888	0.000000
438	-1	3108	100.032175	0.000000
439	-1	3469	100.028827	0.000000
440	-1	2337	100.042790	0.000000
441	-1	3205	100.031201	0.000000
442	-1	2196	100.045537	0.000000
443	-1	2377	100.042070	0.000000
444	-1	2313	100.043234	0.000000
445	-1	3067	100.032605	0.000000
446	-1	2904	100.034435	0.000000
447	-1	2637	100.037922	0.000000
448	-1	4084	100.024486	0.000000
449	-1	3348	100.029869	0.000000
450	-1	2471	100.040469	0.000000
451	-1	3122	100.032031	0.000000
452	-1	2866	100.034892	0.000000
453	-1	2528	100.039557	0.000000
454	-1	2960	100.033784	0.000000
455	-1	3199	100.031260	0.000000
456	-1	3581	100.027925	0.000000
457	-1	3029	100.033014	0.000000
458	-1	2776	100.036023	0.000000
459	-1	2308	100.043328	0.000000
460	-1	3493	100.028629	0.000000
461	-1	3353	100.029824	0.000000
462	-1	4251	100.023524	0.000000
463	-1	2873	100.034807	0.000000
464	-1	2606	100.038373	0.000000
465	-1	3207	100.031182	0.000000
466	-1	2375	100.042105	0.000000
467	-1	2523	100.039635	0.000000
468	-1	2568	100.038941	0.000000
469	-1	3155	100.031696	0.000000
470	-1	3146	100.031786	0.000000
471	-1	2767	100.036140	0.000000
472	-1	3829	100.026116	0.000000
473	-1	3325	100.030075	0.000000
474	-1	2981	100.033546	0.000000
475	-1	2897	100.034518	0.000000
476	-1	3162	100.031626	0.000000
477	-1	3395	100.029455	0.000000
478	-1	3283	100.030460	0.000000
479	-1	2830	100.035336	0.000000
480	-1	3948	100.025329	0.000000
481	-1	3241	100.030855	0.000000
482	-1	2797	100.035753	0.000000
483	-1	3300	100.030303	0.000000
484	-1	2881	100.034710	0.000000
485	-1	2953	100.033864	0.000000
486	-1	2188	100.045704	0.000000
487	-1	3738	100.026752	0.000000
488	-1	3563	100.028066	0.000000
489	-1	3640	100.027473	0.000000
490	-1	3637	100.027495	0.000000
491	-1	3620	100.027624	0.000000
492	-1	3466	100.028852	0.000000
493	-1	3247	100.030798	0.000000
494	-1	3704	100.026998	0.000000
495	-1	3053	100.032755	0.000000
496	-1	3560	100.028090	0.000000
497	-1	2450	100.040816	0.000000
498	-1	3405	100.029369	0.000000
499	-1	4089	100.024456	0.000000
500	-1	2492	100.040128	0.000000
501	-1	3319	100.030130	0.000000
502	-1	3168	100.031566	0.000000
503	-1	2539	100.039386	0.000000
504	-1	2816	100.035511	0.000000
505	-1	2973	100.033636	0.000000
506	-1	3888	100.025720	0.000000
507	-1	2743	100.036456	0.000000
508	-1	2249	100.044464	0.000000
509	-1	2847	100.035125	0.000000
510	-1	2578	100.038790	0.000000
511	-1	3794	100.026357	0.000000
512	-1	2865	100.034904	0.000000
513	-1	2547	100.039262	0.000000
514	-1	3490	100.028653	0.000000
515	-1	3085	100.032415	0.000000
516	-1	3485	100.028694	0.000000
517	-1	3627	100.027571	0.000000
518	-1	3196	100.031289	0.000000
519	-1	3189	100.031358	0.000000
520	-1	3492	100.028637	0.000000
521	-1	2881	100.034710	0.000000
522	-1	3467	100.028843	0.000000
523	-1	3172	100.031526	0.000000
524	-1	3482	100.028719	0.000000
525	-1	2957	100.033818	0.000000
526	-1	2841	100.035199	0.000000
527	-1	3855	100.025940	0.000000
528	-1	2862	100.034941	0.000000
529	-1	3428	100.029172	0.000000
530	-1	3279	100.030497	0.000000
531	-1	3074	100.032531	0.000000
532	-1	2629	100.038037	0.000000
533	-1	3753	100.026645	0.000000
534	-1	3647	100.027420	0.000000
535	-1	2399	100.041684	0.000000
536	-1	2527	100.039573	0.000000
537	-1	3354	100.029815	0.000000
538	-1	3006	100.033267	0.000000
539	-1	3188	100.031368	0.000000
540	-1	3051	100.032776	0.000000
541	-1	2864	100.034916	0.000000
542	-1	3533	100.028305	0.000000
543	-1	3702	100.027012	0.000000
544	-1	3013	100.033190	0.000000
545	-1	3611	100.027693	0.000000
546	-1	2900	100.034483	0.000000
547	-1	3932	100.025432	0.000000
548	-1	2955	100.033841	0.000000
549	-1	2797	100.035753	0.000000
550	-1	3236	100.030902	0.000000
551	-1	2952	100.033875	0.000000
552	-1	3803	100.026295	0.000000
553	-1	2755	100.036298	0.000000
554	-1	4167	100.023998	0.000000
555	-1	3023	100.033080	0.000000
556	-1	3636	100.027503	0.000000
557	-1	2448	100.040850	0.000000
558	-1	2046	100.048876	0.000000
559	-1	2757	100.036271	0.000000
560	-1	3347	100.029878	0.000000
561	-1	3827	100.026130	0.000000
562	-1	2633	100.037979	0.000000
563	-1	3514	100.028458	0.000000
564	-1	2661	100.037580	0.000000
565	-1	2882	100.034698	0.000000
566	-1	2623	100.038124	0.000000
567	-1	2707	100.036941	0.000000
568	-1	3035	100.032949	0.000000
569	-1	2338	100.042772	0.000000
570	-1	2722	100.036738	0.000000
571	-1	3659	100.027330	0.000000
572	-1	3699	100.027034	0.000000
573	-1	3467	100.028843	0.000000
574	-1	4428	100.022584	0.000000
575	-1	2874	100.034795	0.000000
576	-1	3260	100.030675	0.000000
577	-1	2636	100.037936	0.000000
578	-1	4100	100.024390	0.000000
579	-1	4358	100.022946	0.000000
580	-1	3089	100.032373	0.000000
581	-1	3868	100.025853	0.000000
582	-1	3919	100.025517	0.000000
583	-1	3424	100.029206	0.000000
584	-1	2646	100.037793	0.000000
585	-1	4094	100.024426	0.000000
586	-1	3588	100.027871	0.000000
587	-1	2480	100.040323	0.000000
588	-1	3547	100.028193	0.000000
589	-1	4499	100.022227	0.000000
590	-1	2506	100.039904	0.000000
591	-1	3002	100.033311	0.000000
592	-1	2911	100.034352	0.000000
593	-1	3319	100.030130	0.000000
594	-1	3925	100.025478	0.000000
595	-1	3752	100.026652	0.000000
596	-1	3464	100.028868	0.000000
597	-1	3527	100.028353	0.000000
598	-1	3665	100.027285	0.000000
599	-1	2786	100.035894	0.000000
600	-1	2846	100.035137	0.000000
601	-1	3142	100.031827	0.000000
602	-1	4088	100.024462	0.000000
603	-1	3440	100.029070	0.000000
604	-1	4116	100.024295	0.000000
605	-1	3085	100.032415	0.000000
606	-1	3880	100.025773	0.000000
607	-1	4156	100.024062	0.000000
608	-1	3196	100.031289	0.000000
609	-1	3232	100.030941	0.000000
610	-1	4029	100.024820	0.000000
611	-1	2626	100.038081	0.000000
612	-1	2804	100.035663	0.000000
613	-1	3045	100.032841	0.000000
614	-1	3072	100.032552	0.000000
615	-1	3325	100.030075	0.000000
616	-1	2290	100.043668	0.000000
617	-1	3052	100.032765	0.000000
618	-1	4296	100.023277	0.000000
619	-1	3936	100.025407	0.000000
620	-1	2956	100.033829	0.000000
621	-1	3746	100.026695	0.000000
622	-1	2497	100.040048	0.000000
623	-1	3739	100.026745	0.000000
624	-1	2775	100.036036	0.000000
625	-1	3308	100.030230	0.000000
626	-1	3178	100.031466	0.000000
627	-1	3691	100.027093	0.000000
628	-1	4113	100.024313	0.000000
629	-1	4287	100.023326	0.000000
630	-1	3564	100.028058	0.000000
631	-1	3657	100.027345	0.000000
632	-1	2899	100.034495	0.000000
633	-1	3990	100.025063	0.000000
634	-1	3052	100.032765	0.000000
635	-1	4437	100.022538	0.000000
636	-1	3207	100.031182	0.000000
637	-1	2768	100.036127	0.000000
638	-1	3385	100.029542	0.000000
639	-1	3543	100.028225	0.000000
640	-1	3342	100.029922	0.000000
641	-1	3574	100.027980	0.000000
642	-1	2768	100.036127	0.000000
643	-1	3740	100.026738	0.000000
644	-1	3856	100.025934	0.000000
645	-1	3870	100.025840	0.000000
646	-1	3263	100.030647	0.000000
647	-1	3342	100.029922	0.000000
648	-1	3460	100.028902	0.000000
649	-1	3187	100.031377	0.000000
650	-1	3041	100.032884	0.000000
651	-1	4018	100.024888	0.000000
652	-1	3451	100.028977	0.000000
653	-1	3044	100.032852	0.000000
654	-1	2676	100.037369	0.000000
655	-1	2516	100.039746	0.000000
656	-1	2290	100.043668	0.000000
657	-1	3179	100.031456	0.000000
658	-1	2849	100.035100	0.000000
659	-1	3525	100.028369	0.000000
660	-1	3907	100.025595	0.000000
661	-1	3914	100.025549	0.000000
662	-1	4082	100.024498	0.000000
663	-1	3117	100.032082	0.000000
664	-1	4173	100.023964	0.000000
665	-1	3624	100.027594	0.000000
666	-1	3068	100.032595	0.000000
667	-1	3182	100.031427	0.000000
668	-1	4225	100.023669	0.000000
669	-1	3369	100.029682	0.000000
670	-1	3084	100.032425	0.000000
671	-1	3140	100.031847	0.000000
672	-1	3013	100.033190	0.000000
673	-1	2064	100.048450	0.000000
674	-1	2750	100.036364	0.000000
675	-1	3950	100.025316	0.000000
676	-1	3082	100.032446	0.000000
677	-1	3236	100.030902	0.000000
678	-1	3783	100.026434	0.000000
679	-1	4328	100.023105	0.000000
680	-1	4318	100.023159	0.000000
681	-1	3849	100.025981	0.000000
682	-1	3048	100.032808	0.000000
683	-1	2929	100.034141	0.000000
684	-1	3217	100.031085	0.000000
685	-1	3424	100.029206	0.000000
686	-1	3024	100.033069	0.000000
687	-1	3418	100.029257	0.000000
688	-1	4014	100.024913	0.000000
689	-1	3216	100.031095	0.000000
690	-1	3793	100.026364	0.000000
691	-1	3795	100.026350	0.000000
692	-1	4347	100.023004	0.000000
693	-1	3454	100.028952	0.000000
694	-1	3203	100.031221	0.000000
695	-1	4443	100.022507	0.000000
696	-1	2912	100.034341	0.000000
697	-1	3729	100.026817	0.000000
698	-1	3931	100.025439	0.000000
699	-1	3712	100.026940	0.000000
700	-1	3993	100.025044	0.000000
701	-1	3086	100.032404	0.000000
702	-1	4249	100.023535	0.000000
703	-1	3402	100.029394	0.000000
704	-1	2768	100.036127	0.000000
705	-1	4481	100.022316	0.000000
706	-1	3631	100.027541	0.000000
707	-1	3426	100.029189	0.000000
708	-1	3594	100.027824	0.000000
709	-1	4304	100.023234	0.000000
710	-1	3018	100.033135	0.000000
711	-1	2638	100.037908	0.000000
712	-1	3063	100.032648	0.000000
713	-1	3884	100.025747	0.000000
714	-1	3529	100.028337	0.000000
715	-1	3054	100.032744	0.000000
716	-1	3530	100.028329	0.000000
717	-1	2357	100.042427	0.000000
718	-1	2923	100.034211	0.000000
719	-1	3552	100.028153	0.000000
720	-1	3986	100.025088	0.000000
721	-1	4050	100.024691	0.000000
722	-1	3528	100.028345	0.000000
723	-1	3987	100.025082	0.000000
724	-1	4781	100.020916	0.000000
725	-1	3433	100.029129	0.000000
726	-1	3450	100.028986	0.000000
727	-1	3814	100.026219	0.000000
728	-1	2769	100.036114	0.000000
729	-1	2853	100.035051	0.000000
730	-1	3352	100.029833	0.000000
731	-1	3602	100.027762	0.000000
732	-1	3461	100.028893	0.000000
733	-1	3662	100.027307	0.000000
734	-1	4676	100.021386	0.000000
735	-1	3045	100.032841	0.000000
736	-1	3266	100.030618	0.000000
737	-1	3035	100.032949	0.000000
738	-1	3269	100.030590	0.000000
739	-1	4265	100.023447	0.000000
740	-1	4269	100.023425	0.000000
741	-1	2979	100.033568	0.000000
742	-1	3851	100.025967	0.000000
743	-1	3000	100.033333	0.000000
744	-1	3553	100.028145	0.000000
745	-1	3375	100.029630	0.000000
746	-1	4401	100.022722	0.000000
747	-1	3784	100.026427	0.000000
748	-1	2821	100.035448	0.000000
749	-1	5384	100.018574	0.000000
750	-1	4951	100.020198	0.000000
751	-1	3113	100.032123	0.000000
752	-1	3272	100.030562	0.000000
753	-1	3225	100.031008	0.000000
754	-1	4279	100.023370	0.000000
755	-1	3848	100.025988	0.000000
756	-1	2953	100.033864	0.000000
757	-1	4411	100.022671	0.000000
758	-1	4369	100.022889	0.000000
759	-1	3832	100.026096	0.000000
760	-1	3012	100.033201	0.000000
761	-1	4094	100.024426	0.000000
762	-1	3543	100.028225	0.000000
763	-1	4372	100.022873	0.000000
764	-1	4360	100.022936	0.000000
765	-1	4005	100.024969	0.000000
766	-1	3497	100.028596	0.000000
767	-1	3680	100.027174	0.000000
768	-1	3062	100.032658	0.000000
769	-1	3343	100.029913	0.000000
770	-1	4024	100.024851	0.000000
771	-1	3538	100.028265	0.000000
772	-1	3729	100.026817	0.000000
773	-1	3396	100.029446	0.000000
774	-1	3126	100.031990	0.000000
775	-1	2458	100.040683	0.000000
776	-1	3053	100.032755	0.000000
777	-1	3594	100.027824	0.000000
778	-1	3152	100.031726	0.000000
779	-1	9416	100.010620	0.000000
781	-1	3326	100.030066	0.000000
782	-1	2986	100.033490	0.000000
783	-1	3777	100.026476	0.000000
784	-1	3103	100.032227	0.000000
785	-1	3083	100.032436	0.000000
786	-1	3685	100.027137	0.000000
787	-1	2697	100.037078	0.000000
788	-1	4172	100.023969	0.000000
789	-1	4325	100.023121	0.000000
790	-1	3900	100.025641	0.000000
791	-1	3752	100.026652	0.000000
792	-1	2417	100.041374	0.000000
793	-1	3353	100.029824	0.000000
794	-1	4041	100.024746	0.000000
795	-1	3051	100.032776	0.000000
796	-1	2989	100.033456	0.000000
797	-1	3821	100.026171	0.000000
798	-1	4299	100.023261	0.000000
799	-1	3693	100.027078	0.000000
800	-1	3666	100.027278	0.000000
801	-1	4348	100.022999	0.000000
802	-1	3531	100.028321	0.000000
803	-1	3791	100.026378	0.000000
804	-1	3182	100.031427	0.000000
805	-1	4168	100.023992	0.000000
806	-1	3817	100.026199	0.000000
807	-1	3380	100.029586	0.000000
808	-1	3251	100.030760	0.000000
809	-1	3196	100.031289	0.000000
810	-1	2785	100.035907	0.000000
811	-1	3839	100.026048	0.000000
812	-1	3608	100.027716	0.000000
813	-1	3529	100.028337	0.000000
814	-1	3857	100.025927	0.000000
815	-1	3530	100.028329	0.000000
816	-1	3258	100.030694	0.000000
817	-1	2548	100.039246	0.000000
818	-1	3979	100.025132	0.000000
819	-1	3818	100.026192	0.000000
820	-1	3740	100.026738	0.000000
821	-1	2781	100.035958	0.000000
822	-1	2304	100.043403	0.000000
823	-1	3350	100.029851	0.000000
824	-1	2900	100.034483	0.000000
825	-1	2907	100.034400	0.000000
826	-1	4249	100.023535	0.000000
827	-1	2869	100.034855	0.000000
828	-1	3606	100.027732	0.000000
829	-1	3507	100.028514	0.000000
830	-1	3030	100.033003	0.000000
831	-1	4086	100.024474	0.000000
832	-1	2397	100.041719	0.000000
833	-1	3032	100.032982	0.000000
834	-1	2659	100.037608	0.000000
835	-1	4007	100.024956	0.000000
836	-1	3893	100.025687	0.000000
837	-1	3205	100.031201	0.000000
838	-1	2461	100.040634	0.000000
839	-1	3050	100.032787	0.000000
840	-1	3334	100.029994	0.000000
841	-1	2843	100.035174	0.000000
842	-1	2468	100.040519	0.000000
843	-1	2322	100.043066	0.000000
844	-1	3947	100.025336	0.000000
845	-1	2898	100.034507	0.000000
846	-1	3908	100.025589	0.000000
847	-1	2824	100.035411	0.000000
848	-1	3279	100.030497	0.000000
849	-1	3684	100.027144	0.000000
850	-1	2092	100.047801	0.000000
851	-1	2487	100.040209	0.000000
852	-1	2431	100.041135	0.000000
853	-1	2923	100.034211	0.000000
854	-1	2460	100.040650	0.000000
855	-1	3954	100.025291	0.000000
856	-1	2148	100.046555	0.000000
857	-1	2564	100.039002	0.000000
858	-1	2955	100.033841	0.000000
859	-1	3641	100.027465	0.000000
860	-1	2998	100.033356	0.000000
861	-1	2339	100.042753	0.000000
862	-1	2701	100.037023	0.000000
863	-1	3058	100.032701	0.000000
864	-1	3898	100.025654	0.000000
865	-1	2461	100.040634	0.000000
866	-1	2566	100.038971	0.000000
867	-1	3853	100.025954	0.000000
868	-1	2754	100.036311	0.000000
869	-1	3057	100.032712	0.000000
870	-1	3379	100.029595	0.000000
871	-1	3042	100.032873	0.000000
872	-1	2198	100.045496	0.000000
873	-1	4269	100.023425	0.000000
874	-1	4019	100.024882	0.000000
875	-1	3480	100.028736	0.000000
876	-1	3224	100.031017	0.000000
877	-1	2287	100.043725	0.000000
878	-1	2203	100.045393	0.000000
879	-1	3250	100.030769	0.000000
880	-1	2616	100.038226	0.000000
881	-1	2774	100.036049	0.000000
882	-1	3982	100.025113	0.000000
883	-1	2736	100.036550	0.000000
884	-1	3175	100.031496	0.000000
885	-1	3296	100.030340	0.000000
886	-1	3693	100.027078	0.000000
887	-1	2578	100.038790	0.000000
888	-1	3534	100.028297	0.000000
889	-1	7519	100.013300	0.000000
891	-1	2684	100.037258	0.000000
892	-1	2809	100.035600	0.000000
893	-1	2779	100.035984	0.000000
894	-1	3616	100.027655	0.000000
895	-1	2651	100.037722	0.000000
896	-1	2898	100.034507	0.000000
897	-1	2990	100.033445	0.000000
898	-1	2551	100.039200	0.000000
899	-1	3750	100.026667	0.000000
900	-1	3112	100.032134	0.000000
901	-1	3527	100.028353	0.000000
902	-1	3184	100.031407	0.000000
903	-1	3052	100.032765	0.000000
904	-1	2713	100.036860	0.000000
905	-1	2531	100.039510	0.000000
906	-1	2868	100.034868	0.000000
907	-1	7706	100.012977	0.000000
910	-1	3016	100.033156	0.000000
911	-1	3024	100.033069	0.000000
912	-1	2608	100.038344	0.000000
913	-1	3129	100.031959	0.000000
914	-1	2949	100.033910	0.000000
915	-1	2754	100.036311	0.000000
916	-1	3657	100.027345	0.000000
917	-1	2218	100.045086	0.000000
918	-1	3297	100.030331	0.000000
919	-1	3397	100.029438	0.000000
920	-1	3958	100.025265	0.000000
921	-1	3384	100.029551	0.000000
922	-1	3436	100.029104	0.000000
923	-1	3484	100.028703	0.000000
924	-1	3068	100.032595	0.000000
925	-1	2647	100.037779	0.000000
926	-1	3563	100.028066	0.000000
927	-1	2857	100.035002	0.000000
928	-1	3011	100.033212	0.000000
929	-1	2795	100.035778	0.000000
930	-1	2708	100.036928	0.000000
931	-1	3130	100.031949	0.000000
932	-1	3387	100.029525	0.000000
933	-1	2637	100.037922	0.000000
934	-1	3514	100.028458	0.000000
935	-1	3618	100.027640	0.000000
936	-1	2821	100.035448	0.000000
937	-1	2470	100.040486	0.000000
938	-1	2936	100.034060	0.000000
939	-1	2467	100.040535	0.000000
940	-1	3064	100.032637	0.000000
941	-1	2237	100.044703	0.000000
942	-1	2735	100.036563	0.000000
943	-1	3232	100.030941	0.000000
944	-1	3165	100.031596	0.000000
945	-1	2890	100.034602	0.000000
946	-1	3023	100.033080	0.000000
947	-1	2772	100.036075	0.000000
948	-1	3812	100.026233	0.000000
949	-1	2877	100.034758	0.000000
950	-1	3002	100.033311	0.000000
951	-1	3007	100.033256	0.000000
952	-1	2971	100.033659	0.000000
953	-1	2517	100.039730	0.000000
954	-1	3664	100.027293	0.000000
955	-1	3522	100.028393	0.000000
956	-1	2465	100.040568	0.000000
957	-1	3490	100.028653	0.000000
958	-1	2597	100.038506	0.000000
959	-1	3502	100.028555	0.000000
960	-1	3231	100.030950	0.000000
961	-1	1822	100.054885	0.000000
962	-1	2703	100.036996	0.000000
963	-1	3019	100.033124	0.000000
964	-1	3458	100.028918	0.000000
965	-1	2798	100.035740	0.000000
966	-1	3604	100.027747	0.000000
967	-1	3502	100.028555	0.000000
968	-1	2707	100.036941	0.000000
969	-1	2537	100.039417	0.000000
970	-1	2825	100.035398	0.000000
971	-1	2440	100.040984	0.000000
972	-1	3437	100.029095	0.000000
973	-1	3335	100.029985	0.000000
974	-1	2840	100.035211	0.000000
975	-1	3667	100.027270	0.000000
976	-1	2947	100.033933	0.000000
977	-1	3335	100.029985	0.000000
978	-1	4230	100.023641	0.000000
979	-1	3189	100.031358	0.000000
980	-1	2336	100.042808	0.000000
981	-1	2376	100.042088	0.000000
982	-1	2471	100.040469	0.000000
983	-1	2934	100.034083	0.000000
984	-1	2837	100.035249	0.000000
985	-1	3370	100.029674	0.000000
986	-1	2164	100.046211	0.000000
987	-1	3724	100.026853	0.000000
988	-1	2609	100.038329	0.000000
989	-1	2884	100.034674	0.000000
990	-1	3078	100.032489	0.000000
991	-1	3221	100.031046	0.000000
992	-1	2196	100.045537	0.000000
993	-1	3528	100.028345	0.000000
994	-1	2741	100.036483	0.000000
995	-1	3338	100.029958	0.000000
996	-1	3213	100.031124	0.000000
997	-1	3125	100.032000	0.000000
998	-1	3468	100.028835	0.000000
999	-1	3202	100.031230	0.000000
1000	-1	5738	100.017428	0.000000
================= Summary =================
Time  avg max:	0.055084	54.588383
Error avg max:	99.927217	100.055006
